1305031790.640468 0 0 0 0 0 0 1
1305031790.672866 0.0043951 0.00871044 0.00181512 -0.00920748 0.000263373 0.00323047 0.999952
1305031790.709421 0.0094167 0.0158534 0.00340896 -0.0195767 6.52763e-05 0.00618713 0.999789
1305031790.739530 0.0139956 0.0210279 0.00512759 -0.0293187 0.000426374 0.0097713 0.999522
1305031790.773548 0.0196506 0.0287658 0.00532633 -0.0376409 0.00139667 0.016238 0.999158
1305031790.809521 0.0263851 0.0377487 0.00631263 -0.0474645 0.00214982 0.0233067 0.998599
1305031790.839363 0.0333654 0.0435277 0.00687528 -0.0602316 0.00301444 0.0304749 0.997715
1305031790.871606 0.0403954 0.0477337 0.00804691 -0.0718262 0.00492673 0.0367443 0.996728
1305031790.909436 0.0451942 0.0529963 0.00761733 -0.0805858 0.00965925 0.0456644 0.995654
1305031790.941495 0.0498878 0.0561146 0.00729993 -0.0873068 0.0150516 0.053466 0.994632
1305031790.973696 0.051994 0.0580091 0.00837886 -0.0912949 0.020951 0.0628648 0.993617
1305031791.009486 0.0537939 0.0589657 0.00721578 -0.0907004 0.0264898 0.0750166 0.992695
1305031791.041197 0.0572807 0.0553556 0.00248977 -0.0844244 0.0330856 0.0869406 0.992078
1305031791.073525 0.0623049 0.0492931 -0.000801345 -0.0749583 0.0423744 0.0942413 0.991819
1305031791.109452 0.065886 0.0439181 -0.00441466 -0.0598982 0.0553462 0.103488 0.991282
1305031791.141330 0.0697369 0.0376627 -0.0154356 -0.0367354 0.0725031 0.107859 0.990838
1305031791.173227 0.0709028 0.0392778 -0.0223184 -0.00890168 0.0931995 0.110541 0.989452
1305031791.209506 0.0730771 0.0276566 -0.0315215 0.0144636 0.113424 0.110941 0.987227
1305031791.241091 0.070361 0.0183336 -0.0452365 0.0429613 0.13564 0.110407 0.98365
1305031791.273558 0.0658729 0.0210954 -0.0539795 0.0703172 0.15684 0.113633 0.978542
1305031791.309764 0.0645757 0.0124683 -0.0614409 0.0964566 0.178067 0.117112 0.972252
1305031791.341415 0.0579219 0.00758457 -0.0698728 0.12567 0.199836 0.119567 0.964353
1305031791.373525 0.0517191 0.00414789 -0.0750161 0.149447 0.218858 0.124942 0.956115
1305031791.409609 0.0446452 -0.00364833 -0.0783143 0.174371 0.234466 0.132489 0.947136
1305031791.441538 0.0354764 -0.00545378 -0.0834157 0.203048 0.246939 0.13896 0.937274
1305031791.473230 0.0304721 -0.0129314 -0.0914252 0.224561 0.256727 0.146536 0.928542
1305031791.509595 0.0259355 -0.025961 -0.0987789 0.243114 0.263975 0.150586 0.92116
1305031791.541450 0.0175322 -0.0404181 -0.107472 0.261237 0.271207 0.151359 0.913943
1305031791.574034 0.010595 -0.0477244 -0.114614 0.277832 0.278489 0.152258 0.906681
1305031791.609401 0.0085195 -0.0627325 -0.123449 0.289979 0.284741 0.152573 0.900864
1305031791.641229 0.00146983 -0.0748885 -0.131228 0.30494 0.291869 0.148302 0.894333
1305031791.677621 -0.0073282 -0.0816714 -0.134803 0.324085 0.29944 0.144853 0.88562
1305031791.709275 -0.0154063 -0.0861895 -0.141632 0.34432 0.308142 0.142939 0.875249
1305031791.741364 -0.0262343 -0.0918141 -0.147971 0.36215 0.318419 0.140685 0.864676
1305031791.776668 -0.0324971 -0.0945663 -0.153768 0.380375 0.327996 0.138186 0.853603
1305031791.808429 -0.0386856 -0.0992431 -0.164462 0.398114 0.33825 0.135333 0.841889
1305031791.840375 -0.0540605 -0.10655 -0.175971 0.414452 0.350175 0.133684 0.829298
1305031791.876494 -0.0681579 -0.112806 -0.183881 0.429795 0.361237 0.132446 0.816849
1305031791.908433 -0.0778949 -0.122217 -0.206845 0.440408 0.367745 0.132788 0.80819
1305031791.944357 -0.0840642 -0.124507 -0.21263 0.45554 0.37274 0.131299 0.79769
1305031791.977200 -0.0937426 -0.12924 -0.221107 0.468675 0.378567 0.129287 0.787601
1305031792.005506 -0.0933838 -0.130964 -0.229907 0.481498 0.382918 0.125118 0.778383
1305031792.041730 -0.107669 -0.139511 -0.237936 0.492161 0.389256 0.121308 0.769117
1305031792.076713 -0.123127 -0.150608 -0.235561 0.500134 0.395402 0.118521 0.761233
1305031792.109497 -0.130855 -0.159349 -0.248029 0.504668 0.399595 0.116458 0.756354
1305031792.141484 -0.137017 -0.162606 -0.252203 0.511302 0.402296 0.114341 0.750769
1305031792.177376 -0.139399 -0.164205 -0.253696 0.517081 0.404519 0.11102 0.746101
1305031792.209274 -0.142828 -0.16878 -0.265656 0.519122 0.407837 0.106655 0.743509
1305031792.241751 -0.147666 -0.170213 -0.270656 0.522726 0.410397 0.103414 0.740025
1305031792.277507 -0.150743 -0.171667 -0.274792 0.524686 0.410812 0.102628 0.738515
1305031792.309357 -0.151608 -0.169043 -0.276197 0.525392 0.410233 0.101707 0.738464
1305031792.341029 -0.15041 -0.162304 -0.270825 0.524846 0.409138 0.101626 0.739469
1305031792.377088 -0.148688 -0.159411 -0.264575 0.519915 0.408963 0.104199 0.742685
1305031792.409323 -0.148201 -0.158568 -0.267599 0.51112 0.408314 0.110615 0.748198
1305031792.441590 -0.1462 -0.152425 -0.264098 0.502856 0.407016 0.116757 0.753553
1305031792.477100 -0.143009 -0.148951 -0.259524 0.494121 0.404278 0.124939 0.759469
1305031792.509589 -0.141871 -0.145324 -0.254238 0.483479 0.401193 0.135088 0.766188
1305031792.541061 -0.135132 -0.13985 -0.253378 0.470395 0.397101 0.144896 0.774626
1305031792.577055 -0.127237 -0.13079 -0.248551 0.456821 0.394491 0.153877 0.782313
1305031792.609388 -0.119755 -0.124024 -0.249338 0.441305 0.392512 0.162609 0.790407
1305031792.641219 -0.1078 -0.114226 -0.24894 0.425575 0.391735 0.168754 0.798092
1305031792.677662 -0.105285 -0.107333 -0.243856 0.410227 0.392805 0.175928 0.804032
1305031792.709219 -0.0994886 -0.101026 -0.241245 0.394182 0.39238 0.182641 0.810741
1305031792.741510 -0.091111 -0.0939991 -0.241219 0.377803 0.390429 0.188541 0.818097
1305031792.777507 -0.0843334 -0.082514 -0.234128 0.363968 0.387771 0.195042 0.824087
1305031792.809440 -0.0772695 -0.0749695 -0.229001 0.348989 0.385868 0.203028 0.829513
1305031792.845359 -0.0710559 -0.0633447 -0.219163 0.336069 0.384657 0.210674 0.833495
1305031792.877574 -0.0661407 -0.0525689 -0.212391 0.322721 0.383987 0.218112 0.837157
1305031792.909293 -0.0562927 -0.0432372 -0.210934 0.309459 0.381163 0.227694 0.840896
1305031792.945340 -0.0476746 -0.0327448 -0.206088 0.297587 0.376606 0.238307 0.844286
1305031792.977564 -0.0436801 -0.0237005 -0.197769 0.285461 0.371909 0.250035 0.847159
1305031793.009530 -0.0400343 -0.011653 -0.186407 0.273794 0.367191 0.26157 0.849582
1305031793.045243 -0.0350677 -0.00286632 -0.181356 0.262736 0.363185 0.272414 0.851385
1305031793.077518 -0.0312221 0.00782748 -0.174949 0.253305 0.361725 0.281788 0.851814
1305031793.109651 -0.0280471 0.0190532 -0.168056 0.243794 0.363111 0.290143 0.851194
1305031793.145401 -0.0243566 0.0318946 -0.161579 0.235511 0.366009 0.297684 0.84968
1305031793.177537 -0.0206533 0.0363003 -0.158632 0.22554 0.369466 0.305217 0.848215
1305031793.209609 -0.0161157 0.0464168 -0.15485 0.216151 0.37303 0.311964 0.846644
1305031793.245617 -0.0121934 0.0543429 -0.15203 0.205786 0.376849 0.318928 0.844939
1305031793.277180 -0.00916777 0.0635695 -0.147595 0.195907 0.38034 0.325626 0.843167
1305031793.309399 -0.0076055 0.0725032 -0.141773 0.186525 0.383722 0.332846 0.84094
1305031793.345594 -0.00488461 0.0769482 -0.137956 0.176508 0.385608 0.341946 0.838585
1305031793.377232 -0.00318632 0.0868933 -0.13064 0.168072 0.386651 0.350102 0.836469
1305031793.405708 -0.00176986 0.0971196 -0.120826 0.160055 0.387763 0.357556 0.834372
1305031793.442259 -0.00200441 0.107649 -0.111038 0.152009 0.389713 0.365009 0.831736
1305031793.474150 -0.00204035 0.115016 -0.10133 0.143111 0.391786 0.37395 0.828363
1305031793.507244 -0.00064701 0.121814 -0.090698 0.134728 0.393151 0.383647 0.824679
1305031793.545400 0.000355734 0.126138 -0.080183 0.125859 0.394071 0.392937 0.82126
1305031793.577186 0.00140209 0.128837 -0.0700893 0.116576 0.394429 0.404438 0.816864
1305031793.609703 0.00234384 0.134442 -0.0599897 0.108762 0.393669 0.418235 0.811342
1305031793.645429 -0.000246858 0.137219 -0.046979 0.100541 0.393185 0.431369 0.805741
1305031793.677435 -0.0024823 0.144604 -0.0351894 0.0925491 0.392147 0.442405 0.801207
1305031793.709532 -0.00308459 0.148996 -0.0246829 0.0838549 0.390521 0.454441 0.796207
1305031793.745574 -0.00262116 0.15465 -0.0165349 0.0756472 0.38776 0.46636 0.791472
1305031793.777364 -0.00106754 0.159256 -0.00690826 0.0662785 0.385165 0.476996 0.787229
1305031793.809469 -0.000194506 0.161525 0.00208331 0.0566227 0.383139 0.487211 0.782703
1305031793.844756 0.00727717 0.16219 0.00532341 0.0478894 0.380573 0.497317 0.778169
1305031793.876455 0.0116668 0.163961 0.00890168 0.0405091 0.379355 0.506528 0.773225
1305031793.908753 0.0108692 0.164018 0.0147287 0.0346239 0.379448 0.515687 0.76739
1305031793.946431 0.0129899 0.163213 0.0195643 0.0286056 0.377902 0.524179 0.762632
1305031793.976745 0.0164198 0.167047 0.0196345 0.0231726 0.3752 0.530743 0.759605
1305031794.009162 0.0169104 0.168088 0.0221837 0.019118 0.374285 0.538056 0.755011
1305031794.044747 0.0186879 0.167618 0.0234529 0.015999 0.374614 0.544284 0.750442
1305031794.076455 0.0207929 0.167066 0.0224742 0.0144849 0.375424 0.548968 0.746647
1305031794.112475 0.025375 0.164837 0.019692 0.0133209 0.374794 0.553128 0.74391
1305031794.145599 0.0304321 0.164719 0.015295 0.0140316 0.374474 0.556016 0.741902
1305031794.177734 0.0342813 0.163376 0.0110667 0.0161387 0.376787 0.556806 0.740093
1305031794.213866 0.0404712 0.159698 0.00433827 0.018784 0.380074 0.556172 0.738826
1305031794.245539 0.0473359 0.151196 -0.00407006 0.0223365 0.385765 0.555042 0.736624
1305031794.277346 0.0484383 0.143949 -0.00944871 0.029555 0.394104 0.551197 0.734841
1305031794.313708 0.0515969 0.137927 -0.0174007 0.0371735 0.402597 0.545933 0.733819
1305031794.345350 0.0543977 0.128684 -0.0252032 0.04558 0.41184 0.540161 0.732487
1305031794.377641 0.057378 0.119909 -0.035584 0.0558526 0.421214 0.532451 0.73209
1305031794.414154 0.054012 0.119166 -0.0429737 0.0676862 0.431282 0.52235 0.732506
1305031794.445415 0.0536815 0.113177 -0.049106 0.0757587 0.439453 0.513743 0.732946
1305031794.477731 0.0583285 0.105351 -0.0648517 0.0852596 0.444507 0.508242 0.73269
1305031794.513643 0.0562995 0.101815 -0.07606 0.0989241 0.450957 0.502513 0.73098
1305031794.545650 0.0546234 0.101118 -0.0863198 0.111326 0.457095 0.49689 0.729226
1305031794.577340 0.0565376 0.0910462 -0.0968492 0.120658 0.465742 0.4923 0.725373
1305031794.613627 0.0573626 0.0840752 -0.112056 0.130316 0.47603 0.486351 0.721025
1305031794.645569 0.0550555 0.0795484 -0.120391 0.1408 0.490016 0.47875 0.714744
1305031794.677507 0.0521929 0.0709375 -0.131152 0.148842 0.506027 0.470768 0.70722
1305031794.713599 0.0488168 0.0650245 -0.139682 0.156769 0.523763 0.462283 0.698134
1305031794.745368 0.0465211 0.0583025 -0.147457 0.165974 0.544159 0.453714 0.68592
1305031794.776816 0.0399712 0.0539979 -0.155444 0.176426 0.567691 0.442484 0.671423
1305031794.813463 0.0350307 0.0492632 -0.166421 0.186346 0.591062 0.430195 0.656394
1305031794.846026 0.0288571 0.0430045 -0.174419 0.195275 0.613686 0.416705 0.641572
1305031794.873764 0.0232583 0.0386849 -0.187979 0.204569 0.633971 0.402979 0.627567
1305031794.910108 0.0143925 0.0325458 -0.200916 0.215032 0.652845 0.388875 0.613458
1305031794.945596 0.00554381 0.0242303 -0.211663 0.224452 0.6698 0.375164 0.600201
1305031794.977250 -0.00190574 0.0187429 -0.217524 0.231137 0.685161 0.362103 0.588228
1305031795.013538 -0.0108294 0.0141294 -0.227984 0.238341 0.696531 0.352853 0.577523
1305031795.045683 -0.0195374 0.0112305 -0.240875 0.244232 0.704511 0.347221 0.568729
1305031795.077205 -0.0267785 0.00603419 -0.257694 0.246739 0.71018 0.344933 0.561948
1305031795.113230 -0.0297943 -0.00421054 -0.274952 0.251385 0.718207 0.340255 0.552458
1305031795.145139 -0.0366142 -0.0153462 -0.286434 0.260084 0.728926 0.330122 0.540409
1305031795.177574 -0.0475032 -0.0203544 -0.296395 0.269734 0.738644 0.320705 0.528013
1305031795.213517 -0.0549314 -0.024487 -0.302412 0.278241 0.747216 0.313743 0.515573
1305031795.245440 -0.0631665 -0.0269721 -0.312979 0.288249 0.753156 0.307501 0.505086
1305031795.277594 -0.0723797 -0.0342021 -0.322918 0.295664 0.758936 0.301349 0.49577
1305031795.312820 -0.0800519 -0.0410346 -0.334584 0.301157 0.76523 0.295402 0.486276
1305031795.345404 -0.0886171 -0.0463129 -0.344221 0.304819 0.772875 0.287854 0.476329
1305031795.381033 -0.0987593 -0.0503877 -0.355653 0.305875 0.781929 0.279969 0.46545
1305031795.413248 -0.106646 -0.0436832 -0.361894 0.307116 0.792037 0.272196 0.451959
1305031795.444944 -0.114129 -0.0357248 -0.36894 0.308512 0.800666 0.267746 0.438254
1305031795.480855 -0.118016 -0.0270893 -0.371668 0.310967 0.807772 0.264969 0.424966
1305031795.509058 -0.120558 -0.0235501 -0.371003 0.312199 0.815088 0.261667 0.411939
1305031795.543822 -0.12417 -0.0247449 -0.372761 0.312799 0.821501 0.259521 0.399927
1305031795.580571 -0.124216 -0.0238181 -0.373657 0.31236 0.827532 0.256218 0.389839
1305031795.612694 -0.119924 -0.0274052 -0.370184 0.309718 0.834641 0.252093 0.37934
1305031795.644499 -0.123064 -0.0198249 -0.374339 0.308857 0.840662 0.246353 0.370412
1305031795.680455 -0.118717 -0.0226333 -0.366994 0.309 0.847374 0.241318 0.358109
1305031795.713145 -0.120047 -0.0165994 -0.36453 0.308495 0.851067 0.239692 0.350805
1305031795.745356 -0.119293 -0.0149456 -0.365426 0.304098 0.853788 0.24285 0.345825
1305031795.781187 -0.111968 -0.00358637 -0.359494 0.297407 0.857256 0.247472 0.339734
1305031795.812774 -0.109396 0.00652557 -0.357753 0.29309 0.858804 0.256091 0.333125
1305031795.844570 -0.101387 0.0140553 -0.350872 0.290056 0.858186 0.268948 0.327186
1305031795.880527 -0.0906464 0.021372 -0.345407 0.285728 0.856049 0.283505 0.324291
1305031795.909127 -0.0822479 0.0284149 -0.343128 0.281818 0.85271 0.298431 0.323116
1305031795.944316 -0.0735101 0.0396239 -0.338023 0.277145 0.849267 0.312636 0.322793
1305031795.980897 -0.0602526 0.0532558 -0.324512 0.270183 0.846441 0.327268 0.321612
1305031796.012654 -0.0508381 0.0620127 -0.32216 0.262807 0.843073 0.343049 0.32012
1305031796.045068 -0.0414943 0.066805 -0.321135 0.25733 0.838632 0.360281 0.317294
1305031796.081241 -0.0318708 0.0756482 -0.315177 0.251743 0.833214 0.37747 0.316065
1305031796.113736 -0.022032 0.0857887 -0.311884 0.246649 0.826568 0.395718 0.315211
1305031796.145545 -0.0137383 0.0903027 -0.314777 0.240915 0.8196 0.414209 0.314081
1305031796.179196 -0.00651242 0.101003 -0.309054 0.23696 0.81385 0.429674 0.311254
1305031796.212249 -0.00330289 0.111428 -0.306423 0.231389 0.807684 0.445557 0.309168
1305031796.244465 -8.66851e-05 0.119694 -0.307019 0.225322 0.802581 0.460368 0.305213
1305031796.280467 0.00397911 0.12524 -0.301952 0.221335 0.798551 0.473789 0.298079
1305031796.312376 0.0071321 0.132662 -0.292249 0.217275 0.793756 0.486976 0.29257
1305031796.342290 0.00861208 0.13983 -0.287743 0.212586 0.786962 0.501779 0.289336
1305031796.380122 0.00900577 0.147499 -0.280827 0.20944 0.781106 0.514022 0.285989
1305031796.411800 0.0115499 0.154972 -0.264881 0.205608 0.776062 0.525338 0.28191
1305031796.444268 0.0127268 0.159142 -0.259134 0.201496 0.767619 0.540683 0.278966
1305031796.481198 0.012103 0.163597 -0.256479 0.197301 0.76048 0.55297 0.27743
1305031796.512896 0.0129301 0.168887 -0.243621 0.191473 0.755974 0.562088 0.275496
1305031796.544633 0.0137528 0.17415 -0.234062 0.185365 0.749281 0.57421 0.27295
1305031796.581150 0.0149793 0.1781 -0.226472 0.180954 0.742131 0.586275 0.269775
1305031796.613198 0.0151629 0.181686 -0.215451 0.178135 0.73419 0.598032 0.267564
1305031796.649045 0.0143153 0.186705 -0.205018 0.174742 0.724227 0.610719 0.268296
1305031796.679446 0.0130166 0.194097 -0.197102 0.17173 0.713683 0.623023 0.270201
1305031796.712815 0.0104453 0.200111 -0.189109 0.169828 0.704024 0.634328 0.270436
1305031796.749489 0.00818295 0.205778 -0.179734 0.167454 0.695568 0.644464 0.269835
1305031796.781421 0.00569161 0.211401 -0.168031 0.164894 0.686935 0.654369 0.269687
1305031796.813561 0.00312936 0.217442 -0.159091 0.163728 0.67693 0.665367 0.268786
1305031796.849638 0.000234048 0.223539 -0.151823 0.163866 0.667565 0.675135 0.267765
1305031796.877643 -0.00387904 0.228479 -0.140913 0.163154 0.658631 0.683624 0.268783
1305031796.913380 -0.0069974 0.234936 -0.131058 0.162183 0.647501 0.693915 0.27004
1305031796.949604 -0.011182 0.241229 -0.122999 0.16184 0.637231 0.703078 0.270972
1305031796.980992 -0.0152096 0.245759 -0.112587 0.160956 0.628489 0.710838 0.271668
1305031797.013555 -0.0190379 0.251276 -0.10292 0.158857 0.620317 0.718403 0.271787
1305031797.049352 -0.0233452 0.254666 -0.0952463 0.155611 0.612842 0.725737 0.271137
1305031797.081428 -0.0272825 0.257663 -0.0877585 0.15189 0.605735 0.732692 0.270514
1305031797.112264 -0.0310891 0.260144 -0.0813139 0.148176 0.598589 0.739518 0.269903
1305031797.149559 -0.0363086 0.263043 -0.0744482 0.146606 0.590723 0.746741 0.268197
1305031797.181442 -0.0419642 0.267121 -0.0691051 0.146905 0.581739 0.754696 0.26539
1305031797.213717 -0.0478226 0.270505 -0.0641242 0.148104 0.572256 0.762189 0.263923
1305031797.249736 -0.0534087 0.27356 -0.0597338 0.149569 0.561648 0.769889 0.263538
1305031797.281280 -0.0602006 0.277278 -0.0526705 0.151843 0.552483 0.775949 0.263834
1305031797.313591 -0.0666245 0.278852 -0.0460551 0.152696 0.545541 0.780193 0.26527
1305031797.349653 -0.0720692 0.281181 -0.0412109 0.152403 0.539295 0.784716 0.264867
1305031797.381725 -0.0776524 0.283286 -0.0378811 0.151993 0.533412 0.789296 0.263404
1305031797.413444 -0.0831252 0.286124 -0.0346257 0.152473 0.528394 0.793235 0.2614
1305031797.449459 -0.0883197 0.288441 -0.0329578 0.15339 0.524615 0.796207 0.259432
1305031797.481250 -0.0929986 0.290781 -0.031552 0.155151 0.521814 0.798448 0.257135
1305031797.511821 -0.0964763 0.293242 -0.0320048 0.157049 0.519404 0.800313 0.255058
1305031797.549595 -0.100456 0.296467 -0.0338143 0.159574 0.519907 0.799927 0.253672
1305031797.577492 -0.103894 0.296551 -0.035555 0.162598 0.526409 0.795774 0.251396
1305031797.613482 -0.108068 0.296945 -0.0406623 0.166946 0.535392 0.790613 0.245797
1305031797.649463 -0.111592 0.299143 -0.0473372 0.171209 0.546747 0.784089 0.238659
1305031797.681494 -0.114771 0.297021 -0.056568 0.174206 0.560536 0.775596 0.23217
1305031797.711478 -0.118474 0.292966 -0.0629668 0.174425 0.576554 0.765323 0.226807
1305031797.749330 -0.123993 0.291313 -0.0719854 0.173221 0.591918 0.755245 0.221883
1305031797.781348 -0.127447 0.284843 -0.0787147 0.168445 0.60893 0.744429 0.215998
1305031797.815855 -0.131435 0.281834 -0.0871997 0.164307 0.623036 0.735348 0.20998
1305031797.849306 -0.134715 0.278866 -0.097871 0.161883 0.636992 0.725773 0.203198
1305031797.877576 -0.138578 0.27427 -0.110119 0.160659 0.651629 0.715532 0.193864
1305031797.917116 -0.141079 0.269238 -0.118626 0.160352 0.667213 0.704259 0.182024
1305031797.949871 -0.144459 0.267205 -0.131271 0.160527 0.682867 0.691947 0.170682
1305031797.981971 -0.147454 0.261957 -0.141908 0.160314 0.699859 0.677769 0.158508
1305031798.015269 -0.15406 0.258227 -0.152602 0.159863 0.716212 0.663353 0.14645
1305031798.049495 -0.15789 0.254846 -0.161944 0.16011 0.731211 0.649554 0.133325
1305031798.081417 -0.160136 0.250269 -0.173733 0.159306 0.745139 0.636136 0.121329
1305031798.114860 -0.161842 0.244593 -0.183825 0.158113 0.75909 0.622066 0.108705
1305031798.149092 -0.163595 0.23912 -0.193897 0.157806 0.770761 0.609775 0.0959169
1305031798.180856 -0.163972 0.23307 -0.202395 0.157878 0.780413 0.599096 0.0843496
1305031798.216938 -0.164722 0.228208 -0.213715 0.156856 0.788498 0.590022 0.0744323
1305031798.249843 -0.167618 0.222845 -0.225863 0.154156 0.797364 0.580016 0.0634703
1305031798.277285 -0.167567 0.217272 -0.233282 0.151245 0.807124 0.568461 0.0502776
1305031798.317008 -0.164989 0.211704 -0.240925 0.148176 0.816061 0.557389 0.0374896
1305031798.349326 -0.161084 0.205738 -0.247583 0.146226 0.824987 0.545322 0.0252527
1305031798.381412 -0.159119 0.199322 -0.252381 0.143513 0.833614 0.533179 0.0145524
1305031798.417238 -0.158079 0.193785 -0.258102 0.139791 0.841444 0.521937 0.00353203
1305031798.449066 -0.155491 0.190015 -0.262183 0.13764 0.849199 0.509731 -0.00946133
1305031798.481517 -0.151894 0.184895 -0.265843 0.135804 0.857371 0.495965 -0.0221755
1305031798.517491 -0.15092 0.177596 -0.274207 0.132379 0.864664 0.483476 -0.032901
1305031798.548782 -0.148642 0.172699 -0.279531 0.128055 0.871235 0.471764 -0.044606
1305031798.581190 -0.147025 0.165597 -0.289127 0.125373 0.877029 0.460266 -0.0570691
1305031798.616969 -0.143649 0.161177 -0.29243 0.124696 0.883105 0.446811 -0.0702557
1305031798.649387 -0.147213 0.153917 -0.298521 0.124886 0.88756 0.435654 -0.0827419
1305031798.681173 -0.144282 0.14908 -0.303294 0.125853 0.891341 0.424591 -0.0969247
1305031798.717545 -0.14292 0.141944 -0.310275 0.127348 0.894914 0.412889 -0.11151
1305031798.749417 -0.140653 0.134516 -0.315112 0.128093 0.899019 0.399609 -0.125176
1305031798.780379 -0.136421 0.127863 -0.319016 0.125656 0.903457 0.38672 -0.135735
1305031798.816718 -0.136738 0.116334 -0.329036 0.120223 0.908048 0.374373 -0.144363
1305031798.848499 -0.135693 0.106845 -0.334821 0.115104 0.912718 0.361 -0.152891
1305031798.880461 -0.131402 0.0978933 -0.34118 0.110433 0.916723 0.34847 -0.161223
1305031798.916769 -0.133468 0.0834018 -0.347669 0.106957 0.920178 0.338224 -0.165644
1305031798.948386 -0.128236 0.0738519 -0.351387 0.101718 0.923265 0.329403 -0.169498
1305031798.977548 -0.130825 0.0676216 -0.352776 0.0978955 0.926185 0.320569 -0.172721
1305031799.016423 -0.13496 0.0530882 -0.358513 0.09379 0.928797 0.312474 -0.175781
1305031799.048165 -0.140205 0.0442544 -0.357825 0.0875276 0.931508 0.304429 -0.178759
1305031799.084229 -0.145029 0.0322059 -0.360679 0.0800404 0.932896 0.299689 -0.182986
1305031799.116275 -0.146021 0.0231463 -0.361506 0.0733049 0.933666 0.295682 -0.188323
1305031799.148353 -0.148012 0.0116841 -0.364135 0.0676482 0.933777 0.293446 -0.193322
1305031799.184133 -0.149282 0.00342099 -0.364607 0.0648673 0.933673 0.291201 -0.198112
1305031799.216330 -0.153659 -0.00303225 -0.361661 0.0660163 0.933086 0.290102 -0.202074
1305031799.248919 -0.159253 -0.00580406 -0.357816 0.0656732 0.932166 0.291119 -0.204946
1305031799.282109 -0.161791 -0.0105964 -0.354586 0.0636722 0.930824 0.293052 -0.208884
1305031799.317052 -0.165069 -0.00974231 -0.347964 0.061067 0.929482 0.294561 -0.213464
1305031799.345225 -0.169706 -0.00400516 -0.335116 0.0572849 0.928506 0.295617 -0.21727
1305031799.385836 -0.170189 -0.00601821 -0.329357 0.0550769 0.926424 0.298561 -0.222636
1305031799.417030 -0.175328 -0.00850235 -0.321132 0.0558787 0.924009 0.302871 -0.226615
1305031799.449416 -0.180249 -0.00816295 -0.312618 0.0566607 0.920969 0.310487 -0.22848
1305031799.485270 -0.182804 -0.00453574 -0.303826 0.0565971 0.917212 0.320344 -0.229998
1305031799.517032 -0.187637 -0.000168616 -0.294008 0.0571336 0.912978 0.331276 -0.23122
1305031799.548193 -0.190131 0.00405165 -0.283954 0.0571576 0.908379 0.342951 -0.232305
1305031799.581386 -0.184916 0.0130354 -0.276071 0.0573307 0.902906 0.355396 -0.234878
1305031799.617188 -0.188186 0.0179191 -0.266326 0.0594065 0.897253 0.368365 -0.236041
1305031799.649673 -0.191909 0.0249694 -0.254608 0.0630689 0.891987 0.379847 -0.236852
1305031799.685493 -0.19477 0.0315095 -0.240129 0.0672591 0.886413 0.391855 -0.237062
1305031799.717286 -0.195417 0.0382031 -0.229891 0.0707315 0.879924 0.405713 -0.236914
1305031799.749321 -0.199053 0.0427849 -0.221244 0.0750468 0.873637 0.418619 -0.236399
1305031799.785018 -0.199986 0.049617 -0.208367 0.0805849 0.867499 0.430214 -0.236363
1305031799.814639 -0.199767 0.058127 -0.197128 0.0858689 0.860678 0.442925 -0.235959
1305031799.849553 -0.197306 0.0683839 -0.182503 0.0912211 0.854034 0.454587 -0.235913
1305031799.885163 -0.196479 0.078798 -0.168116 0.0964883 0.847381 0.465799 -0.235939
1305031799.916952 -0.189092 0.0886726 -0.154851 0.0991188 0.840019 0.478593 -0.235569
1305031799.949350 -0.187334 0.0987611 -0.145946 0.102209 0.831476 0.492278 -0.236354
1305031799.985260 -0.185287 0.108315 -0.136186 0.107509 0.823157 0.504226 -0.237929
1305031800.017573 -0.183542 0.117477 -0.126498 0.11289 0.814763 0.516496 -0.23801
1305031800.049428 -0.183843 0.125514 -0.119084 0.118305 0.805721 0.529544 -0.237487
1305031800.085033 -0.182698 0.133883 -0.108795 0.123153 0.79733 0.541064 -0.237377
1305031800.117205 -0.181364 0.14232 -0.0996602 0.125933 0.788725 0.552993 -0.237176
1305031800.149430 -0.181171 0.151503 -0.0917666 0.12784 0.779427 0.564941 -0.238731
1305031800.185401 -0.179689 0.15892 -0.082428 0.129196 0.770351 0.575272 -0.242755
1305031800.217472 -0.176566 0.167615 -0.0698423 0.13245 0.760779 0.585454 -0.24681
1305031800.249376 -0.174325 0.177336 -0.0602603 0.137582 0.749739 0.597465 -0.248997
1305031800.285574 -0.1721 0.184817 -0.0518626 0.142049 0.738609 0.609752 -0.249963
1305031800.317706 -0.171329 0.192567 -0.0441254 0.145415 0.727389 0.62199 -0.250774
1305031800.353570 -0.16892 0.20131 -0.0353536 0.149195 0.715845 0.633108 -0.25393
1305031800.386128 -0.166533 0.209088 -0.0269396 0.152159 0.704034 0.644332 -0.256944
1305031800.417282 -0.164648 0.218448 -0.0201182 0.155769 0.692302 0.654572 -0.260749
1305031800.453754 -0.160907 0.226253 -0.0148481 0.159323 0.68001 0.664917 -0.264741
1305031800.485575 -0.159125 0.233694 -0.0100857 0.163687 0.668358 0.673933 -0.26892
1305031800.517739 -0.157088 0.240324 -0.0043265 0.169342 0.65721 0.68154 -0.273682
1305031800.553340 -0.155554 0.24653 0.000390958 0.174759 0.64607 0.688864 -0.278421
1305031800.585490 -0.154116 0.252213 0.00380684 0.177775 0.635815 0.696075 -0.28216
1305031800.617831 -0.152834 0.257305 0.00733813 0.180093 0.625934 0.702965 -0.285682
1305031800.653624 -0.151251 0.263228 0.0101924 0.18308 0.616014 0.709575 -0.288983
1305031800.685405 -0.148992 0.268805 0.0129188 0.18685 0.606983 0.715043 -0.292185
1305031800.713947 -0.147298 0.273406 0.0150331 0.191 0.598672 0.71961 -0.29542
1305031800.753166 -0.14646 0.279087 0.015832 0.194781 0.591384 0.723519 -0.298071
1305031800.784054 -0.149681 0.284229 0.0133742 0.198387 0.58498 0.726054 -0.302137
1305031800.816096 -0.152908 0.289841 0.00751353 0.200629 0.580424 0.726455 -0.308413
1305031800.853919 -0.160005 0.295401 -0.000240924 0.200885 0.579615 0.724077 -0.315285
1305031800.885396 -0.161092 0.298033 -0.00724813 0.19815 0.582701 0.717583 -0.325993
1305031800.917427 -0.163426 0.298189 -0.0135169 0.19565 0.58711 0.709942 -0.336163
1305031800.953700 -0.168615 0.303323 -0.0246977 0.190678 0.594448 0.699682 -0.347447
1305031800.985467 -0.174912 0.302027 -0.0343747 0.182919 0.60702 0.684826 -0.359278
1305031801.017256 -0.181819 0.298512 -0.0435576 0.17293 0.619732 0.67023 -0.369891
1305031801.053202 -0.186766 0.293271 -0.0499088 0.163193 0.632074 0.653585 -0.382986
1305031801.085709 -0.190657 0.28652 -0.0586051 0.151038 0.645357 0.636296 -0.394751
1305031801.117929 -0.194092 0.282258 -0.0668521 0.136211 0.657491 0.621431 -0.403702
1305031801.149557 -0.20264 0.27506 -0.0764529 0.122347 0.667554 0.60727 -0.413071
1305031801.183875 -0.20769 0.268764 -0.087197 0.106262 0.678498 0.591083 -0.423048
1305031801.213176 -0.214346 0.260996 -0.0985326 0.0916792 0.688811 0.573776 -0.433493
1305031801.253746 -0.224601 0.2472 -0.11497 0.0792105 0.697169 0.558538 -0.442399
1305031801.285341 -0.228176 0.237885 -0.130533 0.0682814 0.704861 0.54417 -0.449876
1305031801.318014 -0.23408 0.226703 -0.144993 0.0572559 0.712731 0.530584 -0.45521
1305031801.353094 -0.23638 0.215105 -0.161279 0.0470998 0.71909 0.517607 -0.461274
1305031801.385194 -0.241225 0.201612 -0.17865 0.0382797 0.723938 0.506611 -0.466684
1305031801.417407 -0.243691 0.191397 -0.191224 0.0289801 0.729626 0.495611 -0.470294
1305031801.453727 -0.250543 0.177945 -0.201929 0.0224311 0.734997 0.485557 -0.47277
1305031801.485350 -0.253699 0.168982 -0.210909 0.0158119 0.740627 0.474233 -0.475737
1305031801.521131 -0.257285 0.156593 -0.226628 0.0113028 0.745944 0.462807 -0.478799
1305031801.550374 -0.257116 0.15 -0.23294 0.00523715 0.752747 0.450494 -0.479999
1305031801.585137 -0.260828 0.139627 -0.238995 -0.000796324 0.759509 0.438916 -0.480103
1305031801.621227 -0.264524 0.130001 -0.244567 -0.00704241 0.766433 0.426178 -0.480523
1305031801.653135 -0.263354 0.125021 -0.24943 -0.0143693 0.773607 0.410969 -0.48211
1305031801.685234 -0.267426 0.115357 -0.256194 -0.0223432 0.781097 0.395927 -0.482318
1305031801.721833 -0.269813 0.104502 -0.264012 -0.0326351 0.787835 0.381881 -0.482096
1305031801.752492 -0.272409 0.0917431 -0.270528 -0.0419593 0.794551 0.367357 -0.48164
1305031801.785189 -0.269425 0.0867337 -0.27513 -0.0527482 0.800731 0.352674 -0.48132
1305031801.821431 -0.271538 0.0781378 -0.278073 -0.0636231 0.80518 0.340586 -0.481289
1305031801.851024 -0.272172 0.0671149 -0.283634 -0.0731066 0.809001 0.327577 -0.482562
1305031801.885594 -0.274328 0.0539022 -0.287064 -0.0810113 0.813493 0.313948 -0.482807
1305031801.921490 -0.271294 0.0507332 -0.291316 -0.0886164 0.817018 0.300844 -0.483861
1305031801.953537 -0.270615 0.0463725 -0.294467 -0.0929353 0.820631 0.289779 -0.483689
1305031801.985210 -0.273653 0.0390061 -0.295886 -0.0952315 0.824464 0.280385 -0.482259
1305031802.019644 -0.278596 0.0281499 -0.298004 -0.0953812 0.827834 0.271322 -0.481641
1305031802.053402 -0.282266 0.0213278 -0.296652 -0.0974153 0.830823 0.261166 -0.481702
1305031802.085036 -0.288034 0.00855303 -0.298414 -0.100644 0.83235 0.25237 -0.483087
1305031802.121342 -0.294256 -0.00357989 -0.297442 -0.107387 0.833608 0.242201 -0.484669
1305031802.153506 -0.296571 -0.0097361 -0.295293 -0.117556 0.833346 0.231745 -0.487862
1305031802.184646 -0.29927 -0.0107003 -0.291329 -0.125235 0.831644 0.222212 -0.493261
1305031802.219780 -0.30128 -0.0139461 -0.288452 -0.13013 0.828764 0.216949 -0.499148
1305031802.253201 -0.30436 -0.0166205 -0.280684 0.134014 -0.82549 -0.213489 0.505005
1305031802.285410 -0.308904 -0.0214346 -0.270312 0.13408 -0.822194 -0.211708 0.511077
1305031802.321392 -0.311974 -0.0239114 -0.265856 0.13303 -0.818604 -0.213557 0.516317
1305031802.353673 -0.314889 -0.0240211 -0.261052 0.133826 -0.814638 -0.217955 0.520529
1305031802.385256 -0.319082 -0.0259994 -0.254773 0.135716 -0.810846 -0.220614 0.524823
1305031802.421381 -0.319595 -0.0207862 -0.247944 0.137616 -0.807083 -0.220639 0.530092
1305031802.449815 -0.32345 -0.0233094 -0.244849 0.137325 -0.8027 -0.225306 0.534838
1305031802.485366 -0.325025 -0.0207092 -0.241713 0.137476 -0.798747 -0.229282 0.539011
1305031802.521559 -0.324965 -0.0156925 -0.232294 0.136258 -0.795598 -0.233155 0.542306
1305031802.553684 -0.326133 -0.00864905 -0.224098 0.13403 -0.790575 -0.242463 0.546112
1305031802.585533 -0.327975 -0.00276905 -0.217111 0.131444 -0.784059 -0.254973 0.55042
1305031802.621150 -0.327805 0.00793844 -0.204428 0.128099 -0.776613 -0.268457 0.555332
1305031802.651432 -0.328943 0.0176511 -0.199799 0.12167 -0.765139 -0.287709 0.563012
1305031802.685539 -0.331704 0.0262729 -0.188988 0.111353 -0.754383 -0.30565 0.570162
1305031802.721583 -0.332053 0.0372538 -0.180085 0.100554 -0.744507 -0.322658 0.575752
1305031802.751226 -0.333149 0.050522 -0.170304 0.0917838 -0.734238 -0.34127 0.57966
1305031802.789007 -0.336578 0.0604754 -0.16432 0.081111 -0.722584 -0.358752 0.585313
1305031802.821805 -0.338546 0.0731282 -0.156203 0.071993 -0.710811 -0.372056 0.59257
1305031802.853857 -0.33839 0.0872098 -0.149131 0.0621936 -0.698455 -0.381747 0.602131
1305031802.890975 -0.338863 0.0983922 -0.136951 0.0520016 -0.687228 -0.390805 0.610151
1305031802.921571 -0.33987 0.109719 -0.130941 0.0441658 -0.675914 -0.400133 0.617319
1305031802.954186 -0.340732 0.120896 -0.124058 0.0391998 -0.664351 -0.409188 0.624233
1305031802.989730 -0.339594 0.132691 -0.120968 0.0344787 -0.65196 -0.415639 0.633248
1305031803.021911 -0.338413 0.143205 -0.114382 0.0301213 -0.638929 -0.421441 0.642845
1305031803.053859 -0.335555 0.155135 -0.105374 0.0260869 -0.626288 -0.426189 0.652262
1305031803.089624 -0.332849 0.164604 -0.0995156 0.0205814 -0.613893 -0.429694 0.661872
1305031803.122288 -0.329546 0.171561 -0.092412 0.0142172 -0.602258 -0.43256 0.670802
1305031803.153738 -0.32747 0.177593 -0.0866082 0.00685544 -0.58937 -0.437307 0.679234
1305031803.189456 -0.325056 0.183549 -0.0793931 -0.0013901 -0.578032 -0.439369 0.687628
1305031803.222097 -0.318815 0.188119 -0.0726195 -0.00779273 -0.56718 -0.44223 0.694751
1305031803.253833 -0.313898 0.193784 -0.0641851 -0.0142834 -0.556229 -0.445868 0.701147
1305031803.289513 -0.310271 0.197581 -0.0566716 -0.021705 -0.545508 -0.448182 0.707872
1305031803.317616 -0.30717 0.20586 -0.0507811 -0.0275475 -0.534054 -0.450854 0.714673
1305031803.353839 -0.303366 0.212681 -0.0456551 -0.0340865 -0.522789 -0.454308 0.72051
1305031803.393279 -0.299051 0.218404 -0.0416839 -0.0421229 -0.512233 -0.456638 0.726171
1305031803.421427 -0.296498 0.221915 -0.0374694 -0.0499624 -0.502522 -0.458582 0.731217
1305031803.449958 -0.292136 0.225898 -0.0320601 -0.0552378 -0.494104 -0.46092 0.735094
1305031803.489758 -0.288376 0.230074 -0.0276509 -0.0607788 -0.485131 -0.46276 0.739464
1305031803.517807 -0.283885 0.233041 -0.0235006 -0.0672495 -0.476779 -0.463259 0.74401
1305031803.553175 -0.279328 0.23539 -0.0185182 -0.0733682 -0.469682 -0.463458 0.747812
1305031803.588621 -0.274526 0.237634 -0.0157682 -0.0799472 -0.463234 -0.46379 0.750947
1305031803.617801 -0.271202 0.239823 -0.0126362 -0.0869034 -0.457612 -0.465562 0.752523
1305031803.654299 -0.267104 0.242427 -0.00769841 -0.0927886 -0.452237 -0.469844 0.752408
1305031803.686328 -0.263701 0.243748 -0.00281796 -0.0984686 -0.445772 -0.473248 0.753411
1305031803.721631 -0.260833 0.246594 -0.000460603 -0.10553 -0.438108 -0.4751 0.75578
1305031803.754202 -0.255868 0.249164 0.00237527 -0.116047 -0.43143 -0.478473 0.755953
1305031803.789665 -0.252232 0.249663 0.00837777 -0.127919 -0.425517 -0.484077 0.753818
1305031803.822228 -0.246885 0.252115 0.0126029 -0.137693 -0.420112 -0.488314 0.752393
1305031803.854272 -0.241499 0.254459 0.0177037 -0.148313 -0.414507 -0.495002 0.749107
1305031803.894274 -0.234491 0.25673 0.0229187 -0.157608 -0.408307 -0.50281 0.745404
1305031803.922306 -0.228754 0.258877 0.026734 -0.16652 -0.401387 -0.509039 0.742993
1305031803.953878 -0.22258 0.26056 0.0310512 -0.176698 -0.394529 -0.514798 0.740343
1305031803.986986 -0.215235 0.263387 0.0351642 -0.187268 -0.388406 -0.519469 0.737714
1305031804.021991 -0.205158 0.266143 0.0399826 -0.196845 -0.382989 -0.523782 0.734999
1305031804.057867 -0.19602 0.268808 0.0463949 -0.207087 -0.377409 -0.526486 0.733137
1305031804.090568 -0.187197 0.271334 0.0536693 -0.216245 -0.372252 -0.530055 0.730553
1305031804.121807 -0.18038 0.273228 0.0586341 -0.223213 -0.367103 -0.533538 0.728525
1305031804.159547 -0.174476 0.274588 0.0632909 -0.230252 -0.361818 -0.534839 0.728024
1305031804.190025 -0.170216 0.275178 0.0700225 -0.236932 -0.358031 -0.536093 0.72683
1305031804.221943 -0.169004 0.275621 0.0761374 -0.241245 -0.355846 -0.53677 0.725984
1305031804.257543 -0.168886 0.276017 0.0787268 -0.242099 -0.354057 -0.535058 0.727836
1305031804.289105 -0.173196 0.275339 0.0807348 -0.241236 -0.353505 -0.532127 0.730534
1305031804.322186 -0.180844 0.27134 0.081597 -0.237545 -0.355917 -0.529124 0.73275
1305031804.357487 -0.185458 0.26536 0.0836083 -0.230131 -0.361756 -0.523658 0.736175
1305031804.388583 -0.190842 0.257546 0.0818627 -0.219372 -0.367731 -0.517034 0.741165
1305031804.420347 -0.196743 0.249118 0.0762965 -0.205774 -0.373985 -0.508744 0.747644
1305031804.458421 -0.201616 0.238798 0.0705201 -0.190263 -0.380639 -0.501239 0.753441
1305031804.488618 -0.206023 0.228491 0.0597628 -0.171375 -0.386817 -0.493926 0.759632
1305031804.520334 -0.209996 0.218239 0.0541684 -0.154269 -0.393759 -0.484693 0.765655
1305031804.553325 -0.215653 0.206059 0.0467046 -0.137137 -0.400068 -0.475732 0.771244
1305031804.588603 -0.222022 0.194924 0.038306 -0.119778 -0.405256 -0.466252 0.777194
1305031804.620878 -0.225515 0.184188 0.03126 -0.101874 -0.411043 -0.457792 0.781724
1305031804.657048 -0.229312 0.174877 0.0228078 -0.0832153 -0.415847 -0.449873 0.785978
1305031804.689811 -0.23454 0.1636 0.0163496 -0.0650386 -0.4199 -0.443082 0.789387
1305031804.721742 -0.240447 0.151574 0.00803709 -0.0451998 -0.423294 -0.435589 0.793122
1305031804.761864 -0.246288 0.139042 -0.000181859 -0.023124 -0.427165 -0.427936 0.796157
1305031804.794542 -0.250725 0.128172 -0.00984364 0.00115692 -0.431149 -0.41892 0.799134
1305031804.822160 -0.255805 0.117489 -0.0190452 0.027542 -0.434524 -0.409631 0.801644
1305031804.857799 -0.260815 0.107786 -0.0292401 0.0543446 -0.436922 -0.398933 0.804362
1305031804.889635 -0.264882 0.0982285 -0.0427989 0.0811324 -0.438737 -0.387328 0.806786
1305031804.921987 -0.269203 0.0918848 -0.0539111 0.104507 -0.440817 -0.374276 0.809121
1305031804.958018 -0.274299 0.0905988 -0.0660741 0.124589 -0.44223 -0.363748 0.810307
1305031804.989454 -0.281106 0.0850628 -0.0778531 0.140847 -0.44407 -0.353391 0.81122
1305031805.021251 -0.287663 0.0775527 -0.0905586 0.154926 -0.446232 -0.34017 0.813117
1305031805.053799 -0.294298 0.0736536 -0.102099 0.167607 -0.447619 -0.326436 0.815466
1305031805.088981 -0.302679 0.0660668 -0.115034 0.178363 -0.448998 -0.31502 0.816915
1305031805.120822 -0.307786 0.0602461 -0.125772 0.188031 -0.452008 -0.303138 0.817582
1305031805.156816 -0.313023 0.0544575 -0.136719 0.197157 -0.45461 -0.293175 0.817623
1305031805.188114 -0.319242 0.0501383 -0.145704 0.205439 -0.455957 -0.286086 0.817345
1305031805.224830 -0.324597 0.0466195 -0.155645 0.214115 -0.456464 -0.278957 0.817299
1305031805.256506 -0.329612 0.0450532 -0.165174 0.222691 -0.456374 -0.27148 0.817576
1305031805.288719 -0.335857 0.0387391 -0.177637 0.22926 -0.456141 -0.264036 0.818328
1305031805.324692 -0.340043 0.0305485 -0.19048 0.239554 -0.453644 -0.260336 0.817953
1305031805.360488 -0.344384 0.0231499 -0.202385 0.252956 -0.449497 -0.254851 0.817935
1305031805.392685 -0.349832 0.0144015 -0.215259 0.267226 -0.446208 -0.245947 0.817923
1305031805.426082 -0.355494 0.0140025 -0.229075 0.282414 -0.442865 -0.236003 0.817567
1305031805.455941 -0.356878 0.00729063 -0.240994 0.29837 -0.441058 -0.227895 0.815173
1305031805.488250 -0.360596 0.000248951 -0.257572 0.317071 -0.436212 -0.223593 0.811906
1305031805.524339 -0.363007 0.00432165 -0.265005 0.338173 -0.432021 -0.216453 0.807555
1305031805.555936 -0.3598 -0.0127979 -0.286046 0.354344 -0.428973 -0.210838 0.803723
1305031805.587800 -0.365585 -0.013433 -0.298712 0.36957 -0.425054 -0.204538 0.800569
1305031805.626288 -0.365682 -0.0168606 -0.314771 0.382905 -0.422918 -0.199029 0.796813
1305031805.653600 -0.363604 -0.0281266 -0.329221 0.389697 -0.420004 -0.196059 0.795797
1305031805.688826 -0.356123 -0.0454475 -0.342069 0.3907 -0.417745 -0.192598 0.797339
1305031805.724499 -0.344888 -0.0697552 -0.351375 0.386995 -0.416409 -0.192347 0.799901
1305031805.756662 -0.339633 -0.0784254 -0.356773 0.379536 -0.412626 -0.193725 0.805086
1305031805.788800 -0.328795 -0.0816081 -0.349125 0.368013 -0.410677 -0.195335 0.811021
1305031805.825010 -0.338555 -0.076216 -0.364563 0.345847 -0.401991 -0.200724 0.823713
1305031805.856722 -0.336021 -0.0697751 -0.351287 0.323315 -0.395156 -0.207817 0.834344
1305031805.888558 -0.332305 -0.0692288 -0.337767 0.302994 -0.390982 -0.213589 0.842441
1305031805.924334 -0.328686 -0.0712629 -0.320689 0.284239 -0.386918 -0.21909 0.849413
1305031805.956398 -0.326062 -0.0726588 -0.314219 0.266013 -0.382229 -0.222392 0.856551
1305031805.990628 -0.319849 -0.0756853 -0.305014 0.248827 -0.3775 -0.226673 0.862669
1305031806.026273 -0.313858 -0.076649 -0.295688 0.2341 -0.370879 -0.230421 0.86865
1305031806.056329 -0.307578 -0.0788704 -0.281452 0.221443 -0.363836 -0.233421 0.874128
1305031806.091003 -0.303088 -0.0828447 -0.273536 0.210387 -0.355381 -0.236353 0.879533
1305031806.126194 -0.297702 -0.0786926 -0.263824 0.20081 -0.345207 -0.240457 0.884696
1305031806.160305 -0.290427 -0.0742318 -0.250669 0.190054 -0.336304 -0.242188 0.890014
1305031806.186461 -0.282871 -0.0688059 -0.238937 0.17746 -0.328001 -0.244754 0.894997
1305031806.226737 -0.274255 -0.0627525 -0.226005 0.16246 -0.319668 -0.248449 0.899829
1305031806.256407 -0.269657 -0.062365 -0.215563 0.147971 -0.311315 -0.253096 0.903952
1305031806.292064 -0.262658 -0.0573534 -0.203435 0.135261 -0.302417 -0.258072 0.90755
1305031806.324430 -0.257381 -0.0538678 -0.192155 0.120147 -0.294018 -0.259426 0.912039
1305031806.356698 -0.252328 -0.0493825 -0.181923 0.104781 -0.286463 -0.260693 0.915969
1305031806.388772 -0.244793 -0.0423277 -0.169973 0.0893976 -0.280232 -0.262673 0.918957
1305031806.428086 -0.238235 -0.0384906 -0.159202 0.0724319 -0.274392 -0.263016 0.922109
1305031806.458170 -0.233138 -0.0371422 -0.149327 0.0589516 -0.269027 -0.263149 0.924609
1305031806.493660 -0.224524 -0.0310065 -0.139176 0.0507266 -0.262406 -0.266932 0.925914
1305031806.531887 -0.216065 -0.0254101 -0.129399 0.0414819 -0.252711 -0.268368 0.928652
1305031806.556751 -0.208921 -0.0163266 -0.119955 0.0313969 -0.244346 -0.266494 0.931821
1305031806.594170 -0.200773 -0.00860302 -0.110611 0.0183734 -0.23698 -0.268689 0.933439
1305031806.625910 -0.194875 -0.00434977 -0.101704 0.00391406 -0.228749 -0.271378 0.934886
1305031806.660594 -0.188229 -6.65891e-05 -0.0937846 -0.00934016 -0.220712 -0.270722 0.936968
1305031806.695601 -0.18377 0.00398215 -0.0873077 -0.0238065 -0.212771 -0.267489 0.939474
1305031806.725479 -0.179559 0.00747262 -0.0811995 -0.0390394 -0.207403 -0.263456 0.941303
1305031806.757877 -0.17512 0.0115315 -0.0755744 -0.0539184 -0.203484 -0.259895 0.942413
1305031806.793755 -0.170813 0.0160729 -0.0701515 -0.0671058 -0.200957 -0.257067 0.942884
1305031806.821694 -0.165971 0.0206187 -0.0644055 -0.0779387 -0.196972 -0.255417 0.94334
1305031806.857332 -0.162366 0.0271035 -0.0598344 -0.0877877 -0.189823 -0.253875 0.944356
1305031806.893667 -0.158088 0.0327007 -0.0548165 -0.0978631 -0.183528 -0.253168 0.944799
1305031806.925528 -0.155375 0.0369309 -0.050762 -0.108597 -0.177628 -0.250634 0.94543
1305031806.957342 -0.152169 0.0423808 -0.0464972 -0.11973 -0.17274 -0.246959 0.945958
1305031806.994718 -0.148365 0.0492506 -0.0424734 -0.128662 -0.16864 -0.244141 0.946257
1305031807.025349 -0.146653 0.0553036 -0.0395885 -0.136458 -0.163095 -0.24068 0.947023
1305031807.057482 -0.144749 0.0600164 -0.0368237 -0.143205 -0.15755 -0.237172 0.94785
1305031807.094797 -0.143059 0.065061 -0.0344154 -0.149146 -0.152682 -0.233341 0.948681
1305031807.125639 -0.143309 0.0707075 -0.032805 -0.152727 -0.147439 -0.229332 0.949917
1305031807.158021 -0.143324 0.0745527 -0.0315425 -0.154585 -0.142148 -0.223999 0.951694
1305031807.193815 -0.144953 0.0767988 -0.0305129 -0.155221 -0.136684 -0.218246 0.953726
1305031807.226069 -0.1475 0.0787775 -0.0298887 -0.15447 -0.130525 -0.21209 0.956096
1305031807.258189 -0.149862 0.0811837 -0.0293146 -0.150726 -0.124646 -0.205269 0.958963
1305031807.294600 -0.152972 0.0800648 -0.0286323 -0.145301 -0.117788 -0.197824 0.962226
1305031807.325779 -0.156593 0.0778323 -0.0286714 -0.137269 -0.111201 -0.188211 0.96611
1305031807.356999 -0.161561 0.0732726 -0.0293978 -0.126754 -0.105418 -0.179041 0.96993
1305031807.394901 -0.167845 0.0663497 -0.0316884 -0.115252 -0.0993288 -0.170915 0.973467
1305031807.425389 -0.173685 0.0603732 -0.0342747 -0.100318 -0.0926222 -0.163372 0.977071
1305031807.456981 -0.181897 0.0474579 -0.0358492 -0.0832634 -0.0856158 -0.153229 0.980948
1305031807.493776 -0.18779 0.0360966 -0.0387955 -0.0573581 -0.078748 -0.14402 0.984768
1305031807.525569 -0.193116 0.033127 -0.0433435 -0.0236494 -0.0708348 -0.137773 0.987644
1305031807.558514 -0.194928 0.0281796 -0.0468102 0.002662 -0.0645786 -0.132857 0.989026
1305031807.593758 -0.199677 0.0176933 -0.0515492 0.0265808 -0.056066 -0.126349 0.990043
1305031807.625726 -0.203079 0.0124874 -0.0573442 0.0523467 -0.047382 -0.121952 0.990021
1305031807.657923 -0.208553 0.00677173 -0.062529 0.0724769 -0.040034 -0.116956 0.98968
1305031807.695218 -0.214781 -0.00357986 -0.0688763 0.0908827 -0.0344686 -0.111304 0.989022
1305031807.725763 -0.219648 -0.0125798 -0.0765769 0.113639 -0.02946 -0.105527 0.987463
1305031807.763921 -0.223377 -0.0202559 -0.0847478 0.133919 -0.0238104 -0.0994747 0.9857
1305031807.794370 -0.229685 -0.0285442 -0.0932168 0.154658 -0.0191156 -0.0940543 0.983295
1305031807.825649 -0.233232 -0.0349575 -0.102003 0.174901 -0.0184048 -0.087579 0.98051
1305031807.862767 -0.234062 -0.0410086 -0.110799 0.193302 -0.0178756 -0.0848727 0.977298
1305031807.895051 -0.236083 -0.0478105 -0.119409 0.209273 -0.0154009 -0.0823173 0.974265
1305031807.922091 -0.238953 -0.0547918 -0.128803 0.225522 -0.0132016 -0.0796486 0.970887
1305031807.960371 -0.242342 -0.0631628 -0.139446 0.241301 -0.0117101 -0.0769303 0.967325
1305031807.990310 -0.244868 -0.0697032 -0.149644 0.257108 -0.0117059 -0.0737608 0.963492
1305031808.025493 -0.246601 -0.0762556 -0.159504 0.27261 -0.0128802 -0.0695444 0.959522
1305031808.060837 -0.248295 -0.0837188 -0.17029 0.287962 -0.0146371 -0.0646839 0.955343
1305031808.094509 -0.249567 -0.0919048 -0.181966 0.303783 -0.0169868 -0.061821 0.950582
1305031808.124869 -0.249211 -0.0990798 -0.193604 0.320197 -0.0190077 -0.0604698 0.945228
1305031808.160774 -0.25038 -0.107737 -0.206621 0.336328 -0.0205607 -0.0584074 0.939707
1305031808.193540 -0.252271 -0.119073 -0.22258 0.353327 -0.0218415 -0.057948 0.933448
1305031808.224541 -0.253188 -0.122439 -0.234086 0.370821 -0.024247 -0.0559003 0.926703
1305031808.259528 -0.255284 -0.126618 -0.247453 0.383479 -0.0272072 -0.0556729 0.921469
1305031808.292602 -0.254763 -0.130954 -0.25813 0.395606 -0.0301669 -0.0567628 0.916168
1305031808.324524 -0.253677 -0.137295 -0.271632 0.408931 -0.0314998 -0.057099 0.910232
1305031808.362374 -0.251931 -0.145595 -0.286934 0.422135 -0.0329445 -0.0558808 0.904209
1305031808.394090 -0.254476 -0.150555 -0.301211 0.434769 -0.0339645 -0.0545274 0.898248
1305031808.427040 -0.25524 -0.151143 -0.312926 0.44589 -0.0345903 -0.0553192 0.892707
1305031808.462622 -0.260793 -0.146027 -0.317205 0.4591 -0.0327004 -0.0546864 0.886097
1305031808.493893 -0.256562 -0.157146 -0.337428 0.469194 -0.0326806 -0.0516223 0.880979
1305031808.524551 -0.256989 -0.15871 -0.354134 0.480355 -0.0329807 -0.0478496 0.875147
1305031808.561866 -0.254594 -0.163572 -0.367195 0.489194 -0.0348683 -0.0449992 0.870315
1305031808.590231 -0.251729 -0.167547 -0.379885 0.498079 -0.0348065 -0.0434659 0.865342
1305031808.624717 -0.247074 -0.170994 -0.388674 0.508074 -0.0308135 -0.0396029 0.859851
1305031808.661004 -0.232614 -0.172809 -0.402962 0.517369 -0.0259724 -0.0356948 0.854623
1305031808.692608 -0.230045 -0.178122 -0.421116 0.524339 -0.0193531 -0.0315928 0.850703
1305031808.724581 -0.21621 -0.178118 -0.430407 0.531734 -0.0151002 -0.0306541 0.846222
1305031808.761035 -0.213988 -0.180122 -0.435829 0.538253 -0.00652957 -0.029834 0.84223
1305031808.792909 -0.210426 -0.177755 -0.434284 0.547003 0.00497764 -0.0280323 0.836646
1305031808.824645 -0.207949 -0.176747 -0.445634 0.55225 0.0166806 -0.0231765 0.83319
1305031808.860603 -0.198212 -0.179533 -0.462309 0.551791 0.0275081 -0.0198328 0.833292
1305031808.894236 -0.194942 -0.176368 -0.464518 0.548907 0.0384979 -0.0157474 0.834848
1305031808.924712 -0.193575 -0.176787 -0.472849 0.541489 0.0473978 -0.011226 0.839295
1305031808.960766 -0.186649 -0.173662 -0.474377 0.530186 0.0555121 -0.00883808 0.846016
1305031808.994453 -0.180967 -0.167827 -0.468197 0.516559 0.0630617 -0.00612159 0.853904
1305031809.029773 -0.172431 -0.159531 -0.459783 0.502604 0.0686348 -0.00254472 0.861784
1305031809.063418 -0.160194 -0.149289 -0.445027 0.489134 0.074171 -9.64161e-05 0.869049
1305031809.097271 -0.149729 -0.14155 -0.432727 0.475522 0.0807477 0.00141039 0.875989
1305031809.131663 -0.136344 -0.134196 -0.41787 0.463645 0.0896007 0.00195135 0.881477
1305031809.161507 -0.130631 -0.12748 -0.411358 0.450668 0.100125 0.00539563 0.887043
1305031809.194288 -0.131761 -0.124455 -0.40647 0.436754 0.109106 0.0119421 0.89286
1305031809.229538 -0.131226 -0.120746 -0.400553 0.423239 0.115996 0.0191909 0.898357
1305031809.261343 -0.134127 -0.113179 -0.389204 0.409448 0.121966 0.0260672 0.903768
1305031809.294460 -0.13128 -0.102036 -0.375477 0.394732 0.127451 0.0326546 0.909327
1305031809.330064 -0.1234 -0.0947201 -0.366474 0.381221 0.131015 0.0393554 0.914307
1305031809.359534 -0.123324 -0.0849393 -0.356448 0.368822 0.135057 0.0448301 0.918543
1305031809.393838 -0.123263 -0.0781272 -0.347768 0.35537 0.138842 0.0488694 0.923064
1305031809.428411 -0.125103 -0.0737069 -0.340508 0.341218 0.141569 0.0523749 0.927785
1305031809.462164 -0.12499 -0.0704199 -0.335435 0.328271 0.143055 0.0553468 0.932046
1305031809.493873 -0.128395 -0.0675912 -0.330188 0.317023 0.144336 0.0610233 0.935382
1305031809.530074 -0.129902 -0.0622154 -0.324133 0.306972 0.144052 0.0658687 0.938445
1305031809.563364 -0.13219 -0.0556748 -0.318052 0.296896 0.14498 0.0677831 0.941403
1305031809.594021 -0.13519 -0.0509883 -0.312136 0.286402 0.147031 0.0688475 0.944254
1305031809.631035 -0.138481 -0.0487977 -0.307111 0.276571 0.150303 0.0700399 0.946579
1305031809.662949 -0.141614 -0.0439123 -0.301855 0.268155 0.153353 0.0716714 0.948388
1305031809.693782 -0.143513 -0.0388015 -0.297512 0.258958 0.15511 0.0739037 0.950484
1305031809.731309 -0.146226 -0.0332986 -0.292715 0.249441 0.15647 0.0773265 0.952532
1305031809.758942 -0.147953 -0.0278113 -0.287727 0.239727 0.157053 0.0805771 0.954658
1305031809.793369 -0.149405 -0.0228415 -0.282756 0.229785 0.158017 0.0847764 0.956579
1305031809.830391 -0.150946 -0.0168091 -0.277774 0.21996 0.159267 0.0904877 0.958156
1305031809.861943 -0.153594 -0.0106925 -0.272757 0.209529 0.161279 0.0948727 0.959732
1305031809.895169 -0.153876 -0.00646931 -0.268433 0.197954 0.163844 0.098535 0.961385
1305031809.929860 -0.153613 8.69667e-05 -0.263514 0.18781 0.167158 0.103 0.962381
1305031809.963228 -0.154021 0.00677907 -0.259991 0.17746 0.170408 0.10812 0.963213
1305031809.994224 -0.155018 0.0129558 -0.256546 0.166449 0.173362 0.112989 0.964092
1305031810.030062 -0.154703 0.0204535 -0.251936 0.155317 0.175379 0.118348 0.964942
1305031810.062155 -0.153751 0.0239768 -0.249597 0.144373 0.177521 0.122636 0.965714
1305031810.095183 -0.152323 0.030148 -0.246636 0.13564 0.179944 0.127705 0.965874
1305031810.131056 -0.151834 0.0368452 -0.244318 0.126445 0.181815 0.132919 0.966068
1305031810.161700 -0.150016 0.0432624 -0.243366 0.116287 0.184152 0.135194 0.966586
1305031810.197185 -0.148781 0.0483007 -0.241413 0.106752 0.188054 0.137625 0.966592
1305031810.230520 -0.147299 0.0556473 -0.24102 0.098731 0.191447 0.140528 0.96636
1305031810.262762 -0.145945 0.0636102 -0.240575 0.0890889 0.193854 0.14276 0.96649
1305031810.298074 -0.144898 0.0722066 -0.240443 0.077264 0.195429 0.144714 0.9669
1305031810.330937 -0.144452 0.0772795 -0.239637 0.0655496 0.19708 0.146335 0.967186
1305031810.362897 -0.14259 0.0818958 -0.24047 0.0558597 0.198736 0.149743 0.966934
1305031810.396861 -0.139736 0.0894782 -0.241287 0.0479531 0.199327 0.156472 0.966171
1305031810.429920 -0.137363 0.0954952 -0.242257 0.0384489 0.19892 0.162249 0.965727
1305031810.461399 -0.133531 0.103906 -0.244251 0.0282687 0.197257 0.16607 0.96577
1305031810.496777 -0.13056 0.110306 -0.245011 0.0153597 0.196665 0.170141 0.965473
1305031810.529947 -0.127744 0.11461 -0.24393 0.00341732 0.197893 0.175004 0.964469
1305031810.561970 -0.123167 0.123494 -0.248607 -0.00551985 0.199334 0.179123 0.963406
1305031810.598116 -0.120548 0.130944 -0.248994 -0.0148681 0.202037 0.184247 0.961776
1305031810.630327 -0.117024 0.140019 -0.24927 -0.0202466 0.203881 0.190404 0.960088
1305031810.661881 -0.111767 0.141838 -0.246646 -0.0252752 0.206381 0.197645 0.957969
1305031810.698469 -0.104427 0.144516 -0.247118 -0.0258674 0.209278 0.2053 0.955712
1305031810.729616 -0.0967142 0.144054 -0.248791 -0.024291 0.213485 0.211698 0.953424
1305031810.762055 -0.0922528 0.148203 -0.252763 -0.0172461 0.219515 0.2165 0.951127
1305031810.798335 -0.0865058 0.151213 -0.256129 -0.00880089 0.225807 0.220112 0.948939
1305031810.826635 -0.0802222 0.148532 -0.261931 0.000691974 0.233525 0.221787 0.946718
1305031810.859437 -0.0736643 0.146235 -0.270002 0.0129497 0.242978 0.222745 0.944022
1305031810.896721 -0.0694085 0.149417 -0.276339 0.0293844 0.255088 0.223381 0.940302
1305031810.931542 -0.0692998 0.148205 -0.280176 0.0428801 0.266662 0.223136 0.936623
1305031810.962074 -0.0614846 0.141245 -0.286524 0.0583206 0.276633 0.223526 0.932796
1305031810.999156 -0.0609337 0.143894 -0.29355 0.0800332 0.288923 0.222829 0.927613
1305031811.030567 -0.0617075 0.144253 -0.300232 0.0960161 0.299206 0.224336 0.922459
1305031811.062402 -0.0585729 0.138661 -0.305561 0.109153 0.306809 0.225261 0.918265
1305031811.098594 -0.0575324 0.135524 -0.313365 0.12595 0.314375 0.224626 0.9137
1305031811.130054 -0.0591085 0.138867 -0.322719 0.142933 0.322639 0.224719 0.908282
1305031811.163124 -0.0587824 0.136572 -0.327592 0.153511 0.330495 0.22533 0.903567
1305031811.196680 -0.0578208 0.134102 -0.334102 0.163574 0.337272 0.223603 0.899718
1305031811.226245 -0.056226 0.128463 -0.342307 0.173954 0.344561 0.221897 0.895421
1305031811.258835 -0.0562206 0.126676 -0.348005 0.184851 0.353702 0.220942 0.889893
1305031811.297420 -0.0528135 0.121692 -0.357827 0.195269 0.362897 0.219803 0.88423
1305031811.330119 -0.0522421 0.114242 -0.368381 0.20805 0.372791 0.218204 0.87757
1305031811.362347 -0.0555649 0.10604 -0.376562 0.223264 0.38408 0.217819 0.869017
1305031811.399651 -0.0569052 0.0917817 -0.388555 0.237826 0.392989 0.217507 0.861214
1305031811.430784 -0.0626135 0.0815578 -0.396795 0.254217 0.402408 0.214331 0.852938
1305031811.466212 -0.0669656 0.0706694 -0.409558 0.269604 0.411013 0.210955 0.844914
1305031811.497813 -0.0724686 0.0670941 -0.416532 0.284217 0.420504 0.206721 0.836459
1305031811.530073 -0.0773097 0.0618175 -0.424275 0.295026 0.429995 0.203184 0.828722
1305031811.566308 -0.0869698 0.0517116 -0.426738 0.304822 0.440645 0.199315 0.820481
1305031811.598269 -0.092781 0.046454 -0.433592 0.316152 0.449534 0.195056 0.812354
1305031811.630831 -0.0984208 0.033287 -0.444399 0.327909 0.457624 0.192446 0.803754
1305031811.663366 -0.108422 0.0188141 -0.451418 0.341971 0.465178 0.189882 0.79411
1305031811.698740 -0.116261 0.00604796 -0.460813 0.353739 0.469818 0.188217 0.786584
1305031811.733435 -0.12506 -0.0053361 -0.468136 0.366224 0.473907 0.186616 0.778759
1305031811.765703 -0.134376 -0.0115688 -0.469821 0.378165 0.478427 0.182438 0.771243
1305031811.799543 -0.146453 -0.0227885 -0.471235 0.387501 0.483803 0.179062 0.764012
1305031811.831559 -0.157125 -0.0352671 -0.474268 0.397702 0.48871 0.17708 0.756068
1305031811.866219 -0.166896 -0.0490176 -0.483885 0.406826 0.491563 0.176032 0.74958
1305031811.899601 -0.175685 -0.0598229 -0.492521 0.415619 0.493417 0.174765 0.743813
1305031811.929778 -0.183259 -0.0686146 -0.502845 0.424044 0.49557 0.17225 0.738192
1305031811.965910 -0.192192 -0.0763959 -0.510798 0.432227 0.498778 0.168149 0.732207
1305031811.997697 -0.200909 -0.085007 -0.519111 0.441493 0.502311 0.165057 0.72493
1305031812.031513 -0.209123 -0.0926217 -0.524719 0.450851 0.505715 0.161901 0.717477
1305031812.067293 -0.215868 -0.0969328 -0.528713 0.459807 0.508392 0.157617 0.710825
1305031812.097226 -0.22046 -0.0992827 -0.539279 0.46773 0.510368 0.152719 0.705288
1305031812.131618 -0.223779 -0.100882 -0.547406 0.47607 0.51296 0.148578 0.69868
1305031812.165747 -0.233275 -0.10957 -0.558452 0.482965 0.518319 0.14567 0.690558
1305031812.194229 -0.243069 -0.117434 -0.563428 0.489479 0.523921 0.142645 0.682327
1305031812.230599 -0.249349 -0.121962 -0.562583 0.496244 0.529413 0.13881 0.67394
1305031812.262258 -0.259764 -0.128364 -0.568547 0.503191 0.53284 0.138786 0.666047
1305031812.295017 -0.263738 -0.130758 -0.571022 0.509289 0.534364 0.139718 0.659969
1305031812.329535 -0.268357 -0.134892 -0.578079 0.512972 0.536023 0.139873 0.655725
1305031812.367033 -0.273232 -0.138794 -0.583713 0.514852 0.541027 0.138524 0.650407
1305031812.398919 -0.275796 -0.141289 -0.582279 0.518108 0.549585 0.136545 0.640997
1305031812.431444 -0.281174 -0.138349 -0.592133 0.521586 0.556494 0.135036 0.632477
1305031812.466128 -0.285524 -0.137804 -0.59924 0.520019 0.562644 0.135239 0.628269
1305031812.499545 -0.288652 -0.136021 -0.601918 0.514696 0.567952 0.137469 0.627392
1305031812.530582 -0.290416 -0.130903 -0.606986 0.506538 0.572688 0.140478 0.629057
1305031812.566690 -0.292935 -0.126227 -0.610532 0.497048 0.577785 0.144542 0.631043
1305031812.599029 -0.295017 -0.119274 -0.617875 0.486142 0.581603 0.152425 0.63417
1305031812.628645 -0.292882 -0.109928 -0.621868 0.473485 0.585302 0.158502 0.638836
1305031812.668061 -0.293037 -0.103362 -0.623173 0.46168 0.589237 0.165332 0.642118
1305031812.698746 -0.290623 -0.0830351 -0.626416 0.450579 0.590926 0.173682 0.646235
1305031812.734013 -0.283296 -0.0682617 -0.619618 0.439453 0.592666 0.184271 0.649363
1305031812.767275 -0.27858 -0.0558808 -0.612754 0.429083 0.594011 0.19347 0.652387
1305031812.799489 -0.273794 -0.0431488 -0.611696 0.415398 0.594249 0.202984 0.658111
1305031812.834132 -0.268409 -0.0284345 -0.606606 0.403815 0.593555 0.21371 0.662535
1305031812.866016 -0.261805 -0.00962244 -0.602458 0.39379 0.591024 0.224426 0.667272
1305031812.898960 -0.254894 0.00514737 -0.598731 0.382793 0.589257 0.234703 0.671685
1305031812.934173 -0.247414 0.02513 -0.594111 0.372472 0.587713 0.244255 0.675424
1305031812.966151 -0.243052 0.0387367 -0.588912 0.360429 0.586904 0.254862 0.678734
1305031812.999091 -0.24008 0.0492212 -0.586283 0.348989 0.583732 0.268511 0.682177
1305031813.034784 -0.236519 0.064361 -0.582611 0.33745 0.579786 0.280114 0.686668
1305031813.066289 -0.233552 0.0792035 -0.574424 0.326772 0.575649 0.291476 0.690572
1305031813.098588 -0.230737 0.0898053 -0.571544 0.315353 0.569794 0.305072 0.694851
1305031813.135262 -0.227039 0.102112 -0.566798 0.305497 0.563202 0.317686 0.698964
1305031813.166033 -0.224504 0.112856 -0.564876 0.295195 0.554995 0.330035 0.704214
1305031813.196373 -0.2218 0.123909 -0.558355 0.284461 0.547284 0.341182 0.709336
1305031813.234674 -0.219413 0.132115 -0.551764 0.274697 0.539646 0.351433 0.714015
1305031813.267055 -0.218453 0.144341 -0.540492 0.265654 0.531959 0.360785 0.718527
1305031813.299198 -0.216685 0.154189 -0.535302 0.255665 0.524089 0.370296 0.723082
1305031813.333908 -0.21739 0.161969 -0.525282 0.244933 0.519069 0.377879 0.726486
1305031813.365437 -0.216343 0.170181 -0.519321 0.234327 0.513943 0.387652 0.728478
1305031813.398657 -0.215218 0.180449 -0.515185 0.223612 0.509251 0.397166 0.730014
1305031813.433247 -0.216273 0.18981 -0.503692 0.213279 0.505978 0.406062 0.730487
1305031813.466220 -0.219365 0.197132 -0.493471 0.201446 0.500924 0.417252 0.731024
1305031813.498088 -0.219022 0.205407 -0.488816 0.189416 0.493367 0.428803 0.732693
1305031813.534016 -0.22153 0.214707 -0.483535 0.178387 0.487234 0.437797 0.734244
1305031813.566769 -0.222072 0.221936 -0.479146 0.164868 0.481935 0.446966 0.735376
1305031813.598490 -0.222431 0.227444 -0.4734 0.152101 0.478072 0.454676 0.735923
1305031813.631475 -0.224956 0.23154 -0.468191 0.140556 0.474903 0.461485 0.736032
1305031813.661752 -0.227738 0.234323 -0.463968 0.129228 0.471716 0.468514 0.735717
1305031813.698286 -0.229886 0.236064 -0.45939 0.117731 0.468018 0.475666 0.735419
1305031813.730280 -0.233679 0.237054 -0.454389 0.107823 0.463846 0.481901 0.735522
1305031813.764797 -0.239057 0.238808 -0.446035 0.0981414 0.459525 0.487769 0.735722
1305031813.799441 -0.24353 0.241651 -0.438618 0.0877787 0.453947 0.493137 0.736914
1305031813.833945 -0.255461 0.243285 -0.42502 0.0720457 0.445776 0.501245 0.738137
1305031813.867772 -0.262353 0.245172 -0.414351 0.0600071 0.438236 0.509506 0.738073
1305031813.899482 -0.264709 0.251217 -0.405216 0.0484657 0.428317 0.519754 0.737599
1305031813.934338 -0.268399 0.257445 -0.396725 0.0376055 0.420081 0.528646 0.736649
1305031813.965926 -0.27477 0.264456 -0.391494 0.0293368 0.414064 0.536264 0.734923
1305031814.003554 -0.277837 0.27089 -0.385816 0.0231038 0.408914 0.544753 0.731778
1305031814.033924 -0.280434 0.271852 -0.381998 0.0168607 0.40398 0.552663 0.728752
1305031814.066026 -0.286566 0.277205 -0.380786 0.0147557 0.399275 0.559657 0.726048
1305031814.102320 -0.292296 0.28177 -0.380174 0.0134748 0.39597 0.565769 0.72314
1305031814.134667 -0.285236 0.281636 -0.384992 0.014063 0.394072 0.572629 0.718752
1305031814.166052 -0.283053 0.278583 -0.385083 0.0171527 0.396998 0.575868 0.714475
1305031814.202037 -0.280735 0.276586 -0.390552 0.0217715 0.401788 0.577646 0.710223
1305031814.234336 -0.268334 0.271877 -0.400192 0.027379 0.40821 0.579695 0.704676
1305031814.265980 -0.274282 0.269129 -0.400467 0.039976 0.422664 0.577476 0.697336
1305031814.302865 -0.274487 0.264802 -0.402478 0.051147 0.435433 0.578463 0.687868
1305031814.334123 -0.278669 0.261249 -0.405071 0.0622481 0.449652 0.579563 0.67679
1305031814.365916 -0.281501 0.254437 -0.408546 0.0727627 0.464273 0.577854 0.667263
1305031814.402137 -0.285082 0.251392 -0.414813 0.0848922 0.478787 0.577642 0.655657
1305031814.434097 -0.289612 0.250491 -0.422083 0.095457 0.492268 0.577553 0.644199
1305031814.466875 -0.292676 0.249656 -0.430151 0.105097 0.5064 0.576321 0.632746
1305031814.503242 -0.296687 0.246191 -0.440557 0.113571 0.521453 0.575129 0.620012
1305031814.535346 -0.30117 0.24082 -0.447992 0.120837 0.538213 0.573287 0.605861
1305031814.567625 -0.300811 0.242522 -0.459181 0.128562 0.552823 0.571749 0.59242
1305031814.601706 -0.302493 0.243315 -0.465195 0.137851 0.569651 0.567447 0.578359
1305031814.635644 -0.306922 0.241873 -0.480089 0.14752 0.584608 0.563908 0.564339
1305031814.667643 -0.3143 0.240989 -0.478178 0.155687 0.603361 0.555169 0.550913
1305031814.702775 -0.316239 0.24056 -0.486229 0.163335 0.61637 0.549175 0.5402
1305031814.734657 -0.319678 0.238743 -0.494257 0.170826 0.628712 0.541848 0.53098
1305031814.766015 -0.323573 0.237099 -0.496935 0.177809 0.641378 0.533985 0.521419
1305031814.801939 -0.327142 0.234715 -0.502906 0.182873 0.651522 0.528075 0.513044
1305031814.834141 -0.330039 0.236053 -0.507846 0.186994 0.661357 0.520419 0.506759
1305031814.866927 -0.331953 0.235801 -0.514648 0.190983 0.67148 0.51358 0.498875
1305031814.901856 -0.335631 0.23197 -0.522158 0.195015 0.681435 0.506887 0.490593
1305031814.934189 -0.338581 0.231822 -0.525103 0.199233 0.69064 0.49862 0.48446
1305031814.966026 -0.340616 0.231101 -0.530431 0.203982 0.697733 0.491863 0.479198
1305031815.002785 -0.344206 0.229328 -0.535071 0.209316 0.70453 0.485533 0.473372
1305031815.034070 -0.34705 0.226671 -0.537848 0.214297 0.710408 0.480512 0.467446
1305031815.066249 -0.348351 0.22291 -0.542157 0.219449 0.714167 0.476934 0.462971
1305031815.098276 -0.34939 0.220435 -0.545568 0.226075 0.716881 0.472694 0.459927
1305031815.134087 -0.3509 0.21751 -0.547607 0.23218 0.719397 0.468219 0.457528
1305031815.167703 -0.352314 0.214597 -0.549902 0.237686 0.721633 0.464107 0.455363
1305031815.200200 -0.352995 0.211962 -0.552467 0.242024 0.724116 0.458978 0.454335
1305031815.235479 -0.353451 0.20885 -0.555404 0.246245 0.727022 0.453264 0.45316
1305031815.269898 -0.354539 0.206363 -0.557845 0.250085 0.731074 0.4463 0.451447
1305031815.303120 -0.356244 0.203443 -0.559881 0.253463 0.736038 0.438524 0.449111
1305031815.335140 -0.357892 0.200989 -0.561475 0.255545 0.741538 0.430672 0.446476
1305031815.369858 -0.359286 0.195911 -0.564949 0.257688 0.747122 0.42353 0.44275
1305031815.402087 -0.362125 0.19087 -0.567042 0.260889 0.752224 0.416429 0.438957
1305031815.435520 -0.364266 0.187697 -0.567431 0.263899 0.755573 0.410657 0.436839
1305031815.469069 -0.364677 0.184316 -0.569216 0.26623 0.757863 0.40604 0.435771
1305031815.503584 -0.365993 0.18237 -0.569423 0.268343 0.760097 0.401355 0.434923
1305031815.533867 -0.367554 0.179719 -0.571747 0.270116 0.761454 0.398596 0.433988
1305031815.570080 -0.367394 0.17759 -0.571599 0.270843 0.763059 0.396187 0.432921
1305031815.602977 -0.367477 0.176505 -0.572204 0.271849 0.764042 0.394685 0.431928
1305031815.633580 -0.367727 0.175864 -0.572063 0.27255 0.764658 0.393865 0.431143
1305031815.669542 -0.368303 0.175688 -0.571169 0.272957 0.764912 0.393943 0.430364
1305031815.703270 -0.368279 0.176139 -0.571666 0.273229 0.764408 0.395074 0.43005
1305031815.734736 -0.367785 0.179098 -0.570099 0.2728 0.764388 0.395349 0.430104
1305031815.770261 -0.367022 0.178967 -0.569962 0.272328 0.764177 0.396421 0.429793
1305031815.803102 -0.366487 0.180704 -0.569504 0.272452 0.763637 0.397605 0.42958
