1305031526.688356 0 0 0 0 0 0 1
1305031526.721587 0.00207459 -0.00254832 -0.00523625 0.0120764 0.0111681 0.00221104 0.999862
1305031526.755957 0.00404821 -0.00335702 -0.0135837 0.028295 0.0234673 0.00229699 0.999321
1305031526.788681 0.00525199 -0.00807755 -0.021304 0.0447388 0.0361666 0.00205557 0.998342
1305031526.822643 0.00211616 -0.0145545 -0.034162 0.071378 0.0507894 -0.00187158 0.996154
1305031526.856844 -0.00112644 -0.00426218 -0.0481279 0.095828 0.0618933 -0.00491751 0.99346
1305031526.888465 -2.78196e-05 -0.0109914 -0.0594453 0.112431 0.0703351 -0.00982434 0.991118
1305031526.920578 -0.00425086 -0.00695117 -0.0694643 0.134492 0.0815779 -0.0130699 0.987464
1305031526.955033 -0.00705672 -0.00805316 -0.0803301 0.151743 0.0910061 -0.0143058 0.984117
1305031526.987606 -0.0101493 -0.00986457 -0.0910123 0.169853 0.0990491 -0.0165709 0.980339
1305031527.020791 -0.0139778 -0.00611282 -0.0991789 0.184348 0.10604 -0.0164982 0.976985
1305031527.055070 -0.0172977 -0.00680539 -0.106917 0.199277 0.112822 -0.0173159 0.973273
1305031527.086965 -0.0160874 -0.00331292 -0.116727 0.21405 0.118564 -0.0174305 0.969444
1305031527.119854 -0.0211798 -0.000906088 -0.122964 0.222076 0.123723 -0.0158724 0.967017
1305031527.155465 -0.0227508 0.000711318 -0.129512 0.232868 0.128479 -0.0170502 0.963834
1305031527.186447 -0.0229144 0.0100457 -0.136126 0.240933 0.132194 -0.0152663 0.961376
1305031527.222219 -0.0235992 0.0132284 -0.138523 0.240747 0.133851 -0.0138892 0.961214
1305031527.256275 -0.0258396 0.0221763 -0.137471 0.238789 0.135209 -0.0139872 0.961511
1305031527.287060 -0.0314007 0.0290929 -0.135236 0.231534 0.136211 -0.010542 0.963186
1305031527.323213 -0.0346829 0.0323353 -0.132366 0.222059 0.13444 -0.00743485 0.965692
1305031527.355197 -0.0341171 0.0367415 -0.128252 0.212933 0.130766 -0.00280729 0.968273
1305031527.388471 -0.033484 0.0412161 -0.123912 0.203896 0.129007 -0.000151545 0.970455
1305031527.422926 -0.0318313 0.0446617 -0.119418 0.194255 0.128754 0.00269649 0.972461
1305031527.455773 -0.0311134 0.0488385 -0.115168 0.184372 0.129134 0.00573344 0.974319
1305031527.486055 -0.0322253 0.0496249 -0.111671 0.174467 0.129064 0.00778245 0.976137
1305031527.522397 -0.0323897 0.0533386 -0.107127 0.164929 0.128604 0.00873477 0.977846
1305031527.554573 -0.0336493 0.0587577 -0.101971 0.155092 0.129338 0.00967359 0.979349
1305031527.586987 -0.0338112 0.0648904 -0.0969628 0.142968 0.129443 0.010086 0.981174
1305031527.622793 -0.0347255 0.0681291 -0.0919565 0.129116 0.129658 0.0106794 0.983058
1305031527.656028 -0.0403197 0.0749454 -0.0857375 0.115336 0.1291 0.0102451 0.984848
1305031527.688563 -0.0458102 0.0779417 -0.0803957 0.0974412 0.124355 0.0106287 0.987384
1305031527.721751 -0.0459705 0.0744653 -0.0764308 0.0834965 0.11592 0.012168 0.989668
1305031527.756472 -0.0455901 0.0734627 -0.0735065 0.0730523 0.10863 0.0134168 0.991304
1305031527.789333 -0.0522931 0.0781744 -0.0697778 0.0662504 0.104636 0.0144733 0.992196
1305031527.825562 -0.0597501 0.0765641 -0.0676163 0.0565276 0.0989606 0.015723 0.99336
1305031527.857855 -0.069427 0.077676 -0.0646448 0.0516587 0.0908918 0.0163492 0.994386
1305031527.887866 -0.0773258 0.0844271 -0.0612344 0.0465866 0.0792273 0.0135895 0.995675
1305031527.922214 -0.0843591 0.0834177 -0.0565085 0.0377209 0.0665409 0.00945413 0.997026
1305031527.954490 -0.0961754 0.0732159 -0.0555661 0.0312519 0.053163 0.00252955 0.998093
1305031527.987977 -0.107236 0.0777104 -0.0542973 0.0353472 0.0370568 -0.0119136 0.998617
1305031528.025614 -0.118995 0.0796548 -0.0541674 0.0353615 0.0212209 -0.0267896 0.99879
1305031528.056126 -0.132718 0.0760767 -0.0520185 0.0367131 0.00390704 -0.0430124 0.998392
1305031528.085297 -0.145079 0.0775973 -0.0524753 0.0428676 -0.012311 -0.0589123 0.997266
1305031528.124333 -0.157346 0.0782451 -0.0538613 0.0478501 -0.0290352 -0.0746832 0.995635
1305031528.151873 -0.170908 0.0834656 -0.0532916 0.0542387 -0.045518 -0.0925624 0.993186
1305031528.186872 -0.181344 0.0825908 -0.0548576 0.0568707 -0.0598138 -0.110539 0.990439
1305031528.220887 -0.19126 0.0794657 -0.0592454 0.0617448 -0.0701764 -0.128111 0.987345
1305031528.251953 -0.203591 0.0837312 -0.0638624 0.0715724 -0.0778564 -0.143021 0.984053
1305031528.284263 -0.222242 0.0886962 -0.0696859 0.0782687 -0.0871214 -0.155268 0.980906
1305031528.321639 -0.24116 0.0925761 -0.0725963 0.0869852 -0.106027 -0.168946 0.976037
1305031528.355032 -0.254551 0.0984424 -0.0769963 0.0965373 -0.129062 -0.178967 0.970564
1305031528.384839 -0.270263 0.101684 -0.0841941 0.101112 -0.151592 -0.184747 0.965746
1305031528.424006 -0.283067 0.105685 -0.0905076 0.106222 -0.179042 -0.19009 0.959441
1305031528.453962 -0.294832 0.107685 -0.101211 0.108922 -0.207944 -0.196898 0.951907
1305031528.490720 -0.30377 0.110921 -0.105373 0.110088 -0.237331 -0.202163 0.943761
1305031528.524649 -0.3292 0.133648 -0.100109 0.118652 -0.273876 -0.207927 0.931494
1305031528.557069 -0.344277 0.145465 -0.105295 0.11728 -0.301081 -0.214303 0.921775
1305031528.592924 -0.357876 0.14973 -0.112143 0.11063 -0.323742 -0.219298 0.913707
1305031528.623407 -0.362914 0.156923 -0.118017 0.106437 -0.345543 -0.224297 0.904965
1305031528.654033 -0.367341 0.167651 -0.121974 0.100686 -0.362045 -0.231151 0.897416
1305031528.692143 -0.373744 0.174526 -0.126537 0.091362 -0.372583 -0.239043 0.892016
1305031528.725000 -0.376851 0.183047 -0.131027 0.0837428 -0.380195 -0.247145 0.887332
1305031528.756620 -0.37961 0.195939 -0.133791 0.076899 -0.384606 -0.255193 0.883766
1305031528.792160 -0.384751 0.208426 -0.139223 0.0673648 -0.385341 -0.263113 0.881899
1305031528.824057 -0.391 0.223349 -0.14459 0.0566299 -0.386091 -0.270363 0.880131
1305031528.856114 -0.39652 0.240025 -0.150549 0.0464991 -0.386514 -0.27774 0.87824
1305031528.892684 -0.40186 0.25473 -0.154183 0.0339714 -0.386603 -0.284671 0.876554
1305031528.924061 -0.41003 0.26642 -0.158251 0.018659 -0.384751 -0.290764 0.875828
1305031528.956027 -0.41974 0.280167 -0.164426 0.00399647 -0.382023 -0.291455 0.876981
1305031528.991870 -0.42548 0.29704 -0.169625 -0.0080624 -0.379832 -0.289067 0.878694
1305031529.024164 -0.432958 0.312789 -0.173671 -0.0230128 -0.374438 -0.28732 0.881314
1305031529.057246 -0.443275 0.325449 -0.176839 -0.0393413 -0.364665 -0.282363 0.886421
1305031529.092696 -0.45353 0.33946 -0.182568 -0.0524661 -0.351224 -0.272273 0.894291
1305031529.124051 -0.464764 0.356011 -0.189602 -0.0643365 -0.336682 -0.25807 0.903275
1305031529.156187 -0.476615 0.37328 -0.198471 -0.0780189 -0.32199 -0.240685 0.912308
1305031529.192085 -0.488484 0.393182 -0.208288 -0.0922024 -0.307357 -0.224446 0.920138
1305031529.224200 -0.500541 0.411431 -0.216127 -0.107558 -0.293308 -0.213254 0.925702
1305031529.256728 -0.51361 0.427387 -0.223497 -0.122513 -0.278091 -0.208516 0.929611
1305031529.291235 -0.531489 0.439429 -0.232465 -0.1381 -0.259745 -0.205963 0.933295
1305031529.323356 -0.550291 0.454821 -0.245905 -0.150852 -0.241787 -0.203389 0.936705
1305031529.355813 -0.571074 0.459641 -0.253384 -0.167763 -0.231332 -0.201537 0.936869
1305031529.388855 -0.591667 0.468205 -0.26434 -0.174875 -0.22611 -0.202984 0.936531
1305031529.423010 -0.610888 0.475361 -0.273813 -0.175789 -0.222798 -0.206627 0.936357
1305031529.457448 -0.630935 0.484885 -0.284813 -0.173662 -0.217551 -0.20914 0.937429
1305031529.491343 -0.649597 0.489509 -0.291191 -0.171523 -0.213733 -0.212246 0.938003
1305031529.522171 -0.668802 0.494667 -0.300119 -0.164915 -0.206908 -0.215238 0.940034
1305031529.556350 -0.687342 0.503475 -0.310349 -0.156953 -0.19813 -0.215009 0.943335
1305031529.593324 -0.704805 0.5109 -0.317527 -0.154058 -0.19083 -0.21301 0.945768
1305031529.623772 -0.721923 0.516899 -0.322977 -0.154967 -0.184137 -0.208183 0.948018
1305031529.657753 -0.738693 0.523516 -0.327012 -0.156824 -0.17668 -0.200445 0.950796
1305031529.692840 -0.754907 0.528115 -0.329851 -0.161054 -0.169414 -0.19152 0.953247
1305031529.725566 -0.768968 0.532648 -0.33093 -0.164461 -0.162762 -0.184353 0.955236
1305031529.759598 -0.78254 0.533164 -0.329634 -0.169465 -0.153581 -0.179112 0.956877
1305031529.792805 -0.798234 0.526733 -0.324979 -0.174028 -0.141458 -0.174409 0.958794
1305031529.825293 -0.816267 0.531165 -0.327476 -0.166805 -0.126258 -0.169091 0.963142
1305031529.859548 -0.836184 0.531332 -0.327539 -0.165189 -0.11403 -0.158402 0.966757
1305031529.891119 -0.856882 0.530021 -0.327287 -0.163847 -0.105093 -0.146237 0.969909
1305031529.925850 -0.877383 0.530811 -0.328271 -0.159365 -0.0995523 -0.133847 0.973025
1305031529.960102 -0.898027 0.532139 -0.329974 -0.156519 -0.0942019 -0.122834 0.975469
1305031529.992331 -0.919874 0.532103 -0.331152 -0.157349 -0.0873766 -0.111629 0.977315
1305031530.024225 -0.942614 0.527997 -0.333281 -0.160987 -0.0817445 -0.0976086 0.97871
1305031530.059982 -0.963578 0.523607 -0.338102 -0.164218 -0.0782358 -0.0851085 0.979626
1305031530.091203 -0.983817 0.517313 -0.340463 -0.167828 -0.0760551 -0.0729524 0.980167
1305031530.125990 -1.00491 0.509607 -0.347534 -0.166988 -0.0738935 -0.0610668 0.981288
1305031530.159636 -1.02538 0.50064 -0.355493 -0.16524 -0.0722531 -0.0526901 0.982191
1305031530.191494 -1.04413 0.49022 -0.362554 -0.163227 -0.0712304 -0.048433 0.982821
1305031530.224007 -1.06378 0.479572 -0.371861 -0.157906 -0.0685817 -0.0459563 0.983997
1305031530.259074 -1.0828 0.469747 -0.383357 -0.150298 -0.064834 -0.0473188 0.985377
1305031530.292738 -1.10064 0.459462 -0.394587 -0.144659 -0.0600726 -0.0488205 0.986449
1305031530.324398 -1.11811 0.452342 -0.406878 -0.138561 -0.0540069 -0.049397 0.987646
1305031530.355958 -1.13435 0.445596 -0.418901 -0.135407 -0.0471718 -0.0510941 0.988347
1305031530.391987 -1.1515 0.433574 -0.429151 -0.136209 -0.039935 -0.0511033 0.988555
1305031530.423101 -1.16989 0.42195 -0.439872 -0.133788 -0.032351 -0.0507792 0.989179
1305031530.458850 -1.18716 0.412213 -0.451751 -0.129067 -0.025648 -0.0506459 0.99001
1305031530.492200 -1.20032 0.399778 -0.463074 -0.12574 -0.0201541 -0.0488626 0.990654
1305031530.524323 -1.21195 0.383176 -0.473939 -0.121783 -0.0123308 -0.0480114 0.991318
1305031530.558716 -1.22446 0.365022 -0.485624 -0.112188 0.000206273 -0.0483333 0.992511
1305031530.591301 -1.23657 0.351136 -0.502309 -0.0960545 0.016198 -0.0488026 0.994047
1305031530.623002 -1.24336 0.338671 -0.519172 -0.0803851 0.0334628 -0.0490886 0.994992
1305031530.656445 -1.25432 0.326969 -0.53457 -0.0653398 0.0562886 -0.048854 0.995076
1305031530.691015 -1.26425 0.318645 -0.55106 -0.0467876 0.0809738 -0.0465288 0.99453
1305031530.723869 -1.2766 0.313755 -0.573877 -0.0277773 0.107753 -0.0431142 0.992854
1305031530.758503 -1.29236 0.314513 -0.58952 -0.0121172 0.134983 -0.036736 0.990093
1305031530.790818 -1.31396 0.317893 -0.607687 0.00107966 0.161775 -0.028724 0.986409
1305031530.822584 -1.33696 0.328076 -0.622769 0.00972933 0.184039 -0.0178668 0.982708
1305031530.858371 -1.36314 0.333482 -0.631267 0.0105652 0.200902 -0.00533237 0.97954
1305031530.890688 -1.38892 0.332904 -0.632519 0.011046 0.210178 0.00376751 0.977594
1305031530.923878 -1.4183 0.342627 -0.631081 0.0178359 0.212189 0.00866992 0.977027
1305031530.959175 -1.44902 0.354607 -0.628596 0.0215451 0.206733 0.0099626 0.978109
1305031530.988081 -1.47782 0.364634 -0.623217 0.0204089 0.194848 0.011007 0.980559
1305031531.027310 -1.50022 0.375247 -0.613367 0.0162342 0.178769 0.0146342 0.983648
1305031531.058516 -1.52413 0.389048 -0.600997 0.00952392 0.162124 0.0186786 0.986548
1305031531.091208 -1.55048 0.395308 -0.586748 -0.00229696 0.144423 0.0220547 0.989268
1305031531.126140 -1.57453 0.396151 -0.56827 -0.0128854 0.126392 0.0265087 0.991542
1305031531.159520 -1.59982 0.399773 -0.553182 -0.0188906 0.109611 0.0306875 0.993321
1305031531.190137 -1.62517 0.407722 -0.537715 -0.0245322 0.0926456 0.0338386 0.994822
1305031531.228127 -1.64657 0.411171 -0.518182 -0.0324501 0.0741731 0.0382101 0.995985
1305031531.259840 -1.6657 0.40954 -0.498171 -0.0391036 0.0555908 0.0419053 0.996807
1305031531.290185 -1.68909 0.413239 -0.478494 -0.039332 0.0425998 0.0450042 0.997303
1305031531.327763 -1.70784 0.420046 -0.460818 -0.0376327 0.0323195 0.0460304 0.997708
1305031531.358509 -1.72377 0.422196 -0.440931 -0.0377794 0.0271057 0.0454882 0.997882
1305031531.389868 -1.74107 0.424819 -0.42261 -0.0359637 0.0286844 0.0444133 0.997954
1305031531.427177 -1.75931 0.428077 -0.40619 -0.0337277 0.0354401 0.0447517 0.997799
1305031531.459698 -1.77656 0.423706 -0.387582 -0.0335423 0.0440011 0.0485093 0.997289
1305031531.492107 -1.7979 0.42319 -0.370284 -0.0303342 0.0531246 0.0517294 0.996786
1305031531.527542 -1.8177 0.421881 -0.351962 -0.0283025 0.0595031 0.055021 0.996309
1305031531.560506 -1.83565 0.417605 -0.333649 -0.027489 0.0637584 0.0609122 0.995725
1305031531.592018 -1.8539 0.417273 -0.317225 -0.025194 0.0682871 0.0655415 0.995192
1305031531.628037 -1.87153 0.414605 -0.30189 -0.0252413 0.0740881 0.0687508 0.994559
1305031531.659769 -1.89007 0.40765 -0.287232 -0.0255456 0.0809007 0.0732978 0.993695
1305031531.693140 -1.91051 0.404925 -0.274145 -0.0236751 0.0863485 0.0752707 0.993135
1305031531.727762 -1.92842 0.402513 -0.259288 -0.0229149 0.0897524 0.0743489 0.992921
1305031531.755881 -1.94786 0.398819 -0.24679 -0.021775 0.0946964 0.0721721 0.992648
1305031531.790528 -1.96965 0.3951 -0.234591 -0.0185955 0.100366 0.0709368 0.992244
1305031531.826931 -1.99142 0.400212 -0.221433 -0.0147671 0.104082 0.0697751 0.992008
1305031531.858402 -2.01147 0.407791 -0.20832 -0.017472 0.106135 0.0690142 0.9918
1305031531.893291 -2.02812 0.409939 -0.196056 -0.0265963 0.108086 0.0698659 0.991327
1305031531.925080 -2.04403 0.414029 -0.18425 -0.0348249 0.112462 0.0714166 0.990474
1305031531.959262 -2.05951 0.415732 -0.172546 -0.0443027 0.118589 0.0750724 0.98911
1305031531.990634 -2.07591 0.420222 -0.161148 -0.0526447 0.125562 0.0796991 0.987477
1305031532.027524 -2.0922 0.426958 -0.150112 -0.0613397 0.132694 0.086821 0.98544
1305031532.059872 -2.10749 0.433743 -0.137902 -0.0731348 0.140099 0.0966763 0.982689
1305031532.092096 -2.12257 0.4393 -0.125088 -0.0864372 0.147442 0.110695 0.979049
1305031532.126073 -2.13563 0.444465 -0.110288 -0.0984223 0.154047 0.128695 0.97469
1305031532.159926 -2.15025 0.449058 -0.097435 -0.108833 0.159713 0.146333 0.970172
1305031532.195623 -2.16641 0.455951 -0.0829688 -0.117386 0.165428 0.165688 0.965092
1305031532.227800 -2.18162 0.459451 -0.0688224 -0.125897 0.170255 0.185233 0.95961
1305031532.260079 -2.1979 0.465835 -0.0546929 -0.131956 0.175482 0.201461 0.954572
1305031532.295824 -2.21491 0.468019 -0.0409735 -0.140348 0.181687 0.218369 0.948476
1305031532.327833 -2.23156 0.468094 -0.0270828 -0.149397 0.185492 0.235146 0.942327
1305031532.356687 -2.24635 0.465174 -0.011891 -0.159815 0.183542 0.252263 0.936555
1305031532.396584 -2.25675 0.464332 0.0052299 -0.167035 0.178592 0.265724 0.932521
1305031532.424572 -2.26957 0.460443 0.021756 -0.167208 0.174804 0.272606 0.93122
1305031532.461447 -2.28299 0.455182 0.0358573 -0.154432 0.175179 0.26884 0.934445
1305031532.494758 -2.2961 0.445872 0.0489813 -0.141029 0.177334 0.266577 0.936803
1305031532.523363 -2.30791 0.439619 0.0638768 -0.125784 0.178729 0.265133 0.939116
1305031532.558750 -2.32176 0.429541 0.0779026 -0.111797 0.180439 0.263826 0.940925
1305031532.594713 -2.33642 0.423436 0.0898135 -0.100758 0.184257 0.261505 0.942079
1305031532.626577 -2.34562 0.423521 0.104343 -0.0940108 0.191533 0.260825 0.941513
1305031532.655415 -2.35531 0.415148 0.116364 -0.0924925 0.205253 0.264207 0.937823
1305031532.692281 -2.36758 0.404705 0.127352 -0.0940328 0.220557 0.270217 0.932467
1305031532.725142 -2.37421 0.397637 0.141688 -0.100736 0.231517 0.279728 0.926285
1305031532.756518 -2.37504 0.3941 0.156863 -0.105083 0.238932 0.289902 0.920775
1305031532.793593 -2.37431 0.388207 0.17064 -0.10675 0.245604 0.296597 0.916686
1305031532.827589 -2.37513 0.381713 0.183522 -0.105088 0.25571 0.300332 0.912891
1305031532.860360 -2.37569 0.376283 0.19498 -0.102794 0.269071 0.305765 0.907492
1305031532.894951 -2.37576 0.366001 0.203553 -0.102545 0.281684 0.315816 0.900222
1305031532.927108 -2.37223 0.359888 0.215146 -0.0992468 0.291522 0.328502 0.892889
1305031532.958860 -2.36661 0.352163 0.226463 -0.0936801 0.298194 0.341906 0.886231
1305031532.994889 -2.36327 0.346625 0.237458 -0.0850087 0.306151 0.35431 0.879494
1305031533.027007 -2.35871 0.341058 0.247338 -0.0759116 0.314526 0.366025 0.872546
1305031533.059895 -2.35957 0.334158 0.25484 -0.0712385 0.324802 0.375096 0.865293
1305031533.095707 -2.35788 0.332759 0.263081 -0.0693243 0.33445 0.384655 0.857541
1305031533.127261 -2.3487 0.3266 0.267985 -0.0634683 0.343927 0.394621 0.849682
1305031533.158865 -2.34878 0.313566 0.269626 -0.0583992 0.354927 0.398315 0.843778
1305031533.194665 -2.35338 0.306102 0.269886 -0.0569258 0.363894 0.397136 0.840609
1305031533.226596 -2.34925 0.302042 0.270254 -0.0548851 0.371613 0.401352 0.835349
1305031533.258719 -2.34585 0.286774 0.264616 -0.0523552 0.379289 0.406534 0.829535
1305031533.294892 -2.34956 0.276224 0.259091 -0.0482175 0.3859 0.40598 0.827005
1305031533.326747 -2.35026 0.263673 0.251951 -0.0424332 0.392325 0.40854 0.823028
1305031533.358749 -2.35405 0.248755 0.243983 -0.034225 0.400586 0.409619 0.818884
1305031533.394869 -2.35998 0.231929 0.237246 -0.0258759 0.407326 0.410765 0.815284
1305031533.428282 -2.36749 0.218456 0.231735 -0.0170036 0.409962 0.411669 0.813739
1305031533.463804 -2.37519 0.208527 0.226678 -0.00595995 0.411234 0.413597 0.812274
1305031533.495077 -2.38407 0.198954 0.222836 0.00364944 0.413646 0.41615 0.809755
1305031533.523787 -2.38946 0.188053 0.217526 0.0115762 0.415704 0.420815 0.806207
1305031533.563866 -2.39671 0.182548 0.213144 0.0228625 0.419689 0.423196 0.802648
1305031533.596729 -2.40551 0.178508 0.210935 0.0308426 0.427162 0.423986 0.798008
1305031533.623714 -2.41591 0.170487 0.212367 0.0350475 0.438157 0.426792 0.790341
1305031533.662973 -2.42636 0.166504 0.213706 0.0383452 0.44638 0.430369 0.783618
1305031533.695127 -2.43237 0.161983 0.212805 0.0371447 0.453466 0.435493 0.776746
1305031533.727956 -2.43584 0.154732 0.2136 0.0331268 0.464461 0.439261 0.768263
1305031533.763534 -2.44621 0.144985 0.221929 0.0306271 0.479516 0.440872 0.758128
1305031533.795519 -2.45371 0.132518 0.231577 0.0275305 0.490344 0.445214 0.748725
1305031533.827015 -2.4585 0.113617 0.243123 0.0283138 0.495311 0.449819 0.742649
1305031533.859819 -2.47007 0.100921 0.259154 0.0390692 0.491118 0.449449 0.745166
1305031533.895161 -2.47538 0.0966844 0.26829 0.0530413 0.472498 0.44762 0.757343
1305031533.926857 -2.48205 0.0839326 0.27803 0.0659131 0.449947 0.444332 0.771863
1305031533.961985 -2.48735 0.0774258 0.293375 0.0805099 0.426399 0.437815 0.787413
1305031533.994392 -2.48891 0.0647584 0.312926 0.0927286 0.40596 0.428645 0.801787
1305031534.026608 -2.49154 0.0557781 0.328046 0.108503 0.387869 0.414899 0.815869
1305031534.062247 -2.49545 0.0454683 0.342567 0.12379 0.37371 0.401526 0.826918
1305031534.094417 -2.48911 0.0327912 0.350714 0.137457 0.359689 0.392178 0.83542
1305031534.126412 -2.48363 0.0228992 0.361389 0.153609 0.353512 0.377901 0.841798
1305031534.162210 -2.48695 0.0127742 0.369939 0.166175 0.357056 0.362465 0.844699
1305031534.191161 -2.48485 -0.0018658 0.37313 0.175945 0.358589 0.354657 0.845385
1305031534.225977 -2.49345 -0.0154154 0.377876 0.186168 0.360767 0.344755 0.846364
1305031534.262752 -2.49588 -0.0242344 0.38384 0.19076 0.358947 0.337638 0.848981
1305031534.295276 -2.48961 -0.0305376 0.389552 0.193955 0.353816 0.334618 0.851602
1305031534.327593 -2.48494 -0.0386645 0.393059 0.197812 0.352098 0.331218 0.852756
1305031534.362839 -2.48014 -0.0482359 0.394844 0.202084 0.353526 0.32537 0.853414
1305031534.395128 -2.47441 -0.0533181 0.396902 0.207777 0.35676 0.318489 0.853297
1305031534.427890 -2.47103 -0.0618288 0.397655 0.213794 0.361597 0.313154 0.851748
1305031534.462407 -2.46939 -0.0746932 0.397209 0.222564 0.364022 0.306741 0.850802
1305031534.494488 -2.47153 -0.0786718 0.401495 0.231053 0.363738 0.300436 0.85091
1305031534.526222 -2.46812 -0.0847 0.403335 0.234473 0.359757 0.298766 0.852253
1305031534.562364 -2.46261 -0.0904054 0.404585 0.240764 0.353244 0.296862 0.853888
1305031534.594279 -2.46183 -0.0927083 0.409074 0.248003 0.347315 0.29123 0.856185
1305031534.627133 -2.46189 -0.0962344 0.413312 0.250718 0.339948 0.287488 0.859608
1305031534.662781 -2.45428 -0.0939704 0.416579 0.251752 0.329622 0.285446 0.863997
1305031534.694710 -2.44698 -0.0940482 0.418516 0.252077 0.32178 0.284076 0.867303
1305031534.730855 -2.44219 -0.0942501 0.42058 0.25391 0.316656 0.281291 0.86956
1305031534.763129 -2.43735 -0.092153 0.423972 0.253956 0.313355 0.276286 0.872342
1305031534.795824 -2.43568 -0.0948255 0.424545 0.25319 0.310508 0.272913 0.874641
1305031534.831135 -2.43077 -0.0966314 0.424546 0.254716 0.305408 0.270391 0.876775
1305031534.862751 -2.42734 -0.101123 0.420606 0.257055 0.299559 0.266263 0.87937
1305031534.894919 -2.42227 -0.0963729 0.423516 0.261809 0.295072 0.256159 0.88248
1305031534.930974 -2.42038 -0.0894322 0.422021 0.262274 0.297157 0.247061 0.884235
1305031534.962776 -2.41978 -0.0941862 0.415807 0.262211 0.306002 0.241615 0.88274
1305031534.994599 -2.4281 -0.0969852 0.411394 0.266867 0.313945 0.235012 0.880335
1305031535.030642 -2.43753 -0.0994644 0.411483 0.271766 0.314749 0.228439 0.88028
1305031535.062210 -2.44192 -0.0940001 0.412532 0.273935 0.309413 0.22323 0.882831
1305031535.094542 -2.4424 -0.0942708 0.411539 0.273113 0.304068 0.224064 0.88473
1305031535.129807 -2.44897 -0.0940156 0.41075 0.274451 0.300266 0.226737 0.884934
1305031535.158853 -2.455 -0.0963523 0.411284 0.273773 0.292861 0.228937 0.887056
1305031535.193991 -2.4591 -0.0969757 0.411414 0.272406 0.281212 0.229299 0.891144
1305031535.230011 -2.46378 -0.0992392 0.410276 0.268797 0.26863 0.229483 0.89606
1305031535.261725 -2.46292 -0.101525 0.408767 0.266533 0.255471 0.228778 0.900753
1305031535.295784 -2.45932 -0.0982161 0.407368 0.265335 0.243942 0.225603 0.905093
1305031535.329773 -2.46463 -0.103232 0.40566 0.262349 0.236505 0.222729 0.908642
1305031535.361759 -2.46436 -0.104302 0.405306 0.260799 0.226446 0.219022 0.912544
1305031535.392026 -2.4649 -0.107516 0.403996 0.258378 0.217631 0.213568 0.91666
1305031535.431010 -2.46601 -0.115132 0.40035 0.256895 0.209913 0.207668 0.920226
1305031535.462732 -2.46663 -0.122728 0.396658 0.257579 0.202353 0.198977 0.923642
1305031535.495467 -2.47223 -0.12989 0.39423 0.26036 0.196722 0.188641 0.926244
1305031535.530835 -2.46927 -0.129438 0.391808 0.265256 0.190634 0.177366 0.928353
1305031535.562308 -2.47219 -0.116466 0.394491 0.272138 0.18851 0.166284 0.928846
1305031535.594713 -2.4768 -0.108507 0.396348 0.271415 0.189693 0.158681 0.930145
1305031535.630819 -2.48302 -0.111443 0.396633 0.268169 0.192545 0.155526 0.931034
1305031535.662546 -2.48549 -0.10114 0.398573 0.268093 0.193099 0.152517 0.931438
1305031535.694763 -2.48595 -0.0861 0.402356 0.264409 0.19261 0.151793 0.93271
1305031535.730877 -2.48544 -0.0819191 0.403239 0.25748 0.192721 0.15425 0.934221
1305031535.759227 -2.4824 -0.0687717 0.406403 0.252643 0.19291 0.155499 0.935295
1305031535.794599 -2.47877 -0.0609459 0.408333 0.245183 0.194978 0.158545 0.93634
1305031535.831105 -2.4761 -0.057252 0.405828 0.239835 0.196637 0.165359 0.936199
1305031535.859528 -2.47364 -0.0490127 0.405222 0.235388 0.19737 0.171463 0.936076
1305031535.898883 -2.47109 -0.0423936 0.403253 0.230636 0.199696 0.176993 0.935736
1305031535.930685 -2.4653 -0.0303376 0.402218 0.227094 0.2044 0.182564 0.934516
1305031535.959567 -2.46199 -0.0171025 0.400999 0.220407 0.211818 0.188514 0.933283
1305031535.998988 -2.46044 -0.00532713 0.399939 0.209755 0.219611 0.195268 0.932547
1305031536.031463 -2.45581 0.00582144 0.398626 0.198331 0.226458 0.204424 0.931447
1305031536.062243 -2.45314 0.0174238 0.396464 0.18786 0.233638 0.214182 0.929649
1305031536.099404 -2.44927 0.0309725 0.396204 0.175893 0.241157 0.223784 0.927807
1305031536.131440 -2.44372 0.0406239 0.393473 0.163254 0.250085 0.23583 0.924765
1305031536.163367 -2.44073 0.0506949 0.387423 0.152008 0.260778 0.249076 0.920244
1305031536.199777 -2.43575 0.0632571 0.38342 0.1415 0.272263 0.26119 0.915222
1305031536.231583 -2.43206 0.0752696 0.380621 0.130833 0.285286 0.274365 0.908966
1305031536.263219 -2.42678 0.086355 0.374962 0.120266 0.297986 0.289858 0.901511
1305031536.299512 -2.41919 0.0963848 0.369669 0.112117 0.310529 0.306634 0.892736
1305031536.331390 -2.41611 0.108421 0.361052 0.105605 0.322903 0.321087 0.884016
1305031536.363006 -2.41244 0.120474 0.35653 0.0997632 0.334909 0.336159 0.874574
1305031536.399605 -2.40873 0.127977 0.352212 0.0944812 0.347857 0.351671 0.863942
1305031536.431590 -2.40882 0.137391 0.347259 0.0905498 0.360836 0.365532 0.85322
1305031536.463554 -2.40845 0.145172 0.341034 0.0851242 0.371231 0.37893 0.843418
1305031536.499647 -2.40742 0.150615 0.335813 0.079934 0.378277 0.39056 0.835452
1305031536.531617 -2.41052 0.153831 0.331267 0.0766766 0.382717 0.401162 0.828684
1305031536.563087 -2.41347 0.160335 0.329505 0.0748554 0.383126 0.40939 0.824628
1305031536.599164 -2.41431 0.168284 0.32588 0.0737281 0.382314 0.417137 0.821217
1305031536.631797 -2.41724 0.174371 0.321265 0.0730174 0.382263 0.425596 0.816953
1305031536.663533 -2.42182 0.180266 0.319879 0.0708869 0.379929 0.432936 0.814368
1305031536.699497 -2.42367 0.189214 0.318144 0.0684595 0.376191 0.436261 0.814537
1305031536.731424 -2.42523 0.201084 0.315575 0.0661324 0.376148 0.436075 0.814848
1305031536.761478 -2.42436 0.208963 0.307738 0.0625314 0.377835 0.435805 0.814497
1305031536.796242 -2.42719 0.213756 0.30164 0.0595881 0.378755 0.432703 0.815942
1305031536.828016 -2.43154 0.222024 0.299365 0.0571557 0.377711 0.428018 0.819065
1305031536.859596 -2.43357 0.229317 0.294325 0.0536587 0.376255 0.424992 0.821544
1305031536.895830 -2.4346 0.238578 0.288082 0.0511883 0.376304 0.417871 0.825324
1305031536.927579 -2.43441 0.25112 0.280231 0.0498044 0.379119 0.407711 0.829192
1305031536.962880 -2.43392 0.258957 0.267614 0.0484664 0.382646 0.402678 0.830111
1305031536.996766 -2.43513 0.268636 0.255904 0.0486174 0.384755 0.396141 0.832269
1305031537.028058 -2.43637 0.282032 0.243336 0.0488285 0.386933 0.38876 0.834724
1305031537.060447 -2.43569 0.2919 0.22805 0.047121 0.387401 0.384179 0.836723
1305031537.095829 -2.43236 0.307726 0.21404 0.0465961 0.386478 0.377398 0.840258
1305031537.129621 -2.42968 0.317508 0.197318 0.044526 0.38807 0.371822 0.842121
1305031537.167541 -2.426 0.326455 0.177239 0.0426122 0.389254 0.365218 0.84456
1305031537.195643 -2.42048 0.337375 0.159171 0.041295 0.387886 0.356917 0.848793
1305031537.230153 -2.41601 0.346009 0.139935 0.0404109 0.385478 0.349253 0.85311
1305031537.265688 -2.41032 0.357761 0.121068 0.0400105 0.381732 0.340128 0.858483
1305031537.298861 -2.4041 0.36698 0.102064 0.0382917 0.378085 0.332129 0.863294
1305031537.330994 -2.3991 0.373182 0.0816332 0.0363858 0.373883 0.323864 0.868332
1305031537.365736 -2.39317 0.380579 0.0615435 0.0354374 0.368092 0.313624 0.874581
1305031537.395624 -2.38903 0.387475 0.0432067 0.0351623 0.361677 0.303032 0.88098
1305031537.429641 -2.38548 0.393721 0.0263246 0.0341185 0.353789 0.293981 0.887268
1305031537.464312 -2.37857 0.398805 0.00775001 0.0321635 0.342894 0.283796 0.894902
1305031537.497527 -2.37314 0.406743 -0.00957818 0.0311309 0.333697 0.271452 0.902214
1305031537.530263 -2.36623 0.416128 -0.0256317 0.028359 0.326253 0.260561 0.908219
1305031537.564476 -2.35594 0.418907 -0.0414878 0.0244138 0.320297 0.253917 0.912326
1305031537.598276 -2.34741 0.417448 -0.0584879 0.0241658 0.315355 0.249898 0.91516
1305031537.630389 -2.3397 0.417839 -0.0741249 0.0259478 0.307253 0.243694 0.91953
1305031537.664114 -2.32705 0.420346 -0.0903362 0.02862 0.295488 0.236099 0.92527
1305031537.695278 -2.31312 0.422837 -0.105865 0.0333418 0.287634 0.227155 0.929815
1305031537.728342 -2.30153 0.425277 -0.121355 0.0378742 0.283646 0.216269 0.933455
1305031537.766378 -2.28914 0.426303 -0.135449 0.0426126 0.279771 0.205514 0.936844
1305031537.798725 -2.27617 0.430118 -0.149102 0.0485617 0.27508 0.196075 0.939961
1305031537.830287 -2.26261 0.433966 -0.161321 0.0532991 0.268714 0.188151 0.94316
1305031537.866662 -2.24589 0.437578 -0.174153 0.0569358 0.261486 0.178716 0.946807
1305031537.898536 -2.22972 0.444148 -0.186656 0.0605643 0.256572 0.169518 0.949614
1305031537.930243 -2.21298 0.450827 -0.19933 0.0616938 0.252011 0.161637 0.952133
1305031537.966300 -2.19192 0.453696 -0.211612 0.0602961 0.245839 0.155409 0.954869
1305031537.998327 -2.17355 0.458063 -0.223666 0.0612166 0.241684 0.148455 0.956976
1305031538.030606 -2.15493 0.464387 -0.234788 0.0614484 0.236457 0.143368 0.95904
1305031538.066420 -2.1341 0.460907 -0.245792 0.0586837 0.229289 0.141462 0.961234
1305031538.099117 -2.11779 0.457672 -0.256707 0.0611591 0.220649 0.141209 0.963137
1305031538.130778 -2.09821 0.458503 -0.268447 0.0658987 0.207157 0.143186 0.965527
1305031538.167361 -2.07474 0.451649 -0.281611 0.0660299 0.193124 0.141416 0.968682
1305031538.198836 -2.05188 0.445052 -0.295105 0.0708371 0.183674 0.134394 0.971177
1305031538.231674 -2.03409 0.442348 -0.309353 0.080431 0.178952 0.125608 0.972486
1305031538.267245 -2.01691 0.438848 -0.321416 0.0884739 0.174397 0.11564 0.973851
1305031538.297169 -2.00071 0.432039 -0.333364 0.0967836 0.16878 0.104917 0.975263
1305031538.329631 -1.98468 0.430637 -0.34428 0.108384 0.161512 0.0933224 0.976452
1305031538.366671 -1.96913 0.430793 -0.356306 0.11862 0.152974 0.0831277 0.977557
1305031538.395653 -1.95339 0.430205 -0.368977 0.128173 0.144963 0.0754447 0.978195
1305031538.434273 -1.93996 0.431774 -0.38047 0.138028 0.136379 0.0695204 0.978528
1305031538.468114 -1.92269 0.434758 -0.391073 0.146432 0.124402 0.0618321 0.979418
1305031538.498490 -1.90722 0.445814 -0.401949 0.153717 0.112593 0.0547966 0.980149
1305031538.534659 -1.88798 0.45757 -0.412417 0.156407 0.10029 0.0487371 0.981378
1305031538.566473 -1.86974 0.471934 -0.421357 0.155615 0.0906247 0.0396064 0.982854
1305031538.598497 -1.84926 0.4925 -0.42984 0.150658 0.0836766 0.030398 0.984569
1305031538.634075 -1.82699 0.4972 -0.442353 0.141171 0.0801849 0.0257434 0.986397
1305031538.666052 -1.81444 0.511413 -0.456398 0.138011 0.0784318 0.021081 0.987095
1305031538.698387 -1.80838 0.538783 -0.463412 0.131371 0.0740119 0.0150215 0.988452
1305031538.734584 -1.79008 0.555202 -0.470524 0.114012 0.0625716 0.0150234 0.991393
1305031538.766510 -1.76581 0.564482 -0.481993 0.0965938 0.0502247 0.0168593 0.993913
1305031538.798755 -1.74356 0.584218 -0.490242 0.0813477 0.0420881 0.0153992 0.995678
1305031538.832497 -1.71978 0.596108 -0.498404 0.060431 0.037819 0.0111504 0.997393
1305031538.867193 -1.69511 0.601146 -0.5078 0.0437883 0.0366473 0.00769039 0.998339
1305031538.899432 -1.6724 0.612186 -0.518693 0.0317012 0.0369431 0.00599914 0.998796
1305031538.936017 -1.64789 0.621694 -0.526592 0.0191312 0.0360093 0.00665708 0.999146
1305031538.967667 -1.6229 0.626717 -0.53569 0.00714776 0.0347567 0.0076204 0.999341
1305031538.999448 -1.59737 0.632905 -0.544982 -0.00216708 0.0338852 0.0077045 0.999394
1305031539.034977 -1.57111 0.63909 -0.553356 -0.0106942 0.0333204 0.00659379 0.999366
1305031539.067603 -1.54513 0.644579 -0.560025 -0.0176495 0.0327222 0.00377707 0.999302
1305031539.099360 -1.51809 0.652668 -0.566936 -0.0247578 0.0307555 -0.000253688 0.99922
1305031539.135768 -1.49229 0.656804 -0.570686 -0.0341584 0.0289704 -0.00450239 0.998986
1305031539.167546 -1.46758 0.66427 -0.573867 -0.0422184 0.0260689 -0.01018 0.998716
1305031539.199492 -1.4431 0.671725 -0.576887 -0.053724 0.020663 -0.0150263 0.998229
1305031539.235629 -1.41796 0.674326 -0.577659 -0.0697336 0.0110397 -0.0203759 0.997296
1305031539.267760 -1.39041 0.677567 -0.577376 -0.0841927 -0.000734863 -0.0293333 0.996017
1305031539.299592 -1.36342 0.682919 -0.580345 -0.0980491 -0.00909844 -0.0407762 0.994304
1305031539.335706 -1.33519 0.685366 -0.580568 -0.115551 -0.0144117 -0.0568633 0.991568
1305031539.367585 -1.30759 0.688774 -0.582176 -0.130987 -0.0160506 -0.0779338 0.988186
1305031539.399501 -1.28184 0.687841 -0.585136 -0.148226 -0.0148506 -0.0972115 0.984052
1305031539.435549 -1.2582 0.685587 -0.586832 -0.167317 -0.0130256 -0.11245 0.979383
1305031539.467525 -1.22679 0.685333 -0.588767 -0.178559 -0.0197414 -0.123917 0.975895
1305031539.499639 -1.20304 0.68145 -0.591476 -0.187866 -0.0290754 -0.131081 0.972974
1305031539.535499 -1.17945 0.679766 -0.595168 -0.194964 -0.0395716 -0.137379 0.970335
1305031539.567517 -1.15223 0.677894 -0.598133 -0.198134 -0.04996 -0.144624 0.968159
1305031539.599060 -1.12932 0.669943 -0.603033 -0.199293 -0.0576265 -0.153605 0.966109
1305031539.635592 -1.10597 0.663443 -0.607389 -0.198298 -0.0648566 -0.165875 0.963824
1305031539.667412 -1.07996 0.655952 -0.609766 -0.194436 -0.0722467 -0.180749 0.961408
1305031539.703794 -1.05787 0.643001 -0.611419 -0.189931 -0.0788733 -0.193895 0.959224
1305031539.735675 -1.03553 0.632419 -0.613095 -0.185819 -0.0874529 -0.205434 0.95688
1305031539.767637 -1.01312 0.624602 -0.614874 -0.183564 -0.0962799 -0.215484 0.954254
1305031539.803605 -0.988178 0.615471 -0.610814 -0.182807 -0.107418 -0.225062 0.950994
1305031539.832088 -0.967951 0.605816 -0.609155 -0.182625 -0.119867 -0.234045 0.947366
1305031539.867127 -0.944428 0.601591 -0.606318 -0.182493 -0.13382 -0.244475 0.942879
1305031539.903594 -0.920996 0.595599 -0.601462 -0.184981 -0.146059 -0.256702 0.937312
1305031539.935437 -0.893583 0.594238 -0.593924 -0.185561 -0.157017 -0.27138 0.931271
1305031539.967652 -0.868542 0.587641 -0.583486 -0.184296 -0.163655 -0.284794 0.926361
1305031540.003691 -0.845412 0.580153 -0.576958 -0.179773 -0.168122 -0.295686 0.923031
1305031540.035614 -0.820983 0.575309 -0.568028 -0.172955 -0.171693 -0.30524 0.920563
1305031540.067782 -0.803721 0.562406 -0.558365 -0.164854 -0.173475 -0.310114 0.920086
1305031540.103651 -0.783109 0.55333 -0.555919 -0.149744 -0.176662 -0.314357 0.920623
1305031540.135787 -0.760584 0.543487 -0.549222 -0.136163 -0.178049 -0.314435 0.922436
1305031540.167625 -0.74199 0.532858 -0.543746 -0.122214 -0.17535 -0.31243 0.925583
1305031540.204012 -0.725441 0.520964 -0.538208 -0.106621 -0.171054 -0.30711 0.930084
1305031540.235943 -0.71482 0.509918 -0.537228 -0.089513 -0.169636 -0.301367 0.934018
1305031540.267794 -0.699616 0.504608 -0.539713 -0.0697278 -0.175026 -0.295272 0.936653
1305031540.303627 -0.681123 0.497189 -0.538275 -0.0555437 -0.181748 -0.287602 0.938705
1305031540.335660 -0.664685 0.488551 -0.537531 -0.0411441 -0.185368 -0.280219 0.940969
1305031540.367613 -0.644203 0.478121 -0.533856 -0.0267959 -0.185896 -0.269893 0.944395
1305031540.403545 -0.636037 0.469463 -0.537941 -0.0111791 -0.179098 -0.258695 0.949145
1305031540.435756 -0.619345 0.463189 -0.539983 0.00553427 -0.179953 -0.245303 0.952582
1305031540.467365 -0.603735 0.451177 -0.540448 0.0175571 -0.180546 -0.230445 0.956028
1305031540.502953 -0.588405 0.441633 -0.542445 0.0322909 -0.180674 -0.215583 0.959082
1305031540.535194 -0.564698 0.43404 -0.541242 0.0464074 -0.183062 -0.204197 0.960541
1305031540.563522 -0.547244 0.420477 -0.539498 0.0592301 -0.17824 -0.196163 0.962415
1305031540.603376 -0.5304 0.418347 -0.545275 0.0776339 -0.16783 -0.186577 0.964881
1305031540.635224 -0.510172 0.41551 -0.544235 0.089556 -0.159265 -0.177992 0.96692
1305031540.667294 -0.493976 0.406281 -0.544393 0.0982186 -0.146745 -0.169209 0.969633
1305031540.703386 -0.474402 0.401486 -0.546922 0.1084 -0.134467 -0.157688 0.972267
1305031540.735694 -0.456098 0.396815 -0.54626 0.114642 -0.122228 -0.146587 0.9749
1305031540.767548 -0.439135 0.386903 -0.548022 0.120253 -0.106228 -0.136054 0.977622
1305031540.803232 -0.424799 0.387433 -0.544273 0.130667 -0.0864335 -0.123566 0.979891
1305031540.835181 -0.409095 0.38587 -0.544806 0.137892 -0.0635239 -0.112534 0.981981
1305031540.871023 -0.397873 0.383445 -0.542695 0.144551 -0.0412987 -0.100979 0.983465
1305031540.903222 -0.382565 0.380065 -0.544624 0.150658 -0.0217627 -0.0900904 0.984232
1305031540.935050 -0.373669 0.379446 -0.547189 0.155996 -0.000981186 -0.0777008 0.984696
1305031540.971078 -0.369627 0.376672 -0.547568 0.160104 0.0161998 -0.0634967 0.984923
1305031541.003228 -0.360224 0.371706 -0.54979 0.166424 0.0275452 -0.0522865 0.984282
1305031541.034514 -0.35154 0.369441 -0.551262 0.17403 0.0385998 -0.0407307 0.98314
1305031541.070217 -0.347045 0.365395 -0.552969 0.181976 0.048018 -0.0283243 0.981721
1305031541.099997 -0.344153 0.365295 -0.553219 0.188965 0.05364 -0.0210078 0.980293
1305031541.135330 -0.336575 0.363854 -0.552713 0.192848 0.0591503 -0.0160612 0.979312
1305031541.171574 -0.332838 0.361139 -0.551758 0.197906 0.0678395 -0.0097174 0.977822
1305031541.202996 -0.337227 0.363234 -0.551331 0.200759 0.0733563 -0.0061776 0.976871
1305031541.235198 -0.337608 0.362888 -0.547538 0.197099 0.0727118 -0.00468432 0.977672
1305031541.267954 -0.339269 0.361541 -0.545095 0.192026 0.0697291 -0.00162124 0.978908
1305031541.301672 -0.341266 0.358565 -0.540938 0.185783 0.0641 0.00086318 0.980497
1305031541.331852 -0.343907 0.356577 -0.536089 0.180121 0.0554726 0.000246491 0.982079
1305031541.371250 -0.346107 0.355642 -0.530126 0.173015 0.0444524 -0.0026663 0.983912
1305031541.402022 -0.347794 0.353752 -0.525063 0.165228 0.0341523 -0.00774821 0.985633
1305031541.431932 -0.350181 0.349391 -0.521096 0.15805 0.0237848 -0.0154065 0.987024
1305031541.471366 -0.354082 0.346449 -0.516564 0.153062 0.0131915 -0.0248889 0.987815
1305031541.501569 -0.359769 0.34471 -0.510162 0.145704 0.00185678 -0.0381554 0.98859
1305031541.535345 -0.363719 0.34304 -0.505803 0.138456 -0.00926167 -0.0518991 0.988964
1305031541.569819 -0.368904 0.340953 -0.501775 0.130654 -0.019444 -0.0657896 0.989052
1305031541.603472 -0.375136 0.335927 -0.499468 0.122509 -0.0312419 -0.0802371 0.988725
1305031541.635279 -0.382051 0.33328 -0.495337 0.116465 -0.044923 -0.0953178 0.987589
1305031541.671483 -0.387482 0.331429 -0.492188 0.110737 -0.0594604 -0.112927 0.985621
1305031541.703527 -0.390224 0.326097 -0.48877 0.103825 -0.0736554 -0.134173 0.982748
1305031541.734963 -0.396126 0.32484 -0.486139 0.0980815 -0.0862939 -0.159222 0.978561
1305031541.771656 -0.400742 0.322545 -0.481807 0.0913961 -0.0980634 -0.19063 0.972466
1305031541.803338 -0.406151 0.320725 -0.478018 0.0838743 -0.103553 -0.224666 0.965281
1305031541.835259 -0.417822 0.318464 -0.474253 0.0742599 -0.10799 -0.2556 0.957858
1305031541.871359 -0.42686 0.315284 -0.471161 0.0684492 -0.119298 -0.279646 0.9502
1305031541.903131 -0.43473 0.318144 -0.468766 0.0644852 -0.134312 -0.297172 0.943128
1305031541.932460 -0.442736 0.314482 -0.465488 0.0560859 -0.152892 -0.308801 0.937081
1305031541.969202 -0.449506 0.309206 -0.463691 0.0489585 -0.173546 -0.313944 0.932161
1305031542.000034 -0.454232 0.30981 -0.460256 0.0447094 -0.195253 -0.316731 0.927124
1305031542.032795 -0.454979 0.305622 -0.454373 0.0393072 -0.219169 -0.3206 0.920671
1305031542.069819 -0.454157 0.303027 -0.44571 0.0371192 -0.234906 -0.327242 0.914524
1305031542.102573 -0.453088 0.305343 -0.43784 0.0373324 -0.243252 -0.337052 0.908752
1305031542.139294 -0.456224 0.303051 -0.430328 0.0333103 -0.248497 -0.348252 0.90325
1305031542.170485 -0.462035 0.301298 -0.424298 0.029707 -0.25369 -0.355104 0.899256
1305031542.202214 -0.463333 0.304514 -0.416838 0.0254105 -0.263769 -0.358936 0.894956
1305031542.237243 -0.466732 0.300861 -0.408696 0.0172732 -0.274929 -0.363874 0.889781
1305031542.269752 -0.462436 0.298616 -0.397943 0.0132529 -0.285093 -0.367528 0.885138
1305031542.301218 -0.454706 0.296438 -0.384531 0.00949165 -0.289312 -0.373971 0.88111
1305031542.338812 -0.455054 0.289092 -0.37331 0.00415814 -0.285492 -0.38183 0.879024
1305031542.371582 -0.455709 0.286759 -0.3644 0.00171774 -0.280545 -0.385023 0.879232
1305031542.403140 -0.453103 0.282737 -0.353356 -0.0041031 -0.279904 -0.384182 0.879796
1305031542.439210 -0.453159 0.276113 -0.342462 -0.0109252 -0.279133 -0.382557 0.88069
1305031542.471527 -0.451903 0.26844 -0.332659 -0.0144282 -0.280192 -0.379329 0.881699
1305031542.503717 -0.445531 0.261013 -0.321092 -0.017243 -0.284328 -0.373256 0.882916
1305031542.539439 -0.439242 0.249734 -0.308185 -0.0212983 -0.287345 -0.36799 0.88406
1305031542.571672 -0.435393 0.237598 -0.297844 -0.0223513 -0.287916 -0.362858 0.885968
1305031542.603499 -0.426469 0.229531 -0.287188 -0.0210648 -0.290497 -0.355615 0.888091
1305031542.639171 -0.418617 0.217689 -0.274121 -0.023667 -0.293412 -0.348821 0.88976
1305031542.668866 -0.412162 0.205791 -0.263648 -0.0241448 -0.294739 -0.343184 0.891499
1305031542.702239 -0.40156 0.196 -0.251653 -0.0219631 -0.297397 -0.341282 0.891403
1305031542.737961 -0.390774 0.185635 -0.237044 -0.0222512 -0.298396 -0.340755 0.891264
1305031542.771170 -0.386889 0.174722 -0.226553 -0.0237699 -0.295226 -0.340848 0.892244
1305031542.803270 -0.380228 0.165951 -0.215354 -0.0236894 -0.296806 -0.341364 0.891524
1305031542.839568 -0.368917 0.15693 -0.198541 -0.0251833 -0.300338 -0.342172 0.889989
1305031542.871198 -0.363205 0.146199 -0.184529 -0.0286126 -0.29786 -0.343279 0.890292
1305031542.903732 -0.356791 0.137774 -0.171852 -0.0308251 -0.295392 -0.344368 0.89062
1305031542.939215 -0.35319 0.127803 -0.15767 -0.0349445 -0.294311 -0.346256 0.890094
1305031542.970866 -0.349316 0.118668 -0.144586 -0.0381002 -0.29658 -0.346267 0.889206
1305031543.002677 -0.342942 0.109346 -0.128349 -0.0430257 -0.301579 -0.344407 0.888022
1305031543.039126 -0.339799 0.0982157 -0.113272 -0.0488554 -0.304953 -0.342397 0.887345
1305031543.070710 -0.332229 0.0903969 -0.097474 -0.0520312 -0.310136 -0.340381 0.886143
1305031543.102755 -0.325465 0.0807204 -0.0799234 -0.0576744 -0.313468 -0.340801 0.884458
1305031543.139358 -0.318971 0.0700508 -0.0625289 -0.0628452 -0.31444 -0.341947 0.883318
1305031543.170265 -0.315398 0.0591887 -0.0474105 -0.0679804 -0.313296 -0.342091 0.883288
1305031543.200190 -0.311438 0.0482477 -0.0338757 -0.0724779 -0.314154 -0.337484 0.884397
1305031543.238701 -0.305819 0.0382655 -0.0200338 -0.0771287 -0.316228 -0.328832 0.886522
1305031543.270923 -0.302973 0.0258839 -0.00748372 -0.0808502 -0.317984 -0.321582 0.88822
1305031543.302962 -0.299325 0.0155107 0.00169928 -0.0786207 -0.320748 -0.315362 0.889655
1305031543.338824 -0.29462 0.00905379 0.00892207 -0.0751313 -0.323518 -0.310091 0.890806
1305031543.370800 -0.293089 -0.000605644 0.0140874 -0.0728243 -0.32554 -0.306888 0.89137
1305031543.407586 -0.291744 -0.00629285 0.0151358 -0.0656514 -0.329116 -0.306849 0.890627
1305031543.436408 -0.290066 -0.0118208 0.0163858 -0.0597266 -0.333449 -0.306702 0.889482
1305031543.472193 -0.290308 -0.015552 0.0143967 -0.0549105 -0.335719 -0.305744 0.889268
1305031543.507662 -0.292091 -0.0186256 0.00983445 -0.0505523 -0.339649 -0.307407 0.88746
1305031543.539811 -0.293188 -0.020993 0.00515652 -0.0451086 -0.34644 -0.310788 0.883943
1305031543.572301 -0.295443 -0.0230537 -0.000941765 -0.0411294 -0.350716 -0.313587 0.881459
1305031543.607686 -0.29971 -0.0235039 -0.0121333 -0.0375408 -0.354523 -0.317227 0.87879
1305031543.639875 -0.303412 -0.0222211 -0.0225581 -0.0362792 -0.361844 -0.324061 0.873348
1305031543.671696 -0.310383 -0.0275229 -0.0335256 -0.0384221 -0.365111 -0.328261 0.870323
1305031543.707488 -0.31645 -0.0283304 -0.0495902 -0.0347162 -0.366611 -0.329124 0.869522
1305031543.739759 -0.320966 -0.0292145 -0.064386 -0.033212 -0.36944 -0.330771 0.867757
1305031543.771875 -0.330224 -0.0330398 -0.0818367 -0.0342026 -0.370581 -0.329182 0.867836
1305031543.807535 -0.333834 -0.0307038 -0.102792 -0.0316301 -0.373599 -0.324484 0.868408
1305031543.839894 -0.33704 -0.0306913 -0.120673 -0.0350576 -0.377004 -0.321508 0.867912
1305031543.871869 -0.341611 -0.0348778 -0.138047 -0.042398 -0.378181 -0.316894 0.868769
1305031543.907474 -0.344105 -0.0365102 -0.157737 -0.0476569 -0.376493 -0.310927 0.871382
1305031543.939753 -0.348208 -0.0404573 -0.178222 -0.0533945 -0.372703 -0.306646 0.874191
1305031543.970786 -0.350967 -0.0429205 -0.199452 -0.0537133 -0.367106 -0.304014 0.877453
1305031544.007529 -0.354386 -0.0496069 -0.218203 -0.0535765 -0.358986 -0.301252 0.881763
1305031544.038948 -0.356199 -0.0504183 -0.241939 -0.0472433 -0.346868 -0.298701 0.887822
1305031544.070711 -0.357248 -0.0481214 -0.264549 -0.0414373 -0.332866 -0.296659 0.894134
1305031544.106609 -0.368092 -0.051995 -0.28986 -0.0400731 -0.315763 -0.292166 0.901846
1305031544.137311 -0.377131 -0.0478887 -0.320532 -0.0320267 -0.303007 -0.28494 0.908829
1305031544.171722 -0.38097 -0.0417085 -0.34369 -0.02531 -0.295808 -0.279595 0.913063
1305031544.206571 -0.388895 -0.0363499 -0.367292 -0.0177809 -0.284971 -0.275149 0.918024
1305031544.238072 -0.394669 -0.0261325 -0.391052 -0.00843908 -0.27304 -0.272858 0.922457
1305031544.267766 -0.403133 -0.0172132 -0.413913 -0.00118738 -0.259793 -0.271904 0.926593
1305031544.303584 -0.414716 -0.00611144 -0.438324 0.0076494 -0.244979 -0.273399 0.930151
1305031544.338210 -0.425796 0.00988327 -0.461923 0.0163274 -0.232203 -0.274421 0.93301
1305031544.367911 -0.432343 0.032208 -0.482696 0.022108 -0.221844 -0.275773 0.935011
1305031544.405875 -0.443438 0.0518562 -0.499543 0.018484 -0.209005 -0.279099 0.937059
1305031544.437826 -0.463184 0.0627297 -0.518499 0.0111163 -0.196409 -0.280607 0.939446
1305031544.469937 -0.479483 0.0831221 -0.536066 0.00732286 -0.189522 -0.279592 0.941199
1305031544.505986 -0.499866 0.0958684 -0.550907 -3.36255e-05 -0.185214 -0.280818 0.94172
1305031544.539003 -0.51927 0.109873 -0.564753 -0.00422972 -0.184436 -0.28416 0.940861
1305031544.574785 -0.538328 0.122341 -0.575326 -0.0068732 -0.185888 -0.28723 0.939626
1305031544.607438 -0.547394 0.146541 -0.584672 -0.00674998 -0.189467 -0.288009 0.938673
1305031544.638925 -0.560098 0.163233 -0.591174 -0.0154164 -0.191629 -0.289585 0.937646
1305031544.675602 -0.580986 0.171736 -0.597185 -0.0244482 -0.193407 -0.290827 0.936705
1305031544.703615 -0.595495 0.188357 -0.603378 -0.0274434 -0.198055 -0.291647 0.935394
1305031544.738977 -0.609815 0.195868 -0.602331 -0.0332443 -0.203199 -0.291961 0.934004
1305031544.775192 -0.625995 0.202855 -0.604272 -0.0327729 -0.204933 -0.294311 0.932904
1305031544.807101 -0.640728 0.215013 -0.607206 -0.0282495 -0.205015 -0.295746 0.93258
1305031544.839027 -0.650266 0.232656 -0.608318 -0.0253163 -0.205507 -0.296055 0.932458
1305031544.875379 -0.665242 0.244739 -0.608594 -0.0294937 -0.204695 -0.298605 0.9317
1305031544.907436 -0.681158 0.252573 -0.606263 -0.0325952 -0.202484 -0.303336 0.930551
1305031544.939009 -0.694698 0.263109 -0.604524 -0.0330697 -0.197654 -0.310057 0.929357
1305031544.975561 -0.714971 0.271119 -0.603476 -0.036732 -0.190515 -0.31513 0.929004
1305031545.007409 -0.735122 0.275145 -0.601658 -0.0415948 -0.18741 -0.315801 0.929202
1305031545.039484 -0.751466 0.278223 -0.59921 -0.0432887 -0.184513 -0.313402 0.930516
1305031545.075213 -0.769281 0.27806 -0.59689 -0.0418591 -0.179456 -0.310262 0.93262
1305031545.107171 -0.784324 0.283696 -0.595257 -0.0381223 -0.174227 -0.304364 0.935711
1305031545.139414 -0.796377 0.286271 -0.592559 -0.0372693 -0.168832 -0.294644 0.939836
1305031545.174984 -0.809545 0.289131 -0.59053 -0.0370265 -0.160345 -0.282214 0.945132
1305031545.207672 -0.823415 0.290912 -0.586731 -0.037018 -0.151455 -0.270399 0.95004
1305031545.239686 -0.842911 0.285759 -0.582707 -0.0368201 -0.142827 -0.257762 0.954884
1305031545.275412 -0.85796 0.292129 -0.580842 -0.0288956 -0.136545 -0.244604 0.959526
1305031545.306213 -0.869162 0.298965 -0.577975 -0.0249317 -0.132397 -0.233985 0.96286
1305031545.339544 -0.883436 0.299833 -0.573779 -0.0239399 -0.126874 -0.224276 0.965935
1305031545.375555 -0.900095 0.298527 -0.5703 -0.0212926 -0.119725 -0.212521 0.96956
1305031545.407463 -0.917312 0.297106 -0.567609 -0.0162642 -0.114175 -0.19898 0.973194
1305031545.439168 -0.932917 0.298326 -0.564583 -0.00861428 -0.1113 -0.187883 0.975827
1305031545.475453 -0.950188 0.288127 -0.55969 -0.00225014 -0.108955 -0.178799 0.977832
1305031545.507417 -0.965677 0.290544 -0.558513 0.014125 -0.108375 -0.170151 0.979339
1305031545.539498 -0.980054 0.289961 -0.55606 0.0264475 -0.110015 -0.161581 0.980351
1305031545.578088 -0.995985 0.291148 -0.554951 0.0405331 -0.113424 -0.157976 0.980069
1305031545.603778 -1.00851 0.29769 -0.552168 0.053096 -0.11971 -0.157543 0.97879
1305031545.635945 -1.02024 0.29728 -0.54666 0.0626473 -0.125803 -0.157196 0.977516
1305031545.673535 -1.03078 0.295173 -0.540537 0.0747206 -0.12996 -0.158757 0.975871
1305031545.706561 -1.04051 0.302952 -0.535444 0.0921976 -0.132788 -0.162233 0.97342
1305031545.739007 -1.04855 0.319857 -0.529482 0.10206 -0.133136 -0.163001 0.97226
1305031545.775565 -1.05911 0.328247 -0.523507 0.10305 -0.133884 -0.164454 0.971808
1305031545.807492 -1.06812 0.339985 -0.515116 0.102416 -0.135766 -0.167545 0.971086
1305031545.843386 -1.07076 0.352318 -0.505719 0.099078 -0.136897 -0.169649 0.970908
1305031545.875515 -1.07558 0.361502 -0.495879 0.0899004 -0.132502 -0.17173 0.972044
1305031545.907616 -1.08165 0.370571 -0.487229 0.0812091 -0.125483 -0.173866 0.97336
1305031545.943703 -1.08473 0.387446 -0.478119 0.073131 -0.119917 -0.176262 0.974271
1305031545.975685 -1.08878 0.395815 -0.468909 0.0597971 -0.113272 -0.176275 0.975972
1305031546.007570 -1.0934 0.410326 -0.462865 0.0492195 -0.106886 -0.175364 0.977446
1305031546.043793 -1.08665 0.422445 -0.453372 0.0350936 -0.103315 -0.175308 0.978449
1305031546.075425 -1.08727 0.431371 -0.445669 0.019562 -0.0909163 -0.174441 0.980266
1305031546.104074 -1.08742 0.439565 -0.439116 0.00737959 -0.0791003 -0.171604 0.981958
1305031546.143517 -1.08415 0.450444 -0.43291 -0.001255 -0.0685298 -0.16758 0.983473
1305031546.175972 -1.0824 0.46213 -0.428235 -0.0094495 -0.0575872 -0.162409 0.984996
1305031546.207525 -1.0754 0.471649 -0.422637 -0.0185762 -0.0498641 -0.156784 0.986198
1305031546.243573 -1.07362 0.475103 -0.416142 -0.0267663 -0.0379858 -0.149021 0.987742
1305031546.276113 -1.07047 0.486719 -0.410673 -0.0268813 -0.0273823 -0.140984 0.989268
1305031546.308117 -1.05958 0.500789 -0.404561 -0.0298276 -0.0204292 -0.132515 0.990521
1305031546.343932 -1.05951 0.505784 -0.397968 -0.0357572 -0.00909726 -0.122454 0.991788
1305031546.376105 -1.05624 0.516062 -0.392321 -0.0349919 -0.00319119 -0.11284 0.992992
1305031546.407683 -1.04884 0.527215 -0.385864 -0.0347769 -0.000610471 -0.104088 0.99396
1305031546.443985 -1.04602 0.534675 -0.379374 -0.0350399 0.00240796 -0.0962848 0.994734
1305031546.476002 -1.03715 0.550892 -0.374084 -0.0324689 0.00235656 -0.0908145 0.995336
1305031546.507978 -1.03554 0.557175 -0.366315 -0.0374776 0.00728003 -0.0863613 0.995532
1305031546.544091 -1.03145 0.568832 -0.360921 -0.0352887 0.00964034 -0.0818325 0.995975
1305031546.576436 -1.02727 0.581524 -0.355571 -0.0364298 0.0125679 -0.0786147 0.99616
1305031546.604477 -1.02516 0.592377 -0.349126 -0.0416254 0.0161449 -0.0748786 0.996193
1305031546.644231 -1.01957 0.602395 -0.343016 -0.0483504 0.0178642 -0.0709726 0.996146
1305031546.676019 -1.01702 0.610272 -0.336436 -0.0558998 0.0221406 -0.0689439 0.995807
1305031546.707952 -1.01311 0.617384 -0.330232 -0.0618771 0.0256597 -0.0674797 0.995469
1305031546.743907 -1.00957 0.626579 -0.323828 -0.0679235 0.0311275 -0.066691 0.994972
1305031546.775885 -1.0087 0.630929 -0.316823 -0.0780633 0.0364476 -0.0657806 0.994108
1305031546.808019 -1.00722 0.634238 -0.310527 -0.0841673 0.0392642 -0.0658048 0.993501
1305031546.844098 -1.00644 0.637782 -0.304953 -0.0874483 0.0401254 -0.0655415 0.9932
1305031546.876150 -1.00482 0.638757 -0.299735 -0.0911931 0.0380253 -0.0658787 0.992924
1305031546.904254 -1.00413 0.637939 -0.295237 -0.0920303 0.0371502 -0.0678695 0.992746
1305031546.943871 -1.00442 0.641105 -0.291489 -0.0875038 0.0369957 -0.0696696 0.993036
1305031546.975693 -1.00428 0.643715 -0.287994 -0.0864685 0.0357341 -0.0717973 0.993021
1305031547.008548 -1.00522 0.642181 -0.284373 -0.0877745 0.0336602 -0.0734246 0.99286
1305031547.044236 -1.00286 0.643678 -0.282147 -0.0852819 0.0312171 -0.0756315 0.992992
1305031547.074033 -1.00205 0.640929 -0.280305 -0.085489 0.0328347 -0.0781511 0.992727
1305031547.109368 -1.00189 0.639593 -0.279096 -0.0820252 0.0355519 -0.0797441 0.992798
1305031547.143020 -1.00231 0.639112 -0.279015 -0.0770628 0.0375996 -0.0806031 0.993051
1305031547.172567 -1.00349 0.639249 -0.279966 -0.0737525 0.0383285 -0.079263 0.993383
1305031547.211605 -1.00372 0.637392 -0.281092 -0.0731183 0.0354172 -0.0778894 0.993646
1305031547.244133 -1.00309 0.634316 -0.283182 -0.071674 0.0323117 -0.0780261 0.993846
1305031547.276566 -1.00375 0.633873 -0.285431 -0.0677542 0.0316421 -0.0786743 0.994092
1305031547.312300 -1.00424 0.631722 -0.287857 -0.0664286 0.0304048 -0.0788997 0.994202
1305031547.344201 -1.00592 0.631537 -0.290195 -0.0639442 0.0296142 -0.0780822 0.994453
1305031547.376783 -1.0065 0.630758 -0.292318 -0.0631141 0.0265663 -0.077167 0.994664
1305031547.412309 -1.00625 0.629119 -0.293943 -0.0625786 0.0228958 -0.0765516 0.994836
1305031547.444479 -1.00608 0.627381 -0.295159 -0.0615694 0.020285 -0.0773239 0.994896
1305031547.475653 -1.00562 0.626437 -0.296221 -0.0588283 0.0189819 -0.0787031 0.99498
1305031547.512129 -1.00469 0.627675 -0.296721 -0.055692 0.0186066 -0.0796531 0.995092
1305031547.543063 -1.00439 0.625815 -0.29634 -0.0562221 0.0189385 -0.0805681 0.994982
1305031547.572452 -1.0039 0.625966 -0.29574 -0.0540726 0.0192974 -0.0804133 0.995107
1305031547.610069 -1.00349 0.627346 -0.295448 -0.0535099 0.0194564 -0.0794029 0.995215
1305031547.643685 -1.00301 0.623892 -0.294162 -0.0562039 0.0190241 -0.0787698 0.995125
1305031547.675727 -1.00166 0.626617 -0.293762 -0.0534257 0.019552 -0.0783341 0.995303
1305031547.712359 -1.0002 0.625976 -0.291947 -0.0572497 0.0204664 -0.0787934 0.995035
1305031547.741819 -0.999673 0.62269 -0.291206 -0.059286 0.0215145 -0.0789346 0.994883
1305031547.773659 -0.998661 0.624817 -0.291242 -0.0562048 0.0223397 -0.0796122 0.994989
1305031547.812136 -0.997548 0.623601 -0.29067 -0.0574114 0.0234118 -0.0804835 0.994826
1305031547.844573 -0.997313 0.623433 -0.29087 -0.0566096 0.0250027 -0.0802931 0.994848
1305031547.875313 -0.996121 0.623671 -0.290816 -0.0567396 0.0249008 -0.0802882 0.994844
1305031547.912229 -0.994952 0.621568 -0.290491 -0.0582943 0.0247002 -0.0800559 0.994778
1305031547.942674 -0.994953 0.621918 -0.290606 -0.0573576 0.0259144 -0.0795825 0.994839
1305031547.976525 -0.994849 0.621721 -0.290549 -0.0574401 0.0264398 -0.0792361 0.994848
