1305031453.374112 0 0 0 0 0 0 1
1305031453.404816 0.00198217 0.00472614 -0.00939083 -0.000527086 0.00628058 0.0120732 0.999907
1305031453.436941 0.00605439 0.00682096 -0.0176095 0.000532787 0.010342 0.0212761 0.99972
1305031453.473352 0.010774 0.0117634 -0.0275889 0.00460287 0.0164295 0.0301659 0.999399
1305031453.505218 0.0160395 0.0145342 -0.0395498 0.00794561 0.0218955 0.0403442 0.998914
1305031453.538301 0.0159652 0.021063 -0.0522677 0.0151852 0.0270766 0.0493778 0.998298
1305031453.574074 0.0153542 0.0245402 -0.0673679 0.0215559 0.0303948 0.0557459 0.997749
1305031453.605314 0.0167407 0.0313069 -0.0824787 0.0288571 0.032423 0.0598721 0.997262
1305031453.636951 0.00571717 0.0371725 -0.0984112 0.0356868 0.0364503 0.0636391 0.996668
1305031453.673185 -0.00802106 0.0442041 -0.112988 0.0436491 0.0361949 0.0614489 0.996498
1305031453.705487 -0.0166547 0.055485 -0.128984 0.0512083 0.0323849 0.0563065 0.996573
1305031453.736856 -0.0272911 0.0657715 -0.143229 0.0563447 0.0284311 0.0514751 0.996678
1305031453.773786 -0.0438225 0.0704719 -0.155222 0.0602592 0.0229952 0.043846 0.996954
1305031453.805041 -0.0474811 0.0822415 -0.168934 0.065848 0.0123877 0.0355247 0.99712
1305031453.840352 -0.0563418 0.0896197 -0.182768 0.0682842 0.00518387 0.029294 0.997222
1305031453.869618 -0.075159 0.0986077 -0.196248 0.0706196 -0.00414329 0.0215909 0.997261
1305031453.905519 -0.0924519 0.108198 -0.204521 0.071373 -0.0176803 0.0139042 0.997196
1305031453.940012 -0.101404 0.112249 -0.211107 0.068555 -0.0365823 0.00941497 0.996932
1305031453.972592 -0.111004 0.119514 -0.212987 0.0673512 -0.0537233 0.00138701 0.996281
1305031454.003179 -0.119917 0.119311 -0.215693 0.0649116 -0.0659498 -0.00934147 0.995666
1305031454.040976 -0.133055 0.119881 -0.220357 0.0665643 -0.077461 -0.0192134 0.994585
1305031454.072690 -0.146774 0.12795 -0.222689 0.0688703 -0.0880614 -0.0307867 0.993254
1305031454.104619 -0.16048 0.125827 -0.227029 0.0676673 -0.0988175 -0.0449571 0.991784
1305031454.141030 -0.172949 0.126618 -0.231304 0.0703483 -0.112335 -0.0595401 0.989387
1305031454.172688 -0.183941 0.134746 -0.23694 0.0720474 -0.126458 -0.0716488 0.986754
1305031454.204626 -0.195323 0.136859 -0.23936 0.0697553 -0.142199 -0.0853401 0.983682
1305031454.240858 -0.206141 0.130508 -0.234416 0.0694694 -0.159849 -0.10162 0.979437
1305031454.273489 -0.211993 0.13777 -0.230398 0.0770486 -0.173716 -0.118307 0.974623
1305031454.304744 -0.220532 0.144359 -0.229867 0.0765981 -0.181036 -0.130547 0.971759
1305031454.340806 -0.238692 0.136886 -0.235107 0.0742755 -0.188212 -0.146247 0.968334
1305031454.372652 -0.242081 0.142552 -0.232152 0.0814906 -0.200814 -0.160257 0.96299
1305031454.401962 -0.24938 0.150186 -0.235492 0.0840021 -0.207981 -0.172562 0.959119
1305031454.437248 -0.264218 0.153985 -0.237652 0.085408 -0.218146 -0.187548 0.95391
1305031454.470741 -0.261998 0.156899 -0.232805 0.0887323 -0.230616 -0.203221 0.947441
1305031454.503859 -0.268176 0.16197 -0.23574 0.0905414 -0.23463 -0.219333 0.942679
1305031454.538424 -0.270642 0.171065 -0.237393 0.091468 -0.240914 -0.23514 0.937178
1305031454.570323 -0.278837 0.181491 -0.239729 0.0898536 -0.244943 -0.248034 0.932957
1305031454.602019 -0.28753 0.188114 -0.241931 0.0873875 -0.253843 -0.265415 0.926003
1305031454.639284 -0.289113 0.194473 -0.240646 0.0860795 -0.267411 -0.278208 0.918522
1305031454.669573 -0.287982 0.205777 -0.244282 0.0819402 -0.278929 -0.284885 0.913414
1305031454.702030 -0.28988 0.211921 -0.24372 0.0756811 -0.292819 -0.29278 0.907088
1305031454.740764 -0.282496 0.213873 -0.241466 0.0708655 -0.307876 -0.296795 0.901168
1305031454.772865 -0.275056 0.217173 -0.238917 0.0645998 -0.315284 -0.292772 0.900393
1305031454.802574 -0.27102 0.224089 -0.23939 0.0602103 -0.318062 -0.285916 0.901922
1305031454.840500 -0.263137 0.231376 -0.237143 0.0558354 -0.320451 -0.279402 0.903398
1305031454.870269 -0.25846 0.237364 -0.235949 0.04993 -0.318056 -0.272675 0.90664
1305031454.901065 -0.254518 0.245264 -0.236409 0.0463337 -0.313322 -0.265424 0.910622
1305031454.940240 -0.253156 0.254533 -0.237392 0.0425966 -0.307524 -0.259035 0.914612
1305031454.973081 -0.255192 0.263271 -0.240982 0.0392191 -0.301407 -0.25336 0.918381
1305031455.010759 -0.259209 0.271788 -0.246971 0.0361397 -0.297085 -0.247423 0.921529
1305031455.040446 -0.26019 0.284137 -0.249824 0.0364229 -0.296324 -0.243949 0.922689
1305031455.074282 -0.264799 0.290109 -0.253754 0.0345014 -0.292625 -0.242486 0.924327
1305031455.110340 -0.270036 0.299337 -0.259082 0.037006 -0.288518 -0.242009 0.925646
1305031455.142700 -0.27537 0.31062 -0.264015 0.0384771 -0.283435 -0.240187 0.927628
1305031455.172771 -0.284352 0.319768 -0.270598 0.0369813 -0.27795 -0.23607 0.930402
1305031455.210307 -0.294001 0.329091 -0.274319 0.0337568 -0.273837 -0.23045 0.933149
1305031455.240960 -0.30323 0.335171 -0.278912 0.0326654 -0.270417 -0.224703 0.935583
1305031455.273001 -0.309653 0.349828 -0.282468 0.0316294 -0.265991 -0.21796 0.938479
1305031455.310303 -0.323533 0.352672 -0.288224 0.0217902 -0.258993 -0.209215 0.942696
1305031455.342381 -0.335639 0.36332 -0.295748 0.0166509 -0.255143 -0.198282 0.946208
1305031455.374120 -0.340655 0.373563 -0.295869 0.00937815 -0.254722 -0.191656 0.947785
1305031455.409213 -0.352869 0.372846 -0.298659 -0.00230037 -0.247283 -0.18498 0.95112
1305031455.442380 -0.367327 0.376724 -0.306912 -0.0101105 -0.238867 -0.175043 0.955092
1305031455.473168 -0.381699 0.377015 -0.314662 -0.0160914 -0.234255 -0.16655 0.957667
1305031455.509397 -0.39459 0.382537 -0.322925 -0.0201825 -0.229699 -0.156131 0.960445
1305031455.540835 -0.412114 0.380625 -0.33292 -0.0264425 -0.224529 -0.143501 0.963481
1305031455.572996 -0.429827 0.383279 -0.344652 -0.0285922 -0.223208 -0.13014 0.965621
1305031455.608802 -0.443095 0.388955 -0.355979 -0.0305084 -0.223541 -0.116187 0.967264
1305031455.641333 -0.459766 0.384001 -0.364617 -0.0372435 -0.220738 -0.103733 0.969086
1305031455.672887 -0.476797 0.380904 -0.3773 -0.0351294 -0.217346 -0.0984141 0.970485
1305031455.707680 -0.492395 0.382939 -0.390255 -0.0307669 -0.214501 -0.0993424 0.971171
1305031455.742005 -0.507378 0.381173 -0.402012 -0.0284227 -0.210406 -0.104662 0.97158
1305031455.773667 -0.521953 0.381149 -0.413956 -0.0262065 -0.204242 -0.107683 0.972627
1305031455.809109 -0.537924 0.372862 -0.426752 -0.0258121 -0.19814 -0.106613 0.974016
1305031455.838364 -0.553508 0.37281 -0.442235 -0.0222846 -0.193578 -0.106228 0.975062
1305031455.872220 -0.565788 0.368497 -0.453899 -0.0222592 -0.191605 -0.107407 0.975323
1305031455.908418 -0.577323 0.364798 -0.466063 -0.0221931 -0.188413 -0.107752 0.975909
1305031455.939606 -0.588445 0.358729 -0.476913 -0.023613 -0.184527 -0.108646 0.976518
1305031455.973594 -0.59862 0.359414 -0.488329 -0.0218035 -0.180478 -0.110796 0.977076
1305031456.008998 -0.609052 0.357943 -0.497705 -0.0231658 -0.175263 -0.113507 0.977682
1305031456.041930 -0.617583 0.362215 -0.507071 -0.0260493 -0.168842 -0.117391 0.978281
1305031456.073846 -0.633378 0.353753 -0.513564 -0.0363332 -0.161678 -0.125638 0.978139
1305031456.108963 -0.646981 0.34276 -0.518769 -0.043495 -0.156456 -0.130856 0.978011
1305031456.140836 -0.65901 0.337069 -0.523921 -0.0448985 -0.151423 -0.132214 0.978557
1305031456.173198 -0.667974 0.325527 -0.526594 -0.0476754 -0.146265 -0.132789 0.979133
1305031456.208934 -0.677426 0.316061 -0.529646 -0.0438753 -0.138513 -0.130512 0.980743
1305031456.240996 -0.687015 0.324745 -0.535583 -0.0370524 -0.127353 -0.127275 0.98296
1305031456.277928 -0.698238 0.316681 -0.534516 -0.0391261 -0.116034 -0.125157 0.984551
1305031456.310040 -0.712099 0.30679 -0.533624 -0.0380776 -0.104391 -0.120381 0.986489
1305031456.341659 -0.722317 0.299674 -0.531575 -0.0346468 -0.0941806 -0.113871 0.988414
1305031456.377115 -0.730858 0.311962 -0.533661 -0.0256173 -0.0817989 -0.108514 0.990393
1305031456.409172 -0.746341 0.296438 -0.525797 -0.0290837 -0.0685895 -0.105061 0.991671
1305031456.440717 -0.763745 0.302061 -0.52215 -0.0201839 -0.0561357 -0.0975033 0.993446
1305031456.476027 -0.781901 0.315126 -0.520584 -0.0168955 -0.0484334 -0.0907898 0.994548
1305031456.508911 -0.799738 0.315552 -0.513488 -0.02368 -0.0462483 -0.0852683 0.995002
1305031456.541832 -0.813173 0.313751 -0.505875 -0.0304079 -0.0469508 -0.0805667 0.995178
1305031456.576087 -0.825467 0.303409 -0.495386 -0.0359608 -0.0461156 -0.0766586 0.995341
1305031456.607930 -0.83424 0.317356 -0.489706 -0.0317647 -0.0422588 -0.0703348 0.996122
1305031456.640699 -0.844769 0.327581 -0.481807 -0.0423219 -0.0362973 -0.0645789 0.996354
1305031456.675835 -0.868356 0.310007 -0.466623 -0.0584938 -0.0261968 -0.0590473 0.996196
1305031456.709099 -0.883773 0.313598 -0.458849 -0.0556465 -0.0211171 -0.0484189 0.997052
1305031456.740863 -0.902847 0.330183 -0.452624 -0.0562842 -0.0168936 -0.0389144 0.997513
1305031456.777218 -0.921639 0.311396 -0.44149 -0.0689144 -0.0181954 -0.03166 0.996954
1305031456.808986 -0.932207 0.317252 -0.431865 -0.0628344 -0.0258902 -0.0242272 0.997394
1305031456.841050 -0.939964 0.336849 -0.421827 -0.0594537 -0.0295012 -0.016524 0.997658
1305031456.878006 -0.949745 0.334723 -0.409406 -0.0676444 -0.0284039 -0.0099363 0.997256
1305031456.909883 -0.958795 0.327982 -0.397648 -0.0721623 -0.0260435 -0.00580726 0.997036
1305031456.942298 -0.970605 0.335724 -0.390139 -0.0655566 -0.0198928 0.000246634 0.997651
1305031456.977139 -0.985753 0.350923 -0.387121 -0.0637142 -0.0121037 0.00478763 0.997883
1305031457.006193 -0.999685 0.347369 -0.377762 -0.0730655 -0.00619316 0.00638945 0.997287
1305031457.042512 -1.01231 0.348541 -0.373447 -0.0742474 -0.00129374 0.00982267 0.997191
1305031457.076011 -1.02512 0.359506 -0.373248 -0.0750618 0.00477502 0.0148653 0.997057
1305031457.108053 -1.03614 0.354369 -0.369681 -0.0859181 0.0103723 0.0189331 0.996068
1305031457.142120 -1.04589 0.345024 -0.367473 -0.0915636 0.0160417 0.0234158 0.995395
1305031457.177463 -1.05832 0.345069 -0.370076 -0.0897628 0.0236867 0.030038 0.995228
1305031457.209336 -1.07305 0.349141 -0.375234 -0.0874981 0.0323922 0.0359857 0.994987
1305031457.240792 -1.08765 0.344436 -0.378964 -0.0923856 0.0401618 0.041556 0.994045
1305031457.277247 -1.09758 0.33009 -0.382156 -0.0939207 0.0459416 0.0481152 0.993355
1305031457.309693 -1.11308 0.333995 -0.391735 -0.0839529 0.0556604 0.0537548 0.993461
1305031457.342954 -1.12848 0.338487 -0.401262 -0.0793394 0.0666555 0.058489 0.992895
1305031457.376037 -1.14278 0.328678 -0.408389 -0.0820391 0.0781174 0.0633728 0.99154
1305031457.407980 -1.15998 0.324957 -0.417064 -0.0756419 0.0905381 0.0713515 0.990449
1305031457.441357 -1.18251 0.323405 -0.426809 -0.0722113 0.101374 0.0787015 0.989098
1305031457.476577 -1.20019 0.315334 -0.435613 -0.0731424 0.10573 0.0839692 0.98814
1305031457.508603 -1.21237 0.304928 -0.444829 -0.0736305 0.107224 0.087583 0.987629
1305031457.543946 -1.22423 0.297696 -0.455177 -0.0700949 0.110217 0.09062 0.987283
1305031457.576581 -1.23921 0.292574 -0.464568 -0.0665225 0.115813 0.0942728 0.986547
1305031457.607246 -1.26076 0.290575 -0.472774 -0.0627389 0.122821 0.0974993 0.985633
1305031457.643534 -1.27403 0.278786 -0.478828 -0.0639827 0.124884 0.100466 0.984996
1305031457.675414 -1.2914 0.28251 -0.487289 -0.0583254 0.127928 0.104022 0.984587
1305031457.707739 -1.30512 0.275292 -0.492849 -0.0639619 0.128411 0.107148 0.983839
1305031457.745071 -1.31538 0.255882 -0.495737 -0.0687423 0.129241 0.106499 0.983478
1305031457.773518 -1.32904 0.243292 -0.501173 -0.0671793 0.131813 0.10484 0.983423
1305031457.807824 -1.33446 0.223896 -0.506253 -0.0631449 0.134655 0.103951 0.9834
1305031457.842853 -1.35117 0.22857 -0.515765 -0.0500206 0.14354 0.103988 0.982894
1305031457.875920 -1.36571 0.217163 -0.519655 -0.0489556 0.152317 0.104101 0.981614
1305031457.906126 -1.38062 0.194949 -0.518392 -0.044743 0.160687 0.104285 0.98046
1305031457.942604 -1.40354 0.193736 -0.520846 -0.0298942 0.167669 0.107245 0.979537
1305031457.976744 -1.43174 0.176265 -0.519171 -0.0193791 0.17143 0.11189 0.97863
1305031458.009019 -1.44173 0.164906 -0.516251 -0.0115491 0.175005 0.112397 0.978063
1305031458.046303 -1.45785 0.173471 -0.516036 8.7045e-05 0.180189 0.11454 0.97694
1305031458.077315 -1.47447 0.173576 -0.50932 0.000967808 0.185574 0.11631 0.975722
1305031458.108896 -1.49041 0.162834 -0.49821 -0.0013925 0.190917 0.116932 0.974616
1305031458.144808 -1.50883 0.152195 -0.48518 -0.000782823 0.195352 0.118379 0.973562
1305031458.178039 -1.53098 0.156655 -0.471836 0.00163751 0.197784 0.122106 0.972609
1305031458.209384 -1.54687 0.149508 -0.45712 -0.00629645 0.196261 0.123422 0.972733
1305031458.245729 -1.55573 0.117455 -0.438755 -0.0145825 0.19377 0.121052 0.973441
1305031458.277447 -1.57538 0.114795 -0.427039 -0.00499954 0.191656 0.120266 0.974053
1305031458.308343 -1.58785 0.111838 -0.411013 -0.00264693 0.186639 0.122503 0.974757
1305031458.343898 -1.59595 0.0910351 -0.391151 0.00118157 0.183248 0.122801 0.975366
1305031458.376213 -1.60713 0.098303 -0.377537 0.0159369 0.181151 0.125091 0.975337
1305031458.407856 -1.6105 0.0991759 -0.362347 0.0247746 0.180216 0.132809 0.974305
1305031458.443957 -1.61085 0.0958041 -0.345979 0.0372516 0.184693 0.138438 0.972284
1305031458.476034 -1.61847 0.0927536 -0.328438 0.0580114 0.196958 0.135378 0.969286
1305031458.508869 -1.6235 0.116691 -0.308242 0.0810805 0.2055 0.134494 0.965975
1305031458.544401 -1.62882 0.121853 -0.288247 0.0891472 0.214592 0.131728 0.963665
1305031458.576178 -1.6435 0.121613 -0.264861 0.0982291 0.223883 0.124742 0.961596
1305031458.608421 -1.65732 0.154561 -0.23618 0.107986 0.226338 0.118186 0.960803
1305031458.643659 -1.66805 0.156147 -0.209791 0.101951 0.224976 0.117988 0.961806
1305031458.676991 -1.67126 0.158063 -0.187344 0.0962685 0.21106 0.111539 0.966305
1305031458.707780 -1.66132 0.149906 -0.167361 0.0920594 0.195328 0.103276 0.970931
1305031458.744924 -1.66819 0.154805 -0.151309 0.0979665 0.182547 0.0916413 0.974003
1305031458.773802 -1.66046 0.164835 -0.143756 0.0978 0.163062 0.0833563 0.978211
1305031458.810621 -1.65204 0.162115 -0.131448 0.0904408 0.15225 0.0813548 0.980827
1305031458.842919 -1.64227 0.149982 -0.118381 0.089054 0.145881 0.079846 0.982045
1305031458.875889 -1.63971 0.157894 -0.113009 0.0965337 0.146141 0.0712349 0.981962
1305031458.910599 -1.64924 0.165065 -0.104851 0.097135 0.153516 0.0760579 0.980415
1305031458.943997 -1.6547 0.156474 -0.0959283 0.0891382 0.159638 0.0903268 0.978985
1305031458.976007 -1.66373 0.128934 -0.0826229 0.0859538 0.165936 0.0951265 0.977767
1305031459.012560 -1.6886 0.121968 -0.067794 0.0961067 0.168497 0.0934048 0.976549
1305031459.044413 -1.71051 0.109372 -0.0596858 0.103351 0.163544 0.102733 0.975714
1305031459.073657 -1.7352 0.0931915 -0.0462085 0.112977 0.152657 0.113341 0.975236
1305031459.112711 -1.75285 0.0858237 -0.0411286 0.124881 0.128893 0.117688 0.976699
1305031459.144497 -1.75777 0.0888757 -0.0240848 0.136255 0.10269 0.11788 0.97826
1305031459.176463 -1.77071 0.0871006 -0.0217621 0.141695 0.0843536 0.123507 0.978546
1305031459.208791 -1.77582 0.0868669 -0.0120715 0.144339 0.0707541 0.134586 0.977776
1305031459.244159 -1.76912 0.0922876 0.00375669 0.145587 0.0641903 0.144105 0.976687
1305031459.274941 -1.76761 0.0989571 0.0113039 0.143926 0.0711916 0.155247 0.974739
1305031459.311921 -1.7714 0.0988279 0.0251408 0.142545 0.0893194 0.171376 0.970738
1305031459.344169 -1.78375 0.105872 0.0376154 0.148022 0.113974 0.189995 0.963847
1305031459.374084 -1.7981 0.126767 0.0516414 0.14943 0.138768 0.214118 0.955284
1305031459.408831 -1.79442 0.130992 0.0630424 0.138019 0.167437 0.248684 0.943966
1305031459.443181 -1.80565 0.130246 0.0605569 0.134968 0.199499 0.286442 0.927327
1305031459.473401 -1.83243 0.137665 0.0721821 0.132418 0.224521 0.321247 0.910416
1305031459.510267 -1.83919 0.138867 0.0770701 0.119902 0.240485 0.353012 0.896199
1305031459.544431 -1.85294 0.12629 0.0854239 0.112137 0.257832 0.379728 0.881337
1305031459.576817 -1.8755 0.122962 0.0927484 0.110461 0.267323 0.396303 0.871367
1305031459.611939 -1.88375 0.120797 0.0966068 0.107212 0.267794 0.405529 0.867374
1305031459.643453 -1.89562 0.122876 0.103589 0.108254 0.274526 0.405544 0.86513
1305031459.675678 -1.91233 0.118487 0.111675 0.103206 0.286515 0.41002 0.859733
1305031459.711531 -1.92261 0.100196 0.114173 0.094731 0.294616 0.414311 0.855906
1305031459.743425 -1.93601 0.084493 0.116413 0.0938331 0.301301 0.412013 0.854785
1305031459.776577 -1.95509 0.0682842 0.121686 0.0930298 0.30677 0.4089 0.854423
1305031459.812562 -1.97044 0.0549939 0.128231 0.0917754 0.308083 0.406792 0.855092
1305031459.844736 -1.98678 0.0402121 0.134922 0.087091 0.308012 0.405631 0.856158
1305031459.877006 -1.99593 0.0249072 0.141905 0.0818612 0.30382 0.408347 0.856881
1305031459.911472 -2.00324 0.0104888 0.148938 0.0808533 0.301536 0.410914 0.856556
1305031459.943616 -2.01377 8.62934e-05 0.158081 0.0805358 0.300671 0.412986 0.855893
1305031459.979430 -2.02062 -0.0140546 0.164993 0.0768289 0.299378 0.41724 0.854623
1305031460.011909 -2.02377 -0.0291271 0.171711 0.0752114 0.299209 0.420398 0.853278
1305031460.043717 -2.03315 -0.0453525 0.179617 0.075449 0.30106 0.42198 0.851824
1305031460.079449 -2.04247 -0.0636929 0.18658 0.0771899 0.298063 0.42821 0.84961
1305031460.111951 -2.04416 -0.077767 0.194291 0.0827717 0.289515 0.436491 0.847824
1305031460.144204 -2.04989 -0.0869249 0.201602 0.0902645 0.282332 0.442797 0.84621
1305031460.178730 -2.05194 -0.0941549 0.212149 0.0915112 0.275753 0.448688 0.845142
1305031460.208637 -2.04394 -0.102174 0.21612 0.0912841 0.273385 0.451892 0.844228
1305031460.243467 -2.04307 -0.111782 0.222316 0.0928859 0.280936 0.451653 0.841699
1305031460.279164 -2.044 -0.123193 0.227179 0.09205 0.289856 0.451363 0.838917
1305031460.311712 -2.0429 -0.133109 0.232807 0.0928468 0.298072 0.452435 0.835365
1305031460.342879 -2.04305 -0.140419 0.238775 0.0918317 0.306316 0.454382 0.831429
1305031460.377806 -2.04083 -0.149453 0.244854 0.0883751 0.315735 0.457754 0.826415
1305031460.409883 -2.03796 -0.159588 0.250075 0.0867439 0.325338 0.462386 0.820262
1305031460.444036 -2.03541 -0.163411 0.257669 0.0852087 0.33726 0.46507 0.814067
1305031460.479856 -2.03594 -0.168939 0.261366 0.0795849 0.349136 0.471415 0.805939
1305031460.508966 -2.03295 -0.181079 0.264863 0.0722121 0.358213 0.482147 0.796243
1305031460.544245 -2.02962 -0.193611 0.269503 0.0652423 0.366965 0.486851 0.789972
1305031460.579561 -2.03015 -0.203755 0.274701 0.0611469 0.375858 0.487811 0.785514
1305031460.612190 -2.02776 -0.213481 0.277408 0.0582159 0.382661 0.490838 0.780551
1305031460.644011 -2.03055 -0.22495 0.284416 0.0560182 0.391277 0.490113 0.776887
1305031460.679350 -2.03543 -0.236617 0.293897 0.0529495 0.397064 0.490989 0.773606
1305031460.711684 -2.03478 -0.245612 0.300728 0.0480682 0.399018 0.491265 0.772743
1305031460.743767 -2.03265 -0.255404 0.307024 0.0448992 0.403865 0.489954 0.771248
1305031460.779201 -2.03552 -0.267831 0.31793 0.0418456 0.409476 0.48888 0.769139
1305031460.811318 -2.03535 -0.274878 0.327948 0.0377152 0.411437 0.486284 0.769951
1305031460.843836 -2.03228 -0.282387 0.335104 0.0312321 0.414323 0.484393 0.769886
1305031460.879093 -2.02981 -0.294661 0.344414 0.0233133 0.41943 0.482348 0.768684
1305031460.911313 -2.02754 -0.306386 0.3541 0.0175475 0.421671 0.48247 0.767534
1305031460.943375 -2.01924 -0.317421 0.359554 0.0134405 0.42131 0.48489 0.766289
1305031460.979083 -2.01265 -0.328844 0.364616 0.0137194 0.424733 0.48489 0.764393
1305031461.011290 -2.00759 -0.341051 0.37196 0.0143635 0.427171 0.485859 0.762404
1305031461.043398 -2.00568 -0.349997 0.380527 0.0179047 0.429328 0.485225 0.76152
1305031461.079602 -2.00099 -0.35658 0.389268 0.0162475 0.427161 0.484916 0.762972
1305031461.111961 -1.98958 -0.365262 0.391418 0.0132063 0.425475 0.483971 0.764571
1305031461.144098 -1.98025 -0.378589 0.39729 0.0131133 0.427144 0.483058 0.764219
1305031461.179883 -1.9771 -0.38156 0.404129 0.0162163 0.42825 0.478086 0.766663
1305031461.211180 -1.9722 -0.387213 0.409203 0.0160429 0.429419 0.475897 0.767375
1305031461.246864 -1.96549 -0.395712 0.415065 0.0162575 0.430382 0.472963 0.768644
1305031461.278888 -1.96056 -0.397498 0.420186 0.0181208 0.430966 0.466696 0.772098
1305031461.311240 -1.95384 -0.395902 0.425459 0.0195271 0.433007 0.461817 0.773853
1305031461.346875 -1.95614 -0.392889 0.435749 0.0170623 0.437986 0.457012 0.773962
1305031461.378850 -1.94354 -0.401235 0.440126 0.00850808 0.436541 0.459642 0.773362
1305031461.411130 -1.93516 -0.403433 0.442375 0.00736008 0.436783 0.457985 0.774219
1305031461.447015 -1.9338 -0.398689 0.445667 0.00583221 0.43632 0.459472 0.773612
1305031461.478901 -1.9168 -0.409024 0.443269 -0.000776193 0.434521 0.462912 0.772595
1305031461.512120 -1.91558 -0.407222 0.445041 0.00491903 0.437404 0.459902 0.772751
1305031461.547338 -1.90996 -0.402085 0.437945 0.00383946 0.436869 0.456976 0.774792
1305031461.578847 -1.90762 -0.398985 0.435042 0.00317224 0.44423 0.452404 0.773291
1305031461.609662 -1.90602 -0.395247 0.434122 0.000276422 0.4497 0.452039 0.770345
1305031461.646970 -1.9029 -0.391444 0.432272 -0.00221988 0.453674 0.451758 0.768173
1305031461.676203 -1.9037 -0.383925 0.431133 -0.0021839 0.456038 0.456395 0.764021
1305031461.711212 -1.89671 -0.379977 0.426637 -0.0052757 0.455246 0.462914 0.760548
1305031461.746919 -1.89827 -0.370028 0.423255 -0.00463145 0.457287 0.464371 0.758437
1305031461.778616 -1.89778 -0.358276 0.417984 -0.00721752 0.458026 0.468278 0.755563
1305031461.811319 -1.89484 -0.350006 0.412732 -0.00947494 0.461269 0.472418 0.750974
1305031461.847090 -1.90102 -0.334218 0.412147 -0.00789515 0.466108 0.476899 0.745149
1305031461.879162 -1.90605 -0.324692 0.417224 -0.0116605 0.46964 0.486752 0.736461
1305031461.911121 -1.90576 -0.312256 0.411173 -0.0155922 0.465545 0.497272 0.731946
1305031461.947264 -1.90525 -0.293303 0.394818 -0.0170178 0.463953 0.501464 0.730063
1305031461.979223 -1.92123 -0.282395 0.402271 -0.0219225 0.474177 0.50481 0.721001
1305031462.011791 -1.91925 -0.287301 0.40771 -0.0354047 0.47409 0.517295 0.711612
1305031462.047463 -1.92046 -0.283647 0.409653 -0.0392962 0.46936 0.529492 0.705546
1305031462.079285 -1.92364 -0.271888 0.40495 -0.0383362 0.461762 0.540625 0.702162
1305031462.112081 -1.92815 -0.26241 0.40209 -0.0394574 0.457693 0.549453 0.697898
1305031462.147634 -1.93126 -0.258614 0.401226 -0.0433418 0.455512 0.555938 0.693948
1305031462.179358 -1.93751 -0.249251 0.398915 -0.045567 0.453819 0.556218 0.694689
1305031462.212836 -1.94331 -0.245825 0.400463 -0.0527741 0.454259 0.557858 0.692574
1305031462.248986 -1.94849 -0.242657 0.402899 -0.0601896 0.453102 0.55755 0.692975
1305031462.280774 -1.95478 -0.238039 0.405116 -0.0675019 0.450302 0.555104 0.696083
1305031462.311931 -1.96134 -0.22985 0.402669 -0.0740976 0.445912 0.552286 0.700465
1305031462.347816 -1.97188 -0.224511 0.408662 -0.0818882 0.44646 0.546715 0.703613
1305031462.379950 -1.98163 -0.218507 0.414855 -0.0902544 0.442736 0.543458 0.707454
1305031462.413016 -1.9903 -0.213398 0.418923 -0.0993811 0.437109 0.540292 0.71214
1305031462.448295 -2.00191 -0.204738 0.422415 -0.105619 0.429829 0.535762 0.719063
1305031462.480843 -2.01012 -0.198983 0.421819 -0.115293 0.420569 0.533374 0.724805
1305031462.517041 -2.01694 -0.196482 0.423621 -0.121386 0.413538 0.531742 0.729042
1305031462.548959 -2.02258 -0.192395 0.417069 -0.126891 0.40223 0.527318 0.737595
1305031462.581088 -2.0284 -0.189189 0.411527 -0.131527 0.396897 0.520723 0.744326
1305031462.617123 -2.03652 -0.185046 0.406008 -0.134557 0.393442 0.512383 0.751373
1305031462.648708 -2.04243 -0.181324 0.400455 -0.136717 0.391574 0.503249 0.758102
1305031462.680788 -2.05229 -0.179539 0.396448 -0.136378 0.390675 0.494137 0.764593
1305031462.716812 -2.06168 -0.177019 0.39106 -0.137972 0.38521 0.484854 0.772977
1305031462.748732 -2.07033 -0.166575 0.379622 -0.137023 0.37589 0.47486 0.783861
1305031462.780885 -2.07875 -0.158541 0.369113 -0.137175 0.369999 0.467692 0.790915
1305031462.816821 -2.08779 -0.151364 0.358784 -0.139014 0.3642 0.462742 0.79618
1305031462.848525 -2.09503 -0.135485 0.347426 -0.139759 0.359003 0.455747 0.802421
1305031462.880471 -2.10092 -0.122805 0.332739 -0.138796 0.357437 0.451422 0.805725
1305031462.916800 -2.10422 -0.11582 0.318428 -0.138778 0.356066 0.450535 0.806831
1305031462.947939 -2.10629 -0.109853 0.304838 -0.137867 0.352862 0.449158 0.809159
1305031462.979943 -2.10666 -0.101316 0.291562 -0.133264 0.349632 0.444942 0.813649
1305031463.016121 -2.10632 -0.0979183 0.276192 -0.129665 0.346043 0.439368 0.818778
1305031463.050783 -2.11047 -0.0915238 0.26107 -0.125601 0.340664 0.431954 0.825584
1305031463.076870 -2.11394 -0.0790755 0.247027 -0.123193 0.336108 0.421932 0.832963
1305031463.116806 -2.11197 -0.0736139 0.231444 -0.120481 0.333508 0.413836 0.838449
1305031463.148565 -2.11572 -0.0642179 0.21508 -0.115465 0.33156 0.402956 0.845199
1305031463.180505 -2.11982 -0.0551812 0.200438 -0.115264 0.329881 0.395169 0.849549
1305031463.217123 -2.1127 -0.0484192 0.187711 -0.116759 0.325911 0.391894 0.85239
1305031463.248719 -2.10758 -0.0400637 0.172495 -0.111517 0.324643 0.386994 0.855807
1305031463.278737 -2.10804 -0.0316739 0.158849 -0.110022 0.323837 0.380138 0.859372
1305031463.317110 -2.10065 -0.0217274 0.147327 -0.108638 0.318336 0.378344 0.862389
1305031463.348740 -2.09401 -0.0137829 0.135542 -0.102269 0.314226 0.375576 0.865879
1305031463.380514 -2.09193 -0.00138322 0.122625 -0.0973906 0.309878 0.369862 0.870455
1305031463.416326 -2.08392 0.0115766 0.110613 -0.0962555 0.305348 0.365801 0.873892
1305031463.444773 -2.07599 0.0249495 0.0977356 -0.0942437 0.303581 0.362501 0.876099
1305031463.480415 -2.06497 0.0384747 0.0838081 -0.0938368 0.302352 0.360933 0.877215
1305031463.516994 -2.05178 0.0462853 0.0728332 -0.0942001 0.305449 0.358492 0.877104
1305031463.548505 -2.04881 0.050716 0.0611793 -0.091558 0.310069 0.358571 0.875729
1305031463.580684 -2.04075 0.0584923 0.0478671 -0.09113 0.306973 0.358803 0.876769
1305031463.616671 -2.02071 0.0605922 0.0302695 -0.0922309 0.301363 0.358677 0.878649
1305031463.646147 -2.00878 0.0648307 0.0136797 -0.0848673 0.302615 0.356188 0.879973
1305031463.683908 -2.00467 0.0765212 -0.00130203 -0.077928 0.302791 0.351926 0.882266
1305031463.716110 -1.9834 0.0772091 -0.0219457 -0.0813737 0.297357 0.350389 0.884412
1305031463.747849 -1.96405 0.0731187 -0.0431152 -0.0796798 0.297882 0.345597 0.886273
1305031463.783912 -1.95628 0.0801611 -0.0586219 -0.0730962 0.300989 0.333947 0.890248
1305031463.815883 -1.9414 0.0798673 -0.0773414 -0.0744932 0.29951 0.324044 0.894282
1305031463.848094 -1.92509 0.0743927 -0.0966939 -0.0749507 0.300011 0.314999 0.897302
1305031463.883817 -1.91607 0.0775662 -0.113203 -0.0698674 0.301513 0.305972 0.900328
1305031463.917433 -1.90587 0.0720951 -0.129778 -0.0706184 0.299786 0.300578 0.90266
1305031463.944435 -1.89192 0.0666184 -0.147172 -0.0695711 0.294725 0.295726 0.906004
1305031463.983748 -1.88087 0.061219 -0.164817 -0.0668323 0.291697 0.288369 0.909555
1305031464.015867 -1.8726 0.0611779 -0.182937 -0.0646445 0.288067 0.280004 0.913475
1305031464.047778 -1.85877 0.0529041 -0.200523 -0.0659242 0.286016 0.271821 0.916494
1305031464.083152 -1.85037 0.0469732 -0.217168 -0.0630713 0.287188 0.262725 0.918978
1305031464.115837 -1.84727 0.0407067 -0.230578 -0.0606244 0.28698 0.258028 0.920537
1305031464.147663 -1.84133 0.0291638 -0.24243 -0.0566216 0.283797 0.256893 0.922095
1305031464.183566 -1.83683 0.0192355 -0.255388 -0.0473004 0.277962 0.253012 0.925465
1305031464.212447 -1.8413 0.0208464 -0.267134 -0.034234 0.27065 0.247987 0.929559
1305031464.247602 -1.844 0.0221509 -0.280749 -0.0252676 0.257787 0.245785 0.934076
1305031464.283694 -1.83633 0.0215741 -0.29339 -0.0213549 0.241008 0.241641 0.939717
1305031464.315699 -1.81972 0.0215005 -0.311003 -0.0188378 0.224867 0.236219 0.945135
1305031464.347553 -1.80393 0.0150491 -0.327096 -0.0159822 0.213989 0.231717 0.948821
1305031464.383465 -1.79063 0.0185231 -0.346425 -0.0103772 0.207145 0.223515 0.952378
1305031464.415539 -1.78026 0.0215306 -0.362679 -0.00848326 0.205401 0.213275 0.955119
1305031464.444269 -1.77012 0.0161277 -0.376008 -0.00743352 0.202997 0.205008 0.957449
1305031464.487561 -1.75517 0.0199697 -0.393763 -0.00436701 0.198798 0.198189 0.959782
1305031464.513688 -1.74893 0.020589 -0.411016 -0.0030526 0.19895 0.190392 0.961333
1305031464.548007 -1.73567 0.0200801 -0.426604 -0.00571589 0.195714 0.178635 0.964237
1305031464.584260 -1.69771 0.0037784 -0.45197 -0.00785166 0.192166 0.170309 0.966439
1305031464.615688 -1.68185 2.4493e-05 -0.469671 9.21876e-05 0.202142 0.160808 0.966064
1305031464.648851 -1.67278 -0.00534246 -0.485887 0.00718655 0.214178 0.147071 0.965633
1305031464.684318 -1.66278 -0.0258522 -0.501089 0.0146163 0.225279 0.129467 0.965543
1305031464.716305 -1.66451 -0.0302277 -0.502408 0.0304139 0.234213 0.111574 0.965283
1305031464.748588 -1.66674 -0.0217466 -0.507752 0.0430768 0.235334 0.0906158 0.966722
1305031464.784268 -1.66655 -0.0339281 -0.503675 0.0471396 0.232346 0.0716035 0.968848
1305031464.816195 -1.67044 -0.0389452 -0.49697 0.0568931 0.22335 0.0566733 0.971425
1305031464.848283 -1.6638 -0.0321547 -0.501786 0.0636998 0.206302 0.0414304 0.975533
1305031464.884177 -1.64447 -0.0276845 -0.502626 0.0617482 0.187497 0.0215053 0.980086
1305031464.916391 -1.62374 -0.0424089 -0.503237 0.0561311 0.173703 0.000776545 0.983197
1305031464.952471 -1.60354 -0.0517888 -0.501465 0.0574647 0.166507 -0.0178345 0.984203
1305031464.984257 -1.58011 -0.0506019 -0.499647 0.0625984 0.162117 -0.0365398 0.984106
1305031465.015390 -1.56889 -0.0487743 -0.485917 0.065148 0.161791 -0.0582928 0.982945
1305031465.048430 -1.56656 -0.0273703 -0.46525 0.0734993 0.157637 -0.0778858 0.981673
1305031465.083338 -1.54667 0.0100167 -0.447813 0.0738368 0.143765 -0.0923181 0.982526
1305031465.115475 -1.52515 0.0208964 -0.435156 0.0565749 0.128777 -0.10573 0.984397
1305031465.151558 -1.50896 0.0239819 -0.416978 0.0393759 0.116881 -0.113043 0.985906
1305031465.183558 -1.49072 0.0310827 -0.398842 0.0274174 0.105551 -0.119362 0.986843
1305031465.215832 -1.47203 0.0482204 -0.386734 0.017876 0.0958085 -0.124712 0.987395
1305031465.251788 -1.45889 0.0500905 -0.368355 0.00531149 0.0876634 -0.124603 0.988312
1305031465.283737 -1.44141 0.0619731 -0.357553 0.00201614 0.0776782 -0.115585 0.990254
1305031465.315985 -1.42552 0.0753586 -0.345352 -0.00370219 0.065184 -0.102698 0.992568
1305031465.351729 -1.41435 0.0779522 -0.334997 -0.00852865 0.0511572 -0.0908048 0.994517
1305031465.383701 -1.38693 0.0841764 -0.331041 -0.00693777 0.0316424 -0.0790005 0.996348
1305031465.416543 -1.35485 0.0938026 -0.331821 -0.00323502 0.0147494 -0.0678574 0.997581
1305031465.452401 -1.33202 0.111357 -0.334087 0.00191338 0.0028326 -0.0547014 0.998497
1305031465.483803 -1.30659 0.131547 -0.336854 0.00286135 -0.00919616 -0.0443698 0.998969
1305031465.516043 -1.28718 0.128749 -0.336448 -0.00141287 -0.0187083 -0.0418649 0.998947
1305031465.551838 -1.25893 0.141624 -0.33959 0.00625827 -0.0299241 -0.0353518 0.998907
1305031465.583570 -1.23132 0.158832 -0.343956 0.013274 -0.0368254 -0.0266787 0.998877
1305031465.615685 -1.21671 0.17402 -0.351066 0.0184258 -0.0399873 -0.0179422 0.998869
1305031465.651645 -1.1962 0.18785 -0.356142 0.0232154 -0.0502804 -0.00945642 0.998421
1305031465.684759 -1.16181 0.203404 -0.359916 0.0297046 -0.0617319 -0.00188048 0.997649
1305031465.716279 -1.14038 0.220727 -0.36477 0.0377181 -0.0655178 0.00666103 0.997116
1305031465.753153 -1.11747 0.243057 -0.369858 0.0464313 -0.0711299 0.0151622 0.99627
1305031465.784387 -1.09092 0.26092 -0.373471 0.0520974 -0.0761497 0.0215075 0.995502
1305031465.816591 -1.0677 0.272822 -0.375985 0.0596102 -0.0802558 0.0267966 0.994629
1305031465.852860 -1.04 0.303185 -0.381464 0.0735324 -0.0841497 0.0315165 0.993236
1305031465.884370 -1.01052 0.329355 -0.384292 0.0787612 -0.0831367 0.0346251 0.992817
1305031465.912828 -0.985928 0.33993 -0.384892 0.0827321 -0.0776777 0.0353643 0.99291
1305031465.952840 -0.967862 0.362639 -0.390029 0.0946778 -0.0693657 0.0348351 0.992477
1305031465.984183 -0.957134 0.387568 -0.396601 0.10338 -0.0615665 0.0314595 0.992236
1305031466.016599 -0.941285 0.411885 -0.402399 0.11008 -0.0595526 0.0302275 0.991676
1305031466.052655 -0.926864 0.43934 -0.407989 0.110505 -0.0580724 0.031433 0.99168
1305031466.083913 -0.91489 0.457813 -0.41167 0.106462 -0.0596916 0.0321185 0.992004
1305031466.116400 -0.899834 0.475596 -0.417662 0.101286 -0.0650293 0.0316231 0.992226
1305031466.152540 -0.888998 0.492274 -0.427406 0.0962911 -0.0697557 0.0330907 0.992354
1305031466.184186 -0.878822 0.510964 -0.438666 0.0897114 -0.0777659 0.0333407 0.992367
1305031466.220477 -0.861721 0.520583 -0.448487 0.0784385 -0.087465 0.0285115 0.992665
1305031466.252491 -0.835747 0.519517 -0.455542 0.073159 -0.0931848 0.021322 0.992728
1305031466.284389 -0.81422 0.530944 -0.471171 0.0759044 -0.0895283 0.00982279 0.993039
1305031466.320055 -0.800288 0.542605 -0.484818 0.0763746 -0.0795175 0.000903885 0.993903
1305031466.352082 -0.789755 0.549994 -0.497353 0.0708282 -0.0699119 -0.00549261 0.99502
1305031466.384479 -0.78115 0.5397 -0.511011 0.0661554 -0.0647999 -0.00864295 0.995665
1305031466.420844 -0.772155 0.553723 -0.524406 0.074118 -0.065324 -0.0127323 0.995026
1305031466.452369 -0.755885 0.567326 -0.535348 0.0749272 -0.0708846 -0.0169997 0.994521
1305031466.483315 -0.732463 0.575297 -0.539988 0.0712113 -0.0769331 -0.0182811 0.994322
1305031466.519548 -0.707806 0.577935 -0.54404 0.0685341 -0.0772111 -0.0191376 0.994472
1305031466.552219 -0.69157 0.590799 -0.551047 0.0678362 -0.0731593 -0.0202318 0.994805
1305031466.584438 -0.671005 0.601116 -0.553764 0.0603326 -0.0739725 -0.023007 0.995168
1305031466.620424 -0.646362 0.591422 -0.5523 0.0512626 -0.0736974 -0.0272233 0.99559
1305031466.648654 -0.628979 0.59795 -0.55625 0.0584315 -0.0699158 -0.0324224 0.995312
1305031466.684412 -0.611199 0.616833 -0.560119 0.0625146 -0.0712254 -0.0373122 0.9948
1305031466.719744 -0.59035 0.61838 -0.561034 0.0555696 -0.0745363 -0.0475127 0.994535
1305031466.748734 -0.569991 0.611789 -0.561271 0.055818 -0.0749181 -0.0564024 0.994027
1305031466.784300 -0.556212 0.624919 -0.565286 0.0647421 -0.0749934 -0.0617686 0.993161
1305031466.819502 -0.5369 0.633086 -0.568197 0.0629536 -0.0807272 -0.0643815 0.992661
1305031466.851527 -0.524952 0.630116 -0.56898 0.059956 -0.0858296 -0.0641119 0.992435
1305031466.883430 -0.510215 0.637374 -0.569344 0.0651503 -0.09754 -0.0638149 0.991044
1305031466.919411 -0.491573 0.638321 -0.574705 0.0648504 -0.112639 -0.0672256 0.989236
1305031466.952451 -0.470875 0.637 -0.579962 0.0648703 -0.123693 -0.0696555 0.987745
1305031466.984027 -0.452187 0.639051 -0.583467 0.0659457 -0.129302 -0.0732339 0.986696
1305031467.020424 -0.436003 0.64028 -0.585937 0.0665737 -0.133751 -0.077691 0.985719
1305031467.052391 -0.416422 0.640918 -0.589939 0.066456 -0.137332 -0.0814708 0.98493
1305031467.084130 -0.400439 0.64495 -0.591171 0.065499 -0.138821 -0.0866663 0.984341
1305031467.120528 -0.387152 0.645379 -0.590941 0.0667313 -0.14157 -0.0972634 0.982876
1305031467.152363 -0.372576 0.646893 -0.591598 0.0688423 -0.145008 -0.104629 0.981471
1305031467.184216 -0.360585 0.650428 -0.5928 0.0708855 -0.149409 -0.108266 0.980271
1305031467.220466 -0.346041 0.651951 -0.594479 0.072059 -0.156501 -0.114164 0.978408
1305031467.252275 -0.33168 0.652006 -0.596996 0.0738641 -0.161976 -0.119355 0.976761
1305031467.284258 -0.317445 0.654688 -0.599103 0.076789 -0.167451 -0.125853 0.974795
1305031467.318028 -0.302688 0.6579 -0.601094 0.0786533 -0.173397 -0.130584 0.972982
1305031467.349355 -0.288672 0.665264 -0.603958 0.0773307 -0.179721 -0.131958 0.971755
1305031467.383844 -0.273571 0.667461 -0.605328 0.0723516 -0.187427 -0.137195 0.969956
1305031467.420160 -0.258467 0.66678 -0.605825 0.0709581 -0.193725 -0.141673 0.968176
1305031467.452057 -0.24394 0.670187 -0.610327 0.0716763 -0.200198 -0.142897 0.966625
1305031467.484357 -0.225169 0.673469 -0.616638 0.0678672 -0.207783 -0.148329 0.964479
1305031467.520535 -0.211426 0.674499 -0.616901 0.0637319 -0.210772 -0.155744 0.962942
1305031467.552164 -0.197794 0.670963 -0.61616 0.06361 -0.212079 -0.158341 0.962239
1305031467.584354 -0.184075 0.671517 -0.615476 0.0636135 -0.214171 -0.156362 0.962099
1305031467.618680 -0.172084 0.663767 -0.610956 0.0637194 -0.219781 -0.154553 0.961119
1305031467.651977 -0.1598 0.657794 -0.60903 0.0696388 -0.225724 -0.1515 0.959816
1305031467.686044 -0.147598 0.655104 -0.608657 0.0729134 -0.229142 -0.154234 0.958327
1305031467.718326 -0.137982 0.646329 -0.599794 0.0768867 -0.231703 -0.159508 0.956535
1305031467.752580 -0.128769 0.638069 -0.593625 0.082471 -0.234124 -0.161101 0.955213
1305031467.788562 -0.12009 0.631366 -0.586275 0.0863798 -0.237289 -0.163983 0.953594
1305031467.820454 -0.112134 0.618483 -0.575102 0.0900839 -0.240765 -0.165055 0.952194
1305031467.852678 -0.106741 0.608841 -0.562122 0.0968587 -0.245721 -0.161842 0.950814
1305031467.888472 -0.101174 0.605642 -0.548956 0.102993 -0.25363 -0.161089 0.948217
1305031467.920800 -0.0937241 0.595011 -0.533222 0.106046 -0.262281 -0.164202 0.944987
1305031467.952485 -0.0879139 0.580373 -0.516648 0.111587 -0.268339 -0.165024 0.942502
1305031467.988523 -0.0767223 0.579904 -0.500323 0.11719 -0.272318 -0.167322 0.940273
1305031468.020491 -0.0723916 0.564345 -0.482208 0.114783 -0.27386 -0.170928 0.939473
1305031468.052668 -0.0717561 0.547235 -0.467856 0.118411 -0.275941 -0.172829 0.938065
1305031468.088379 -0.0638521 0.540623 -0.452332 0.121398 -0.2806 -0.174293 0.936028
1305031468.120522 -0.06019 0.522928 -0.435203 0.11899 -0.283521 -0.176156 0.935108
1305031468.152356 -0.0561178 0.507588 -0.419438 0.120416 -0.285856 -0.179202 0.933634
1305031468.188327 -0.0502341 0.493603 -0.402936 0.119948 -0.287451 -0.182777 0.932511
1305031468.220648 -0.0473953 0.473643 -0.387572 0.117001 -0.28722 -0.182726 0.932967
1305031468.252517 -0.0417308 0.457103 -0.37203 0.116466 -0.286488 -0.180848 0.933624
1305031468.288361 -0.0373479 0.437121 -0.358759 0.114336 -0.28489 -0.181203 0.934307
1305031468.320522 -0.0350223 0.408065 -0.345849 0.112344 -0.283617 -0.17943 0.935278
1305031468.352594 -0.0305375 0.396658 -0.340811 0.116152 -0.280103 -0.175369 0.936641
1305031468.384700 -0.0264999 0.385341 -0.332712 0.114303 -0.279058 -0.17509 0.937233
1305031468.420595 -0.0262777 0.357711 -0.326983 0.107121 -0.278597 -0.17567 0.938109
1305031468.452605 -0.0245139 0.342708 -0.320556 0.106542 -0.278678 -0.17313 0.938623
1305031468.488646 -0.0200933 0.323359 -0.314348 0.102739 -0.278051 -0.17392 0.939087
1305031468.520786 -0.0232148 0.296206 -0.309934 0.100074 -0.276015 -0.179119 0.938998
1305031468.552701 -0.0261367 0.276723 -0.307199 0.105909 -0.275806 -0.186666 0.936947
1305031468.588614 -0.0273625 0.27121 -0.307711 0.110602 -0.275567 -0.191603 0.935477
1305031468.620590 -0.0325181 0.252906 -0.305501 0.103622 -0.276155 -0.193612 0.93569
1305031468.656644 -0.0431415 0.226428 -0.306448 0.0997532 -0.278434 -0.195699 0.935001
1305031468.688643 -0.0500923 0.205411 -0.304869 0.102507 -0.28451 -0.199201 0.932129
1305031468.720560 -0.0537834 0.191368 -0.303293 0.106602 -0.290547 -0.2008 0.929461
1305031468.756725 -0.0591379 0.174511 -0.30168 0.106706 -0.294735 -0.202008 0.927867
1305031468.788562 -0.0648027 0.150855 -0.299797 0.107943 -0.297259 -0.206229 0.925988
1305031468.817997 -0.0712546 0.13838 -0.299396 0.116548 -0.298477 -0.212074 0.92323
1305031468.854887 -0.067538 0.13231 -0.293253 0.120192 -0.299492 -0.215417 0.921658
1305031468.889220 -0.0719432 0.119194 -0.288981 0.117267 -0.294787 -0.217583 0.923042
1305031468.920539 -0.0772022 0.112097 -0.285949 0.113896 -0.288812 -0.214626 0.92604
1305031468.956482 -0.0792017 0.112008 -0.283465 0.109011 -0.28353 -0.210715 0.929154
1305031468.986011 -0.0774652 0.121277 -0.27809 0.0985317 -0.281189 -0.213171 0.930474
1305031469.020731 -0.0884257 0.108017 -0.273571 0.0790188 -0.276743 -0.222203 0.931555
1305031469.056318 -0.0988132 0.0986785 -0.269073 0.065956 -0.274272 -0.229522 0.931528
1305031469.088069 -0.0972686 0.096058 -0.25544 0.0568642 -0.274877 -0.240192 0.929256
1305031469.119984 -0.101114 0.0823683 -0.243629 0.0435961 -0.268534 -0.251881 0.928733
1305031469.155046 -0.106334 0.0738404 -0.231546 0.0339543 -0.26009 -0.260192 0.929247
1305031469.184648 -0.113904 0.0632539 -0.220879 0.0251467 -0.250665 -0.2658 0.930529
1305031469.219541 -0.124557 0.0624778 -0.212834 0.0215167 -0.243241 -0.268341 0.931861
1305031469.256002 -0.128378 0.0616042 -0.201359 0.0174221 -0.24079 -0.272621 0.93134
1305031469.288263 -0.134439 0.0604665 -0.189418 0.0129687 -0.235778 -0.275306 0.931905
1305031469.319772 -0.139118 0.0643524 -0.178201 0.00891137 -0.232414 -0.276886 0.932329
1305031469.356116 -0.136145 0.0556414 -0.163376 0.000399247 -0.229787 -0.282384 0.931374
1305031469.388556 -0.138714 0.0489896 -0.148318 -0.00217262 -0.219925 -0.288439 0.931897
1305031469.420278 -0.142459 0.0568633 -0.135807 0.000504509 -0.207991 -0.293355 0.933104
1305031469.456563 -0.149474 0.0633244 -0.122795 0.000839706 -0.197812 -0.299665 0.933311
1305031469.488520 -0.162929 0.0740897 -0.108525 0.0012363 -0.190232 -0.302315 0.934032
1305031469.520417 -0.166374 0.0834787 -0.0952254 -0.00170779 -0.190668 -0.301968 0.934055
1305031469.556139 -0.167208 0.090738 -0.0823709 -0.00780767 -0.191771 -0.302347 0.933675
1305031469.588500 -0.168083 0.098926 -0.0690989 -0.0158172 -0.192584 -0.30156 0.933661
1305031469.620563 -0.17146 0.106461 -0.0554306 -0.0250973 -0.190791 -0.302763 0.933436
1305031469.656279 -0.178286 0.117142 -0.0410423 -0.0296073 -0.18597 -0.302766 0.934276
1305031469.687925 -0.181526 0.126899 -0.0294673 -0.0338871 -0.182235 -0.301966 0.935125
1305031469.718943 -0.18718 0.136516 -0.0177463 -0.0395488 -0.177109 -0.300951 0.936214
1305031469.756754 -0.192835 0.149599 -0.00700749 -0.0455074 -0.172576 -0.297253 0.93797
1305031469.784733 -0.198854 0.166689 0.00405164 -0.0503995 -0.171123 -0.293345 0.939215
1305031469.820544 -0.20577 0.179754 0.0127019 -0.0559345 -0.172034 -0.290509 0.939617
1305031469.854359 -0.214054 0.195774 0.021668 -0.0621674 -0.172936 -0.28777 0.939903
1305031469.885343 -0.223394 0.211335 0.0291721 -0.0666222 -0.173002 -0.28531 0.940335
1305031469.921773 -0.232573 0.229701 0.0369878 -0.0689648 -0.174399 -0.28105 0.941191
1305031469.953180 -0.24417 0.246297 0.0421053 -0.070204 -0.176171 -0.278738 0.941456
1305031469.985327 -0.255629 0.260528 0.046589 -0.072703 -0.177554 -0.277213 0.941457
1305031470.024714 -0.266079 0.275713 0.0486922 -0.0750553 -0.17925 -0.276002 0.941307
1305031470.057400 -0.27851 0.290695 0.050771 -0.0768982 -0.178765 -0.276362 0.941145
1305031470.088874 -0.290623 0.305351 0.050792 -0.0785366 -0.177742 -0.27392 0.941917
1305031470.124820 -0.302309 0.31826 0.0499001 -0.0834576 -0.177165 -0.272464 0.942025
1305031470.156744 -0.313018 0.332663 0.0498164 -0.0865382 -0.178317 -0.269272 0.942447
1305031470.188876 -0.324985 0.346324 0.0462207 -0.0886995 -0.178839 -0.265597 0.94319
1305031470.224776 -0.337598 0.357897 0.0438087 -0.0935331 -0.178199 -0.263561 0.943415
1305031470.253015 -0.348637 0.370181 0.0403387 -0.0983827 -0.17768 -0.260343 0.943913
1305031470.287867 -0.359979 0.381912 0.0368868 -0.104379 -0.176486 -0.258107 0.944107
1305031470.324266 -0.372608 0.395568 0.0350161 -0.110436 -0.175659 -0.254486 0.944555
1305031470.356871 -0.384187 0.406753 0.0318029 -0.116027 -0.176802 -0.250135 0.944834
1305031470.388056 -0.396941 0.419235 0.0280752 -0.119113 -0.177271 -0.246729 0.945258
1305031470.424090 -0.410187 0.431489 0.0239354 -0.119133 -0.177965 -0.246704 0.945131
1305031470.455875 -0.422488 0.439789 0.0193173 -0.118867 -0.179278 -0.246855 0.944877
1305031470.487958 -0.435108 0.447652 0.0144716 -0.118449 -0.180446 -0.245377 0.945092
1305031470.524431 -0.447443 0.454085 0.00956747 -0.119135 -0.180576 -0.245975 0.944826
1305031470.556484 -0.45815 0.460466 0.00588897 -0.12072 -0.179885 -0.245833 0.944793
1305031470.588797 -0.469242 0.465906 0.00323054 -0.122758 -0.179451 -0.242649 0.945436
1305031470.624535 -0.479794 0.472584 0.000366929 -0.125473 -0.178574 -0.238587 0.946279
1305031470.656787 -0.489926 0.478111 -0.00199039 -0.127649 -0.17824 -0.23414 0.947161
1305031470.688640 -0.500955 0.484434 -0.00437002 -0.130272 -0.178001 -0.231315 0.947543
1305031470.724461 -0.512379 0.48903 -0.00654544 -0.13019 -0.177377 -0.229975 0.947998
1305031470.755944 -0.522832 0.488231 -0.0101951 -0.134545 -0.172773 -0.228227 0.948662
1305031470.788407 -0.529501 0.495376 -0.0113829 -0.134449 -0.168984 -0.223442 0.950495
1305031470.820633 -0.537829 0.50126 -0.0124208 -0.129503 -0.168632 -0.217589 0.9526
1305031470.855509 -0.547331 0.502323 -0.0152871 -0.125895 -0.16893 -0.213064 0.954053
1305031470.886079 -0.556932 0.504488 -0.0186947 -0.122444 -0.16952 -0.207462 0.955631
1305031470.924410 -0.565639 0.505813 -0.0213763 -0.118655 -0.172634 -0.20263 0.956587
1305031470.956439 -0.576525 0.504969 -0.0253689 -0.110153 -0.174746 -0.200271 0.957717
1305031470.988276 -0.585004 0.503895 -0.0304276 -0.103003 -0.174853 -0.19873 0.958814
1305031471.024309 -0.593838 0.500998 -0.0341432 -0.0960304 -0.173027 -0.196664 0.960293
1305031471.056616 -0.602301 0.49957 -0.0381473 -0.0872453 -0.170474 -0.19165 0.962599
1305031471.088440 -0.610363 0.498314 -0.0435359 -0.0808633 -0.169229 -0.183827 0.964899
1305031471.123837 -0.618975 0.497055 -0.0470426 -0.0756203 -0.169046 -0.177281 0.96658
1305031471.155886 -0.624221 0.497435 -0.0506392 -0.069653 -0.168899 -0.170699 0.968237
1305031471.192698 -0.630081 0.496743 -0.0541885 -0.0681263 -0.165991 -0.164546 0.969912
1305031471.224404 -0.637948 0.496262 -0.0571798 -0.0687524 -0.161736 -0.15931 0.97146
1305031471.256397 -0.644823 0.494811 -0.0581211 -0.0699991 -0.159728 -0.156174 0.972212
1305031471.288603 -0.651386 0.492224 -0.0592054 -0.0700461 -0.157133 -0.15199 0.973294
1305031471.324440 -0.654222 0.492075 -0.0609677 -0.0658316 -0.154131 -0.148954 0.974537
1305031471.356569 -0.65698 0.494036 -0.0639646 -0.0635222 -0.14673 -0.146461 0.976209
1305031471.392751 -0.666184 0.487243 -0.0656965 -0.0670214 -0.137669 -0.141136 0.978078
1305031471.424494 -0.672376 0.48868 -0.0697483 -0.0623749 -0.134291 -0.133052 0.979986
1305031471.456975 -0.676525 0.48915 -0.0733428 -0.0619015 -0.134454 -0.127947 0.980673
1305031471.492705 -0.680815 0.487949 -0.0756475 -0.0638072 -0.133704 -0.123809 0.981185
1305031471.524343 -0.685192 0.487334 -0.0788182 -0.0644584 -0.132561 -0.119276 0.981858
1305031471.556561 -0.686394 0.487436 -0.0818072 -0.064694 -0.131659 -0.11755 0.982172
1305031471.592606 -0.68939 0.486641 -0.0853656 -0.0651921 -0.12681 -0.115458 0.983025
1305031471.624486 -0.691829 0.487151 -0.0883668 -0.0642054 -0.122072 -0.113546 0.983912
1305031471.656831 -0.695094 0.486253 -0.0918229 -0.0632061 -0.116289 -0.110057 0.985073
1305031471.693182 -0.697058 0.488457 -0.0956317 -0.060572 -0.11201 -0.104649 0.986323
1305031471.724753 -0.698614 0.490875 -0.0992325 -0.0607617 -0.108089 -0.1003 0.9872
1305031471.753002 -0.698461 0.487939 -0.1003 -0.0641249 -0.104497 -0.0944759 0.987949
1305031471.792706 -0.699535 0.492843 -0.103227 -0.0612338 -0.0975194 -0.0859257 0.989625
1305031471.823821 -0.701749 0.498746 -0.105348 -0.0626374 -0.0921586 -0.0784948 0.990667
1305031471.855793 -0.703347 0.497966 -0.105388 -0.0681997 -0.0891234 -0.0723583 0.991045
1305031471.892838 -0.705483 0.502 -0.106956 -0.0707327 -0.0844968 -0.0659339 0.991721
1305031471.924928 -0.706806 0.502156 -0.106984 -0.0778898 -0.0800554 -0.0623802 0.991783
1305031471.957162 -0.71018 0.500155 -0.105241 -0.0812907 -0.0726618 -0.0611338 0.992157
1305031471.993177 -0.712203 0.511468 -0.107763 -0.0756074 -0.0651994 -0.056904 0.993375
1305031472.024660 -0.716322 0.514095 -0.107241 -0.0832969 -0.0591505 -0.0539461 0.993304
1305031472.058063 -0.720565 0.513798 -0.104837 -0.0866904 -0.0544844 -0.0510475 0.993434
1305031472.092883 -0.725703 0.520116 -0.10665 -0.0840071 -0.0482568 -0.0449627 0.99428
1305031472.124760 -0.73089 0.525143 -0.106213 -0.0880339 -0.0448614 -0.0415784 0.994238
1305031472.156982 -0.735967 0.517436 -0.10369 -0.09686 -0.0436051 -0.0401106 0.993533
1305031472.192890 -0.740353 0.517471 -0.104328 -0.0935516 -0.0416968 -0.0353964 0.994111
1305031472.224678 -0.743508 0.517978 -0.10606 -0.0918226 -0.0402426 -0.0327597 0.994422
1305031472.256642 -0.746574 0.51442 -0.105294 -0.0913902 -0.0382738 -0.0321729 0.994559
1305031472.293139 -0.7477 0.513033 -0.106632 -0.0850008 -0.0366116 -0.0292831 0.995277
1305031472.324844 -0.749539 0.517065 -0.108691 -0.0774877 -0.0351132 -0.0272939 0.996001
1305031472.360912 -0.751178 0.517486 -0.109572 -0.0769716 -0.0348239 -0.025909 0.996088
1305031472.392956 -0.753534 0.515695 -0.108386 -0.0772732 -0.0359731 -0.023788 0.996077
1305031472.424694 -0.753749 0.511384 -0.108899 -0.0770362 -0.0392173 -0.0234331 0.995981
1305031472.460919 -0.75223 0.509514 -0.109523 -0.0752334 -0.0411785 -0.0245553 0.996013
1305031472.492972 -0.751613 0.507877 -0.110219 -0.075204 -0.0395929 -0.0255256 0.996055
1305031472.524781 -0.751433 0.49997 -0.108674 -0.0782054 -0.0378786 -0.0246412 0.995913
1305031472.561296 -0.750485 0.497124 -0.108839 -0.0729233 -0.0390259 -0.0224964 0.99632
1305031472.592968 -0.748312 0.499271 -0.110237 -0.0665262 -0.0410032 -0.0200915 0.996739
1305031472.624647 -0.746121 0.496158 -0.109656 -0.0672184 -0.0426673 -0.0182863 0.996658
1305031472.660836 -0.744604 0.491971 -0.108397 -0.0675167 -0.0435582 -0.0169064 0.996623
1305031472.693008 -0.742907 0.487708 -0.107294 -0.0667846 -0.0446742 -0.0153726 0.996648
1305031472.724752 -0.741529 0.483079 -0.106411 -0.065623 -0.0455927 -0.0153772 0.996684
1305031472.760654 -0.739099 0.481449 -0.105502 -0.0630508 -0.0462341 -0.0168394 0.996797
1305031472.792775 -0.738805 0.477958 -0.103918 -0.0618056 -0.044859 -0.0185364 0.996907
1305031472.824692 -0.738554 0.476276 -0.103142 -0.0589752 -0.0437889 -0.0181213 0.997134
1305031472.860936 -0.738694 0.4755 -0.101962 -0.0567425 -0.0438382 -0.0165907 0.997288
1305031472.892944 -0.738603 0.475259 -0.101118 -0.0563055 -0.0451252 -0.014115 0.997293
1305031472.924814 -0.737508 0.473073 -0.099397 -0.0571562 -0.0465018 -0.0132363 0.997194
1305031472.961213 -0.737303 0.473179 -0.098263 -0.0563282 -0.0462527 -0.0118619 0.99727
1305031472.992815 -0.738656 0.473022 -0.0975209 -0.0568109 -0.0462348 -0.0107868 0.997255
1305031473.024564 -0.738886 0.473198 -0.0967264 -0.056821 -0.0474131 -0.0111822 0.997195
1305031473.060795 -0.737746 0.470964 -0.0956317 -0.0584533 -0.048525 -0.0124024 0.997033
1305031473.092012 -0.737641 0.470432 -0.0953081 -0.0578134 -0.0475069 -0.0144526 0.997092
1305031473.124072 -0.738179 0.468748 -0.0944306 -0.0587882 -0.0463717 -0.0154167 0.997074
1305031473.158420 -0.73952 0.468084 -0.0944353 -0.0578981 -0.0462463 -0.0155476 0.99713
1305031473.190828 -0.738729 0.467812 -0.0947007 -0.0564964 -0.0472858 -0.0157797 0.997158
