1305031526.688356 0 0 0 0 0 0 1
1305031526.721587 0.00204691 -0.00254257 -0.00538372 0.0120609 0.0111741 0.00221687 0.999862
1305031526.755957 0.00410742 -0.00326753 -0.0134186 0.0283294 0.0234249 0.00229376 0.999321
1305031526.788681 0.00519895 -0.0086383 -0.0212592 0.0444957 0.0361737 0.00221121 0.998352
1305031526.822643 0.00200239 -0.0152261 -0.0341455 0.0711037 0.0508374 -0.00173063 0.996171
1305031526.856844 -0.000492921 -0.00471908 -0.0485555 0.095627 0.0616864 -0.00490101 0.993492
1305031526.888465 -4.09523e-05 -0.0119992 -0.0601708 0.11205 0.0703754 -0.00987207 0.991158
1305031526.920578 -0.00422802 -0.00748622 -0.0702128 0.134249 0.0815946 -0.0131952 0.987495
1305031526.955033 -0.00748101 -0.00793185 -0.0807688 0.151728 0.0911721 -0.0144287 0.984103
1305031526.987606 -0.0107179 -0.00949367 -0.0913266 0.169936 0.0992704 -0.0166967 0.9803
1305031527.020791 -0.0144853 -0.00569816 -0.0994899 0.184434 0.106223 -0.0166065 0.976947
1305031527.055070 -0.0176227 -0.00647908 -0.10708 0.19939 0.112955 -0.0173969 0.973233
1305031527.086965 -0.0166443 -0.00264606 -0.116597 0.214263 0.11874 -0.0175305 0.969373
1305031527.119854 -0.0213502 -0.000450506 -0.122845 0.222207 0.123778 -0.0159852 0.966979
1305031527.155465 -0.0228573 0.00134432 -0.129379 0.233075 0.12853 -0.0172373 0.963773
1305031527.186447 -0.0235513 0.0118635 -0.135352 0.241552 0.132529 -0.0157916 0.961166
1305031527.222219 -0.0244007 0.0147373 -0.13788 0.241283 0.134199 -0.0143462 0.961024
1305031527.256275 -0.0272762 0.0231848 -0.137202 0.239104 0.135734 -0.0144451 0.961352
1305031527.287060 -0.0327215 0.0296292 -0.135293 0.231705 0.136701 -0.0108903 0.963072
1305031527.323213 -0.0356793 0.0328214 -0.132652 0.222189 0.134786 -0.00770954 0.965611
1305031527.355197 -0.0349093 0.0369656 -0.12855 0.213023 0.131055 -0.00304377 0.968213
1305031527.388471 -0.0341235 0.0416256 -0.124278 0.204051 0.129232 -0.000334256 0.970393
1305031527.422926 -0.0322846 0.0452398 -0.119755 0.194492 0.128919 0.00251847 0.972392
1305031527.455773 -0.0316525 0.0493357 -0.115528 0.184575 0.129316 0.00553559 0.974258
1305031527.486055 -0.0327278 0.050034 -0.111915 0.174652 0.129251 0.00758553 0.976081
1305031527.522397 -0.0330085 0.0538058 -0.10743 0.16512 0.128823 0.00854838 0.977787
1305031527.554573 -0.0342272 0.0592381 -0.102219 0.155298 0.129561 0.00944914 0.979289
1305031527.586987 -0.0344226 0.0652659 -0.0973014 0.143124 0.129674 0.00988637 0.981123
1305031527.622793 -0.0355091 0.0684134 -0.0923126 0.12923 0.129948 0.0105172 0.983007
1305031527.656028 -0.0410152 0.0750721 -0.0861601 0.115365 0.129364 0.0100859 0.984812
1305031527.688563 -0.0460676 0.0779678 -0.0808539 0.0974494 0.124479 0.0104481 0.98737
1305031527.721751 -0.0462871 0.0748695 -0.0768357 0.0836842 0.116087 0.0120306 0.989634
1305031527.756472 -0.0458244 0.0733481 -0.0739443 0.0730555 0.108785 0.0133043 0.991288
1305031527.789333 -0.0524879 0.0781616 -0.0701129 0.0662862 0.104773 0.014385 0.99218
1305031527.825562 -0.0599498 0.0767547 -0.0677754 0.0566628 0.0990648 0.0156471 0.993343
1305031527.857855 -0.069673 0.0778452 -0.0646343 0.0517898 0.0910031 0.0162705 0.99437
1305031527.887866 -0.0773185 0.0843921 -0.0612262 0.0466162 0.0792388 0.0134824 0.995674
1305031527.922214 -0.0848305 0.0834897 -0.0564643 0.0377681 0.0667188 0.00933119 0.997013
1305031527.954490 -0.0962252 0.0731865 -0.0556382 0.0312405 0.0532069 0.00244886 0.998092
1305031527.987977 -0.107775 0.0776302 -0.0538035 0.0353389 0.0372288 -0.0120312 0.998609
1305031528.025614 -0.119797 0.0797179 -0.0526416 0.035429 0.0214025 -0.0270114 0.998778
1305031528.056126 -0.132501 0.0758992 -0.050638 0.0367488 0.00373146 -0.0431256 0.998387
1305031528.085297 -0.14525 0.0783067 -0.050462 0.043248 -0.0122175 -0.059126 0.997238
1305031528.124333 -0.155779 0.0784438 -0.0520434 0.0481482 -0.0298132 -0.0751777 0.995561
1305031528.151873 -0.169453 0.0834526 -0.0513557 0.054365 -0.0462455 -0.0929875 0.993106
1305031528.186872 -0.179309 0.0835247 -0.0529105 0.057409 -0.0606761 -0.11073 0.990334
1305031528.220887 -0.188848 0.0807139 -0.0564892 0.0624566 -0.0713633 -0.128327 0.987187
1305031528.251953 -0.200553 0.0845143 -0.061156 0.0721183 -0.0792667 -0.143238 0.983869
1305031528.284263 -0.217909 0.0887399 -0.0669585 0.0786008 -0.0890836 -0.155474 0.98067
1305031528.321639 -0.236458 0.0926736 -0.070546 0.087385 -0.107953 -0.168994 0.975782
1305031528.355032 -0.249573 0.0975059 -0.0765058 0.0964117 -0.130857 -0.178944 0.97034
1305031528.384839 -0.265452 0.100775 -0.083963 0.100981 -0.153265 -0.184782 0.965489
1305031528.424006 -0.277936 0.104656 -0.0899683 0.106135 -0.180925 -0.190244 0.959066
1305031528.453962 -0.290665 0.107174 -0.100636 0.10899 -0.209392 -0.197188 0.951522
1305031528.490720 -0.299616 0.11063 -0.104286 0.11022 -0.238842 -0.20228 0.943339
1305031528.524649 -0.294351 0.103342 -0.0898431 0.11482 -0.281575 -0.208467 0.929555
1305031528.557069 -0.302062 0.109631 -0.0947342 0.112264 -0.310412 -0.214186 0.919329
1305031528.592924 -0.315332 0.113852 -0.101965 0.105616 -0.333073 -0.219051 0.911002
1305031528.623407 -0.320179 0.121029 -0.10792 0.101468 -0.354854 -0.223881 0.902031
1305031528.654033 -0.324491 0.131688 -0.11208 0.095773 -0.371323 -0.230666 0.894282
1305031528.692143 -0.330758 0.138451 -0.116792 0.0864918 -0.381856 -0.238552 0.888706
1305031528.725000 -0.333948 0.146985 -0.121064 0.0789377 -0.389533 -0.246638 0.883857
1305031528.756620 -0.336577 0.15978 -0.12402 0.0721413 -0.393957 -0.254706 0.880181
1305031528.792160 -0.341535 0.172283 -0.129754 0.0627111 -0.394681 -0.262697 0.878228
1305031528.824057 -0.347641 0.187216 -0.13537 0.0520533 -0.395436 -0.270026 0.87636
1305031528.856114 -0.352989 0.203599 -0.141517 0.041862 -0.395906 -0.277462 0.874369
1305031528.892684 -0.358159 0.218486 -0.145479 0.0294732 -0.395954 -0.284451 0.872605
1305031528.924061 -0.366202 0.230167 -0.149805 0.0142137 -0.394093 -0.290679 0.871777
1305031528.956027 -0.375717 0.243931 -0.156355 -0.000418172 -0.391328 -0.291521 0.872856
1305031528.991870 -0.381257 0.260671 -0.161767 -0.0125358 -0.389138 -0.289237 0.874504
1305031529.024164 -0.388583 0.276374 -0.166021 -0.0275482 -0.383767 -0.287653 0.877052
1305031529.057246 -0.398799 0.288922 -0.169461 -0.0439912 -0.373971 -0.282917 0.882139
1305031529.092696 -0.408892 0.302907 -0.17536 -0.0572638 -0.360567 -0.273039 0.890035
1305031529.124051 -0.419904 0.319332 -0.182796 -0.0693385 -0.345973 -0.25906 0.899101
1305031529.156187 -0.431441 0.336374 -0.191956 -0.0833189 -0.331249 -0.241885 0.908198
1305031529.192085 -0.442876 0.356153 -0.202213 -0.0976713 -0.316603 -0.225879 0.91608
1305031529.224200 -0.454726 0.374484 -0.210607 -0.1131 -0.302434 -0.214909 0.921714
1305031529.256728 -0.467428 0.390507 -0.218403 -0.128017 -0.287229 -0.210357 0.925668
1305031529.291235 -0.485069 0.402504 -0.22787 -0.143608 -0.268846 -0.208073 0.929411
1305031529.323356 -0.503548 0.417783 -0.241795 -0.156386 -0.250875 -0.20572 0.93289
1305031529.355813 -0.525705 0.419914 -0.24926 -0.174674 -0.240864 -0.204859 0.932473
1305031529.388855 -0.545935 0.428603 -0.260476 -0.180891 -0.236263 -0.20655 0.932092
1305031529.423010 -0.564245 0.433861 -0.269882 -0.182111 -0.23309 -0.210738 0.931716
1305031529.457448 -0.584032 0.443434 -0.281527 -0.179767 -0.227759 -0.213207 0.932927
1305031529.491343 -0.602456 0.447618 -0.287904 -0.177697 -0.2242 -0.216482 0.933431
1305031529.522171 -0.621272 0.452793 -0.297246 -0.170612 -0.217288 -0.21927 0.935734
1305031529.556350 -0.639408 0.461975 -0.308211 -0.162819 -0.208343 -0.218667 0.939291
1305031529.593324 -0.656766 0.469427 -0.31584 -0.160321 -0.201074 -0.216623 0.941775
1305031529.623772 -0.67369 0.475314 -0.321631 -0.161415 -0.194392 -0.211767 0.944093
1305031529.657753 -0.690251 0.482082 -0.326093 -0.163321 -0.186836 -0.203973 0.947002
1305031529.692840 -0.706288 0.486701 -0.329211 -0.167744 -0.179642 -0.195241 0.949459
1305031529.725566 -0.720155 0.491328 -0.330545 -0.171134 -0.172985 -0.188295 0.951491
1305031529.759598 -0.733552 0.491548 -0.329207 -0.176338 -0.163505 -0.183221 0.953206
1305031529.792805 -0.749531 0.484515 -0.324417 -0.181063 -0.151357 -0.178739 0.955175
1305031529.825293 -0.767719 0.489726 -0.327715 -0.173203 -0.135967 -0.173274 0.959943
1305031529.859548 -0.788107 0.489677 -0.328139 -0.17299 -0.124186 -0.162013 0.963537
1305031529.891119 -0.808979 0.48848 -0.328265 -0.171694 -0.11525 -0.149877 0.966838
1305031529.925850 -0.829467 0.489765 -0.329855 -0.167014 -0.109813 -0.137541 0.970119
1305031529.960102 -0.84999 0.491293 -0.332195 -0.164554 -0.104305 -0.126661 0.972625
1305031529.992331 -0.871893 0.491339 -0.333841 -0.165643 -0.0973167 -0.115467 0.974556
1305031530.024225 -0.894574 0.487246 -0.33642 -0.169375 -0.0918073 -0.101325 0.976021
1305031530.059982 -0.915369 0.482978 -0.341725 -0.172682 -0.0882869 -0.0890128 0.976966
1305031530.091203 -0.935448 0.47656 -0.344135 -0.176512 -0.0861208 -0.076841 0.977508
1305031530.125990 -0.955829 0.469585 -0.351709 -0.174391 -0.0843412 -0.0655063 0.978868
1305031530.159636 -0.976139 0.460618 -0.359962 -0.172736 -0.0826752 -0.0571222 0.979829
1305031530.191494 -0.994832 0.450103 -0.367287 -0.170831 -0.0816343 -0.0528647 0.980489
1305031530.224007 -1.01439 0.439347 -0.376891 -0.16557 -0.0789879 -0.0503407 0.98174
1305031530.259074 -1.03321 0.429476 -0.388631 -0.157934 -0.0753066 -0.0516554 0.983218
1305031530.292738 -1.05076 0.419216 -0.400076 -0.152234 -0.0706398 -0.0531127 0.984385
1305031530.324398 -1.06803 0.412027 -0.41264 -0.146095 -0.0645986 -0.0536785 0.985699
1305031530.355958 -1.08404 0.405206 -0.424915 -0.142897 -0.0578052 -0.0554022 0.986494
1305031530.391987 -1.10132 0.393347 -0.43531 -0.143596 -0.050431 -0.0556245 0.986784
1305031530.423101 -1.11997 0.381883 -0.446411 -0.141035 -0.0426405 -0.0554255 0.987532
1305031530.458850 -1.1371 0.371946 -0.458551 -0.136343 -0.0359424 -0.0552567 0.988466
1305031530.492200 -1.15004 0.359622 -0.470018 -0.132917 -0.0304838 -0.053477 0.989214
1305031530.524323 -1.16165 0.343249 -0.480801 -0.128844 -0.0226654 -0.0526585 0.990006
1305031530.558716 -1.17408 0.324834 -0.492494 -0.119274 -0.0101541 -0.0530073 0.991393
1305031530.591301 -1.18579 0.310986 -0.509053 -0.103013 0.00566908 -0.0533969 0.99323
1305031530.623002 -1.19262 0.298147 -0.525694 -0.0873752 0.0230042 -0.0536808 0.994462
1305031530.656445 -1.20394 0.286223 -0.541125 -0.0722883 0.0460653 -0.0535156 0.994881
1305031530.691015 -1.21345 0.277634 -0.557723 -0.0536858 0.0706605 -0.0511727 0.994739
1305031530.723869 -1.22507 0.272479 -0.580646 -0.0345672 0.0973344 -0.0477099 0.993506
1305031530.758503 -1.2405 0.273077 -0.596617 -0.0188773 0.124603 -0.0413586 0.991165
1305031530.790818 -1.26147 0.276573 -0.615396 -0.00549286 0.151383 -0.0333096 0.987899
1305031530.822584 -1.284 0.286769 -0.630909 0.00318825 0.173756 -0.0225077 0.984526
1305031530.858371 -1.3099 0.292311 -0.640056 0.00399865 0.190726 -0.0100836 0.981583
1305031530.890688 -1.33561 0.291805 -0.641889 0.00438615 0.200095 -0.00105556 0.979766
1305031530.923878 -1.36502 0.301688 -0.641179 0.0111628 0.202171 0.00392467 0.979279
1305031530.959175 -1.39546 0.314241 -0.639142 0.0149315 0.19667 0.00531703 0.980342
1305031530.988081 -1.4239 0.324632 -0.634455 0.0137733 0.184701 0.0065071 0.982677
1305031531.027310 -1.44645 0.33528 -0.62527 0.00938996 0.168625 0.0101661 0.985583
1305031531.058516 -1.47043 0.349324 -0.613594 0.00253443 0.15196 0.0142601 0.988281
1305031531.091208 -1.4955 0.356882 -0.598113 -0.00911644 0.134159 0.0176081 0.990761
1305031531.126140 -1.52026 0.358239 -0.579801 -0.0198084 0.116293 0.022002 0.992774
1305031531.159520 -1.5459 0.362046 -0.565353 -0.0259936 0.0995517 0.0262076 0.994348
1305031531.190137 -1.57141 0.370346 -0.550563 -0.0317674 0.0825848 0.0294267 0.995643
1305031531.228127 -1.59267 0.373993 -0.531696 -0.0399056 0.0639883 0.0340161 0.996572
1305031531.259840 -1.61189 0.372983 -0.511659 -0.046657 0.0453054 0.0378618 0.997164
1305031531.290185 -1.6356 0.376977 -0.49242 -0.0470234 0.0322843 0.0410252 0.997529
1305031531.327763 -1.65471 0.384149 -0.475281 -0.045363 0.021982 0.0421205 0.99784
1305031531.358509 -1.67093 0.386683 -0.455686 -0.0455535 0.0166941 0.0416106 0.997955
1305031531.389868 -1.68859 0.389628 -0.437823 -0.0437257 0.0182488 0.0405525 0.998053
1305031531.427177 -1.7072 0.393264 -0.421878 -0.0414668 0.0250108 0.0408469 0.997991
1305031531.459698 -1.7247 0.389508 -0.40358 -0.0412322 0.0335429 0.0445222 0.997593
1305031531.492107 -1.74638 0.389394 -0.386758 -0.037993 0.0426747 0.0477169 0.997225
1305031531.527542 -1.76685 0.388646 -0.3687 -0.0359367 0.0492133 0.0508966 0.996843
1305031531.560506 -1.78524 0.384695 -0.350735 -0.0351775 0.053517 0.0567612 0.996332
1305031531.592018 -1.80374 0.384717 -0.334663 -0.0328981 0.0580614 0.0613935 0.99588
1305031531.628037 -1.8217 0.382362 -0.319685 -0.032979 0.0638879 0.0645805 0.995319
1305031531.659769 -1.8406 0.375749 -0.305322 -0.033309 0.0707482 0.0690783 0.994542
1305031531.693140 -1.86131 0.373316 -0.292669 -0.0314392 0.0762092 0.0710284 0.994062
1305031531.727762 -1.87955 0.371236 -0.278174 -0.0306674 0.0795962 0.070093 0.993887
1305031531.755881 -1.89928 0.367841 -0.266078 -0.0294791 0.0845304 0.0678855 0.993669
1305031531.790528 -1.92132 0.364439 -0.2543 -0.0262684 0.0901829 0.0666724 0.993344
1305031531.826931 -1.94358 0.370058 -0.242085 -0.0223702 0.0939356 0.0654059 0.993176
1305031531.858402 -1.96395 0.377724 -0.229551 -0.0251818 0.0960437 0.0645849 0.99296
1305031531.893291 -1.9808 0.380198 -0.217689 -0.0342855 0.0980331 0.0653186 0.992445
1305031531.925080 -1.99704 0.384628 -0.206292 -0.042445 0.102501 0.0667647 0.991582
1305031531.959262 -2.01277 0.386613 -0.194973 -0.0519368 0.108712 0.0702841 0.990224
1305031531.990634 -2.02929 0.391327 -0.183949 -0.0603221 0.115751 0.074769 0.988621
1305031532.027524 -2.04584 0.398203 -0.173495 -0.0690997 0.123008 0.0817456 0.986616
1305031532.059872 -2.06135 0.405344 -0.161662 -0.0809184 0.130577 0.0913863 0.983896
1305031532.092096 -2.07658 0.411089 -0.149235 -0.0943597 0.138104 0.105256 0.980278
1305031532.126073 -2.08999 0.416674 -0.134958 -0.106439 0.144911 0.123008 0.975982
1305031532.159926 -2.10496 0.421594 -0.122594 -0.11694 0.150823 0.140469 0.971517
1305031532.195623 -2.12162 0.428755 -0.108714 -0.12564 0.15684 0.159722 0.966491
1305031532.227800 -2.1371 0.432611 -0.0949839 -0.134284 0.161909 0.179131 0.961075
1305031532.260079 -2.15361 0.439281 -0.081325 -0.140457 0.167345 0.195274 0.956104
1305031532.295824 -2.1708 0.441747 -0.0679346 -0.148995 0.173757 0.212123 0.950059
1305031532.327833 -2.18759 0.442163 -0.0547511 -0.158194 0.177273 0.22875 0.944046
1305031532.356687 -2.20245 0.439417 -0.0398831 -0.168816 0.174806 0.245506 0.938441
1305031532.396584 -2.21331 0.439152 -0.0229619 -0.176094 0.170023 0.258858 0.934385
1305031532.424572 -2.2272 0.435906 -0.00732813 -0.176142 0.166332 0.265439 0.933193
1305031532.461447 -2.24043 0.433679 0.00676925 -0.160796 0.166767 0.260263 0.937335
1305031532.494758 -2.25366 0.424725 0.0196348 -0.147321 0.168777 0.258546 0.939662
1305031532.523363 -2.26476 0.419126 0.0348164 -0.132033 0.169598 0.257609 0.942041
1305031532.558750 -2.279 0.40946 0.0486722 -0.117978 0.171241 0.256339 0.943954
1305031532.594713 -2.29313 0.403395 0.0607301 -0.107126 0.174805 0.2544 0.945118
1305031532.626577 -2.30259 0.403606 0.0751679 -0.10042 0.182164 0.253866 0.944608
1305031532.655415 -2.31321 0.395412 0.0867099 -0.0988069 0.196656 0.257187 0.940967
1305031532.692281 -2.32578 0.385132 0.0975359 -0.10036 0.212055 0.263188 0.935784
1305031532.725142 -2.33286 0.377156 0.111855 -0.108016 0.222934 0.272985 0.929576
1305031532.756518 -2.33319 0.373664 0.127375 -0.111892 0.230161 0.283358 0.924237
1305031532.793593 -2.33271 0.368013 0.141256 -0.113566 0.236865 0.289968 0.920281
1305031532.827589 -2.33412 0.361571 0.154115 -0.111882 0.247128 0.29371 0.916594
1305031532.860360 -2.33491 0.35625 0.165624 -0.109561 0.260536 0.299161 0.911384
1305031532.894951 -2.33554 0.34529 0.173778 -0.109802 0.272791 0.309635 0.904243
1305031532.927108 -2.33229 0.33922 0.185488 -0.10655 0.282671 0.322429 0.897097
1305031532.958860 -2.32707 0.331815 0.197072 -0.10083 0.289479 0.335742 0.890681
1305031532.994889 -2.324 0.326372 0.208167 -0.0923196 0.297544 0.348148 0.884159
1305031533.027007 -2.31961 0.320998 0.218112 -0.0831917 0.305984 0.359911 0.877449
1305031533.059895 -2.32123 0.313644 0.22565 -0.0792245 0.316632 0.368987 0.870239
1305031533.095707 -2.31969 0.31259 0.233838 -0.0772467 0.326311 0.378482 0.862731
1305031533.127261 -2.30988 0.308788 0.238836 -0.0685165 0.335224 0.386312 0.856559
1305031533.158865 -2.31234 0.296855 0.240572 -0.0622643 0.346897 0.388446 0.851408
1305031533.194665 -2.31698 0.289591 0.240713 -0.0606472 0.355806 0.387293 0.848368
1305031533.226596 -2.31197 0.286245 0.241353 -0.0576197 0.363413 0.391896 0.843225
1305031533.258719 -2.30872 0.270041 0.234632 -0.0548223 0.370539 0.397201 0.83781
1305031533.294892 -2.31262 0.259733 0.229045 -0.0505337 0.377143 0.396632 0.8354
1305031533.326747 -2.31331 0.247549 0.221882 -0.0445041 0.38351 0.399194 0.831615
1305031533.358749 -2.31782 0.23317 0.214056 -0.0357972 0.39185 0.40024 0.827635
1305031533.394869 -2.32385 0.216513 0.207184 -0.0273888 0.398501 0.401496 0.824165
1305031533.428282 -2.33157 0.20324 0.201525 -0.0184712 0.401082 0.402484 0.822678
1305031533.463804 -2.33936 0.193282 0.19631 -0.00746952 0.402268 0.404591 0.821237
1305031533.495077 -2.34835 0.184032 0.192229 0.00218779 0.404584 0.407228 0.818824
1305031533.523787 -2.35382 0.173117 0.186843 0.0100468 0.40662 0.412049 0.815337
1305031533.563866 -2.36123 0.167602 0.182361 0.0213018 0.410595 0.414547 0.811855
1305031533.596729 -2.37004 0.163593 0.180047 0.029292 0.418067 0.415467 0.80731
1305031533.623714 -2.38086 0.155334 0.180925 0.0334163 0.429102 0.41846 0.799779
1305031533.662973 -2.39143 0.151569 0.181996 0.0367684 0.43737 0.422127 0.793199
1305031533.695127 -2.39752 0.147157 0.180972 0.0355853 0.44456 0.427292 0.786461
1305031533.727956 -2.40119 0.139876 0.181684 0.0316473 0.455705 0.43115 0.778101
1305031533.763534 -2.41209 0.130433 0.190215 0.0293805 0.471059 0.432764 0.768085
1305031533.795519 -2.41996 0.117817 0.199747 0.0262266 0.482054 0.437256 0.758778
1305031533.827015 -2.42477 0.098335 0.211207 0.026695 0.487079 0.442014 0.752772
1305031533.859819 -2.43668 0.0854531 0.226829 0.0371054 0.482736 0.441994 0.755136
1305031533.895161 -2.4418 0.0809775 0.234362 0.0505896 0.463311 0.440422 0.767341
1305031533.926857 -2.44874 0.0692185 0.24373 0.0634691 0.440286 0.437078 0.781718
1305031533.961985 -2.45452 0.0626031 0.258791 0.0778196 0.416354 0.430719 0.796916
1305031533.994392 -2.45638 0.0495115 0.277825 0.0897339 0.395454 0.421934 0.810886
1305031534.026608 -2.45947 0.0396241 0.293295 0.105204 0.377179 0.408325 0.824584
1305031534.062247 -2.46386 0.029819 0.307798 0.120593 0.362668 0.394885 0.835461
1305031534.094417 -2.45791 0.0172439 0.315711 0.134217 0.348271 0.385667 0.843774
1305031534.126412 -2.45287 0.00700713 0.32647 0.150446 0.341845 0.371565 0.849969
1305031534.162210 -2.45669 -0.00296776 0.334969 0.163259 0.345219 0.356231 0.852801
1305031534.191161 -2.45492 -0.0176021 0.338237 0.173155 0.346619 0.348553 0.853453
1305031534.225977 -2.46345 -0.0300191 0.343198 0.183579 0.348604 0.3387 0.854433
1305031534.262752 -2.46626 -0.038759 0.349177 0.188234 0.346717 0.33163 0.856958
1305031534.295276 -2.46016 -0.0451393 0.355029 0.191428 0.341478 0.328636 0.859504
1305031534.327593 -2.45569 -0.0533324 0.358663 0.195308 0.339676 0.325283 0.860619
1305031534.362839 -2.45101 -0.0629718 0.360566 0.199664 0.341014 0.319492 0.86126
1305031534.395128 -2.44555 -0.0681113 0.36283 0.205537 0.344215 0.312674 0.861107
1305031534.427890 -2.44236 -0.0767019 0.363724 0.211656 0.349021 0.307414 0.859583
1305031534.462407 -2.44104 -0.0895019 0.363311 0.220568 0.351376 0.301118 0.858611
1305031534.494488 -2.44351 -0.0929319 0.36783 0.229286 0.351047 0.294735 0.858676
1305031534.526222 -2.4402 -0.0992982 0.369963 0.23261 0.347074 0.293123 0.859948
1305031534.562364 -2.4348 -0.105063 0.371369 0.238877 0.340467 0.291285 0.861495
1305031534.594279 -2.4341 -0.107262 0.375943 0.246154 0.334427 0.285722 0.863672
1305031534.627133 -2.43427 -0.11074 0.380174 0.248839 0.326977 0.281992 0.866975
1305031534.662781 -2.42707 -0.108784 0.383433 0.249748 0.316637 0.279938 0.871207
1305031534.694710 -2.41987 -0.109004 0.385543 0.250005 0.308751 0.278551 0.874402
1305031534.730855 -2.41512 -0.109267 0.387748 0.251827 0.303576 0.275766 0.876572
1305031534.763129 -2.41033 -0.107162 0.391267 0.251929 0.300228 0.270719 0.879264
1305031534.795824 -2.40877 -0.109774 0.391777 0.25118 0.297347 0.26733 0.881492
1305031534.831135 -2.40383 -0.111767 0.391901 0.252664 0.292195 0.264836 0.883541
1305031534.862751 -2.40021 -0.116283 0.388046 0.255025 0.286231 0.26075 0.886027
1305031534.894919 -2.39504 -0.1114 0.391127 0.259957 0.281596 0.250644 0.88899
1305031534.930974 -2.39248 -0.104098 0.389892 0.260653 0.283515 0.241525 0.890699
1305031534.962776 -2.39152 -0.108787 0.383458 0.260716 0.2923 0.23609 0.889297
1305031534.994599 -2.39983 -0.111509 0.378736 0.265521 0.300229 0.229591 0.886932
1305031535.030642 -2.40922 -0.113758 0.378571 0.270534 0.300965 0.223098 0.886825
1305031535.062210 -2.41359 -0.108258 0.379361 0.272715 0.295564 0.217889 0.889265
1305031535.094542 -2.41436 -0.108442 0.378282 0.271821 0.290244 0.218677 0.891096
1305031535.129807 -2.42097 -0.108317 0.377252 0.273011 0.286468 0.221342 0.891296
1305031535.158853 -2.42657 -0.110421 0.377727 0.272233 0.27896 0.223485 0.893378
1305031535.193991 -2.43072 -0.111093 0.377653 0.270718 0.267276 0.223842 0.897313
1305031535.230011 -2.43524 -0.112871 0.376555 0.267031 0.254601 0.223852 0.902088
1305031535.261725 -2.4335 -0.115257 0.374764 0.264587 0.241144 0.223199 0.906656
1305031535.295784 -2.42984 -0.111968 0.373128 0.263326 0.229507 0.219945 0.910829
1305031535.329773 -2.43515 -0.116953 0.371154 0.260263 0.222026 0.217032 0.914256
1305031535.361759 -2.43496 -0.118005 0.370564 0.258642 0.211904 0.213271 0.917996
1305031535.392026 -2.43549 -0.120942 0.36938 0.256272 0.203036 0.207665 0.921941
1305031535.431010 -2.43681 -0.128653 0.365597 0.254717 0.195311 0.201708 0.925358
1305031535.462732 -2.4372 -0.136071 0.362023 0.255468 0.187636 0.192947 0.928601
1305031535.495467 -2.44302 -0.143167 0.359564 0.258331 0.181972 0.18263 0.93102
1305031535.530835 -2.44008 -0.143005 0.357204 0.263266 0.175824 0.171407 0.93295
1305031535.562308 -2.44343 -0.130221 0.359667 0.270248 0.173746 0.160399 0.933301
1305031535.594713 -2.4476 -0.12197 0.361514 0.269696 0.174839 0.152718 0.934544
1305031535.630819 -2.45403 -0.124812 0.361619 0.266512 0.177735 0.149538 0.935425
1305031535.662546 -2.45622 -0.114299 0.363256 0.266497 0.178231 0.146426 0.935827
1305031535.694763 -2.45665 -0.0992163 0.366773 0.26283 0.177772 0.145604 0.937079
1305031535.730877 -2.45638 -0.0949087 0.367783 0.255917 0.178011 0.147972 0.938575
1305031535.759227 -2.45334 -0.0817946 0.370876 0.251057 0.178281 0.149115 0.939655
1305031535.794599 -2.44932 -0.0740269 0.373034 0.243602 0.180369 0.152121 0.940736
1305031535.831105 -2.44666 -0.0706805 0.370619 0.238137 0.182134 0.158919 0.940671
1305031535.859528 -2.44376 -0.0625215 0.370068 0.233608 0.182859 0.164953 0.940628
1305031535.898883 -2.44106 -0.0559396 0.368082 0.228802 0.185255 0.170441 0.940362
1305031535.930685 -2.43463 -0.0433796 0.367638 0.225451 0.18993 0.175931 0.939227
1305031535.959567 -2.43111 -0.0303397 0.36638 0.218709 0.197471 0.181778 0.938151
1305031535.998988 -2.42944 -0.018337 0.365261 0.208108 0.205404 0.188318 0.937569
1305031536.031463 -2.42446 -0.00725175 0.364057 0.196654 0.212374 0.197343 0.936632
1305031536.062243 -2.42151 0.00398073 0.361777 0.18603 0.2197 0.206985 0.935031
1305031536.099404 -2.41721 0.0175936 0.361635 0.174025 0.22734 0.216394 0.933384
1305031536.131440 -2.41142 0.0271049 0.359216 0.161303 0.236498 0.228267 0.930561
1305031536.163367 -2.40808 0.0370763 0.353219 0.149984 0.247386 0.24141 0.926297
1305031536.199777 -2.40295 0.0494028 0.349482 0.139427 0.259154 0.253366 0.921523
1305031536.231583 -2.39893 0.0613026 0.346611 0.128713 0.272348 0.266479 0.915559
1305031536.263219 -2.39339 0.072287 0.341484 0.118094 0.285427 0.281769 0.9084
1305031536.299512 -2.38577 0.0820985 0.336581 0.109896 0.298339 0.298594 0.899866
1305031536.331390 -2.38181 0.0940337 0.328539 0.103323 0.310925 0.31296 0.891463
1305031536.363006 -2.3779 0.105939 0.32403 0.0974107 0.323166 0.328045 0.882305
1305031536.399605 -2.37402 0.113584 0.319722 0.0921094 0.336362 0.34342 0.872031
1305031536.431590 -2.37406 0.122574 0.31479 0.0880383 0.349658 0.357381 0.861549
1305031536.463554 -2.37342 0.130173 0.308694 0.0825453 0.360291 0.370781 0.851997
1305031536.499647 -2.37223 0.135657 0.303418 0.0773061 0.367511 0.382422 0.844223
1305031536.531617 -2.37516 0.138993 0.29887 0.0739828 0.37211 0.393024 0.837611
1305031536.563087 -2.3779 0.145563 0.297015 0.0720728 0.372593 0.401261 0.833648
1305031536.599164 -2.37842 0.153528 0.293309 0.0708465 0.371832 0.409025 0.830314
1305031536.631797 -2.38114 0.159634 0.288582 0.0700298 0.37186 0.417546 0.826118
1305031536.663533 -2.38552 0.165709 0.28708 0.0677839 0.369587 0.424855 0.823595
1305031536.699497 -2.38712 0.17438 0.285093 0.0651912 0.365824 0.428303 0.823699
1305031536.731424 -2.38839 0.186267 0.282436 0.0628726 0.365809 0.428081 0.824001
1305031536.761478 -2.38726 0.194071 0.274565 0.0592808 0.367563 0.427762 0.823652
1305031536.796242 -2.38977 0.198811 0.268326 0.0563224 0.36847 0.424625 0.825076
1305031536.828016 -2.39393 0.2071 0.265903 0.0539151 0.367413 0.419894 0.828124
1305031536.859596 -2.39568 0.214415 0.260791 0.0504363 0.365954 0.416803 0.830548
1305031536.895830 -2.39641 0.223574 0.254477 0.0480332 0.365979 0.409665 0.834222
1305031536.927579 -2.39573 0.236094 0.246519 0.0467948 0.368709 0.399442 0.838039
1305031536.962880 -2.39486 0.24385 0.233868 0.0455492 0.372257 0.394368 0.838942
1305031536.996766 -2.39559 0.253575 0.222163 0.0458417 0.374337 0.387785 0.841067
1305031537.028058 -2.39626 0.266892 0.209428 0.0461417 0.376459 0.380401 0.843472
1305031537.060447 -2.39519 0.276588 0.194176 0.0444879 0.376987 0.375778 0.845395
1305031537.095829 -2.39121 0.29228 0.180197 0.0440423 0.376012 0.368953 0.848852
1305031537.129621 -2.38798 0.301837 0.163579 0.0420378 0.37763 0.363348 0.850651
1305031537.167541 -2.38363 0.310725 0.143588 0.0402373 0.378792 0.35664 0.853057
1305031537.195643 -2.37746 0.32148 0.125613 0.0390198 0.377364 0.348278 0.857191
1305031537.230153 -2.37218 0.33027 0.106254 0.0382846 0.374757 0.340519 0.861474
1305031537.265688 -2.36574 0.341838 0.0874498 0.0379647 0.370917 0.331365 0.866705
1305031537.298861 -2.35885 0.35086 0.0685769 0.0362998 0.367211 0.323303 0.871386
1305031537.330994 -2.35323 0.357056 0.0483991 0.0344984 0.362995 0.314894 0.876291
1305031537.365736 -2.34662 0.364262 0.0284307 0.0336104 0.357116 0.30459 0.882362
1305031537.395624 -2.34179 0.371016 0.0101749 0.0333929 0.350586 0.293943 0.888578
1305031537.429641 -2.33768 0.377129 -0.0066385 0.0323697 0.342613 0.284835 0.894672
1305031537.464312 -2.33018 0.382056 -0.0250582 0.030433 0.331608 0.274552 0.90207
1305031537.497527 -2.32416 0.389787 -0.0422458 0.0294483 0.322316 0.262126 0.90914
1305031537.530263 -2.3167 0.398962 -0.0581591 0.0267291 0.31482 0.251153 0.91493
1305031537.564476 -2.3059 0.401522 -0.0736881 0.0228182 0.308836 0.244425 0.918888
1305031537.598276 -2.29693 0.399841 -0.0904253 0.0225706 0.303852 0.24039 0.921616
1305031537.630389 -2.28891 0.400034 -0.105829 0.0243493 0.295715 0.234169 0.92581
1305031537.664114 -2.27579 0.402223 -0.121718 0.0269827 0.283832 0.226558 0.931334
1305031537.695278 -2.26136 0.404506 -0.136819 0.0317941 0.275828 0.217559 0.935722
1305031537.728342 -2.24945 0.406532 -0.152133 0.0363822 0.271746 0.206722 0.9392
1305031537.766378 -2.23655 0.407305 -0.165926 0.0412253 0.267724 0.19599 0.94245
1305031537.798725 -2.22329 0.41077 -0.179313 0.0472347 0.262944 0.186597 0.945416
1305031537.830287 -2.20934 0.4143 -0.191179 0.0520011 0.256475 0.178714 0.948461
1305031537.866662 -2.19224 0.417527 -0.203595 0.0556867 0.249152 0.169283 0.951927
1305031537.898536 -2.17563 0.423709 -0.215709 0.0593757 0.244149 0.160116 0.954583
1305031537.930243 -2.15844 0.429998 -0.22797 0.0605539 0.239536 0.152236 0.956964
1305031537.966300 -2.13703 0.432252 -0.239862 0.0591151 0.233304 0.146026 0.959558
1305031537.998327 -2.11829 0.43624 -0.251442 0.060099 0.229113 0.139049 0.961541
1305031538.030606 -2.09927 0.442153 -0.262103 0.0603385 0.223849 0.133956 0.963487
1305031538.066420 -2.07824 0.438206 -0.272535 0.0575044 0.216682 0.132009 0.965565
1305031538.099117 -2.06174 0.434608 -0.283028 0.0599002 0.208008 0.131781 0.967356
1305031538.130778 -2.04184 0.43502 -0.294242 0.0644798 0.194439 0.133823 0.969602
1305031538.167361 -2.01806 0.427612 -0.306785 0.0644475 0.180304 0.132037 0.972576
1305031538.198836 -1.99494 0.420745 -0.319695 0.0693913 0.170737 0.12512 0.974874
1305031538.231674 -1.97679 0.417641 -0.333445 0.0790579 0.165878 0.116476 0.976047
1305031538.267245 -1.95936 0.413779 -0.345021 0.0871855 0.161207 0.106613 0.977264
1305031538.297169 -1.94306 0.406908 -0.35644 0.0956688 0.155496 0.0958893 0.978506
1305031538.329631 -1.92698 0.405337 -0.366822 0.107415 0.14813 0.0844095 0.979487
1305031538.366671 -1.91126 0.405164 -0.378464 0.117695 0.139489 0.0743229 0.980391
1305031538.395653 -1.89538 0.404362 -0.390784 0.127285 0.131419 0.0666824 0.980857
1305031538.434273 -1.88163 0.405612 -0.401931 0.13712 0.122719 0.0608988 0.981035
1305031538.468114 -1.86399 0.408131 -0.412026 0.145495 0.110624 0.0533205 0.981708
1305031538.498490 -1.84816 0.41859 -0.42291 0.152661 0.0987719 0.0463438 0.982238
1305031538.534659 -1.82844 0.42987 -0.43296 0.155285 0.0864152 0.0403186 0.983257
1305031538.566473 -1.80982 0.443859 -0.441405 0.154515 0.0767679 0.0311534 0.984511
1305031538.598497 -1.78935 0.464766 -0.449401 0.149811 0.0700533 0.021868 0.985987
1305031538.634075 -1.76622 0.469046 -0.460269 0.140496 0.0665203 0.0172218 0.987694
1305031538.666052 -1.75305 0.482049 -0.474495 0.137198 0.0647692 0.0127148 0.988342
1305031538.698387 -1.74641 0.508445 -0.481496 0.130327 0.0604673 0.00679911 0.989602
1305031538.734584 -1.72756 0.524276 -0.488366 0.112784 0.0491439 0.00656512 0.992382
1305031538.766510 -1.70288 0.533157 -0.499129 0.0952595 0.0369618 0.00813517 0.994733
1305031538.798755 -1.67986 0.552594 -0.506681 0.0799711 0.0288803 0.00651993 0.996357
1305031538.832497 -1.65569 0.563987 -0.514285 0.059063 0.0247929 0.00199433 0.997944
1305031538.867193 -1.63068 0.568411 -0.523206 0.0424378 0.0237452 -0.00162735 0.998816
1305031538.899432 -1.60743 0.579034 -0.533472 0.0304112 0.0241307 -0.00350212 0.99924
1305031538.936017 -1.58255 0.588007 -0.540806 0.0178126 0.0233183 -0.00297595 0.999565
1305031538.967667 -1.55757 0.592636 -0.549265 0.00584134 0.0223235 -0.00228833 0.999731
1305031538.999448 -1.53163 0.598331 -0.557999 -0.00347344 0.0215273 -0.00231007 0.99976
1305031539.034977 -1.50504 0.604017 -0.565727 -0.0119726 0.0210421 -0.00354359 0.999701
1305031539.067603 -1.47879 0.608972 -0.571767 -0.0188956 0.0205101 -0.00644436 0.99959
1305031539.099360 -1.45142 0.616457 -0.57803 -0.0259908 0.0186063 -0.0105388 0.999433
1305031539.135768 -1.42478 0.620265 -0.581252 -0.0352827 0.0166595 -0.014938 0.999127
1305031539.167546 -1.3998 0.627058 -0.583949 -0.0433554 0.0138069 -0.0206329 0.998751
1305031539.199492 -1.37522 0.634364 -0.586017 -0.0547104 0.00859989 -0.0257145 0.998134
1305031539.235629 -1.35019 0.636386 -0.586255 -0.0707731 -0.00078562 -0.0312051 0.997004
1305031539.267760 -1.3226 0.639039 -0.585263 -0.0852484 -0.0124068 -0.0403197 0.995466
1305031539.299592 -1.29547 0.643988 -0.587594 -0.0989634 -0.0206071 -0.0518908 0.993523
1305031539.335706 -1.26719 0.645822 -0.58704 -0.11634 -0.0257427 -0.0681384 0.990535
1305031539.367585 -1.2394 0.648668 -0.588058 -0.131523 -0.027248 -0.0893654 0.986901
1305031539.399501 -1.21343 0.647056 -0.590391 -0.148556 -0.0259304 -0.108874 0.98255
1305031539.435549 -1.19003 0.643979 -0.591333 -0.167662 -0.0237685 -0.124285 0.97769
1305031539.467525 -1.15848 0.643346 -0.592585 -0.178723 -0.0304055 -0.135893 0.973995
1305031539.499639 -1.13488 0.639012 -0.594652 -0.188034 -0.039549 -0.143125 0.970873
1305031539.535499 -1.11124 0.636974 -0.597833 -0.195087 -0.0499418 -0.149467 0.968043
1305031539.567517 -1.08408 0.634646 -0.600295 -0.198208 -0.0602375 -0.156716 0.965673
1305031539.599060 -1.06122 0.626274 -0.604648 -0.199298 -0.0678694 -0.165663 0.963447
1305031539.635592 -1.03794 0.619187 -0.608399 -0.198277 -0.0750992 -0.177839 0.960947
1305031539.667412 -1.01208 0.61113 -0.610076 -0.194315 -0.0825043 -0.192629 0.958295
1305031539.703794 -0.990247 0.597732 -0.611152 -0.189718 -0.0891527 -0.205676 0.955906
1305031539.735675 -0.968087 0.586681 -0.61225 -0.185549 -0.0977675 -0.217134 0.953345
1305031539.767637 -0.945752 0.578458 -0.613389 -0.183234 -0.106619 -0.227144 0.950507
1305031539.803605 -0.921087 0.568843 -0.608718 -0.182455 -0.117748 -0.236665 0.947014
1305031539.832088 -0.901097 0.558805 -0.60646 -0.182283 -0.130175 -0.245581 0.943142
1305031539.867127 -0.877723 0.553925 -0.602957 -0.182254 -0.144119 -0.255917 0.93836
1305031539.903594 -0.854576 0.547485 -0.597438 -0.184711 -0.156272 -0.268083 0.932519
1305031539.935437 -0.827694 0.545718 -0.589429 -0.185206 -0.167009 -0.282558 0.926266
1305031539.967652 -0.803122 0.538703 -0.578336 -0.183834 -0.173599 -0.295859 0.92116
1305031540.003691 -0.780282 0.530756 -0.571168 -0.179233 -0.178109 -0.306665 0.917665
1305031540.035614 -0.756497 0.525341 -0.561771 -0.172434 -0.181598 -0.31603 0.915103
1305031540.067782 -0.740117 0.511357 -0.551936 -0.164701 -0.183298 -0.320651 0.914581
1305031540.103651 -0.719726 0.501844 -0.548678 -0.149629 -0.186714 -0.324746 0.915035
1305031540.135787 -0.697623 0.491595 -0.541332 -0.136089 -0.188256 -0.324669 0.916859
1305031540.167625 -0.679468 0.479619 -0.535289 -0.122602 -0.185829 -0.322602 0.919981
1305031540.204012 -0.663308 0.467192 -0.529318 -0.107171 -0.181761 -0.317131 0.924611
1305031540.235943 -0.652817 0.456785 -0.528305 -0.0897864 -0.180466 -0.311099 0.928756
1305031540.267794 -0.637584 0.450744 -0.530148 -0.0703792 -0.186207 -0.304686 0.931418
1305031540.303627 -0.61924 0.443037 -0.528259 -0.0563081 -0.193073 -0.296823 0.933514
1305031540.335660 -0.603005 0.43413 -0.527179 -0.0420265 -0.196806 -0.289304 0.935844
1305031540.367613 -0.582756 0.423307 -0.522902 -0.0278123 -0.197528 -0.278836 0.939393
1305031540.403545 -0.574803 0.414399 -0.526823 -0.0122513 -0.190882 -0.267603 0.944353
1305031540.435756 -0.558276 0.408334 -0.528418 0.00451667 -0.191839 -0.254095 0.947952
1305031540.467365 -0.542864 0.396028 -0.528417 0.0163598 -0.192575 -0.23912 0.951561
1305031540.502953 -0.527859 0.38597 -0.530101 0.0307794 -0.192794 -0.224138 0.954801
1305031540.535194 -0.504552 0.377835 -0.52838 0.0446891 -0.195235 -0.212625 0.956387
1305031540.563522 -0.48742 0.363751 -0.526645 0.0574635 -0.19045 -0.204651 0.958407
1305031540.603376 -0.470634 0.361294 -0.532026 0.0758497 -0.18018 -0.194808 0.961162
1305031540.635224 -0.450364 0.357817 -0.530616 0.0876816 -0.171787 -0.186216 0.963392
1305031540.667294 -0.434361 0.348271 -0.530356 0.0963653 -0.159368 -0.177388 0.966359
1305031540.703386 -0.414834 0.343072 -0.532407 0.106524 -0.147196 -0.165804 0.969275
1305031540.735694 -0.396699 0.338136 -0.531245 0.112793 -0.135008 -0.154675 0.972176
1305031540.767548 -0.380709 0.328479 -0.532515 0.11861 -0.118831 -0.144187 0.975203
1305031540.803232 -0.366752 0.328909 -0.528458 0.129129 -0.0990525 -0.131639 0.977847
1305031540.835181 -0.350988 0.327103 -0.528472 0.136495 -0.0762536 -0.120558 0.980317
1305031540.871023 -0.340496 0.324715 -0.526017 0.143289 -0.0538904 -0.108978 0.982185
1305031540.903222 -0.325233 0.320957 -0.52764 0.149436 -0.0344014 -0.0980929 0.983292
1305031540.935050 -0.316265 0.320137 -0.529978 0.154845 -0.0136684 -0.085693 0.98412
1305031540.971078 -0.312977 0.317206 -0.530806 0.158917 0.00378523 -0.0713774 0.984701
1305031541.003228 -0.303821 0.312103 -0.533065 0.165214 0.0151605 -0.0601726 0.984304
1305031541.034514 -0.295111 0.309661 -0.534132 0.172824 0.026159 -0.0485568 0.983407
1305031541.070217 -0.290685 0.305523 -0.53571 0.180725 0.0355578 -0.0360798 0.982228
1305031541.099997 -0.287918 0.305332 -0.535917 0.187674 0.0411904 -0.0287022 0.980947
1305031541.135330 -0.280177 0.303699 -0.535021 0.191581 0.0466209 -0.0236609 0.980083
1305031541.171574 -0.276637 0.300844 -0.53435 0.196602 0.0552815 -0.0172204 0.978772
1305031541.202996 -0.281038 0.303049 -0.534047 0.199471 0.0608057 -0.0136714 0.97792
1305031541.235198 -0.281414 0.302732 -0.530202 0.195796 0.0601623 -0.0122327 0.978721
1305031541.267954 -0.283169 0.301475 -0.527766 0.190679 0.057225 -0.0092108 0.97994
1305031541.301672 -0.285365 0.298592 -0.523557 0.184367 0.0516594 -0.00680751 0.981475
1305031541.331852 -0.288052 0.296618 -0.518709 0.178598 0.0430319 -0.00745302 0.982952
1305031541.371250 -0.290438 0.295564 -0.512811 0.171318 0.0320854 -0.0103902 0.984638
1305031541.402022 -0.292241 0.293728 -0.507724 0.163494 0.0218241 -0.0155516 0.98618
1305031541.431932 -0.295087 0.289512 -0.503677 0.156318 0.0115797 -0.0232808 0.987364
1305031541.471366 -0.29933 0.286719 -0.499424 0.151307 0.00105565 -0.0327895 0.987942
1305031541.501569 -0.304994 0.284979 -0.493112 0.143933 -0.0103009 -0.0461824 0.988456
1305031541.535345 -0.308778 0.283227 -0.488719 0.136659 -0.0215032 -0.0600514 0.988562
1305031541.569819 -0.313891 0.281138 -0.484774 0.128889 -0.0317043 -0.0740542 0.988382
1305031541.603472 -0.320304 0.276276 -0.482616 0.120807 -0.0434385 -0.0886111 0.987759
1305031541.635279 -0.327489 0.27382 -0.478334 0.114821 -0.0570558 -0.103713 0.986308
1305031541.671483 -0.333132 0.272411 -0.475075 0.109237 -0.071523 -0.121272 0.983994
1305031541.703527 -0.336252 0.267099 -0.471693 0.102407 -0.0856093 -0.142539 0.980748
1305031541.734963 -0.342085 0.265637 -0.469391 0.0967153 -0.0982501 -0.167638 0.976161
1305031541.771656 -0.346474 0.263528 -0.465087 0.0902884 -0.110114 -0.198976 0.969604
1305031541.803338 -0.352642 0.262091 -0.461315 0.0831299 -0.115289 -0.232993 0.962035
1305031541.835259 -0.364403 0.260385 -0.457923 0.0739191 -0.119563 -0.263827 0.954272
1305031541.871359 -0.373621 0.25743 -0.454987 0.0682876 -0.130765 -0.287833 0.94625
1305031541.903131 -0.38157 0.26055 -0.452814 0.0644161 -0.145662 -0.305314 0.938838
1305031541.932460 -0.3894 0.256512 -0.449749 0.0558397 -0.164302 -0.316971 0.932425
1305031541.969202 -0.396336 0.251548 -0.448028 0.0486407 -0.184804 -0.322078 0.927226
1305031542.000034 -0.401328 0.252909 -0.444606 0.0444353 -0.206338 -0.324797 0.921931
1305031542.032795 -0.402274 0.248861 -0.438529 0.0389024 -0.230135 -0.328632 0.915164
1305031542.069819 -0.401708 0.246386 -0.429761 0.0366778 -0.245822 -0.335241 0.908757
1305031542.102573 -0.400819 0.248562 -0.421896 0.0368467 -0.25412 -0.344963 0.90281
1305031542.139294 -0.40407 0.24642 -0.414312 0.0329532 -0.259341 -0.356144 0.897116
1305031542.170485 -0.410117 0.244724 -0.408425 0.0293349 -0.264447 -0.363012 0.892989
1305031542.202214 -0.411509 0.248075 -0.401007 0.02502 -0.274421 -0.366833 0.888539
1305031542.237243 -0.415202 0.244371 -0.392791 0.0167755 -0.285477 -0.371741 0.883193
1305031542.269752 -0.411078 0.242016 -0.38175 0.0126765 -0.295613 -0.375325 0.878398
1305031542.301218 -0.403798 0.240123 -0.367957 0.00912307 -0.299772 -0.381814 0.874226
1305031542.338812 -0.404544 0.232802 -0.35671 0.00390593 -0.295897 -0.389717 0.872096
1305031542.371582 -0.40541 0.230532 -0.3478 0.00155677 -0.29094 -0.392937 0.872326
1305031542.403140 -0.403103 0.226488 -0.336702 -0.00426804 -0.290254 -0.392174 0.872889
1305031542.439210 -0.403527 0.219933 -0.325753 -0.0110922 -0.289433 -0.390625 0.873795
1305031542.471527 -0.402664 0.212314 -0.315911 -0.0146361 -0.29044 -0.387448 0.874822
1305031542.503717 -0.396705 0.204801 -0.304201 -0.0175668 -0.294539 -0.381413 0.87605
1305031542.539439 -0.390921 0.193449 -0.291102 -0.0217189 -0.29752 -0.376175 0.877213
1305031542.571672 -0.387537 0.181286 -0.280632 -0.0228365 -0.298092 -0.37107 0.879163
1305031542.603499 -0.379003 0.1732 -0.269923 -0.0216115 -0.300628 -0.363812 0.881361
1305031542.639171 -0.371729 0.161183 -0.256665 -0.0243731 -0.303498 -0.357047 0.88307
1305031542.668866 -0.365724 0.149131 -0.246021 -0.0249696 -0.304833 -0.351413 0.884852
1305031542.702239 -0.355621 0.139184 -0.23384 -0.0228464 -0.307476 -0.349493 0.884755
1305031542.737961 -0.345283 0.12868 -0.218878 -0.0231406 -0.308519 -0.348949 0.884599
1305031542.771170 -0.341851 0.117771 -0.208335 -0.0246184 -0.305318 -0.349071 0.885621
1305031542.803270 -0.335576 0.108928 -0.196958 -0.0245462 -0.306899 -0.349565 0.884881
1305031542.839568 -0.32475 0.100039 -0.179635 -0.0259222 -0.310467 -0.35035 0.883285
1305031542.871198 -0.319565 0.0892866 -0.165454 -0.0292977 -0.30796 -0.351504 0.883599
1305031542.903732 -0.313535 0.0807868 -0.152523 -0.0314842 -0.305516 -0.352591 0.883939
1305031542.939215 -0.310421 0.070803 -0.138286 -0.0355629 -0.30438 -0.354527 0.883402
1305031542.970866 -0.307024 0.0615924 -0.125083 -0.0387751 -0.306614 -0.354555 0.882482
1305031543.002677 -0.301186 0.0522181 -0.108673 -0.0437624 -0.31155 -0.35273 0.881251
1305031543.039126 -0.298618 0.0410453 -0.0935197 -0.0496728 -0.314843 -0.350782 0.880545
1305031543.070710 -0.29155 0.0331476 -0.0775234 -0.0529241 -0.319976 -0.348776 0.879301
1305031543.102755 -0.28536 0.023529 -0.0599937 -0.0585128 -0.323167 -0.349274 0.87758
1305031543.139358 -0.279439 0.0128076 -0.042443 -0.0636699 -0.324076 -0.350473 0.876407
1305031543.170265 -0.276694 0.00189374 -0.0274572 -0.0688845 -0.322746 -0.350686 0.876418
1305031543.200190 -0.273232 -0.0090561 -0.0137987 -0.0734392 -0.323564 -0.346134 0.877556
1305031543.238701 -0.268107 -0.0191347 0.00017201 -0.0782283 -0.325598 -0.33755 0.879731
1305031543.270923 -0.265769 -0.0315219 0.0128361 -0.082047 -0.32733 -0.33035 0.881472
1305031543.302962 -0.262489 -0.0419709 0.0221619 -0.079932 -0.330141 -0.324122 0.882929
1305031543.338824 -0.258078 -0.0484716 0.0295082 -0.0765231 -0.332948 -0.318819 0.884106
1305031543.370800 -0.256853 -0.058139 0.0348007 -0.0742966 -0.335008 -0.315575 0.884682
1305031543.407586 -0.255652 -0.0636794 0.035878 -0.0670374 -0.338642 -0.315489 0.883908
1305031543.436408 -0.254077 -0.069204 0.0371664 -0.0611299 -0.343019 -0.315252 0.882733
1305031543.472193 -0.254344 -0.0729287 0.0351926 -0.0563486 -0.345334 -0.314222 0.882516
1305031543.507662 -0.256204 -0.0761386 0.0305806 -0.0520975 -0.34928 -0.315824 0.88065
1305031543.539811 -0.257267 -0.0784444 0.0258628 -0.0466344 -0.356083 -0.319126 0.877034
1305031543.572301 -0.25939 -0.0805054 0.0197438 -0.0426576 -0.360386 -0.321855 0.874478
1305031543.607686 -0.263457 -0.0809002 0.0085927 -0.0390913 -0.364228 -0.325396 0.871738
1305031543.639875 -0.266871 -0.0795679 -0.00190723 -0.0378039 -0.371525 -0.332144 0.866153
1305031543.671696 -0.273899 -0.0849621 -0.0128738 -0.0400497 -0.374755 -0.336315 0.863045
1305031543.707488 -0.27957 -0.0856072 -0.0291251 -0.0362652 -0.376272 -0.33714 0.86223
1305031543.739759 -0.283762 -0.0864186 -0.0440098 -0.0347444 -0.379104 -0.338741 0.860423
1305031543.771875 -0.292836 -0.0901864 -0.0617042 -0.0358092 -0.380182 -0.337194 0.860511
1305031543.807535 -0.295985 -0.088049 -0.0826333 -0.0334315 -0.383271 -0.332523 0.861054
1305031543.839894 -0.298768 -0.0885412 -0.100562 -0.0371137 -0.386662 -0.329545 0.860532
1305031543.871869 -0.302995 -0.092981 -0.117918 -0.0446762 -0.387782 -0.324905 0.861432
1305031543.907474 -0.305114 -0.0946777 -0.137631 -0.0500159 -0.386058 -0.319016 0.86411
1305031543.939753 -0.308832 -0.0986402 -0.1582 -0.0557572 -0.382226 -0.314833 0.866991
1305031543.970786 -0.311193 -0.101132 -0.179439 -0.0560603 -0.37666 -0.312245 0.870338
1305031544.007529 -0.314331 -0.107809 -0.198229 -0.0558656 -0.368577 -0.309537 0.874767
1305031544.038948 -0.315655 -0.108698 -0.222017 -0.0494628 -0.356571 -0.307 0.881001
1305031544.070711 -0.316178 -0.106532 -0.244648 -0.0435766 -0.342686 -0.304985 0.887497
1305031544.106609 -0.326538 -0.110435 -0.270595 -0.042069 -0.325594 -0.300683 0.895438
1305031544.137311 -0.334965 -0.106188 -0.301512 -0.0339806 -0.312898 -0.293439 0.902682
1305031544.171722 -0.338219 -0.100056 -0.324777 -0.0272603 -0.305793 -0.288095 0.907055
1305031544.206571 -0.345558 -0.0946962 -0.348589 -0.0197025 -0.295064 -0.283638 0.912194
1305031544.238072 -0.350592 -0.0843155 -0.372531 -0.0102164 -0.283266 -0.281311 0.916799
1305031544.267766 -0.358448 -0.0752461 -0.39567 -0.0028246 -0.270106 -0.280359 0.921105
1305031544.303584 -0.369309 -0.064136 -0.42042 0.00612921 -0.255417 -0.281825 0.924824
1305031544.338210 -0.379596 -0.047924 -0.444259 0.0149527 -0.242759 -0.282807 0.927828
1305031544.367911 -0.385343 -0.0255951 -0.46528 0.0208122 -0.232456 -0.284145 0.929942
1305031544.405875 -0.39557 -0.0057769 -0.482461 0.0173757 -0.219645 -0.287565 0.932073
1305031544.437826 -0.415123 0.00558483 -0.501939 0.0101728 -0.206861 -0.289311 0.934561
1305031544.469937 -0.43061 0.0261901 -0.519912 0.0064177 -0.199963 -0.288379 0.936382
1305031544.505986 -0.450551 0.0391348 -0.535213 -0.000905618 -0.195585 -0.28977 0.936899
1305031544.539003 -0.469435 0.0535607 -0.549608 -0.0050225 -0.194719 -0.293154 0.936013
1305031544.574785 -0.488039 0.066342 -0.560658 -0.00764613 -0.196132 -0.296261 0.934721
1305031544.607438 -0.496415 0.0906411 -0.570306 -0.00757893 -0.199702 -0.297041 0.933717
1305031544.638925 -0.508586 0.107603 -0.577131 -0.0162164 -0.201789 -0.298681 0.932635
1305031544.675602 -0.529082 0.116418 -0.583502 -0.0252586 -0.203513 -0.300063 0.931615
1305031544.703615 -0.543138 0.133338 -0.590055 -0.028287 -0.208116 -0.300882 0.930246
1305031544.738977 -0.557536 0.140942 -0.589651 -0.0341711 -0.21309 -0.301347 0.928771
1305031544.775192 -0.573621 0.148366 -0.592116 -0.0336574 -0.214746 -0.303678 0.927648
1305031544.807101 -0.588067 0.160752 -0.595404 -0.0291409 -0.214873 -0.305069 0.927315
1305031544.839027 -0.597119 0.17869 -0.596708 -0.0261823 -0.215418 -0.305321 0.927194
1305031544.875379 -0.611852 0.19096 -0.59734 -0.0303643 -0.214566 -0.307906 0.926409
1305031544.907436 -0.627749 0.199372 -0.595438 -0.0333063 -0.212257 -0.312698 0.925234
1305031544.939009 -0.641058 0.210238 -0.594011 -0.033644 -0.20743 -0.319431 0.924015
1305031544.975561 -0.661105 0.218714 -0.59338 -0.0371535 -0.200286 -0.324529 0.923681
1305031545.007409 -0.681202 0.223187 -0.59201 -0.0419609 -0.197129 -0.325267 0.923894
1305031545.039484 -0.697543 0.226589 -0.589914 -0.0436549 -0.194218 -0.32291 0.925258
1305031545.075213 -0.715398 0.22678 -0.587992 -0.0422127 -0.189188 -0.319794 0.927447
1305031545.107171 -0.730356 0.232723 -0.586695 -0.0384909 -0.184016 -0.313896 0.930659
1305031545.139414 -0.742616 0.235948 -0.584334 -0.0375506 -0.178523 -0.304316 0.934939
1305031545.174984 -0.755753 0.239098 -0.582571 -0.0373494 -0.170075 -0.291955 0.940448
1305031545.207672 -0.769634 0.241189 -0.57912 -0.0373728 -0.161221 -0.280207 0.945566
1305031545.239686 -0.789321 0.236444 -0.575499 -0.0372224 -0.152616 -0.267626 0.950631
1305031545.275412 -0.804375 0.24292 -0.573964 -0.0294772 -0.14642 -0.25439 0.955499
1305031545.306213 -0.815479 0.250011 -0.571329 -0.0255773 -0.142334 -0.243764 0.958992
1305031545.339544 -0.829807 0.251187 -0.567402 -0.0246305 -0.136845 -0.234064 0.962227
1305031545.375555 -0.846555 0.250155 -0.564251 -0.0220783 -0.129747 -0.222299 0.966055
1305031545.407463 -0.863838 0.249073 -0.561892 -0.0171415 -0.124262 -0.208739 0.969893
1305031545.439168 -0.879475 0.250637 -0.559191 -0.00957696 -0.121469 -0.197609 0.972679
1305031545.475453 -0.897288 0.240489 -0.554631 -0.0034405 -0.119124 -0.188516 0.974812
1305031545.507417 -0.912837 0.243181 -0.553778 0.0128192 -0.118668 -0.179699 0.976454
1305031545.539498 -0.927295 0.242911 -0.55164 0.0250693 -0.120424 -0.171003 0.977562
1305031545.578088 -0.943195 0.243758 -0.550783 0.0388448 -0.123997 -0.167136 0.977334
1305031545.603778 -0.955473 0.250668 -0.5482 0.0514002 -0.130456 -0.166552 0.976012
1305031545.635945 -0.967254 0.250592 -0.542825 0.060914 -0.136649 -0.166088 0.974696
1305031545.673535 -0.977963 0.248774 -0.5369 0.0729693 -0.14091 -0.167502 0.973017
1305031545.706561 -0.987635 0.256769 -0.532002 0.0904559 -0.143899 -0.170775 0.970539
1305031545.739007 -0.995444 0.273825 -0.526289 0.100316 -0.144338 -0.171421 0.969391
1305031545.775565 -1.00594 0.282445 -0.520561 0.101314 -0.145099 -0.172856 0.968918
1305031545.807492 -1.01487 0.294464 -0.51239 0.100719 -0.146974 -0.175936 0.968143
1305031545.843386 -1.01748 0.306948 -0.503132 0.0974162 -0.148056 -0.178094 0.967921
1305031545.875515 -1.02237 0.316689 -0.493498 0.088474 -0.14354 -0.180326 0.969047
1305031545.907616 -1.02855 0.32565 -0.484923 0.0797409 -0.136425 -0.182534 0.970418
1305031545.943703 -1.03142 0.342545 -0.475881 0.0717065 -0.130821 -0.185002 0.971349
1305031545.975685 -1.03548 0.351052 -0.466797 0.0584527 -0.124062 -0.185183 0.973087
1305031546.007570 -1.03993 0.365675 -0.460987 0.0479167 -0.117572 -0.184426 0.974612
1305031546.043793 -1.0336 0.377555 -0.451628 0.0337304 -0.113655 -0.184789 0.975601
1305031546.075425 -1.03421 0.386613 -0.443982 0.0183553 -0.101089 -0.184106 0.977522
1305031546.104074 -1.03434 0.394828 -0.437479 0.00626357 -0.0891471 -0.181441 0.979333
1305031546.143517 -1.03089 0.405679 -0.431276 -0.00229429 -0.0785189 -0.177512 0.980979
1305031546.175972 -1.0291 0.417288 -0.426681 -0.0104564 -0.067452 -0.172483 0.982645
1305031546.207525 -1.02197 0.426629 -0.420959 -0.0195885 -0.0596656 -0.166969 0.98396
1305031546.243573 -1.02016 0.43015 -0.414364 -0.0276927 -0.0477463 -0.159343 0.985679
1305031546.276113 -1.01701 0.44147 -0.409015 -0.0279049 -0.0371034 -0.151329 0.987393
1305031546.308117 -1.00605 0.455353 -0.402739 -0.0308531 -0.0300778 -0.142951 0.988791
1305031546.343932 -1.00601 0.460403 -0.396175 -0.0367576 -0.0186687 -0.132982 0.990261
1305031546.376105 -1.00265 0.470633 -0.390514 -0.0360302 -0.0127581 -0.123394 0.991621
1305031546.407683 -0.995117 0.48175 -0.383942 -0.0358245 -0.0101842 -0.114676 0.992705
1305031546.443985 -0.992251 0.48921 -0.377446 -0.0361232 -0.00716048 -0.106875 0.99359
1305031546.476002 -0.983418 0.505264 -0.371985 -0.0336257 -0.00706646 -0.101442 0.994248
1305031546.507978 -0.981933 0.511482 -0.364238 -0.0386489 -0.00203292 -0.0970814 0.994524
1305031546.544091 -0.977717 0.523096 -0.358804 -0.0364708 0.000318555 -0.0925521 0.99504
1305031546.576436 -0.973366 0.535702 -0.353427 -0.0376221 0.00325397 -0.0893495 0.995284
1305031546.604477 -0.971038 0.546579 -0.346961 -0.0427807 0.00682285 -0.0856533 0.995383
1305031546.644231 -0.96536 0.556584 -0.340747 -0.0494905 0.00862993 -0.0818377 0.995379
1305031546.676019 -0.962802 0.564457 -0.334182 -0.0570034 0.013014 -0.0798846 0.995088
1305031546.707952 -0.95875 0.57131 -0.327962 -0.0630543 0.0165167 -0.0784442 0.994785
1305031546.743907 -0.955058 0.580542 -0.321508 -0.0689789 0.0219999 -0.0776878 0.994345
1305031546.775885 -0.954276 0.58495 -0.314533 -0.0790572 0.0274617 -0.076908 0.993519
1305031546.808019 -0.952888 0.588188 -0.308277 -0.0851771 0.0303778 -0.0769922 0.992922
1305031546.844098 -0.952155 0.591712 -0.302714 -0.088468 0.0312851 -0.0767679 0.992623
1305031546.876150 -0.950624 0.592713 -0.297457 -0.092205 0.0292328 -0.0771375 0.992317
1305031546.904254 -0.949985 0.591856 -0.292927 -0.093064 0.0283197 -0.0791141 0.992108
1305031546.943871 -0.95029 0.595022 -0.289191 -0.0885353 0.0281165 -0.0808776 0.992386
1305031546.975693 -0.950079 0.597712 -0.285741 -0.0875055 0.0267456 -0.0829884 0.992341
1305031547.008548 -0.951086 0.596238 -0.282116 -0.0888019 0.0246615 -0.0846056 0.992143
1305031547.044236 -0.948719 0.597696 -0.279883 -0.0863138 0.0221771 -0.0867526 0.992236
1305031547.074033 -0.94798 0.595007 -0.277989 -0.0864242 0.0237801 -0.0892924 0.991964
1305031547.109368 -0.947885 0.593634 -0.276771 -0.0829515 0.0264642 -0.0908398 0.992052
1305031547.143020 -0.948305 0.593239 -0.276721 -0.0779079 0.0284423 -0.0916503 0.992331
1305031547.172567 -0.949578 0.593455 -0.277722 -0.0746346 0.0291567 -0.0902499 0.992691
1305031547.211605 -0.949831 0.591592 -0.27884 -0.0740506 0.0262414 -0.0888649 0.992941
1305031547.244133 -0.949219 0.588509 -0.280916 -0.0726268 0.0231191 -0.0889877 0.993112
1305031547.276566 -0.949827 0.588079 -0.283174 -0.068701 0.0223967 -0.0895904 0.993354
1305031547.312300 -0.95032 0.585869 -0.285618 -0.0674413 0.0211488 -0.0897987 0.993449
1305031547.344201 -0.951951 0.585743 -0.287971 -0.0649481 0.0203317 -0.088969 0.993707
1305031547.376783 -0.952553 0.584846 -0.290159 -0.0642527 0.0172969 -0.0880222 0.993894
1305031547.412309 -0.952354 0.583185 -0.291782 -0.0637718 0.0136521 -0.0873881 0.994037
1305031547.444479 -0.952199 0.581406 -0.293024 -0.0628015 0.0110245 -0.0881405 0.994065
1305031547.475653 -0.951732 0.580434 -0.294063 -0.0600725 0.00968344 -0.089483 0.994128
1305031547.512129 -0.950774 0.581645 -0.294553 -0.0569357 0.00927363 -0.0904038 0.994233
1305031547.543063 -0.950544 0.57979 -0.29417 -0.0574465 0.00962518 -0.0913286 0.994116
1305031547.572452 -0.950032 0.579925 -0.29356 -0.0553012 0.00994335 -0.0911516 0.994251
1305031547.610069 -0.949591 0.581295 -0.293264 -0.0547464 0.0100892 -0.0901347 0.994373
1305031547.643685 -0.949179 0.577751 -0.291947 -0.0574619 0.00966817 -0.0895277 0.994278
1305031547.675727 -0.947756 0.58046 -0.291527 -0.0546784 0.0101549 -0.0890569 0.994473
1305031547.712359 -0.946374 0.579832 -0.289697 -0.0584615 0.0111246 -0.0895543 0.994202
1305031547.741819 -0.945886 0.576552 -0.288901 -0.0604734 0.0121665 -0.0897209 0.994055
1305031547.773659 -0.944856 0.578662 -0.288943 -0.0573755 0.0129801 -0.0903689 0.99417
1305031547.812136 -0.943769 0.577388 -0.288334 -0.0585841 0.0140566 -0.091237 0.994005
1305031547.844573 -0.943582 0.577273 -0.288553 -0.0577111 0.0156606 -0.0910114 0.994053
1305031547.875313 -0.942369 0.577485 -0.28847 -0.0578574 0.015537 -0.091006 0.994047
1305031547.912229 -0.94118 0.575416 -0.28809 -0.0593745 0.0153116 -0.0907959 0.99398
1305031547.942674 -0.941264 0.575868 -0.288229 -0.0583773 0.0165503 -0.0903574 0.994059
1305031547.976525 -0.941161 0.575674 -0.288169 -0.0584544 0.0170719 -0.0900201 0.994076
