1305031453.374112 0 0 0 0 0 0 1
1305031453.404816 0.00394104 0.0051737 -0.00954345 -0.000719428 0.00638969 0.0111332 0.999917
1305031453.436941 0.00838931 0.00754927 -0.0186853 6.05157e-05 0.0101332 0.0201607 0.999745
1305031453.473352 0.0125667 0.0123304 -0.0291573 0.0038445 0.0159535 0.0288328 0.99945
1305031453.505218 0.0171205 0.0162522 -0.0411851 0.0076572 0.0220543 0.0386469 0.99898
1305031453.538301 0.0183245 0.021179 -0.0542179 0.0141099 0.0273033 0.0476144 0.998393
1305031453.574074 0.0186455 0.0254658 -0.0684768 0.0208447 0.0304482 0.0540606 0.997856
1305031453.605314 0.0193079 0.0319469 -0.0829569 0.0283141 0.0329692 0.0582307 0.997357
1305031453.636951 0.0129861 0.0376691 -0.0980891 0.0350249 0.0359991 0.0620628 0.996808
1305031453.673185 0.00428143 0.0443094 -0.112411 0.042846 0.034825 0.0609744 0.996611
1305031453.705487 -0.00343859 0.0536885 -0.12703 0.0501427 0.0308993 0.0565394 0.996662
1305031453.736856 -0.0124868 0.0637566 -0.140637 0.0554505 0.0267734 0.0521918 0.996737
1305031453.773786 -0.025089 0.0695969 -0.152579 0.0595979 0.0208072 0.0450557 0.996988
1305031453.805041 -0.0325534 0.0806346 -0.165399 0.0653319 0.0113948 0.0371567 0.997106
1305031453.840352 -0.0422235 0.0889018 -0.177716 0.0683472 0.00421187 0.030713 0.99718
1305031453.869618 -0.0574009 0.099714 -0.188765 0.0717469 -0.00521065 0.0243883 0.997111
1305031453.905519 -0.0726534 0.109145 -0.196327 0.0729016 -0.0186862 0.0175132 0.99701
1305031453.940012 -0.0836202 0.114596 -0.203084 0.0707837 -0.0360792 0.0135036 0.996748
1305031453.972592 -0.0962155 0.120819 -0.206604 0.0690466 -0.0517303 0.00515844 0.996258
1305031454.003179 -0.108134 0.122161 -0.210479 0.066668 -0.0632144 -0.00634915 0.99575
1305031454.040976 -0.122898 0.123655 -0.215906 0.068218 -0.0738149 -0.0163097 0.994802
1305031454.072690 -0.137156 0.128893 -0.218686 0.0698126 -0.0836282 -0.0273137 0.993673
1305031454.104619 -0.152457 0.128394 -0.223122 0.068848 -0.0932801 -0.0406424 0.992425
1305031454.141030 -0.167586 0.12994 -0.226305 0.0715291 -0.105556 -0.0545856 0.990334
1305031454.172688 -0.182722 0.137003 -0.22941 0.0732071 -0.118369 -0.0668983 0.988005
1305031454.204626 -0.197372 0.139342 -0.230417 0.070961 -0.132716 -0.0804834 0.985329
1305031454.240858 -0.211252 0.134477 -0.229474 0.0705684 -0.147903 -0.0966432 0.981736
1305031454.273489 -0.220108 0.138876 -0.228244 0.0769109 -0.161346 -0.113649 0.977311
1305031454.304744 -0.229294 0.144113 -0.227708 0.0763706 -0.168849 -0.126673 0.97448
1305031454.340806 -0.24476 0.140634 -0.231223 0.0751413 -0.176159 -0.141069 0.971299
1305031454.372652 -0.252404 0.144904 -0.230284 0.0818857 -0.18754 -0.156358 0.966269
1305031454.401962 -0.261016 0.151763 -0.231998 0.0842884 -0.194701 -0.16895 0.962519
1305031454.437248 -0.273934 0.154941 -0.2342 0.085403 -0.204902 -0.183869 0.957556
1305031454.470741 -0.276835 0.157506 -0.231836 0.0881089 -0.215532 -0.199638 0.951802
1305031454.503859 -0.283975 0.162234 -0.233711 0.0896045 -0.219506 -0.215911 0.947191
1305031454.538424 -0.288044 0.169733 -0.234655 0.0897723 -0.225698 -0.232191 0.941854
1305031454.570323 -0.294498 0.178927 -0.236006 0.087855 -0.23071 -0.245421 0.937456
1305031454.602019 -0.302004 0.186006 -0.237994 0.0853261 -0.239217 -0.262283 0.930969
1305031454.639284 -0.304431 0.191586 -0.237325 0.0834825 -0.252195 -0.275633 0.923826
1305031454.669573 -0.303214 0.201479 -0.237722 0.0792228 -0.264684 -0.282532 0.918609
1305031454.702030 -0.305064 0.208432 -0.238285 0.072656 -0.277684 -0.289316 0.913186
1305031454.740764 -0.300031 0.212507 -0.236754 0.0683332 -0.292027 -0.294249 0.907452
1305031454.772865 -0.293363 0.217202 -0.234334 0.062957 -0.300003 -0.291469 0.906135
1305031454.802574 -0.289319 0.224636 -0.234601 0.058586 -0.302745 -0.2843 0.907792
1305031454.840500 -0.281926 0.233407 -0.232619 0.0551593 -0.305121 -0.278023 0.909154
1305031454.870269 -0.276849 0.240777 -0.231747 0.0500515 -0.30296 -0.271532 0.91213
1305031454.901065 -0.272871 0.249267 -0.232331 0.046843 -0.298192 -0.264436 0.915948
1305031454.940240 -0.270459 0.259157 -0.233215 0.0437812 -0.292689 -0.258116 0.91967
1305031454.973081 -0.27145 0.268731 -0.236506 0.0407161 -0.286661 -0.252029 0.92339
1305031455.010759 -0.274653 0.278411 -0.241793 0.038108 -0.282183 -0.245672 0.926588
1305031455.040446 -0.275992 0.29085 -0.244604 0.0385119 -0.281192 -0.242135 0.927803
1305031455.074282 -0.280118 0.298902 -0.248315 0.0372829 -0.277607 -0.240208 0.929432
1305031455.110340 -0.285752 0.308408 -0.253246 0.0395777 -0.273222 -0.239452 0.930831
1305031455.142700 -0.291248 0.320319 -0.257523 0.0416886 -0.268309 -0.237936 0.932555
1305031455.172771 -0.29966 0.330119 -0.262764 0.04076 -0.262981 -0.233903 0.935131
1305031455.210307 -0.309316 0.340136 -0.266746 0.0379211 -0.258671 -0.228029 0.937899
1305031455.240960 -0.319203 0.347287 -0.271309 0.0369052 -0.254659 -0.222168 0.94044
1305031455.273001 -0.326487 0.361336 -0.274014 0.0364764 -0.250563 -0.216019 0.942987
1305031455.310303 -0.338303 0.365641 -0.278218 0.0276682 -0.244285 -0.207339 0.946874
1305031455.342381 -0.350062 0.3752 -0.283866 0.0223204 -0.240815 -0.19639 0.950232
1305031455.374120 -0.356722 0.385838 -0.284883 0.0154093 -0.23966 -0.18952 0.952055
1305031455.409213 -0.368847 0.387086 -0.288322 0.00426608 -0.23217 -0.182673 0.955358
1305031455.442380 -0.382761 0.39079 -0.295503 -0.00363464 -0.223897 -0.172445 0.959229
1305031455.473168 -0.395827 0.391117 -0.302182 -0.00971669 -0.219966 -0.163405 0.961675
1305031455.509397 -0.409091 0.396453 -0.309852 -0.0136148 -0.215438 -0.1528 0.964393
1305031455.540835 -0.426334 0.395276 -0.319098 -0.019613 -0.210429 -0.139918 0.967346
1305031455.572996 -0.444646 0.397967 -0.32988 -0.0217193 -0.208803 -0.126221 0.969535
1305031455.608802 -0.459765 0.403722 -0.340338 -0.0233221 -0.208763 -0.111868 0.971267
1305031455.641333 -0.477756 0.400499 -0.349568 -0.0295058 -0.205623 -0.0988402 0.97318
1305031455.672887 -0.495975 0.39752 -0.361115 -0.0279897 -0.20181 -0.0925181 0.974643
1305031455.707680 -0.512478 0.398917 -0.372941 -0.023843 -0.198961 -0.0933292 0.975262
1305031455.742005 -0.52876 0.396712 -0.384358 -0.0219236 -0.194763 -0.0983166 0.975664
1305031455.773667 -0.544818 0.395255 -0.396235 -0.0202745 -0.18825 -0.101557 0.976646
1305031455.809109 -0.561802 0.387076 -0.408811 -0.0202418 -0.181724 -0.10061 0.97798
1305031455.838364 -0.577581 0.385995 -0.422992 -0.0169423 -0.17716 -0.100232 0.978918
1305031455.872220 -0.590717 0.381696 -0.435026 -0.0169929 -0.174823 -0.101374 0.97922
1305031455.908418 -0.603045 0.378198 -0.446795 -0.0168553 -0.171526 -0.101762 0.979765
1305031455.939606 -0.615981 0.372741 -0.457641 -0.018113 -0.167083 -0.102357 0.980448
1305031455.973594 -0.62738 0.372373 -0.468308 -0.0167244 -0.16286 -0.104693 0.980936
1305031456.008998 -0.638302 0.371019 -0.477114 -0.0180797 -0.157705 -0.107531 0.981448
1305031456.041930 -0.648133 0.374613 -0.485399 -0.0209159 -0.151249 -0.112127 0.981893
1305031456.073846 -0.662808 0.368007 -0.492218 -0.0309957 -0.1441 -0.119493 0.981833
1305031456.108963 -0.676743 0.358052 -0.497675 -0.0382234 -0.138673 -0.124865 0.981691
1305031456.140836 -0.689599 0.352104 -0.502963 -0.040026 -0.133274 -0.126262 0.982188
1305031456.173198 -0.700148 0.342389 -0.506243 -0.0421983 -0.127581 -0.127098 0.982745
1305031456.208934 -0.711362 0.334297 -0.509511 -0.0381069 -0.119322 -0.125305 0.984179
1305031456.240996 -0.719762 0.340608 -0.51361 -0.0314823 -0.109186 -0.122748 0.985911
1305031456.277928 -0.730759 0.333664 -0.513267 -0.0330348 -0.0975278 -0.120309 0.987382
1305031456.310040 -0.743952 0.324898 -0.512569 -0.0316818 -0.0856178 -0.115657 0.989085
1305031456.341659 -0.755413 0.319983 -0.5111 -0.0271948 -0.074627 -0.109111 0.990851
1305031456.377115 -0.765343 0.328222 -0.511089 -0.0194456 -0.0625148 -0.103795 0.992442
1305031456.409172 -0.780082 0.317239 -0.505299 -0.0210306 -0.0485825 -0.0994733 0.993631
1305031456.440717 -0.795435 0.320292 -0.500524 -0.012914 -0.036797 -0.092691 0.994931
1305031456.476027 -0.810628 0.331908 -0.49668 -0.00936713 -0.0302876 -0.0860282 0.995788
1305031456.508911 -0.826983 0.333167 -0.488684 -0.0154816 -0.0283707 -0.0801744 0.996257
1305031456.541832 -0.841772 0.332723 -0.480009 -0.0217115 -0.0283273 -0.0746541 0.996571
1305031456.576087 -0.856029 0.324594 -0.469747 -0.0268753 -0.0265509 -0.0698393 0.996843
1305031456.607930 -0.865483 0.336983 -0.462114 -0.0231039 -0.0227468 -0.0637581 0.997439
1305031456.640699 -0.876798 0.347664 -0.453228 -0.0327186 -0.0165739 -0.0577941 0.997655
1305031456.675835 -0.896288 0.3329 -0.439604 -0.0484904 -0.00780189 -0.0515219 0.997463
1305031456.709099 -0.911281 0.334677 -0.43021 -0.0465635 -0.0027973 -0.041186 0.998062
1305031456.740863 -0.927896 0.348613 -0.422117 -0.0474856 0.000372179 -0.0314292 0.998377
1305031456.777218 -0.945312 0.336339 -0.410334 -0.0575572 -0.000917848 -0.0232255 0.998072
1305031456.808986 -0.957827 0.3403 -0.400009 -0.0523282 -0.00750145 -0.0156724 0.998479
1305031456.841050 -0.966644 0.356938 -0.389947 -0.0494044 -0.0109075 -0.00808611 0.998687
1305031456.878006 -0.978237 0.355818 -0.377937 -0.0569912 -0.00879609 -0.000960768 0.998335
1305031456.909883 -0.988983 0.35091 -0.366567 -0.0608585 -0.00531812 0.00398877 0.998124
1305031456.942298 -1.00062 0.356899 -0.358066 -0.0550418 0.000649524 0.00961382 0.998438
1305031456.977139 -1.01366 0.369456 -0.352258 -0.0537877 0.00719412 0.0137937 0.998431
1305031457.006193 -1.02716 0.366752 -0.343218 -0.0627516 0.0131874 0.0163705 0.997808
1305031457.042512 -1.04023 0.367236 -0.337733 -0.0645916 0.0185262 0.0205633 0.997528
1305031457.076011 -1.05299 0.375555 -0.335426 -0.0662278 0.0243364 0.0256011 0.997179
1305031457.108053 -1.06524 0.371785 -0.332066 -0.0763796 0.0305476 0.0302494 0.996152
1305031457.142120 -1.07674 0.363914 -0.330063 -0.0815785 0.0372442 0.035402 0.995341
1305031457.177463 -1.08904 0.362964 -0.331895 -0.0802109 0.0447033 0.0417309 0.9949
1305031457.209336 -1.10224 0.365508 -0.335813 -0.0785398 0.0523741 0.0469096 0.994428
1305031457.240792 -1.11733 0.361366 -0.339085 -0.0828772 0.0603657 0.0530825 0.993312
1305031457.277247 -1.12953 0.349157 -0.342387 -0.0837751 0.0674588 0.0598585 0.992395
1305031457.309693 -1.14437 0.351189 -0.350453 -0.0745279 0.0765293 0.0648916 0.992158
1305031457.342954 -1.15934 0.354346 -0.358856 -0.0702231 0.0869454 0.0690283 0.991335
1305031457.376037 -1.17423 0.346915 -0.36575 -0.0717587 0.0984215 0.0743394 0.989766
1305031457.407980 -1.19032 0.341816 -0.373673 -0.0662829 0.110247 0.0820628 0.98829
1305031457.441357 -1.20926 0.340892 -0.382962 -0.0622638 0.11941 0.0890065 0.986885
1305031457.476577 -1.22657 0.33403 -0.391109 -0.0625521 0.123638 0.094519 0.985833
1305031457.508603 -1.24094 0.324162 -0.399508 -0.0627653 0.125833 0.0984988 0.985152
1305031457.543946 -1.25442 0.317144 -0.408818 -0.0591976 0.129342 0.101337 0.98463
1305031457.576581 -1.2696 0.312617 -0.417715 -0.0552394 0.134922 0.104871 0.983741
1305031457.607246 -1.28862 0.310411 -0.425313 -0.0514476 0.140784 0.108043 0.982782
1305031457.643534 -1.30324 0.300731 -0.431176 -0.0517255 0.143461 0.11145 0.981999
1305031457.675414 -1.32104 0.301968 -0.437758 -0.0467487 0.14689 0.1154 0.981285
1305031457.707739 -1.33609 0.295334 -0.442618 -0.0517996 0.147835 0.118348 0.980538
1305031457.745071 -1.34828 0.277754 -0.44557 -0.0561585 0.14929 0.117986 0.980121
1305031457.773518 -1.36293 0.265928 -0.450052 -0.0542042 0.15227 0.116677 0.97993
1305031457.807824 -1.37259 0.248696 -0.454929 -0.0494761 0.156502 0.115735 0.979625
1305031457.842853 -1.38876 0.249839 -0.462057 -0.0375102 0.165277 0.115055 0.978795
1305031457.875920 -1.40365 0.240012 -0.465382 -0.0355699 0.17422 0.115031 0.977318
1305031457.906126 -1.41771 0.220495 -0.465747 -0.0310125 0.182429 0.115499 0.975919
1305031457.942604 -1.43774 0.216885 -0.467281 -0.0168601 0.188708 0.118279 0.974739
1305031457.976744 -1.46047 0.206389 -0.465239 -0.00733545 0.192286 0.12273 0.973606
1305031458.009019 -1.47196 0.194658 -0.462481 -0.00141242 0.195062 0.12337 0.973
1305031458.046303 -1.4867 0.193399 -0.460058 0.00830276 0.199941 0.123736 0.971928
1305031458.077315 -1.50377 0.194195 -0.452817 0.0139138 0.20618 0.125233 0.970367
1305031458.108896 -1.51906 0.188267 -0.442506 0.0135311 0.211618 0.126713 0.969009
1305031458.144808 -1.53433 0.177946 -0.430151 0.0127372 0.216116 0.127801 0.967884
1305031458.178039 -1.55286 0.176185 -0.416472 0.0146746 0.219258 0.130655 0.966768
1305031458.209384 -1.56997 0.172641 -0.400684 0.011713 0.219845 0.133787 0.966246
1305031458.245729 -1.58253 0.153113 -0.383841 0.00419034 0.218885 0.13412 0.96648
1305031458.277447 -1.59599 0.139819 -0.370445 0.00572026 0.216443 0.132552 0.967238
1305031458.308343 -1.61123 0.134999 -0.353144 0.0110921 0.213483 0.13314 0.967769
1305031458.343898 -1.62095 0.121583 -0.335495 0.0143098 0.209623 0.13388 0.968468
1305031458.376213 -1.62955 0.117293 -0.320941 0.0238417 0.206274 0.134588 0.968901
1305031458.407856 -1.63788 0.117268 -0.30386 0.0350247 0.205785 0.13927 0.968003
1305031458.443957 -1.64102 0.11448 -0.28729 0.0459677 0.208121 0.145029 0.966198
1305031458.476034 -1.64453 0.10887 -0.271995 0.0613455 0.216412 0.145457 0.963455
1305031458.508869 -1.64883 0.118409 -0.252919 0.0829773 0.226468 0.143716 0.959777
1305031458.544401 -1.65702 0.130402 -0.229728 0.0989766 0.237381 0.140278 0.956126
1305031458.576178 -1.66545 0.133273 -0.207243 0.107971 0.246519 0.134982 0.953599
1305031458.608421 -1.67511 0.151436 -0.179706 0.117594 0.251722 0.128692 0.95197
1305031458.643659 -1.68319 0.162536 -0.15233 0.118556 0.251763 0.126383 0.952149
1305031458.676991 -1.68767 0.16372 -0.127191 0.113064 0.244338 0.124369 0.955012
1305031458.707780 -1.68297 0.160226 -0.106317 0.108093 0.230176 0.117675 0.959941
1305031458.744924 -1.68398 0.159795 -0.0909462 0.108722 0.21712 0.107458 0.964101
1305031458.773802 -1.68125 0.166752 -0.076532 0.11148 0.200854 0.0974872 0.968363
1305031458.810621 -1.67638 0.170172 -0.0614357 0.107987 0.188258 0.0914342 0.971873
1305031458.842919 -1.66789 0.163042 -0.0503802 0.103751 0.17999 0.0890009 0.974124
1305031458.875889 -1.66603 0.161971 -0.0435495 0.106308 0.178483 0.0833412 0.974626
1305031458.910599 -1.67053 0.167073 -0.0344326 0.109542 0.182888 0.0814689 0.973609
1305031458.943997 -1.675 0.165553 -0.024358 0.106365 0.188668 0.0916046 0.971956
1305031458.976007 -1.68207 0.147348 -0.0136359 0.100946 0.194823 0.100528 0.970437
1305031459.012560 -1.69838 0.133662 -0.00311127 0.104508 0.198924 0.101577 0.969118
1305031459.044413 -1.71654 0.12262 0.00866314 0.113562 0.19637 0.106418 0.9681
1305031459.073657 -1.73828 0.107744 0.0238513 0.123043 0.188353 0.116223 0.967407
1305031459.112711 -1.76097 0.0945891 0.0361982 0.134982 0.170935 0.124073 0.968074
1305031459.144497 -1.77641 0.0884903 0.0552064 0.146574 0.148786 0.125597 0.969848
1305031459.176463 -1.78982 0.0827149 0.063931 0.153413 0.128466 0.128948 0.971253
1305031459.208791 -1.79806 0.0798313 0.0773491 0.158155 0.113877 0.137012 0.971209
1305031459.244159 -1.79927 0.081666 0.0927929 0.16067 0.105459 0.145699 0.970482
1305031459.274941 -1.8015 0.0871514 0.103325 0.160353 0.108467 0.154474 0.968845
1305031459.311921 -1.80508 0.0888174 0.114402 0.158823 0.122994 0.169252 0.964884
1305031459.344169 -1.81226 0.0922158 0.124502 0.161326 0.143799 0.18726 0.958243
1305031459.374084 -1.82232 0.107768 0.133361 0.165072 0.16685 0.208961 0.949341
1305031459.408831 -1.82762 0.120645 0.144118 0.161329 0.193834 0.237435 0.938097
1305031459.443181 -1.83503 0.123721 0.142801 0.154916 0.22451 0.275535 0.921779
1305031459.473401 -1.84866 0.135298 0.147477 0.154577 0.2495 0.308338 0.904866
1305031459.510267 -1.8583 0.141254 0.155372 0.147076 0.266179 0.338139 0.890606
1305031459.544431 -1.86952 0.136234 0.163126 0.138584 0.282241 0.366623 0.875627
1305031459.576817 -1.88645 0.13499 0.171459 0.137122 0.293041 0.38558 0.864091
1305031459.611939 -1.89845 0.134769 0.178819 0.135993 0.296843 0.398429 0.857114
1305031459.643453 -1.91023 0.135407 0.186425 0.136023 0.302876 0.400448 0.854053
1305031459.675678 -1.92503 0.131909 0.195096 0.133082 0.312483 0.403031 0.849829
1305031459.711531 -1.93637 0.116384 0.198925 0.125324 0.321144 0.408002 0.845396
1305031459.743425 -1.94898 0.102069 0.201709 0.121284 0.328522 0.409014 0.842657
1305031459.776577 -1.96488 0.0872991 0.207109 0.120375 0.335 0.406358 0.841522
1305031459.812562 -1.9795 0.0746506 0.214756 0.119945 0.337845 0.403581 0.841781
1305031459.844736 -1.99449 0.0608719 0.222714 0.116755 0.338491 0.402166 0.842647
1305031459.877006 -2.00442 0.0462204 0.231418 0.112268 0.3358 0.404025 0.843444
1305031459.911472 -2.01224 0.0310612 0.238764 0.109504 0.332969 0.407171 0.843417
1305031459.943616 -2.02154 0.017848 0.247683 0.108777 0.331506 0.409865 0.842783
1305031459.979430 -2.02916 0.00398861 0.255444 0.106432 0.330214 0.413648 0.84174
1305031460.011909 -2.03408 -0.0114413 0.261733 0.103611 0.329539 0.41783 0.84029
1305031460.043717 -2.04089 -0.0275793 0.267979 0.102628 0.33031 0.42063 0.838709
1305031460.079449 -2.04889 -0.0452693 0.276089 0.104097 0.328712 0.42543 0.836733
1305031460.111951 -2.05275 -0.0614575 0.285564 0.108639 0.32275 0.433154 0.83451
1305031460.144204 -2.05661 -0.0740472 0.292123 0.115284 0.314626 0.440723 0.832756
1305031460.178730 -2.06021 -0.0852816 0.304227 0.11964 0.308358 0.446885 0.831201
1305031460.208637 -2.05591 -0.0947892 0.307702 0.119127 0.303673 0.451599 0.830452
1305031460.243467 -2.05272 -0.105176 0.309768 0.118912 0.306492 0.453394 0.828466
1305031460.279164 -2.05249 -0.115448 0.313367 0.118946 0.314258 0.452939 0.825797
1305031460.311712 -2.05078 -0.125894 0.317042 0.118538 0.322205 0.453242 0.822621
1305031460.342879 -2.05097 -0.135837 0.32335 0.118212 0.331012 0.454668 0.818373
1305031460.377806 -2.04971 -0.144652 0.329617 0.115814 0.340114 0.457237 0.813538
1305031460.409883 -2.04669 -0.155611 0.333711 0.112705 0.349315 0.461593 0.807594
1305031460.444036 -2.04437 -0.163061 0.339509 0.110865 0.359915 0.465124 0.801142
1305031460.479856 -2.04472 -0.170879 0.345445 0.106649 0.372108 0.469954 0.793287
1305031460.508966 -2.04203 -0.180532 0.349921 0.099898 0.382474 0.478132 0.784298
1305031460.544245 -2.03917 -0.191468 0.354071 0.0928925 0.391402 0.485246 0.776345
1305031460.579561 -2.0381 -0.201826 0.357853 0.0872194 0.400133 0.488068 0.770763
1305031460.612190 -2.03677 -0.21201 0.36252 0.0836623 0.408166 0.490153 0.765605
1305031460.644011 -2.03753 -0.22306 0.368786 0.0808147 0.416608 0.490741 0.760973
1305031460.679350 -2.03954 -0.234059 0.377508 0.0780819 0.423482 0.490899 0.757354
1305031460.711684 -2.03938 -0.243426 0.385602 0.0742221 0.42703 0.491694 0.755231
1305031460.743767 -2.03748 -0.254269 0.392531 0.069517 0.430887 0.491489 0.753619
1305031460.779201 -2.03743 -0.266258 0.401397 0.0658797 0.436204 0.490737 0.751374
1305031460.811318 -2.03674 -0.274809 0.411234 0.06233 0.439544 0.488993 0.750868
1305031460.843836 -2.03424 -0.283793 0.419658 0.0561586 0.442514 0.487335 0.750688
1305031460.879093 -2.03114 -0.295713 0.428711 0.0480573 0.447194 0.485811 0.749463
1305031460.911313 -2.02727 -0.307281 0.437571 0.0411563 0.450447 0.485369 0.748212
1305031460.943375 -2.02056 -0.318133 0.443875 0.0363623 0.45111 0.487227 0.746852
1305031460.979083 -2.01308 -0.330522 0.44859 0.0340175 0.452805 0.488651 0.745004
1305031461.011290 -2.00713 -0.342229 0.454944 0.0344781 0.45586 0.489293 0.742695
1305031461.043398 -2.00247 -0.352599 0.462124 0.0364981 0.458092 0.489509 0.741081
1305031461.079602 -1.99768 -0.360003 0.470647 0.0371949 0.458201 0.489056 0.741278
1305031461.111961 -1.98912 -0.368185 0.475178 0.0347005 0.45668 0.488776 0.742521
1305031461.144098 -1.97967 -0.380516 0.479836 0.032725 0.457484 0.487937 0.742668
1305031461.179883 -1.97356 -0.387148 0.485648 0.0345362 0.458927 0.484581 0.743892
1305031461.211180 -1.96828 -0.392891 0.491286 0.0352824 0.46056 0.481514 0.744838
1305031461.246864 -1.96174 -0.40031 0.496746 0.0352781 0.461935 0.479194 0.745483
1305031461.278888 -1.95602 -0.404436 0.501548 0.0362816 0.462876 0.4744 0.747913
1305031461.311240 -1.95007 -0.405562 0.50701 0.0374627 0.464805 0.469134 0.749977
1305031461.346875 -1.94794 -0.405011 0.515738 0.0360995 0.469097 0.464175 0.750457
1305031461.378850 -1.9379 -0.40931 0.520467 0.0290324 0.469651 0.464378 0.750292
1305031461.411130 -1.92837 -0.413658 0.522633 0.0242956 0.469114 0.464904 0.75047
1305031461.447015 -1.92352 -0.413124 0.526505 0.0227378 0.469293 0.464939 0.750386
1305031461.478901 -1.9124 -0.417886 0.525944 0.0175594 0.468035 0.467602 0.749655
1305031461.512120 -1.90637 -0.420749 0.525338 0.0181034 0.468886 0.467457 0.749201
1305031461.547338 -1.90212 -0.417442 0.521371 0.0196867 0.469574 0.46426 0.750716
1305031461.578847 -1.89921 -0.415756 0.51909 0.0181673 0.474414 0.460453 0.750056
1305031461.609662 -1.89697 -0.412615 0.51728 0.0161616 0.480462 0.458515 0.747436
1305031461.646970 -1.89403 -0.40837 0.514479 0.0136168 0.484781 0.45844 0.744738
1305031461.676203 -1.89272 -0.401893 0.512016 0.0128277 0.487383 0.460864 0.74155
1305031461.711212 -1.88858 -0.395899 0.508093 0.0114064 0.487451 0.466528 0.737979
1305031461.746919 -1.88853 -0.387223 0.502878 0.011105 0.487862 0.470013 0.735496
1305031461.778616 -1.88905 -0.376366 0.498728 0.0102375 0.489069 0.472928 0.732834
1305031461.811319 -1.88851 -0.366532 0.493158 0.00804477 0.490985 0.476904 0.728993
1305031461.847090 -1.89236 -0.352883 0.49024 0.00901972 0.494764 0.481138 0.723625
1305031461.879162 -1.89725 -0.340043 0.491883 0.00844378 0.49798 0.488857 0.716215
1305031461.911121 -1.89992 -0.325936 0.488345 0.0072278 0.495646 0.499652 0.710374
1305031461.947264 -1.90135 -0.310788 0.478217 0.0046008 0.493264 0.506746 0.707021
1305031461.979223 -1.91126 -0.299053 0.481103 0.000544263 0.499872 0.509572 0.700332
1305031462.011791 -1.91438 -0.293162 0.484472 -0.00759257 0.501968 0.5187 0.692041
1305031462.047463 -1.91684 -0.285288 0.48407 -0.0113378 0.497425 0.531391 0.685612
1305031462.079285 -1.92108 -0.27345 0.48128 -0.00969181 0.490257 0.543102 0.681612
1305031462.112081 -1.92612 -0.263342 0.479008 -0.00990108 0.48477 0.552448 0.678013
1305031462.147634 -1.9308 -0.256943 0.478398 -0.0123041 0.481723 0.559876 0.67404
1305031462.179358 -1.93691 -0.248389 0.477005 -0.0145533 0.479549 0.562737 0.673163
1305031462.212836 -1.94353 -0.242391 0.478395 -0.0199435 0.479276 0.563175 0.672853
1305031462.248986 -1.94978 -0.237017 0.480875 -0.0264897 0.478633 0.563197 0.673066
1305031462.280774 -1.95645 -0.231032 0.483269 -0.0332332 0.476494 0.561673 0.675553
1305031462.311931 -1.96369 -0.223348 0.484118 -0.039659 0.473149 0.558734 0.67998
1305031462.347816 -1.97236 -0.217559 0.48919 -0.0474015 0.472619 0.554369 0.683417
1305031462.379950 -1.98168 -0.210495 0.495045 -0.0552655 0.470104 0.550034 0.688048
1305031462.413016 -1.98993 -0.204731 0.500169 -0.0640476 0.465044 0.54762 0.692636
1305031462.448295 -1.99946 -0.19708 0.504519 -0.0710962 0.458496 0.544528 0.698725
1305031462.480843 -2.00844 -0.190698 0.506078 -0.0795929 0.450145 0.542363 0.704895
1305031462.517041 -2.01569 -0.186778 0.50747 -0.0874863 0.442224 0.540964 0.710029
1305031462.548959 -2.02258 -0.18218 0.503912 -0.0927281 0.43245 0.5378 0.717746
1305031462.581088 -2.0293 -0.178271 0.49977 -0.0975673 0.426674 0.53176 0.725025
1305031462.617123 -2.03796 -0.173677 0.495439 -0.101213 0.423236 0.523445 0.732552
1305031462.648708 -2.04517 -0.169287 0.490774 -0.104038 0.421267 0.514543 0.739565
1305031462.680788 -2.05436 -0.166336 0.486681 -0.104562 0.420351 0.505407 0.746281
1305031462.716812 -2.06483 -0.162156 0.48165 -0.105502 0.415961 0.495404 0.755262
1305031462.748732 -2.07481 -0.153029 0.473129 -0.10535 0.408311 0.485308 0.765937
1305031462.780885 -2.08393 -0.145299 0.464634 -0.106057 0.40258 0.477622 0.773666
1305031462.816821 -2.09369 -0.137022 0.455015 -0.107272 0.397077 0.472109 0.779702
1305031462.848525 -2.10268 -0.123096 0.444697 -0.108144 0.391936 0.465993 0.785839
1305031462.880471 -2.10901 -0.111186 0.431108 -0.108478 0.389548 0.462463 0.789058
1305031462.916800 -2.11405 -0.102254 0.417215 -0.108724 0.388167 0.460449 0.790881
1305031462.947939 -2.11828 -0.0945211 0.403937 -0.107744 0.385814 0.45885 0.793092
1305031462.979943 -2.12036 -0.0854928 0.390258 -0.104071 0.382424 0.455172 0.797333
1305031463.016121 -2.12158 -0.080155 0.374923 -0.100288 0.37891 0.450295 0.802249
1305031463.050783 -2.12723 -0.0719163 0.359703 -0.095377 0.37443 0.442066 0.809496
1305031463.076870 -2.13244 -0.0607095 0.3457 -0.0926245 0.369934 0.432502 0.817014
1305031463.116806 -2.13219 -0.0548506 0.330254 -0.0909399 0.367119 0.424932 0.822427
1305031463.148565 -2.13571 -0.0463136 0.3145 -0.086948 0.365478 0.414586 0.828845
1305031463.180505 -2.14044 -0.0355354 0.299665 -0.0847809 0.363954 0.405405 0.834264
1305031463.217123 -2.13732 -0.0279032 0.286471 -0.0863278 0.360884 0.400707 0.837702
1305031463.248719 -2.13347 -0.0203179 0.271524 -0.0825554 0.35959 0.396497 0.840636
1305031463.278737 -2.13381 -0.0115712 0.257265 -0.0803271 0.358853 0.389809 0.844287
1305031463.317110 -2.12963 5.13292e-05 0.244318 -0.0785639 0.354547 0.385493 0.848245
1305031463.348740 -2.12369 0.0075062 0.232045 -0.0737755 0.350452 0.382924 0.851534
1305031463.380514 -2.12128 0.0185693 0.21918 -0.0684915 0.34642 0.377996 0.855816
1305031463.416326 -2.11599 0.0319861 0.206646 -0.0660305 0.342024 0.373298 0.85983
1305031463.444773 -2.10936 0.0442039 0.19364 -0.0647222 0.33998 0.370205 0.862075
1305031463.480415 -2.10087 0.0561218 0.179764 -0.0644272 0.338667 0.368034 0.863542
1305031463.516994 -2.08991 0.064613 0.166542 -0.0654453 0.34036 0.365844 0.86373
1305031463.548505 -2.08428 0.0708723 0.15284 -0.0636701 0.343732 0.364938 0.86291
1305031463.580684 -2.07769 0.0790928 0.13939 -0.0621785 0.34217 0.365343 0.863469
1305031463.616671 -2.06273 0.0826192 0.121998 -0.0631455 0.337641 0.365492 0.865117
1305031463.646147 -2.05109 0.0859473 0.103659 -0.0587389 0.337174 0.363543 0.86643
1305031463.683908 -2.04567 0.0954074 0.0874695 -0.0514209 0.337913 0.359531 0.868279
1305031463.716110 -2.03033 0.0994652 0.0664505 -0.0525184 0.33384 0.357211 0.870743
1305031463.747849 -2.01303 0.0961099 0.044168 -0.0534147 0.332947 0.353892 0.872384
1305031463.783912 -2.00314 0.0993441 0.0260735 -0.0482567 0.335934 0.345347 0.87496
1305031463.815883 -1.99059 0.100421 0.00578554 -0.048927 0.335407 0.335226 0.879052
1305031463.848094 -1.97636 0.0970596 -0.0161206 -0.0506664 0.335217 0.32587 0.882537
1305031463.883817 -1.96625 0.0978728 -0.0352442 -0.047658 0.336593 0.316607 0.885547
1305031463.917433 -1.95667 0.0955759 -0.0549347 -0.0469276 0.336053 0.30921 0.8884
1305031463.944435 -1.94539 0.0910671 -0.0737928 -0.0463324 0.332603 0.30459 0.891321
1305031463.983748 -1.9347 0.0854339 -0.0935986 -0.0447972 0.328853 0.297976 0.895019
1305031464.015867 -1.92705 0.0835797 -0.11305 -0.0423247 0.325747 0.290014 0.898882
1305031464.047778 -1.91726 0.0777217 -0.132533 -0.0431015 0.32333 0.281966 0.902272
1305031464.083152 -1.90873 0.0707724 -0.151343 -0.0423907 0.323629 0.272764 0.905023
1305031464.115837 -1.90523 0.0646083 -0.167303 -0.0400062 0.324551 0.265811 0.906869
1305031464.147663 -1.89993 0.0566914 -0.182888 -0.0365211 0.321911 0.263088 0.908749
1305031464.183566 -1.89482 0.0466723 -0.19822 -0.0293531 0.316621 0.260385 0.911641
1305031464.212447 -1.8954 0.0441394 -0.21192 -0.0175918 0.309895 0.255255 0.915697
1305031464.247602 -1.89657 0.0445581 -0.225267 -0.00730814 0.299189 0.251973 0.920294
1305031464.283694 -1.89307 0.0443906 -0.237296 -0.00132758 0.284472 0.248837 0.925826
1305031464.315699 -1.88107 0.0440008 -0.254924 0.00127545 0.268306 0.243597 0.932025
1305031464.347553 -1.86839 0.0401533 -0.272373 0.00340507 0.255786 0.237865 0.937007
1305031464.383465 -1.85729 0.0404824 -0.291107 0.00784094 0.247665 0.230493 0.940996
1305031464.415539 -1.84801 0.0434045 -0.30884 0.0107177 0.244298 0.220303 0.944283
1305031464.444269 -1.83833 0.0405342 -0.325029 0.0109147 0.242235 0.210931 0.946948
1305031464.487561 -1.8265 0.0405082 -0.343356 0.013049 0.238548 0.203822 0.949411
1305031464.513688 -1.81816 0.0412789 -0.363232 0.0142006 0.237041 0.196274 0.95136
1305031464.548007 -1.80889 0.0409509 -0.380319 0.0128097 0.235414 0.186618 0.953724
1305031464.584260 -1.78466 0.0303271 -0.405594 0.00930168 0.232098 0.1769 0.956426
1305031464.615688 -1.76972 0.0233871 -0.428636 0.0130846 0.238382 0.165794 0.956825
1305031464.648851 -1.76036 0.0185172 -0.448997 0.020003 0.250109 0.153142 0.955821
1305031464.684318 -1.75114 0.00475937 -0.467669 0.0263207 0.261275 0.136908 0.955143
1305031464.716305 -1.74674 -0.00740112 -0.47692 0.0379062 0.271141 0.118517 0.954463
1305031464.748588 -1.74625 -0.0056793 -0.484978 0.0515736 0.274754 0.0980979 0.955106
1305031464.784268 -1.7434 -0.00963769 -0.487133 0.0583276 0.272881 0.0782397 0.957085
1305031464.816195 -1.74195 -0.0199183 -0.485917 0.0647744 0.265877 0.0628145 0.959775
1305031464.848283 -1.7374 -0.0194247 -0.487798 0.0727366 0.251438 0.0481753 0.963933
1305031464.884177 -1.72486 -0.0152124 -0.487983 0.0737446 0.234825 0.0308636 0.968745
1305031464.916391 -1.7075 -0.0246266 -0.489266 0.06784 0.220214 0.0109162 0.973028
1305031464.952471 -1.68727 -0.0358832 -0.49049 0.0651737 0.210094 -0.00896613 0.975465
1305031464.984257 -1.66585 -0.0402278 -0.490519 0.067637 0.204712 -0.0278463 0.976086
1305031465.015390 -1.6505 -0.0372899 -0.482101 0.0708231 0.203064 -0.049156 0.975363
1305031465.048430 -1.64221 -0.0274426 -0.467487 0.0752692 0.200332 -0.0695692 0.974352
1305031465.083338 -1.62827 0.000363828 -0.450888 0.0781137 0.190749 -0.0847569 0.974848
1305031465.115475 -1.60952 0.0205629 -0.436975 0.0665561 0.177025 -0.0984628 0.977004
1305031465.151558 -1.59068 0.0269368 -0.421075 0.0483969 0.16405 -0.107724 0.979357
1305031465.183558 -1.57087 0.031915 -0.405288 0.0338964 0.151845 -0.1137 0.981258
1305031465.215832 -1.55156 0.0448602 -0.392787 0.0230657 0.141294 -0.11884 0.982538
1305031465.251788 -1.53303 0.0530875 -0.378137 0.0115334 0.131658 -0.120602 0.983864
1305031465.283737 -1.51487 0.06074 -0.366537 0.00517811 0.122005 -0.113778 0.985973
1305031465.315985 -1.49506 0.0760093 -0.356411 0.00202827 0.109652 -0.101054 0.988818
1305031465.351729 -1.47931 0.0821803 -0.347212 -0.00289718 0.095483 -0.0881871 0.991513
1305031465.383701 -1.45548 0.0874513 -0.342617 -0.00307021 0.0771444 -0.0760238 0.994113
1305031465.416543 -1.42752 0.0964681 -0.342786 0.000178217 0.0596926 -0.0657514 0.996049
1305031465.452401 -1.40371 0.111026 -0.344477 0.00492062 0.0463979 -0.0544377 0.997426
1305031465.483803 -1.38182 0.130416 -0.347616 0.0080792 0.0349837 -0.0433878 0.998413
1305031465.516043 -1.36063 0.135536 -0.349667 0.00506963 0.0246374 -0.0383007 0.99895
1305031465.551838 -1.33697 0.144114 -0.353679 0.00874519 0.0143123 -0.0327516 0.999323
1305031465.583570 -1.311 0.159531 -0.360128 0.0161484 0.00566128 -0.0261721 0.999511
1305031465.615685 -1.29053 0.175176 -0.367594 0.0220742 0.000527042 -0.0183003 0.999589
1305031465.651645 -1.27053 0.189718 -0.373813 0.0274221 -0.00763949 -0.00885941 0.999555
1305031465.684759 -1.24243 0.205989 -0.380626 0.033884 -0.0187355 -0.0010867 0.99925
1305031465.716279 -1.21762 0.223152 -0.387404 0.0413941 -0.02535 0.00541934 0.998807
1305031465.753153 -1.19522 0.243974 -0.393667 0.050479 -0.0303447 0.0143803 0.99816
1305031465.784387 -1.17071 0.264586 -0.399464 0.057797 -0.0358038 0.0213903 0.997457
1305031465.816591 -1.14759 0.280196 -0.404171 0.0649899 -0.0399929 0.027042 0.996717
1305031465.852860 -1.12191 0.304162 -0.410169 0.0771341 -0.0441094 0.032418 0.995517
1305031465.884370 -1.09498 0.332795 -0.414857 0.0858286 -0.0452012 0.0348959 0.994672
1305031465.912828 -1.07195 0.349071 -0.417816 0.089499 -0.0402587 0.0363331 0.994509
1305031465.952840 -1.05153 0.368822 -0.422864 0.0990866 -0.0330762 0.0367749 0.993849
1305031465.984183 -1.03473 0.393014 -0.428013 0.108914 -0.0263595 0.0340068 0.99312
1305031466.016599 -1.01811 0.416748 -0.432893 0.115978 -0.0232387 0.0324302 0.99245
1305031466.052655 -1.00226 0.443753 -0.43764 0.119335 -0.0223021 0.0327082 0.992064
1305031466.083913 -0.989038 0.464734 -0.441585 0.116416 -0.0225698 0.0346316 0.99234
1305031466.116400 -0.975359 0.483865 -0.447482 0.112032 -0.0264952 0.0349784 0.992735
1305031466.152540 -0.963783 0.500788 -0.456203 0.106864 -0.0311504 0.0362734 0.993123
1305031466.184186 -0.953245 0.519223 -0.466766 0.101206 -0.0381437 0.0378421 0.993413
1305031466.220477 -0.93968 0.533237 -0.477334 0.0916864 -0.047376 0.0358173 0.994015
1305031466.252491 -0.919731 0.537882 -0.488378 0.0836035 -0.05432 0.0293636 0.994584
1305031466.284389 -0.901707 0.547023 -0.504203 0.0838001 -0.0528156 0.0192907 0.994895
1305031466.320055 -0.886127 0.559621 -0.518417 0.0852367 -0.0452607 0.00847322 0.995296
1305031466.352082 -0.872294 0.57076 -0.531945 0.0822252 -0.0362642 0.00101885 0.995953
1305031466.384479 -0.860943 0.568984 -0.546269 0.0766652 -0.0301865 -0.00290584 0.996596
1305031466.420844 -0.850335 0.57637 -0.560691 0.0806755 -0.0292135 -0.00607161 0.996294
1305031466.452369 -0.834096 0.59128 -0.572694 0.0845906 -0.0342358 -0.0104554 0.995773
1305031466.483315 -0.814079 0.602155 -0.580663 0.0825242 -0.0403551 -0.0129958 0.995687
1305031466.519548 -0.791363 0.607628 -0.587626 0.0793369 -0.0426785 -0.0139194 0.995837
1305031466.552219 -0.771288 0.617995 -0.594919 0.0785451 -0.0400573 -0.0150398 0.995992
1305031466.584438 -0.749905 0.631238 -0.599928 0.0741822 -0.0402711 -0.0177724 0.996273
1305031466.620424 -0.725671 0.630916 -0.602339 0.0652984 -0.0408595 -0.0213071 0.996801
1305031466.648654 -0.708202 0.631129 -0.607245 0.0660136 -0.0370747 -0.0244801 0.996829
1305031466.684412 -0.686878 0.646389 -0.612628 0.0716942 -0.0378897 -0.0304214 0.996242
1305031466.719744 -0.664685 0.654287 -0.615856 0.0679764 -0.0415621 -0.0404396 0.996
1305031466.748734 -0.644441 0.650272 -0.618508 0.0644636 -0.0426978 -0.0492377 0.99579
1305031466.784300 -0.629363 0.655668 -0.623989 0.0699384 -0.0420719 -0.0553754 0.995124
1305031466.819502 -0.609684 0.666289 -0.628374 0.0722403 -0.046842 -0.0595235 0.994507
1305031466.851527 -0.595354 0.667682 -0.63125 0.0691255 -0.0516947 -0.0602748 0.994443
1305031466.883430 -0.582615 0.669377 -0.635001 0.0704385 -0.060322 -0.0594845 0.993912
1305031466.919411 -0.565244 0.673002 -0.640446 0.0721931 -0.0744363 -0.0620206 0.992674
1305031466.952451 -0.548058 0.674121 -0.646438 0.0721923 -0.0863618 -0.063749 0.991598
1305031466.984027 -0.528777 0.676047 -0.650879 0.0732962 -0.0939605 -0.0664364 0.990649
1305031467.020424 -0.511141 0.677562 -0.6546 0.0738613 -0.0989282 -0.0707078 0.989827
1305031467.052391 -0.493856 0.67868 -0.659421 0.073819 -0.102608 -0.0747884 0.989156
1305031467.084130 -0.476909 0.682477 -0.662027 0.0733916 -0.104721 -0.0790876 0.988632
1305031467.120528 -0.463545 0.683821 -0.664626 0.0727644 -0.106466 -0.0875826 0.987775
1305031467.152363 -0.449791 0.684243 -0.667481 0.0736984 -0.109259 -0.0963222 0.986587
1305031467.184216 -0.436123 0.686342 -0.669916 0.0753486 -0.11336 -0.101963 0.985432
1305031467.220466 -0.421762 0.687932 -0.672666 0.0762496 -0.11986 -0.107307 0.984025
1305031467.252275 -0.407787 0.688136 -0.675939 0.0773506 -0.125809 -0.112779 0.982583
1305031467.284258 -0.393688 0.689545 -0.679117 0.0795637 -0.131249 -0.118851 0.980978
1305031467.318028 -0.378767 0.69299 -0.682393 0.0817366 -0.137091 -0.124634 0.979281
1305031467.349355 -0.363763 0.698983 -0.685789 0.0817808 -0.143482 -0.127692 0.977967
1305031467.383844 -0.348271 0.70271 -0.688233 0.0778232 -0.150909 -0.131947 0.976606
1305031467.420160 -0.333816 0.702623 -0.691129 0.074298 -0.157493 -0.136507 0.975214
1305031467.452057 -0.320445 0.702628 -0.696554 0.0733631 -0.163476 -0.138724 0.973986
1305031467.484357 -0.303018 0.707351 -0.702385 0.0716608 -0.170889 -0.142636 0.972274
1305031467.520535 -0.286839 0.711093 -0.704077 0.067713 -0.176044 -0.149306 0.970634
1305031467.552164 -0.273023 0.707296 -0.706106 0.06487 -0.177891 -0.153442 0.969846
1305031467.584354 -0.258797 0.706517 -0.707606 0.0649181 -0.179529 -0.153319 0.969561
1305031467.618680 -0.246678 0.702194 -0.706861 0.0647827 -0.183238 -0.151621 0.969143
1305031467.651977 -0.235079 0.694324 -0.706776 0.0683116 -0.188732 -0.149583 0.968162
1305031467.686044 -0.22126 0.692154 -0.706257 0.0732915 -0.193465 -0.149649 0.966853
1305031467.718326 -0.208515 0.685983 -0.700024 0.076858 -0.196891 -0.153845 0.965225
1305031467.752580 -0.198745 0.676258 -0.694969 0.0814432 -0.199172 -0.157254 0.96383
1305031467.788562 -0.18888 0.669534 -0.68848 0.0863642 -0.202218 -0.160168 0.962286
1305031467.820454 -0.179715 0.659054 -0.679326 0.0898628 -0.205392 -0.161797 0.961021
1305031467.852678 -0.173742 0.647431 -0.668782 0.0953885 -0.209371 -0.160024 0.959926
1305031467.888472 -0.165487 0.640879 -0.656623 0.101847 -0.216763 -0.158919 0.957803
1305031467.920800 -0.156222 0.631756 -0.642186 0.105677 -0.225625 -0.16147 0.95491
1305031467.952485 -0.150539 0.617034 -0.628212 0.109504 -0.231828 -0.16321 0.952695
1305031467.988523 -0.140194 0.611449 -0.613012 0.115502 -0.236281 -0.165173 0.950552
1305031468.020491 -0.131157 0.599727 -0.595284 0.115009 -0.239035 -0.168601 0.94932
1305031468.052668 -0.129022 0.58229 -0.581537 0.115983 -0.240266 -0.171132 0.948438
1305031468.088379 -0.122432 0.572749 -0.566823 0.120001 -0.244129 -0.173043 0.946603
1305031468.120522 -0.115498 0.558352 -0.550307 0.118872 -0.247901 -0.174839 0.945434
1305031468.152356 -0.10998 0.541385 -0.535655 0.118449 -0.250429 -0.177305 0.944361
1305031468.188327 -0.10224 0.527427 -0.520369 0.118895 -0.252557 -0.18088 0.94306
1305031468.220648 -0.0964208 0.508266 -0.505932 0.116155 -0.253135 -0.182359 0.942961
1305031468.252517 -0.0886949 0.488727 -0.491754 0.1143 -0.25315 -0.181614 0.943328
1305031468.288361 -0.0819093 0.469353 -0.479267 0.112531 -0.25223 -0.181685 0.943773
1305031468.320522 -0.0774369 0.444283 -0.468622 0.110368 -0.250684 -0.180946 0.944582
1305031468.352594 -0.0725577 0.427118 -0.462817 0.112509 -0.247804 -0.177371 0.945766
1305031468.384700 -0.0660529 0.413753 -0.454218 0.112282 -0.246948 -0.175402 0.946384
1305031468.420595 -0.0625962 0.391742 -0.448082 0.106556 -0.246579 -0.1758 0.947069
1305031468.452605 -0.0593693 0.37158 -0.442513 0.10358 -0.246753 -0.174256 0.947639
1305031468.488646 -0.0540079 0.352582 -0.436563 0.1006 -0.247 -0.173842 0.947971
1305031468.520786 -0.0532239 0.328614 -0.432243 0.0973627 -0.245301 -0.17826 0.94793
1305031468.552701 -0.0553476 0.306651 -0.430883 0.100143 -0.244021 -0.185472 0.946586
1305031468.588614 -0.0570034 0.29485 -0.429946 0.105371 -0.244062 -0.191856 0.944734
1305031468.620590 -0.06011 0.278088 -0.427298 0.101124 -0.244977 -0.194883 0.944341
1305031468.656644 -0.0675891 0.25382 -0.427055 0.0954337 -0.246777 -0.196669 0.944095
1305031468.688643 -0.0745835 0.232622 -0.426335 0.096441 -0.251806 -0.199423 0.942085
1305031468.720560 -0.0806605 0.215835 -0.425748 0.10001 -0.257188 -0.201366 0.939843
1305031468.756725 -0.0862598 0.199359 -0.423632 0.101067 -0.261946 -0.20202 0.938274
1305031468.788562 -0.0922939 0.180125 -0.421982 0.102345 -0.264734 -0.205042 0.936696
1305031468.817997 -0.0999333 0.164149 -0.421723 0.109015 -0.265652 -0.211119 0.934331
1305031468.854887 -0.100543 0.156008 -0.417721 0.114504 -0.266976 -0.215432 0.93231
1305031468.889220 -0.103302 0.144455 -0.412885 0.113374 -0.26417 -0.218976 0.932421
1305031468.920539 -0.108044 0.134461 -0.409802 0.110072 -0.258531 -0.218286 0.934557
1305031468.956482 -0.110802 0.130731 -0.407014 0.105527 -0.25302 -0.214598 0.937439
1305031468.986011 -0.109673 0.136093 -0.400453 0.0974794 -0.250346 -0.215499 0.938821
1305031469.020731 -0.116418 0.127391 -0.393932 0.0791302 -0.246973 -0.222557 0.939793
1305031469.056318 -0.125032 0.118303 -0.389313 0.0636642 -0.243508 -0.229364 0.940236
1305031469.088069 -0.126405 0.114052 -0.379179 0.0531526 -0.243296 -0.238401 0.938694
1305031469.119984 -0.12776 0.105072 -0.367456 0.0411114 -0.239078 -0.250103 0.937337
1305031469.155046 -0.132101 0.0974464 -0.356858 0.0304209 -0.2306 -0.258938 0.93747
1305031469.184648 -0.137438 0.0892091 -0.346863 0.0213015 -0.221055 -0.265126 0.938291
1305031469.219541 -0.144203 0.0861769 -0.337814 0.0161022 -0.212754 -0.268506 0.939351
1305031469.256002 -0.147931 0.0846406 -0.32707 0.0118534 -0.209228 -0.271943 0.939218
1305031469.288263 -0.15244 0.0830026 -0.315327 0.00709752 -0.204908 -0.275213 0.939266
1305031469.319772 -0.156151 0.0844442 -0.303554 0.00259075 -0.200881 -0.276873 0.939671
1305031469.356116 -0.155628 0.0817699 -0.289876 -0.00409808 -0.197944 -0.280575 0.939191
1305031469.388556 -0.15856 0.0780507 -0.276317 -0.00816476 -0.188491 -0.28614 0.93943
1305031469.420278 -0.161416 0.0834079 -0.263929 -0.00641123 -0.176201 -0.291261 0.940255
1305031469.456563 -0.16554 0.0893482 -0.251257 -0.00565098 -0.165323 -0.297548 0.940267
1305031469.488520 -0.173047 0.0963191 -0.23687 -0.00572207 -0.157423 -0.302045 0.940188
1305031469.520417 -0.175497 0.103663 -0.223093 -0.0078914 -0.156313 -0.30264 0.940166
1305031469.556139 -0.176169 0.110724 -0.20965 -0.0131909 -0.157499 -0.303075 0.939769
1305031469.588500 -0.177214 0.119331 -0.196136 -0.0202727 -0.157969 -0.302456 0.939763
1305031469.620563 -0.178607 0.12878 -0.182296 -0.0285155 -0.156982 -0.302573 0.939677
1305031469.656279 -0.182526 0.138282 -0.167852 -0.0350315 -0.153451 -0.302113 0.940188
1305031469.687925 -0.184779 0.147675 -0.15513 -0.0393088 -0.149798 -0.301025 0.940957
1305031469.718943 -0.188164 0.158191 -0.142337 -0.0440195 -0.145384 -0.299799 0.941831
1305031469.756754 -0.191401 0.17053 -0.13017 -0.0491275 -0.141041 -0.296749 0.943204
1305031469.784733 -0.196011 0.18578 -0.118329 -0.0543464 -0.138491 -0.293059 0.944449
1305031469.820544 -0.201767 0.19872 -0.108066 -0.0601776 -0.138506 -0.289963 0.945048
1305031469.854359 -0.208667 0.214932 -0.0984429 -0.0655642 -0.139256 -0.286913 0.94551
1305031469.885343 -0.217254 0.229597 -0.0898638 -0.0712062 -0.139495 -0.284541 0.945784
1305031469.921773 -0.226128 0.246565 -0.0818959 -0.0746318 -0.14006 -0.280505 0.946642
1305031469.953180 -0.236869 0.261847 -0.0752372 -0.0770412 -0.141635 -0.278394 0.946837
1305031469.985327 -0.24774 0.276584 -0.0696241 -0.0791504 -0.143133 -0.276825 0.946898
1305031470.024714 -0.258372 0.29204 -0.0657637 -0.081215 -0.144367 -0.275435 0.946941
1305031470.057400 -0.270469 0.307322 -0.0626628 -0.0834479 -0.144354 -0.274992 0.946878
1305031470.088874 -0.28276 0.32237 -0.0612173 -0.0852117 -0.143277 -0.2733 0.947374
1305031470.124820 -0.294398 0.336308 -0.0609032 -0.0886599 -0.142429 -0.271415 0.947727
1305031470.156744 -0.305696 0.351367 -0.0603394 -0.0919514 -0.142664 -0.26827 0.948274
1305031470.188876 -0.318513 0.365066 -0.0622578 -0.0944771 -0.143026 -0.265224 0.948828
1305031470.224776 -0.330555 0.378017 -0.0635844 -0.097846 -0.143023 -0.262593 0.949218
1305031470.253015 -0.3418 0.39102 -0.0655042 -0.102059 -0.142482 -0.259393 0.949736
1305031470.287867 -0.353532 0.403567 -0.0674382 -0.107115 -0.141235 -0.256937 0.950033
1305031470.324266 -0.365849 0.416848 -0.0683971 -0.112865 -0.140105 -0.254054 0.95031
1305031470.356871 -0.378474 0.428307 -0.070197 -0.119076 -0.140257 -0.250042 0.950593
1305031470.388056 -0.391142 0.440161 -0.0723313 -0.122998 -0.14089 -0.246778 0.950853
1305031470.424090 -0.404112 0.451294 -0.0747323 -0.124243 -0.141917 -0.246911 0.950504
1305031470.455875 -0.417037 0.45997 -0.0782016 -0.125002 -0.142607 -0.247083 0.950257
1305031470.487958 -0.430012 0.468212 -0.0816924 -0.124671 -0.14326 -0.245992 0.950485
1305031470.524431 -0.441629 0.475754 -0.0850055 -0.12449 -0.143953 -0.245669 0.950487
1305031470.556484 -0.452443 0.482943 -0.0876045 -0.125144 -0.143788 -0.24579 0.950395
1305031470.588797 -0.463478 0.488805 -0.0894158 -0.127073 -0.143167 -0.243622 0.950791
1305031470.624535 -0.473365 0.495511 -0.0911944 -0.128791 -0.142755 -0.240333 0.951459
1305031470.656787 -0.48352 0.501242 -0.0926161 -0.131199 -0.142221 -0.236189 0.952247
1305031470.688640 -0.493892 0.507254 -0.0939256 -0.133564 -0.142046 -0.232675 0.95281
1305031470.724461 -0.504896 0.511565 -0.0949081 -0.134601 -0.142076 -0.231686 0.9529
1305031470.755944 -0.513957 0.512287 -0.0968217 -0.137179 -0.139782 -0.230485 0.953163
1305031470.788407 -0.520796 0.518926 -0.0975073 -0.137337 -0.135872 -0.225761 0.954835
1305031470.820633 -0.52928 0.522969 -0.0981112 -0.135372 -0.134243 -0.221393 0.956367
1305031470.855509 -0.539227 0.52388 -0.100105 -0.132447 -0.134013 -0.217281 0.957751
1305031470.886079 -0.548772 0.525873 -0.102413 -0.128468 -0.134293 -0.212412 0.959345
1305031470.924410 -0.558348 0.527109 -0.104547 -0.1251 -0.136421 -0.207491 0.960566
1305031470.956439 -0.569283 0.526056 -0.107678 -0.118546 -0.138706 -0.205257 0.961549
1305031470.988276 -0.578507 0.525375 -0.111903 -0.110316 -0.139896 -0.203286 0.962774
1305031471.024309 -0.587879 0.523117 -0.115195 -0.10341 -0.138383 -0.20112 0.964213
1305031471.056616 -0.597108 0.521365 -0.118639 -0.0949185 -0.135746 -0.196823 0.966346
1305031471.088440 -0.605577 0.520274 -0.122737 -0.0869779 -0.134089 -0.190019 0.968684
1305031471.123837 -0.613738 0.51933 -0.125666 -0.0807209 -0.133942 -0.183474 0.970506
1305031471.155886 -0.620158 0.518661 -0.128772 -0.0749969 -0.133931 -0.176763 0.97221
1305031471.192698 -0.62621 0.51866 -0.131489 -0.0713318 -0.131835 -0.170595 0.973873
1305031471.224404 -0.633469 0.518782 -0.133652 -0.0705013 -0.127973 -0.165117 0.975392
1305031471.256397 -0.640345 0.51797 -0.134381 -0.0712121 -0.125351 -0.161472 0.97629
1305031471.288603 -0.647457 0.515693 -0.135331 -0.0716684 -0.12274 -0.157622 0.977217
1305031471.324440 -0.652101 0.514684 -0.137093 -0.068893 -0.119622 -0.154153 0.978356
1305031471.356569 -0.65551 0.515883 -0.139371 -0.0657722 -0.113367 -0.151741 0.979692
1305031471.392751 -0.662811 0.511487 -0.140812 -0.0678025 -0.104748 -0.147409 0.981173
1305031471.424494 -0.668988 0.51096 -0.144041 -0.0647074 -0.100304 -0.140331 0.982883
1305031471.456975 -0.673359 0.511495 -0.146949 -0.0626943 -0.0997599 -0.134346 0.983905
1305031471.492705 -0.677434 0.510876 -0.148941 -0.0637946 -0.0992876 -0.130205 0.984438
1305031471.524343 -0.682032 0.510045 -0.151592 -0.0648 -0.0981626 -0.125822 0.985055
1305031471.556561 -0.684716 0.509986 -0.154349 -0.0649734 -0.0971206 -0.123366 0.985458
1305031471.592606 -0.688023 0.509585 -0.157577 -0.0654608 -0.0931147 -0.121325 0.986065
1305031471.624486 -0.690598 0.509909 -0.160597 -0.0646742 -0.0884646 -0.119683 0.986746
1305031471.656831 -0.693648 0.509162 -0.163888 -0.0639724 -0.0831929 -0.117276 0.987539
1305031471.693182 -0.695874 0.510453 -0.167335 -0.0614621 -0.0787774 -0.112632 0.9886
1305031471.724753 -0.697627 0.51286 -0.170445 -0.0602971 -0.0748812 -0.107709 0.989523
1305031471.753002 -0.698173 0.511456 -0.172025 -0.0627205 -0.0712404 -0.102333 0.990212
1305031471.792706 -0.699084 0.514277 -0.174423 -0.0610915 -0.0654001 -0.0948024 0.991465
1305031471.823821 -0.700698 0.519584 -0.176193 -0.0609921 -0.0597943 -0.0872421 0.992519
1305031471.855793 -0.702519 0.520604 -0.176604 -0.0655002 -0.0559966 -0.0806405 0.993011
1305031471.892838 -0.704665 0.524327 -0.177631 -0.0677558 -0.0517326 -0.0741717 0.993595
1305031471.924928 -0.706519 0.52635 -0.177668 -0.0729893 -0.0469008 -0.0692244 0.993821
1305031471.957162 -0.709581 0.525296 -0.176467 -0.0770671 -0.0399605 -0.0678262 0.993913
1305031471.993177 -0.711864 0.533199 -0.177926 -0.0731537 -0.0326952 -0.0647074 0.994682
1305031472.024660 -0.71575 0.537484 -0.177408 -0.0777421 -0.0259974 -0.0611119 0.994759
1305031472.058063 -0.719469 0.537387 -0.175577 -0.0826345 -0.0211151 -0.0584013 0.994643
1305031472.092883 -0.723871 0.541949 -0.176374 -0.081197 -0.0156995 -0.0534629 0.995139
1305031472.124760 -0.728603 0.547389 -0.175638 -0.0831368 -0.0116176 -0.0490764 0.995261
1305031472.156982 -0.733617 0.542445 -0.173428 -0.0912503 -0.00985574 -0.0471864 0.994661
1305031472.192890 -0.737556 0.54168 -0.173536 -0.0901872 -0.00845953 -0.0438695 0.994922
1305031472.224678 -0.740994 0.542547 -0.1747 -0.0875112 -0.00696287 -0.0406129 0.995311
1305031472.256642 -0.744179 0.539974 -0.174276 -0.0870194 -0.00503324 -0.0395349 0.995409
1305031472.293139 -0.745548 0.537996 -0.175345 -0.0820424 -0.00352158 -0.0377617 0.995907
1305031472.324844 -0.74793 0.541021 -0.177187 -0.0745561 -0.00163029 -0.0354826 0.996584
1305031472.360912 -0.749615 0.541791 -0.178035 -0.0725639 -0.000977054 -0.0338364 0.996789
1305031472.392956 -0.751481 0.540275 -0.177485 -0.0731153 -0.00182497 -0.0319587 0.99681
1305031472.424694 -0.75207 0.536594 -0.177876 -0.0731048 -0.004562 -0.0312148 0.996825
1305031472.460919 -0.751462 0.534359 -0.178398 -0.071454 -0.00670511 -0.0322304 0.9969
1305031472.492972 -0.751189 0.532649 -0.178901 -0.0708846 -0.00583778 -0.0332055 0.996915
1305031472.524781 -0.750794 0.526634 -0.178104 -0.0732045 -0.00405083 -0.0327022 0.996772
1305031472.561296 -0.750294 0.522642 -0.178546 -0.0700404 -0.00424875 -0.0310508 0.997052
1305031472.592968 -0.748977 0.52196 -0.179858 -0.0643505 -0.00566681 -0.0286849 0.997499
1305031472.624647 -0.747008 0.519968 -0.179803 -0.063058 -0.00711754 -0.0263374 0.997637
1305031472.660836 -0.745615 0.515922 -0.178934 -0.0635442 -0.00805981 -0.0248573 0.997637
1305031472.693008 -0.744231 0.511807 -0.178236 -0.0629249 -0.00886331 -0.0232116 0.997709
1305031472.724752 -0.74266 0.507486 -0.177547 -0.0616954 -0.00986477 -0.0228143 0.997785
1305031472.760654 -0.74078 0.505157 -0.176805 -0.0592241 -0.0104091 -0.0238831 0.997905
1305031472.792775 -0.739807 0.501836 -0.175557 -0.057992 -0.00953663 -0.0254331 0.997947
1305031472.824692 -0.7396 0.499095 -0.174699 -0.0558932 -0.00840732 -0.025494 0.998076
1305031472.860936 -0.739105 0.497467 -0.173543 -0.0536621 -0.00840104 -0.0248512 0.998215
1305031472.892944 -0.738808 0.497007 -0.172503 -0.0524539 -0.00938335 -0.0227435 0.99832
1305031472.924814 -0.737859 0.495211 -0.170913 -0.0530595 -0.0108349 -0.0212044 0.998307
1305031472.961213 -0.737374 0.494246 -0.169704 -0.0528895 -0.0110512 -0.0197665 0.998344
1305031472.992815 -0.737298 0.493943 -0.168719 -0.0530368 -0.0113725 -0.0187533 0.998352
1305031473.024564 -0.737685 0.493619 -0.167803 -0.053624 -0.0124167 -0.0186126 0.998311
1305031473.060795 -0.737184 0.492052 -0.166786 -0.0549293 -0.013455 -0.0195411 0.998208
1305031473.092012 -0.737033 0.490959 -0.166286 -0.0551144 -0.0129669 -0.0213911 0.998167
1305031473.124072 -0.737178 0.489996 -0.165533 -0.0553199 -0.0119564 -0.0230109 0.998132
1305031473.158420 -0.738413 0.489056 -0.165387 -0.0549898 -0.0114658 -0.0234604 0.998145
1305031473.190828 -0.737729 0.48825 -0.165484 -0.0539402 -0.0125366 -0.0239867 0.998177
