1305031453.374112 0 0 0 0 0 0 1
1305031453.404816 0.00394104 0.0051737 -0.00954345 -0.000719428 0.00638969 0.0111332 0.999917
1305031453.436941 0.00835456 0.00755377 -0.0186846 6.35943e-05 0.0101485 0.0201645 0.999745
1305031453.473352 0.0125349 0.0123261 -0.0291632 0.0038417 0.0159654 0.0288419 0.999449
1305031453.505218 0.0177535 0.0159496 -0.041136 0.00753573 0.0217899 0.0386126 0.998988
1305031453.538301 0.0185681 0.0211806 -0.0541012 0.0141177 0.0271923 0.0476358 0.998395
1305031453.574074 0.0189057 0.0255267 -0.0684171 0.0208695 0.0303229 0.054084 0.997858
1305031453.605314 0.0193542 0.0320457 -0.0828636 0.0283564 0.032941 0.0582706 0.997354
1305031453.636951 0.0134979 0.0377159 -0.0978815 0.0350561 0.0357786 0.0620979 0.996812
1305031453.673185 0.00460545 0.0443559 -0.112238 0.0428686 0.0346823 0.0610077 0.996613
1305031453.705487 -0.0033426 0.0537997 -0.126973 0.0501742 0.0308454 0.056551 0.996661
1305031453.736856 -0.0124985 0.0639522 -0.14062 0.055511 0.0267606 0.0521937 0.996734
1305031453.773786 -0.0257737 0.0696776 -0.152879 0.0595908 0.0209986 0.0450943 0.996983
1305031453.805041 -0.0325738 0.0807308 -0.165612 0.0653414 0.0113972 0.0371454 0.997106
1305031453.840352 -0.0421466 0.0889615 -0.177847 0.0683459 0.00419828 0.0307261 0.99718
1305031453.869618 -0.057499 0.0997376 -0.188797 0.0717215 -0.00516276 0.0244075 0.997113
1305031453.905519 -0.0729505 0.1094 -0.196101 0.0729756 -0.0185796 0.0176066 0.997005
1305031453.940012 -0.0843328 0.115068 -0.202878 0.0709166 -0.035838 0.0134458 0.996748
1305031453.972592 -0.0973768 0.121092 -0.206675 0.0690825 -0.0512691 0.00526726 0.996279
1305031454.003179 -0.108869 0.121966 -0.210617 0.0665818 -0.0629396 -0.0063908 0.995773
1305031454.040976 -0.123218 0.123225 -0.216256 0.0680302 -0.0736629 -0.0163445 0.994826
1305031454.072690 -0.138034 0.128582 -0.219068 0.0696348 -0.0832719 -0.0273532 0.993715
1305031454.104619 -0.152981 0.128113 -0.223382 0.0686507 -0.0930727 -0.0406649 0.992457
1305031454.141030 -0.167942 0.129675 -0.226677 0.071341 -0.10539 -0.05458 0.990366
1305031454.172688 -0.183362 0.137002 -0.229359 0.0731423 -0.118167 -0.0669787 0.988029
1305031454.204626 -0.197486 0.139231 -0.231004 0.0708109 -0.132691 -0.080513 0.985341
1305031454.240858 -0.21134 0.134022 -0.230322 0.0703425 -0.147846 -0.0968142 0.981744
1305031454.273489 -0.220618 0.138997 -0.228594 0.0768737 -0.161209 -0.113794 0.977319
1305031454.304744 -0.229634 0.144168 -0.228018 0.0762859 -0.168807 -0.126801 0.974477
1305031454.340806 -0.245156 0.14057 -0.231678 0.0750438 -0.176082 -0.141272 0.971291
1305031454.372652 -0.252795 0.14486 -0.230725 0.0817913 -0.187469 -0.156562 0.966258
1305031454.401962 -0.261511 0.151779 -0.232341 0.0842174 -0.194595 -0.169114 0.962518
1305031454.437248 -0.274391 0.155045 -0.23449 0.0853554 -0.204818 -0.184005 0.957552
1305031454.470741 -0.277339 0.157782 -0.231797 0.088128 -0.215517 -0.199734 0.951784
1305031454.503859 -0.284498 0.162518 -0.233681 0.089623 -0.219481 -0.216015 0.947171
1305031454.538424 -0.288553 0.170046 -0.234566 0.0897947 -0.225689 -0.232274 0.941833
1305031454.570323 -0.295039 0.179269 -0.23589 0.0878895 -0.230692 -0.245502 0.937435
1305031454.602019 -0.302539 0.186349 -0.237876 0.0853603 -0.239199 -0.262364 0.930947
1305031454.639284 -0.304994 0.191921 -0.237217 0.0835201 -0.252168 -0.275742 0.923797
1305031454.669573 -0.303703 0.201812 -0.237606 0.0792601 -0.264674 -0.282628 0.918579
1305031454.702030 -0.305654 0.208727 -0.238224 0.0726554 -0.27764 -0.289424 0.913165
1305031454.740764 -0.300312 0.212772 -0.236263 0.0683877 -0.292165 -0.294291 0.907389
1305031454.772865 -0.293489 0.217156 -0.233794 0.0629065 -0.300255 -0.291569 0.906023
1305031454.802574 -0.289462 0.224643 -0.234058 0.0585585 -0.302984 -0.284401 0.907683
1305031454.840500 -0.282076 0.233398 -0.232077 0.0551228 -0.305357 -0.278125 0.909046
1305031454.870269 -0.276993 0.24072 -0.231231 0.0499967 -0.303189 -0.271646 0.912023
1305031454.901065 -0.273037 0.249188 -0.23182 0.0467721 -0.298415 -0.264546 0.915847
1305031454.940240 -0.27061 0.259112 -0.232724 0.0437228 -0.292903 -0.258221 0.919575
1305031454.973081 -0.271613 0.26869 -0.236028 0.0406588 -0.286867 -0.252139 0.923298
1305031455.010759 -0.274849 0.278388 -0.241349 0.0380497 -0.282365 -0.245774 0.926508
1305031455.040446 -0.276164 0.290796 -0.244209 0.03845 -0.281374 -0.242255 0.927719
1305031455.074282 -0.280261 0.298861 -0.247883 0.0372386 -0.277806 -0.240341 0.92934
1305031455.110340 -0.285891 0.308376 -0.252801 0.0395382 -0.273422 -0.239577 0.930742
1305031455.142700 -0.291358 0.320217 -0.257078 0.0416179 -0.268523 -0.238047 0.932468
1305031455.172771 -0.299732 0.330067 -0.262296 0.0407113 -0.26321 -0.234004 0.935043
1305031455.210307 -0.309371 0.340128 -0.266242 0.0378847 -0.258908 -0.228112 0.937815
1305031455.240960 -0.319267 0.347266 -0.270802 0.0368568 -0.254895 -0.222252 0.940359
1305031455.273001 -0.326482 0.361406 -0.273429 0.0364269 -0.25083 -0.216034 0.942914
1305031455.310303 -0.338327 0.365701 -0.277649 0.027611 -0.244538 -0.207348 0.946808
1305031455.342381 -0.350107 0.375272 -0.283244 0.0222663 -0.241077 -0.196393 0.950166
1305031455.374120 -0.35672 0.385862 -0.284277 0.0153343 -0.239933 -0.189519 0.951987
1305031455.409213 -0.368852 0.387103 -0.287735 0.00419151 -0.232438 -0.182684 0.955291
1305031455.442380 -0.382782 0.390758 -0.294975 -0.00374448 -0.22415 -0.172456 0.959167
1305031455.473168 -0.395812 0.391129 -0.301659 -0.00979929 -0.220228 -0.163443 0.961608
1305031455.509397 -0.409098 0.396488 -0.309363 -0.0136936 -0.215684 -0.152865 0.964326
1305031455.540835 -0.426329 0.395325 -0.318607 -0.0196875 -0.210678 -0.139988 0.96728
1305031455.572996 -0.444687 0.398038 -0.329423 -0.0217892 -0.209029 -0.126309 0.969473
1305031455.608802 -0.459803 0.403802 -0.339878 -0.0233925 -0.208989 -0.111956 0.971207
1305031455.641333 -0.477842 0.400561 -0.349155 -0.0295744 -0.205824 -0.0989583 0.973123
1305031455.672887 -0.496048 0.397575 -0.360621 -0.0280697 -0.202019 -0.0926527 0.974585
1305031455.707680 -0.512546 0.398973 -0.372462 -0.0239196 -0.199172 -0.0934696 0.975204
1305031455.742005 -0.528819 0.396775 -0.383887 -0.0219954 -0.194978 -0.0984611 0.975605
1305031455.773667 -0.544889 0.395356 -0.395749 -0.0203329 -0.188463 -0.101706 0.976588
1305031455.809109 -0.561862 0.387195 -0.408427 -0.0202842 -0.181931 -0.100759 0.977925
1305031455.838364 -0.577623 0.386135 -0.422574 -0.0169836 -0.177381 -0.100372 0.978863
1305031455.872220 -0.590738 0.381849 -0.434605 -0.0170273 -0.175051 -0.101504 0.979165
1305031455.908418 -0.603063 0.378357 -0.446317 -0.0168971 -0.171763 -0.101875 0.979711
1305031455.939606 -0.615988 0.372903 -0.457172 -0.0181504 -0.16732 -0.102476 0.980394
1305031455.973594 -0.627299 0.372686 -0.467784 -0.0166956 -0.163137 -0.104826 0.980877
1305031456.008998 -0.638227 0.371369 -0.476608 -0.0180378 -0.157976 -0.107665 0.98139
1305031456.041930 -0.647869 0.374604 -0.484859 -0.0210245 -0.151613 -0.112164 0.98183
1305031456.073846 -0.662597 0.368016 -0.491693 -0.0310945 -0.144438 -0.119534 0.981775
1305031456.108963 -0.676531 0.358059 -0.497159 -0.0383219 -0.139011 -0.124908 0.981634
1305031456.140836 -0.689403 0.352144 -0.502459 -0.0401159 -0.133605 -0.126305 0.982134
1305031456.173198 -0.699922 0.342457 -0.505794 -0.0422779 -0.127916 -0.127146 0.982692
1305031456.208934 -0.711169 0.334364 -0.509064 -0.0381884 -0.119644 -0.125354 0.984131
1305031456.240996 -0.719588 0.340645 -0.513186 -0.0315791 -0.109499 -0.122811 0.985865
1305031456.277928 -0.730485 0.333486 -0.512917 -0.0332112 -0.0978959 -0.120425 0.987325
1305031456.310040 -0.74367 0.324771 -0.512224 -0.031842 -0.0859876 -0.11577 0.989035
1305031456.341659 -0.755154 0.319843 -0.510789 -0.0273608 -0.0749874 -0.109239 0.990805
1305031456.377115 -0.76509 0.328053 -0.510814 -0.0196196 -0.0628683 -0.103927 0.992402
1305031456.409172 -0.779834 0.317063 -0.505027 -0.0212106 -0.0489391 -0.0996139 0.993596
1305031456.440717 -0.79514 0.319808 -0.500489 -0.0132198 -0.0371885 -0.0928845 0.994894
1305031456.476027 -0.810436 0.331513 -0.496567 -0.00965184 -0.0306593 -0.0862594 0.995754
1305031456.508911 -0.826679 0.332826 -0.48859 -0.015758 -0.0287815 -0.0804091 0.996222
1305031456.541832 -0.841519 0.332412 -0.479934 -0.0219887 -0.0287185 -0.0748919 0.996535
1305031456.576087 -0.855779 0.324286 -0.469664 -0.0271598 -0.0269467 -0.0700798 0.996807
1305031456.607930 -0.865202 0.336616 -0.461998 -0.0234243 -0.0231628 -0.0639819 0.997407
1305031456.640699 -0.876415 0.346914 -0.453052 -0.0332432 -0.017022 -0.0579947 0.997618
1305031456.675835 -0.895985 0.332051 -0.439495 -0.0490523 -0.00821214 -0.0517873 0.997419
1305031456.709099 -0.91096 0.333801 -0.430105 -0.0471496 -0.00321473 -0.0414547 0.998022
1305031456.740863 -0.927548 0.347776 -0.422045 -0.0480624 -5.10586e-05 -0.0316864 0.998342
1305031456.777218 -0.945171 0.335005 -0.410451 -0.0583098 -0.00124294 -0.023612 0.998018
1305031456.808986 -0.95767 0.339018 -0.400119 -0.053074 -0.00782591 -0.0160488 0.998431
1305031456.841050 -0.966484 0.355495 -0.39005 -0.0502535 -0.0112228 -0.00839342 0.998638
1305031456.878006 -0.978093 0.354418 -0.378059 -0.057832 -0.0090971 -0.00126518 0.998284
1305031456.909883 -0.988897 0.349569 -0.366672 -0.0616852 -0.00559765 0.003679 0.998073
1305031456.942298 -1.00055 0.355608 -0.358181 -0.0558561 0.000380473 0.00930274 0.998395
1305031456.977139 -1.01359 0.368181 -0.352402 -0.0546016 0.00692798 0.0134778 0.998393
1305031457.006193 -1.02711 0.36548 -0.343359 -0.0635765 0.0129334 0.0160459 0.997764
1305031457.042512 -1.04018 0.36598 -0.337882 -0.0654159 0.0182763 0.0202338 0.997486
1305031457.076011 -1.05294 0.374268 -0.335609 -0.0670703 0.0240942 0.0252691 0.997137
1305031457.108053 -1.06519 0.370517 -0.332253 -0.0772163 0.0303067 0.0299091 0.996105
1305031457.142120 -1.07665 0.362617 -0.330235 -0.0824353 0.0369914 0.0350737 0.995292
1305031457.177463 -1.08896 0.36169 -0.332054 -0.0810576 0.0444628 0.0413945 0.994856
1305031457.209336 -1.10213 0.364233 -0.33598 -0.0793845 0.0521285 0.0465757 0.99439
1305031457.240792 -1.11731 0.360059 -0.339239 -0.0837289 0.060167 0.0527164 0.993273
1305031457.277247 -1.1294 0.347868 -0.3426 -0.0846155 0.0672055 0.0595103 0.992362
1305031457.309693 -1.14425 0.349885 -0.350683 -0.0753704 0.0762833 0.0645498 0.992136
1305031457.342954 -1.15925 0.353005 -0.359145 -0.0710755 0.0867291 0.0686904 0.991316
1305031457.376037 -1.17415 0.345563 -0.366041 -0.0726111 0.0982152 0.0739874 0.989751
1305031457.407980 -1.19024 0.340456 -0.373964 -0.0671343 0.110045 0.0817028 0.988285
1305031457.441357 -1.20916 0.339531 -0.383265 -0.0631116 0.119207 0.0886417 0.986889
1305031457.476577 -1.22647 0.332644 -0.391414 -0.0634074 0.123442 0.0941574 0.985838
1305031457.508603 -1.24083 0.322792 -0.399809 -0.0636116 0.125637 0.0981283 0.98516
1305031457.543946 -1.25435 0.315764 -0.409105 -0.0600412 0.129163 0.100972 0.98464
1305031457.576581 -1.26946 0.311215 -0.418023 -0.0560912 0.13472 0.104492 0.983761
1305031457.607246 -1.28846 0.309012 -0.425643 -0.0522931 0.140575 0.107679 0.982807
1305031457.643534 -1.30323 0.299204 -0.431345 -0.0526374 0.143347 0.111062 0.982011
1305031457.675414 -1.32098 0.300464 -0.437933 -0.04765 0.146762 0.115018 0.981306
1305031457.707739 -1.33603 0.293768 -0.442864 -0.0527253 0.147694 0.117975 0.980555
1305031457.745071 -1.34816 0.27622 -0.445776 -0.0570743 0.149119 0.117621 0.980138
1305031457.773518 -1.36286 0.264386 -0.450204 -0.0551192 0.152116 0.116306 0.979947
1305031457.807824 -1.37257 0.247096 -0.455048 -0.0504045 0.156366 0.115363 0.979643
1305031457.842853 -1.38873 0.248206 -0.462185 -0.0384485 0.165134 0.114676 0.978827
1305031457.875920 -1.40367 0.238459 -0.465464 -0.0364699 0.174091 0.114653 0.977352
1305031457.906126 -1.41774 0.218922 -0.465802 -0.0319199 0.182302 0.115101 0.975961
1305031457.942604 -1.43776 0.215299 -0.467328 -0.0177817 0.188581 0.117891 0.974794
1305031457.976744 -1.46033 0.204933 -0.465258 -0.00824735 0.192114 0.122326 0.973684
1305031458.009019 -1.47209 0.193345 -0.462427 -0.00225706 0.194983 0.122893 0.973074
1305031458.046303 -1.48665 0.192841 -0.460423 0.00776599 0.199659 0.123204 0.972058
1305031458.077315 -1.50374 0.193655 -0.453189 0.0133772 0.205902 0.124696 0.970503
1305031458.108896 -1.51904 0.187753 -0.442882 0.012997 0.211342 0.126174 0.969147
1305031458.144808 -1.5343 0.177411 -0.430493 0.0121879 0.215853 0.127274 0.968019
1305031458.178039 -1.5528 0.175712 -0.416835 0.014141 0.218982 0.13015 0.966906
1305031458.209384 -1.56992 0.172121 -0.401188 0.011149 0.219567 0.133284 0.966386
1305031458.245729 -1.58228 0.152462 -0.384231 0.00359719 0.218536 0.13347 0.966651
1305031458.277447 -1.59563 0.139317 -0.370725 0.0051562 0.216077 0.131891 0.967414
1305031458.308343 -1.61087 0.134529 -0.353451 0.0105268 0.213108 0.132489 0.967947
1305031458.343898 -1.62064 0.121207 -0.335693 0.0137712 0.209272 0.133233 0.968641
1305031458.376213 -1.62927 0.116937 -0.321159 0.0232985 0.205924 0.133949 0.969077
1305031458.407856 -1.63757 0.117006 -0.304035 0.0344832 0.205426 0.138621 0.968192
1305031458.443957 -1.6405 0.114443 -0.287425 0.0454454 0.207686 0.144353 0.966418
1305031458.476034 -1.64374 0.108808 -0.272128 0.0608029 0.215887 0.144809 0.963704
1305031458.508869 -1.65421 0.122581 -0.251547 0.0842607 0.227917 0.141503 0.959651
1305031458.544401 -1.66227 0.13463 -0.228295 0.100288 0.238791 0.138018 0.955966
1305031458.576178 -1.67081 0.137443 -0.205721 0.109286 0.247975 0.132704 0.953391
1305031458.608421 -1.68021 0.155591 -0.178081 0.118898 0.253138 0.126427 0.951736
1305031458.643659 -1.68829 0.166777 -0.150464 0.119904 0.253246 0.124108 0.951886
1305031458.676991 -1.69278 0.167905 -0.125371 0.114377 0.245859 0.122102 0.954758
1305031458.707780 -1.68805 0.164154 -0.105066 0.109234 0.231643 0.115471 0.959727
1305031458.744924 -1.68894 0.163736 -0.0897692 0.109822 0.218581 0.105257 0.963889
1305031458.773802 -1.68604 0.170118 -0.0756465 0.112281 0.202247 0.0953986 0.968188
1305031458.810621 -1.68119 0.173401 -0.0607355 0.108708 0.18966 0.0893752 0.971712
1305031458.842919 -1.67253 0.166603 -0.0493433 0.104548 0.18143 0.0867846 0.973972
1305031458.875889 -1.67074 0.165441 -0.0425856 0.107039 0.179951 0.0811132 0.974464
1305031458.910599 -1.67517 0.170541 -0.0334612 0.110273 0.184341 0.0792659 0.973435
1305031458.943997 -1.67958 0.169084 -0.0233477 0.107147 0.19011 0.0894199 0.971793
1305031458.976007 -1.68715 0.150746 -0.0127059 0.101722 0.196381 0.0982953 0.970271
1305031459.012560 -1.70358 0.136817 -0.00209135 0.105208 0.200513 0.0993397 0.968947
1305031459.044413 -1.72172 0.125941 0.00976326 0.114297 0.197924 0.104173 0.967941
1305031459.073657 -1.74321 0.111218 0.025109 0.123783 0.189785 0.113936 0.967305
1305031459.112711 -1.76572 0.0983315 0.0379569 0.135758 0.172392 0.121679 0.968011
1305031459.144497 -1.78105 0.0925718 0.0573413 0.147485 0.150174 0.123273 0.969794
1305031459.176463 -1.79395 0.0870077 0.0660778 0.154341 0.12969 0.126652 0.971246
1305031459.208791 -1.80212 0.0841535 0.0795219 0.159061 0.115084 0.134695 0.971243
1305031459.244159 -1.80349 0.0861618 0.0953393 0.161645 0.106712 0.143403 0.970525
1305031459.274941 -1.80564 0.0913981 0.104952 0.16131 0.109504 0.152393 0.968899
1305031459.311921 -1.80879 0.0930429 0.116414 0.159852 0.123942 0.167242 0.964943
1305031459.344169 -1.81586 0.0965302 0.126587 0.162432 0.144708 0.185261 0.958308
1305031459.374084 -1.82545 0.111695 0.134826 0.166013 0.167576 0.207189 0.949437
1305031459.408831 -1.83052 0.123927 0.145442 0.162095 0.194497 0.235605 0.938289
1305031459.443181 -1.83797 0.127406 0.14379 0.156182 0.224933 0.274125 0.921883
1305031459.473401 -1.85121 0.140723 0.148675 0.156559 0.249325 0.306377 0.90524
1305031459.510267 -1.86092 0.146691 0.156926 0.149197 0.26603 0.336344 0.890978
1305031459.544431 -1.872 0.141543 0.163871 0.140649 0.281832 0.36494 0.876132
1305031459.576817 -1.88908 0.140314 0.172259 0.139199 0.292682 0.383866 0.864643
1305031459.611939 -1.90101 0.140093 0.179104 0.137976 0.296321 0.396848 0.857711
1305031459.643453 -1.91276 0.140805 0.186777 0.138037 0.302359 0.398882 0.854645
1305031459.675678 -1.92756 0.13752 0.195642 0.135165 0.312018 0.401385 0.85045
1305031459.711531 -1.93892 0.122083 0.199426 0.12744 0.320649 0.406422 0.846028
1305031459.743425 -1.95158 0.107825 0.202176 0.123412 0.328032 0.407453 0.843295
1305031459.776577 -1.96754 0.0931633 0.207546 0.122539 0.334506 0.404795 0.842158
1305031459.812562 -1.9823 0.0804584 0.215165 0.122094 0.337377 0.402033 0.842401
1305031459.844736 -1.99732 0.066755 0.223128 0.118913 0.338032 0.400611 0.84327
1305031459.877006 -2.00735 0.0520535 0.23177 0.114402 0.335344 0.402476 0.844079
1305031459.911472 -2.01521 0.0368917 0.239121 0.111626 0.332521 0.405635 0.844055
1305031459.943616 -2.02454 0.023699 0.248021 0.110896 0.331055 0.408322 0.843432
1305031459.979430 -2.03222 0.00982353 0.25575 0.108532 0.329764 0.412115 0.8424
1305031460.011909 -2.03722 -0.00559552 0.261991 0.10571 0.329088 0.416295 0.840967
1305031460.043717 -2.0441 -0.0217132 0.2682 0.104731 0.329856 0.419098 0.839394
1305031460.079449 -2.05223 -0.0391319 0.276326 0.106319 0.328239 0.423841 0.837445
1305031460.111951 -2.05612 -0.0552976 0.285779 0.110854 0.322247 0.431552 0.835243
1305031460.144204 -2.06004 -0.0674982 0.292716 0.117621 0.314178 0.438951 0.833534
1305031460.178730 -2.06366 -0.0787369 0.304723 0.121957 0.30787 0.445101 0.832002
1305031460.208637 -2.05963 -0.0881032 0.308514 0.121564 0.30331 0.449705 0.831259
1305031460.243467 -2.05663 -0.098507 0.310632 0.121379 0.306185 0.451476 0.829269
1305031460.279164 -2.05644 -0.108788 0.314178 0.121422 0.313942 0.451032 0.8266
1305031460.311712 -2.05476 -0.119206 0.317767 0.121023 0.321864 0.451325 0.823446
1305031460.342879 -2.05504 -0.129215 0.324072 0.120717 0.330695 0.452786 0.819178
1305031460.377806 -2.05384 -0.138031 0.330324 0.118349 0.339798 0.455376 0.814348
1305031460.409883 -2.05079 -0.148876 0.334415 0.115284 0.348969 0.459737 0.808438
1305031460.444036 -2.04841 -0.156333 0.340257 0.113465 0.359555 0.463284 0.802006
1305031460.479856 -2.04881 -0.164183 0.346144 0.109271 0.371745 0.468173 0.794153
1305031460.508966 -2.04641 -0.173592 0.3503 0.102626 0.382033 0.476338 0.785252
1305031460.544245 -2.04363 -0.185094 0.354382 0.0954766 0.391052 0.483612 0.777227
1305031460.579561 -2.04261 -0.195465 0.358134 0.0898219 0.399789 0.486466 0.771655
1305031460.612190 -2.04132 -0.205675 0.362726 0.0862755 0.407812 0.488586 0.766505
1305031460.644011 -2.04211 -0.216745 0.368965 0.08344 0.416254 0.489204 0.761873
1305031460.679350 -2.04416 -0.227637 0.377599 0.0807571 0.423092 0.489379 0.758274
1305031460.711684 -2.04393 -0.237004 0.385391 0.0769022 0.426513 0.490275 0.756177
1305031460.743767 -2.04204 -0.247968 0.392224 0.0721868 0.430365 0.490126 0.754554
1305031460.779201 -2.042 -0.259974 0.401017 0.0685562 0.435673 0.489403 0.752313
1305031460.811318 -2.0413 -0.26855 0.410797 0.0650092 0.439001 0.487681 0.751811
1305031460.843836 -2.03886 -0.277526 0.419177 0.0588653 0.441984 0.48602 0.751645
1305031460.879093 -2.03583 -0.289483 0.428158 0.0507762 0.446681 0.484511 0.750431
1305031460.911313 -2.03205 -0.300954 0.436922 0.0439531 0.449922 0.48407 0.74921
1305031460.943375 -2.0254 -0.311852 0.443147 0.0391624 0.450582 0.485939 0.747867
1305031460.979083 -2.01796 -0.324342 0.447824 0.0368018 0.452287 0.487379 0.746019
1305031461.011290 -2.01214 -0.33593 0.454187 0.0373193 0.455347 0.48798 0.743735
1305031461.043398 -2.00754 -0.346389 0.46137 0.0393453 0.457585 0.488208 0.742106
1305031461.079602 -2.0028 -0.353861 0.469718 0.0400244 0.457658 0.487769 0.742313
1305031461.111961 -1.99428 -0.362054 0.474176 0.0375296 0.456137 0.487466 0.743577
1305031461.144098 -1.9849 -0.374433 0.478771 0.0355613 0.456944 0.486627 0.743728
1305031461.179883 -1.97882 -0.381119 0.484554 0.0373767 0.458388 0.483268 0.74494
1305031461.211180 -1.97357 -0.386913 0.490158 0.0381268 0.460024 0.480204 0.745874
1305031461.246864 -1.96707 -0.394392 0.495582 0.0381258 0.461404 0.477886 0.74651
1305031461.278888 -1.96134 -0.398563 0.500339 0.039133 0.462339 0.473094 0.748928
1305031461.311240 -1.95542 -0.399752 0.505803 0.0403192 0.464287 0.467816 0.750973
1305031461.346875 -1.95323 -0.399148 0.514562 0.0389593 0.468558 0.462809 0.751494
1305031461.378850 -1.94327 -0.403468 0.519302 0.0319335 0.469148 0.462995 0.751343
1305031461.411130 -1.93377 -0.407877 0.521441 0.0271956 0.468622 0.463524 0.751531
1305031461.447015 -1.92891 -0.407389 0.525312 0.0256353 0.468806 0.463557 0.751451
1305031461.478901 -1.91783 -0.412211 0.52475 0.0204615 0.467565 0.466226 0.750731
1305031461.512120 -1.9118 -0.415127 0.524044 0.0209879 0.468395 0.466069 0.750296
1305031461.547338 -1.90751 -0.411887 0.519985 0.0225268 0.469064 0.462888 0.751802
1305031461.578847 -1.90461 -0.410183 0.517731 0.0210464 0.473926 0.459101 0.751118
1305031461.609662 -1.90237 -0.407045 0.515929 0.0190571 0.479986 0.457178 0.748491
1305031461.646970 -1.89939 -0.402813 0.513136 0.0165159 0.484309 0.457121 0.745797
1305031461.676203 -1.89807 -0.396326 0.510693 0.015734 0.486908 0.459548 0.742622
1305031461.711212 -1.89389 -0.390337 0.506781 0.0143115 0.486965 0.465227 0.73907
1305031461.746919 -1.8938 -0.381631 0.501591 0.0140156 0.487367 0.468724 0.736597
1305031461.778616 -1.89426 -0.37073 0.497486 0.0131564 0.488572 0.471645 0.733945
1305031461.811319 -1.89367 -0.36088 0.491961 0.0109644 0.49049 0.475636 0.730116
1305031461.847090 -1.89746 -0.347178 0.489152 0.0119606 0.494272 0.479884 0.724751
1305031461.879162 -1.90228 -0.334301 0.490854 0.0113937 0.497475 0.487632 0.717359
1305031461.911121 -1.90486 -0.320181 0.487364 0.0101579 0.495125 0.498432 0.711557
1305031461.947264 -1.9062 -0.304901 0.477507 0.00756502 0.492775 0.505435 0.708274
1305031461.979223 -1.91612 -0.292947 0.480496 0.00359849 0.499414 0.508279 0.701588
1305031462.011791 -1.91916 -0.287034 0.483865 -0.0045846 0.501501 0.517426 0.693358
1305031462.047463 -1.92152 -0.279073 0.483379 -0.00833465 0.496874 0.530148 0.687015
1305031462.079285 -1.9257 -0.26715 0.480613 -0.00669271 0.489666 0.541855 0.683063
1305031462.112081 -1.93069 -0.256936 0.478374 -0.00687896 0.484148 0.551213 0.679498
1305031462.147634 -1.93533 -0.250411 0.477722 -0.00927132 0.481043 0.558658 0.675584
1305031462.179358 -1.94134 -0.241907 0.476382 -0.0115833 0.478875 0.561543 0.674696
1305031462.212836 -1.94783 -0.236011 0.477814 -0.0170601 0.478626 0.562024 0.674356
1305031462.248986 -1.9541 -0.230465 0.48024 -0.0235157 0.477957 0.562055 0.67461
1305031462.280774 -1.96067 -0.224498 0.482601 -0.0302979 0.4758 0.560562 0.677102
1305031462.311931 -1.96787 -0.216807 0.483497 -0.0367419 0.472494 0.557598 0.68153
1305031462.347816 -1.97655 -0.210852 0.488442 -0.0444409 0.471915 0.553215 0.685036
1305031462.379950 -1.98576 -0.203781 0.494294 -0.0523251 0.469408 0.548899 0.689658
1305031462.413016 -1.99415 -0.198166 0.499712 -0.0611611 0.46458 0.546368 0.694195
1305031462.448295 -2.0035 -0.19086 0.504017 -0.0684519 0.458008 0.543335 0.700236
1305031462.480843 -2.01253 -0.184334 0.50586 -0.0769822 0.449835 0.541008 0.706423
1305031462.517041 -2.01985 -0.180068 0.507359 -0.0847365 0.442 0.539486 0.711626
1305031462.548959 -2.02659 -0.175549 0.503694 -0.0900881 0.432178 0.536361 0.719321
1305031462.581088 -2.03334 -0.171674 0.499711 -0.0949688 0.426535 0.530257 0.726551
1305031462.617123 -2.04189 -0.167017 0.495286 -0.0986458 0.423054 0.521937 0.734082
1305031462.648708 -2.04897 -0.162722 0.490578 -0.101531 0.421062 0.513112 0.741023
1305031462.680788 -2.05819 -0.159754 0.48657 -0.10208 0.420209 0.503926 0.747705
1305031462.716812 -2.06861 -0.15552 0.48152 -0.103004 0.415814 0.493933 0.75665
1305031462.748732 -2.07854 -0.146269 0.472999 -0.102842 0.408151 0.483797 0.767318
1305031462.780885 -2.08761 -0.138411 0.464509 -0.103533 0.402416 0.47607 0.775048
1305031462.816821 -2.09735 -0.12993 0.455009 -0.104739 0.396946 0.470467 0.781105
1305031462.848525 -2.10576 -0.115919 0.444679 -0.105696 0.391623 0.46451 0.787204
1305031462.880471 -2.11211 -0.103844 0.431108 -0.105988 0.389235 0.460922 0.790452
1305031462.916800 -2.11712 -0.0947969 0.417223 -0.106214 0.387845 0.458875 0.792293
1305031462.947939 -2.1213 -0.086979 0.403967 -0.105235 0.385485 0.457261 0.794506
1305031462.979943 -2.12337 -0.0779179 0.390353 -0.101567 0.382112 0.453574 0.798714
1305031463.016121 -2.12458 -0.0724962 0.37505 -0.097772 0.378602 0.448678 0.80361
1305031463.050783 -2.13003 -0.0644954 0.35993 -0.0930688 0.374126 0.440514 0.81075
1305031463.076870 -2.13521 -0.052617 0.345884 -0.0899724 0.369551 0.430873 0.818343
1305031463.116806 -2.1348 -0.0466764 0.330494 -0.0883269 0.366725 0.423268 0.823745
1305031463.148565 -2.13818 -0.0379713 0.314711 -0.0843162 0.365039 0.41289 0.830156
1305031463.180505 -2.14282 -0.0270558 0.299901 -0.0821299 0.363509 0.403668 0.835565
1305031463.217123 -2.1395 -0.0184554 0.286558 -0.0834199 0.360284 0.39865 0.839234
1305031463.248719 -2.13564 -0.0107462 0.271678 -0.0796125 0.358996 0.394375 0.842171
1305031463.278737 -2.1363 -0.00141153 0.257934 -0.0770484 0.358519 0.387503 0.845795
1305031463.317110 -2.13213 0.0102985 0.245069 -0.0752369 0.35425 0.383164 0.849724
1305031463.348740 -2.12607 0.0177974 0.232816 -0.0704388 0.350111 0.380543 0.853022
1305031463.380514 -2.12356 0.0288606 0.220031 -0.0651862 0.346073 0.375616 0.857261
1305031463.416326 -2.11828 0.0421814 0.207595 -0.0627666 0.341733 0.370907 0.861224
1305031463.444773 -2.11157 0.0544003 0.194647 -0.0614638 0.339699 0.367794 0.863455
1305031463.480415 -2.10298 0.0663036 0.180814 -0.0611795 0.338379 0.365628 0.864912
1305031463.516994 -2.09195 0.0749413 0.16776 -0.0620966 0.340113 0.363412 0.865101
1305031463.548505 -2.08633 0.0810875 0.154129 -0.0603444 0.343528 0.362552 0.864236
1305031463.580684 -2.0797 0.0893769 0.140703 -0.0588334 0.341953 0.362938 0.864802
1305031463.616671 -2.0644 0.0926223 0.123138 -0.0599152 0.337296 0.36324 0.866428
1305031463.646147 -2.05291 0.0964365 0.105136 -0.0553146 0.336955 0.361045 0.867784
1305031463.683908 -2.04756 0.105887 0.0889503 -0.0479528 0.337726 0.357087 0.869558
1305031463.716110 -2.03216 0.109469 0.0676506 -0.049314 0.333621 0.354784 0.872006
1305031463.747849 -2.01507 0.106705 0.0455487 -0.0498586 0.332784 0.351307 0.873701
1305031463.783912 -2.0052 0.110107 0.0274124 -0.0446503 0.335757 0.342692 0.876262
1305031463.815883 -1.99264 0.11118 0.00708597 -0.0453187 0.335249 0.332563 0.880316
1305031463.848094 -1.97849 0.107837 -0.0148417 -0.0470278 0.335104 0.323207 0.883759
1305031463.883817 -1.9686 0.108632 -0.0341047 -0.0440344 0.336494 0.313937 0.886722
1305031463.917433 -1.95904 0.106372 -0.0538305 -0.0432982 0.335958 0.306527 0.88955
1305031463.944435 -1.94781 0.101885 -0.0727275 -0.0427053 0.332514 0.301886 0.892455
1305031463.983748 -1.93717 0.0962497 -0.0925889 -0.0411873 0.328766 0.295255 0.896126
1305031464.015867 -1.92954 0.0944352 -0.112088 -0.0387168 0.325657 0.28728 0.899955
1305031464.047778 -1.92003 0.0887075 -0.131271 -0.039439 0.32343 0.279141 0.903282
1305031464.083152 -1.91174 0.0817065 -0.150059 -0.0387265 0.323808 0.269948 0.905967
1305031464.115837 -1.90831 0.0756191 -0.166044 -0.0363382 0.324738 0.262978 0.907782
1305031464.147663 -1.90306 0.0677798 -0.181558 -0.0328561 0.322099 0.260241 0.909641
1305031464.183566 -1.89806 0.0578901 -0.197003 -0.025671 0.316764 0.257503 0.91252
1305031464.212447 -1.89891 0.0553821 -0.210578 -0.0139339 0.310117 0.25228 0.916509
1305031464.247602 -1.90012 0.0560243 -0.223872 -0.00360374 0.299394 0.249026 0.921052
1305031464.283694 -1.89656 0.0559715 -0.235862 0.00235771 0.284654 0.245833 0.92657
1305031464.315699 -1.88467 0.055389 -0.253359 0.00483481 0.268578 0.240584 0.932718
1305031464.347553 -1.87204 0.0516073 -0.270901 0.0069475 0.256046 0.234803 0.937689
1305031464.383465 -1.86099 0.0519928 -0.289644 0.0113788 0.247932 0.227402 0.941641
1305031464.415539 -1.85174 0.0549872 -0.30723 0.0142632 0.244609 0.217213 0.944871
1305031464.444269 -1.84211 0.0521265 -0.323452 0.0144495 0.24257 0.20782 0.947503
1305031464.487561 -1.83031 0.0520885 -0.341834 0.0165582 0.238894 0.200682 0.949938
1305031464.513688 -1.82193 0.0529139 -0.361694 0.017704 0.237397 0.193113 0.95186
1305031464.548007 -1.8127 0.0524801 -0.378928 0.0162593 0.235798 0.183438 0.954194
1305031464.584260 -1.78883 0.0418551 -0.404295 0.0127441 0.23257 0.173646 0.956868
1305031464.615688 -1.77406 0.0350074 -0.427346 0.0165915 0.238885 0.162534 0.957205
1305031464.648851 -1.76468 0.030227 -0.447644 0.0235678 0.25061 0.149894 0.956123
1305031464.684318 -1.75556 0.0162458 -0.466492 0.0298573 0.261791 0.133891 0.955326
1305031464.716305 -1.75143 0.00409424 -0.475819 0.0414715 0.271708 0.115541 0.954518
1305031464.748588 -1.75019 0.00550891 -0.48391 0.0550825 0.275174 0.0954184 0.95506
1305031464.784268 -1.74714 0.00178564 -0.486047 0.0618863 0.273269 0.0755923 0.956964
1305031464.816195 -1.74508 -0.00719077 -0.48481 0.0686216 0.266125 0.0601415 0.95961
1305031464.848283 -1.74091 -0.00676516 -0.486618 0.076529 0.251833 0.0454638 0.963668
1305031464.884177 -1.72828 -0.00263545 -0.486746 0.0774722 0.23526 0.0280678 0.968433
1305031464.916391 -1.711 -0.0122847 -0.488183 0.0714726 0.220727 0.00804975 0.97268
1305031464.952471 -1.6908 -0.0236442 -0.489517 0.0687667 0.210662 -0.0118662 0.975065
1305031464.984257 -1.66931 -0.0283115 -0.489798 0.0711533 0.2053 -0.0307382 0.975625
1305031465.015390 -1.65383 -0.0254718 -0.481346 0.0743323 0.203686 -0.0520451 0.974822
1305031465.048430 -1.64551 -0.0156928 -0.466574 0.0787682 0.201024 -0.0724439 0.973723
1305031465.083338 -1.63038 0.0112068 -0.45261 0.0813563 0.190958 -0.0875306 0.974297
1305031465.115475 -1.61159 0.030859 -0.438534 0.0696645 0.177322 -0.101317 0.976442
1305031465.151558 -1.59287 0.0365865 -0.422837 0.0513362 0.164445 -0.110628 0.978818
1305031465.183558 -1.57299 0.0414211 -0.407056 0.036825 0.152301 -0.11662 0.980739
1305031465.215832 -1.5536 0.0541769 -0.394517 0.0259582 0.141799 -0.121795 0.982031
1305031465.251788 -1.53484 0.0620666 -0.379922 0.0143774 0.132167 -0.123561 0.983391
1305031465.283737 -1.5166 0.0695216 -0.368298 0.00799516 0.122512 -0.116755 0.985543
1305031465.315985 -1.49674 0.0847369 -0.358065 0.0048425 0.110164 -0.104077 0.988437
1305031465.351729 -1.4808 0.0908529 -0.348861 -9.82655e-05 0.0959268 -0.0912832 0.991194
1305031465.383701 -1.45701 0.0959575 -0.344291 -0.000327332 0.0775768 -0.0791839 0.993837
1305031465.416543 -1.4291 0.104957 -0.344395 0.00290676 0.0601329 -0.068949 0.995802
1305031465.452401 -1.40519 0.119357 -0.346023 0.0076073 0.0467951 -0.0576762 0.997209
1305031465.483803 -1.38295 0.138521 -0.349266 0.0107128 0.0352601 -0.0465482 0.998236
1305031465.516043 -1.36177 0.143522 -0.35131 0.00767454 0.0249303 -0.0414876 0.998798
1305031465.551838 -1.33806 0.151979 -0.355286 0.0113215 0.0145805 -0.0359706 0.999182
1305031465.583570 -1.31197 0.16723 -0.361694 0.0186849 0.0058865 -0.0293932 0.999376
1305031465.615685 -1.29145 0.182821 -0.369094 0.0246148 0.000732084 -0.0215484 0.999464
1305031465.651645 -1.27136 0.197259 -0.375251 0.0299379 -0.00747587 -0.0121301 0.99945
1305031465.684759 -1.24326 0.213392 -0.38196 0.0363655 -0.0185792 -0.00443325 0.999156
1305031465.716279 -1.21841 0.230395 -0.388624 0.0438342 -0.0252096 0.00203941 0.998719
1305031465.753153 -1.19588 0.251076 -0.39486 0.0528942 -0.0302502 0.0109859 0.998081
1305031465.784387 -1.17124 0.271431 -0.400665 0.060142 -0.0357361 0.017959 0.997388
1305031465.816591 -1.14805 0.286916 -0.405275 0.0673203 -0.0399571 0.0235954 0.996652
1305031465.852860 -1.12228 0.310609 -0.411256 0.0793984 -0.0440899 0.0288997 0.995448
1305031465.884370 -1.09516 0.339082 -0.415825 0.0880881 -0.0452173 0.0313742 0.994591
1305031465.912828 -1.07156 0.354755 -0.418751 0.0916204 -0.0404233 0.0327462 0.994434
1305031465.952840 -1.05091 0.374387 -0.423719 0.101228 -0.0333003 0.0332112 0.993751
1305031465.984183 -1.03423 0.398497 -0.428878 0.111082 -0.0265105 0.0303953 0.992992
1305031466.016599 -1.01738 0.422078 -0.433677 0.118134 -0.0234489 0.028868 0.992301
1305031466.052655 -1.00137 0.449047 -0.438276 0.121512 -0.0225166 0.0291722 0.991906
1305031466.083913 -0.987944 0.469988 -0.442168 0.1186 -0.0228034 0.0310792 0.992194
1305031466.116400 -0.974056 0.488983 -0.44795 0.114168 -0.0267481 0.0314508 0.992603
1305031466.152540 -0.962229 0.505991 -0.456504 0.109024 -0.0314507 0.0327625 0.993001
1305031466.184186 -0.951654 0.524392 -0.467008 0.103333 -0.0383948 0.0343012 0.993313
1305031466.220477 -0.938076 0.538401 -0.477539 0.0937842 -0.0475601 0.0322631 0.993932
1305031466.252491 -0.918034 0.542905 -0.488477 0.0856585 -0.0545072 0.0257692 0.994499
1305031466.284389 -0.899861 0.552124 -0.504312 0.0858996 -0.0530007 0.0156668 0.99477
1305031466.320055 -0.884395 0.564678 -0.518496 0.0873631 -0.0453406 0.00486283 0.995132
1305031466.352082 -0.870515 0.575781 -0.531959 0.0843815 -0.0363119 -0.00256232 0.995768
1305031466.384479 -0.858881 0.574064 -0.546107 0.0788873 -0.030325 -0.00636379 0.996402
1305031466.420844 -0.848327 0.581304 -0.560652 0.0828399 -0.0293089 -0.00957985 0.996086
1305031466.452369 -0.831942 0.596146 -0.572597 0.0867358 -0.0343494 -0.0139708 0.995541
1305031466.483315 -0.811814 0.606882 -0.580557 0.0846329 -0.0404696 -0.0165093 0.995453
1305031466.519548 -0.789041 0.612116 -0.587616 0.0813697 -0.0427818 -0.0174252 0.995613
1305031466.552219 -0.768904 0.622365 -0.594924 0.0805791 -0.0401523 -0.018554 0.995766
1305031466.584438 -0.747433 0.635457 -0.599865 0.0762103 -0.0403471 -0.0212815 0.996048
1305031466.620424 -0.723686 0.634486 -0.602307 0.0671437 -0.0407037 -0.0249817 0.9966
1305031466.648654 -0.706205 0.634611 -0.607233 0.0678734 -0.0369187 -0.028142 0.996613
1305031466.684412 -0.684829 0.649835 -0.612401 0.0735916 -0.0377207 -0.0341514 0.99599
1305031466.719744 -0.662528 0.657476 -0.615645 0.0698233 -0.04138 -0.0441877 0.995721
1305031466.748734 -0.642264 0.653082 -0.618692 0.066169 -0.0425217 -0.0528681 0.995499
1305031466.784300 -0.627271 0.658654 -0.624046 0.0717494 -0.0418696 -0.0589185 0.9948
1305031466.819502 -0.607482 0.669147 -0.628411 0.0740297 -0.046653 -0.0630809 0.994165
1305031466.851527 -0.593333 0.669695 -0.631755 0.0705532 -0.0513949 -0.0638923 0.994132
1305031466.883430 -0.580486 0.671352 -0.635557 0.0718532 -0.0600742 -0.0630811 0.993604
1305031466.919411 -0.563049 0.674868 -0.641015 0.0735531 -0.0742032 -0.0656218 0.99236
1305031466.952451 -0.545941 0.676042 -0.647073 0.0735699 -0.0860955 -0.0673963 0.991278
1305031466.984027 -0.526651 0.677839 -0.65146 0.0746323 -0.093712 -0.070075 0.990322
1305031467.020424 -0.508997 0.679283 -0.655187 0.0751886 -0.0986751 -0.074358 0.989485
1305031467.052391 -0.491675 0.680342 -0.659978 0.0751496 -0.102366 -0.0784209 0.988799
1305031467.084130 -0.474667 0.684029 -0.662567 0.0747093 -0.104492 -0.0826935 0.988262
1305031467.120528 -0.461265 0.685306 -0.665043 0.0740895 -0.106238 -0.0911828 0.987375
1305031467.152363 -0.447515 0.685659 -0.667925 0.0750146 -0.109019 -0.0999297 0.986155
1305031467.184216 -0.433909 0.687639 -0.670395 0.0766315 -0.113079 -0.105623 0.984979
1305031467.220466 -0.419665 0.689235 -0.673257 0.0775371 -0.119504 -0.110977 0.98356
1305031467.252275 -0.405692 0.689368 -0.676546 0.0786172 -0.125441 -0.116443 0.982102
1305031467.284258 -0.391629 0.690659 -0.679739 0.0807951 -0.130864 -0.12251 0.980478
1305031467.318028 -0.376647 0.694037 -0.683007 0.082955 -0.136719 -0.128301 0.978757
1305031467.349355 -0.361605 0.699938 -0.686394 0.0829732 -0.143106 -0.131365 0.977435
1305031467.383844 -0.34608 0.703499 -0.688845 0.0789527 -0.150521 -0.135599 0.976075
1305031467.420160 -0.331599 0.703357 -0.691749 0.075421 -0.157098 -0.140159 0.974673
1305031467.452057 -0.318268 0.703291 -0.697188 0.0744584 -0.163063 -0.142375 0.973445
1305031467.484357 -0.300917 0.707953 -0.702965 0.0727368 -0.170433 -0.146247 0.971738
1305031467.520535 -0.284752 0.711567 -0.70465 0.0687562 -0.175556 -0.152912 0.970088
1305031467.552164 -0.270989 0.707724 -0.706687 0.0659168 -0.177381 -0.15704 0.969293
1305031467.584354 -0.256763 0.706877 -0.708233 0.0659687 -0.179015 -0.156921 0.969009
1305031467.618680 -0.244419 0.702158 -0.707576 0.0657279 -0.182816 -0.155257 0.968583
1305031467.651977 -0.232864 0.694158 -0.707522 0.0692246 -0.188331 -0.153233 0.967605
1305031467.686044 -0.219081 0.691871 -0.706993 0.0741756 -0.193078 -0.153303 0.96629
1305031467.718326 -0.20638 0.685577 -0.700789 0.0777263 -0.196508 -0.157518 0.964641
1305031467.752580 -0.196659 0.675777 -0.69574 0.0823032 -0.198807 -0.160925 0.963226
1305031467.788562 -0.186841 0.668927 -0.689256 0.0871996 -0.201872 -0.163846 0.961664
1305031467.820454 -0.177795 0.658436 -0.680056 0.0907098 -0.205053 -0.165458 0.96039
1305031467.852678 -0.171871 0.646709 -0.669603 0.0962096 -0.209058 -0.163705 0.959291
1305031467.888472 -0.163652 0.640054 -0.657475 0.102638 -0.216475 -0.162608 0.957164
1305031467.920800 -0.15444 0.630826 -0.643073 0.106434 -0.225347 -0.165166 0.954259
1305031467.952485 -0.148899 0.615792 -0.629203 0.110168 -0.231538 -0.166951 0.95204
1305031467.988523 -0.13854 0.609935 -0.614036 0.116114 -0.236024 -0.168942 0.949878
1305031468.020491 -0.129557 0.598228 -0.596209 0.115636 -0.238795 -0.172314 0.948637
1305031468.052668 -0.127415 0.580439 -0.582613 0.116512 -0.240064 -0.174882 0.94774
1305031468.088379 -0.120853 0.570799 -0.567935 0.120513 -0.243944 -0.1768 0.945891
1305031468.120522 -0.114026 0.556326 -0.551452 0.119376 -0.24771 -0.1786 0.944718
1305031468.152356 -0.108588 0.539258 -0.536797 0.118941 -0.25025 -0.181065 0.943633
1305031468.188327 -0.101002 0.525222 -0.521483 0.119375 -0.252378 -0.184618 0.942322
1305031468.220648 -0.0952919 0.50592 -0.507123 0.116625 -0.252945 -0.1861 0.942223
1305031468.252517 -0.0876821 0.486239 -0.492997 0.114756 -0.252964 -0.185361 0.942593
1305031468.288361 -0.0810081 0.466745 -0.480524 0.11297 -0.252054 -0.185415 0.943042
1305031468.320522 -0.0767518 0.441646 -0.469974 0.110822 -0.250478 -0.184705 0.943856
1305031468.352594 -0.0719383 0.424227 -0.464101 0.112869 -0.247698 -0.181112 0.945042
1305031468.384700 -0.0655031 0.410715 -0.455625 0.112628 -0.246832 -0.179167 0.945668
1305031468.420595 -0.0621727 0.388643 -0.449549 0.106896 -0.246452 -0.179567 0.946356
1305031468.452605 -0.059105 0.368453 -0.444044 0.103923 -0.246612 -0.178021 0.946938
1305031468.488646 -0.0538485 0.349504 -0.438165 0.100973 -0.246848 -0.177568 0.94728
1305031468.520786 -0.0533565 0.325301 -0.433944 0.0976513 -0.245109 -0.182035 0.947232
1305031468.552701 -0.055687 0.303246 -0.432799 0.100392 -0.243787 -0.189266 0.945869
1305031468.588614 -0.0573502 0.291507 -0.432136 0.105614 -0.24381 -0.195658 0.943992
1305031468.620590 -0.0605769 0.274761 -0.429529 0.101361 -0.244707 -0.198682 0.943594
1305031468.656644 -0.0682341 0.250433 -0.42927 0.0956013 -0.246505 -0.200466 0.94335
1305031468.688643 -0.0753059 0.229723 -0.428765 0.0967328 -0.251478 -0.203133 0.941349
1305031468.720560 -0.0814099 0.212896 -0.428355 0.10024 -0.256866 -0.205105 0.939097
1305031468.756725 -0.0871429 0.196461 -0.426318 0.101277 -0.261618 -0.205765 0.937529
1305031468.788562 -0.0933356 0.177318 -0.424652 0.102553 -0.264404 -0.208769 0.935943
1305031468.817997 -0.101073 0.161324 -0.424465 0.109207 -0.265337 -0.214856 0.933545
1305031468.854887 -0.101773 0.153144 -0.420731 0.114698 -0.266611 -0.219206 0.93151
1305031468.889220 -0.104609 0.141628 -0.415865 0.113588 -0.2638 -0.222741 0.931608
1305031468.920539 -0.10977 0.131592 -0.412982 0.110261 -0.258027 -0.222123 0.93377
1305031468.956482 -0.112573 0.127937 -0.410188 0.105757 -0.252491 -0.218427 0.936671
1305031468.986011 -0.111334 0.134341 -0.403763 0.0980586 -0.249705 -0.2193 0.938051
1305031469.020731 -0.118111 0.125587 -0.397286 0.079697 -0.246261 -0.22632 0.939033
1305031469.056318 -0.126734 0.116606 -0.392616 0.0642507 -0.24275 -0.233075 0.939479
1305031469.088069 -0.128071 0.112403 -0.382482 0.0537605 -0.242491 -0.242133 0.937912
1305031469.119984 -0.129515 0.103329 -0.370739 0.0416999 -0.238206 -0.253839 0.936528
1305031469.155046 -0.133857 0.0956622 -0.360139 0.0310354 -0.229694 -0.26266 0.936636
1305031469.184648 -0.139269 0.0875154 -0.350201 0.0219671 -0.220091 -0.268841 0.937444
1305031469.219541 -0.146039 0.0847953 -0.341204 0.0169046 -0.211725 -0.272188 0.93851
1305031469.256002 -0.149766 0.0833402 -0.330429 0.0126967 -0.208168 -0.27562 0.93837
1305031469.288263 -0.154265 0.0816328 -0.318712 0.00793616 -0.20383 -0.278886 0.93841
1305031469.319772 -0.157927 0.0830365 -0.306912 0.00343744 -0.199795 -0.280529 0.938815
1305031469.356116 -0.157366 0.0801698 -0.293245 -0.00329529 -0.196849 -0.284218 0.938328
1305031469.388556 -0.160062 0.0765304 -0.279581 -0.00723373 -0.187473 -0.289735 0.938539
1305031469.420278 -0.16286 0.0819103 -0.267174 -0.00541891 -0.175182 -0.294809 0.939345
1305031469.456563 -0.166904 0.0879128 -0.254395 -0.004594 -0.164302 -0.30108 0.939327
1305031469.488520 -0.174554 0.0949114 -0.240058 -0.0046401 -0.156303 -0.305618 0.939226
1305031469.520417 -0.177013 0.102253 -0.226346 -0.00678557 -0.155133 -0.306232 0.939207
1305031469.556139 -0.177663 0.1093 -0.212873 -0.0120833 -0.156278 -0.306661 0.938824
1305031469.588500 -0.178682 0.117866 -0.199323 -0.0191688 -0.156708 -0.306037 0.938838
1305031469.620563 -0.179966 0.127077 -0.185227 -0.027485 -0.155756 -0.306154 0.938751
1305031469.656279 -0.18391 0.13666 -0.17073 -0.0339725 -0.152146 -0.30566 0.939292
1305031469.687925 -0.186118 0.146054 -0.157992 -0.0382212 -0.148462 -0.304571 0.940072
1305031469.718943 -0.189413 0.156581 -0.145143 -0.0429002 -0.144034 -0.30333 0.940959
1305031469.756754 -0.192548 0.169223 -0.132999 -0.0478332 -0.139622 -0.300247 0.942374
1305031469.784733 -0.197058 0.184603 -0.121112 -0.0529872 -0.137028 -0.296533 0.943655
1305031469.820544 -0.202699 0.197533 -0.110797 -0.0588152 -0.137032 -0.293451 0.944272
1305031469.854359 -0.209456 0.213784 -0.101088 -0.0641876 -0.137769 -0.290382 0.944764
1305031469.885343 -0.217925 0.228483 -0.0924336 -0.069822 -0.137995 -0.288001 0.94506
1305031469.921773 -0.226699 0.245479 -0.0843747 -0.0732441 -0.138546 -0.283971 0.945939
1305031469.953180 -0.237343 0.26083 -0.0776205 -0.0756411 -0.140112 -0.281859 0.946151
1305031469.985327 -0.248116 0.275601 -0.0719292 -0.0777515 -0.141606 -0.280343 0.946208
1305031470.024714 -0.258636 0.291113 -0.067972 -0.0798198 -0.142841 -0.278942 0.946265
1305031470.057400 -0.270665 0.306527 -0.0648252 -0.0820308 -0.142788 -0.278468 0.946223
1305031470.088874 -0.282773 0.321479 -0.063332 -0.083852 -0.14175 -0.276836 0.946698
1305031470.124820 -0.294458 0.335524 -0.062838 -0.0873167 -0.140865 -0.274985 0.947056
1305031470.156744 -0.305544 0.350732 -0.0622583 -0.0905417 -0.141122 -0.271772 0.947643
1305031470.188876 -0.31823 0.364357 -0.0640267 -0.0931963 -0.141559 -0.268734 0.948186
1305031470.224776 -0.330144 0.377443 -0.065354 -0.0965215 -0.141542 -0.266075 0.948606
1305031470.253015 -0.341314 0.39051 -0.0671956 -0.100742 -0.140992 -0.262875 0.949141
1305031470.287867 -0.35288 0.403147 -0.0690411 -0.105799 -0.139781 -0.260354 0.949465
1305031470.324266 -0.365142 0.416403 -0.0698654 -0.111629 -0.138648 -0.257508 0.94974
1305031470.356871 -0.377641 0.428071 -0.0716987 -0.117744 -0.138768 -0.253443 0.950077
1305031470.388056 -0.390174 0.439929 -0.0737677 -0.121702 -0.139441 -0.250211 0.950336
1305031470.424090 -0.403073 0.451174 -0.0761187 -0.122947 -0.140461 -0.250332 0.949994
1305031470.455875 -0.415892 0.459916 -0.0795609 -0.123713 -0.141165 -0.250495 0.949747
1305031470.487958 -0.428809 0.468264 -0.0830071 -0.123382 -0.141821 -0.249404 0.94998
1305031470.524431 -0.44037 0.47589 -0.0862939 -0.123202 -0.142521 -0.249081 0.949983
1305031470.556484 -0.45114 0.483183 -0.0888557 -0.123844 -0.142345 -0.24918 0.9499
1305031470.588797 -0.462127 0.489114 -0.0906135 -0.125782 -0.141734 -0.247001 0.950306
1305031470.624535 -0.472032 0.496012 -0.09234 -0.127435 -0.141272 -0.243649 0.951019
1305031470.656787 -0.482105 0.501766 -0.0937459 -0.129865 -0.140778 -0.239555 0.951804
1305031470.688640 -0.492427 0.507854 -0.0950597 -0.13222 -0.140611 -0.236047 0.95238
1305031470.724461 -0.503443 0.512216 -0.0959417 -0.133275 -0.140608 -0.234999 0.952493
1305031470.755944 -0.512546 0.51306 -0.0978017 -0.135819 -0.13827 -0.233771 0.952778
1305031470.788407 -0.519285 0.519954 -0.09852 -0.135757 -0.134361 -0.229021 0.954498
1305031470.820633 -0.527773 0.524016 -0.099084 -0.133809 -0.132748 -0.224689 0.956027
1305031470.855509 -0.537703 0.524976 -0.101105 -0.130887 -0.132557 -0.220638 0.957401
1305031470.886079 -0.547219 0.52705 -0.103408 -0.126887 -0.132867 -0.215775 0.959003
1305031470.924410 -0.556818 0.528346 -0.105514 -0.123532 -0.135004 -0.210876 0.960232
1305031470.956439 -0.567992 0.527318 -0.108721 -0.117026 -0.13715 -0.208671 0.961224
1305031470.988276 -0.57723 0.526863 -0.112862 -0.108709 -0.138357 -0.206739 0.962444
1305031471.024309 -0.586697 0.524247 -0.116099 -0.102167 -0.1369 -0.204494 0.963848
1305031471.056616 -0.595898 0.522566 -0.119549 -0.093648 -0.134331 -0.200206 0.965972
1305031471.088440 -0.60438 0.521547 -0.123639 -0.0856924 -0.132712 -0.193413 0.968316
1305031471.123837 -0.612537 0.520661 -0.12657 -0.0794333 -0.132608 -0.186884 0.970144
1305031471.155886 -0.619054 0.520264 -0.129759 -0.0735232 -0.132503 -0.180187 0.97189
1305031471.192698 -0.625092 0.52033 -0.13246 -0.0698299 -0.13044 -0.174023 0.973563
1305031471.224404 -0.63237 0.520505 -0.134607 -0.0689849 -0.126586 -0.168548 0.975094
1305031471.256397 -0.639244 0.519718 -0.135335 -0.069699 -0.123974 -0.164913 0.976
1305031471.288603 -0.646343 0.517395 -0.136323 -0.0702166 -0.121386 -0.161061 0.976931
1305031471.324440 -0.651007 0.516399 -0.138087 -0.0674485 -0.11828 -0.157597 0.978071
1305031471.356569 -0.654391 0.517724 -0.140342 -0.0642285 -0.112042 -0.15519 0.979407
1305031471.392751 -0.661766 0.513489 -0.141796 -0.0661617 -0.103402 -0.150779 0.980916
1305031471.424494 -0.667947 0.51297 -0.145026 -0.0630749 -0.0989954 -0.143734 0.98263
1305031471.456975 -0.672336 0.513556 -0.14795 -0.06105 -0.0984551 -0.137757 0.983668
1305031471.492705 -0.67639 0.512935 -0.149947 -0.0621723 -0.0980015 -0.133633 0.984212
1305031471.524343 -0.680988 0.512166 -0.152587 -0.0631562 -0.0968853 -0.129246 0.984845
1305031471.556561 -0.683616 0.512179 -0.155325 -0.0632895 -0.0958941 -0.126769 0.985255
1305031471.592606 -0.686869 0.511801 -0.158475 -0.0637563 -0.091951 -0.124747 0.985859
1305031471.624486 -0.689437 0.512163 -0.161496 -0.0629433 -0.0873129 -0.123099 0.98654
1305031471.656831 -0.692508 0.511445 -0.164783 -0.0622208 -0.0820428 -0.120681 0.987337
1305031471.693182 -0.694775 0.512729 -0.16823 -0.0597186 -0.0776181 -0.116025 0.988406
1305031471.724753 -0.696535 0.515209 -0.171349 -0.0584974 -0.0737142 -0.111098 0.989344
1305031471.753002 -0.697057 0.51381 -0.172906 -0.0609037 -0.0701095 -0.105718 0.99005
1305031471.792706 -0.697962 0.516651 -0.17531 -0.0592485 -0.0642803 -0.0981796 0.991322
1305031471.823821 -0.699533 0.521937 -0.177078 -0.0591505 -0.0586972 -0.0906023 0.992395
1305031471.855793 -0.701356 0.522968 -0.177478 -0.0636407 -0.0548948 -0.0839783 0.992917
1305031471.892838 -0.703464 0.526648 -0.178493 -0.0659162 -0.0506455 -0.0774943 0.993521
1305031471.924928 -0.705372 0.52871 -0.178545 -0.0711048 -0.0457562 -0.0725376 0.993775
1305031471.957162 -0.708416 0.527839 -0.177313 -0.0750504 -0.0388244 -0.071056 0.993887
1305031471.993177 -0.710667 0.535801 -0.178741 -0.0710889 -0.0315651 -0.0679189 0.994654
1305031472.024660 -0.714436 0.540108 -0.178179 -0.0756585 -0.0249159 -0.0642184 0.994752
1305031472.058063 -0.718167 0.5402 -0.176227 -0.0803897 -0.0199876 -0.0615574 0.99466
1305031472.092883 -0.722533 0.544772 -0.176996 -0.0789439 -0.0145926 -0.056608 0.995164
1305031472.124760 -0.727195 0.550225 -0.176241 -0.0808709 -0.0105338 -0.0522391 0.995299
1305031472.156982 -0.732279 0.545104 -0.174312 -0.0891113 -0.00871811 -0.0503192 0.994712
1305031472.192890 -0.736202 0.544368 -0.174434 -0.0880365 -0.00735022 -0.0470077 0.99498
1305031472.224678 -0.739665 0.545278 -0.175582 -0.0853419 -0.00585403 -0.0437404 0.995374
1305031472.256642 -0.742837 0.542685 -0.175183 -0.0848666 -0.00394771 -0.042665 0.995471
1305031472.293139 -0.744218 0.540707 -0.176268 -0.0798891 -0.00245507 -0.0409017 0.995961
1305031472.324844 -0.74658 0.543741 -0.178091 -0.0724025 -0.000593693 -0.0386247 0.996627
1305031472.360912 -0.74826 0.544521 -0.178934 -0.070409 4.856e-05 -0.0369796 0.996833
1305031472.392956 -0.750149 0.543003 -0.1784 -0.0709725 -0.000797028 -0.0351142 0.99686
1305031472.424694 -0.750734 0.53935 -0.178801 -0.0709567 -0.00355355 -0.034348 0.996882
1305031472.460919 -0.750086 0.537232 -0.179337 -0.0692306 -0.005737 -0.0353409 0.996958
1305031472.492972 -0.749846 0.535543 -0.179845 -0.0686458 -0.00485274 -0.0363073 0.996968
1305031472.524781 -0.749481 0.529538 -0.17908 -0.0709482 -0.00306613 -0.0358062 0.996832
1305031472.561296 -0.749002 0.525557 -0.179546 -0.0677756 -0.00327972 -0.0341651 0.99711
1305031472.592968 -0.747632 0.524858 -0.180865 -0.0620965 -0.00475775 -0.0318125 0.997552
1305031472.624647 -0.745663 0.52283 -0.180815 -0.0608236 -0.00622644 -0.0294724 0.997694
1305031472.660836 -0.744304 0.518787 -0.179966 -0.0612956 -0.00716344 -0.0279976 0.997701
1305031472.693008 -0.742942 0.514654 -0.179288 -0.0606826 -0.00797522 -0.0263604 0.997777
1305031472.724752 -0.741407 0.510292 -0.178622 -0.0594719 -0.00897791 -0.0259544 0.997852
1305031472.760654 -0.739555 0.507951 -0.177882 -0.0570018 -0.00952299 -0.0270285 0.997963
1305031472.792775 -0.738658 0.504631 -0.176661 -0.0557533 -0.0086116 -0.0285851 0.997998
1305031472.824692 -0.738438 0.501944 -0.175813 -0.0536013 -0.00750434 -0.0286091 0.998124
1305031472.860936 -0.737957 0.500296 -0.17467 -0.0513761 -0.0075039 -0.0279664 0.99826
1305031472.892944 -0.73766 0.499841 -0.173627 -0.0501622 -0.00849615 -0.0258603 0.99837
1305031472.924814 -0.736723 0.498032 -0.172043 -0.0507711 -0.00994892 -0.0243246 0.998364
1305031472.961213 -0.736243 0.497058 -0.17084 -0.0506008 -0.010169 -0.0228875 0.998405
1305031472.992815 -0.736169 0.496756 -0.169845 -0.0507442 -0.0104943 -0.0218789 0.998417
1305031473.024564 -0.736551 0.496426 -0.168938 -0.0513396 -0.0115388 -0.0217313 0.998378
1305031473.060795 -0.736022 0.494787 -0.167919 -0.0526974 -0.012599 -0.0226464 0.998274
1305031473.092012 -0.735878 0.493679 -0.167426 -0.0528886 -0.0121048 -0.0244971 0.998227
1305031473.124072 -0.736046 0.49268 -0.166723 -0.0531162 -0.0110753 -0.0261145 0.998185
1305031473.158420 -0.737284 0.491724 -0.166593 -0.052799 -0.0105826 -0.0265721 0.998195
1305031473.190828 -0.736613 0.490941 -0.166709 -0.0517395 -0.0116496 -0.0270879 0.998225
