1305031453.374112 0 0 0 0 0 0 1
1305031453.404816 0.00393557 0.00516214 -0.00954215 -0.000724191 0.00639199 0.0111319 0.999917
1305031453.436941 0.0083586 0.00755851 -0.0186761 6.37239e-05 0.010147 0.0201687 0.999745
1305031453.473352 0.0124964 0.0123664 -0.0291572 0.00385752 0.0159845 0.0288477 0.999449
1305031453.505218 0.0177261 0.0160454 -0.0411661 0.007575 0.021799 0.0386135 0.998988
1305031453.538301 0.0186036 0.0211875 -0.0540938 0.0141189 0.0271808 0.0476298 0.998395
1305031453.574074 0.0189073 0.0255785 -0.0683628 0.0208879 0.0303201 0.0540821 0.997857
1305031453.605314 0.0194148 0.0320527 -0.0828401 0.0283503 0.0329145 0.0582614 0.997356
1305031453.636951 0.0136705 0.0377727 -0.0978824 0.0350654 0.0357112 0.062118 0.996813
1305031453.673185 0.0047092 0.0443543 -0.112243 0.0428612 0.0346437 0.0610287 0.996613
1305031453.705487 -0.00321977 0.0538087 -0.127002 0.0501764 0.0308013 0.0565725 0.996661
1305031453.736856 -0.0123904 0.0639277 -0.140654 0.0555016 0.0267247 0.0522052 0.996735
1305031453.773786 -0.0250597 0.0696034 -0.152603 0.0595843 0.0207981 0.0450486 0.996989
1305031453.805041 -0.0325326 0.0807039 -0.165483 0.0653446 0.011394 0.0371438 0.997106
1305031453.840352 -0.0422097 0.0890116 -0.177752 0.068374 0.00421015 0.0307017 0.997178
1305031453.869618 -0.0575793 0.0993271 -0.188542 0.0716434 -0.00511905 0.024399 0.997119
1305031453.905519 -0.0728426 0.108719 -0.19616 0.0727654 -0.0185807 0.0174718 0.997023
1305031453.940012 -0.0837526 0.113975 -0.202939 0.0705278 -0.0360236 0.0133037 0.99677
1305031453.972592 -0.0961003 0.120344 -0.206133 0.0688512 -0.051597 0.00495607 0.996279
1305031454.003179 -0.108161 0.121644 -0.211028 0.0664117 -0.0630638 -0.00670431 0.995775
1305031454.040976 -0.122679 0.122896 -0.216391 0.0678671 -0.0737902 -0.0166062 0.994823
1305031454.072690 -0.13751 0.128115 -0.218925 0.0694499 -0.0834198 -0.0277033 0.993705
1305031454.104619 -0.152943 0.128001 -0.223104 0.0685628 -0.0930585 -0.0410498 0.992449
1305031454.141030 -0.168235 0.129691 -0.226309 0.0713303 -0.105261 -0.0550562 0.990354
1305031454.172688 -0.183044 0.136638 -0.229781 0.0729568 -0.118164 -0.0672653 0.988023
1305031454.204626 -0.19763 0.139091 -0.230734 0.0707499 -0.132547 -0.0808227 0.985339
1305031454.240858 -0.211743 0.134282 -0.229738 0.0703779 -0.147701 -0.0970577 0.981739
1305031454.273489 -0.219802 0.138301 -0.228525 0.0765845 -0.161507 -0.1141 0.977257
1305031454.304744 -0.229019 0.143624 -0.227977 0.0760592 -0.169004 -0.12711 0.974421
1305031454.340806 -0.244624 0.140212 -0.231533 0.0748665 -0.176267 -0.141551 0.97123
1305031454.372652 -0.252494 0.144358 -0.230896 0.0816237 -0.187546 -0.156997 0.966186
1305031454.401962 -0.260868 0.151059 -0.232746 0.0839568 -0.194763 -0.169582 0.962424
1305031454.437248 -0.273514 0.154264 -0.23492 0.0850831 -0.20507 -0.184487 0.95743
1305031454.470741 -0.276348 0.156765 -0.232615 0.0877632 -0.215712 -0.200266 0.951661
1305031454.503859 -0.283473 0.161523 -0.234487 0.0892614 -0.21969 -0.216523 0.947041
1305031454.538424 -0.287519 0.169047 -0.235425 0.0894323 -0.22589 -0.232785 0.941694
1305031454.570323 -0.293929 0.178307 -0.236761 0.0875241 -0.230911 -0.245981 0.93729
1305031454.602019 -0.301432 0.18546 -0.23864 0.0850156 -0.239443 -0.262822 0.930787
1305031454.639284 -0.303851 0.191032 -0.237994 0.0831671 -0.252418 -0.276176 0.923631
1305031454.669573 -0.302549 0.200921 -0.238388 0.0789025 -0.264922 -0.283056 0.918406
1305031454.702030 -0.304521 0.207857 -0.23898 0.0723052 -0.277885 -0.289861 0.91298
1305031454.740764 -0.299464 0.211872 -0.237307 0.0679552 -0.292279 -0.294837 0.907208
1305031454.772865 -0.292658 0.216468 -0.234869 0.0625617 -0.300319 -0.292082 0.90586
1305031454.802574 -0.288623 0.223922 -0.235123 0.0581919 -0.303048 -0.284902 0.907528
1305031454.840500 -0.281223 0.232636 -0.233135 0.0547385 -0.305426 -0.278637 0.908889
1305031454.870269 -0.27615 0.239968 -0.232272 0.0496163 -0.303253 -0.272152 0.911871
1305031454.901065 -0.272147 0.248441 -0.232872 0.0464088 -0.298484 -0.265062 0.915694
1305031454.940240 -0.26971 0.258339 -0.233758 0.0433536 -0.292979 -0.258748 0.91942
1305031454.973081 -0.270678 0.267898 -0.237042 0.0402799 -0.286953 -0.252662 0.923145
1305031455.010759 -0.273877 0.277553 -0.242346 0.0376513 -0.282464 -0.246298 0.926355
1305031455.040446 -0.275188 0.289968 -0.245221 0.0380557 -0.281464 -0.242782 0.92757
1305031455.074282 -0.279297 0.298038 -0.248931 0.0368391 -0.277882 -0.240868 0.929197
1305031455.110340 -0.28491 0.307598 -0.253883 0.0391595 -0.27349 -0.240109 0.930601
1305031455.142700 -0.290337 0.319462 -0.258162 0.0412536 -0.268595 -0.238587 0.932326
1305031455.172771 -0.298717 0.329278 -0.263404 0.0403259 -0.263272 -0.234549 0.934906
1305031455.210307 -0.308341 0.339319 -0.267363 0.0374921 -0.258967 -0.228673 0.937677
1305031455.240960 -0.318219 0.346466 -0.27193 0.0364685 -0.254955 -0.222814 0.940224
1305031455.273001 -0.325505 0.360585 -0.274766 0.0360732 -0.250805 -0.216674 0.942787
1305031455.310303 -0.337316 0.364935 -0.278981 0.0272787 -0.244512 -0.207995 0.946683
1305031455.342381 -0.349056 0.374499 -0.284621 0.0219301 -0.241043 -0.197052 0.950046
1305031455.374120 -0.3559 0.385177 -0.285713 0.0150427 -0.239808 -0.190157 0.951896
1305031455.409213 -0.36801 0.386404 -0.289133 0.00388726 -0.232324 -0.183325 0.955197
1305031455.442380 -0.381808 0.39009 -0.296249 -0.00404695 -0.224051 -0.173089 0.959075
1305031455.473168 -0.39409 0.39048 -0.302612 -0.0102221 -0.220431 -0.163862 0.961486
1305031455.509397 -0.407441 0.395797 -0.310311 -0.0141072 -0.215845 -0.15327 0.96422
1305031455.540835 -0.424626 0.39472 -0.319534 -0.0200946 -0.210836 -0.140383 0.96718
1305031455.572996 -0.443 0.397456 -0.330329 -0.0221875 -0.209167 -0.126708 0.969382
1305031455.608802 -0.458108 0.40319 -0.340822 -0.0238113 -0.209116 -0.112353 0.971123
1305031455.641333 -0.476118 0.400015 -0.350093 -0.0299924 -0.205957 -0.0993185 0.973046
1305031455.672887 -0.494296 0.396998 -0.361558 -0.0285007 -0.202163 -0.0930085 0.974509
1305031455.707680 -0.510777 0.398419 -0.37339 -0.0243461 -0.199327 -0.0938226 0.975127
1305031455.742005 -0.52704 0.396207 -0.384812 -0.0224318 -0.195139 -0.0988189 0.975527
1305031455.773667 -0.543101 0.394784 -0.396696 -0.0207687 -0.188625 -0.102066 0.97651
1305031455.809109 -0.560035 0.386614 -0.409312 -0.0207306 -0.182121 -0.101117 0.977843
1305031455.838364 -0.575804 0.385575 -0.423496 -0.0174194 -0.177556 -0.100739 0.978786
1305031455.872220 -0.588956 0.38132 -0.435536 -0.0174484 -0.17521 -0.101905 0.979087
1305031455.908418 -0.601259 0.377864 -0.447256 -0.0173017 -0.17193 -0.102287 0.979632
1305031455.939606 -0.614284 0.372261 -0.45816 -0.0186136 -0.167455 -0.102882 0.98032
1305031455.973594 -0.625534 0.372081 -0.468772 -0.0171394 -0.163299 -0.105235 0.980798
1305031456.008998 -0.636458 0.370767 -0.477599 -0.0184797 -0.158139 -0.108076 0.98131
1305031456.041930 -0.64621 0.374597 -0.486015 -0.0212041 -0.151698 -0.11275 0.981746
1305031456.073846 -0.6609 0.368041 -0.492868 -0.0312583 -0.144537 -0.120136 0.981682
1305031456.108963 -0.674855 0.358109 -0.498338 -0.0384773 -0.139102 -0.125517 0.981537
1305031456.140836 -0.687733 0.35221 -0.503639 -0.0402675 -0.133695 -0.126915 0.982037
1305031456.173198 -0.698339 0.342618 -0.507036 -0.0423817 -0.127963 -0.127791 0.982598
1305031456.208934 -0.709476 0.334388 -0.510221 -0.03835 -0.119757 -0.12597 0.984032
1305031456.240996 -0.717848 0.34065 -0.514338 -0.0317367 -0.109636 -0.123416 0.985769
1305031456.277928 -0.728746 0.333501 -0.514082 -0.0333654 -0.0980347 -0.121031 0.987232
1305031456.310040 -0.74199 0.324671 -0.513459 -0.0320376 -0.0861047 -0.116396 0.988945
1305031456.341659 -0.753461 0.319734 -0.512015 -0.0275587 -0.0751157 -0.109865 0.990721
1305031456.377115 -0.763401 0.327963 -0.512059 -0.0198102 -0.0629924 -0.104554 0.992324
1305031456.409172 -0.778187 0.317008 -0.50627 -0.0213881 -0.0490472 -0.100238 0.993524
1305031456.440717 -0.793496 0.319774 -0.501736 -0.01339 -0.037299 -0.0935134 0.994829
1305031456.476027 -0.808914 0.331673 -0.497634 -0.00974675 -0.0307034 -0.0868902 0.995697
1305031456.508911 -0.825159 0.332877 -0.489679 -0.0158992 -0.0288182 -0.0810292 0.996168
1305031456.541832 -0.839994 0.332498 -0.481031 -0.0221235 -0.0287519 -0.0755053 0.996485
1305031456.576087 -0.854262 0.324391 -0.470758 -0.0272946 -0.0269775 -0.0706935 0.99676
1305031456.607930 -0.863684 0.336734 -0.463097 -0.0235565 -0.0231907 -0.0645985 0.997364
1305031456.640699 -0.875008 0.34734 -0.454236 -0.0332249 -0.0169801 -0.0586438 0.997581
1305031456.675835 -0.894666 0.332617 -0.440754 -0.0489676 -0.0081172 -0.0524475 0.997389
1305031456.709099 -0.90969 0.334296 -0.43133 -0.0470927 -0.00310742 -0.0421001 0.997998
1305031456.740863 -0.926014 0.348149 -0.423155 -0.0480242 -4.0868e-05 -0.0322997 0.998324
1305031456.777218 -0.942848 0.335212 -0.411252 -0.0584246 -0.00158711 -0.023928 0.998004
1305031456.808986 -0.955373 0.339213 -0.400945 -0.0532036 -0.00816701 -0.0163659 0.998416
1305031456.841050 -0.964327 0.355759 -0.390928 -0.0503472 -0.0114987 -0.0087629 0.998627
1305031456.878006 -0.975888 0.354635 -0.378945 -0.0579519 -0.00939616 -0.00165031 0.998274
1305031456.909883 -0.986696 0.349829 -0.367603 -0.0617915 -0.00589528 0.00328944 0.998066
1305031456.942298 -0.998368 0.355818 -0.359074 -0.055982 8.64388e-05 0.00890894 0.998392
1305031456.977139 -1.01159 0.368487 -0.353329 -0.0546657 0.00672305 0.01304 0.998397
1305031457.006193 -1.02509 0.365925 -0.344282 -0.0635839 0.0127122 0.0156282 0.997773
1305031457.042512 -1.03819 0.366453 -0.338808 -0.065413 0.0180654 0.0198037 0.997498
1305031457.076011 -1.05096 0.374756 -0.336542 -0.0670651 0.0238888 0.0248342 0.997153
1305031457.108053 -1.06321 0.37101 -0.333191 -0.077212 0.0301047 0.0294727 0.996124
1305031457.142120 -1.0747 0.363146 -0.331188 -0.0824162 0.0368035 0.0346261 0.995316
1305031457.177463 -1.08701 0.362214 -0.333018 -0.0810451 0.044272 0.0409498 0.994884
1305031457.209336 -1.10019 0.364778 -0.336951 -0.0793637 0.051942 0.0461275 0.994422
1305031457.240792 -1.1154 0.36057 -0.340216 -0.0837308 0.0600001 0.0522654 0.993306
1305031457.277247 -1.12752 0.348357 -0.343574 -0.0846323 0.0670502 0.059068 0.992397
1305031457.309693 -1.14236 0.350397 -0.351668 -0.0753819 0.0761184 0.0641028 0.992177
1305031457.342954 -1.15737 0.353529 -0.360152 -0.0710842 0.086574 0.0682379 0.99136
1305031457.376037 -1.17225 0.346126 -0.36705 -0.0726034 0.0980484 0.0735449 0.989801
1305031457.407980 -1.18838 0.341081 -0.375012 -0.0670911 0.109893 0.0812411 0.988343
1305031457.441357 -1.20729 0.340157 -0.384321 -0.063075 0.119049 0.0881817 0.986951
1305031457.476577 -1.22457 0.3333 -0.39247 -0.063362 0.123272 0.0937008 0.985905
1305031457.508603 -1.23893 0.323476 -0.400867 -0.0635617 0.125466 0.0976684 0.98523
1305031457.543946 -1.25244 0.316438 -0.410201 -0.0600006 0.128985 0.100516 0.984713
1305031457.576581 -1.2676 0.311929 -0.419103 -0.0560341 0.13456 0.104046 0.983833
1305031457.607246 -1.28661 0.309702 -0.426699 -0.0522593 0.14042 0.107212 0.982882
1305031457.643534 -1.30127 0.300097 -0.432552 -0.0525096 0.143119 0.110614 0.982102
1305031457.675414 -1.31892 0.301404 -0.43916 -0.0475105 0.146488 0.11456 0.981407
1305031457.707739 -1.33397 0.294754 -0.444116 -0.0525734 0.147422 0.117514 0.98066
1305031457.745071 -1.34623 0.277104 -0.446967 -0.0569761 0.14891 0.117127 0.980235
1305031457.773518 -1.3609 0.265284 -0.45144 -0.0550202 0.151892 0.115818 0.980045
1305031457.807824 -1.37059 0.247994 -0.456305 -0.0503202 0.156117 0.114855 0.979747
1305031457.842853 -1.38686 0.249173 -0.463377 -0.038323 0.164923 0.114172 0.978926
1305031457.875920 -1.4018 0.239449 -0.466673 -0.0363337 0.173881 0.114151 0.977453
1305031457.906126 -1.41589 0.219797 -0.466985 -0.0318363 0.182085 0.1146 0.976063
1305031457.942604 -1.43595 0.216155 -0.468463 -0.0177224 0.188381 0.117372 0.974896
1305031457.976744 -1.45853 0.205608 -0.466446 -0.00825456 0.19191 0.121866 0.973782
1305031458.009019 -1.47036 0.194017 -0.463464 -0.0022866 0.194823 0.122407 0.973168
1305031458.046303 -1.48477 0.193487 -0.461299 0.00777137 0.199522 0.122816 0.972135
1305031458.077315 -1.50184 0.194313 -0.454074 0.0133848 0.205755 0.124311 0.970584
1305031458.108896 -1.5171 0.188485 -0.44379 0.0130232 0.211179 0.125793 0.969232
1305031458.144808 -1.53239 0.178184 -0.43139 0.0122262 0.215692 0.126893 0.968104
1305031458.178039 -1.5509 0.176472 -0.417744 0.0141706 0.218826 0.129762 0.966993
1305031458.209384 -1.56799 0.172922 -0.402135 0.0111764 0.21938 0.132841 0.966489
1305031458.245729 -1.58039 0.153409 -0.38508 0.00368156 0.218351 0.133034 0.966753
1305031458.277447 -1.59387 0.140192 -0.371683 0.00521993 0.215896 0.131482 0.967509
1305031458.308343 -1.60931 0.135404 -0.354227 0.0105892 0.212989 0.132033 0.968035
1305031458.343898 -1.61918 0.121999 -0.336474 0.0138016 0.209176 0.132791 0.968722
1305031458.376213 -1.62787 0.117596 -0.321974 0.0233054 0.205836 0.133559 0.969149
1305031458.407856 -1.63616 0.117716 -0.304886 0.0345085 0.205317 0.138231 0.96827
1305031458.443957 -1.63933 0.11484 -0.288283 0.0453888 0.207644 0.143975 0.966486
1305031458.476034 -1.64289 0.10926 -0.272954 0.0607753 0.215936 0.144396 0.963757
1305031458.508869 -1.64738 0.119144 -0.254047 0.0825023 0.225994 0.142653 0.960089
1305031458.544401 -1.65558 0.131144 -0.230864 0.0984983 0.236902 0.139233 0.956447
1305031458.576178 -1.66402 0.134068 -0.208367 0.10751 0.246032 0.133937 0.953924
1305031458.608421 -1.67356 0.152276 -0.180882 0.117149 0.251189 0.127688 0.9523
1305031458.643659 -1.68167 0.163422 -0.153542 0.118108 0.25123 0.12538 0.952478
1305031458.676991 -1.68611 0.164686 -0.128628 0.112597 0.243721 0.123316 0.955361
1305031458.707780 -1.68139 0.160964 -0.108325 0.107446 0.22944 0.116548 0.960328
1305031458.744924 -1.68313 0.160397 -0.0927548 0.108033 0.216612 0.106347 0.964416
1305031458.773802 -1.68036 0.167424 -0.0784783 0.110778 0.200279 0.0963482 0.968676
1305031458.810621 -1.67559 0.170973 -0.0634249 0.107321 0.187693 0.090331 0.972159
1305031458.842919 -1.66689 0.164105 -0.052154 0.103134 0.17941 0.0878277 0.974403
1305031458.875889 -1.6652 0.162548 -0.0455085 0.105545 0.177949 0.0821313 0.97491
1305031458.910599 -1.66966 0.167656 -0.036386 0.108778 0.182343 0.0802714 0.973897
1305031458.943997 -1.67413 0.166096 -0.0262935 0.105587 0.188132 0.0904415 0.972254
1305031458.976007 -1.68145 0.147864 -0.0155379 0.100157 0.194327 0.0994107 0.970733
1305031459.012560 -1.69783 0.134231 -0.00492983 0.103729 0.198449 0.100446 0.969417
1305031459.044413 -1.71608 0.123347 0.00683959 0.112812 0.195891 0.105315 0.968405
1305031459.073657 -1.7377 0.108579 0.0220618 0.122271 0.187812 0.115096 0.967744
1305031459.112711 -1.76045 0.0961332 0.034925 0.134421 0.170498 0.122707 0.968403
1305031459.144497 -1.77602 0.0902447 0.0541926 0.146043 0.148357 0.124192 0.970174
1305031459.176463 -1.78989 0.085283 0.0640585 0.153117 0.128237 0.12697 0.971591
1305031459.208791 -1.79816 0.0823786 0.0774694 0.157805 0.11368 0.135051 0.971563
1305031459.244159 -1.79955 0.0842214 0.0930324 0.160317 0.105283 0.143824 0.970839
1305031459.274941 -1.80167 0.0897682 0.103353 0.160048 0.108196 0.152656 0.969213
1305031459.311921 -1.80496 0.0915174 0.114762 0.158586 0.122687 0.167455 0.965276
1305031459.344169 -1.8122 0.0949831 0.124895 0.161139 0.143514 0.185462 0.958667
1305031459.374084 -1.82267 0.110393 0.13472 0.165068 0.166834 0.206637 0.949853
1305031459.408831 -1.82528 0.124291 0.146951 0.161735 0.192945 0.235461 0.938708
1305031459.443181 -1.83254 0.127882 0.145358 0.155608 0.223482 0.273641 0.922476
1305031459.473401 -1.84553 0.139821 0.149848 0.155415 0.24806 0.306693 0.905678
1305031459.510267 -1.85549 0.146807 0.15841 0.148715 0.264954 0.336072 0.891482
1305031459.544431 -1.86654 0.142026 0.165629 0.139949 0.280912 0.364014 0.876925
1305031459.576817 -1.88352 0.140954 0.174284 0.138562 0.291817 0.382978 0.865431
1305031459.611939 -1.89534 0.140807 0.180774 0.137319 0.295345 0.396113 0.858492
1305031459.643453 -1.9071 0.141023 0.187964 0.136958 0.300852 0.399198 0.855202
1305031459.675678 -1.92187 0.137632 0.196493 0.134063 0.310403 0.401841 0.851
1305031459.711531 -1.93361 0.123156 0.200585 0.126497 0.319304 0.406952 0.846424
1305031459.743425 -1.94617 0.108888 0.203236 0.12245 0.326651 0.407984 0.843715
1305031459.776577 -1.96215 0.0941376 0.20846 0.121562 0.333094 0.405373 0.842582
1305031459.812562 -1.977 0.0812446 0.215698 0.121044 0.335905 0.402689 0.842827
1305031459.844736 -1.99208 0.0675515 0.223687 0.117943 0.336635 0.401218 0.843677
1305031459.877006 -2.00253 0.0527472 0.232311 0.113465 0.334158 0.402975 0.844438
1305031459.911472 -2.01047 0.0375377 0.23964 0.110599 0.331325 0.406145 0.844416
1305031459.943616 -2.0198 0.0242111 0.248475 0.109851 0.329832 0.408865 0.843785
1305031459.979430 -2.02755 0.0103576 0.256197 0.107504 0.328559 0.412632 0.84275
1305031460.011909 -2.03264 -0.0050039 0.262438 0.104691 0.327904 0.416779 0.841317
1305031460.043717 -2.03954 -0.0211385 0.268636 0.103703 0.32868 0.419576 0.839745
1305031460.079449 -2.0476 -0.0384718 0.276844 0.105234 0.327238 0.424175 0.837804
1305031460.111951 -2.05149 -0.0546475 0.286264 0.109754 0.321247 0.431901 0.835593
1305031460.144204 -2.05534 -0.0672008 0.292911 0.11639 0.313116 0.439458 0.83384
1305031460.178730 -2.05901 -0.0784797 0.304863 0.120704 0.306816 0.445631 0.832291
1305031460.208637 -2.0549 -0.0878566 0.30854 0.12028 0.302201 0.450279 0.831539
1305031460.243467 -2.0519 -0.0983384 0.310603 0.120058 0.305079 0.452064 0.829549
1305031460.279164 -2.05163 -0.108566 0.314202 0.120115 0.312822 0.451628 0.82689
1305031460.311712 -2.04994 -0.118964 0.317851 0.119725 0.320752 0.451921 0.823743
1305031460.342879 -2.05027 -0.128898 0.324242 0.119455 0.329614 0.453358 0.819482
1305031460.377806 -2.04906 -0.137676 0.330537 0.117084 0.33873 0.455919 0.814672
1305031460.409883 -2.04604 -0.148549 0.334683 0.114011 0.347922 0.460272 0.808766
1305031460.444036 -2.04362 -0.155928 0.340658 0.112221 0.358542 0.463823 0.802323
1305031460.479856 -2.04398 -0.16379 0.346682 0.108037 0.370771 0.468712 0.794459
1305031460.508966 -2.04154 -0.173152 0.350739 0.101379 0.381023 0.476879 0.785577
1305031460.544245 -2.03876 -0.184621 0.354833 0.0942247 0.390044 0.484134 0.777561
1305031460.579561 -2.03771 -0.194966 0.358564 0.0885613 0.398766 0.486977 0.772008
1305031460.612190 -2.0364 -0.205245 0.363189 0.0849836 0.406812 0.489103 0.76685
1305031460.644011 -2.03717 -0.216201 0.369264 0.0821674 0.415177 0.489714 0.762271
1305031460.679350 -2.03927 -0.227159 0.377863 0.0794553 0.422023 0.489887 0.758679
1305031460.711684 -2.0392 -0.236549 0.385929 0.0756001 0.425582 0.490681 0.756569
1305031460.743767 -2.03737 -0.247396 0.392831 0.0709133 0.429448 0.490477 0.754969
1305031460.779201 -2.03736 -0.259376 0.401655 0.0672885 0.434763 0.489731 0.752739
1305031460.811318 -2.03671 -0.267976 0.411501 0.0637367 0.438125 0.487985 0.752233
1305031460.843836 -2.03429 -0.276975 0.419919 0.0575824 0.441117 0.486314 0.752063
1305031460.879093 -2.03127 -0.288953 0.428959 0.049489 0.445824 0.484799 0.750841
1305031460.911313 -2.02756 -0.300539 0.437868 0.0426414 0.449134 0.484358 0.749571
1305031460.943375 -2.02085 -0.311329 0.444159 0.0378738 0.449791 0.486209 0.748234
1305031460.979083 -2.01339 -0.323747 0.448854 0.0355339 0.451483 0.487648 0.746391
1305031461.011290 -2.00751 -0.33526 0.455168 0.036052 0.454497 0.488241 0.744146
1305031461.043398 -2.00295 -0.345698 0.462392 0.0380823 0.456757 0.488448 0.742524
1305031461.079602 -1.99825 -0.353126 0.471037 0.0388014 0.456919 0.487974 0.742699
1305031461.111961 -1.98974 -0.361397 0.475511 0.0362846 0.455397 0.487691 0.743945
1305031461.144098 -1.98037 -0.373749 0.480143 0.0343186 0.456203 0.48684 0.744102
1305031461.179883 -1.97431 -0.380463 0.485762 0.0361512 0.457583 0.483525 0.745329
1305031461.211180 -1.96905 -0.386261 0.491378 0.036892 0.45921 0.480463 0.746271
1305031461.246864 -1.96264 -0.393635 0.496859 0.0369529 0.460593 0.478132 0.746912
1305031461.278888 -1.95692 -0.397791 0.501651 0.0379686 0.461529 0.473339 0.749333
1305031461.311240 -1.951 -0.398969 0.507097 0.0391558 0.463451 0.468079 0.751387
1305031461.346875 -1.94889 -0.398374 0.515846 0.0378476 0.467747 0.463125 0.751862
1305031461.378850 -1.93887 -0.402717 0.520597 0.0307861 0.468312 0.463324 0.751709
1305031461.411130 -1.92937 -0.407114 0.522767 0.026048 0.467786 0.463844 0.751895
1305031461.447015 -1.92452 -0.406618 0.526651 0.0244882 0.467969 0.463875 0.751814
1305031461.478901 -1.91349 -0.411297 0.526174 0.0193927 0.466727 0.466564 0.751071
1305031461.512120 -1.90747 -0.414213 0.525511 0.019922 0.467571 0.466419 0.750622
1305031461.547338 -1.90321 -0.410925 0.521613 0.0215077 0.468281 0.463229 0.75211
1305031461.578847 -1.9003 -0.409237 0.519315 0.0200112 0.473129 0.459437 0.751443
1305031461.609662 -1.89804 -0.406111 0.517523 0.0180157 0.479188 0.457515 0.748822
1305031461.646970 -1.89507 -0.401852 0.51473 0.0154898 0.48351 0.457458 0.74613
1305031461.676203 -1.89384 -0.395303 0.51231 0.0147493 0.486126 0.459897 0.742939
1305031461.711212 -1.88967 -0.38932 0.508395 0.0133172 0.486184 0.465573 0.739385
1305031461.746919 -1.88957 -0.380631 0.503201 0.01301 0.48659 0.469064 0.736912
1305031461.778616 -1.89002 -0.369754 0.499053 0.0121338 0.487784 0.471985 0.734268
1305031461.811319 -1.88944 -0.3599 0.493521 0.00994072 0.489705 0.475971 0.730439
1305031461.847090 -1.89326 -0.3462 0.490763 0.0109386 0.493516 0.480207 0.725068
1305031461.879162 -1.89815 -0.333241 0.492316 0.0103858 0.496686 0.487955 0.717701
1305031461.911121 -1.90071 -0.31907 0.488764 0.00914129 0.494322 0.498749 0.711907
1305031461.947264 -1.902 -0.30383 0.478735 0.00650773 0.491931 0.505795 0.708613
1305031461.979223 -1.91176 -0.29196 0.481822 0.00247445 0.498608 0.508621 0.701917
1305031462.011791 -1.91486 -0.286078 0.485219 -0.00567966 0.500723 0.517773 0.693654
1305031462.047463 -1.91724 -0.278129 0.484749 -0.00944394 0.496117 0.530467 0.687301
1305031462.079285 -1.92143 -0.266191 0.481977 -0.00780157 0.488918 0.542178 0.683331
1305031462.112081 -1.92637 -0.256057 0.479726 -0.00804224 0.483413 0.551534 0.679748
1305031462.147634 -1.93106 -0.249537 0.479077 -0.0104159 0.480336 0.558973 0.675809
1305031462.179358 -1.93713 -0.240889 0.477686 -0.0126439 0.478146 0.561843 0.674943
1305031462.212836 -1.94369 -0.234968 0.479058 -0.0180911 0.477877 0.562318 0.674615
1305031462.248986 -1.94993 -0.229611 0.481494 -0.0246454 0.477225 0.562351 0.674841
1305031462.280774 -1.95646 -0.223796 0.48388 -0.0315137 0.475092 0.560868 0.67729
1305031462.311931 -1.9637 -0.216052 0.484766 -0.0379161 0.47178 0.557887 0.681724
1305031462.347816 -1.97241 -0.210144 0.489805 -0.0456168 0.471241 0.553493 0.685198
1305031462.379950 -1.9817 -0.203018 0.495657 -0.0534545 0.468741 0.549142 0.689831
1305031462.413016 -1.98996 -0.197271 0.500833 -0.0622541 0.463752 0.546726 0.694369
1305031462.448295 -1.9993 -0.190067 0.505088 -0.0695912 0.457172 0.54372 0.700371
1305031462.480843 -2.00831 -0.183717 0.506775 -0.0780481 0.448899 0.54153 0.706501
1305031462.517041 -2.01571 -0.179497 0.508213 -0.0858503 0.441013 0.540029 0.711692
1305031462.548959 -2.02257 -0.174916 0.504836 -0.091126 0.431331 0.537009 0.719216
1305031462.581088 -2.02946 -0.170921 0.501087 -0.0959911 0.425468 0.530986 0.72651
1305031462.617123 -2.03811 -0.166213 0.496765 -0.0996735 0.421944 0.522638 0.734084
1305031462.648708 -2.04521 -0.161862 0.492042 -0.102576 0.419886 0.513814 0.741059
1305031462.680788 -2.05433 -0.158836 0.487898 -0.103149 0.418966 0.504646 0.74777
1305031462.716812 -2.06488 -0.154348 0.48271 -0.103861 0.414693 0.494502 0.756777
1305031462.748732 -2.07479 -0.145205 0.474243 -0.103718 0.407056 0.484374 0.767418
1305031462.780885 -2.08387 -0.137364 0.465783 -0.104387 0.401289 0.476619 0.775181
1305031462.816821 -2.09369 -0.128979 0.456428 -0.10568 0.395973 0.470817 0.781261
1305031462.848525 -2.10266 -0.115192 0.446154 -0.106576 0.390811 0.464768 0.787336
1305031462.880471 -2.10872 -0.102883 0.432238 -0.106834 0.387942 0.461333 0.790733
1305031462.916800 -2.11355 -0.0937838 0.418331 -0.107066 0.386503 0.459322 0.792575
1305031462.947939 -2.11771 -0.0858019 0.40504 -0.10606 0.384146 0.457692 0.794796
1305031462.979943 -2.11984 -0.0766629 0.391289 -0.10245 0.380715 0.454088 0.798977
1305031463.016121 -2.12098 -0.0712006 0.375972 -0.0986475 0.377179 0.449246 0.803855
1305031463.050783 -2.12623 -0.0629362 0.360699 -0.0937462 0.372784 0.441043 0.811003
1305031463.076870 -2.1314 -0.0511627 0.346663 -0.0906045 0.368208 0.431433 0.818584
1305031463.116806 -2.13108 -0.0451447 0.331365 -0.0890791 0.36527 0.423985 0.823942
1305031463.148565 -2.1344 -0.0368324 0.315669 -0.085207 0.363666 0.413713 0.830258
1305031463.180505 -2.13909 -0.0262305 0.300814 -0.0831003 0.362209 0.404449 0.835656
1305031463.217123 -2.13641 -0.0180688 0.28758 -0.0845168 0.359211 0.399339 0.839257
1305031463.248719 -2.13239 -0.0108199 0.272775 -0.0812277 0.357753 0.395444 0.842044
1305031463.278737 -2.13275 -0.00118011 0.258889 -0.0782335 0.357278 0.388535 0.845738
1305031463.317110 -2.12881 0.0107212 0.245914 -0.076355 0.353132 0.383909 0.849754
1305031463.348740 -2.12278 0.0180077 0.233578 -0.0721542 0.348922 0.38141 0.852979
1305031463.380514 -2.12012 0.0289928 0.220746 -0.0667925 0.344872 0.376574 0.857201
1305031463.416326 -2.11504 0.0423782 0.208296 -0.0641551 0.340512 0.371799 0.861221
1305031463.444773 -2.10837 0.0541783 0.195409 -0.0630103 0.338383 0.368769 0.863444
1305031463.480415 -2.09973 0.0660996 0.181619 -0.0627168 0.33705 0.36658 0.864918
1305031463.516994 -2.08882 0.0744474 0.168387 -0.0638391 0.338673 0.364427 0.865112
1305031463.548505 -2.08293 0.0807799 0.154585 -0.06212 0.342007 0.363447 0.864337
1305031463.580684 -2.07639 0.0891202 0.141226 -0.0602756 0.340874 0.363915 0.864718
1305031463.616671 -2.0618 0.0925499 0.124177 -0.061322 0.336498 0.364237 0.866222
1305031463.646147 -2.0502 0.0961179 0.106164 -0.0570953 0.336002 0.362153 0.867576
1305031463.683908 -2.04462 0.105319 0.0899768 -0.0497062 0.336851 0.358233 0.869327
1305031463.716110 -2.02988 0.109385 0.0689221 -0.0506509 0.332965 0.355802 0.871765
1305031463.747849 -2.01302 0.106088 0.0468555 -0.0516062 0.332212 0.352447 0.873357
1305031463.783912 -2.00297 0.109328 0.0287256 -0.0463901 0.335171 0.344021 0.875876
1305031463.815883 -1.99067 0.110695 0.00851374 -0.0466605 0.334961 0.333695 0.879927
1305031463.848094 -1.97656 0.107185 -0.013454 -0.0485076 0.334813 0.324301 0.883389
1305031463.883817 -1.96646 0.107424 -0.0329885 -0.0457891 0.336184 0.315056 0.886354
1305031463.917433 -1.95693 0.105145 -0.0526853 -0.0450567 0.33566 0.307636 0.889192
1305031463.944435 -1.94559 0.100673 -0.071563 -0.0444611 0.332173 0.303012 0.892114
1305031463.983748 -1.93492 0.095013 -0.0913768 -0.042946 0.328432 0.296387 0.895792
1305031464.015867 -1.92721 0.0931931 -0.110867 -0.0404734 0.325295 0.288413 0.899646
1305031464.047778 -1.9172 0.0872047 -0.130584 -0.0413285 0.322772 0.280414 0.903038
1305031464.083152 -1.90859 0.0799943 -0.149491 -0.0407924 0.323021 0.271217 0.905779
1305031464.115837 -1.90513 0.0739646 -0.165444 -0.0383485 0.323953 0.264261 0.907607
1305031464.147663 -1.89981 0.0661384 -0.180951 -0.0348443 0.321304 0.261544 0.909475
1305031464.183566 -1.8947 0.0561465 -0.196338 -0.027681 0.315982 0.258838 0.912355
1305031464.212447 -1.89527 0.0536735 -0.210035 -0.0159183 0.309236 0.2537 0.916382
1305031464.247602 -1.89641 0.0541633 -0.223422 -0.00563533 0.298474 0.250393 0.92097
1305031464.283694 -1.89291 0.0539909 -0.23544 0.000314356 0.283755 0.247233 0.926476
1305031464.315699 -1.88128 0.0535389 -0.253006 0.00296268 0.267446 0.24207 0.932666
1305031464.347553 -1.86861 0.0496116 -0.27046 0.00506657 0.254935 0.236333 0.937619
1305031464.383465 -1.85749 0.0499961 -0.289169 0.00952219 0.246816 0.228954 0.941579
1305031464.415539 -1.84815 0.0529613 -0.306908 0.012408 0.243441 0.218758 0.944843
1305031464.444269 -1.83845 0.0500973 -0.323097 0.0126104 0.241387 0.209383 0.947487
1305031464.487561 -1.82658 0.0500716 -0.341393 0.0147378 0.237705 0.202268 0.94993
1305031464.513688 -1.81814 0.0508557 -0.361248 0.0158853 0.236191 0.194705 0.951867
1305031464.548007 -1.80885 0.0504157 -0.378456 0.0144549 0.234575 0.185035 0.954216
1305031464.584260 -1.78468 0.0397563 -0.403705 0.0109427 0.231285 0.175271 0.956905
1305031464.615688 -1.76984 0.0328633 -0.426645 0.0147824 0.237628 0.164196 0.957264
1305031464.648851 -1.76049 0.0280309 -0.446985 0.0217376 0.24936 0.151552 0.956232
1305031464.684318 -1.75071 0.0137499 -0.466219 0.0279262 0.260339 0.135566 0.955545
1305031464.716305 -1.74634 0.00169644 -0.4754 0.0395732 0.270221 0.117206 0.954818
1305031464.748588 -1.74596 0.00375976 -0.483581 0.053417 0.273863 0.0969292 0.95538
1305031464.784268 -1.74302 -0.000137334 -0.485833 0.0601982 0.271972 0.0770966 0.957321
1305031464.816195 -1.74123 -0.00961567 -0.48465 0.0668526 0.264887 0.0616571 0.959981
1305031464.848283 -1.73657 -0.00894881 -0.486496 0.0748597 0.25043 0.0469958 0.964091
1305031464.884177 -1.72392 -0.004958 -0.486909 0.0758133 0.23377 0.0296643 0.968878
1305031464.916391 -1.70661 -0.0145534 -0.488257 0.0698621 0.219197 0.00965145 0.973128
1305031464.952471 -1.68638 -0.0259234 -0.489619 0.0671753 0.209088 -0.0102829 0.975533
1305031464.984257 -1.66465 -0.0305155 -0.490217 0.0695983 0.203627 -0.0291136 0.976137
1305031465.015390 -1.64922 -0.0275649 -0.481701 0.0728281 0.201997 -0.0504265 0.975372
1305031465.048430 -1.641 -0.017506 -0.466911 0.0773549 0.199323 -0.0708318 0.974305
1305031465.083338 -1.62682 0.00990871 -0.451671 0.0800706 0.189582 -0.0860358 0.974805
1305031465.115475 -1.60827 0.029685 -0.437631 0.0684044 0.175934 -0.0997758 0.976941
1305031465.151558 -1.5893 0.0358878 -0.421749 0.0502042 0.162952 -0.109037 0.979304
1305031465.183558 -1.56951 0.0407557 -0.405901 0.0356936 0.150777 -0.115051 0.981201
1305031465.215832 -1.55032 0.0534846 -0.393309 0.0248018 0.140276 -0.120292 0.982465
1305031465.251788 -1.53163 0.0614641 -0.378643 0.0132257 0.13062 -0.122083 0.983798
1305031465.283737 -1.51345 0.0690154 -0.366986 0.0068535 0.120965 -0.115265 0.985918
1305031465.315985 -1.49363 0.0842116 -0.356764 0.00367997 0.108607 -0.102552 0.988774
1305031465.351729 -1.47769 0.0902381 -0.34773 -0.00127715 0.0943543 -0.0897537 0.991484
1305031465.383701 -1.45399 0.0953773 -0.343157 -0.00151232 0.0760389 -0.0776501 0.994076
1305031465.416543 -1.42612 0.1045 -0.343174 0.00174342 0.0586189 -0.0673855 0.996002
1305031465.452401 -1.40226 0.118979 -0.344768 0.00645147 0.0452987 -0.0560872 0.997377
1305031465.483803 -1.38009 0.138189 -0.347929 0.00955856 0.0337859 -0.0449622 0.998371
1305031465.516043 -1.35885 0.143318 -0.349946 0.00654386 0.0234459 -0.0398988 0.998907
1305031465.551838 -1.33516 0.15183 -0.353875 0.0101963 0.0131063 -0.0343609 0.999272
1305031465.583570 -1.30911 0.167167 -0.36022 0.0175724 0.00443414 -0.0277756 0.99945
1305031465.615685 -1.28862 0.182808 -0.367601 0.0234984 -0.000701203 -0.0199154 0.999525
1305031465.651645 -1.26856 0.197296 -0.373733 0.0288208 -0.00888979 -0.01048 0.99949
1305031465.684759 -1.24038 0.213595 -0.380289 0.0352738 -0.0200096 -0.00268956 0.999174
1305031465.716279 -1.21553 0.230691 -0.386901 0.0427512 -0.026638 0.00381452 0.998723
1305031465.753153 -1.19311 0.251405 -0.392979 0.0518166 -0.0316503 0.0127792 0.998073
1305031465.784387 -1.16853 0.27183 -0.398756 0.0590633 -0.0371156 0.0197683 0.997368
1305031465.816591 -1.14535 0.287392 -0.40335 0.0662465 -0.0413249 0.0254298 0.996623
1305031465.852860 -1.11958 0.31129 -0.409219 0.0783767 -0.0454675 0.0308161 0.99541
1305031465.884370 -1.0924 0.339856 -0.413921 0.0870392 -0.0466108 0.0333387 0.994555
1305031465.912828 -1.06893 0.355529 -0.41688 0.0905229 -0.041765 0.0347634 0.994411
1305031465.952840 -1.04844 0.375232 -0.42183 0.100126 -0.0345917 0.0352315 0.993749
1305031465.984183 -1.03171 0.399245 -0.426873 0.109935 -0.0278224 0.0323759 0.993022
1305031466.016599 -1.0146 0.422921 -0.431779 0.116969 -0.0248404 0.0308641 0.992345
1305031466.052655 -0.99869 0.449919 -0.436419 0.120344 -0.0238856 0.0311555 0.991956
1305031466.083913 -0.985318 0.470899 -0.440269 0.117437 -0.0241821 0.0330631 0.992235
1305031466.116400 -0.971617 0.490041 -0.446059 0.113061 -0.0280766 0.0333613 0.992631
1305031466.152540 -0.959784 0.507084 -0.454643 0.107921 -0.0327958 0.0346852 0.993013
1305031466.184186 -0.949224 0.525503 -0.465154 0.102244 -0.0397531 0.0362401 0.993304
1305031466.220477 -0.93564 0.539529 -0.475661 0.0927103 -0.0489514 0.0341954 0.993901
1305031466.252491 -0.915653 0.544141 -0.486531 0.0846405 -0.0558945 0.0276895 0.994457
1305031466.284389 -0.897564 0.553274 -0.502255 0.084861 -0.0543713 0.0176102 0.994752
1305031466.320055 -0.88205 0.565833 -0.516376 0.086319 -0.0467465 0.00681232 0.995147
1305031466.352082 -0.868167 0.576816 -0.529834 0.0832848 -0.0377429 -0.000595501 0.995811
1305031466.384479 -0.856777 0.575006 -0.544148 0.0777314 -0.0316527 -0.00452608 0.996461
1305031466.420844 -0.846088 0.582405 -0.558519 0.0817541 -0.0306874 -0.00768254 0.99615
1305031466.452369 -0.829789 0.59728 -0.570444 0.0856638 -0.0357015 -0.0120579 0.995611
1305031466.483315 -0.809676 0.608065 -0.578371 0.0835792 -0.0418302 -0.0145997 0.995516
1305031466.519548 -0.786891 0.613409 -0.585298 0.0803506 -0.0441563 -0.0155055 0.995667
1305031466.552219 -0.766704 0.623778 -0.592439 0.0795966 -0.0415753 -0.0166699 0.99582
1305031466.584438 -0.745255 0.636905 -0.597355 0.0752225 -0.0417823 -0.0194117 0.996102
1305031466.620424 -0.721157 0.636649 -0.599544 0.0664701 -0.0423096 -0.0231387 0.996622
1305031466.648654 -0.704038 0.636932 -0.604581 0.0672413 -0.0383777 -0.0263355 0.99665
1305031466.684412 -0.682679 0.652177 -0.609799 0.0729463 -0.0391788 -0.0322965 0.996043
1305031466.719744 -0.660454 0.66007 -0.612864 0.0692636 -0.042839 -0.0423014 0.99578
1305031466.748734 -0.640146 0.65584 -0.615546 0.0656812 -0.0439884 -0.0510058 0.995565
1305031466.784300 -0.625115 0.66147 -0.620859 0.0712808 -0.0433408 -0.0570577 0.994879
1305031466.819502 -0.605383 0.672029 -0.625189 0.0735751 -0.0481094 -0.0612073 0.994246
1305031466.851527 -0.59118 0.672763 -0.628501 0.0701446 -0.0528666 -0.062001 0.994204
1305031466.883430 -0.578951 0.674244 -0.63196 0.0713663 -0.0612911 -0.0612589 0.993679
1305031466.919411 -0.561523 0.677805 -0.637366 0.0730937 -0.0754147 -0.0637839 0.992422
1305031466.952451 -0.544363 0.678939 -0.643429 0.0730886 -0.0873267 -0.0655983 0.991327
1305031466.984027 -0.52497 0.68063 -0.647794 0.0741279 -0.0949648 -0.0683248 0.990363
1305031467.020424 -0.507221 0.682141 -0.651479 0.0746999 -0.0999573 -0.0725944 0.989524
1305031467.052391 -0.489903 0.683222 -0.656256 0.0746646 -0.10364 -0.0766778 0.98884
1305031467.084130 -0.472947 0.68693 -0.658831 0.0742258 -0.105744 -0.0809778 0.988307
1305031467.120528 -0.459594 0.688227 -0.661415 0.0736003 -0.107474 -0.0894751 0.987434
1305031467.152363 -0.445851 0.688625 -0.664229 0.074543 -0.110255 -0.0982112 0.986226
1305031467.184216 -0.432096 0.690679 -0.666499 0.0761958 -0.114398 -0.103837 0.985051
1305031467.220466 -0.417922 0.692274 -0.669406 0.0770983 -0.120779 -0.109245 0.983633
1305031467.252275 -0.403787 0.692365 -0.672574 0.0781772 -0.126787 -0.114713 0.982168
1305031467.284258 -0.389684 0.693821 -0.675649 0.080436 -0.132221 -0.120803 0.980538
1305031467.318028 -0.374742 0.697215 -0.67889 0.0826014 -0.13806 -0.126587 0.978822
1305031467.349355 -0.359685 0.703176 -0.682255 0.0826374 -0.144453 -0.129647 0.977495
1305031467.383844 -0.344202 0.706779 -0.684677 0.0786357 -0.15186 -0.1339 0.976128
1305031467.420160 -0.329705 0.706717 -0.687515 0.0751388 -0.158446 -0.138461 0.974719
1305031467.452057 -0.316503 0.70678 -0.692818 0.0742281 -0.16436 -0.140698 0.973489
1305031467.484357 -0.299169 0.71151 -0.698574 0.0725294 -0.171724 -0.144569 0.971777
1305031467.520535 -0.283016 0.715195 -0.700213 0.0685721 -0.176853 -0.151238 0.970128
1305031467.552164 -0.269242 0.711388 -0.70221 0.0657399 -0.178683 -0.155367 0.969336
1305031467.584354 -0.255007 0.710563 -0.703687 0.0657886 -0.180325 -0.15525 0.969047
1305031467.618680 -0.242915 0.706223 -0.702918 0.0656537 -0.18403 -0.153557 0.968629
1305031467.651977 -0.231383 0.698338 -0.702813 0.0691738 -0.189527 -0.151521 0.967645
1305031467.686044 -0.217554 0.696134 -0.702237 0.0741501 -0.194281 -0.151576 0.966324
1305031467.718326 -0.20485 0.689842 -0.696016 0.0776883 -0.197704 -0.155782 0.964681
1305031467.752580 -0.19508 0.680087 -0.690911 0.0822764 -0.200001 -0.159181 0.963271
1305031467.788562 -0.185257 0.673265 -0.684403 0.0871772 -0.203057 -0.162094 0.961714
1305031467.820454 -0.176203 0.662807 -0.675169 0.0906919 -0.206231 -0.163703 0.96044
1305031467.852678 -0.170264 0.651123 -0.664679 0.0962038 -0.210227 -0.161929 0.959338
1305031467.888472 -0.162055 0.644514 -0.65252 0.102646 -0.21763 -0.160821 0.957203
1305031467.920800 -0.152849 0.635325 -0.638087 0.106459 -0.226494 -0.163373 0.954294
1305031467.952485 -0.147307 0.620567 -0.624144 0.110271 -0.232679 -0.165102 0.952073
1305031467.988523 -0.137027 0.614893 -0.608954 0.116257 -0.237136 -0.167061 0.949916
1305031468.020491 -0.12811 0.603273 -0.591104 0.115796 -0.23989 -0.170443 0.94868
1305031468.052668 -0.126237 0.585822 -0.577418 0.116765 -0.241062 -0.172962 0.947808
1305031468.088379 -0.119742 0.576221 -0.56281 0.120768 -0.244907 -0.174869 0.945968
1305031468.120522 -0.112885 0.561758 -0.546332 0.11963 -0.248672 -0.176671 0.944796
1305031468.152356 -0.107433 0.544777 -0.531656 0.119218 -0.251207 -0.179136 0.943712
1305031468.188327 -0.0998315 0.530835 -0.516319 0.119689 -0.25333 -0.182701 0.9424
1305031468.220648 -0.0940936 0.511578 -0.501906 0.116941 -0.253905 -0.184185 0.942302
1305031468.252517 -0.0863725 0.491899 -0.48783 0.115064 -0.253936 -0.183435 0.942671
1305031468.288361 -0.0796279 0.472425 -0.475348 0.113273 -0.253027 -0.183493 0.943121
1305031468.320522 -0.0752764 0.447342 -0.464793 0.11112 -0.251467 -0.182766 0.943935
1305031468.352594 -0.0704634 0.430134 -0.45902 0.113261 -0.248597 -0.179191 0.945125
1305031468.384700 -0.063981 0.416679 -0.450506 0.113026 -0.247739 -0.177232 0.945748
1305031468.420595 -0.0606118 0.394651 -0.444406 0.107298 -0.247361 -0.177631 0.946439
1305031468.452605 -0.0573167 0.374241 -0.438857 0.104277 -0.247589 -0.176145 0.946995
1305031468.488646 -0.0520835 0.355295 -0.432963 0.101319 -0.247809 -0.175725 0.947336
1305031468.520786 -0.0513826 0.331315 -0.42869 0.0980823 -0.246104 -0.180141 0.947292
1305031468.552701 -0.0536359 0.309251 -0.427539 0.10083 -0.244776 -0.187371 0.945944
1305031468.588614 -0.0552602 0.29758 -0.426857 0.106085 -0.244786 -0.193762 0.944077
1305031468.620590 -0.0583922 0.280856 -0.424242 0.101851 -0.245699 -0.196796 0.943679
1305031468.656644 -0.0659469 0.256525 -0.423996 0.0961121 -0.24751 -0.19858 0.943434
1305031468.688643 -0.0730604 0.235283 -0.423195 0.0970771 -0.252564 -0.201323 0.941412
1305031468.720560 -0.079277 0.218409 -0.422681 0.100597 -0.25793 -0.203284 0.939163
1305031468.756725 -0.0849256 0.201885 -0.420617 0.101617 -0.262698 -0.203955 0.937585
1305031468.788562 -0.0909341 0.182464 -0.419095 0.102846 -0.265504 -0.206975 0.935998
1305031468.817997 -0.0987099 0.166655 -0.418904 0.109561 -0.266399 -0.213053 0.933615
1305031468.854887 -0.0993414 0.158442 -0.414953 0.115037 -0.267729 -0.217365 0.931579
1305031468.889220 -0.102195 0.146944 -0.410093 0.113925 -0.264906 -0.220887 0.931695
1305031468.920539 -0.106961 0.137009 -0.406994 0.110661 -0.259276 -0.220214 0.933829
1305031468.956482 -0.10977 0.133294 -0.404199 0.106126 -0.253753 -0.216534 0.936728
1305031468.986011 -0.108483 0.139015 -0.397341 0.0981726 -0.251136 -0.217331 0.938115
1305031469.020731 -0.115268 0.130276 -0.390855 0.0798251 -0.247726 -0.224408 0.939096
1305031469.056318 -0.123904 0.121255 -0.38626 0.0643848 -0.24423 -0.231211 0.939547
1305031469.088069 -0.125247 0.11719 -0.376074 0.053937 -0.243994 -0.240274 0.93799
1305031469.119984 -0.126926 0.108488 -0.364488 0.0419938 -0.239623 -0.25202 0.936645
1305031469.155046 -0.131211 0.100834 -0.353874 0.0313295 -0.231148 -0.260846 0.936775
1305031469.184648 -0.136621 0.0925943 -0.343919 0.0222377 -0.221579 -0.26703 0.937605
1305031469.219541 -0.143361 0.0896851 -0.334776 0.0171074 -0.213293 -0.270414 0.938664
1305031469.256002 -0.14707 0.0882048 -0.324011 0.0128954 -0.209763 -0.273859 0.938528
1305031469.288263 -0.151611 0.0865367 -0.312301 0.00814322 -0.20543 -0.27713 0.938579
1305031469.319772 -0.155313 0.0879458 -0.300516 0.00364005 -0.201402 -0.278777 0.938993
1305031469.356116 -0.154991 0.0851328 -0.287133 -0.00311075 -0.198375 -0.282474 0.938534
1305031469.388556 -0.157667 0.0814634 -0.273424 -0.00709358 -0.189033 -0.287968 0.938771
1305031469.420278 -0.160775 0.0867735 -0.261 -0.00535282 -0.17668 -0.293111 0.939596
1305031469.456563 -0.164754 0.0927383 -0.248233 -0.00453015 -0.165858 -0.299403 0.93959
1305031469.488520 -0.171999 0.0997022 -0.233821 -0.00454633 -0.158055 -0.303822 0.939516
1305031469.520417 -0.17437 0.106996 -0.220049 -0.00670713 -0.156968 -0.304405 0.939496
1305031469.556139 -0.175046 0.114011 -0.206597 -0.0120136 -0.158145 -0.304845 0.939103
1305031469.588500 -0.176066 0.122597 -0.193048 -0.0190927 -0.158616 -0.304228 0.939107
1305031469.620563 -0.177478 0.131956 -0.17904 -0.0273545 -0.157639 -0.304357 0.939025
1305031469.656279 -0.181358 0.141404 -0.164623 -0.0338869 -0.154102 -0.303885 0.939552
1305031469.687925 -0.183671 0.150748 -0.15189 -0.0381695 -0.150426 -0.302815 0.940329
1305031469.718943 -0.186992 0.161249 -0.139089 -0.0428522 -0.146033 -0.30158 0.941216
1305031469.756754 -0.19024 0.173786 -0.126883 -0.0478734 -0.141649 -0.298522 0.942618
1305031469.784733 -0.194907 0.189074 -0.115002 -0.0530917 -0.139059 -0.294833 0.943884
1305031469.820544 -0.200631 0.201988 -0.104729 -0.0589342 -0.139073 -0.291747 0.944494
1305031469.854359 -0.207504 0.218299 -0.0950977 -0.0642776 -0.139801 -0.288698 0.944975
1305031469.885343 -0.216063 0.232959 -0.0865078 -0.0699281 -0.140035 -0.286329 0.94526
1305031469.921773 -0.224899 0.249948 -0.0784965 -0.0733499 -0.1406 -0.282297 0.946129
1305031469.953180 -0.235594 0.265242 -0.0718199 -0.0757634 -0.142181 -0.28019 0.946329
1305031469.985327 -0.246522 0.280123 -0.0661648 -0.0778436 -0.143633 -0.278601 0.94641
1305031470.024714 -0.257106 0.295624 -0.062271 -0.079904 -0.144873 -0.277206 0.946459
1305031470.057400 -0.269175 0.310923 -0.059163 -0.0821518 -0.144856 -0.276775 0.946395
1305031470.088874 -0.281374 0.325848 -0.057718 -0.0839564 -0.143815 -0.275193 0.946857
1305031470.124820 -0.292935 0.339928 -0.0573197 -0.0872919 -0.142956 -0.273264 0.947244
1305031470.156744 -0.304039 0.355359 -0.0570566 -0.0903838 -0.143096 -0.269967 0.947878
1305031470.188876 -0.316809 0.36897 -0.0587804 -0.0930419 -0.143529 -0.267023 0.948389
1305031470.224776 -0.32874 0.382024 -0.0601603 -0.0963558 -0.143533 -0.264351 0.948806
1305031470.253015 -0.339932 0.395123 -0.0620025 -0.100519 -0.142999 -0.261175 0.949334
1305031470.287867 -0.351534 0.407699 -0.0638779 -0.105576 -0.141811 -0.258678 0.949647
1305031470.324266 -0.363755 0.420933 -0.0648275 -0.111365 -0.140695 -0.255835 0.949922
1305031470.356871 -0.376265 0.43239 -0.0666476 -0.117617 -0.140842 -0.251883 0.950202
1305031470.388056 -0.388835 0.444118 -0.0687299 -0.121674 -0.141528 -0.248695 0.950429
1305031470.424090 -0.401682 0.455053 -0.0709113 -0.123153 -0.142621 -0.248864 0.950031
1305031470.455875 -0.414516 0.463751 -0.0744263 -0.123982 -0.1433 -0.24902 0.94978
1305031470.487958 -0.427465 0.472048 -0.0779593 -0.12366 -0.143934 -0.247936 0.95001
1305031470.524431 -0.439014 0.479645 -0.0812737 -0.123472 -0.144647 -0.247595 0.950015
1305031470.556484 -0.449825 0.486943 -0.0838926 -0.124062 -0.144468 -0.247714 0.949935
1305031470.588797 -0.460814 0.492854 -0.0857121 -0.126001 -0.143836 -0.245594 0.950325
1305031470.624535 -0.470657 0.499604 -0.0874803 -0.127693 -0.143432 -0.242316 0.951002
1305031470.656787 -0.48077 0.505353 -0.0888869 -0.130141 -0.142903 -0.238211 0.951787
1305031470.688640 -0.491133 0.511416 -0.0902277 -0.132497 -0.142709 -0.234671 0.95237
1305031470.724461 -0.502074 0.515745 -0.0913058 -0.133773 -0.142799 -0.233706 0.952415
1305031470.755944 -0.511049 0.516667 -0.0931001 -0.136192 -0.140646 -0.232559 0.952673
1305031470.788407 -0.518097 0.523104 -0.0939172 -0.136482 -0.136545 -0.227769 0.954384
1305031470.820633 -0.526657 0.526902 -0.0945205 -0.134998 -0.134697 -0.223631 0.955835
1305031470.855509 -0.53656 0.5278 -0.0965269 -0.132134 -0.134497 -0.219561 0.957207
1305031470.886079 -0.545958 0.529705 -0.0988829 -0.128204 -0.134869 -0.214777 0.958773
1305031470.924410 -0.555528 0.530957 -0.101126 -0.124891 -0.136934 -0.209782 0.960022
1305031470.956439 -0.566729 0.529865 -0.104322 -0.118701 -0.139024 -0.207528 0.960997
1305031470.988276 -0.575811 0.529463 -0.108528 -0.110171 -0.140434 -0.205474 0.962248
1305031471.024309 -0.585162 0.527252 -0.111797 -0.103294 -0.139013 -0.203263 0.963686
1305031471.056616 -0.594397 0.52564 -0.115271 -0.0947152 -0.13639 -0.198989 0.965831
1305031471.088440 -0.602842 0.524606 -0.119343 -0.0867172 -0.13475 -0.192192 0.968186
1305031471.123837 -0.610914 0.52365 -0.122307 -0.080478 -0.134674 -0.185637 0.970013
1305031471.155886 -0.617383 0.523234 -0.125495 -0.0745665 -0.1346 -0.17893 0.971755
1305031471.192698 -0.623404 0.52327 -0.128198 -0.0708581 -0.132558 -0.172741 0.973431
1305031471.224404 -0.630623 0.523451 -0.130358 -0.0699708 -0.128723 -0.167261 0.974966
1305031471.256397 -0.637464 0.522661 -0.131121 -0.0706804 -0.126105 -0.163594 0.975878
1305031471.288603 -0.644568 0.520326 -0.132122 -0.0712554 -0.123526 -0.159758 0.976802
1305031471.324440 -0.649298 0.519262 -0.133911 -0.0685785 -0.120415 -0.156261 0.977947
1305031471.356569 -0.652667 0.520577 -0.136141 -0.065309 -0.114241 -0.153864 0.97929
1305031471.392751 -0.659858 0.516532 -0.137642 -0.0671411 -0.105632 -0.14956 0.980798
1305031471.424494 -0.666021 0.515839 -0.140871 -0.0642111 -0.101115 -0.142551 0.982513
1305031471.456975 -0.670373 0.516384 -0.143783 -0.0620927 -0.100525 -0.136467 0.983573
1305031471.492705 -0.674396 0.515842 -0.145785 -0.0630977 -0.100095 -0.132348 0.984116
1305031471.524343 -0.678991 0.515027 -0.148431 -0.0641201 -0.0989742 -0.12797 0.984742
1305031471.556561 -0.681724 0.515006 -0.151204 -0.0642721 -0.0979108 -0.125506 0.985155
1305031471.592606 -0.685034 0.514622 -0.15442 -0.0647586 -0.0939366 -0.123477 0.985767
1305031471.624486 -0.68758 0.514911 -0.157426 -0.0639882 -0.0893082 -0.121864 0.986448
1305031471.656831 -0.69062 0.5142 -0.160714 -0.0632656 -0.084049 -0.119447 0.987252
1305031471.693182 -0.692896 0.515387 -0.164162 -0.06081 -0.0795977 -0.114835 0.988321
1305031471.724753 -0.694654 0.517847 -0.167283 -0.0595637 -0.0756856 -0.109891 0.989266
1305031471.753002 -0.695227 0.516566 -0.168874 -0.0619314 -0.0720729 -0.104569 0.989967
1305031471.792706 -0.696131 0.519255 -0.171263 -0.0604041 -0.0662888 -0.0970873 0.991227
1305031471.823821 -0.697666 0.524489 -0.173033 -0.0602131 -0.0606663 -0.0895166 0.992311
1305031471.855793 -0.699492 0.525587 -0.173453 -0.0646896 -0.0568361 -0.082897 0.992831
1305031471.892838 -0.701591 0.529257 -0.174453 -0.0669718 -0.0526106 -0.076433 0.993431
1305031471.924928 -0.703497 0.531427 -0.174536 -0.0720727 -0.0477217 -0.0714377 0.993693
1305031471.957162 -0.706502 0.530715 -0.173433 -0.0761599 -0.040876 -0.0699628 0.993798
1305031471.993177 -0.708771 0.538359 -0.174816 -0.0723855 -0.0336342 -0.0669096 0.994561
1305031472.024660 -0.712553 0.542734 -0.174306 -0.0767229 -0.02691 -0.063214 0.994683
1305031472.058063 -0.716285 0.5428 -0.172651 -0.0818548 -0.0219197 -0.0605516 0.994562
1305031472.092883 -0.720628 0.547252 -0.173412 -0.0805101 -0.0165558 -0.0556698 0.99506
1305031472.124760 -0.725303 0.552757 -0.172712 -0.0822414 -0.0124118 -0.0512211 0.995218
1305031472.156982 -0.73031 0.54843 -0.170643 -0.0902252 -0.01055 -0.0493075 0.994644
1305031472.192890 -0.734201 0.547603 -0.170761 -0.0893679 -0.00920952 -0.0461071 0.994888
1305031472.224678 -0.737704 0.548588 -0.171863 -0.0865038 -0.00768825 -0.0427161 0.995306
1305031472.256642 -0.740824 0.546684 -0.171406 -0.0855929 -0.0058303 -0.0415139 0.995448
1305031472.293139 -0.742214 0.544618 -0.172468 -0.0808129 -0.00434052 -0.0398583 0.995923
1305031472.324844 -0.744688 0.547387 -0.174289 -0.0733533 -0.00236465 -0.0374338 0.9966
1305031472.360912 -0.746369 0.54817 -0.175151 -0.0712209 -0.00167584 -0.0357651 0.996818
1305031472.392956 -0.748222 0.546669 -0.174655 -0.0717945 -0.00250842 -0.0339081 0.99684
1305031472.424694 -0.748819 0.543037 -0.175056 -0.0717877 -0.00522987 -0.0331377 0.996856
1305031472.460919 -0.748238 0.540794 -0.175537 -0.0701335 -0.00741709 -0.034135 0.996926
1305031472.492972 -0.747981 0.539085 -0.176023 -0.0695323 -0.0065768 -0.0351107 0.99694
1305031472.524781 -0.747639 0.533196 -0.175272 -0.0717901 -0.00474757 -0.0346151 0.996808
1305031472.561296 -0.747174 0.529144 -0.175714 -0.0687468 -0.00490017 -0.032964 0.997077
1305031472.592968 -0.746142 0.527613 -0.177161 -0.0637036 -0.00614788 -0.0306319 0.99748
1305031472.624647 -0.744171 0.525617 -0.177102 -0.0624085 -0.00760911 -0.0282883 0.997621
1305031472.660836 -0.742844 0.521601 -0.17625 -0.0628826 -0.00852263 -0.0268109 0.997624
1305031472.693008 -0.741472 0.517478 -0.175557 -0.0622841 -0.00932854 -0.0251591 0.997698
1305031472.724752 -0.739937 0.513113 -0.174884 -0.0610815 -0.0103206 -0.0247394 0.997773
1305031472.760654 -0.738045 0.510769 -0.174127 -0.0586068 -0.0108909 -0.0257863 0.997889
1305031472.792775 -0.737113 0.507465 -0.172906 -0.0573603 -0.0100043 -0.0273352 0.997929
1305031472.824692 -0.736914 0.504679 -0.172042 -0.0552889 -0.00887871 -0.0274106 0.998055
1305031472.860936 -0.736417 0.503044 -0.170885 -0.0530529 -0.00887399 -0.0267837 0.998193
1305031472.892944 -0.736117 0.502588 -0.169827 -0.0518012 -0.00984346 -0.0246924 0.998304
1305031472.924814 -0.735182 0.500798 -0.168242 -0.0523995 -0.0112951 -0.0231479 0.998294
1305031472.961213 -0.73469 0.499833 -0.167048 -0.052229 -0.0115257 -0.0217216 0.998332
1305031472.992815 -0.73461 0.499547 -0.166038 -0.0523618 -0.0118476 -0.0207018 0.998343
1305031473.024564 -0.735002 0.499211 -0.165119 -0.0529629 -0.0128898 -0.0205526 0.998302
1305031473.060795 -0.734534 0.497649 -0.164122 -0.054268 -0.0139243 -0.0214688 0.998198
1305031473.092012 -0.734391 0.496546 -0.16362 -0.0544617 -0.0134408 -0.0233161 0.998153
1305031473.124072 -0.734557 0.495611 -0.162889 -0.0546415 -0.0124131 -0.0249493 0.998117
1305031473.158420 -0.735912 0.494648 -0.16275 -0.0543468 -0.0118109 -0.0254658 0.998127
1305031473.190828 -0.735241 0.493819 -0.162864 -0.0533151 -0.0128767 -0.0259905 0.998156
