1305031453.374112 0 0 0 0 0 0 1
1305031453.404816 0.00394104 0.0051737 -0.00954345 -0.000719428 0.00638969 0.0111332 0.999917
1305031453.436941 0.00835456 0.00755377 -0.0186846 6.35943e-05 0.0101485 0.0201645 0.999745
1305031453.473352 0.0125357 0.0123318 -0.0291598 0.00384776 0.0159657 0.0288402 0.999449
1305031453.505218 0.0176172 0.0161174 -0.0411377 0.00761692 0.0218432 0.0386053 0.998987
1305031453.538301 0.0186199 0.0210435 -0.0541451 0.0140665 0.0271776 0.0475888 0.998398
1305031453.574074 0.018927 0.0254752 -0.0684145 0.0208496 0.0303155 0.0540486 0.99786
1305031453.605314 0.0194237 0.0319755 -0.0828738 0.0283231 0.0329181 0.0582348 0.997358
1305031453.636951 0.0132583 0.0376255 -0.0978845 0.0350159 0.0359044 0.0621311 0.996807
1305031453.673185 0.00444675 0.0444551 -0.112194 0.0429146 0.0347635 0.0610444 0.996606
1305031453.705487 -0.00362772 0.0540339 -0.126844 0.0502767 0.0309641 0.0565285 0.996653
1305031453.736856 -0.0127444 0.0640772 -0.140573 0.0555496 0.0268607 0.052147 0.996731
1305031453.773786 -0.0252317 0.0697262 -0.15252 0.0596462 0.0208516 0.0450437 0.996985
1305031453.805041 -0.0325165 0.0806804 -0.165333 0.0653482 0.0113712 0.0371249 0.997107
1305031453.840352 -0.0421991 0.0889715 -0.177696 0.0683664 0.00419689 0.0307025 0.997179
1305031453.869618 -0.0574418 0.0996725 -0.188738 0.0717148 -0.00519344 0.0243748 0.997114
1305031453.905519 -0.072794 0.109299 -0.196118 0.0729658 -0.0186454 0.017535 0.997006
1305031453.940012 -0.083009 0.114191 -0.202989 0.0706056 -0.0363469 0.0135314 0.99675
1305031453.972592 -0.0960751 0.120578 -0.206174 0.0689528 -0.0517509 0.00520186 0.996263
1305031454.003179 -0.108048 0.122222 -0.209931 0.0667104 -0.0632406 -0.00648002 0.995745
1305031454.040976 -0.122671 0.123618 -0.215535 0.0682135 -0.0738655 -0.0164336 0.994797
1305031454.072690 -0.137747 0.129185 -0.217971 0.0699351 -0.0834226 -0.027389 0.99368
1305031454.104619 -0.153101 0.128679 -0.223068 0.0689102 -0.0930349 -0.0407693 0.992438
1305031454.141030 -0.167357 0.13053 -0.226143 0.0717101 -0.105588 -0.0545337 0.990321
1305031454.172688 -0.182367 0.137605 -0.229211 0.0733989 -0.118435 -0.0668025 0.987989
1305031454.204626 -0.196298 0.13966 -0.231131 0.0709985 -0.133097 -0.0803819 0.985283
1305031454.240858 -0.210251 0.13471 -0.230094 0.070599 -0.148306 -0.0965678 0.98168
1305031454.273489 -0.218754 0.139067 -0.228994 0.0769429 -0.161889 -0.113595 0.977225
1305031454.304744 -0.227995 0.144333 -0.228477 0.0764185 -0.169374 -0.12664 0.974389
1305031454.340806 -0.243558 0.140875 -0.232076 0.0752307 -0.176628 -0.141049 0.97121
1305031454.372652 -0.251437 0.145413 -0.231254 0.0820985 -0.187896 -0.156309 0.96619
1305031454.401962 -0.260519 0.152838 -0.232683 0.0847349 -0.194925 -0.168974 0.96243
1305031454.437248 -0.273193 0.156767 -0.234144 0.0859508 -0.205271 -0.183448 0.957509
1305031454.470741 -0.276352 0.159703 -0.230519 0.088893 -0.216228 -0.199419 0.951617
1305031454.503859 -0.283465 0.164809 -0.232062 0.0905011 -0.220246 -0.215552 0.947016
1305031454.538424 -0.287894 0.172665 -0.232697 0.0908436 -0.226373 -0.231917 0.941657
1305031454.570323 -0.293785 0.181777 -0.234408 0.0888553 -0.231465 -0.244991 0.937288
1305031454.602019 -0.300981 0.18852 -0.236999 0.0862683 -0.239939 -0.261891 0.930806
1305031454.639284 -0.303481 0.194117 -0.236399 0.0844646 -0.252861 -0.275312 0.92365
1305031454.669573 -0.302361 0.203974 -0.23693 0.0802274 -0.265285 -0.282316 0.918414
1305031454.702030 -0.304313 0.210907 -0.237542 0.0736499 -0.278241 -0.289133 0.912995
1305031454.740764 -0.299268 0.215081 -0.235757 0.0693466 -0.29265 -0.294035 0.907243
1305031454.772865 -0.292491 0.219622 -0.233297 0.0639384 -0.300708 -0.291341 0.905874
1305031454.802574 -0.288478 0.227069 -0.233513 0.0595641 -0.303458 -0.284177 0.907529
1305031454.840500 -0.281097 0.235832 -0.231511 0.0561279 -0.305835 -0.27791 0.90889
1305031454.870269 -0.276033 0.24318 -0.230627 0.0510045 -0.303677 -0.271409 0.911875
1305031454.901065 -0.272047 0.251632 -0.23121 0.0477767 -0.298923 -0.264327 0.915693
1305031454.940240 -0.26963 0.261509 -0.232089 0.0447024 -0.293428 -0.258001 0.919422
1305031454.973081 -0.270615 0.271073 -0.235356 0.041621 -0.287414 -0.251908 0.923148
1305031455.010759 -0.273839 0.280776 -0.240646 0.0390043 -0.282928 -0.245532 0.926361
1305031455.040446 -0.275189 0.293218 -0.243466 0.0394091 -0.281935 -0.242001 0.927575
1305031455.074282 -0.279256 0.301353 -0.247223 0.0382163 -0.278346 -0.240071 0.929209
1305031455.110340 -0.284898 0.31082 -0.252174 0.0404924 -0.273956 -0.239305 0.930614
1305031455.142700 -0.290422 0.32273 -0.256474 0.0425976 -0.269033 -0.237791 0.932342
1305031455.172771 -0.298808 0.332563 -0.261701 0.041682 -0.26372 -0.23375 0.93492
1305031455.210307 -0.308484 0.342606 -0.265694 0.0388439 -0.259406 -0.227869 0.937697
1305031455.240960 -0.318356 0.349764 -0.270248 0.0378265 -0.255408 -0.222007 0.940239
1305031455.273001 -0.325556 0.363893 -0.272865 0.037391 -0.251359 -0.215782 0.942793
1305031455.310303 -0.337383 0.368157 -0.277079 0.0285584 -0.245094 -0.207101 0.94669
1305031455.342381 -0.349125 0.377704 -0.282708 0.0231943 -0.24165 -0.196145 0.95005
1305031455.374120 -0.356423 0.388458 -0.284183 0.0163597 -0.240194 -0.189203 0.951967
1305031455.409213 -0.368544 0.389698 -0.287637 0.00521021 -0.232717 -0.182357 0.955281
1305031455.442380 -0.382139 0.393279 -0.294662 -0.00282467 -0.224469 -0.17209 0.959161
1305031455.473168 -0.392832 0.393767 -0.300368 -0.00917573 -0.221504 -0.162484 0.961484
1305031455.509397 -0.406191 0.398973 -0.307984 -0.0130332 -0.21693 -0.151851 0.964216
1305031455.540835 -0.423272 0.398051 -0.317191 -0.0190016 -0.211946 -0.138949 0.967167
1305031455.572996 -0.44165 0.400691 -0.328018 -0.021159 -0.210258 -0.125233 0.969361
1305031455.608802 -0.456776 0.406411 -0.338548 -0.0227884 -0.210213 -0.110883 0.97108
1305031455.641333 -0.474866 0.403302 -0.347952 -0.0289489 -0.207024 -0.0978625 0.972998
1305031455.672887 -0.492994 0.400225 -0.359453 -0.0274791 -0.203237 -0.0915329 0.974454
1305031455.707680 -0.509447 0.401609 -0.371306 -0.0233271 -0.200399 -0.0923319 0.975075
1305031455.742005 -0.525673 0.399358 -0.38275 -0.0214131 -0.19621 -0.0973139 0.975486
1305031455.773667 -0.541698 0.397904 -0.394667 -0.0197493 -0.189696 -0.100554 0.976481
1305031455.809109 -0.558623 0.389712 -0.407298 -0.019714 -0.183173 -0.0996072 0.977823
1305031455.838364 -0.574477 0.388585 -0.421579 -0.0164371 -0.178546 -0.0992316 0.978777
1305031455.872220 -0.58755 0.384259 -0.433646 -0.0164877 -0.176217 -0.100369 0.979082
1305031455.908418 -0.599816 0.380812 -0.445406 -0.0163289 -0.172934 -0.100747 0.979631
1305031455.939606 -0.612775 0.375262 -0.456309 -0.0176241 -0.168471 -0.101337 0.980325
1305031455.973594 -0.624065 0.374993 -0.466986 -0.0161795 -0.164277 -0.103691 0.980816
1305031456.008998 -0.634965 0.373631 -0.47583 -0.0175329 -0.159121 -0.106529 0.981338
1305031456.041930 -0.644611 0.3769 -0.484098 -0.0204973 -0.152757 -0.111032 0.981793
1305031456.073846 -0.659241 0.370284 -0.490963 -0.0305674 -0.145622 -0.118408 0.981753
1305031456.108963 -0.673141 0.360309 -0.496465 -0.0377889 -0.1402 -0.123795 0.981627
1305031456.140836 -0.68597 0.354348 -0.501792 -0.0395917 -0.134803 -0.125194 0.982134
1305031456.173198 -0.696583 0.344687 -0.505193 -0.0417277 -0.129061 -0.12606 0.982706
1305031456.208934 -0.707637 0.336461 -0.508379 -0.0376963 -0.120866 -0.124212 0.984145
1305031456.240996 -0.716016 0.342708 -0.512497 -0.0311046 -0.110735 -0.121656 0.985886
1305031456.277928 -0.72698 0.335729 -0.512187 -0.0326764 -0.0990897 -0.119221 0.98737
1305031456.310040 -0.740091 0.326917 -0.511567 -0.0313447 -0.0872059 -0.114539 0.989087
1305031456.341659 -0.75157 0.321991 -0.510139 -0.0268744 -0.0762009 -0.107991 0.990863
1305031456.377115 -0.761552 0.330122 -0.510216 -0.0191775 -0.0640648 -0.102669 0.992465
1305031456.409172 -0.776263 0.319105 -0.504465 -0.0207866 -0.0501465 -0.0983558 0.99367
1305031456.440717 -0.791553 0.322032 -0.499924 -0.0127339 -0.0383996 -0.0915736 0.994976
1305031456.476027 -0.806998 0.333772 -0.495826 -0.00913706 -0.0318059 -0.084906 0.995839
1305031456.508911 -0.823258 0.335039 -0.487884 -0.015249 -0.0299405 -0.0790558 0.996304
1305031456.541832 -0.838108 0.334578 -0.479254 -0.0214851 -0.0298934 -0.0735425 0.996612
1305031456.576087 -0.852365 0.326382 -0.469043 -0.0266699 -0.0281304 -0.0687274 0.996882
1305031456.607930 -0.861848 0.338778 -0.461466 -0.0229008 -0.0243251 -0.0626256 0.997478
1305031456.640699 -0.873085 0.349582 -0.452618 -0.0324594 -0.0182224 -0.056697 0.997697
1305031456.675835 -0.892804 0.33463 -0.439278 -0.0482821 -0.0093573 -0.0505599 0.997509
1305031456.709099 -0.907803 0.336337 -0.429904 -0.0463953 -0.00436828 -0.0402143 0.998104
1305031456.740863 -0.923809 0.349717 -0.421611 -0.0474108 -0.00146058 -0.0303931 0.998412
1305031456.777218 -0.940709 0.3366 -0.409913 -0.0578474 -0.00298655 -0.022073 0.998077
1305031456.808986 -0.953154 0.34068 -0.399571 -0.0525622 -0.00960391 -0.0145188 0.998466
1305031456.841050 -0.962061 0.357053 -0.389535 -0.0497756 -0.0129983 -0.00684509 0.998652
1305031456.878006 -0.973711 0.35593 -0.377568 -0.0573683 -0.0108904 0.000260933 0.998294
1305031456.909883 -0.984504 0.351033 -0.366229 -0.0612324 -0.00741222 0.00520251 0.998082
1305031456.942298 -0.99625 0.356983 -0.357777 -0.055441 -0.00141216 0.0108293 0.998402
1305031456.977139 -1.00935 0.369509 -0.352031 -0.0542037 0.00513581 0.015009 0.998404
1305031457.006193 -1.02287 0.366933 -0.343041 -0.0631103 0.0111055 0.0175683 0.99779
1305031457.042512 -1.03599 0.367383 -0.33761 -0.0649678 0.0164565 0.0217487 0.997515
1305031457.076011 -1.04879 0.375627 -0.335371 -0.0666403 0.0222696 0.0267834 0.997169
1305031457.108053 -1.06103 0.371833 -0.332061 -0.0768048 0.028465 0.0314077 0.996145
1305031457.142120 -1.0725 0.363937 -0.330085 -0.0820237 0.0351532 0.0365532 0.995339
1305031457.177463 -1.0848 0.362937 -0.33196 -0.0806848 0.0426246 0.0428871 0.994904
1305031457.209336 -1.09797 0.365496 -0.335914 -0.079008 0.0502851 0.0480799 0.994443
1305031457.240792 -1.11312 0.36129 -0.339214 -0.08337 0.0583146 0.0542211 0.993332
1305031457.277247 -1.12519 0.34903 -0.34258 -0.0842958 0.0653648 0.0610101 0.992421
1305031457.309693 -1.13999 0.350998 -0.350717 -0.0750828 0.0744412 0.0660665 0.992198
1305031457.342954 -1.155 0.354149 -0.359177 -0.0707764 0.0849071 0.0702188 0.991388
1305031457.376037 -1.16986 0.346672 -0.366122 -0.0723391 0.0963965 0.0755165 0.989834
1305031457.407980 -1.18596 0.34157 -0.374137 -0.0668642 0.108251 0.0832224 0.988375
1305031457.441357 -1.20485 0.340554 -0.383512 -0.0628934 0.117423 0.0901713 0.986978
1305031457.476577 -1.22209 0.333666 -0.391714 -0.0631833 0.12165 0.0956939 0.985927
1305031457.508603 -1.23642 0.323783 -0.400215 -0.0634001 0.123848 0.0996589 0.985246
1305031457.543946 -1.24984 0.316726 -0.40958 -0.059842 0.127361 0.102512 0.984728
1305031457.576581 -1.26497 0.312227 -0.418508 -0.0558697 0.132949 0.106051 0.983848
1305031457.607246 -1.28392 0.309959 -0.426178 -0.0521013 0.138805 0.109223 0.982898
1305031457.643534 -1.29867 0.300277 -0.431914 -0.0523938 0.141592 0.112571 0.982107
1305031457.675414 -1.31638 0.30154 -0.438528 -0.0473993 0.14501 0.116534 0.9814
1305031457.707739 -1.3314 0.294845 -0.44351 -0.0524682 0.145938 0.119478 0.98065
1305031457.745071 -1.34353 0.277231 -0.446425 -0.056835 0.147391 0.119101 0.980235
1305031457.773518 -1.35816 0.265231 -0.450967 -0.0549265 0.150381 0.117812 0.980045
1305031457.807824 -1.36776 0.247966 -0.455864 -0.0502045 0.154626 0.116875 0.97975
1305031457.842853 -1.38392 0.249027 -0.463044 -0.038262 0.16342 0.116202 0.978942
1305031457.875920 -1.39883 0.239258 -0.466386 -0.0362878 0.172388 0.116186 0.97748
1305031457.906126 -1.41284 0.219581 -0.466816 -0.0317836 0.18061 0.116653 0.976095
1305031457.942604 -1.43286 0.215887 -0.4684 -0.0176654 0.18692 0.119448 0.974926
1305031457.976744 -1.45557 0.205243 -0.466422 -0.00819161 0.190527 0.123943 0.973792
1305031458.009019 -1.46731 0.193629 -0.463562 -0.00221134 0.193413 0.124523 0.973181
1305031458.046303 -1.4819 0.193046 -0.46161 0.00779606 0.198117 0.124832 0.972166
1305031458.077315 -1.49908 0.193773 -0.454391 0.0133845 0.20439 0.126307 0.970614
1305031458.108896 -1.51434 0.187866 -0.444213 0.0130021 0.209807 0.12779 0.969269
1305031458.144808 -1.52964 0.177518 -0.431862 0.0122045 0.214318 0.128874 0.968148
1305031458.178039 -1.54818 0.175699 -0.418332 0.0141274 0.217443 0.131729 0.96704
1305031458.209384 -1.56538 0.172117 -0.402606 0.0111553 0.218038 0.13485 0.966515
1305031458.245729 -1.57742 0.152861 -0.385444 0.00370042 0.216898 0.135106 0.966793
1305031458.277447 -1.59094 0.139556 -0.372051 0.00524629 0.214468 0.133549 0.967544
1305031458.308343 -1.60639 0.134663 -0.354645 0.0106134 0.211567 0.134105 0.968061
1305031458.343898 -1.61621 0.121218 -0.336925 0.0138398 0.207752 0.134889 0.968738
1305031458.376213 -1.62483 0.11683 -0.322492 0.023362 0.204397 0.135655 0.969161
1305031458.407856 -1.6333 0.11685 -0.30539 0.0345382 0.203953 0.140325 0.968256
1305031458.443957 -1.63654 0.11395 -0.288817 0.0454232 0.206313 0.146102 0.96645
1305031458.476034 -1.6398 0.108263 -0.27355 0.0607601 0.214542 0.146585 0.963739
1305031458.508869 -1.64538 0.118995 -0.254145 0.0829432 0.225022 0.14458 0.959991
1305031458.544401 -1.65366 0.130905 -0.230949 0.0989188 0.235964 0.141178 0.95635
1305031458.576178 -1.6625 0.1337 -0.208453 0.107897 0.245214 0.13584 0.953822
1305031458.608421 -1.67237 0.151708 -0.181021 0.117475 0.25044 0.129571 0.952203
1305031458.643659 -1.68042 0.162741 -0.153681 0.118421 0.250442 0.12728 0.952395
1305031458.676991 -1.68446 0.163864 -0.129092 0.112888 0.242747 0.125332 0.955312
1305031458.707780 -1.67972 0.160622 -0.108012 0.108055 0.228564 0.118675 0.960208
1305031458.744924 -1.68068 0.160028 -0.0926206 0.108701 0.21551 0.10859 0.964338
1305031458.773802 -1.67788 0.167063 -0.0783411 0.111494 0.199148 0.098555 0.968605
1305031458.810621 -1.67309 0.170541 -0.0632709 0.108036 0.186537 0.092502 0.972099
1305031458.842919 -1.66451 0.163579 -0.0519163 0.103848 0.178302 0.0900072 0.974332
1305031458.875889 -1.66268 0.162562 -0.0450567 0.106432 0.176801 0.0843695 0.974831
1305031458.910599 -1.66726 0.167594 -0.0359561 0.10965 0.181224 0.0824936 0.973822
1305031458.943997 -1.67179 0.166062 -0.0259389 0.106448 0.187008 0.0926252 0.972171
1305031458.976007 -1.67909 0.147751 -0.0151998 0.10098 0.19324 0.101413 0.970658
1305031459.012560 -1.6953 0.134054 -0.00468819 0.104545 0.197323 0.102457 0.969349
1305031459.044413 -1.7134 0.122936 0.00703728 0.113596 0.194744 0.107354 0.968321
1305031459.073657 -1.73523 0.107908 0.0220315 0.123023 0.186684 0.117154 0.96762
1305031459.112711 -1.75808 0.0946314 0.0339602 0.134975 0.169238 0.1251 0.968241
1305031459.144497 -1.77348 0.0887616 0.0532452 0.146764 0.147039 0.126739 0.969937
1305031459.176463 -1.78664 0.0833425 0.0624336 0.153762 0.126727 0.129872 0.971304
1305031459.208791 -1.79503 0.0803359 0.0758189 0.158457 0.112185 0.137932 0.971226
1305031459.244159 -1.79662 0.0821541 0.0921047 0.161049 0.103856 0.146598 0.970457
1305031459.274941 -1.79875 0.0878051 0.102742 0.160808 0.1068 0.155423 0.968802
1305031459.311921 -1.80201 0.0894338 0.114119 0.159265 0.121244 0.170258 0.964856
1305031459.344169 -1.80921 0.0928068 0.124174 0.161712 0.142047 0.188278 0.95824
1305031459.374084 -1.8195 0.107837 0.132944 0.165301 0.165193 0.210025 0.949356
1305031459.408831 -1.8245 0.120309 0.143601 0.161283 0.192014 0.238361 0.938244
1305031459.443181 -1.83181 0.123753 0.141993 0.155235 0.222395 0.277013 0.921795
1305031459.473401 -1.84457 0.136011 0.145889 0.154939 0.246582 0.309922 0.905063
1305031459.510267 -1.85611 0.145178 0.15582 0.149835 0.264089 0.338018 0.890814
1305031459.544431 -1.86772 0.139778 0.163441 0.140968 0.28025 0.365907 0.876185
1305031459.576817 -1.8846 0.138794 0.172206 0.139617 0.29108 0.384851 0.864679
1305031459.611939 -1.89639 0.138633 0.178702 0.138367 0.294561 0.397992 0.857724
1305031459.643453 -1.90833 0.1379 0.185394 0.137165 0.299201 0.402963 0.853982
1305031459.675678 -1.92319 0.134434 0.1941 0.134221 0.308863 0.405466 0.849815
1305031459.711531 -1.93573 0.12195 0.198999 0.127042 0.318358 0.410646 0.844913
1305031459.743425 -1.9482 0.107592 0.201561 0.122962 0.325685 0.411684 0.842215
1305031459.776577 -1.9641 0.0926908 0.206693 0.122047 0.332142 0.409074 0.841097
1305031459.812562 -1.97873 0.0799324 0.214189 0.121611 0.335002 0.406298 0.841372
1305031459.844736 -1.99361 0.0662342 0.222077 0.118651 0.335757 0.404776 0.842227
1305031459.877006 -2.00444 0.0516242 0.231165 0.114376 0.333772 0.406152 0.842944
1305031459.911472 -2.01247 0.0362338 0.238552 0.111392 0.330936 0.409372 0.842905
1305031459.943616 -2.02168 0.0225109 0.247245 0.110596 0.329378 0.412163 0.842259
1305031459.979430 -2.02945 0.00856704 0.254903 0.108255 0.328111 0.415911 0.841215
1305031460.011909 -2.03443 -0.00694615 0.261047 0.105411 0.327432 0.420099 0.839758
1305031460.043717 -2.04119 -0.0231362 0.267172 0.104422 0.328186 0.422907 0.838176
1305031460.079449 -2.04904 -0.0404608 0.275618 0.105784 0.327167 0.427135 0.836258
1305031460.111951 -2.05283 -0.0566749 0.284985 0.110325 0.321178 0.434839 0.834019
1305031460.144204 -2.05663 -0.0693408 0.291534 0.116968 0.313048 0.442399 0.832227
1305031460.178730 -2.06021 -0.0806933 0.303406 0.121291 0.306746 0.448554 0.83066
1305031460.208637 -2.05588 -0.0899906 0.306887 0.120863 0.30203 0.45322 0.829916
1305031460.243467 -2.05267 -0.100381 0.308894 0.120636 0.304841 0.455021 0.827934
1305031460.279164 -2.05231 -0.110619 0.312419 0.120676 0.312563 0.454605 0.825273
1305031460.311712 -2.05058 -0.121025 0.31602 0.120252 0.320495 0.454894 0.822127
1305031460.342879 -2.05084 -0.130995 0.322362 0.11994 0.329349 0.456332 0.817866
1305031460.377806 -2.04958 -0.139814 0.328612 0.11753 0.338455 0.458896 0.813049
1305031460.409883 -2.04653 -0.15075 0.332675 0.114406 0.347639 0.463259 0.807124
1305031460.444036 -2.04404 -0.158093 0.338699 0.112601 0.358244 0.466813 0.800667
1305031460.479856 -2.04437 -0.16601 0.344612 0.10835 0.370448 0.471708 0.792793
1305031460.508966 -2.04174 -0.175601 0.348948 0.101594 0.380762 0.479879 0.783846
1305031460.544245 -2.03902 -0.186701 0.353079 0.094517 0.389732 0.486972 0.775908
1305031460.579561 -2.03791 -0.19705 0.356776 0.0888208 0.398433 0.489815 0.770353
1305031460.612190 -2.03654 -0.207342 0.36137 0.0852126 0.406464 0.491943 0.765192
1305031460.644011 -2.03726 -0.218356 0.367503 0.0823667 0.414859 0.492555 0.76059
1305031460.679350 -2.03925 -0.229344 0.376136 0.079636 0.421712 0.492719 0.756997
1305031460.711684 -2.03892 -0.238739 0.383875 0.0757556 0.425105 0.493625 0.754905
1305031460.743767 -2.03706 -0.249617 0.390753 0.0710568 0.428976 0.493419 0.753305
1305031460.779201 -2.03699 -0.261639 0.399543 0.0674119 0.434293 0.492676 0.751076
1305031460.811318 -2.0363 -0.27035 0.409288 0.0638272 0.437629 0.490965 0.750574
1305031460.843836 -2.0338 -0.279366 0.417676 0.0576582 0.440604 0.489307 0.750415
1305031460.879093 -2.03071 -0.291339 0.426659 0.0495533 0.445288 0.487793 0.749214
1305031460.911313 -2.02688 -0.302801 0.435416 0.0427208 0.448509 0.487341 0.748006
1305031460.943375 -2.02017 -0.313675 0.441664 0.0379228 0.449164 0.489197 0.746659
1305031460.979083 -2.01265 -0.32612 0.446315 0.0355592 0.450854 0.490636 0.744811
1305031461.011290 -2.00669 -0.337845 0.452613 0.0360126 0.453908 0.491284 0.742503
1305031461.043398 -2.00204 -0.348231 0.459746 0.0380431 0.456142 0.491499 0.740888
1305031461.079602 -1.99728 -0.35571 0.468117 0.0387216 0.456232 0.491059 0.74109
1305031461.111961 -1.98871 -0.363844 0.472567 0.0362352 0.454696 0.490756 0.742359
1305031461.144098 -1.97928 -0.376152 0.477165 0.03427 0.455501 0.489906 0.74252
1305031461.179883 -1.97319 -0.382845 0.482762 0.0361019 0.456893 0.486593 0.743755
1305031461.211180 -1.96787 -0.388618 0.488337 0.0368428 0.458519 0.483548 0.744704
1305031461.246864 -1.96139 -0.395971 0.493784 0.0368972 0.459897 0.481227 0.745355
1305031461.278888 -1.95564 -0.40011 0.498531 0.0379113 0.460831 0.476453 0.74779
1305031461.311240 -1.94968 -0.401231 0.503995 0.0391104 0.462765 0.4712 0.749859
1305031461.346875 -1.94756 -0.400649 0.512729 0.0377912 0.467057 0.466262 0.750353
1305031461.378850 -1.93756 -0.404853 0.517498 0.0307851 0.467609 0.466442 0.750218
1305031461.411130 -1.92804 -0.409204 0.519651 0.0260476 0.467067 0.466961 0.750412
1305031461.447015 -1.92319 -0.408681 0.523543 0.0244944 0.467246 0.466992 0.750333
1305031461.478901 -1.91206 -0.413455 0.523276 0.0193336 0.466087 0.469705 0.749511
1305031461.512120 -1.90602 -0.4163 0.522659 0.0198779 0.466939 0.469561 0.749057
1305031461.547338 -1.90177 -0.412974 0.518717 0.0214614 0.467638 0.466365 0.750571
1305031461.578847 -1.89889 -0.411249 0.51647 0.0199508 0.472506 0.462559 0.749919
1305031461.609662 -1.89663 -0.408075 0.514654 0.0179337 0.478542 0.460638 0.747321
1305031461.646970 -1.89371 -0.403814 0.511866 0.0153795 0.482861 0.460578 0.744632
1305031461.676203 -1.89242 -0.397258 0.509417 0.0145996 0.485436 0.462996 0.741467
1305031461.711212 -1.8883 -0.391239 0.505533 0.013162 0.485485 0.468658 0.737896
1305031461.746919 -1.8882 -0.38256 0.500226 0.0128202 0.485823 0.472166 0.735439
1305031461.778616 -1.88873 -0.371653 0.49611 0.0119401 0.487009 0.47508 0.732788
1305031461.811319 -1.8882 -0.36173 0.490609 0.00975065 0.488906 0.479045 0.728966
1305031461.847090 -1.89207 -0.348054 0.48783 0.0107126 0.492686 0.483295 0.723582
1305031461.879162 -1.89698 -0.335201 0.489502 0.0101255 0.495856 0.491059 0.71616
1305031461.911121 -1.89966 -0.321092 0.486062 0.0088765 0.493497 0.501833 0.710314
1305031461.947264 -1.90109 -0.305878 0.475986 0.00624377 0.491073 0.50893 0.706964
1305031461.979223 -1.91093 -0.294031 0.479062 0.00221292 0.49769 0.511779 0.700273
1305031462.011791 -1.91428 -0.287614 0.482732 -0.00572006 0.499859 0.520733 0.692059
1305031462.047463 -1.91672 -0.279652 0.482297 -0.00946664 0.495218 0.533394 0.685683
1305031462.079285 -1.92103 -0.267695 0.479502 -0.00777193 0.487974 0.545081 0.681695
1305031462.112081 -1.92605 -0.257547 0.477294 -0.00798238 0.482446 0.554412 0.678092
1305031462.147634 -1.93074 -0.251058 0.476655 -0.0103821 0.479326 0.561832 0.674154
1305031462.179358 -1.93688 -0.242445 0.475312 -0.0125972 0.477133 0.564683 0.67329
1305031462.212836 -1.94336 -0.236545 0.476647 -0.0180587 0.476796 0.565189 0.672979
1305031462.248986 -1.94966 -0.231161 0.479078 -0.0245619 0.476111 0.565221 0.673231
1305031462.280774 -1.95634 -0.225302 0.481538 -0.0313288 0.474004 0.563736 0.675678
1305031462.311931 -1.96358 -0.21768 0.482452 -0.0377652 0.470678 0.560772 0.680125
1305031462.347816 -1.97226 -0.211721 0.487461 -0.0454306 0.470076 0.55637 0.683679
1305031462.379950 -1.98156 -0.204663 0.493376 -0.0532586 0.467565 0.552027 0.688341
1305031462.413016 -1.98986 -0.198822 0.498579 -0.0619096 0.462591 0.549702 0.692824
1305031462.448295 -1.99912 -0.191726 0.502881 -0.0692289 0.45604 0.546782 0.698759
1305031462.480843 -2.00841 -0.185004 0.504874 -0.0773112 0.447872 0.544448 0.70499
1305031462.517041 -2.01575 -0.180803 0.506188 -0.0852976 0.439827 0.542987 0.71024
1305031462.548959 -2.02283 -0.176226 0.503456 -0.0904282 0.430458 0.540232 0.717411
1305031462.581088 -2.02998 -0.172017 0.500252 -0.0952615 0.4242 0.53445 0.724806
1305031462.617123 -2.03858 -0.167126 0.495977 -0.0990273 0.420446 0.526082 0.732568
1305031462.648708 -2.04585 -0.16273 0.491284 -0.10193 0.418328 0.517306 0.739599
1305031462.680788 -2.05487 -0.159588 0.48701 -0.102525 0.417365 0.508167 0.746365
1305031462.716812 -2.06567 -0.154491 0.481615 -0.102787 0.413356 0.497754 0.755521
1305031462.748732 -2.0757 -0.145697 0.473594 -0.102686 0.405976 0.487655 0.76605
1305031462.780885 -2.08473 -0.137753 0.465156 -0.103265 0.400085 0.479842 0.773964
1305031462.816821 -2.0947 -0.129131 0.45582 -0.104354 0.39481 0.473855 0.78019
1305031462.848525 -2.1036 -0.115607 0.445532 -0.105189 0.389475 0.468051 0.786239
1305031462.880471 -2.10926 -0.104154 0.432015 -0.106139 0.386307 0.46505 0.789449
1305031462.916800 -2.1143 -0.095009 0.418178 -0.106396 0.384921 0.462962 0.791317
1305031462.947939 -2.11867 -0.0869498 0.404947 -0.105397 0.382703 0.461351 0.793464
1305031462.979943 -2.12096 -0.0777642 0.391119 -0.101979 0.379208 0.457966 0.797539
1305031463.016121 -2.12207 -0.07218 0.37586 -0.0981786 0.375672 0.453226 0.802383
1305031463.050783 -2.12725 -0.0632869 0.360325 -0.0927944 0.371524 0.444863 0.809603
1305031463.076870 -2.13253 -0.0515493 0.34628 -0.0894975 0.366925 0.435319 0.817223
1305031463.116806 -2.13232 -0.0456606 0.331022 -0.0884415 0.3637 0.428271 0.822487
1305031463.148565 -2.13523 -0.0370074 0.315212 -0.0844698 0.361942 0.418062 0.828907
1305031463.180505 -2.1399 -0.0259705 0.300377 -0.0819745 0.360469 0.408694 0.834453
1305031463.217123 -2.13799 -0.0174015 0.287087 -0.0831625 0.357615 0.403294 0.838182
1305031463.248719 -2.13386 -0.0110795 0.272687 -0.0809187 0.355999 0.400184 0.840577
1305031463.278737 -2.13374 -0.00112365 0.258614 -0.0771983 0.355587 0.393345 0.844321
1305031463.317110 -2.13056 0.011219 0.245708 -0.0751577 0.351849 0.388139 0.84847
1305031463.348740 -2.12439 0.0182618 0.233143 -0.072134 0.347427 0.385942 0.851551
1305031463.380514 -2.12152 0.0289046 0.220386 -0.0666696 0.343431 0.381349 0.855677
1305031463.416326 -2.11691 0.0425521 0.207926 -0.0635964 0.339048 0.376425 0.859829
1305031463.444773 -2.11035 0.0537844 0.19523 -0.0627112 0.336701 0.373546 0.862069
1305031463.480415 -2.10181 0.0659025 0.181422 -0.0623782 0.335318 0.371335 0.863586
1305031463.516994 -2.09113 0.074517 0.168152 -0.0635684 0.336774 0.369205 0.863846
1305031463.548505 -2.08451 0.0812976 0.154041 -0.0620079 0.339863 0.368072 0.863233
1305031463.580684 -2.07819 0.0898203 0.140933 -0.05953 0.339651 0.368709 0.863219
1305031463.616671 -2.06473 0.0937785 0.124359 -0.0604776 0.335503 0.369309 0.864518
1305031463.646147 -2.05283 0.0973044 0.106193 -0.0569069 0.334583 0.367411 0.865924
1305031463.683908 -2.04666 0.106254 0.0897947 -0.0494732 0.335411 0.363675 0.867636
1305031463.716110 -2.03301 0.111477 0.0691471 -0.0496313 0.331859 0.361026 0.870096
1305031463.747849 -2.01602 0.109051 0.0472559 -0.0505293 0.330835 0.357943 0.871706
1305031463.783912 -2.00579 0.112018 0.0288271 -0.0455168 0.333791 0.349748 0.874179
1305031463.815883 -1.99393 0.114152 0.00835117 -0.0449769 0.334067 0.339268 0.878222
1305031463.848094 -1.97972 0.111277 -0.0137234 -0.0467541 0.333816 0.329893 0.881789
1305031463.883817 -1.96905 0.111283 -0.0336945 -0.0443699 0.33512 0.320627 0.88483
1305031463.917433 -1.95955 0.109257 -0.0533928 -0.0436197 0.334639 0.313202 0.887704
1305031463.944435 -1.94819 0.105062 -0.0723154 -0.0429706 0.331175 0.308588 0.890646
1305031463.983748 -1.93748 0.099651 -0.0921719 -0.0414216 0.327466 0.301962 0.894354
1305031464.015867 -1.92979 0.0980217 -0.111698 -0.0389242 0.32438 0.294005 0.898234
1305031464.047778 -1.91984 0.0923642 -0.131292 -0.0397151 0.321961 0.285928 0.90167
1305031464.083152 -1.91104 0.0851956 -0.150377 -0.0394065 0.322113 0.276733 0.904494
1305031464.115837 -1.90751 0.0791499 -0.166425 -0.0370354 0.32307 0.269783 0.906351
1305031464.147663 -1.90213 0.0714048 -0.182026 -0.0335393 0.320443 0.267069 0.908221
1305031464.183566 -1.89694 0.0616175 -0.197508 -0.0263136 0.315164 0.264368 0.911092
1305031464.212447 -1.89747 0.0592191 -0.211248 -0.0145013 0.308481 0.259236 0.91511
1305031464.247602 -1.89863 0.0597987 -0.224734 -0.00414101 0.297759 0.255939 0.919683
1305031464.283694 -1.89515 0.0598326 -0.236823 0.00193681 0.283067 0.252778 0.925188
1305031464.315699 -1.88462 0.0593529 -0.253693 0.004783 0.266753 0.247698 0.931378
1305031464.347553 -1.87188 0.0557712 -0.271206 0.00698165 0.254254 0.241944 0.936359
1305031464.383465 -1.86078 0.0563701 -0.289944 0.0114829 0.246185 0.23456 0.940342
1305031464.415539 -1.85154 0.0595657 -0.307483 0.0144117 0.242904 0.224386 0.943632
1305031464.444269 -1.84179 0.0568987 -0.323726 0.0146277 0.240874 0.215022 0.946325
1305031464.487561 -1.8299 0.0571371 -0.342042 0.0167852 0.237215 0.207906 0.948801
1305031464.513688 -1.82152 0.0581909 -0.361858 0.0179612 0.235742 0.200338 0.950772
1305031464.548007 -1.81222 0.0580531 -0.378985 0.0165776 0.234151 0.190681 0.953173
1305031464.584260 -1.78795 0.0478101 -0.404323 0.0130948 0.230885 0.180936 0.95592
1305031464.615688 -1.77303 0.0409827 -0.427621 0.0168143 0.237263 0.169806 0.956342
1305031464.648851 -1.76374 0.0360763 -0.448332 0.0236288 0.2491 0.157191 0.955344
1305031464.684318 -1.75373 0.0217247 -0.467969 0.0296446 0.260132 0.141364 0.954709
1305031464.716305 -1.74923 0.00971736 -0.47725 0.0412105 0.270135 0.123019 0.954041
1305031464.748588 -1.74864 0.0117573 -0.485566 0.0549937 0.273831 0.102801 0.954685
1305031464.784268 -1.7457 0.00763198 -0.487833 0.0617048 0.272053 0.0829249 0.956715
1305031464.816195 -1.74392 -0.00190072 -0.486604 0.0683874 0.265083 0.0674503 0.959429
1305031464.848283 -1.73909 -0.000935316 -0.488643 0.0765646 0.250638 0.0527905 0.963603
1305031464.884177 -1.72645 0.00343622 -0.488784 0.0776947 0.23407 0.0354212 0.968463
1305031464.916391 -1.70882 -0.00581697 -0.490138 0.0718878 0.21948 0.0154576 0.972842
1305031464.952471 -1.68849 -0.0169133 -0.491405 0.0692847 0.209444 -0.00447171 0.975353
1305031464.984257 -1.66704 -0.0210064 -0.491351 0.0717959 0.204187 -0.0234079 0.976015
1305031465.015390 -1.65162 -0.018186 -0.483016 0.0749677 0.202624 -0.0446874 0.97536
1305031465.048430 -1.64328 -0.00846057 -0.468636 0.0794275 0.199949 -0.0651076 0.974409
1305031465.083338 -1.62993 0.018885 -0.452302 0.08219 0.19051 -0.0803286 0.974935
1305031465.115475 -1.61152 0.0387995 -0.438455 0.0705671 0.176819 -0.0941423 0.977186
1305031465.151558 -1.59263 0.0451884 -0.422504 0.0524638 0.163786 -0.103413 0.979657
1305031465.183558 -1.57289 0.0501612 -0.406634 0.0380208 0.151556 -0.109453 0.981634
1305031465.215832 -1.55371 0.0630928 -0.393997 0.0272293 0.140992 -0.114658 0.982972
1305031465.251788 -1.53528 0.0712803 -0.379223 0.0157262 0.131324 -0.116462 0.984349
1305031465.283737 -1.51719 0.0789562 -0.367533 0.00940911 0.121612 -0.109694 0.986453
1305031465.315985 -1.49753 0.0942922 -0.357223 0.00631333 0.109195 -0.0970066 0.989255
1305031465.351729 -1.48166 0.100627 -0.348028 0.00150526 0.0948776 -0.0841984 0.991921
1305031465.383701 -1.45796 0.105946 -0.343436 0.00136535 0.0765013 -0.0721494 0.994455
1305031465.416543 -1.42994 0.115166 -0.343492 0.00467768 0.0589628 -0.0619513 0.996325
1305031465.452401 -1.40623 0.129906 -0.344996 0.0094617 0.0456303 -0.0506909 0.997627
1305031465.483803 -1.38448 0.149459 -0.347934 0.0126462 0.0341766 -0.0396906 0.998547
1305031465.516043 -1.36331 0.154733 -0.349894 0.00966534 0.0237942 -0.0346491 0.999069
1305031465.551838 -1.33971 0.163527 -0.353773 0.0133766 0.0134573 -0.0291454 0.999395
1305031465.583570 -1.31381 0.17915 -0.360057 0.0207895 0.00479822 -0.0225824 0.999517
1305031465.615685 -1.29349 0.195054 -0.367335 0.0267462 -0.000332874 -0.0147424 0.999533
1305031465.651645 -1.27358 0.209789 -0.373379 0.0321129 -0.00852444 -0.00533489 0.999434
1305031465.684759 -1.24553 0.226381 -0.379843 0.0386228 -0.01966 0.00244178 0.999057
1305031465.716279 -1.22091 0.243749 -0.386374 0.0461255 -0.0262513 0.00890599 0.998551
1305031465.753153 -1.19865 0.264785 -0.392395 0.0552148 -0.0312549 0.017852 0.997826
1305031465.784387 -1.17423 0.285634 -0.397956 0.0625455 -0.036734 0.0248623 0.997056
1305031465.816591 -1.15124 0.301451 -0.402456 0.0697428 -0.0409113 0.0305125 0.996259
1305031465.852860 -1.12569 0.325493 -0.408166 0.081821 -0.0450236 0.0358256 0.994985
1305031465.884370 -1.09895 0.354359 -0.412534 0.0905135 -0.0460943 0.0383054 0.99409
1305031465.912828 -1.07584 0.370693 -0.415203 0.0941261 -0.0412074 0.0397706 0.993912
1305031465.952840 -1.05545 0.390645 -0.420011 0.103686 -0.0340202 0.0402636 0.993212
1305031465.984183 -1.03881 0.414849 -0.425043 0.11343 -0.0272609 0.0374642 0.992465
1305031466.016599 -1.02202 0.438727 -0.429884 0.120434 -0.0242048 0.0360304 0.991772
1305031466.052655 -1.00631 0.465877 -0.434327 0.12378 -0.0232732 0.036329 0.991371
1305031466.083913 -0.993227 0.487012 -0.438086 0.120859 -0.0235613 0.0382453 0.991653
1305031466.116400 -0.979612 0.50634 -0.44374 0.116511 -0.0275257 0.0385578 0.992059
1305031466.152540 -0.967875 0.523497 -0.452106 0.111399 -0.032305 0.0398778 0.99245
1305031466.184186 -0.957431 0.542112 -0.462395 0.105777 -0.0393304 0.0413915 0.992749
1305031466.220477 -0.943913 0.55625 -0.47279 0.0962581 -0.0485979 0.0393317 0.993391
1305031466.252491 -0.924004 0.561106 -0.483635 0.0882102 -0.0555641 0.0328063 0.99401
1305031466.284389 -0.905938 0.570651 -0.499431 0.088455 -0.0540138 0.0227047 0.994355
1305031466.320055 -0.890606 0.583485 -0.513509 0.0898827 -0.0463214 0.011921 0.994803
1305031466.352082 -0.876842 0.59484 -0.526882 0.08685 -0.0372997 0.00451562 0.995513
1305031466.384479 -0.865303 0.593195 -0.541179 0.0812533 -0.0312887 0.000734513 0.996202
1305031466.420844 -0.854681 0.600672 -0.555616 0.0852047 -0.0302966 -0.00249222 0.9959
1305031466.452369 -0.838533 0.615794 -0.567422 0.0891415 -0.0352797 -0.00689004 0.99537
1305031466.483315 -0.818559 0.626859 -0.57527 0.0870941 -0.0414019 -0.00945062 0.995295
1305031466.519548 -0.795886 0.63245 -0.582268 0.083852 -0.0437125 -0.0103632 0.995465
1305031466.552219 -0.775812 0.643056 -0.589374 0.0830719 -0.0411302 -0.0115387 0.995628
1305031466.584438 -0.754511 0.656476 -0.594201 0.0787078 -0.0413493 -0.014281 0.995937
1305031466.620424 -0.730403 0.656539 -0.596424 0.0699745 -0.0419035 -0.0179715 0.996506
1305031466.648654 -0.713048 0.657022 -0.601203 0.0707312 -0.0380698 -0.0211306 0.996545
1305031466.684412 -0.691821 0.672382 -0.606369 0.0763736 -0.0388535 -0.027058 0.995954
1305031466.719744 -0.669653 0.680502 -0.6094 0.0727104 -0.0425069 -0.0371125 0.995756
1305031466.748734 -0.649368 0.676687 -0.611895 0.0692327 -0.0436228 -0.0459076 0.995588
1305031466.784300 -0.634358 0.6823 -0.617463 0.0747269 -0.0429068 -0.0520103 0.994922
1305031466.819502 -0.614739 0.693088 -0.621698 0.0770462 -0.0476505 -0.05618 0.994302
1305031466.851527 -0.60051 0.694135 -0.624905 0.0737154 -0.0524475 -0.0569915 0.994267
1305031466.883430 -0.587782 0.696058 -0.628534 0.0751123 -0.0610696 -0.0562708 0.993711
1305031466.919411 -0.570435 0.699862 -0.633874 0.076924 -0.0751626 -0.0588651 0.992456
1305031466.952451 -0.553312 0.701283 -0.639891 0.0770105 -0.0870518 -0.0606678 0.991368
1305031466.984027 -0.533918 0.703197 -0.644209 0.0780788 -0.0946894 -0.0634083 0.990413
1305031467.020424 -0.516213 0.704921 -0.647852 0.0786806 -0.0996569 -0.0677167 0.989592
1305031467.052391 -0.498921 0.706188 -0.652623 0.0786506 -0.103317 -0.0718176 0.98893
1305031467.084130 -0.481989 0.710125 -0.655157 0.0782339 -0.105412 -0.0761241 0.988419
1305031467.120528 -0.468671 0.711613 -0.657638 0.0776302 -0.107107 -0.0846274 0.987593
1305031467.152363 -0.45491 0.712148 -0.660454 0.0785784 -0.109862 -0.0933971 0.986424
1305031467.184216 -0.441323 0.714336 -0.662879 0.0802295 -0.113895 -0.0991117 0.985276
1305031467.220466 -0.427046 0.716012 -0.665653 0.0811387 -0.12033 -0.104487 0.98388
1305031467.252275 -0.413038 0.716364 -0.668869 0.0822667 -0.126256 -0.109961 0.982446
1305031467.284258 -0.398956 0.717981 -0.671947 0.0845463 -0.131658 -0.116075 0.980839
1305031467.318028 -0.384045 0.72158 -0.675142 0.0867491 -0.137468 -0.121882 0.979143
1305031467.349355 -0.369057 0.727696 -0.67847 0.0868077 -0.143849 -0.124976 0.977831
1305031467.383844 -0.353572 0.731503 -0.680833 0.0828548 -0.15128 -0.129262 0.976494
1305031467.420160 -0.339093 0.731575 -0.683677 0.0793698 -0.15786 -0.133851 0.975123
1305031467.452057 -0.325719 0.731755 -0.689045 0.0784553 -0.163829 -0.136092 0.973901
1305031467.484357 -0.308436 0.736693 -0.694753 0.0767892 -0.171188 -0.139997 0.972213
1305031467.520535 -0.292315 0.74058 -0.696336 0.0728672 -0.176319 -0.146681 0.970611
1305031467.552164 -0.278506 0.736922 -0.698358 0.0700375 -0.178147 -0.150828 0.96985
1305031467.584354 -0.264283 0.736286 -0.699871 0.0701029 -0.179771 -0.150726 0.969561
1305031467.618680 -0.2519 0.73182 -0.69919 0.0699075 -0.183567 -0.149078 0.969119
1305031467.651977 -0.240254 0.724067 -0.699125 0.0734573 -0.189057 -0.147059 0.968109
1305031467.686044 -0.226409 0.721975 -0.698552 0.0784382 -0.193779 -0.147138 0.966772
1305031467.718326 -0.213661 0.7158 -0.692356 0.0820018 -0.197163 -0.151361 0.965139
1305031467.752580 -0.203839 0.706106 -0.687317 0.0865959 -0.199415 -0.154778 0.963732
1305031467.788562 -0.19387 0.699517 -0.680803 0.0915699 -0.202454 -0.157671 0.962168
1305031467.820454 -0.184723 0.689084 -0.671645 0.0950966 -0.205602 -0.159293 0.96089
1305031467.852678 -0.178679 0.677386 -0.661246 0.100618 -0.209567 -0.157554 0.959757
1305031467.888472 -0.170411 0.670782 -0.649124 0.107089 -0.216941 -0.15648 0.957592
1305031467.920800 -0.161133 0.661611 -0.634743 0.110946 -0.22577 -0.159079 0.954679
1305031467.952485 -0.155395 0.646836 -0.620842 0.11479 -0.231951 -0.160827 0.952448
1305031467.988523 -0.144958 0.64125 -0.605569 0.120816 -0.236415 -0.162751 0.950275
1305031468.020491 -0.135814 0.62933 -0.587989 0.120298 -0.239169 -0.166257 0.949045
1305031468.052668 -0.133571 0.611569 -0.574372 0.121213 -0.240422 -0.168831 0.948157
1305031468.088379 -0.126977 0.601965 -0.559728 0.12524 -0.244254 -0.170759 0.946307
1305031468.120522 -0.120009 0.587494 -0.543306 0.12413 -0.248021 -0.17258 0.945142
1305031468.152356 -0.114396 0.570379 -0.528741 0.123698 -0.250555 -0.175069 0.944072
1305031468.188327 -0.106649 0.556368 -0.513486 0.124158 -0.252673 -0.178637 0.942778
1305031468.220648 -0.100754 0.53711 -0.499222 0.121417 -0.25325 -0.180118 0.942698
1305031468.252517 -0.092864 0.517447 -0.485268 0.119547 -0.253286 -0.179364 0.943071
1305031468.288361 -0.0859209 0.497992 -0.472881 0.117762 -0.252396 -0.179399 0.943528
1305031468.320522 -0.0813387 0.472918 -0.462453 0.115614 -0.250849 -0.178659 0.944346
1305031468.352594 -0.0763543 0.455737 -0.456765 0.117745 -0.247985 -0.175061 0.945512
1305031468.384700 -0.0697441 0.442294 -0.448331 0.117506 -0.247136 -0.173096 0.946126
1305031468.420595 -0.0661971 0.420039 -0.442423 0.111712 -0.246786 -0.173532 0.946839
1305031468.452605 -0.0628392 0.399841 -0.437051 0.108734 -0.246972 -0.171994 0.947417
1305031468.488646 -0.0573673 0.380868 -0.431235 0.10577 -0.247234 -0.171553 0.947764
1305031468.520786 -0.0563295 0.356591 -0.427346 0.102468 -0.245517 -0.17612 0.947736
1305031468.552701 -0.0587604 0.334303 -0.426654 0.105112 -0.243992 -0.183414 0.946456
1305031468.588614 -0.0602722 0.322624 -0.425994 0.110359 -0.243969 -0.189794 0.944605
1305031468.620590 -0.0632676 0.305831 -0.423462 0.106123 -0.244895 -0.192828 0.944236
1305031468.656644 -0.0706173 0.281418 -0.423426 0.100392 -0.246708 -0.194628 0.944021
1305031468.688643 -0.0775246 0.260569 -0.423008 0.101555 -0.251656 -0.197393 0.942015
1305031468.720560 -0.0833658 0.243756 -0.422563 0.105127 -0.257034 -0.199337 0.939759
1305031468.756725 -0.0888901 0.227216 -0.420617 0.106192 -0.261781 -0.200022 0.938182
1305031468.788562 -0.094694 0.207769 -0.419137 0.107429 -0.264585 -0.203015 0.93661
1305031468.817997 -0.102225 0.191672 -0.419154 0.11409 -0.265432 -0.209139 0.934232
1305031468.854887 -0.102761 0.183438 -0.415286 0.119568 -0.266712 -0.213459 0.932204
1305031468.889220 -0.105457 0.171817 -0.410559 0.118433 -0.263896 -0.216993 0.932334
1305031468.920539 -0.110457 0.161727 -0.407722 0.115094 -0.258166 -0.216368 0.934499
1305031468.956482 -0.113194 0.157986 -0.404928 0.110547 -0.252693 -0.212628 0.937398
1305031468.986011 -0.111987 0.163505 -0.398014 0.102541 -0.250116 -0.213436 0.938814
1305031469.020731 -0.118677 0.154667 -0.391583 0.0841907 -0.24678 -0.220492 0.939891
1305031469.056318 -0.127191 0.145557 -0.387019 0.0687473 -0.24335 -0.227285 0.940423
1305031469.088069 -0.128492 0.1412 -0.376869 0.0582503 -0.243158 -0.236306 0.938957
1305031469.119984 -0.130125 0.13217 -0.365342 0.0462271 -0.238835 -0.248086 0.937696
1305031469.155046 -0.134332 0.124444 -0.354746 0.0355485 -0.230391 -0.256902 0.937901
1305031469.184648 -0.139657 0.116045 -0.344899 0.0264028 -0.22084 -0.263079 0.938787
1305031469.219541 -0.146454 0.112925 -0.335873 0.0211994 -0.212539 -0.266436 0.939888
1305031469.256002 -0.150217 0.111347 -0.325103 0.0169676 -0.208999 -0.269863 0.93979
1305031469.288263 -0.154716 0.109538 -0.313402 0.0121904 -0.20469 -0.273127 0.93987
1305031469.319772 -0.158435 0.110838 -0.301603 0.00766849 -0.200679 -0.274758 0.940307
1305031469.356116 -0.157965 0.107977 -0.288087 0.000933039 -0.197719 -0.278444 0.939881
1305031469.388556 -0.161005 0.104239 -0.274548 -0.00313291 -0.1882 -0.283979 0.940174
1305031469.420278 -0.163913 0.109455 -0.262123 -0.00141326 -0.175886 -0.289039 0.94102
1305031469.456563 -0.168075 0.115295 -0.249351 -0.000660779 -0.16499 -0.295293 0.941052
1305031469.488520 -0.175898 0.122012 -0.235076 -0.000800341 -0.156971 -0.29981 0.940996
1305031469.520417 -0.178486 0.129258 -0.221257 -0.00296693 -0.155835 -0.300387 0.940996
1305031469.556139 -0.179271 0.136235 -0.207756 -0.00825652 -0.157013 -0.30083 0.940628
1305031469.588500 -0.180449 0.144761 -0.194176 -0.0153215 -0.157482 -0.300213 0.940658
1305031469.620563 -0.18189 0.15387 -0.180052 -0.0236465 -0.156583 -0.300342 0.940594
1305031469.656279 -0.186014 0.163301 -0.165529 -0.0301718 -0.153018 -0.299845 0.941153
1305031469.687925 -0.1884 0.172586 -0.152769 -0.0344529 -0.149359 -0.298745 0.941943
1305031469.718943 -0.191814 0.182994 -0.139883 -0.0391427 -0.144994 -0.297484 0.942841
1305031469.756754 -0.19527 0.195392 -0.127725 -0.0441814 -0.140574 -0.294428 0.944245
1305031469.784733 -0.19999 0.210541 -0.115782 -0.0493925 -0.138048 -0.290725 0.945506
1305031469.820544 -0.205797 0.223303 -0.105435 -0.0552317 -0.138113 -0.287638 0.946118
1305031469.854359 -0.212806 0.239495 -0.0956824 -0.0605599 -0.138878 -0.284581 0.946604
1305031469.885343 -0.221515 0.254035 -0.0869789 -0.0661996 -0.139139 -0.282207 0.946899
1305031469.921773 -0.230566 0.270925 -0.0788682 -0.0696118 -0.139709 -0.278157 0.947768
1305031469.953180 -0.241471 0.286101 -0.0720407 -0.0720091 -0.14129 -0.276058 0.947968
1305031469.985327 -0.252436 0.300678 -0.066284 -0.0741158 -0.142818 -0.274555 0.948013
1305031470.024714 -0.263169 0.316058 -0.0622885 -0.0761666 -0.144066 -0.273165 0.948064
1305031470.057400 -0.275378 0.331218 -0.0590698 -0.0784324 -0.144074 -0.272703 0.948011
1305031470.088874 -0.287713 0.34613 -0.0574194 -0.0802267 -0.143076 -0.271031 0.948491
1305031470.124820 -0.29942 0.360167 -0.0568778 -0.0833693 -0.142202 -0.269107 0.948899
1305031470.156744 -0.310828 0.375462 -0.0564435 -0.0865836 -0.142231 -0.265916 0.949506
1305031470.188876 -0.323911 0.388958 -0.0579531 -0.0893556 -0.142629 -0.263101 0.949974
1305031470.224776 -0.33595 0.401863 -0.0591637 -0.0926923 -0.142706 -0.260435 0.950377
1305031470.253015 -0.347266 0.414983 -0.0608115 -0.0967597 -0.142197 -0.257285 0.950906
1305031470.287867 -0.359004 0.427505 -0.0625427 -0.101766 -0.141043 -0.254761 0.951235
1305031470.324266 -0.371268 0.440611 -0.0634817 -0.10751 -0.13995 -0.251968 0.951508
1305031470.356871 -0.384063 0.452058 -0.0651307 -0.113804 -0.139988 -0.248051 0.9518
1305031470.388056 -0.396687 0.463608 -0.067045 -0.117977 -0.14072 -0.244881 0.952004
1305031470.424090 -0.409443 0.473946 -0.0689795 -0.119909 -0.141946 -0.245098 0.951525
1305031470.455875 -0.422466 0.482651 -0.0723767 -0.120833 -0.142523 -0.245256 0.951281
1305031470.487958 -0.435488 0.490858 -0.075822 -0.120512 -0.143149 -0.244184 0.951504
1305031470.524431 -0.447074 0.498409 -0.0790639 -0.120285 -0.14388 -0.243815 0.951517
1305031470.556484 -0.45793 0.505653 -0.0815805 -0.120826 -0.143773 -0.243965 0.951426
1305031470.588797 -0.468962 0.511523 -0.0833136 -0.122777 -0.143134 -0.241973 0.951781
1305031470.624535 -0.478886 0.518314 -0.0850083 -0.12436 -0.142723 -0.238684 0.952468
1305031470.656787 -0.489012 0.523977 -0.0863916 -0.126858 -0.142216 -0.234638 0.953219
1305031470.688640 -0.49949 0.529904 -0.0875118 -0.12928 -0.14205 -0.231092 0.953785
1305031470.724461 -0.51023 0.533928 -0.0883257 -0.131155 -0.142491 -0.230267 0.953662
1305031470.755944 -0.51897 0.535002 -0.0899624 -0.133317 -0.140708 -0.229218 0.95388
1305031470.788407 -0.526243 0.540904 -0.0908954 -0.133881 -0.136457 -0.224442 0.955553
1305031470.820633 -0.53486 0.543979 -0.0914742 -0.133408 -0.134269 -0.220711 0.956797
1305031470.855509 -0.544729 0.544763 -0.0933657 -0.13063 -0.134068 -0.216712 0.958122
1305031470.886079 -0.554203 0.546699 -0.0956485 -0.126609 -0.134353 -0.211924 0.959691
1305031470.924410 -0.563939 0.547821 -0.0978712 -0.123427 -0.136192 -0.206907 0.960941
1305031470.956439 -0.574766 0.546511 -0.101047 -0.117828 -0.13852 -0.204624 0.961799
1305031470.988276 -0.5841 0.546085 -0.105164 -0.109224 -0.139913 -0.202511 0.96306
1305031471.024309 -0.593615 0.543606 -0.108434 -0.102637 -0.138466 -0.200199 0.964476
1305031471.056616 -0.602883 0.541767 -0.111896 -0.0942066 -0.13585 -0.195939 0.96658
1305031471.088440 -0.611316 0.54072 -0.115907 -0.0860604 -0.134162 -0.189185 0.968919
1305031471.123837 -0.619399 0.539767 -0.118854 -0.0797402 -0.134033 -0.182628 0.970734
1305031471.155886 -0.625834 0.53905 -0.121974 -0.0740195 -0.134046 -0.175904 0.972425
1305031471.192698 -0.631878 0.539083 -0.12465 -0.0702027 -0.132027 -0.169723 0.974081
1305031471.224404 -0.639062 0.539254 -0.126772 -0.0692348 -0.128212 -0.164212 0.975604
1305031471.256397 -0.645885 0.538492 -0.127555 -0.0698993 -0.12555 -0.1605 0.97652
1305031471.288603 -0.653048 0.536156 -0.1286 -0.07053 -0.122952 -0.156704 0.977421
1305031471.324440 -0.657925 0.534968 -0.130383 -0.0680182 -0.119835 -0.153138 0.978551
1305031471.356569 -0.661339 0.536215 -0.132541 -0.0646892 -0.113754 -0.150744 0.979873
1305031471.392751 -0.668195 0.532213 -0.134144 -0.0665439 -0.105229 -0.146675 0.981318
1305031471.424494 -0.67432 0.531183 -0.137302 -0.0638918 -0.10055 -0.139811 0.982985
1305031471.456975 -0.678695 0.531737 -0.14015 -0.0615175 -0.0998194 -0.133586 0.984076
1305031471.492705 -0.682552 0.531306 -0.142138 -0.0623034 -0.0995174 -0.129512 0.984602
1305031471.524343 -0.687144 0.530437 -0.144761 -0.0633682 -0.0984042 -0.12515 0.98521
1305031471.556561 -0.689833 0.530437 -0.147499 -0.0634872 -0.0974156 -0.122623 0.985618
1305031471.592606 -0.693163 0.530055 -0.150688 -0.0639893 -0.0934796 -0.120585 0.986218
1305031471.624486 -0.695723 0.530314 -0.153698 -0.0632482 -0.0888438 -0.118967 0.986891
1305031471.656831 -0.69876 0.529614 -0.156986 -0.0625228 -0.083586 -0.116549 0.987684
1305031471.693182 -0.701032 0.530691 -0.160386 -0.060099 -0.079122 -0.112044 0.988723
1305031471.724753 -0.702809 0.533107 -0.163471 -0.0587997 -0.0752154 -0.107058 0.989658
1305031471.753002 -0.703476 0.532141 -0.165124 -0.0610126 -0.0716103 -0.101838 0.990343
1305031471.792706 -0.704342 0.534581 -0.167472 -0.0596843 -0.0659762 -0.0944565 0.991546
1305031471.823821 -0.705757 0.539719 -0.169127 -0.0592892 -0.0603647 -0.0868563 0.992621
1305031471.855793 -0.707665 0.540957 -0.169604 -0.063699 -0.0564497 -0.0802102 0.993138
1305031471.892838 -0.709784 0.544593 -0.170576 -0.0659921 -0.0522565 -0.0737303 0.993719
1305031471.924928 -0.711778 0.546906 -0.170669 -0.0709529 -0.0473437 -0.0686366 0.993989
1305031471.957162 -0.714692 0.546549 -0.169806 -0.0752826 -0.0406838 -0.0671339 0.994068
1305031471.993177 -0.717084 0.553506 -0.17108 -0.0719285 -0.0334338 -0.0642431 0.994777
1305031472.024660 -0.720871 0.558209 -0.170598 -0.0756184 -0.0265888 -0.0604694 0.994946
1305031472.058063 -0.724585 0.558482 -0.169169 -0.0812815 -0.0214263 -0.0579804 0.994773
1305031472.092883 -0.728871 0.562662 -0.169848 -0.0801483 -0.0161503 -0.0532201 0.99523
1305031472.124760 -0.73353 0.56821 -0.169146 -0.0815034 -0.0118685 -0.0486078 0.995416
1305031472.156982 -0.738457 0.565073 -0.167322 -0.0892077 -0.00984908 -0.0466183 0.994873
1305031472.192890 -0.742268 0.564069 -0.167387 -0.0887711 -0.00858144 -0.0436278 0.995059
1305031472.224678 -0.745843 0.565121 -0.168342 -0.0856057 -0.00703625 -0.0399976 0.995501
1305031472.256642 -0.749014 0.562992 -0.168045 -0.084965 -0.00514081 -0.0387665 0.995616
1305031472.293139 -0.750416 0.560761 -0.169054 -0.0805626 -0.00366599 -0.0373212 0.996044
1305031472.324844 -0.753168 0.562961 -0.170836 -0.0731711 -0.00143005 -0.0346257 0.996717
1305031472.360912 -0.754859 0.563814 -0.171709 -0.0707202 -0.000653342 -0.0328946 0.996953
1305031472.392956 -0.756655 0.56233 -0.171286 -0.0713177 -0.00145349 -0.0310521 0.996969
1305031472.424694 -0.757243 0.558747 -0.17168 -0.0713214 -0.00413539 -0.0302463 0.996986
1305031472.460919 -0.756795 0.556457 -0.172158 -0.0696753 -0.00632063 -0.0312273 0.997061
1305031472.492972 -0.75658 0.554757 -0.172614 -0.0690292 -0.00551875 -0.032221 0.997079
1305031472.524781 -0.756156 0.549046 -0.171939 -0.0712372 -0.00370732 -0.031778 0.996946
1305031472.561296 -0.755603 0.544741 -0.172429 -0.0685094 -0.00383212 -0.0301183 0.997188
1305031472.592968 -0.754081 0.544404 -0.173668 -0.0625341 -0.0053916 -0.027733 0.997643
1305031472.624647 -0.752114 0.5424 -0.173617 -0.0612363 -0.00684066 -0.0253872 0.997777
1305031472.660836 -0.750773 0.53839 -0.172786 -0.0617399 -0.00776828 -0.0239069 0.997776
1305031472.693008 -0.749423 0.5343 -0.17213 -0.0611455 -0.00853036 -0.0222455 0.997844
1305031472.724752 -0.747813 0.530013 -0.171451 -0.0599082 -0.0095422 -0.0217972 0.99792
1305031472.760654 -0.74597 0.527626 -0.170714 -0.0574476 -0.0100749 -0.0228338 0.998037
1305031472.792775 -0.74496 0.524377 -0.169528 -0.0561765 -0.00922542 -0.0243569 0.998081
1305031472.824692 -0.744742 0.521458 -0.168663 -0.0541994 -0.0080912 -0.0244623 0.998198
1305031472.860936 -0.74421 0.519758 -0.16752 -0.0519821 -0.00807876 -0.0238673 0.99833
1305031472.892944 -0.743887 0.519263 -0.166451 -0.0506653 -0.00901567 -0.0218139 0.998437
1305031472.924814 -0.742939 0.517476 -0.164869 -0.0512631 -0.0104742 -0.0202551 0.998425
1305031472.961213 -0.742446 0.516483 -0.163661 -0.051111 -0.0106976 -0.0188182 0.998458
1305031472.992815 -0.74228 0.516159 -0.162668 -0.0512504 -0.0110461 -0.0178086 0.998466
1305031473.024564 -0.742676 0.515755 -0.161762 -0.0518991 -0.0120859 -0.0176329 0.998424
1305031473.060795 -0.742244 0.514318 -0.160736 -0.0531232 -0.0131281 -0.0185399 0.99833
1305031473.092012 -0.742106 0.513206 -0.160222 -0.0533379 -0.0126543 -0.0203796 0.998288
1305031473.124072 -0.742236 0.512232 -0.159538 -0.0535423 -0.0116363 -0.0220042 0.998255
1305031473.158420 -0.743439 0.511211 -0.159402 -0.0533235 -0.0110866 -0.0225121 0.998262
1305031473.190828 -0.742775 0.51032 -0.159477 -0.05233 -0.0121535 -0.0230751 0.998289
