1305031526.688356 0 0 0 0 0 0 1
1305031526.721587 0.00200431 -0.00248026 -0.00533827 0.0120858 0.0111949 0.00219976 0.999862
1305031526.755957 0.00416196 -0.00343344 -0.0136285 0.0282432 0.0234329 0.0023145 0.999324
1305031526.788681 0.00512659 -0.00822109 -0.0213815 0.04466 0.0362242 0.00207479 0.998343
1305031526.822643 0.00403296 -0.0170728 -0.0335423 0.0702246 0.0499743 -0.00172765 0.996277
1305031526.856844 8.87325e-05 -0.00499846 -0.0476449 0.0954983 0.0614185 -0.00468624 0.993522
1305031526.888465 0.000833609 -0.0116392 -0.0591779 0.112125 0.0699821 -0.00962248 0.99118
1305031526.920578 -0.00369114 -0.00743141 -0.0692221 0.134235 0.0813427 -0.0128775 0.987521
1305031526.955033 -0.00655323 -0.00815714 -0.0799074 0.151657 0.09083 -0.0141248 0.98415
1305031526.987606 -0.00969274 -0.00986104 -0.0906073 0.16981 0.0988865 -0.0163862 0.980366
1305031527.020791 -0.0138275 -0.00634246 -0.0989438 0.184232 0.105992 -0.0164002 0.977013
1305031527.055070 -0.0175044 -0.00657377 -0.106298 0.199287 0.112884 -0.0172737 0.973264
1305031527.086965 -0.0163259 -0.00306697 -0.116295 0.214092 0.118645 -0.0174258 0.969425
1305031527.119854 -0.0213379 -0.000888628 -0.122713 0.222032 0.123786 -0.0158256 0.96702
1305031527.155465 -0.022595 0.000587896 -0.129293 0.232801 0.128438 -0.0169861 0.963856
1305031527.186447 -0.0233945 0.0113723 -0.13476 0.241426 0.132527 -0.0156033 0.961201
1305031527.222219 -0.0241144 0.0142605 -0.137366 0.241145 0.134153 -0.0141433 0.961068
1305031527.256275 -0.0269817 0.022624 -0.136666 0.238955 0.135692 -0.0142626 0.961397
1305031527.287060 -0.0320645 0.0293044 -0.134676 0.231669 0.136523 -0.0106655 0.963108
1305031527.323213 -0.0350811 0.0325541 -0.132042 0.222163 0.134622 -0.0075069 0.965642
1305031527.355197 -0.0346137 0.0367185 -0.127946 0.212986 0.130986 -0.00283273 0.968231
1305031527.388471 -0.0339131 0.0414073 -0.123726 0.203989 0.12918 -0.000169997 0.970413
1305031527.422926 -0.0322188 0.0446875 -0.11938 0.194297 0.128913 0.00269353 0.972431
1305031527.455773 -0.0315799 0.0487558 -0.11526 0.18436 0.129294 0.0057329 0.974301
1305031527.486055 -0.0324369 0.0494347 -0.111728 0.174409 0.129148 0.00780496 0.976136
1305031527.522397 -0.0325735 0.0533441 -0.107326 0.164913 0.128672 0.00874337 0.97784
1305031527.554573 -0.033409 0.0589452 -0.101884 0.155157 0.129303 0.0096039 0.979344
1305031527.586987 -0.0337968 0.0648718 -0.0970086 0.142959 0.129458 0.0100613 0.981174
1305031527.622793 -0.0348953 0.0682231 -0.0920446 0.129161 0.129728 0.0106299 0.983044
1305031527.656028 -0.0402593 0.0745891 -0.0858822 0.115244 0.129063 0.0102892 0.984863
1305031527.688563 -0.0455825 0.0778232 -0.0802509 0.0974527 0.124317 0.0105901 0.987389
1305031527.721751 -0.0456581 0.0746102 -0.0764563 0.0835788 0.115836 0.0121462 0.989671
1305031527.756472 -0.0455143 0.0735654 -0.0734553 0.0731064 0.108638 0.0134013 0.991299
1305031527.789333 -0.0522457 0.0781803 -0.0698649 0.066242 0.104631 0.0145231 0.992196
1305031527.825562 -0.0598586 0.0767389 -0.0676979 0.0565893 0.0989995 0.0157831 0.993352
1305031527.857855 -0.0695366 0.0774157 -0.0649676 0.0515708 0.0909558 0.0162837 0.994385
1305031527.887866 -0.0778941 0.0846014 -0.0617385 0.0466146 0.0794084 0.013446 0.995661
1305031527.922214 -0.0862565 0.0836821 -0.0567016 0.037832 0.0672664 0.00925399 0.996975
1305031527.954490 -0.0977945 0.0732655 -0.0553356 0.0312705 0.0538179 0.00249476 0.998058
1305031527.987977 -0.108847 0.0781888 -0.0531731 0.0355465 0.0376945 -0.0117604 0.998588
1305031528.025614 -0.121984 0.0810186 -0.0520896 0.0359074 0.0223039 -0.0268741 0.998745
1305031528.056126 -0.133722 0.0767922 -0.050391 0.0370571 0.00417354 -0.0429617 0.998381
1305031528.085297 -0.146744 0.0790637 -0.0502385 0.0434839 -0.0116635 -0.0589435 0.997246
1305031528.124333 -0.157391 0.0794195 -0.0523083 0.0484078 -0.0292183 -0.0748223 0.995593
1305031528.151873 -0.17066 0.0836502 -0.0521456 0.0543662 -0.0458082 -0.0927687 0.993146
1305031528.186872 -0.180466 0.0833537 -0.0536944 0.0572437 -0.0602716 -0.110507 0.990393
1305031528.220887 -0.189564 0.07996 -0.057489 0.0620834 -0.0711232 -0.128208 0.987244
1305031528.251953 -0.201218 0.0835591 -0.0623719 0.0716657 -0.0790258 -0.14322 0.983924
1305031528.284263 -0.218079 0.0878949 -0.068115 0.0782486 -0.0890785 -0.155548 0.980687
1305031528.321639 -0.236037 0.0915487 -0.0718233 0.0869271 -0.108161 -0.168977 0.975803
1305031528.355032 -0.248791 0.0959422 -0.0779256 0.0958836 -0.131281 -0.179053 0.970315
1305031528.384839 -0.264329 0.0989062 -0.0854994 0.100334 -0.153817 -0.184769 0.965471
1305031528.424006 -0.276584 0.102658 -0.0918148 0.105413 -0.181562 -0.190135 0.959047
1305031528.453962 -0.288493 0.104607 -0.103416 0.108084 -0.210209 -0.196981 0.951488
1305031528.490720 -0.297202 0.108009 -0.10702 0.1093 -0.239756 -0.201962 0.943282
1305031528.524649 -0.291961 0.100756 -0.0925501 0.113918 -0.282486 -0.208096 0.929473
1305031528.557069 -0.299611 0.10713 -0.0973699 0.111418 -0.311352 -0.213781 0.919208
1305031528.592924 -0.312891 0.111336 -0.104629 0.104782 -0.334004 -0.218633 0.910858
1305031528.623407 -0.317762 0.118233 -0.110282 0.100567 -0.355841 -0.223396 0.901863
1305031528.654033 -0.322073 0.128944 -0.114187 0.0949406 -0.372411 -0.230274 0.894019
1305031528.692143 -0.328299 0.13571 -0.118899 0.0856746 -0.382958 -0.238149 0.888419
1305031528.725000 -0.331783 0.144423 -0.122951 0.0781314 -0.390664 -0.24619 0.883554
1305031528.756620 -0.334436 0.15732 -0.125969 0.0713681 -0.395076 -0.25424 0.879877
1305031528.792160 -0.339376 0.169812 -0.131728 0.0619442 -0.395808 -0.262231 0.877915
1305031528.824057 -0.345528 0.184854 -0.137225 0.0512948 -0.396598 -0.269511 0.876038
1305031528.856114 -0.350829 0.20119 -0.1435 0.0411176 -0.397063 -0.276967 0.874036
1305031528.892684 -0.355697 0.216763 -0.147848 0.0291682 -0.397064 -0.284092 0.872228
1305031528.924061 -0.363753 0.228408 -0.15239 0.0139585 -0.39514 -0.290414 0.871395
1305031528.956027 -0.373302 0.242133 -0.158865 -0.000677452 -0.392388 -0.291269 0.872464
1305031528.991870 -0.378819 0.258847 -0.164277 -0.0128002 -0.39021 -0.289015 0.874095
1305031529.024164 -0.386095 0.274782 -0.168757 -0.0276663 -0.384765 -0.287478 0.876668
1305031529.057246 -0.396307 0.28738 -0.172287 -0.0440977 -0.374954 -0.282766 0.881765
1305031529.092696 -0.406388 0.301327 -0.178354 -0.0573777 -0.361483 -0.272893 0.889701
1305031529.124051 -0.41732 0.317811 -0.185797 -0.0694155 -0.346918 -0.25892 0.898771
1305031529.156187 -0.428922 0.334999 -0.195057 -0.0833378 -0.332159 -0.241774 0.907893
1305031529.192085 -0.440313 0.354844 -0.205389 -0.0976487 -0.317515 -0.225795 0.915787
1305031529.224200 -0.452146 0.373089 -0.213725 -0.11313 -0.303393 -0.214827 0.921414
1305031529.256728 -0.464801 0.389127 -0.221516 -0.128043 -0.288233 -0.210293 0.925367
1305031529.291235 -0.482386 0.401166 -0.231035 -0.143594 -0.269886 -0.208035 0.92912
1305031529.323356 -0.501028 0.416311 -0.245008 -0.156491 -0.251787 -0.205713 0.932628
1305031529.355813 -0.52283 0.41951 -0.252733 -0.174322 -0.241164 -0.20484 0.932466
1305031529.388855 -0.543206 0.428155 -0.263897 -0.181209 -0.236143 -0.206377 0.932099
1305031529.423010 -0.561935 0.434227 -0.273508 -0.18252 -0.232927 -0.210193 0.9318
1305031529.457448 -0.581711 0.44371 -0.28509 -0.180313 -0.227676 -0.212728 0.932951
1305031529.491343 -0.600185 0.448219 -0.291783 -0.178157 -0.223971 -0.215903 0.933532
1305031529.522171 -0.619151 0.453474 -0.301212 -0.171301 -0.217138 -0.218848 0.935742
1305031529.556350 -0.637257 0.462071 -0.311869 -0.163617 -0.208479 -0.218384 0.939188
1305031529.593324 -0.654466 0.469239 -0.31948 -0.16102 -0.201277 -0.216357 0.941674
1305031529.623772 -0.671418 0.475145 -0.325334 -0.162058 -0.194579 -0.211588 0.943984
1305031529.657753 -0.688021 0.481811 -0.32982 -0.163994 -0.187063 -0.203896 0.946858
1305031529.692840 -0.704047 0.486516 -0.332993 -0.168296 -0.179808 -0.19513 0.949352
1305031529.725566 -0.71798 0.491191 -0.334394 -0.171703 -0.173132 -0.188091 0.951402
1305031529.759598 -0.731515 0.491725 -0.333298 -0.176776 -0.163818 -0.183004 0.953113
1305031529.792805 -0.747235 0.485341 -0.328658 -0.181386 -0.151729 -0.178387 0.955121
1305031529.825293 -0.765224 0.490008 -0.331705 -0.174023 -0.1365 -0.17306 0.959757
1305031529.859548 -0.785292 0.490218 -0.332163 -0.172887 -0.124349 -0.16227 0.963491
1305031529.891119 -0.806042 0.489131 -0.332319 -0.171583 -0.115348 -0.15017 0.9668
1305031529.925850 -0.826407 0.490108 -0.33379 -0.167155 -0.109848 -0.137805 0.970053
1305031529.960102 -0.847024 0.491568 -0.336009 -0.164502 -0.104383 -0.126856 0.9726
1305031529.992331 -0.868807 0.491614 -0.337646 -0.165494 -0.0974833 -0.115696 0.974537
1305031530.024225 -0.891672 0.487408 -0.340204 -0.169376 -0.0917125 -0.101741 0.975986
1305031530.059982 -0.91257 0.483134 -0.345391 -0.17269 -0.088096 -0.0893576 0.976951
1305031530.091203 -0.932754 0.476967 -0.347992 -0.176396 -0.0858304 -0.0772308 0.977524
1305031530.125990 -0.953588 0.469495 -0.355393 -0.175251 -0.0837135 -0.0655378 0.978767
1305031530.159636 -0.973986 0.460484 -0.363619 -0.173614 -0.0820071 -0.0571758 0.979726
1305031530.191494 -0.992656 0.450082 -0.370901 -0.171642 -0.0809754 -0.0529448 0.980397
1305031530.224007 -1.01227 0.439269 -0.380471 -0.166406 -0.078305 -0.0504212 0.981649
1305031530.259074 -1.03111 0.429366 -0.392125 -0.158791 -0.0746447 -0.0517591 0.983125
1305031530.292738 -1.04867 0.419098 -0.403512 -0.153097 -0.0699876 -0.0532245 0.984292
1305031530.324398 -1.06571 0.41199 -0.415991 -0.146899 -0.0640835 -0.0537607 0.985608
1305031530.355958 -1.08175 0.405161 -0.428241 -0.143699 -0.057281 -0.055495 0.986402
1305031530.391987 -1.09907 0.393309 -0.438609 -0.144387 -0.0499017 -0.0557342 0.986689
1305031530.423101 -1.11771 0.381805 -0.449686 -0.141836 -0.0421185 -0.0555579 0.987432
1305031530.458850 -1.13484 0.371897 -0.46177 -0.137129 -0.0354271 -0.0553772 0.988369
1305031530.492200 -1.14776 0.359366 -0.473036 -0.133809 -0.0299908 -0.0536557 0.989099
1305031530.524323 -1.15942 0.343257 -0.483632 -0.129623 -0.0221426 -0.0527146 0.989914
1305031530.558716 -1.17201 0.325364 -0.49542 -0.119729 -0.0095191 -0.0530341 0.991343
1305031530.591301 -1.18328 0.311205 -0.511898 -0.103607 0.00607877 -0.0533866 0.993166
1305031530.623002 -1.18983 0.298226 -0.528799 -0.0879938 0.0232557 -0.0536142 0.994405
1305031530.656445 -1.20042 0.286326 -0.54417 -0.0728686 0.045992 -0.0533408 0.994852
1305031530.691015 -1.20986 0.277558 -0.560923 -0.0543449 0.0705209 -0.0510533 0.99472
1305031530.723869 -1.22151 0.272395 -0.583837 -0.0352213 0.097213 -0.0476158 0.9935
1305031530.758503 -1.23691 0.273027 -0.599866 -0.0195088 0.124474 -0.041288 0.991172
1305031530.790818 -1.25815 0.276147 -0.618539 -0.00629205 0.151358 -0.0333564 0.987896
1305031530.822584 -1.28057 0.286328 -0.633981 0.0023822 0.1737 -0.0225219 0.984538
1305031530.858371 -1.30639 0.291835 -0.643093 0.00318193 0.190659 -0.0101329 0.981599
1305031530.890688 -1.33205 0.29117 -0.645098 0.00352725 0.200012 -0.00109359 0.979786
1305031530.923878 -1.3614 0.301044 -0.644513 0.0103032 0.20206 0.00387476 0.979311
1305031530.959175 -1.39192 0.313586 -0.642503 0.0140743 0.196575 0.00527326 0.980374
1305031530.988081 -1.4205 0.323853 -0.637869 0.0128629 0.184633 0.00642143 0.982702
1305031531.027310 -1.44321 0.335067 -0.628467 0.00864761 0.168617 0.0100912 0.985592
1305031531.058516 -1.46738 0.349312 -0.616783 0.00185162 0.152008 0.0141539 0.988276
1305031531.091208 -1.49313 0.356281 -0.602458 -0.00999401 0.134223 0.0175479 0.990745
1305031531.126140 -1.51792 0.357782 -0.584112 -0.020667 0.116367 0.0219536 0.992749
1305031531.159520 -1.54329 0.361669 -0.569391 -0.026783 0.0995633 0.0264505 0.994319
1305031531.190137 -1.56883 0.369955 -0.554643 -0.0325617 0.0826036 0.0296643 0.995609
1305031531.228127 -1.59015 0.373871 -0.535643 -0.0405992 0.0640369 0.0342746 0.996532
1305031531.259840 -1.60924 0.37288 -0.515674 -0.0473387 0.0453324 0.0381278 0.997121
1305031531.290185 -1.63304 0.376945 -0.496495 -0.0476855 0.0323302 0.0412823 0.997485
1305031531.327763 -1.65212 0.384125 -0.479362 -0.0460294 0.0220236 0.0423962 0.997797
1305031531.358509 -1.66836 0.386828 -0.459564 -0.0461621 0.0167654 0.041863 0.997916
1305031531.389868 -1.68605 0.389827 -0.441675 -0.0443128 0.0183346 0.0408029 0.998016
1305031531.427177 -1.70464 0.393372 -0.425793 -0.0420866 0.0251025 0.041113 0.997952
1305031531.459698 -1.72226 0.389425 -0.407527 -0.0419371 0.0336888 0.0448057 0.997546
1305031531.492107 -1.74377 0.389374 -0.390664 -0.0386923 0.0427789 0.0480001 0.99718
1305031531.527542 -1.7642 0.388618 -0.372654 -0.0366422 0.0492964 0.0512012 0.996798
1305031531.560506 -1.78258 0.384669 -0.354745 -0.0358863 0.053603 0.0570597 0.996285
1305031531.592018 -1.80107 0.384734 -0.338638 -0.0335965 0.0581431 0.0616836 0.995834
1305031531.628037 -1.81903 0.382409 -0.323657 -0.0336705 0.0639722 0.0648501 0.995273
1305031531.659769 -1.83792 0.375795 -0.309294 -0.0340048 0.070837 0.0693515 0.994493
1305031531.693140 -1.85862 0.37337 -0.296633 -0.032135 0.0762987 0.0712973 0.994013
1305031531.727762 -1.87686 0.37128 -0.282133 -0.0313755 0.0796809 0.0703507 0.99384
1305031531.755881 -1.89655 0.367903 -0.270016 -0.0301874 0.0846081 0.0681474 0.993623
1305031531.790528 -1.91863 0.364544 -0.258304 -0.0269686 0.0902765 0.0668385 0.993305
1305031531.826931 -1.9407 0.369964 -0.245804 -0.0230934 0.0939947 0.065676 0.993136
1305031531.858402 -1.96085 0.37752 -0.233214 -0.0259642 0.096017 0.064946 0.992919
1305031531.893291 -1.97769 0.380087 -0.221262 -0.0350371 0.0980069 0.0656892 0.992397
1305031531.925080 -1.99391 0.38447 -0.209902 -0.0432124 0.102456 0.0670804 0.991532
1305031531.959262 -2.00963 0.386434 -0.198594 -0.0527147 0.108663 0.0705978 0.990166
1305031531.990634 -2.02613 0.391198 -0.187557 -0.0610787 0.115691 0.0750776 0.988559
1305031532.027524 -2.04249 0.398085 -0.176901 -0.069855 0.12292 0.0822 0.986536
1305031532.059872 -2.058 0.405192 -0.165156 -0.0816893 0.130466 0.0918449 0.983804
1305031532.092096 -2.07324 0.410971 -0.152795 -0.0951319 0.13798 0.105666 0.980177
1305031532.126073 -2.0867 0.416456 -0.138543 -0.1073 0.144802 0.123352 0.97586
1305031532.159926 -2.10147 0.421484 -0.12617 -0.117789 0.15064 0.140799 0.971395
1305031532.195623 -2.11811 0.42865 -0.11229 -0.126493 0.156655 0.160036 0.966358
1305031532.227800 -2.13359 0.432414 -0.0985737 -0.135175 0.161731 0.179479 0.960915
1305031532.260079 -2.15012 0.438983 -0.0848715 -0.141436 0.1672 0.19561 0.955917
1305031532.295824 -2.16726 0.441499 -0.0715352 -0.149957 0.173586 0.21241 0.949875
1305031532.327833 -2.18418 0.441948 -0.0580686 -0.159134 0.177493 0.229058 0.943772
1305031532.356687 -2.19917 0.439062 -0.0430959 -0.169846 0.175546 0.246105 0.93796
1305031532.396584 -2.20988 0.438575 -0.0261268 -0.177236 0.170749 0.259538 0.933848
1305031532.424572 -2.22379 0.435397 -0.0103265 -0.177222 0.167157 0.266151 0.932638
1305031532.461447 -2.23769 0.430932 0.00372378 -0.163777 0.167612 0.262116 0.936151
1305031532.494758 -2.2511 0.421972 0.0167031 -0.150372 0.169668 0.260046 0.938604
1305031532.523363 -2.2631 0.416083 0.0314702 -0.13509 0.170879 0.258933 0.941013
1305031532.558750 -2.27746 0.406433 0.0453147 -0.121015 0.172563 0.257702 0.942956
1305031532.594713 -2.29182 0.400404 0.0573582 -0.110117 0.176209 0.255709 0.94416
1305031532.626577 -2.30134 0.400586 0.0717379 -0.10339 0.183534 0.255144 0.943678
1305031532.655415 -2.31128 0.392533 0.0835357 -0.101855 0.197401 0.258397 0.940154
1305031532.692281 -2.32402 0.382317 0.0943206 -0.103397 0.212846 0.264333 0.934951
1305031532.725142 -2.33107 0.374664 0.108843 -0.110622 0.224028 0.273975 0.928715
1305031532.756518 -2.33214 0.37112 0.124059 -0.114902 0.231555 0.28411 0.923288
1305031532.793593 -2.33148 0.365497 0.138045 -0.116603 0.23827 0.290808 0.919272
1305031532.827589 -2.33274 0.359165 0.150992 -0.114947 0.248488 0.294515 0.915588
1305031532.860360 -2.33351 0.353894 0.162517 -0.112647 0.261914 0.299869 0.910379
1305031532.894951 -2.33409 0.343683 0.170981 -0.112476 0.274505 0.309879 0.903311
1305031532.927108 -2.33083 0.33773 0.182749 -0.109222 0.284484 0.322569 0.896152
1305031532.958860 -2.32553 0.330177 0.194328 -0.103673 0.291329 0.335943 0.889675
1305031532.994889 -2.32244 0.324826 0.205476 -0.0950575 0.299433 0.34839 0.883136
1305031533.027007 -2.3182 0.319422 0.215614 -0.0859072 0.308025 0.360163 0.87637
1305031533.059895 -2.31945 0.312678 0.223171 -0.0813449 0.318508 0.369173 0.86928
1305031533.095707 -2.31797 0.311456 0.231443 -0.0794114 0.328303 0.378658 0.861701
1305031533.127261 -2.30872 0.305199 0.236737 -0.0729591 0.337932 0.38829 0.85423
1305031533.158865 -2.30958 0.293833 0.238486 -0.0668799 0.348991 0.391211 0.848932
1305031533.194665 -2.3141 0.286717 0.238707 -0.0652431 0.357898 0.389955 0.845924
1305031533.226596 -2.30995 0.282889 0.239492 -0.0628541 0.365766 0.394278 0.84072
1305031533.258719 -2.30671 0.267003 0.233772 -0.0603113 0.373422 0.399468 0.835071
1305031533.294892 -2.31051 0.256544 0.22834 -0.0560542 0.380057 0.398873 0.832655
1305031533.326747 -2.31129 0.244231 0.221487 -0.0500681 0.386557 0.401368 0.828837
1305031533.358749 -2.31531 0.229262 0.21357 -0.0417272 0.394872 0.402459 0.824841
1305031533.394869 -2.32128 0.21243 0.206851 -0.0333298 0.4016 0.403677 0.821372
1305031533.428282 -2.32884 0.198878 0.201352 -0.024483 0.404232 0.404647 0.819914
1305031533.463804 -2.33653 0.188684 0.19627 -0.0135154 0.405493 0.406752 0.818502
1305031533.495077 -2.34544 0.179185 0.192424 -0.00388336 0.407909 0.409385 0.816088
1305031533.523787 -2.35084 0.168335 0.187159 0.00405767 0.40999 0.41413 0.812642
1305031533.563866 -2.35829 0.162363 0.182873 0.0151048 0.414122 0.416498 0.8092
1305031533.596729 -2.36712 0.158299 0.180594 0.0231263 0.421632 0.417341 0.804685
1305031533.623714 -2.37757 0.150517 0.181938 0.0274449 0.43269 0.42014 0.797188
1305031533.662973 -2.38806 0.146567 0.183066 0.030765 0.440986 0.423748 0.790584
1305031533.695127 -2.39415 0.142088 0.182131 0.0295874 0.448204 0.428812 0.78381
1305031533.727956 -2.39765 0.134266 0.182779 0.0254293 0.459321 0.432671 0.775353
1305031533.763534 -2.40828 0.124824 0.19105 0.023098 0.474529 0.434185 0.765357
1305031533.795519 -2.41594 0.11233 0.200713 0.0199704 0.485491 0.438567 0.756015
1305031533.827015 -2.42068 0.0931986 0.211964 0.0205326 0.490405 0.443249 0.750075
1305031533.859819 -2.43338 0.0821286 0.227972 0.0321011 0.486102 0.443125 0.752539
1305031533.895161 -2.43921 0.0780162 0.236647 0.046011 0.467175 0.441534 0.764642
1305031533.926857 -2.44587 0.0661155 0.246396 0.0588767 0.444251 0.438318 0.779135
1305031533.961985 -2.45162 0.0595167 0.261311 0.0732452 0.420349 0.432171 0.794462
1305031533.994392 -2.45379 0.0471259 0.281043 0.0854238 0.399676 0.423179 0.808629
1305031534.026608 -2.45679 0.0385519 0.296179 0.101256 0.381227 0.409609 0.822577
1305031534.062247 -2.4614 0.0271681 0.31065 0.116261 0.366914 0.396689 0.833364
1305031534.094417 -2.45524 0.014158 0.318617 0.129749 0.352611 0.387543 0.841808
1305031534.126412 -2.45019 0.004385 0.329558 0.146079 0.346215 0.373395 0.848158
1305031534.162210 -2.45399 -0.00557342 0.338253 0.158824 0.349641 0.357994 0.851097
1305031534.191161 -2.45207 -0.0203068 0.341595 0.168679 0.35106 0.350306 0.851816
1305031534.225977 -2.46011 -0.0327663 0.346762 0.179062 0.352994 0.340496 0.852874
1305031534.262752 -2.4628 -0.0416221 0.352693 0.183656 0.351091 0.333483 0.85545
1305031534.295276 -2.45667 -0.048015 0.359082 0.186883 0.345953 0.330499 0.857999
1305031534.327593 -2.45205 -0.0561813 0.362694 0.190733 0.344142 0.327163 0.859157
1305031534.362839 -2.44747 -0.065854 0.364672 0.195053 0.34553 0.321354 0.859823
1305031534.395128 -2.4418 -0.0709256 0.366852 0.200847 0.348676 0.314515 0.859748
1305031534.427890 -2.43857 -0.07946 0.367801 0.206949 0.353485 0.309218 0.858257
1305031534.462407 -2.43705 -0.0923285 0.367546 0.21582 0.355851 0.302888 0.857351
1305031534.494488 -2.4393 -0.0962167 0.371829 0.224378 0.355491 0.296674 0.857476
1305031534.526222 -2.43591 -0.102321 0.373797 0.227784 0.351454 0.295082 0.858791
1305031534.562364 -2.43046 -0.108036 0.375249 0.234066 0.344878 0.293261 0.86039
1305031534.594279 -2.42963 -0.110326 0.379909 0.241285 0.33887 0.287716 0.862652
1305031534.627133 -2.42979 -0.11385 0.384273 0.243974 0.331448 0.28404 0.865991
1305031534.662781 -2.42241 -0.111646 0.387891 0.244987 0.321106 0.282047 0.870242
1305031534.694710 -2.41508 -0.111771 0.389943 0.245261 0.313191 0.280728 0.87347
1305031534.730855 -2.41035 -0.112117 0.392021 0.24705 0.308011 0.278028 0.875669
1305031534.763129 -2.40555 -0.110017 0.395477 0.247123 0.304646 0.273024 0.878396
1305031534.795824 -2.40392 -0.112684 0.396129 0.246366 0.301766 0.269663 0.880638
1305031534.831135 -2.39889 -0.114564 0.396304 0.247875 0.296601 0.267191 0.88272
1305031534.862751 -2.3953 -0.119179 0.392455 0.250229 0.290664 0.263189 0.88523
1305031534.894919 -2.39028 -0.114394 0.395122 0.255076 0.286025 0.2532 0.888265
1305031534.930974 -2.3875 -0.107189 0.393659 0.255717 0.287846 0.244185 0.890015
1305031534.962776 -2.38672 -0.112118 0.387081 0.255672 0.296622 0.238738 0.888623
1305031534.994599 -2.39498 -0.114869 0.382547 0.260474 0.304556 0.232165 0.886284
1305031535.030642 -2.40444 -0.117195 0.382484 0.265477 0.305309 0.225643 0.886225
1305031535.062210 -2.4087 -0.11174 0.383355 0.267671 0.299892 0.220467 0.888713
1305031535.094542 -2.40964 -0.111952 0.382133 0.266795 0.294586 0.221282 0.890547
1305031535.129807 -2.41603 -0.111819 0.381204 0.268045 0.290793 0.223995 0.89074
1305031535.158853 -2.42181 -0.113932 0.381773 0.26731 0.283343 0.226134 0.892819
1305031535.193991 -2.42611 -0.11474 0.38176 0.265853 0.271708 0.226638 0.896734
1305031535.230011 -2.43068 -0.116895 0.380489 0.262148 0.259028 0.226847 0.901512
1305031535.261725 -2.42976 -0.119377 0.378591 0.259758 0.245746 0.226261 0.906058
1305031535.295784 -2.42599 -0.116038 0.376885 0.258531 0.234056 0.223106 0.910277
1305031535.329773 -2.43117 -0.12093 0.375243 0.255532 0.226576 0.220186 0.91372
1305031535.361759 -2.43089 -0.121953 0.375014 0.253992 0.21647 0.216482 0.917477
1305031535.392026 -2.43155 -0.124997 0.3738 0.25161 0.207599 0.210956 0.921462
1305031535.431010 -2.43256 -0.13225 0.369991 0.250162 0.199745 0.20504 0.924921
1305031535.462732 -2.43297 -0.139726 0.366552 0.250932 0.192075 0.196378 0.928211
1305031535.495467 -2.43863 -0.146953 0.363974 0.253746 0.186334 0.186104 0.93073
1305031535.530835 -2.43549 -0.146704 0.361587 0.25871 0.180109 0.174943 0.932751
1305031535.562308 -2.439 -0.133349 0.364236 0.26582 0.178016 0.163855 0.933167
1305031535.594713 -2.44362 -0.125351 0.365835 0.265187 0.179139 0.156225 0.93444
1305031535.630819 -2.44943 -0.128621 0.365 0.261776 0.18181 0.153051 0.935411
1305031535.662546 -2.45209 -0.118456 0.366554 0.261684 0.182378 0.150025 0.935816
1305031535.694763 -2.45267 -0.103496 0.369771 0.257956 0.181882 0.149268 0.937068
1305031535.730877 -2.45194 -0.0988634 0.370158 0.251023 0.181916 0.151598 0.938569
1305031535.759227 -2.44902 -0.0853144 0.37293 0.246227 0.182134 0.152715 0.939616
1305031535.794599 -2.4453 -0.0774405 0.37494 0.238762 0.184246 0.155663 0.940646
1305031535.831105 -2.44251 -0.0737163 0.372416 0.233345 0.185957 0.162404 0.940529
1305031535.859528 -2.43977 -0.0656065 0.371641 0.228799 0.186684 0.168487 0.940432
1305031535.898883 -2.43685 -0.0588591 0.369812 0.224048 0.189014 0.173988 0.940109
1305031535.930685 -2.43102 -0.0468945 0.368739 0.220476 0.193805 0.179502 0.93894
1305031535.959567 -2.4276 -0.0337444 0.367413 0.213758 0.201308 0.185343 0.93778
1305031535.998988 -2.42609 -0.021744 0.366101 0.203137 0.209198 0.19189 0.937097
1305031536.031463 -2.42128 -0.010685 0.364847 0.19168 0.216158 0.200965 0.936028
1305031536.062243 -2.4185 0.000538731 0.362439 0.181039 0.22348 0.210581 0.934311
1305031536.099404 -2.4145 0.014036 0.362016 0.16899 0.231129 0.220046 0.932524
1305031536.131440 -2.40849 0.023804 0.359549 0.156353 0.240201 0.231901 0.929559
1305031536.163367 -2.40531 0.0335131 0.353241 0.14494 0.251077 0.245081 0.925142
1305031536.199777 -2.40016 0.0460934 0.349228 0.134419 0.262738 0.257013 0.920241
1305031536.231583 -2.39626 0.0579297 0.346697 0.123715 0.27599 0.270021 0.914119
1305031536.263219 -2.3909 0.0689786 0.341563 0.113081 0.289076 0.28516 0.906825
1305031536.299512 -2.38292 0.0792533 0.336494 0.104963 0.301809 0.301832 0.898216
1305031536.331390 -2.3794 0.0912756 0.327821 0.0984291 0.31435 0.316172 0.88968
1305031536.363006 -2.37609 0.10302 0.323082 0.0924793 0.326697 0.331137 0.880377
1305031536.399605 -2.37224 0.110438 0.318754 0.0871495 0.339895 0.346551 0.86993
1305031536.431590 -2.37247 0.119743 0.313875 0.0831927 0.353221 0.36026 0.859376
1305031536.463554 -2.37205 0.127075 0.307458 0.0776793 0.363825 0.373749 0.849653
1305031536.499647 -2.37084 0.132404 0.302224 0.072433 0.371054 0.385325 0.841782
1305031536.531617 -2.37377 0.1356 0.297567 0.0691079 0.37564 0.395903 0.835093
1305031536.563087 -2.37657 0.142091 0.295682 0.0672256 0.376146 0.40413 0.831068
1305031536.599164 -2.37729 0.150302 0.291874 0.0661251 0.375375 0.411808 0.827729
1305031536.631797 -2.38012 0.156354 0.287155 0.0653549 0.375436 0.420311 0.823477
1305031536.663533 -2.38459 0.162252 0.285603 0.0631226 0.37318 0.427657 0.820891
1305031536.699497 -2.38631 0.171136 0.283696 0.0606219 0.369485 0.430957 0.821025
1305031536.731424 -2.38772 0.183013 0.280958 0.0583136 0.369449 0.430753 0.821315
1305031536.761478 -2.3867 0.190745 0.273026 0.054715 0.371187 0.430435 0.820946
1305031536.796242 -2.38929 0.195415 0.266766 0.0517434 0.37207 0.427304 0.822373
1305031536.828016 -2.39354 0.203639 0.264284 0.0493151 0.370986 0.422594 0.82544
1305031536.859596 -2.3954 0.210877 0.259126 0.0458248 0.369505 0.419527 0.827867
1305031536.895830 -2.39622 0.22005 0.252712 0.0434025 0.369479 0.412379 0.831592
1305031536.927579 -2.3957 0.232532 0.244713 0.0421324 0.372177 0.402169 0.835446
1305031536.962880 -2.3949 0.240221 0.232033 0.0408623 0.375685 0.397088 0.836368
1305031536.996766 -2.39578 0.24976 0.220198 0.041081 0.377741 0.390525 0.838519
1305031537.028058 -2.39651 0.263006 0.207369 0.0413466 0.379799 0.383144 0.840978
1305031537.060447 -2.39542 0.27272 0.192018 0.0396912 0.380231 0.378521 0.842954
1305031537.095829 -2.39164 0.288347 0.177894 0.0392266 0.379228 0.37172 0.846446
1305031537.129621 -2.38843 0.297992 0.161132 0.0372341 0.380756 0.366099 0.848299
1305031537.167541 -2.3845 0.307117 0.141225 0.0355108 0.381983 0.35922 0.850758
1305031537.195643 -2.37854 0.317758 0.123127 0.0342661 0.380536 0.350898 0.85492
1305031537.230153 -2.37349 0.32632 0.103935 0.033494 0.378006 0.343186 0.859193
1305031537.265688 -2.36729 0.33779 0.0850145 0.0331553 0.374151 0.334064 0.864473
1305031537.298861 -2.3606 0.346695 0.0660331 0.0314683 0.370423 0.326049 0.869188
1305031537.330994 -2.3551 0.352766 0.0457777 0.0296453 0.366168 0.317684 0.874139
1305031537.365736 -2.34866 0.359849 0.0257256 0.0287357 0.360256 0.30744 0.880267
1305031537.395624 -2.34404 0.366491 0.00740921 0.0285087 0.35371 0.296839 0.886546
1305031537.429641 -2.34008 0.372498 -0.00945229 0.0274856 0.345717 0.287798 0.892691
1305031537.464312 -2.33269 0.377353 -0.0279337 0.0255551 0.334671 0.2776 0.900156
1305031537.497527 -2.32686 0.385022 -0.0452283 0.0245776 0.325346 0.265281 0.907288
1305031537.530263 -2.31958 0.394201 -0.0612252 0.0218835 0.317806 0.254375 0.913134
1305031537.564476 -2.30887 0.396723 -0.0769129 0.0179509 0.311763 0.247687 0.917133
1305031537.598276 -2.3 0.395038 -0.093693 0.0177288 0.30677 0.243669 0.919893
1305031537.630389 -2.29204 0.395191 -0.109167 0.0195347 0.298608 0.237515 0.924142
1305031537.664114 -2.27901 0.397378 -0.125124 0.0221902 0.28672 0.229976 0.929737
1305031537.695278 -2.26472 0.399557 -0.140364 0.0269692 0.278745 0.221091 0.93418
1305031537.728342 -2.25269 0.40176 -0.15562 0.031615 0.274607 0.21028 0.937749
1305031537.766378 -2.24001 0.40255 -0.169465 0.0364492 0.270612 0.19958 0.941068
1305031537.798725 -2.22687 0.40604 -0.182912 0.0424485 0.265843 0.190218 0.94411
1305031537.830287 -2.21295 0.409596 -0.19486 0.0472152 0.259359 0.182379 0.947228
1305031537.866662 -2.1959 0.412677 -0.207266 0.0507974 0.252052 0.173012 0.950766
1305031537.898536 -2.17932 0.418927 -0.21947 0.0544799 0.247019 0.163866 0.9535
1305031537.930243 -2.16227 0.425264 -0.231852 0.0556455 0.242394 0.156005 0.955935
1305031537.966300 -2.14092 0.42762 -0.243855 0.0542119 0.236134 0.14984 0.958566
1305031537.998327 -2.12227 0.431664 -0.255573 0.0551856 0.231918 0.142915 0.960596
1305031538.030606 -2.10336 0.43764 -0.266382 0.0554187 0.226641 0.13786 0.962579
1305031538.066420 -2.08234 0.433789 -0.276861 0.0526034 0.21946 0.135955 0.964669
1305031538.099117 -2.06588 0.430158 -0.287602 0.0549884 0.210791 0.135783 0.966492
1305031538.130778 -2.04606 0.430667 -0.298914 0.0596266 0.197265 0.137875 0.968773
1305031538.167361 -2.0221 0.423151 -0.31167 0.0595585 0.183057 0.136264 0.97179
1305031538.198836 -1.99899 0.41646 -0.324567 0.0645239 0.173495 0.129333 0.974171
1305031538.231674 -1.9809 0.41343 -0.338351 0.0741933 0.168665 0.120673 0.975441
1305031538.267245 -1.96348 0.40964 -0.349965 0.0823197 0.163994 0.110821 0.976754
1305031538.297169 -1.94715 0.402619 -0.361422 0.0907233 0.158288 0.100168 0.978101
1305031538.329631 -1.93117 0.401199 -0.37193 0.102492 0.150956 0.0887075 0.979203
1305031538.366671 -1.91539 0.401079 -0.383536 0.112801 0.142305 0.0786551 0.980224
1305031538.395653 -1.8994 0.40017 -0.395838 0.122379 0.134207 0.0711186 0.980792
1305031538.434273 -1.88539 0.401529 -0.407107 0.13227 0.125413 0.0653458 0.981074
1305031538.468114 -1.86789 0.404371 -0.417278 0.140742 0.113342 0.0577776 0.981839
1305031538.498490 -1.85206 0.415158 -0.427913 0.14805 0.101447 0.0508894 0.982446
1305031538.534659 -1.83249 0.426575 -0.43815 0.150723 0.0890834 0.0449224 0.983529
1305031538.566473 -1.81396 0.440684 -0.446757 0.149987 0.079378 0.035812 0.984845
1305031538.598497 -1.79375 0.461727 -0.454987 0.145288 0.0726063 0.0265578 0.986364
1305031538.634075 -1.77066 0.466167 -0.465945 0.135987 0.0689935 0.0219465 0.988062
1305031538.666052 -1.75777 0.479247 -0.480421 0.132677 0.0672207 0.0174236 0.988724
1305031538.698387 -1.75158 0.506277 -0.487594 0.126007 0.0628984 0.0113507 0.989968
1305031538.734584 -1.73295 0.522492 -0.49446 0.108587 0.0514964 0.0112149 0.992689
1305031538.766510 -1.70846 0.531586 -0.505423 0.0911163 0.0392536 0.0128577 0.994983
1305031538.798755 -1.68581 0.551266 -0.513372 0.0759162 0.0311498 0.0113015 0.996563
1305031538.832497 -1.66174 0.562832 -0.521175 0.0550078 0.0269325 0.00683048 0.998099
1305031538.867193 -1.63679 0.567557 -0.530107 0.0384085 0.0258029 0.00320454 0.998924
1305031538.899432 -1.61375 0.578285 -0.540778 0.0263474 0.0261477 0.00136405 0.99931
1305031538.936017 -1.58897 0.587445 -0.548234 0.0137469 0.0252703 0.00190644 0.999584
1305031538.967667 -1.56409 0.592246 -0.556784 0.00176791 0.0242301 0.00260779 0.999701
1305031538.999448 -1.5383 0.598126 -0.565681 -0.00755432 0.0234113 0.00257307 0.999694
1305031539.034977 -1.5118 0.603995 -0.573552 -0.0160603 0.0228857 0.00136535 0.999608
1305031539.067603 -1.48566 0.60912 -0.579753 -0.0229977 0.0223189 -0.00148518 0.999485
1305031539.099360 -1.45835 0.616927 -0.586214 -0.0300389 0.0203483 -0.00556884 0.999326
1305031539.135768 -1.43177 0.621079 -0.589582 -0.0392938 0.0183382 -0.00995379 0.99901
1305031539.167546 -1.40692 0.628207 -0.592362 -0.0473177 0.0154342 -0.0156436 0.998638
1305031539.199492 -1.38259 0.635805 -0.594618 -0.058616 0.0102214 -0.0207663 0.998012
1305031539.235629 -1.35749 0.637907 -0.594903 -0.0747218 0.000687214 -0.0262004 0.99686
1305031539.267760 -1.32996 0.640787 -0.594078 -0.0891786 -0.0110268 -0.0352517 0.995331
1305031539.299592 -1.30288 0.645899 -0.596554 -0.102914 -0.0193487 -0.0467757 0.993401
1305031539.335706 -1.27459 0.648075 -0.596163 -0.120256 -0.0246424 -0.0629864 0.990436
1305031539.367585 -1.24685 0.651214 -0.597312 -0.135452 -0.0263108 -0.0842431 0.986845
1305031539.399501 -1.22107 0.650116 -0.599775 -0.1524 -0.0250648 -0.103747 0.982539
1305031539.435549 -1.19742 0.647503 -0.600788 -0.17135 -0.0231827 -0.11918 0.9777
1305031539.467525 -1.1664 0.646922 -0.6021 -0.182542 -0.0296727 -0.130582 0.974036
1305031539.499639 -1.14277 0.642826 -0.604239 -0.191801 -0.0388945 -0.137771 0.970937
1305031539.535499 -1.11901 0.640929 -0.607401 -0.198852 -0.0493916 -0.144101 0.968118
1305031539.567517 -1.0918 0.638735 -0.609806 -0.20199 -0.0597646 -0.151298 0.965783
1305031539.599060 -1.06885 0.630534 -0.614159 -0.20307 -0.0674582 -0.160248 0.963604
1305031539.635592 -1.04465 0.62406 -0.617899 -0.201746 -0.075135 -0.1727 0.96116
1305031539.667412 -1.01873 0.616229 -0.619628 -0.197768 -0.08257 -0.187467 0.958606
1305031539.703794 -0.996752 0.60303 -0.620669 -0.193148 -0.0892617 -0.200516 0.956305
1305031539.735675 -0.97454 0.592204 -0.621773 -0.188948 -0.0978762 -0.211945 0.953833
1305031539.767637 -0.952092 0.584204 -0.623021 -0.186576 -0.106762 -0.221934 0.951071
1305031539.803605 -0.92732 0.574891 -0.618355 -0.185729 -0.117924 -0.231442 0.947646
1305031539.832088 -0.907237 0.565039 -0.616148 -0.185503 -0.130379 -0.240335 0.943837
1305031539.867127 -0.88385 0.560392 -0.61271 -0.185422 -0.144346 -0.250636 0.93913
1305031539.903594 -0.860573 0.554093 -0.607318 -0.187862 -0.156597 -0.262771 0.933347
1305031539.935437 -0.833425 0.552447 -0.599108 -0.18835 -0.167546 -0.277372 0.927102
1305031539.967652 -0.8089 0.545694 -0.588236 -0.186973 -0.174074 -0.290533 0.922133
1305031540.003691 -0.786029 0.538121 -0.58129 -0.182326 -0.178546 -0.301319 0.918741
1305031540.035614 -0.761974 0.533048 -0.571994 -0.175429 -0.1821 -0.310741 0.916245
1305031540.067782 -0.745096 0.520018 -0.561829 -0.167311 -0.183926 -0.315476 0.91578
1305031540.103651 -0.724624 0.510817 -0.558725 -0.152187 -0.18724 -0.319575 0.916325
1305031540.135787 -0.702307 0.500835 -0.551506 -0.138599 -0.188713 -0.319521 0.918196
1305031540.167625 -0.683968 0.489653 -0.545563 -0.124858 -0.186131 -0.317354 0.92144
1305031540.204012 -0.667717 0.477284 -0.53959 -0.109512 -0.181939 -0.311925 0.926071
1305031540.235943 -0.657117 0.467009 -0.538575 -0.0921506 -0.18054 -0.305894 0.930238
1305031540.267794 -0.641552 0.461378 -0.540178 -0.0726216 -0.186316 -0.299479 0.932912
1305031540.303627 -0.623181 0.453766 -0.538246 -0.0585899 -0.193086 -0.29163 0.935006
1305031540.335660 -0.606843 0.444873 -0.537051 -0.0443568 -0.196774 -0.284084 0.937341
1305031540.367613 -0.586508 0.434398 -0.532771 -0.0300793 -0.197353 -0.273601 0.940898
1305031540.403545 -0.578428 0.425584 -0.536533 -0.0145449 -0.190598 -0.262287 0.945868
1305031540.435756 -0.561773 0.418964 -0.537715 0.00186526 -0.191611 -0.248619 0.949458
1305031540.467365 -0.546269 0.406534 -0.537573 0.0135795 -0.192285 -0.233751 0.952997
1305031540.502953 -0.530949 0.396748 -0.53904 0.0280841 -0.19247 -0.218698 0.95621
1305031540.535194 -0.50734 0.388971 -0.537165 0.0420683 -0.194874 -0.207172 0.957776
1305031540.563522 -0.489963 0.375189 -0.534839 0.0547954 -0.190135 -0.199042 0.959807
1305031540.603376 -0.473328 0.373403 -0.54015 0.0732834 -0.179668 -0.189222 0.962572
1305031540.635224 -0.453189 0.370445 -0.538616 0.0851628 -0.171119 -0.180557 0.964813
1305031540.667294 -0.437223 0.361199 -0.538369 0.0938035 -0.158569 -0.171743 0.967761
1305031540.703386 -0.417431 0.356088 -0.540334 0.103842 -0.14642 -0.160131 0.970637
1305031540.735694 -0.39919 0.35124 -0.539294 0.109993 -0.134178 -0.14902 0.973494
1305031540.767548 -0.383142 0.341704 -0.540559 0.1157 -0.117919 -0.138569 0.976477
1305031540.803232 -0.369119 0.342229 -0.536519 0.126081 -0.0980671 -0.12609 0.979075
1305031540.835181 -0.353102 0.34053 -0.536709 0.133298 -0.0752467 -0.115074 0.981492
1305031540.871023 -0.34261 0.338233 -0.534328 0.139959 -0.0527768 -0.103645 0.983302
1305031540.903222 -0.32739 0.334639 -0.535907 0.14601 -0.0331867 -0.0928476 0.984357
1305031540.935050 -0.318254 0.333827 -0.538334 0.151297 -0.0124129 -0.0804911 0.985128
1305031540.971078 -0.315232 0.330986 -0.538808 0.155304 0.00519621 -0.0662908 0.985626
1305031541.003228 -0.306056 0.325964 -0.540871 0.161571 0.0166588 -0.055129 0.985179
1305031541.034514 -0.297315 0.323598 -0.542153 0.169112 0.027734 -0.043566 0.984243
1305031541.070217 -0.292981 0.319646 -0.543759 0.176995 0.0372581 -0.0311888 0.983012
1305031541.099997 -0.290271 0.319474 -0.544145 0.183905 0.0429557 -0.0238469 0.981715
1305031541.135330 -0.282653 0.317969 -0.543463 0.187775 0.0484556 -0.0188718 0.980835
1305031541.171574 -0.27898 0.315214 -0.542464 0.192813 0.0571659 -0.012518 0.979489
1305031541.202996 -0.283392 0.317358 -0.542156 0.195658 0.0627126 -0.00897304 0.978624
1305031541.235198 -0.283833 0.317063 -0.538335 0.19198 0.062084 -0.00752963 0.979404
1305031541.267954 -0.285562 0.315801 -0.535874 0.18688 0.0591273 -0.00448395 0.980591
1305031541.301672 -0.287694 0.312852 -0.531781 0.180562 0.0535299 -0.00202202 0.982104
1305031541.331852 -0.290423 0.310955 -0.526963 0.174859 0.0448995 -0.00265903 0.983566
1305031541.371250 -0.292832 0.31006 -0.521088 0.167693 0.0339186 -0.00559806 0.98524
1305031541.402022 -0.294672 0.308237 -0.516021 0.159894 0.0236165 -0.0107102 0.986794
1305031541.431932 -0.297231 0.303934 -0.512015 0.152732 0.0132485 -0.0183854 0.988008
1305031541.471366 -0.301255 0.301084 -0.507532 0.147786 0.00262057 -0.0278589 0.988623
1305031541.501569 -0.30697 0.299437 -0.501091 0.140503 -0.00880202 -0.0411591 0.989185
1305031541.535345 -0.310868 0.297732 -0.496725 0.133295 -0.020031 -0.0549621 0.989349
1305031541.569819 -0.316072 0.295736 -0.492827 0.125586 -0.03029 -0.0689056 0.989223
1305031541.603472 -0.322394 0.290761 -0.49059 0.117519 -0.0421308 -0.0833627 0.988668
1305031541.635279 -0.329415 0.288224 -0.486462 0.111573 -0.0558784 -0.0984286 0.98729
1305031541.671483 -0.334962 0.286676 -0.483146 0.106038 -0.070462 -0.115955 0.985061
1305031541.703527 -0.337998 0.281453 -0.479742 0.0993045 -0.0846619 -0.137169 0.981914
1305031541.734963 -0.343748 0.279932 -0.477457 0.0936666 -0.0974445 -0.162256 0.977448
1305031541.771656 -0.34809 0.277363 -0.473344 0.0871541 -0.109437 -0.193655 0.971044
1305031541.803338 -0.353631 0.275577 -0.469698 0.079959 -0.114996 -0.227719 0.963601
1305031541.835259 -0.365151 0.27349 -0.466193 0.0707106 -0.119582 -0.258616 0.955938
1305031541.871359 -0.374323 0.270445 -0.463232 0.0651437 -0.130912 -0.282619 0.948021
1305031541.903131 -0.382369 0.27347 -0.461113 0.0613375 -0.14588 -0.300088 0.940693
1305031541.932460 -0.389556 0.269303 -0.457858 0.0528923 -0.164873 -0.311628 0.934295
1305031541.969202 -0.396337 0.264112 -0.45613 0.0457703 -0.1855 -0.316716 0.929078
1305031542.000034 -0.401222 0.264909 -0.452718 0.0415135 -0.207167 -0.319415 0.92376
1305031542.032795 -0.402151 0.260952 -0.446612 0.0361369 -0.231 -0.323171 0.917003
1305031542.069819 -0.401692 0.258694 -0.437916 0.0340424 -0.246625 -0.329715 0.910662
1305031542.102573 -0.400747 0.261103 -0.43006 0.0343543 -0.254969 -0.339438 0.904761
1305031542.139294 -0.40407 0.258931 -0.422541 0.0304581 -0.260222 -0.350622 0.899123
1305031542.170485 -0.410015 0.2573 -0.416612 0.026929 -0.265396 -0.357468 0.895018
1305031542.202214 -0.411432 0.260654 -0.409211 0.022669 -0.27543 -0.361275 0.890564
1305031542.237243 -0.415022 0.257028 -0.401045 0.0145245 -0.286558 -0.366198 0.885197
1305031542.269752 -0.410724 0.254636 -0.390023 0.0104591 -0.296816 -0.369784 0.88037
1305031542.301218 -0.403292 0.252893 -0.376143 0.00694562 -0.301086 -0.376254 0.876203
1305031542.338812 -0.403957 0.245656 -0.364826 0.00171424 -0.297272 -0.384176 0.874091
1305031542.371582 -0.404829 0.243481 -0.355914 -0.000653981 -0.292329 -0.387427 0.874324
1305031542.403140 -0.402493 0.239547 -0.344788 -0.00648829 -0.291661 -0.386658 0.874864
1305031542.439210 -0.402832 0.233038 -0.333802 -0.0133404 -0.290872 -0.385095 0.875738
1305031542.471527 -0.401867 0.225525 -0.323889 -0.0168686 -0.291893 -0.381913 0.876731
1305031542.503717 -0.395822 0.218191 -0.3121 -0.0197743 -0.295989 -0.375851 0.877915
1305031542.539439 -0.389863 0.206865 -0.298826 -0.0239852 -0.299016 -0.370553 0.879036
1305031542.571672 -0.386366 0.194864 -0.288281 -0.0250917 -0.299557 -0.365436 0.880961
1305031542.603499 -0.377772 0.186955 -0.277525 -0.0238597 -0.302044 -0.358176 0.883125
1305031542.639171 -0.370325 0.175162 -0.264139 -0.0265839 -0.304928 -0.351386 0.884782
1305031542.668866 -0.364206 0.163339 -0.253391 -0.0271383 -0.306235 -0.345753 0.886532
1305031542.702239 -0.35399 0.153575 -0.241174 -0.0249961 -0.308845 -0.343831 0.886437
1305031542.737961 -0.343554 0.143301 -0.226157 -0.0252811 -0.309877 -0.343285 0.88628
1305031542.771170 -0.340028 0.132509 -0.215495 -0.0267749 -0.306687 -0.343425 0.887291
1305031542.803270 -0.333669 0.123796 -0.204084 -0.0266919 -0.308257 -0.34392 0.886557
1305031542.839568 -0.322819 0.114842 -0.186985 -0.0281629 -0.31175 -0.344767 0.88496
1305031542.871198 -0.31753 0.104234 -0.17271 -0.0315723 -0.309265 -0.345925 0.885265
1305031542.903732 -0.311406 0.0958787 -0.159658 -0.0338064 -0.30685 -0.346989 0.885607
1305031542.939215 -0.308186 0.0860332 -0.145299 -0.0378898 -0.305752 -0.348932 0.885058
1305031542.970866 -0.304707 0.0769861 -0.132027 -0.0410775 -0.307996 -0.34896 0.884126
1305031543.002677 -0.298768 0.0678075 -0.115548 -0.0460342 -0.312946 -0.347117 0.882868
1305031543.039126 -0.296053 0.056816 -0.100296 -0.0519043 -0.316271 -0.345148 0.882129
1305031543.070710 -0.288975 0.049 -0.0842892 -0.0551775 -0.321387 -0.343144 0.880862
1305031543.102755 -0.282677 0.0394683 -0.066486 -0.0608223 -0.324678 -0.343598 0.879105
1305031543.139358 -0.276636 0.0289689 -0.0488515 -0.0659653 -0.325617 -0.344789 0.877919
1305031543.170265 -0.273816 0.0182418 -0.0339025 -0.0711598 -0.324268 -0.345029 0.877919
1305031543.200190 -0.270241 0.00745671 -0.0201343 -0.0757051 -0.325094 -0.340467 0.879014
1305031543.238701 -0.26501 -0.00244604 -0.0060645 -0.0804897 -0.327118 -0.331859 0.881127
1305031543.270923 -0.262553 -0.0146936 0.00668289 -0.0843022 -0.328824 -0.324641 0.882823
1305031543.302962 -0.259185 -0.0250091 0.0160637 -0.082171 -0.331583 -0.318392 0.884266
1305031543.338824 -0.254708 -0.0314029 0.0234595 -0.0787504 -0.334349 -0.313075 0.885434
1305031543.370800 -0.253308 -0.0410484 0.0288997 -0.0765271 -0.336439 -0.309798 0.88599
1305031543.407586 -0.252006 -0.0466149 0.0299506 -0.0692689 -0.340021 -0.309681 0.88526
1305031543.436408 -0.25038 -0.0521013 0.0312737 -0.0633279 -0.34436 -0.309432 0.884114
1305031543.472193 -0.250567 -0.0558726 0.0293289 -0.0585461 -0.346655 -0.308382 0.883914
1305031543.507662 -0.252404 -0.0589838 0.0247137 -0.0541721 -0.350562 -0.310009 0.882081
1305031543.539811 -0.253442 -0.0614006 0.0200257 -0.0487079 -0.357352 -0.313276 0.878513
1305031543.572301 -0.255558 -0.0635135 0.013919 -0.0446942 -0.361647 -0.315999 0.87599
1305031543.607686 -0.259639 -0.0641197 0.00271691 -0.0411292 -0.365472 -0.319537 0.87329
1305031543.639875 -0.26329 -0.0628966 -0.00797012 -0.0397999 -0.372666 -0.326342 0.867777
1305031543.671696 -0.27008 -0.0683754 -0.0188601 -0.041945 -0.375977 -0.330472 0.864679
1305031543.707488 -0.275819 -0.069195 -0.0350046 -0.0381671 -0.377488 -0.331282 0.863886
1305031543.739759 -0.280023 -0.0701702 -0.0498881 -0.0366256 -0.380316 -0.332881 0.862095
1305031543.771875 -0.289029 -0.0742812 -0.0674903 -0.0377328 -0.381429 -0.331306 0.862163
1305031543.807535 -0.292191 -0.0721753 -0.088545 -0.0352429 -0.38443 -0.326567 0.862743
1305031543.839894 -0.295001 -0.0724133 -0.106419 -0.0387741 -0.38782 -0.323547 0.862212
1305031543.871869 -0.299198 -0.0770368 -0.123716 -0.046334 -0.388965 -0.318892 0.863057
1305031543.907474 -0.30132 -0.0788898 -0.143429 -0.0516779 -0.387233 -0.312992 0.865688
1305031543.939753 -0.305013 -0.0830627 -0.163947 -0.057456 -0.383418 -0.308806 0.868521
1305031543.970786 -0.307352 -0.0858091 -0.185152 -0.0578281 -0.377846 -0.30619 0.871858
1305031544.007529 -0.310429 -0.0926876 -0.203893 -0.0576995 -0.369753 -0.303497 0.876267
1305031544.038948 -0.311771 -0.0938109 -0.227674 -0.0513894 -0.357701 -0.30098 0.882508
1305031544.070711 -0.312348 -0.0918249 -0.250332 -0.0455964 -0.343773 -0.298996 0.889012
1305031544.106609 -0.322726 -0.0959673 -0.275888 -0.0442577 -0.326715 -0.294617 0.896939
1305031544.137311 -0.331115 -0.0920516 -0.306755 -0.0362418 -0.313999 -0.287392 0.904155
1305031544.171722 -0.334431 -0.0861613 -0.330066 -0.0295806 -0.306839 -0.282051 0.908527
1305031544.206571 -0.341809 -0.0811242 -0.353903 -0.0221145 -0.296067 -0.277628 0.913662
1305031544.238072 -0.347002 -0.0709558 -0.377892 -0.0126878 -0.284204 -0.275343 0.918288
1305031544.267766 -0.354974 -0.0622034 -0.401107 -0.0054014 -0.270997 -0.274423 0.922618
1305031544.303584 -0.365916 -0.0513681 -0.425912 0.00348249 -0.256283 -0.275938 0.926372
1305031544.338210 -0.37639 -0.0354699 -0.449881 0.0122259 -0.24358 -0.276961 0.929415
1305031544.367911 -0.382138 -0.0133297 -0.470987 0.0180558 -0.233318 -0.27833 0.931541
1305031544.405875 -0.39253 0.00582098 -0.488134 0.0143881 -0.220626 -0.281725 0.933675
1305031544.437826 -0.412086 0.0169596 -0.507692 0.007191 -0.207918 -0.283512 0.93613
1305031544.469937 -0.427859 0.0373216 -0.52578 0.00341299 -0.201018 -0.282593 0.937935
1305031544.505986 -0.447612 0.0500962 -0.541129 -0.0038768 -0.196766 -0.283871 0.938448
1305031544.539003 -0.466677 0.064133 -0.555591 -0.00801553 -0.195948 -0.287266 0.93756
1305031544.574785 -0.485339 0.0766139 -0.566751 -0.0106251 -0.197406 -0.290329 0.936284
1305031544.607438 -0.493992 0.100697 -0.576567 -0.0105393 -0.200991 -0.2911 0.935282
1305031544.638925 -0.506342 0.117413 -0.583517 -0.0191822 -0.203131 -0.292735 0.934171
1305031544.675602 -0.526815 0.125833 -0.589639 -0.0282783 -0.205008 -0.294058 0.933114
1305031544.703615 -0.541087 0.142532 -0.5964 -0.0312835 -0.209615 -0.294867 0.931739
1305031544.738977 -0.555288 0.150172 -0.59563 -0.0370735 -0.214747 -0.295214 0.930246
1305031544.775192 -0.571379 0.157357 -0.598028 -0.0365524 -0.216464 -0.297549 0.929124
1305031544.807101 -0.586032 0.169474 -0.601479 -0.0320727 -0.216544 -0.298934 0.928826
1305031544.839027 -0.595365 0.187218 -0.602947 -0.0291292 -0.217055 -0.299197 0.928719
1305031544.875379 -0.61022 0.199425 -0.603721 -0.0332658 -0.21623 -0.301795 0.927932
1305031544.907436 -0.626135 0.207554 -0.60183 -0.036254 -0.213999 -0.306586 0.926766
1305031544.939009 -0.639601 0.218237 -0.600501 -0.0366267 -0.209199 -0.313338 0.925588
1305031544.975561 -0.659799 0.226406 -0.599968 -0.0402139 -0.202087 -0.318476 0.925266
1305031545.007409 -0.679966 0.230639 -0.598612 -0.045059 -0.198963 -0.319218 0.925464
1305031545.039484 -0.696325 0.233966 -0.596531 -0.0467487 -0.196054 -0.316855 0.926812
1305031545.075213 -0.714187 0.233971 -0.594597 -0.0453473 -0.191005 -0.313754 0.928988
1305031545.107171 -0.729218 0.239747 -0.593346 -0.0416773 -0.185787 -0.307864 0.932183
1305031545.139414 -0.741527 0.242892 -0.591023 -0.0407741 -0.180243 -0.298295 0.936413
1305031545.174984 -0.754692 0.245819 -0.589297 -0.0406853 -0.171742 -0.285923 0.941859
1305031545.207672 -0.768589 0.24778 -0.585861 -0.0407855 -0.162835 -0.274178 0.946915
1305031545.239686 -0.78821 0.242878 -0.58218 -0.0406976 -0.154177 -0.261613 0.951909
1305031545.275412 -0.803207 0.249227 -0.580766 -0.0329862 -0.147923 -0.24835 0.956741
1305031545.306213 -0.814406 0.256222 -0.578193 -0.0291269 -0.143762 -0.237731 0.960192
1305031545.339544 -0.828762 0.25726 -0.574312 -0.0282297 -0.138212 -0.228045 0.963378
1305031545.375555 -0.845514 0.255942 -0.571156 -0.0257939 -0.131058 -0.216319 0.967142
1305031545.407463 -0.862797 0.254703 -0.568828 -0.0209055 -0.125479 -0.202781 0.970926
1305031545.439168 -0.878435 0.256085 -0.566143 -0.0133816 -0.122602 -0.191628 0.973688
1305031545.475453 -0.896182 0.245978 -0.561576 -0.0071632 -0.12016 -0.182646 0.975782
1305031545.507417 -0.911691 0.248535 -0.56077 0.00910742 -0.119606 -0.173841 0.977441
1305031545.539498 -0.926247 0.248044 -0.558653 0.0213183 -0.121226 -0.165138 0.97856
1305031545.578088 -0.942149 0.249182 -0.55787 0.0353063 -0.124704 -0.161246 0.978367
1305031545.603778 -0.954479 0.256023 -0.555347 0.0479178 -0.131098 -0.160639 0.977094
1305031545.635945 -0.966268 0.255863 -0.549975 0.0574694 -0.137233 -0.160153 0.975815
1305031545.673535 -0.977008 0.253859 -0.543986 0.0695341 -0.141436 -0.161571 0.974195
1305031545.706561 -0.986723 0.261836 -0.539036 0.0870619 -0.144364 -0.16483 0.971808
1305031545.739007 -0.994572 0.278837 -0.533444 0.0969293 -0.144804 -0.165444 0.970703
1305031545.775565 -1.00519 0.287422 -0.527771 0.0979429 -0.145558 -0.166877 0.970243
1305031545.807492 -1.01423 0.299338 -0.519701 0.0973305 -0.147462 -0.169948 0.969484
1305031545.843386 -1.01687 0.311754 -0.510603 0.0939927 -0.148602 -0.172081 0.969263
1305031545.875515 -1.02183 0.321758 -0.501041 0.0851197 -0.144147 -0.174369 0.970346
1305031545.907616 -1.02812 0.330725 -0.492548 0.0763426 -0.137089 -0.176603 0.971694
1305031545.943703 -1.03115 0.347643 -0.483632 0.0682631 -0.131554 -0.179074 0.972608
1305031545.975685 -1.03539 0.356112 -0.474673 0.0549262 -0.124838 -0.17929 0.974297
1305031546.007570 -1.04007 0.370815 -0.469089 0.044361 -0.118361 -0.178586 0.975771
1305031546.043793 -1.03345 0.382989 -0.459616 0.0302378 -0.114721 -0.178724 0.97672
1305031546.075425 -1.03382 0.391941 -0.452082 0.0147379 -0.102417 -0.178094 0.978558
1305031546.104074 -1.03407 0.400096 -0.445637 0.00250658 -0.0905374 -0.175468 0.98031
1305031546.143517 -1.0308 0.411064 -0.439505 -0.00610912 -0.0799323 -0.171606 0.981899
1305031546.175972 -1.02913 0.422717 -0.435008 -0.0143513 -0.068893 -0.166619 0.983507
1305031546.207525 -1.02216 0.432236 -0.429393 -0.023512 -0.0611088 -0.161145 0.984756
1305031546.243573 -1.02047 0.435845 -0.422837 -0.0316956 -0.0491587 -0.153562 0.986406
1305031546.276113 -1.01735 0.447524 -0.417467 -0.0318403 -0.0385031 -0.14562 0.988078
1305031546.308117 -1.00659 0.461643 -0.411298 -0.0348107 -0.0314364 -0.137293 0.989419
1305031546.343932 -1.00665 0.466724 -0.40481 -0.0408044 -0.0200079 -0.127369 0.990814
1305031546.376105 -1.00337 0.477064 -0.399192 -0.0401086 -0.0140713 -0.117795 0.992128
1305031546.407683 -0.995974 0.48826 -0.392707 -0.0399613 -0.0114531 -0.109058 0.993166
1305031546.443985 -0.993198 0.495806 -0.386271 -0.0402848 -0.00839964 -0.101264 0.994008
1305031546.476002 -0.984584 0.512108 -0.380913 -0.037743 -0.00825736 -0.0958022 0.99465
1305031546.507978 -0.983064 0.518471 -0.37321 -0.0427798 -0.00328742 -0.0914315 0.994887
1305031546.544091 -0.978997 0.530131 -0.367895 -0.0406444 -0.000906214 -0.0868926 0.995388
1305031546.576436 -0.974853 0.542746 -0.362641 -0.0418714 0.00206279 -0.0837006 0.995609
1305031546.604477 -0.97271 0.553721 -0.356271 -0.0470444 0.00565284 -0.0800481 0.995664
1305031546.644231 -0.967162 0.563823 -0.350135 -0.0537726 0.00743698 -0.0762436 0.99561
1305031546.676019 -0.964841 0.57166 -0.343555 -0.0613822 0.0118573 -0.0743409 0.995271
1305031546.707952 -0.960861 0.578682 -0.337362 -0.0674123 0.0153346 -0.0729281 0.994938
1305031546.743907 -0.957306 0.587881 -0.331016 -0.0734638 0.0207957 -0.0722196 0.994462
1305031546.775885 -0.956336 0.592156 -0.324055 -0.0836779 0.0260703 -0.0713941 0.99359
1305031546.808019 -0.954904 0.595451 -0.317755 -0.0898213 0.0289093 -0.07146 0.99297
1305031546.844098 -0.954207 0.599062 -0.312211 -0.0930988 0.0297902 -0.071235 0.992658
1305031546.876150 -0.95271 0.600089 -0.306957 -0.0968505 0.0277258 -0.071598 0.992333
1305031546.904254 -0.952116 0.599324 -0.302445 -0.0976716 0.0268368 -0.0735908 0.992131
1305031546.943871 -0.95255 0.602484 -0.298742 -0.0931798 0.0267148 -0.0753712 0.992433
1305031546.975693 -0.952464 0.605131 -0.295285 -0.0921576 0.0254293 -0.0774825 0.9924
1305031547.008548 -0.953487 0.603654 -0.291657 -0.0934569 0.023352 -0.0791103 0.992201
1305031547.044236 -0.951139 0.60516 -0.289428 -0.0909563 0.0208716 -0.081246 0.992316
1305031547.074033 -0.950388 0.602455 -0.287523 -0.0911085 0.0224739 -0.083779 0.992056
1305031547.109368 -0.950254 0.601166 -0.286274 -0.0875936 0.0251543 -0.0853343 0.992176
1305031547.143020 -0.950653 0.600708 -0.286198 -0.0826059 0.0271534 -0.0861574 0.99248
1305031547.172567 -0.951843 0.600874 -0.287186 -0.0793116 0.0278753 -0.0847829 0.992847
1305031547.211605 -0.952089 0.599005 -0.28828 -0.0787087 0.0249776 -0.083383 0.99309
1305031547.244133 -0.951468 0.5959 -0.290318 -0.0772765 0.0218804 -0.0834871 0.993267
1305031547.276566 -0.95208 0.595435 -0.292573 -0.0733535 0.0211835 -0.0840947 0.993528
1305031547.312300 -0.95254 0.59323 -0.294985 -0.0720583 0.0199396 -0.0842907 0.993632
1305031547.344201 -0.954153 0.59308 -0.29735 -0.0695506 0.0191328 -0.0834733 0.993896
1305031547.376783 -0.95462 0.592354 -0.299452 -0.0686903 0.0160435 -0.0825355 0.994089
1305031547.412309 -0.954354 0.590706 -0.301033 -0.0681685 0.0123791 -0.0818885 0.99423
1305031547.444479 -0.954174 0.588945 -0.30223 -0.0671675 0.0097545 -0.0826347 0.994266
1305031547.475653 -0.953713 0.587947 -0.303274 -0.064449 0.00843555 -0.0839843 0.994345
1305031547.512129 -0.952753 0.589163 -0.303776 -0.0613102 0.00803039 -0.0848847 0.99447
1305031547.543063 -0.952512 0.587299 -0.303382 -0.0618277 0.00838132 -0.0858234 0.994355
1305031547.572452 -0.952012 0.58744 -0.302771 -0.0596874 0.00871994 -0.0856427 0.994498
1305031547.610069 -0.951591 0.588825 -0.302489 -0.0591299 0.00887645 -0.0846318 0.994617
1305031547.643685 -0.951154 0.58536 -0.301138 -0.0618331 0.00844902 -0.0840267 0.994507
1305031547.675727 -0.949802 0.58809 -0.30076 -0.0590493 0.00898248 -0.0835743 0.99471
1305031547.712359 -0.948421 0.587512 -0.298927 -0.0628264 0.00993593 -0.0840773 0.994427
1305031547.741819 -0.947883 0.584258 -0.298103 -0.0648329 0.0109551 -0.0842515 0.994273
1305031547.773659 -0.946877 0.586377 -0.298164 -0.0617405 0.0117837 -0.0849018 0.994405
1305031547.812136 -0.94578 0.585151 -0.297546 -0.0629397 0.0128499 -0.0857829 0.994241
1305031547.844573 -0.945571 0.585003 -0.297745 -0.0621101 0.0144517 -0.0855919 0.994287
1305031547.875313 -0.944376 0.585234 -0.297673 -0.0622446 0.0143462 -0.0855846 0.994281
1305031547.912229 -0.943204 0.583176 -0.297297 -0.0637648 0.0141429 -0.0853787 0.994205
1305031547.942674 -0.943261 0.583624 -0.297443 -0.0627763 0.015389 -0.084897 0.994291
1305031547.976525 -0.943152 0.583431 -0.297384 -0.0628565 0.0159096 -0.0845609 0.994306
