1305032354.009456 0 0 0 0 0 0 1
1305032354.045335 -0.00111645 -0.0110106 0.00137429 -0.0100764 0.00210279 -0.0034085 0.999941
1305032354.076940 -0.0018579 -0.0235021 -0.000523267 -0.0195818 0.0012928 -0.00475204 0.999796
1305032354.109860 -0.00262606 -0.0370219 -0.00513518 -0.0319879 0.00174356 -0.00866362 0.999449
1305032354.145200 -0.00296269 -0.0506049 -0.00375646 -0.048271 0.00465972 -0.0111702 0.998761
1305032354.177151 -0.0037267 -0.0651824 -0.00476066 -0.0643255 0.00735432 -0.0056199 0.997886
1305032354.209651 -0.0042228 -0.082332 -0.00691387 -0.0796459 0.00977323 7.83754e-05 0.996775
1305032354.244910 -0.00447903 -0.0995169 -0.00660458 -0.0956648 0.0119809 0.000981783 0.995341
1305032354.277122 -0.00468201 -0.117669 -0.00659445 -0.106513 0.014028 0.000501994 0.994212
1305032354.309733 -0.00500428 -0.135393 -0.00919228 -0.111743 0.0145172 -0.00128406 0.99363
1305032354.345124 -0.00539735 -0.156069 -0.0111926 -0.117897 0.0143081 -0.0060225 0.992904
1305032354.377091 -0.00547433 -0.175887 -0.0125079 -0.122779 0.014178 -0.0106687 0.992275
1305032354.407556 -0.00466237 -0.196669 -0.0146446 -0.127299 0.0134447 -0.0149938 0.99166
1305032354.445200 -0.00422086 -0.217843 -0.0183679 -0.13463 0.0132421 -0.0202882 0.9906
1305032354.477221 -0.00307331 -0.236747 -0.0200139 -0.144721 0.0143298 -0.023661 0.989086
1305032354.510161 -0.00141689 -0.254535 -0.0222675 -0.155998 0.0169725 -0.023764 0.987326
1305032354.545622 -6.65811e-05 -0.270368 -0.0250953 -0.170302 0.0214162 -0.0212753 0.984929
1305032354.577445 0.00128342 -0.284887 -0.0247817 -0.187337 0.0259434 -0.0157993 0.981826
1305032354.610249 0.00192742 -0.298925 -0.0231874 -0.201972 0.030236 -0.00747916 0.978896
1305032354.645613 0.00269954 -0.311968 -0.0232603 -0.213928 0.033619 -0.000526501 0.976271
1305032354.677651 0.00219281 -0.325704 -0.0232724 -0.225519 0.0357831 0.00534626 0.973567
1305032354.709984 0.00143365 -0.33817 -0.0225878 -0.236585 0.0354145 0.00923582 0.970921
1305032354.745813 0.00115802 -0.351101 -0.0206116 -0.247419 0.0328422 0.010391 0.968296
1305032354.777561 0.000985837 -0.364671 -0.0184406 -0.255677 0.0295143 0.00779785 0.96628
1305032354.813526 0.00199458 -0.379857 -0.0164713 -0.262105 0.0253729 0.00272114 0.964702
1305032354.845896 0.00444624 -0.395022 -0.017045 -0.268175 0.0213324 -0.00199354 0.963132
1305032354.877727 0.00626281 -0.408565 -0.0161077 -0.274941 0.0174527 -0.00710557 0.961277
1305032354.913596 0.00858602 -0.422582 -0.0178231 -0.281897 0.0127053 -0.0113362 0.959293
1305032354.946029 0.00969619 -0.43518 -0.016056 -0.291782 0.00724706 -0.018454 0.956279
1305032354.977691 0.0128542 -0.449415 -0.0153859 -0.299366 0.00167118 -0.0278118 0.953731
1305032355.013557 0.0165125 -0.462075 -0.0169359 -0.308643 -0.00368169 -0.0359439 0.950491
1305032355.045678 0.017838 -0.474229 -0.0115097 -0.322502 -0.00988083 -0.0477404 0.945312
1305032355.077711 0.0191759 -0.488621 -0.0054939 -0.332359 -0.0173916 -0.0587301 0.941162
1305032355.113721 0.0217308 -0.501846 0.00012711 -0.340345 -0.0280825 -0.0681197 0.937409
1305032355.145771 0.0244808 -0.514865 0.0032082 -0.349777 -0.0405089 -0.0751115 0.932938
1305032355.177863 0.0255133 -0.527249 0.00957752 -0.361529 -0.0536414 -0.081233 0.927265
1305032355.213995 0.0268042 -0.540295 0.0165199 -0.371426 -0.0672258 -0.0868607 0.921943
1305032355.246379 0.0249429 -0.552971 0.0246721 -0.379823 -0.0818967 -0.0910166 0.916921
1305032355.278991 0.0233186 -0.565829 0.0337389 -0.385613 -0.0987374 -0.0940147 0.912532
1305032355.312689 0.0245071 -0.579923 0.0395196 -0.389368 -0.115961 -0.0959591 0.908701
1305032355.347016 0.0284527 -0.588531 0.0451377 -0.393376 -0.131284 -0.0962482 0.904851
1305032355.379246 0.0317386 -0.596918 0.0547538 -0.396538 -0.147126 -0.0984081 0.900793
1305032355.415084 0.0367763 -0.606526 0.0626279 -0.397173 -0.161986 -0.103596 0.897375
1305032355.446636 0.0411654 -0.616539 0.07144 -0.396752 -0.173697 -0.109025 0.894724
1305032355.479127 0.0464312 -0.627913 0.0779902 -0.394256 -0.186044 -0.111822 0.892998
1305032355.514371 0.0537992 -0.634584 0.08395 -0.390659 -0.20046 -0.112581 0.891363
1305032355.546522 0.0631529 -0.642699 0.0889162 -0.387857 -0.213283 -0.112191 0.889658
1305032355.578354 0.0743574 -0.649337 0.0949173 -0.386248 -0.223719 -0.111784 0.887844
1305032355.614298 0.0871105 -0.65672 0.105098 -0.384518 -0.231727 -0.112107 0.886499
1305032355.646429 0.0993994 -0.668563 0.112978 -0.381524 -0.236569 -0.112641 0.886446
1305032355.679021 0.111353 -0.679867 0.119455 -0.378091 -0.24214 -0.112485 0.886433
1305032355.715171 0.124808 -0.689331 0.128194 -0.374077 -0.24996 -0.110906 0.886164
1305032355.747547 0.140436 -0.697962 0.133211 -0.367982 -0.256662 -0.108806 0.88706
1305032355.779172 0.159036 -0.702504 0.133519 -0.363916 -0.25938 -0.107976 0.888048
1305032355.815082 0.176231 -0.704379 0.151488 -0.361137 -0.260076 -0.109943 0.888737
1305032355.847746 0.187076 -0.719757 0.162147 -0.347743 -0.257272 -0.114863 0.894255
1305032355.879256 0.201945 -0.72358 0.161016 -0.327402 -0.256923 -0.122654 0.900975
1305032355.914958 0.219155 -0.726656 0.150454 -0.317036 -0.255773 -0.127861 0.904279
1305032355.947516 0.232273 -0.726926 0.148139 -0.318334 -0.253607 -0.128082 0.904402
1305032355.979562 0.243463 -0.728834 0.147075 -0.327029 -0.251724 -0.122915 0.90254
1305032356.015124 0.251539 -0.735302 0.150289 -0.338929 -0.253184 -0.11545 0.898719
1305032356.047385 0.251734 -0.74491 0.156444 -0.34696 -0.259387 -0.107606 0.894851
1305032356.083040 0.261419 -0.751146 0.159436 -0.3467 -0.270679 -0.100403 0.892441
1305032356.114352 0.277644 -0.752379 0.15992 -0.344591 -0.283033 -0.0984776 0.889636
1305032356.146404 0.291196 -0.750584 0.161872 -0.345193 -0.293067 -0.102218 0.885723
1305032356.182442 0.300177 -0.748584 0.169631 -0.343813 -0.302621 -0.11167 0.881897
1305032356.214279 0.307089 -0.754181 0.181528 -0.337643 -0.311893 -0.122466 0.879614
1305032356.246658 0.31522 -0.754109 0.185224 -0.324936 -0.320681 -0.129954 0.880166
1305032356.282363 0.326803 -0.750567 0.180731 -0.314743 -0.32626 -0.132309 0.881468
1305032356.314238 0.335559 -0.744271 0.183376 -0.311928 -0.329929 -0.129137 0.881573
1305032356.346442 0.337391 -0.741352 0.190976 -0.30923 -0.333721 -0.123569 0.881894
1305032356.382453 0.340305 -0.738414 0.200234 -0.29838 -0.341063 -0.117978 0.883587
1305032356.414237 0.346641 -0.732101 0.204717 -0.282519 -0.349999 -0.112933 0.885963
1305032356.446755 0.355595 -0.71982 0.209407 -0.266846 -0.358866 -0.110182 0.88762
1305032356.482444 0.366623 -0.70847 0.218263 -0.251997 -0.366307 -0.109692 0.888979
1305032356.514490 0.37642 -0.696215 0.226945 -0.236344 -0.369818 -0.112676 0.891448
1305032356.546721 0.385493 -0.68229 0.231018 -0.218939 -0.370712 -0.120076 0.89455
1305032356.582446 0.397518 -0.670148 0.227954 -0.203427 -0.369693 -0.129098 0.897373
1305032356.614314 0.40895 -0.652249 0.23245 -0.194133 -0.368125 -0.137423 0.898839
1305032356.646374 0.412886 -0.638968 0.237995 -0.186049 -0.365279 -0.144148 0.900654
1305032356.683322 0.420701 -0.623597 0.241253 -0.175276 -0.363086 -0.143995 0.903722
1305032356.715172 0.430645 -0.605551 0.245128 -0.165951 -0.361661 -0.139313 0.906782
1305032356.743534 0.442142 -0.586372 0.247968 -0.155898 -0.360351 -0.133247 0.909994
1305032356.782372 0.452662 -0.564703 0.250984 -0.147128 -0.358753 -0.127721 0.912873
1305032356.814985 0.457461 -0.550991 0.254949 -0.138559 -0.358119 -0.121609 0.915294
1305032356.846535 0.466484 -0.529746 0.255391 -0.127282 -0.359727 -0.111409 0.917597
1305032356.882068 0.477062 -0.506948 0.256361 -0.121425 -0.361797 -0.101444 0.918732
1305032356.914707 0.484023 -0.487218 0.257807 -0.119888 -0.363256 -0.0910142 0.91945
1305032356.947460 0.489771 -0.467544 0.25881 -0.119547 -0.365706 -0.0785348 0.919674
1305032356.982294 0.497924 -0.447142 0.260119 -0.119981 -0.368924 -0.0657841 0.919332
1305032357.014261 0.504772 -0.430552 0.262409 -0.120841 -0.372044 -0.0557242 0.918627
1305032357.046550 0.509322 -0.415022 0.265173 -0.11852 -0.376167 -0.0469421 0.91774
1305032357.082118 0.512911 -0.398582 0.263836 -0.114384 -0.381818 -0.0382629 0.916333
1305032357.114108 0.517522 -0.383263 0.266312 -0.110085 -0.389626 -0.030523 0.913861
1305032357.146528 0.526901 -0.366713 0.265731 -0.104512 -0.396092 -0.0239119 0.91193
1305032357.182108 0.53164 -0.350997 0.268575 -0.102927 -0.399533 -0.0182437 0.910739
1305032357.214184 0.535451 -0.336046 0.27103 -0.098359 -0.404428 -0.0110447 0.909198
1305032357.250098 0.542857 -0.320606 0.272101 -0.0889038 -0.408813 -0.00422168 0.908268
1305032357.282087 0.55107 -0.304215 0.270907 -0.0809825 -0.408416 0.00433645 0.909186
1305032357.314085 0.558494 -0.288679 0.270129 -0.0776078 -0.407261 0.0149527 0.909885
1305032357.350168 0.563143 -0.272944 0.268775 -0.0732864 -0.406934 0.0243648 0.910187
1305032357.382141 0.570676 -0.256223 0.265064 -0.0697126 -0.406613 0.0303432 0.910432
1305032357.414454 0.573379 -0.239686 0.264165 -0.0720695 -0.405206 0.0350044 0.910708
1305032357.450340 0.578431 -0.224683 0.261307 -0.0759883 -0.403726 0.0430052 0.910704
1305032357.482241 0.582405 -0.210498 0.259131 -0.0831186 -0.402053 0.0510898 0.910404
1305032357.513987 0.586248 -0.195835 0.256803 -0.090556 -0.39948 0.0577302 0.91043
1305032357.549979 0.589596 -0.183624 0.254299 -0.0960693 -0.39699 0.0636068 0.910562
1305032357.582946 0.592267 -0.171659 0.251154 -0.0996336 -0.395473 0.0673947 0.910567
1305032357.611057 0.597268 -0.160784 0.246387 -0.103365 -0.393998 0.0682864 0.910724
1305032357.650783 0.599611 -0.148652 0.244628 -0.108948 -0.391797 0.0667199 0.911139
1305032357.683024 0.602068 -0.138184 0.243835 -0.114256 -0.388907 0.0648785 0.911859
1305032357.710979 0.607107 -0.129158 0.241913 -0.118481 -0.385303 0.0642133 0.912897
1305032357.750457 0.610088 -0.118769 0.240575 -0.122688 -0.380502 0.0619463 0.91451
1305032357.783108 0.612073 -0.111557 0.24028 -0.126053 -0.37536 0.0589634 0.916373
1305032357.814444 0.6179 -0.103391 0.236833 -0.127219 -0.370779 0.0559987 0.918261
1305032357.850329 0.622074 -0.0945798 0.234776 -0.129759 -0.364911 0.0506668 0.920562
1305032357.882357 0.622553 -0.0877983 0.235997 -0.13182 -0.358062 0.0482506 0.923086
1305032357.914168 0.625108 -0.0823214 0.233886 -0.130097 -0.350415 0.0481884 0.926262
1305032357.948987 0.624547 -0.0753561 0.230985 -0.126779 -0.343288 0.0502087 0.929279
1305032357.982077 0.624041 -0.0689294 0.228537 -0.122418 -0.339116 0.0510882 0.931345
1305032358.010855 0.621565 -0.0646967 0.228967 -0.116348 -0.336616 0.0515162 0.933005
1305032358.050220 0.619588 -0.0589211 0.228636 -0.105697 -0.334377 0.0557073 0.934835
1305032358.082211 0.615313 -0.0539921 0.228978 -0.0966349 -0.332662 0.0578467 0.936297
1305032358.115784 0.610468 -0.0488673 0.231137 -0.0843467 -0.332952 0.0593927 0.937284
1305032358.150676 0.604781 -0.0473258 0.233821 -0.0706375 -0.333912 0.0613406 0.93795
1305032358.183396 0.597374 -0.0440894 0.235784 -0.0586741 -0.335189 0.0621146 0.938268
1305032358.214748 0.588812 -0.0402809 0.239366 -0.0464811 -0.337804 0.0642913 0.937867
1305032358.251221 0.580607 -0.0343629 0.24266 -0.0343167 -0.341171 0.0711511 0.936676
1305032358.283060 0.572357 -0.0301616 0.247473 -0.027172 -0.344923 0.0739889 0.935316
1305032358.314611 0.562881 -0.0234849 0.251244 -0.0195559 -0.348273 0.0812504 0.933661
1305032358.350749 0.555473 -0.0172381 0.255142 -0.0127276 -0.352544 0.0883125 0.931532
1305032358.381865 0.547444 -0.0119901 0.259897 -0.0122223 -0.358318 0.0914912 0.929025
1305032358.414355 0.537689 -0.00653331 0.262849 -0.0101049 -0.36535 0.0923278 0.926225
1305032358.447967 0.531773 -0.0015218 0.265363 -0.00671406 -0.371341 0.0925615 0.923847
1305032358.481387 0.529002 0.00336333 0.268478 -0.0105605 -0.373776 0.0934144 0.922742
1305032358.517650 0.527545 0.0111202 0.271089 -0.0160713 -0.37452 0.0939832 0.922303
1305032358.548167 0.527941 0.0168929 0.271942 -0.0196459 -0.373731 0.0936481 0.922588
1305032358.582146 0.529416 0.0212818 0.27175 -0.0228977 -0.372328 0.0941595 0.923028
1305032358.616710 0.530445 0.0239353 0.271274 -0.0267201 -0.371386 0.0933019 0.923392
1305032358.649112 0.531637 0.0257013 0.271043 -0.0289473 -0.371246 0.0925544 0.923457
1305032358.681202 0.534064 0.0254524 0.269443 -0.0299745 -0.371445 0.0934957 0.923249
1305032358.716920 0.535354 0.0222899 0.268661 -0.0311367 -0.371724 0.0939939 0.923048
1305032358.746598 0.538236 0.0171607 0.267634 -0.0300623 -0.373314 0.0956711 0.922269
1305032358.779352 0.539891 0.008582 0.266782 -0.0275436 -0.376054 0.0958009 0.921221
1305032358.817050 0.543885 -0.000428859 0.264284 -0.0247128 -0.381338 0.0937283 0.91934
1305032358.849277 0.546052 -0.0113022 0.262758 -0.02127 -0.387589 0.0904789 0.917134
1305032358.882669 0.553026 -0.0231333 0.260077 -0.0171402 -0.392671 0.0879304 0.915305
1305032358.917982 0.55822 -0.0364352 0.257984 -0.0169525 -0.396542 0.0863498 0.913789
1305032358.951038 0.563237 -0.0494978 0.255249 -0.0184524 -0.400542 0.0816552 0.912446
1305032358.983085 0.57068 -0.0615518 0.251203 -0.019325 -0.405189 0.075621 0.910895
1305032359.019148 0.578482 -0.0742158 0.248031 -0.0252798 -0.408954 0.0665629 0.909773
1305032359.051225 0.585978 -0.0868019 0.24742 -0.0338098 -0.410843 0.0534787 0.909508
1305032359.082899 0.594144 -0.0997727 0.246045 -0.0421893 -0.411379 0.0420482 0.909516
1305032359.118855 0.602844 -0.11213 0.245815 -0.0502174 -0.411196 0.0337411 0.909537
1305032359.151254 0.612831 -0.126247 0.244921 -0.0589084 -0.408772 0.0240207 0.910416
1305032359.183363 0.622749 -0.140282 0.244163 -0.0681431 -0.406327 0.0146418 0.911066
1305032359.219267 0.631105 -0.154778 0.244901 -0.0806967 -0.403587 0.00647292 0.911353
1305032359.251063 0.640918 -0.169399 0.24571 -0.0966688 -0.399481 -0.000753336 0.91163
1305032359.283123 0.647047 -0.183165 0.246776 -0.11318 -0.393618 -0.00816396 0.912244
1305032359.319238 0.653306 -0.199405 0.24723 -0.126197 -0.390352 -0.0182917 0.911792
1305032359.350945 0.659628 -0.216864 0.248177 -0.139466 -0.387698 -0.0284057 0.910732
1305032359.383033 0.663743 -0.233743 0.251089 -0.153772 -0.384441 -0.0359389 0.909542
1305032359.418684 0.667446 -0.250475 0.253841 -0.164955 -0.382363 -0.0436011 0.908123
1305032359.450700 0.670307 -0.268172 0.256028 -0.172973 -0.381321 -0.0533944 0.906545
1305032359.482630 0.673194 -0.285437 0.259575 -0.182335 -0.380269 -0.063316 0.904511
1305032359.517271 0.672946 -0.304898 0.264578 -0.191303 -0.379248 -0.0693175 0.902646
1305032359.549406 0.675863 -0.321967 0.269973 -0.19648 -0.379772 -0.0720733 0.901096
1305032359.580783 0.678483 -0.336751 0.274516 -0.20615 -0.378767 -0.0769622 0.898952
1305032359.618509 0.677556 -0.353178 0.282171 -0.221215 -0.375277 -0.0797337 0.89659
1305032359.648297 0.677766 -0.369701 0.289407 -0.233907 -0.37299 -0.0819546 0.89412
1305032359.682616 0.673918 -0.385088 0.298755 -0.245306 -0.372083 -0.0867495 0.890985
1305032359.717507 0.668473 -0.401177 0.306496 -0.253215 -0.37385 -0.0926881 0.887427
1305032359.747140 0.666706 -0.417025 0.314374 -0.260674 -0.37884 -0.0976068 0.882611
1305032359.784467 0.662948 -0.431827 0.324624 -0.268577 -0.381763 -0.104065 0.878234
1305032359.814695 0.659796 -0.448175 0.33548 -0.274798 -0.383346 -0.111161 0.874743
1305032359.847549 0.655624 -0.462267 0.345846 -0.281626 -0.385538 -0.118161 0.870681
1305032359.886136 0.651675 -0.477874 0.357177 -0.289097 -0.387452 -0.12423 0.866528
1305032359.915265 0.647132 -0.492354 0.368532 -0.295301 -0.390648 -0.131693 0.861886
1305032359.947309 0.643005 -0.505583 0.3788 -0.301582 -0.394801 -0.140026 0.856489
1305032359.984090 0.639662 -0.517848 0.388731 -0.308593 -0.39971 -0.14854 0.850258
1305032360.018877 0.636312 -0.526738 0.398886 -0.31711 -0.404995 -0.158886 0.842719
1305032360.051651 0.6315 -0.538102 0.410753 -0.327038 -0.410272 -0.170551 0.834048
1305032360.087324 0.62549 -0.546304 0.421236 -0.336656 -0.415645 -0.181604 0.82518
1305032360.119052 0.618797 -0.553687 0.433015 -0.346028 -0.42183 -0.19232 0.815682
1305032360.151201 0.610627 -0.560765 0.446438 -0.353863 -0.429221 -0.201589 0.806172
1305032360.187139 0.602913 -0.570572 0.460223 -0.359686 -0.437884 -0.211055 0.796454
1305032360.218935 0.594885 -0.578977 0.474376 -0.363193 -0.445594 -0.221006 0.78784
1305032360.251170 0.585363 -0.585683 0.489045 -0.365442 -0.453411 -0.22924 0.779949
1305032360.285679 0.574433 -0.5946 0.50524 -0.365625 -0.464146 -0.235336 0.771689
1305032360.318280 0.561711 -0.60446 0.519859 -0.361299 -0.475792 -0.241661 0.764647
1305032360.347303 0.550811 -0.616437 0.532791 -0.354585 -0.486784 -0.247471 0.758992
1305032360.387567 0.544155 -0.624703 0.545514 -0.347537 -0.499741 -0.253542 0.751794
1305032360.419307 0.536501 -0.633709 0.557253 -0.342833 -0.511198 -0.262447 0.743144
1305032360.447080 0.526008 -0.641086 0.568439 -0.338697 -0.518739 -0.272972 0.735989
1305032360.487302 0.516446 -0.650592 0.580256 -0.333967 -0.525231 -0.282352 0.729983
1305032360.516084 0.50594 -0.657826 0.591205 -0.33012 -0.530947 -0.290149 0.724521
1305032360.550452 0.49434 -0.665517 0.601831 -0.327455 -0.535551 -0.295193 0.720291
1305032360.585577 0.481889 -0.673544 0.611593 -0.32358 -0.539784 -0.299932 0.716917
1305032360.616453 0.468277 -0.678582 0.620651 -0.316801 -0.54533 -0.305236 0.713501
1305032360.651196 0.453091 -0.685736 0.630547 -0.30539 -0.554517 -0.311426 0.708704
1305032360.683724 0.437269 -0.692118 0.637983 -0.289306 -0.564726 -0.317894 0.704506
1305032360.716902 0.42122 -0.69949 0.644394 -0.271439 -0.574286 -0.321887 0.702072
1305032360.750823 0.408864 -0.70443 0.648402 -0.256188 -0.583733 -0.321135 0.700355
1305032360.787088 0.398049 -0.706746 0.650323 -0.245956 -0.592272 -0.315119 0.699585
1305032360.817705 0.388411 -0.708455 0.653168 -0.241592 -0.599857 -0.30563 0.698853
1305032360.851074 0.380736 -0.707597 0.657062 -0.238916 -0.60726 -0.298456 0.696476
1305032360.887553 0.375311 -0.705547 0.661266 -0.237077 -0.613275 -0.297154 0.692379
1305032360.919281 0.366059 -0.702689 0.665984 -0.235052 -0.618427 -0.301799 0.686452
1305032360.951273 0.355212 -0.702781 0.669835 -0.230516 -0.624722 -0.30607 0.680372
1305032360.983341 0.351988 -0.701127 0.673232 -0.226477 -0.631905 -0.306319 0.674961
1305032361.019684 0.350968 -0.694619 0.676182 -0.227659 -0.637208 -0.305734 0.669824
1305032361.055112 0.34779 -0.689533 0.681663 -0.230952 -0.642181 -0.308698 0.662548
1305032361.083402 0.34212 -0.685175 0.688306 -0.230682 -0.648136 -0.313772 0.65441
1305032361.118826 0.336641 -0.682768 0.693945 -0.225867 -0.655753 -0.316562 0.647117
1305032361.155055 0.334313 -0.679161 0.700318 -0.216481 -0.66555 -0.314917 0.641098
1305032361.187451 0.335357 -0.676738 0.708057 -0.203374 -0.676062 -0.311194 0.63619
1305032361.214912 0.33934 -0.673074 0.717604 -0.188715 -0.685768 -0.306251 0.632707
1305032361.250889 0.347932 -0.666965 0.726949 -0.175208 -0.694871 -0.299626 0.629826
1305032361.283006 0.359589 -0.658831 0.738138 -0.163438 -0.704243 -0.292717 0.625816
1305032361.318300 0.373926 -0.648116 0.749968 -0.155924 -0.711458 -0.287674 0.621899
1305032361.353596 0.38452 -0.636638 0.761639 -0.152985 -0.716996 -0.285002 0.617484
1305032361.385885 0.396073 -0.625767 0.773347 -0.149677 -0.723776 -0.2823 0.611598
1305032361.418314 0.409325 -0.614595 0.787205 -0.145814 -0.730257 -0.281629 0.605101
1305032361.454287 0.419776 -0.604696 0.801867 -0.141188 -0.73525 -0.282245 0.599842
1305032361.482980 0.434351 -0.594882 0.816363 -0.136309 -0.739201 -0.280401 0.596973
1305032361.517186 0.447205 -0.584667 0.828385 -0.132109 -0.743322 -0.278177 0.593832
1305032361.554410 0.458615 -0.576269 0.84082 -0.123891 -0.749656 -0.274189 0.589481
1305032361.586249 0.473482 -0.56816 0.854789 -0.111036 -0.756007 -0.269422 0.58612
1305032361.614853 0.487266 -0.558419 0.868188 -0.099247 -0.760573 -0.263941 0.58482
1305032361.654354 0.500456 -0.551105 0.883213 -0.0880844 -0.764485 -0.256159 0.584967
1305032361.683032 0.512701 -0.538873 0.897096 -0.0766068 -0.766475 -0.244642 0.588896
1305032361.715384 0.526056 -0.527859 0.908656 -0.0682248 -0.767298 -0.231839 0.594012
1305032361.754316 0.539265 -0.517595 0.921896 -0.0649852 -0.766612 -0.220238 0.599648
1305032361.782986 0.550653 -0.504559 0.936545 -0.0691807 -0.762665 -0.209134 0.608128
1305032361.819589 0.561795 -0.491356 0.9494 -0.0761474 -0.75706 -0.200272 0.617213
1305032361.855109 0.571783 -0.477068 0.959021 -0.0833387 -0.750857 -0.194877 0.625533
1305032361.886775 0.579417 -0.463738 0.963869 -0.0893532 -0.746128 -0.190846 0.631575
1305032361.919175 0.582329 -0.450158 0.966862 -0.093361 -0.743167 -0.185847 0.635962
1305032361.955033 0.586201 -0.437983 0.969391 -0.0932748 -0.742413 -0.173416 0.640351
1305032361.987135 0.597506 -0.421093 0.975912 -0.0949687 -0.743563 -0.160665 0.642092
1305032362.019273 0.602887 -0.402755 0.983066 -0.101175 -0.743486 -0.1583 0.64182
1305032362.054809 0.604335 -0.387644 0.989371 -0.105686 -0.741585 -0.15493 0.644111
1305032362.086432 0.606637 -0.370511 0.995798 -0.112563 -0.739457 -0.144535 0.647798
1305032362.118268 0.610973 -0.354399 1.00242 -0.119364 -0.737926 -0.13266 0.650861
1305032362.154488 0.614724 -0.334884 1.00886 -0.124321 -0.736572 -0.12099 0.653733
1305032362.186946 0.618592 -0.316092 1.01404 -0.126631 -0.737426 -0.113321 0.653702
1305032362.223302 0.623233 -0.298674 1.02103 -0.127824 -0.739166 -0.107745 0.652446
1305032362.254745 0.624965 -0.27815 1.02722 -0.131678 -0.740674 -0.101329 0.650995
1305032362.286962 0.626897 -0.260513 1.03336 -0.135702 -0.742995 -0.0958061 0.648355
1305032362.322988 0.627844 -0.242916 1.03958 -0.136612 -0.746637 -0.0899426 0.644811
1305032362.355069 0.630282 -0.224219 1.04734 -0.136468 -0.751902 -0.0834063 0.639581
1305032362.386153 0.630616 -0.20603 1.05495 -0.135946 -0.757873 -0.0778913 0.633308
1305032362.421202 0.630053 -0.188141 1.06354 -0.132658 -0.763947 -0.0719233 0.627387
1305032362.452718 0.630932 -0.170101 1.07478 -0.128918 -0.769526 -0.0654819 0.622031
1305032362.487094 0.630806 -0.151769 1.08372 -0.12834 -0.77392 -0.0603636 0.617197
1305032362.523226 0.629116 -0.135409 1.09079 -0.126992 -0.778351 -0.0566191 0.612239
1305032362.554152 0.626737 -0.120366 1.09723 -0.122954 -0.782232 -0.0545949 0.608288
1305032362.586874 0.623159 -0.105566 1.10251 -0.119982 -0.785296 -0.0484549 0.605448
1305032362.623276 0.623236 -0.0906693 1.10838 -0.119485 -0.787405 -0.0416815 0.603307
1305032362.655272 0.621302 -0.0753535 1.11154 -0.12213 -0.78884 -0.0387322 0.601095
1305032362.687068 0.618027 -0.0603754 1.11258 -0.125568 -0.790962 -0.0360375 0.597757
1305032362.723139 0.615944 -0.0467525 1.11329 -0.128918 -0.793515 -0.0336047 0.593788
1305032362.752501 0.612091 -0.0354284 1.11324 -0.13121 -0.795397 -0.0305874 0.590924
1305032362.786189 0.607888 -0.0244227 1.11372 -0.13307 -0.796787 -0.0236243 0.588953
1305032362.822975 0.605609 -0.0139936 1.11449 -0.132301 -0.798104 -0.0157253 0.587604
1305032362.854747 0.603721 -0.00338077 1.11618 -0.131304 -0.799199 -0.0077122 0.586499
1305032362.887079 0.601619 0.00629373 1.11708 -0.129768 -0.800748 -0.000721139 0.584775
1305032362.922917 0.598964 0.014884 1.11733 -0.124404 -0.802763 0.0034915 0.583167
1305032362.955254 0.595509 0.0222549 1.11763 -0.118104 -0.803361 0.00874187 0.583597
1305032362.987432 0.592506 0.0305126 1.11912 -0.112882 -0.802938 0.0211895 0.584892
1305032363.023019 0.590621 0.0370779 1.12118 -0.10419 -0.802442 0.0343218 0.586561
1305032363.050785 0.589983 0.044021 1.12316 -0.0955213 -0.800012 0.0438737 0.590704
1305032363.087129 0.588921 0.0526225 1.12372 -0.0915422 -0.796654 0.0578159 0.594659
1305032363.121871 0.589457 0.0592547 1.12362 -0.0835793 -0.795096 0.0717892 0.596392
1305032363.152039 0.590683 0.0664461 1.12348 -0.0758995 -0.793346 0.0798057 0.598726
1305032363.186339 0.589982 0.0734313 1.12137 -0.0712981 -0.791183 0.0886389 0.600907
1305032363.223545 0.591628 0.0805336 1.12007 -0.0685231 -0.790237 0.0996708 0.600745
1305032363.254897 0.59273 0.0879608 1.11883 -0.0662201 -0.789946 0.10533 0.600422
1305032363.286746 0.591665 0.0944048 1.11716 -0.0613163 -0.78996 0.108202 0.600413
1305032363.323009 0.593073 0.0993742 1.11757 -0.0575466 -0.78888 0.112617 0.601394
1305032363.351268 0.594077 0.10594 1.11845 -0.0556355 -0.785368 0.118802 0.604969
1305032363.387226 0.595807 0.110996 1.11721 -0.0544158 -0.781956 0.12702 0.607823
1305032363.423169 0.600681 0.118466 1.11954 -0.0551419 -0.780395 0.132148 0.608671
1305032363.454680 0.600183 0.126983 1.11955 -0.057398 -0.778613 0.132773 0.610605
1305032363.490519 0.602246 0.134958 1.11988 -0.0577362 -0.777252 0.134455 0.611937
1305032363.522372 0.606761 0.146561 1.122 -0.0621915 -0.776587 0.135239 0.612172
1305032363.554139 0.605294 0.15737 1.12055 -0.0695107 -0.775564 0.134417 0.612862
1305032363.589728 0.603821 0.166144 1.11751 -0.0762069 -0.775163 0.138189 0.611734
1305032363.622073 0.605574 0.174062 1.11734 -0.0802316 -0.775931 0.140902 0.609624
1305032363.653876 0.603855 0.181047 1.1163 -0.0832358 -0.777106 0.142627 0.607319
1305032363.689996 0.603459 0.186069 1.11672 -0.0846184 -0.780096 0.145258 0.602653
1305032363.721151 0.601778 0.188654 1.1178 -0.0838159 -0.784029 0.145554 0.597569
1305032363.754688 0.59995 0.189906 1.12 -0.0778205 -0.787477 0.147007 0.593475
1305032363.789766 0.597802 0.18812 1.12448 -0.0717403 -0.78983 0.150855 0.590139
1305032363.820015 0.596328 0.186736 1.13052 -0.065393 -0.790331 0.157142 0.588564
1305032363.850926 0.593562 0.184041 1.13504 -0.0587533 -0.789378 0.165082 0.58837
1305032363.889635 0.593624 0.183077 1.14151 -0.0542883 -0.789475 0.17375 0.586167
1305032363.918945 0.590856 0.183742 1.14418 -0.0524506 -0.791965 0.175644 0.5824
1305032363.953919 0.587474 0.178756 1.14748 -0.0453236 -0.795619 0.173302 0.578708
1305032363.989477 0.586642 0.173949 1.15266 -0.0387623 -0.797751 0.172446 0.5765
1305032364.021974 0.584566 0.170478 1.15511 -0.0361104 -0.799369 0.17219 0.574504
1305032364.051316 0.584001 0.165173 1.15774 -0.031994 -0.801593 0.171688 0.571794
1305032364.089983 0.585213 0.158461 1.16071 -0.0294513 -0.804429 0.171008 0.568139
1305032364.121945 0.584073 0.152749 1.16196 -0.0283932 -0.808109 0.169355 0.563447
1305032364.154479 0.584681 0.146045 1.16361 -0.0278975 -0.813897 0.167224 0.555724
1305032364.187829 0.585408 0.139972 1.16617 -0.0267648 -0.821287 0.15975 0.547038
1305032364.220131 0.583428 0.132241 1.16812 -0.0274146 -0.829608 0.147667 0.537767
1305032364.254427 0.582176 0.120941 1.17025 -0.0291533 -0.838201 0.136206 0.527273
1305032364.287208 0.582728 0.108075 1.17286 -0.0273039 -0.845865 0.123777 0.518118
1305032364.321001 0.583964 0.096547 1.17761 -0.0272858 -0.853263 0.110639 0.508878
1305032364.353803 0.58352 0.083077 1.18197 -0.02863 -0.860165 0.095042 0.500263
1305032364.390393 0.582287 0.0694491 1.1866 0.0290522 0.866117 -0.0772717 -0.492977
1305032364.422934 0.580913 0.054726 1.1915 0.0290115 0.872193 -0.0587786 -0.48475
1305032364.454973 0.578656 0.0393796 1.19773 0.0290367 0.87832 -0.039021 -0.475592
1305032364.490909 0.573887 0.0219337 1.20434 0.0285474 0.883263 -0.0184905 -0.467643
1305032364.523222 0.569035 0.00401984 1.21092 0.0257524 0.887489 -0.000470502 -0.460108
1305032364.555371 0.564477 -0.0155931 1.21927 0.0217051 0.891304 0.0186222 -0.452504
1305032364.590015 0.559029 -0.0363753 1.2285 0.0157401 0.893182 0.0360677 -0.447969
1305032364.622240 0.551901 -0.0583896 1.23778 0.0115474 0.893859 0.0495483 -0.445453
1305032364.654940 0.546232 -0.0793441 1.24722 0.0105008 0.89447 0.0612591 -0.442788
1305032364.691021 0.539671 -0.0983494 1.25649 0.00788131 0.89422 0.0771347 -0.440861
1305032364.723145 0.532896 -0.117931 1.26398 0.0065557 0.893222 0.0951304 -0.439388
1305032364.758771 0.526247 -0.137369 1.27157 0.0102633 0.891931 0.114476 -0.43732
1305032364.790576 0.516702 -0.1583 1.27787 0.0113085 0.889742 0.133215 -0.436446
1305032364.822800 0.50669 -0.177108 1.27923 0.00871012 0.887723 0.145645 -0.436645
1305032364.858509 0.4985 -0.19978 1.28215 0.00411503 0.888375 0.155404 -0.431998
1305032364.889427 0.490091 -0.222075 1.28822 0.0016073 0.889327 0.164763 -0.426555
1305032364.923105 0.479509 -0.241 1.29161 0.00224232 0.889454 0.173999 -0.4226
1305032364.956761 0.468532 -0.260576 1.29321 0.00412618 0.890077 0.183596 -0.417178
1305032364.991437 0.457297 -0.280661 1.29598 0.00602239 0.89135 0.190716 -0.411202
1305032365.022936 0.447242 -0.298624 1.3005 0.00851587 0.892288 0.196492 -0.406374
1305032365.059290 0.4355 -0.313907 1.30354 0.00947847 0.892834 0.20301 -0.401925
1305032365.087143 0.424845 -0.328344 1.30762 0.00763262 0.893138 0.211128 -0.397079
1305032365.123256 0.413398 -0.340581 1.31135 0.00713344 0.893183 0.221187 -0.391471
1305032365.159298 0.400968 -0.35341 1.3127 0.00608209 0.893184 0.231926 -0.385222
1305032365.191271 0.388896 -0.366456 1.31267 0.000876381 0.8933 0.240654 -0.379605
1305032365.223463 0.377135 -0.377362 1.31392 -0.00634154 0.893957 0.247965 -0.373248
1305032365.256958 0.366509 -0.38877 1.31528 -0.012089 0.894862 0.255061 -0.366088
1305032365.290273 0.35699 -0.399142 1.31804 -0.0143626 0.895834 0.261858 -0.358756
1305032365.323458 0.34643 -0.409132 1.31695 -0.0174542 0.896542 0.268898 -0.35157
1305032365.359591 0.337299 -0.420282 1.31814 -0.0231356 0.897665 0.273292 -0.344925
1305032365.391371 0.329799 -0.427587 1.32198 -0.027209 0.898407 0.277819 -0.339029
1305032365.423267 0.321153 -0.434466 1.3214 -0.0305623 0.898684 0.283929 -0.332891
1305032365.459383 0.314669 -0.441836 1.32099 -0.0330126 0.899804 0.287329 -0.326656
1305032365.491152 0.309351 -0.447873 1.32238 -0.0332779 0.901465 0.289815 -0.319783
1305032365.523217 0.303929 -0.454765 1.32241 -0.0336964 0.903021 0.292208 -0.313101
1305032365.558893 0.298844 -0.462045 1.32228 -0.0351486 0.905038 0.292348 -0.306926
1305032365.591436 0.296123 -0.468703 1.32107 -0.0374605 0.907818 0.290739 -0.29989
1305032365.623205 0.293323 -0.474419 1.32275 -0.0397638 0.9109 0.289155 -0.291667
1305032365.659377 0.289783 -0.480314 1.32443 -0.0423183 0.912971 0.289751 -0.284142
1305032365.691155 0.28653 -0.484023 1.32374 -0.044578 0.91421 0.290808 -0.27868
1305032365.723383 0.283829 -0.489261 1.31946 -0.0466305 0.915968 0.290518 -0.272814
1305032365.759259 0.28117 -0.495058 1.31845 -0.0496978 0.919174 0.286676 -0.265455
1305032365.791166 0.276522 -0.49823 1.31939 -0.0516433 0.921721 0.283173 -0.259955
1305032365.823223 0.273219 -0.501417 1.31681 -0.0521748 0.923385 0.280441 -0.256887
1305032365.859634 0.269181 -0.505821 1.31307 -0.0507997 0.925685 0.275728 -0.253968
1305032365.889504 0.26453 -0.508648 1.31248 -0.0477466 0.928934 0.268593 -0.25032
1305032365.927362 0.258279 -0.511531 1.31155 -0.042721 0.93155 0.262238 -0.248233
1305032365.959313 0.25109 -0.515013 1.30845 -0.0366601 0.933755 0.255247 -0.248205
1305032365.991061 0.245912 -0.517979 1.30508 -0.0304269 0.93625 0.246825 -0.248169
1305032366.026870 0.24026 -0.522585 1.30219 -0.023991 0.93828 0.241189 -0.246744
1305032366.059164 0.232814 -0.529637 1.29812 -0.0199456 0.940216 0.234776 -0.245919
1305032366.091112 0.229131 -0.532091 1.30057 -0.0161035 0.941067 0.231085 -0.246442
1305032366.127026 0.223381 -0.53929 1.29812 -0.0165459 0.938934 0.241509 -0.244545
1305032366.159365 0.218904 -0.550859 1.28903 -0.0279605 0.936332 0.25175 -0.243152
1305032366.190979 0.2169 -0.561523 1.28327 -0.0436064 0.934704 0.256589 -0.24205
1305032366.227205 0.216434 -0.567275 1.27667 -0.0520754 0.932967 0.263288 -0.239875
1305032366.259172 0.215212 -0.575343 1.26533 -0.0549798 0.931444 0.272147 -0.235212
1305032366.291401 0.213497 -0.582494 1.25869 -0.0548259 0.931343 0.278416 -0.228209
1305032366.327121 0.209403 -0.589584 1.25341 -0.0531307 0.930072 0.288071 -0.221716
1305032366.359097 0.204668 -0.596897 1.24277 -0.0554699 0.927952 0.297795 -0.217131
1305032366.391043 0.201149 -0.603179 1.23458 -0.0599261 0.926576 0.304363 -0.212669
1305032366.427242 0.198201 -0.607186 1.22893 -0.0648572 0.925316 0.310632 -0.207584
1305032366.459233 0.194909 -0.6099 1.22167 -0.0684524 0.924024 0.317132 -0.202291
1305032366.491285 0.191993 -0.613156 1.21305 -0.0721884 0.92369 0.320869 -0.196544
1305032366.526997 0.19054 -0.614915 1.20803 -0.077426 0.924304 0.322185 -0.189377
1305032366.559109 0.189747 -0.614299 1.20201 -0.0837367 0.925114 0.323329 -0.180584
1305032366.591375 0.189488 -0.61318 1.19839 -0.0890394 0.926528 0.323604 -0.169993
1305032366.626920 0.190066 -0.608604 1.19811 -0.0929115 0.927613 0.325286 -0.158398
1305032366.655039 0.188162 -0.60717 1.19567 -0.0970339 0.927525 0.330296 -0.145557
1305032366.687461 0.187124 -0.607722 1.1914 -0.100902 0.927175 0.334204 -0.135916
1305032366.727328 0.187278 -0.605453 1.18832 -0.101927 0.928367 0.333208 -0.129296
1305032366.759333 0.187343 -0.602951 1.1906 -0.098982 0.930236 0.331754 -0.121668
1305032366.790587 0.184699 -0.602882 1.19139 -0.0970001 0.931421 0.332363 -0.112161
1305032366.826895 0.182177 -0.603067 1.19276 -0.0994039 0.932615 0.331119 -0.103482
1305032366.859205 0.180098 -0.601539 1.19692 -0.103005 0.933717 0.329298 -0.0955272
1305032366.888643 0.178553 -0.59791 1.20254 -0.10472 0.934378 0.328902 -0.0882887
1305032366.926959 0.176025 -0.59608 1.20502 -0.105316 0.934354 0.330472 -0.081734
1305032366.958281 0.174285 -0.596544 1.20576 -0.106667 0.93516 0.329013 -0.0764724
1305032366.990487 0.171853 -0.59624 1.21177 -0.108004 0.937719 0.322175 -0.0722586
1305032367.026585 0.168413 -0.593087 1.22097 -0.107393 0.940624 0.314349 -0.0698397
1305032367.058683 0.164637 -0.589629 1.23051 -0.105229 0.943539 0.306442 -0.0689572
1305032367.087523 0.159302 -0.586213 1.24263 -0.101874 0.946631 0.297911 -0.0690011
1305032367.126868 0.153568 -0.581965 1.25459 -0.0993485 0.949322 0.289789 -0.0702793
1305032367.158939 0.146457 -0.577356 1.26736 -0.09746 0.951994 0.281022 -0.0723549
1305032367.191850 0.139458 -0.571912 1.28171 -0.0958764 0.954133 0.272902 -0.0772136
1305032367.226101 0.133204 -0.565418 1.29259 -0.0941318 0.955922 0.265339 -0.0833483
1305032367.257578 0.128258 -0.559911 1.30411 -0.0935569 0.958182 0.255684 -0.0880941
1305032367.293991 0.119764 -0.550407 1.32177 -0.0911998 0.960487 0.246652 -0.0911627
1305032367.326110 0.111591 -0.543717 1.33185 -0.0916118 0.960843 0.244247 -0.0934428
1305032367.358269 0.108059 -0.540304 1.33682 -0.0971692 0.962116 0.235487 -0.0971395
1305032367.394011 0.103173 -0.532168 1.35027 -0.101364 0.964981 0.220272 -0.100089
1305032367.425982 0.0988425 -0.52343 1.36017 -0.101551 0.967027 0.210539 -0.10109
1305032367.458337 0.0947324 -0.516838 1.36623 -0.10123 0.969416 0.199765 -0.100395
1305032367.494794 0.0910434 -0.508756 1.37405 -0.0993435 0.97244 0.186038 -0.0994031
1305032367.525123 0.0869604 -0.499414 1.38184 -0.0988032 0.974967 0.174225 -0.0965586
1305032367.558998 0.0809086 -0.489126 1.39094 -0.0974026 0.97701 0.164986 -0.0935025
1305032367.594540 0.0745413 -0.478184 1.39784 -0.0946578 0.978107 0.160982 -0.0918217
1305032367.627313 0.0693461 -0.469309 1.40099 -0.0944823 0.978962 0.157535 -0.0888264
1305032367.659071 0.0623031 -0.459754 1.40752 -0.0976367 0.979709 0.152548 -0.0858282
1305032367.694516 0.0560951 -0.447635 1.41266 -0.100709 0.980149 0.14898 -0.0834884
1305032367.727182 0.0508067 -0.436873 1.41687 -0.101118 0.98076 0.146451 -0.0802339
1305032367.759159 0.0434896 -0.425245 1.42236 -0.0981183 0.98192 0.142652 -0.0765306
1305032367.794852 0.0341802 -0.412438 1.42819 -0.094405 0.983013 0.139515 -0.0728586
1305032367.826871 0.0251314 -0.401322 1.43246 -0.0915232 0.983981 0.13645 -0.0691771
1305032367.858142 0.0161105 -0.389289 1.438 -0.0887368 0.98539 0.129983 -0.0650913
1305032367.894056 0.00443287 -0.377868 1.44456 -0.0859061 0.986721 0.123884 -0.0604544
1305032367.925922 -0.00818821 -0.365646 1.4487 -0.0849835 0.987855 0.116603 -0.0576533
1305032367.957958 -0.0180154 -0.35217 1.4526 -0.08517 0.989134 0.106854 -0.0542336
1305032367.994884 -0.0277344 -0.338948 1.45663 -0.0865791 0.990453 0.0958865 -0.0480914
1305032368.025983 -0.0360704 -0.325236 1.4631 -0.0855643 0.991891 0.0846472 -0.0408096
1305032368.058921 -0.04642 -0.316157 1.46831 -0.0855507 0.993082 0.073555 -0.0325463
1305032368.094710 -0.0561402 -0.302666 1.4735 -0.0851633 0.994315 0.0588188 -0.0250211
1305032368.126824 -0.0640317 -0.288924 1.47739 -0.0860483 0.995101 0.045945 -0.0160931
1305032368.156667 -0.0713216 -0.275194 1.48219 -0.0870916 0.995652 0.0324743 -0.00613775
1305032368.190798 -0.0780995 -0.26108 1.48584 -0.0867077 0.996006 0.0208971 0.00412329
1305032368.226380 -0.0839613 -0.248562 1.48762 -0.0881672 0.995973 0.00769343 0.0143278
1305032368.258177 -0.0900977 -0.233925 1.48998 -0.0889033 0.995779 -0.00455247 0.022362
1305032368.293455 -0.0951644 -0.220022 1.49114 -0.0868895 0.995708 -0.0132285 0.0290061
1305032368.326215 -0.100405 -0.208256 1.49072 -0.0855177 0.995486 -0.0218834 0.0348509
1305032368.358554 -0.10461 -0.193778 1.48945 -0.0870536 0.994977 -0.0325701 0.0371703
1305032368.393756 -0.106202 -0.177401 1.48996 -0.0883368 0.994457 -0.0417403 0.0388502
1305032368.425949 -0.108037 -0.163754 1.48527 -0.0909158 0.993875 -0.0471507 0.0415206
1305032368.462413 -0.111284 -0.155077 1.48263 -0.0954193 0.99307 -0.0543394 0.0418967
1305032368.494411 -0.111602 -0.147129 1.47774 -0.0953165 0.992 -0.071693 0.0413539
1305032368.526548 -0.117645 -0.134145 1.47731 -0.0928348 0.990391 -0.0932845 0.0424812
1305032368.561964 -0.124115 -0.118319 1.4707 -0.0917686 0.989013 -0.109809 0.0370678
1305032368.594201 -0.130079 -0.103673 1.46666 -0.0867592 0.988043 -0.124457 0.0274464
1305032368.626418 -0.132478 -0.0894362 1.46221 -0.0774242 0.986738 -0.141247 0.0200682
1305032368.662780 -0.13847 -0.0655938 1.46282 -0.0653415 0.985493 -0.155968 0.0143893
1305032368.692306 -0.142569 -0.0457742 1.45816 -0.0504676 0.984916 -0.165238 0.00945146
1305032368.726391 -0.14668 -0.0270751 1.45869 -0.036414 0.983965 -0.174369 0.0090553
1305032368.762429 -0.144275 -0.00280782 1.45577 -0.0230716 0.983123 -0.181076 0.0121802
1305032368.794488 -0.145957 0.0173138 1.45265 -0.0116474 0.98273 -0.183756 0.0184254
1305032368.826920 -0.145945 0.033239 1.44536 -0.00137941 0.982186 -0.186163 0.0255383
1305032368.862385 -0.146811 0.0459176 1.44104 0.00297198 0.981423 -0.189053 0.0325464
1305032368.894079 -0.147816 0.0562547 1.43691 0.00525176 0.980675 -0.192096 0.0367202
1305032368.926364 -0.150619 0.0672471 1.43204 0.00953596 0.979474 -0.197554 0.0388723
1305032368.959769 -0.152898 0.0780546 1.42887 0.0162589 0.978093 -0.203712 0.039641
1305032368.992519 -0.1574 0.089282 1.42478 0.0204518 0.976711 -0.209815 0.0399413
1305032369.026559 -0.160712 0.095905 1.42108 0.0248936 0.975057 -0.217104 0.0388562
1305032369.062508 -0.166154 0.107889 1.4216 0.0331479 0.972614 -0.226942 0.0376991
1305032369.092465 -0.173094 0.120318 1.4171 0.0417339 0.970761 -0.233665 0.0358086
1305032369.126422 -0.176704 0.127501 1.41222 0.0491245 0.969483 -0.237379 0.0366152
1305032369.162529 -0.185041 0.131953 1.41507 0.0560691 0.968529 -0.238984 0.0411717
1305032369.194429 -0.189432 0.137821 1.41217 0.0610313 0.967808 -0.240106 0.0444105
1305032369.226184 -0.192835 0.142717 1.40729 0.0655754 0.967077 -0.241066 0.0484733
1305032369.262275 -0.198188 0.147308 1.40744 0.0693596 0.96656 -0.241207 0.0526392
1305032369.294549 -0.203299 0.15077 1.40623 0.0731842 0.966045 -0.241642 0.0548612
1305032369.325603 -0.206513 0.154436 1.40499 0.0787495 0.965034 -0.243636 0.0561161
1305032369.361711 -0.209329 0.15162 1.40414 0.0852924 0.963997 -0.244863 0.0589595
1305032369.393865 -0.211253 0.148953 1.40398 0.0903219 0.961503 -0.252294 0.0608336
1305032369.425788 -0.2143 0.155324 1.40214 0.0943709 0.959298 -0.258173 0.0647149
1305032369.461699 -0.213111 0.155677 1.40036 0.0947447 0.959569 -0.256191 0.0679424
1305032369.493663 -0.213398 0.157117 1.40173 0.0985632 0.959339 -0.254238 0.072915
1305032369.526387 -0.212329 0.159806 1.39994 0.102391 0.959294 -0.25146 0.0777148
1305032369.561511 -0.212691 0.161135 1.40037 0.101921 0.96025 -0.246524 0.0822012
1305032369.590662 -0.212276 0.164052 1.4014 0.101459 0.961943 -0.238721 0.0859361
1305032369.629343 -0.213066 0.162008 1.4028 0.0986815 0.96468 -0.227671 0.0884322
1305032369.661976 -0.212419 0.158098 1.4083 0.0975941 0.966387 -0.220871 0.0882431
1305032369.694117 -0.212657 0.154567 1.41142 0.095994 0.968116 -0.214066 0.0878217
1305032369.730214 -0.213626 0.148639 1.41824 0.0897714 0.97015 -0.207982 0.0865695
1305032369.762462 -0.215824 0.144254 1.42892 0.0834347 0.972071 -0.202486 0.0843607
1305032369.794288 -0.217639 0.140416 1.43847 0.0779259 0.974025 -0.197107 0.0797005
1305032369.830464 -0.220523 0.139763 1.45083 0.0736593 0.975886 -0.191322 0.0749452
1305032369.862646 -0.222696 0.139149 1.4588 0.069503 0.977886 -0.184669 0.0693186
1305032369.894378 -0.224967 0.139134 1.46798 0.065171 0.979768 -0.178775 0.0620192
1305032369.930439 -0.226407 0.139468 1.47802 0.0623148 0.981319 -0.173322 0.0555869
1305032369.962123 -0.226791 0.139837 1.48495 0.0591801 0.982952 -0.166692 0.0501763
1305032369.994406 -0.226779 0.140845 1.49072 0.0570744 0.984432 -0.159669 0.0462715
1305032370.029452 -0.22596 0.14025 1.49657 0.0545232 0.985483 -0.154721 0.0437201
1305032370.062431 -0.225252 0.140028 1.50632 0.0508987 0.986429 -0.150344 0.0420068
1305032370.094141 -0.225134 0.141459 1.51666 0.0491325 0.987672 -0.142827 0.0411113
1305032370.131075 -0.223529 0.141799 1.52408 0.0458725 0.989233 -0.133271 0.0394044
1305032370.163765 -0.222428 0.143688 1.53285 0.0453322 0.990409 -0.124915 0.0378202
1305032370.191957 -0.220282 0.144687 1.53985 0.0450907 0.991458 -0.117175 0.0353226
1305032370.227691 -0.218364 0.145648 1.54837 0.0459192 0.992174 -0.111619 0.0319929
1305032370.260069 -0.216669 0.146672 1.55771 0.0463559 0.992889 -0.105652 0.0293351
1305032370.292473 -0.214558 0.147285 1.56483 0.0457144 0.993675 -0.0988561 0.0273495
1305032370.330184 -0.213208 0.147244 1.57121 0.0443309 0.994202 -0.0941066 0.027233
1305032370.362216 -0.212697 0.147462 1.57843 0.0424301 0.994752 -0.0890595 0.0271371
1305032370.393732 -0.211042 0.146934 1.58259 0.0399882 0.995328 -0.0841773 0.0252362
1305032370.429519 -0.210936 0.146711 1.58791 0.0398433 0.995518 -0.0827523 0.0225689
1305032370.462719 -0.212885 0.146575 1.59419 0.0398444 0.995783 -0.0802294 0.0197732
1305032370.494226 -0.212039 0.14811 1.5984 0.0388761 0.996142 -0.0771246 0.0155589
1305032370.530396 -0.211811 0.148596 1.60338 0.0375883 0.996454 -0.0741379 0.0130779
1305032370.559254 -0.21257 0.150934 1.60904 0.0349419 0.996934 -0.0690962 0.0113087
1305032370.594716 -0.213213 0.154261 1.61249 0.0297703 0.997671 -0.0606405 0.00947267
1305032370.630635 -0.212912 0.154046 1.61331 0.0261214 0.998295 -0.0515864 0.00798455
1305032370.662528 -0.213323 0.154224 1.61565 0.0231482 0.998723 -0.0445475 0.00572344
1305032370.694786 -0.214717 0.154534 1.61723 0.019194 0.999105 -0.0376555 0.00141929
1305032370.730482 -0.215304 0.153157 1.61846 0.0188181 0.999239 -0.0340818 -0.00226169
1305032370.762399 -0.217076 0.15061 1.62229 0.0182231 0.999334 -0.0312273 -0.00497098
1305032370.794226 -0.2193 0.148916 1.62504 0.0159148 0.999519 -0.025339 -0.00817916
1305032370.830572 -0.220093 0.144486 1.62448 0.0146866 0.999692 -0.0182815 -0.00808651
1305032370.862608 -0.221439 0.136522 1.62688 0.0124701 0.999837 -0.0125387 -0.00377403
1305032370.898515 -0.223242 0.12986 1.63089 0.00831057 0.99995 -0.00532694 -0.00127063
1305032370.930670 -0.225739 0.120764 1.63188 0.00493596 0.999973 0.00543083 -0.000277298
1305032370.962798 -0.228563 0.109624 1.63405 0.00199639 0.999868 0.0160732 0.000919884
1305032370.998569 -0.232869 0.0974658 1.63656 -0.00158092 0.999626 0.0272185 0.00198627
1305032371.030841 -0.238672 0.0854953 1.63862 -0.00330351 0.999128 0.0416314 0.000361938
1305032371.063015 -0.245625 0.0715681 1.63865 -0.00258155 0.998344 0.0574476 -0.00124898
1305032371.098694 -0.252294 0.0540614 1.63785 -0.00554477 0.997465 0.0708948 -0.002712
1305032371.127227 -0.260268 0.0337984 1.63869 -0.0124473 0.996386 0.0838959 -0.00457059
1305032371.163393 -0.26904 0.0123966 1.63727 -0.0201801 0.995068 0.0967473 -0.00844985
1305032371.199223 -0.273834 -0.0109421 1.63224 -0.0298071 0.99402 0.104385 -0.0117783
1305032371.231580 -0.281221 -0.0391799 1.63066 -0.0430235 0.993177 0.107744 -0.0117948
1305032371.263109 -0.288052 -0.0643817 1.6281 -0.0549285 0.992229 0.11098 -0.0121758
1305032371.298947 -0.294135 -0.089488 1.62379 -0.0652852 0.991091 0.115392 -0.0126721
1305032371.331335 -0.298775 -0.117616 1.6183 -0.0766531 0.989764 0.11994 -0.0102754
1305032371.362306 -0.303398 -0.144702 1.6132 -0.089108 0.988164 0.124735 -0.00568627
1305032371.399028 -0.310337 -0.170635 1.61017 -0.100504 0.986227 0.131357 -0.000537396
1305032371.429259 -0.316014 -0.194703 1.60333 -0.111896 0.983718 0.140573 0.00412053
1305032371.461631 -0.32089 -0.219298 1.59668 -0.124341 0.980555 0.151582 0.00859808
1305032371.500366 -0.326558 -0.241895 1.58911 -0.134677 0.97722 0.163468 0.013447
1305032371.528780 -0.333048 -0.264061 1.58118 -0.146099 0.973289 0.17604 0.0193181
1305032371.563035 -0.338116 -0.285318 1.57076 -0.160526 0.968605 0.188165 0.0250974
1305032371.594845 -0.343522 -0.30379 1.5601 -0.172896 0.96415 0.198962 0.0305827
1305032371.627278 -0.349274 -0.322203 1.54804 -0.181321 0.960091 0.209826 0.0363454
1305032371.661699 -0.354868 -0.338801 1.53478 -0.187299 0.956516 0.219527 0.0424877
1305032371.698085 -0.35982 -0.355324 1.52084 -0.197526 0.952178 0.227711 0.0498864
1305032371.726894 -0.368847 -0.371735 1.51023 -0.208433 0.947693 0.235189 0.055861
1305032371.763078 -0.377534 -0.383677 1.49394 -0.215005 0.943238 0.246041 0.0594907
1305032371.798775 -0.383114 -0.397152 1.47407 -0.218951 0.939769 0.254883 0.0626839
1305032371.830728 -0.391967 -0.408703 1.45599 -0.21918 0.937753 0.260664 0.0680653
1305032371.862988 -0.397461 -0.419826 1.434 -0.220966 0.935822 0.263696 0.0766566
1305032371.898658 -0.4058 -0.43479 1.41738 -0.224664 0.933407 0.265391 0.088573
1305032371.930961 -0.412931 -0.448784 1.39845 -0.232699 0.92951 0.268157 0.099773
1305032371.960332 -0.417017 -0.462306 1.37762 -0.244479 0.924932 0.269341 0.110388
1305032371.999011 -0.419582 -0.475306 1.35759 -0.255673 0.920862 0.268538 0.120549
1305032372.030867 -0.421067 -0.48911 1.33682 -0.265092 0.917359 0.266914 0.130137
1305032372.058918 -0.42269 -0.506805 1.31738 -0.275548 0.913689 0.264144 0.139546
1305032372.098264 -0.424932 -0.521582 1.30138 -0.285887 0.909805 0.263172 0.145817
1305032372.127609 -0.417516 -0.52727 1.27885 -0.296146 0.905971 0.262282 0.150737
1305032372.166169 -0.411228 -0.540432 1.25938 -0.305213 0.902697 0.256616 0.161652
1305032372.198119 -0.406195 -0.55185 1.24413 -0.313878 0.899325 0.249907 0.173903
1305032372.230071 -0.396827 -0.560604 1.22678 -0.323976 0.894841 0.244175 0.186219
1305032372.266126 -0.387667 -0.570693 1.21185 -0.333104 0.890385 0.238126 0.198877
1305032372.297790 -0.380831 -0.579829 1.19825 -0.340655 0.8857 0.234069 0.211426
1305032372.329039 -0.371041 -0.589309 1.18563 -0.351795 0.879587 0.230913 0.221916
1305032372.366292 -0.363504 -0.59974 1.1745 -0.363119 0.873953 0.228112 0.228724
1305032372.398337 -0.352772 -0.6047 1.16376 -0.37358 0.869314 0.22634 0.231304
1305032372.430932 -0.342378 -0.610452 1.15512 -0.381584 0.86499 0.225887 0.234865
1305032372.466079 -0.333207 -0.618203 1.14768 -0.389471 0.859756 0.228453 0.238623
1305032372.498135 -0.318474 -0.621055 1.13814 -0.39923 0.853885 0.231793 0.240351
1305032372.530492 -0.300496 -0.62658 1.12893 -0.407692 0.849177 0.230896 0.243664
1305032372.570271 -0.289432 -0.634591 1.1235 -0.411541 0.846121 0.22938 0.249193
1305032372.597861 -0.276301 -0.64153 1.11678 -0.416412 0.841857 0.232623 0.252515
1305032372.629218 -0.260144 -0.646953 1.10829 -0.421779 0.838188 0.234756 0.253838
1305032372.664108 -0.24717 -0.652466 1.10213 -0.424981 0.8361 0.234715 0.255416
1305032372.698696 -0.236273 -0.656027 1.09648 -0.427411 0.833515 0.235458 0.259098
1305032372.728994 -0.223221 -0.660238 1.09053 -0.430831 0.829567 0.236298 0.265267
1305032372.766505 -0.207772 -0.664615 1.08428 -0.434306 0.82577 0.235704 0.271892
1305032372.797997 -0.191273 -0.668975 1.07733 -0.43496 0.823734 0.233484 0.278848
1305032372.831463 -0.17657 -0.673292 1.06989 -0.431999 0.824099 0.22739 0.287284
1305032372.866969 -0.167606 -0.681705 1.06526 -0.42563 0.825702 0.220947 0.297049
1305032372.898841 -0.157182 -0.684241 1.05969 -0.420751 0.826231 0.216407 0.305743
1305032372.930454 -0.149144 -0.686292 1.0541 -0.41539 0.826722 0.211643 0.314943
1305032372.966691 -0.142035 -0.683328 1.05162 -0.409814 0.827024 0.20741 0.324138
1305032372.998926 -0.134941 -0.678217 1.04661 -0.406447 0.82427 0.207285 0.335281
1305032373.030611 -0.126754 -0.677944 1.04062 -0.408349 0.817481 0.207906 0.348929
1305032373.066897 -0.120686 -0.676303 1.03619 -0.41034 0.811326 0.209692 0.359724
1305032373.099775 -0.116201 -0.669756 1.0318 -0.410512 0.806077 0.216904 0.366977
1305032373.127898 -0.109806 -0.663112 1.02593 -0.410911 0.799718 0.227829 0.373761
1305032373.166377 -0.103274 -0.657693 1.01987 -0.412745 0.791685 0.239103 0.381714
1305032373.198404 -0.096209 -0.653951 1.01348 -0.418885 0.781845 0.247959 0.389577
1305032373.230484 -0.091711 -0.648937 1.00808 -0.424267 0.773667 0.25515 0.395392
1305032373.266752 -0.085231 -0.644278 1.00415 -0.42866 0.766242 0.262788 0.400084
1305032373.298845 -0.0778584 -0.638773 1.00023 -0.432309 0.758722 0.270297 0.405449
1305032373.331228 -0.069149 -0.634513 0.995834 -0.432945 0.752709 0.276529 0.411729
1305032373.366882 -0.0642395 -0.632736 0.992713 -0.430262 0.748539 0.282285 0.418186
1305032373.399055 -0.0572918 -0.631737 0.987957 -0.428955 0.743722 0.289583 0.423104
1305032373.434622 -0.0498051 -0.63107 0.982722 -0.430098 0.738341 0.292235 0.429496
1305032373.465659 -0.0458719 -0.630606 0.980425 -0.429301 0.735171 0.294358 0.434255
1305032373.498970 -0.0408228 -0.630154 0.977219 -0.424969 0.73335 0.300794 0.437175
1305032373.534678 -0.037521 -0.629258 0.973155 -0.421394 0.730565 0.306453 0.441349
1305032373.566786 -0.0346425 -0.628567 0.968285 -0.419807 0.727664 0.311322 0.444237
1305032373.598786 -0.0325087 -0.627661 0.962362 -0.419646 0.72502 0.315642 0.44566
1305032373.635967 -0.0296899 -0.625766 0.954076 -0.422269 0.722473 0.317632 0.445905
1305032373.663912 -0.02516 -0.625714 0.946455 -0.424415 0.723227 0.31604 0.443772
1305032373.697914 -0.0249615 -0.62682 0.943755 -0.42454 0.726471 0.310938 0.441953
1305032373.734507 -0.0230659 -0.627888 0.942082 -0.424472 0.728614 0.307859 0.440645
1305032373.766443 -0.0224905 -0.628034 0.943676 -0.419439 0.732298 0.30259 0.443001
1305032373.795838 -0.0305713 -0.629295 0.948078 -0.412326 0.734618 0.300333 0.447351
1305032373.834934 -0.0384443 -0.626021 0.946477 -0.41196 0.73194 0.302821 0.450391
1305032373.867293 -0.0414782 -0.628285 0.943302 -0.413812 0.730328 0.301051 0.452492
1305032373.899270 -0.0508932 -0.631529 0.944011 -0.413929 0.733494 0.293278 0.452369
1305032373.935073 -0.0602936 -0.634762 0.946164 -0.414475 0.736701 0.287788 0.450178
1305032373.967085 -0.0680166 -0.637633 0.949475 -0.41512 0.738496 0.2816 0.450556
1305032373.999199 -0.0799756 -0.639425 0.953375 -0.414237 0.74098 0.273506 0.452274
1305032374.031187 -0.0953585 -0.639667 0.955936 -0.414056 0.743377 0.266037 0.45296
1305032374.066725 -0.109051 -0.639356 0.956763 -0.419315 0.744877 0.254752 0.452145
1305032374.098933 -0.120293 -0.642449 0.965397 -0.425005 0.747289 0.240995 0.45039
1305032374.134653 -0.135806 -0.642342 0.972016 -0.426326 0.748657 0.229048 0.453096
1305032374.165256 -0.153696 -0.638157 0.977557 -0.421601 0.752729 0.219387 0.455545
1305032374.198931 -0.171682 -0.636006 0.985523 -0.414947 0.756077 0.211984 0.459597
1305032374.234571 -0.192184 -0.630756 0.989617 -0.40791 0.756135 0.204663 0.469024
1305032374.266232 -0.213226 -0.62621 0.993359 -0.400817 0.755937 0.197254 0.478535
1305032374.295091 -0.237256 -0.617298 0.997785 -0.392923 0.755259 0.192816 0.48787
1305032374.334758 -0.256434 -0.60984 0.997333 -0.387039 0.753261 0.188066 0.497424
1305032374.364907 -0.277839 -0.6028 0.998806 -0.381581 0.751524 0.177132 0.508166
1305032374.399126 -0.302574 -0.593601 1.00043 -0.375139 0.748708 0.161673 0.522082
1305032374.434942 -0.334169 -0.578987 1.00156 -0.368148 0.746197 0.147444 0.534712
1305032374.465697 -0.359165 -0.569834 0.998345 -0.361398 0.744725 0.139576 0.54341
1305032374.498778 -0.387231 -0.558174 0.998057 -0.348821 0.745732 0.130009 0.552545
1305032374.534408 -0.423998 -0.54073 0.996769 -0.33619 0.745293 0.123333 0.562409
1305032374.565648 -0.453472 -0.523911 0.98949 -0.32799 0.74539 0.122785 0.567222
1305032374.605154 -0.482019 -0.509356 0.981167 -0.320412 0.748965 0.122541 0.566896
1305032374.634454 -0.505722 -0.497633 0.976615 -0.314472 0.752938 0.120474 0.565401
1305032374.666026 -0.530484 -0.483988 0.972522 -0.304505 0.756654 0.114169 0.567202
1305032374.699355 -0.559292 -0.46645 0.965902 -0.291213 0.760861 0.107462 0.569857
1305032374.733811 -0.583619 -0.449992 0.959412 -0.279417 0.765889 0.105148 0.56946
1305032374.764278 -0.605673 -0.435677 0.953452 -0.266839 0.770801 0.0995497 0.569871
1305032374.799002 -0.630449 -0.416682 0.947346 -0.255912 0.775513 0.0905 0.569999
1305032374.833082 -0.651164 -0.399134 0.942624 -0.248945 0.779516 0.0857945 0.568349
1305032374.865385 -0.670028 -0.381908 0.937873 -0.241673 0.782588 0.0820888 0.567812
1305032374.902777 -0.688892 -0.3636 0.932756 -0.23542 0.785897 0.0815395 0.565946
1305032374.934055 -0.704374 -0.347005 0.927201 -0.229433 0.789871 0.0822702 0.562758
1305032374.963033 -0.720241 -0.327189 0.924698 -0.21822 0.794734 0.0834509 0.560191
1305032375.002817 -0.735468 -0.307404 0.920343 -0.206941 0.79925 0.0921649 0.556669
1305032375.033887 -0.745262 -0.292704 0.916867 -0.196016 0.804428 0.101699 0.551481
1305032375.063190 -0.755918 -0.273624 0.914159 -0.184873 0.809825 0.107007 0.546402
1305032375.102173 -0.765918 -0.25548 0.911558 -0.176881 0.814878 0.113217 0.540249
1305032375.133604 -0.77094 -0.241626 0.911101 -0.170894 0.819037 0.116021 0.535269
1305032375.165423 -0.776093 -0.228306 0.910578 -0.166958 0.822919 0.109016 0.53202
1305032375.200434 -0.784363 -0.213122 0.910919 -0.164127 0.827286 0.0972097 0.528404
1305032375.233840 -0.790574 -0.196924 0.911958 -0.162377 0.83024 0.0885475 0.525828
1305032375.266195 -0.795577 -0.18164 0.911996 -0.159127 0.8328 0.080174 0.524114
1305032375.301769 -0.800824 -0.165551 0.913377 -0.154873 0.833796 0.0743548 0.524661
1305032375.333732 -0.804494 -0.151766 0.914113 -0.152304 0.833301 0.0699809 0.526798
1305032375.365885 -0.806963 -0.140806 0.915394 -0.149814 0.832863 0.0635803 0.529012
1305032375.402005 -0.807259 -0.129785 0.917641 -0.144268 0.830771 0.0537445 0.5349
1305032375.434228 -0.809918 -0.119391 0.920189 -0.138724 0.826819 0.039161 0.543684
1305032375.465844 -0.8131 -0.109555 0.921658 -0.136003 0.822601 0.0287609 0.551365
1305032375.499846 -0.812729 -0.102035 0.922513 -0.132992 0.818618 0.0184468 0.558424
1305032375.532923 -0.813901 -0.0950186 0.923794 -0.12654 0.815294 0.0052001 0.565028
1305032375.564754 -0.815733 -0.0870047 0.923271 -0.119061 0.811807 -0.00207264 0.571655
1305032375.601530 -0.816295 -0.0785086 0.922661 -0.113228 0.808944 -0.0076824 0.576828
1305032375.633994 -0.8182 -0.0697882 0.920658 -0.11045 0.807138 -0.0125039 0.579805
1305032375.665634 -0.819505 -0.0613009 0.917829 -0.105264 0.806257 -0.0185475 0.58183
1305032375.701032 -0.82303 -0.0509001 0.913731 -0.0971293 0.806405 -0.0233035 0.582867
1305032375.733424 -0.826145 -0.0408906 0.910209 -0.0913662 0.80722 -0.0251372 0.582595
1305032375.765813 -0.828227 -0.0300652 0.905249 -0.0888115 0.806883 -0.0280853 0.583321
1305032375.801369 -0.830447 -0.0186106 0.900556 -0.085531 0.806327 -0.0319402 0.58438
1305032375.833207 -0.833964 -0.00795088 0.895267 -0.0814666 0.805832 -0.0349239 0.585473
1305032375.871496 -0.836804 0.00176041 0.889891 -0.0770701 0.805561 -0.0380045 0.586248
1305032375.901646 -0.839305 0.0118973 0.886313 -0.068961 0.804512 -0.0446165 0.58823
1305032375.933407 -0.8449 0.0226254 0.882485 -0.0552606 0.80221 -0.0506297 0.592319
1305032375.970923 -0.850448 0.0340165 0.878083 -0.0456064 0.800022 -0.0496774 0.596169
1305032375.998893 -0.853664 0.0421923 0.873977 -0.0382661 0.797754 -0.0486417 0.599799
1305032376.032870 -0.860875 0.0522957 0.869916 -0.0251263 0.795638 -0.0473866 0.603393
1305032376.071463 -0.868703 0.0638589 0.863454 -0.0131893 0.795312 -0.0429082 0.604535
1305032376.102191 -0.87445 0.0751977 0.858325 -0.0074424 0.796772 -0.0390172 0.602973
1305032376.133788 -0.87789 0.0827372 0.854254 -0.000689307 0.797364 -0.0370682 0.602359
1305032376.169914 -0.885976 0.0924872 0.849469 0.00743073 0.79813 -0.0347559 0.601436
1305032376.199876 -0.891956 0.103772 0.845723 0.0116171 0.800671 -0.0323706 0.598116
1305032376.230465 -0.894627 0.11105 0.842674 0.017349 0.802993 -0.0302364 0.594968
1305032376.273911 -0.9006 0.120628 0.840068 0.0258814 0.804316 -0.0260148 0.593067
1305032376.301938 -0.903683 0.132041 0.837547 0.0262137 0.806169 -0.0226531 0.59067
1305032376.333881 -0.904817 0.139573 0.835382 0.0286128 0.806932 -0.0207506 0.589585
1305032376.373272 -0.90711 0.148445 0.8334 0.0343604 0.806769 -0.0173076 0.589613
1305032376.401634 -0.907184 0.155742 0.831907 0.0373009 0.807218 -0.0186867 0.588777
1305032376.433772 -0.906552 0.162505 0.831336 0.044371 0.807542 -0.0204195 0.587784
1305032376.470927 -0.906729 0.169471 0.83046 0.0537938 0.807739 -0.0246839 0.586562
1305032376.502274 -0.907221 0.175022 0.829417 0.0657104 0.808916 -0.0301785 0.58346
1305032376.534012 -0.907218 0.179795 0.829399 0.0787179 0.809662 -0.0367502 0.580432
1305032376.570435 -0.907301 0.185926 0.830543 0.0894689 0.808996 -0.0436599 0.579323
1305032376.602018 -0.906412 0.192514 0.832084 0.0955142 0.808475 -0.0504736 0.578531
1305032376.633878 -0.905047 0.198008 0.833763 0.103125 0.80757 -0.0568959 0.577891
1305032376.670038 -0.904024 0.205454 0.836108 0.111342 0.805747 -0.0606181 0.578533
1305032376.702106 -0.902153 0.212741 0.837503 0.114098 0.803972 -0.0632945 0.580176
1305032376.734286 -0.899225 0.221292 0.838461 0.118146 0.801794 -0.0659764 0.582079
1305032376.770230 -0.897237 0.228789 0.840721 0.122209 0.798952 -0.0681174 0.584894
1305032376.802346 -0.894507 0.23773 0.84155 0.123458 0.797306 -0.0712997 0.586497
1305032376.833992 -0.891494 0.244226 0.841672 0.12551 0.796042 -0.0742686 0.587408
1305032376.870589 -0.888751 0.251764 0.842537 0.130726 0.794072 -0.0767644 0.588615
1305032376.901913 -0.885883 0.258989 0.842656 0.133009 0.793258 -0.0785832 0.588961
1305032376.933692 -0.88073 0.265318 0.841725 0.134326 0.792763 -0.0802142 0.589109
1305032376.970386 -0.878115 0.269445 0.842006 0.137425 0.791142 -0.083664 0.590093
1305032376.999115 -0.874746 0.273224 0.841019 0.140757 0.790435 -0.0880016 0.589623
1305032377.033983 -0.871921 0.277358 0.840048 0.143296 0.789791 -0.0912405 0.589382
1305032377.070323 -0.868592 0.282547 0.839313 0.147694 0.787567 -0.093503 0.590917
1305032377.102669 -0.866184 0.286736 0.838787 0.151195 0.785443 -0.0961203 0.592437
1305032377.138244 -0.86273 0.292163 0.837148 0.152443 0.784564 -0.0956599 0.593354
1305032377.170226 -0.859539 0.29659 0.836504 0.153399 0.783456 -0.0945296 0.594751
1305032377.201999 -0.858216 0.299938 0.836349 0.153449 0.782883 -0.0922819 0.595845
1305032377.240571 -0.855221 0.30203 0.835451 0.151972 0.783348 -0.0908274 0.595837
1305032377.270905 -0.853415 0.301039 0.835678 0.155064 0.782223 -0.0893565 0.596739
1305032377.301796 -0.852659 0.298735 0.835872 0.15563 0.780846 -0.0877461 0.598632
1305032377.340942 -0.85063 0.296409 0.836038 0.151198 0.780976 -0.0852944 0.599951
1305032377.370316 -0.847699 0.292639 0.835931 0.148147 0.779861 -0.0838369 0.602362
1305032377.401804 -0.848017 0.286368 0.836943 0.146259 0.77867 -0.0828443 0.604498
1305032377.439875 -0.847001 0.27985 0.837645 0.138673 0.779315 -0.0821771 0.605545
1305032377.472533 -0.846509 0.270693 0.83681 0.133113 0.778817 -0.0817451 0.607489
1305032377.501559 -0.848738 0.254854 0.837549 0.12873 0.778155 -0.079599 0.609563
1305032377.537201 -0.849983 0.243397 0.837073 0.121183 0.779119 -0.0784761 0.610025
1305032377.569572 -0.849701 0.230187 0.836192 0.113511 0.779263 -0.0769598 0.611508
1305032377.602349 -0.851495 0.213726 0.836142 0.106195 0.77817 -0.0750912 0.614439
1305032377.640524 -0.853785 0.198603 0.834243 0.0974128 0.778693 -0.0730853 0.615472
1305032377.669877 -0.855025 0.183151 0.83113 0.08737 0.779405 -0.0705319 0.616376
1305032377.701705 -0.855454 0.164937 0.828238 0.0777326 0.778709 -0.0687964 0.618739
1305032377.737307 -0.857139 0.148927 0.824325 0.0657213 0.778776 -0.0683684 0.620093
1305032377.769318 -0.855963 0.131866 0.818701 0.0535893 0.77943 -0.0677408 0.620506
1305032377.801678 -0.856383 0.113973 0.814674 0.0434717 0.778865 -0.0683441 0.621939
1305032377.837451 -0.857838 0.0959645 0.808944 0.0330845 0.778682 -0.0663585 0.623022
1305032377.869348 -0.856217 0.0793638 0.80336 0.0201072 0.77918 -0.0645977 0.623138
1305032377.901238 -0.854099 0.0611341 0.797555 0.00740469 0.778261 -0.0624772 0.624781
1305032377.940265 -0.85367 0.0428477 0.792465 -0.00519929 0.776973 -0.0592348 0.626719
1305032377.969308 -0.852325 0.0241764 0.785506 -0.0190499 0.775859 -0.0550506 0.628211
1305032378.001243 -0.848217 0.0053198 0.78038 -0.0333844 0.774358 -0.0524172 0.629689
1305032378.040183 -0.845897 -0.0135659 0.775081 -0.048171 0.771902 -0.05146 0.631822
1305032378.068725 -0.84559 -0.0316971 0.767941 -0.06212 0.769806 -0.0471115 0.633499
1305032378.101420 -0.841817 -0.048418 0.762168 -0.0752438 0.768674 -0.0433202 0.633721
1305032378.139924 -0.836459 -0.0656675 0.756801 -0.0833183 0.767349 -0.0420723 0.6344
1305032378.169193 -0.833056 -0.0826609 0.751623 -0.0899554 0.764437 -0.0385681 0.637225
1305032378.202266 -0.827183 -0.0988 0.745961 -0.100896 0.760385 -0.0361795 0.640567
1305032378.237421 -0.822148 -0.114549 0.740192 -0.112597 0.755984 -0.0334181 0.643967
1305032378.269616 -0.815421 -0.130337 0.735222 -0.125562 0.749919 -0.027955 0.648903
1305032378.306182 -0.808743 -0.14552 0.731413 -0.137289 0.741954 -0.0245291 0.655785
1305032378.340777 -0.803993 -0.161119 0.724368 -0.149338 0.731908 -0.0215931 0.664487
1305032378.367690 -0.801847 -0.176014 0.715864 -0.166936 0.722467 -0.0168678 0.670737
1305032378.406284 -0.796198 -0.191283 0.707595 -0.1847 0.713805 -0.00636108 0.67552
1305032378.438513 -0.788466 -0.207928 0.700243 -0.198856 0.705466 0.00447058 0.68026
1305032378.470434 -0.782579 -0.226002 0.69325 -0.214258 0.696793 0.0122831 0.684414
1305032378.504807 -0.775128 -0.244881 0.687403 -0.231907 0.688381 0.0174174 0.687057
1305032378.539167 -0.767118 -0.264976 0.684214 -0.248241 0.678459 0.0158676 0.691244
1305032378.570470 -0.76115 -0.28682 0.680054 -0.265317 0.667399 0.0131099 0.695711
1305032378.607040 -0.754926 -0.307714 0.675585 -0.283169 0.657824 0.0139567 0.697773
1305032378.640593 -0.748304 -0.328101 0.671979 -0.300241 0.648968 0.0183513 0.698827
1305032378.674045 -0.740258 -0.350136 0.669164 -0.319035 0.641582 0.0240463 0.697145
1305032378.708133 -0.727902 -0.372292 0.671074 -0.334821 0.636592 0.0263277 0.694228
1305032378.741855 -0.717296 -0.393066 0.672816 -0.341246 0.633144 0.0276758 0.6942
1305032378.774289 -0.707205 -0.411415 0.675113 -0.343783 0.63083 0.0320049 0.694868
1305032378.811244 -0.693974 -0.430137 0.678702 -0.344303 0.62853 0.0347005 0.696564
1305032378.840101 -0.686333 -0.445818 0.681238 -0.342875 0.626292 0.0349626 0.699266
1305032378.871857 -0.676602 -0.457714 0.685087 -0.344231 0.622911 0.0358751 0.701569
1305032378.907789 -0.665492 -0.469514 0.692306 -0.347364 0.615468 0.0313584 0.706791
1305032378.938846 -0.657491 -0.478388 0.696464 -0.352591 0.602922 0.0206208 0.715359
1305032378.971348 -0.64862 -0.487067 0.699139 -0.362846 0.58831 0.00642611 0.722629
1305032379.007038 -0.639187 -0.495962 0.700446 -0.374201 0.57373 -0.00947382 0.728504
1305032379.038668 -0.632484 -0.502091 0.69853 -0.383899 0.562768 -0.0203712 0.731778
1305032379.071271 -0.62059 -0.507872 0.698749 -0.394511 0.556148 -0.0200305 0.731204
1305032379.106727 -0.607661 -0.51608 0.700148 -0.39907 0.552793 -0.0146837 0.731401
1305032379.138937 -0.595636 -0.52459 0.698766 -0.399208 0.552134 -0.00368485 0.731961
1305032379.170930 -0.584307 -0.533682 0.696572 -0.399417 0.55373 0.0104692 0.730575
1305032379.206680 -0.570502 -0.545235 0.69638 -0.402798 0.55589 0.0240259 0.726748
1305032379.238614 -0.555206 -0.557844 0.699528 -0.404058 0.557167 0.0316475 0.724776
1305032379.271270 -0.544107 -0.570514 0.702127 -0.40179 0.557943 0.0358097 0.725246
1305032379.310742 -0.531244 -0.582335 0.707441 -0.400399 0.556329 0.037672 0.727158
1305032379.342450 -0.518823 -0.595147 0.712673 -0.399879 0.549028 0.0313156 0.73327
1305032379.373747 -0.506912 -0.606696 0.716702 -0.40146 0.53993 0.0179228 0.739584
1305032379.406812 -0.49931 -0.615588 0.719221 -0.405021 0.532888 0.00356553 0.742951
1305032379.440732 -0.490996 -0.622035 0.723732 -0.411506 0.526802 -0.00658962 0.743707
1305032379.472994 -0.481183 -0.629152 0.730524 -0.418262 0.520444 -0.0158585 0.744273
1305032379.507528 -0.471105 -0.636014 0.741227 -0.421997 0.512762 -0.0275804 0.74715
1305032379.539852 -0.464927 -0.635922 0.752059 -0.419547 0.500854 -0.0414892 0.755913
1305032379.575545 -0.460437 -0.641425 0.756943 -0.415574 0.487183 -0.0506404 0.766411
1305032379.607089 -0.457199 -0.64534 0.759692 -0.410955 0.478929 -0.0529586 0.773911
1305032379.641416 -0.453312 -0.649009 0.759395 -0.408884 0.472249 -0.052646 0.779117
1305032379.676703 -0.452466 -0.652958 0.7531 -0.406629 0.4679 -0.0552478 0.782733
1305032379.707878 -0.452906 -0.654932 0.746293 -0.408678 0.464148 -0.0605186 0.783509
1305032379.738599 -0.453837 -0.658505 0.738305 -0.41265 0.459054 -0.0713552 0.783516
1305032379.775239 -0.457757 -0.663247 0.723114 -0.416043 0.457134 -0.0805131 0.781956
1305032379.807815 -0.460857 -0.663563 0.710016 -0.42248 0.460572 -0.0821869 0.776292
1305032379.839500 -0.463772 -0.663123 0.699232 -0.429086 0.464578 -0.079735 0.770516
1305032379.875565 -0.464386 -0.662932 0.689838 -0.435474 0.466684 -0.0770563 0.765918
1305032379.903833 -0.46561 -0.664072 0.678356 -0.440216 0.468286 -0.0737672 0.762546
1305032379.940009 -0.465734 -0.66617 0.669031 -0.445438 0.46987 -0.0709993 0.758792
1305032379.976659 -0.466117 -0.667285 0.660015 -0.44905 0.472177 -0.0712938 0.755195
1305032380.007756 -0.46973 -0.66534 0.648926 -0.451288 0.476638 -0.0708697 0.751087
1305032380.040494 -0.471858 -0.661459 0.642317 -0.454661 0.479625 -0.0700046 0.747223
1305032380.076762 -0.47436 -0.657561 0.636507 -0.456398 0.481166 -0.0698669 0.745183
1305032380.107291 -0.476996 -0.651241 0.630707 -0.457002 0.480855 -0.0689854 0.745096
1305032380.140050 -0.479913 -0.645494 0.62731 -0.457483 0.477717 -0.068815 0.746834
1305032380.176572 -0.482213 -0.641397 0.626108 -0.456691 0.47201 -0.0711475 0.750718
1305032380.207110 -0.484803 -0.636039 0.622994 -0.452705 0.464816 -0.077075 0.75701
1305032380.239460 -0.487433 -0.630593 0.618134 -0.44797 0.45968 -0.0817643 0.762451
1305032380.276664 -0.490449 -0.62319 0.613959 -0.440963 0.457611 -0.0832074 0.767607
1305032380.307734 -0.494799 -0.615492 0.6068 -0.43149 0.457151 -0.0768557 0.773901
1305032380.339866 -0.498068 -0.607054 0.598686 -0.423047 0.457696 -0.0631781 0.779457
1305032380.375602 -0.497766 -0.596016 0.596204 -0.413173 0.459116 -0.0505097 0.784824
1305032380.407488 -0.500006 -0.580692 0.594766 -0.397472 0.459771 -0.041191 0.793051
1305032380.439180 -0.50356 -0.564872 0.586883 -0.381737 0.457166 -0.0308235 0.802699
1305032380.473087 -0.503985 -0.556107 0.582219 -0.368793 0.452416 -0.0248884 0.811598
1305032380.507283 -0.507742 -0.543102 0.574023 -0.348134 0.448927 -0.026814 0.822526
1305032380.539774 -0.515663 -0.522448 0.556114 -0.3359 0.447402 -0.0246904 0.828489
1305032380.576395 -0.515614 -0.506927 0.547382 -0.337484 0.447908 -0.0222344 0.82764
1305032380.609316 -0.514841 -0.491849 0.539897 -0.33507 0.451517 -0.0254549 0.826566
1305032380.639507 -0.517114 -0.471219 0.527408 -0.33143 0.456023 -0.0303379 0.825395
1305032380.675545 -0.513406 -0.454198 0.527584 -0.327932 0.458306 -0.0385123 0.825186
1305032380.707658 -0.515153 -0.43421 0.518816 -0.314407 0.457443 -0.0498846 0.830305
1305032380.739529 -0.514566 -0.413839 0.511728 -0.302299 0.456175 -0.0605416 0.834778
1305032380.776434 -0.515602 -0.393074 0.502197 -0.283877 0.454346 -0.0669447 0.841725
1305032380.803780 -0.516159 -0.367952 0.483685 -0.273488 0.452474 -0.0657817 0.846253
1305032380.843621 -0.512061 -0.351838 0.477247 -0.272378 0.454729 -0.0622044 0.845673
1305032380.876451 -0.510981 -0.336484 0.469004 -0.26075 0.456278 -0.0618217 0.848527
1305032380.906774 -0.513231 -0.321321 0.453283 -0.248348 0.457266 -0.0612044 0.851754
1305032380.944580 -0.51251 -0.309394 0.439521 -0.238907 0.462205 -0.0591071 0.851937
1305032380.976235 -0.514286 -0.294824 0.425443 -0.224339 0.471584 -0.0559462 0.85097
1305032381.010534 -0.517432 -0.279519 0.409486 -0.212919 0.480945 -0.0549501 0.848728
1305032381.043413 -0.520513 -0.265028 0.39498 -0.203046 0.490794 -0.0518412 0.845699
1305032381.075126 -0.526489 -0.250101 0.382589 -0.193417 0.50022 -0.0446107 0.84284
1305032381.107139 -0.53188 -0.23408 0.371598 -0.184654 0.508259 -0.0357155 0.840416
1305032381.143098 -0.537611 -0.217944 0.360732 -0.17726 0.517322 -0.0221842 0.836938
1305032381.175951 -0.544205 -0.204347 0.353507 -0.170173 0.52751 -0.00616541 0.832308
1305032381.206840 -0.552979 -0.188542 0.346327 -0.162373 0.536383 0.0118693 0.828123
1305032381.244183 -0.561737 -0.175831 0.343098 -0.15919 0.541221 0.02619 0.825259
1305032381.275997 -0.569452 -0.167737 0.339833 -0.157731 0.544969 0.0325185 0.822844
1305032381.309728 -0.580004 -0.159281 0.335919 -0.150079 0.550585 0.0388047 0.82026
1305032381.341217 -0.591956 -0.152869 0.331175 -0.140025 0.555063 0.0473697 0.818568
1305032381.373199 -0.602525 -0.146975 0.324228 -0.132882 0.559448 0.0555161 0.816259
1305032381.408681 -0.613735 -0.144117 0.314684 -0.129753 0.565809 0.0598863 0.812058
1305032381.444067 -0.623646 -0.141822 0.304843 -0.126751 0.574586 0.0656791 0.805898
1305032381.474756 -0.632886 -0.143885 0.294127 -0.121677 0.58554 0.0699347 0.798402
1305032381.508685 -0.642756 -0.145601 0.283636 -0.114263 0.600085 0.0725062 0.788406
1305032381.545353 -0.651769 -0.146546 0.277288 -0.108212 0.613403 0.0728816 0.778919
1305032381.576827 -0.660728 -0.150839 0.272259 -0.100204 0.623286 0.0687564 0.772494
1305032381.608397 -0.67098 -0.153447 0.265373 -0.0903721 0.633147 0.0663472 0.765869
1305032381.644906 -0.679092 -0.15543 0.263641 -0.0818286 0.642364 0.0677698 0.759
1305032381.675936 -0.686846 -0.1605 0.259721 -0.0715722 0.650132 0.0654966 0.753602
1305032381.707240 -0.694539 -0.163266 0.258087 -0.0598012 0.656126 0.0607813 0.749819
1305032381.744570 -0.702038 -0.164636 0.25391 -0.048769 0.657107 0.0563549 0.750104
1305032381.776694 -0.706531 -0.165889 0.248549 -0.0410598 0.657169 0.0531341 0.750746
1305032381.810015 -0.706801 -0.173758 0.242644 -0.0319688 0.655707 0.0509782 0.752614
1305032381.843860 -0.707877 -0.180365 0.235681 -0.0162059 0.654557 0.0487604 0.754265
1305032381.876540 -0.708868 -0.185009 0.226173 -0.00179542 0.653664 0.0505268 0.755094
1305032381.907470 -0.707046 -0.192514 0.215802 0.0107064 0.655184 0.0498681 0.753745
1305032381.943636 -0.706688 -0.20171 0.210073 0.0249443 0.658792 0.0427323 0.750696
1305032381.975700 -0.706661 -0.205926 0.201271 0.0396471 0.660032 0.034011 0.749419
1305032382.007016 -0.708949 -0.20653 0.191263 0.0515403 0.663361 0.028462 0.74598
1305032382.043778 -0.710054 -0.209948 0.18235 0.0627515 0.667099 0.025448 0.741885
1305032382.076551 -0.710129 -0.211953 0.173163 0.074261 0.670351 0.0243456 0.737917
1305032382.112595 -0.709924 -0.212713 0.163356 0.0850569 0.67224 0.0250104 0.735005
1305032382.142801 -0.711639 -0.208822 0.154481 0.0913204 0.674481 0.0252437 0.732188
1305032382.175194 -0.711275 -0.204922 0.146817 0.0930291 0.676204 0.0287026 0.730253
1305032382.212343 -0.709047 -0.205987 0.137812 0.089392 0.676184 0.0359317 0.730406
1305032382.244823 -0.706879 -0.208694 0.128548 0.0821793 0.67591 0.0410631 0.731236
1305032382.275045 -0.699691 -0.207286 0.119057 0.0707467 0.673818 0.0465446 0.734029
1305032382.311569 -0.689295 -0.213169 0.11247 0.0558932 0.669732 0.0514596 0.738707
1305032382.343035 -0.676724 -0.218467 0.106259 0.0400986 0.663034 0.055038 0.745485
1305032382.375765 -0.663421 -0.221346 0.0996918 0.020949 0.654673 0.0579098 0.7534
1305032382.411673 -0.647416 -0.22802 0.0954168 0.0021871 0.64463 0.0629956 0.761892
1305032382.445108 -0.62887 -0.2296 0.092018 -0.0176196 0.632403 0.069545 0.77131
1305032382.476983 -0.606574 -0.236193 0.0879287 -0.0378711 0.619162 0.0771389 0.780547
1305032382.512630 -0.583154 -0.241046 0.0859537 -0.059271 0.604215 0.0806611 0.790509
1305032382.545000 -0.559027 -0.247135 0.0836676 -0.083646 0.586931 0.0854313 0.80076
1305032382.577082 -0.531616 -0.259118 0.0824341 -0.101474 0.571178 0.0848687 0.810097
1305032382.614372 -0.505788 -0.267669 0.0833426 -0.119219 0.556023 0.0825599 0.818419
1305032382.644837 -0.477605 -0.278118 0.0872757 -0.140318 0.537939 0.0871337 0.826644
1305032382.675979 -0.448199 -0.292264 0.0911289 -0.155673 0.519152 0.0862094 0.835951
1305032382.713425 -0.41842 -0.311409 0.0959184 -0.167156 0.50551 0.0806158 0.842627
1305032382.744674 -0.39251 -0.327644 0.103846 -0.178351 0.493064 0.0714468 0.848513
1305032382.776770 -0.36666 -0.347807 0.11311 -0.195999 0.478163 0.0602137 0.854001
1305032382.812185 -0.34163 -0.37201 0.124315 -0.208068 0.464987 0.0444959 0.859369
1305032382.844824 -0.322119 -0.391749 0.137158 -0.217453 0.452009 0.0310477 0.864545
1305032382.875189 -0.303124 -0.413427 0.152761 -0.229874 0.437223 0.0205063 0.869237
1305032382.913733 -0.28641 -0.434227 0.173446 -0.238812 0.42106 0.00978257 0.874975
1305032382.943823 -0.27223 -0.457858 0.192564 -0.244234 0.40253 -0.000173889 0.882224
1305032382.975989 -0.257662 -0.47832 0.204728 -0.248886 0.38329 -0.00487826 0.88945
1305032383.012820 -0.244761 -0.49621 0.216161 -0.255089 0.364651 -0.00628118 0.8955
1305032383.044130 -0.231067 -0.513828 0.227916 -0.263258 0.345861 -0.00667211 0.900573
1305032383.077761 -0.218475 -0.530681 0.237827 -0.269253 0.329565 -0.00833379 0.904887
1305032383.113060 -0.208106 -0.544118 0.251977 -0.27323 0.315755 -0.0130457 0.908556
1305032383.144756 -0.199867 -0.554479 0.260827 -0.271253 0.301318 -0.0176596 0.913957
1305032383.177793 -0.193883 -0.560016 0.259795 -0.275994 0.285514 -0.016599 0.917624
1305032383.213287 -0.182992 -0.570101 0.262685 -0.290778 0.268216 -0.0210472 0.918186
1305032383.243505 -0.174177 -0.577422 0.269065 -0.305213 0.256207 -0.0316057 0.916627
1305032383.279376 -0.169387 -0.581949 0.2797 -0.315692 0.246486 -0.0441901 0.915221
1305032383.311447 -0.168729 -0.589111 0.287472 -0.320545 0.235078 -0.0542298 0.915996
1305032383.341434 -0.165806 -0.594677 0.295314 -0.321888 0.219587 -0.0613255 0.918917
1305032383.379477 -0.161798 -0.602887 0.29804 -0.321824 0.20327 -0.0659676 0.922366
1305032383.411502 -0.15636 -0.612085 0.300875 -0.323845 0.186679 -0.0723658 0.924683
1305032383.443669 -0.151711 -0.618647 0.303364 -0.324625 0.172177 -0.0798414 0.926606
1305032383.479196 -0.14847 -0.625007 0.30418 -0.326998 0.158283 -0.0869509 0.927609
1305032383.511381 -0.142633 -0.634404 0.305105 -0.329065 0.147319 -0.093406 0.928056
1305032383.544691 -0.140404 -0.640816 0.301686 -0.332764 0.140877 -0.0980393 0.927259
1305032383.579562 -0.143985 -0.651757 0.308156 -0.335268 0.133624 -0.105317 0.926633
1305032383.613124 -0.146847 -0.6587 0.306226 -0.328222 0.124047 -0.106247 0.930373
1305032383.644735 -0.149159 -0.662021 0.302092 -0.326994 0.113558 -0.100581 0.932772
1305032383.679654 -0.15099 -0.668005 0.302229 -0.32865 0.0997157 -0.099982 0.933836
1305032383.712037 -0.154602 -0.67267 0.300279 -0.330437 0.0845382 -0.103805 0.934285
1305032383.742653 -0.156816 -0.675774 0.29731 -0.336591 0.0700474 -0.106 0.93304
1305032383.778285 -0.159564 -0.679645 0.301217 -0.345299 0.0576278 -0.108315 0.930438
1305032383.812039 -0.161918 -0.683849 0.302516 -0.350564 0.0462987 -0.11043 0.928852
1305032383.843925 -0.164143 -0.685314 0.30518 -0.353182 0.0349092 -0.112818 0.928071
1305032383.878906 -0.164282 -0.685274 0.304263 -0.354815 0.0240735 -0.114507 0.927586
1305032383.911427 -0.163077 -0.686187 0.305896 -0.357331 0.0169115 -0.114158 0.926821
1305032383.943289 -0.162202 -0.684617 0.305312 -0.3576 0.0132814 -0.112617 0.926964
1305032383.979220 -0.160433 -0.681493 0.302448 -0.358072 0.0116271 -0.108074 0.927345
1305032384.011402 -0.156325 -0.678372 0.301761 -0.359882 0.0100012 -0.101673 0.927387
1305032384.042763 -0.152616 -0.67522 0.301271 -0.360177 0.00976284 -0.0943724 0.928047
1305032384.079025 -0.148404 -0.670831 0.299065 -0.359792 0.0089494 -0.0876202 0.928866
1305032384.112211 -0.14436 -0.66781 0.298765 -0.360305 0.00751946 -0.0822876 0.929168
1305032384.143402 -0.141096 -0.665827 0.299056 -0.359582 0.00593313 -0.0770162 0.929911
1305032384.179113 -0.136747 -0.663523 0.298042 -0.357436 0.00515773 -0.0703976 0.931266
1305032384.211262 -0.134315 -0.662564 0.298786 -0.354552 0.00529771 -0.0674453 0.932586
1305032384.241759 -0.132908 -0.661249 0.297469 -0.350108 0.00418549 -0.0661585 0.934361
1305032384.278407 -0.130154 -0.659832 0.297446 -0.345937 0.00312927 -0.0640937 0.936061
1305032384.308313 -0.12863 -0.660028 0.298144 -0.338432 0.00246277 -0.0612728 0.938991
1305032384.341175 -0.12564 -0.656455 0.294106 -0.328466 -0.000282355 -0.0572398 0.94278
1305032384.375647 -0.120013 -0.649324 0.288253 -0.320672 -0.00293492 -0.0530564 0.945698
1305032384.411880 -0.114051 -0.642281 0.283057 -0.316811 -0.00335451 -0.0508994 0.947116
1305032384.444075 -0.109507 -0.633899 0.279753 -0.31477 -0.00425716 -0.0523888 0.947711
1305032384.479096 -0.105789 -0.624283 0.275738 -0.313033 -0.00719733 -0.057007 0.948002
1305032384.512157 -0.102357 -0.613413 0.270487 -0.312102 -0.0100099 -0.0605641 0.948063
1305032384.544929 -0.0976686 -0.601976 0.267003 -0.311289 -0.0115236 -0.0614208 0.948258
1305032384.580765 -0.0935123 -0.588914 0.259518 -0.309824 -0.014057 -0.061846 0.948676
1305032384.613105 -0.0878312 -0.57445 0.254335 -0.310773 -0.0161978 -0.062148 0.948312
1305032384.647706 -0.082478 -0.562127 0.251595 -0.309734 -0.0163267 -0.0601218 0.94878
1305032384.679303 -0.0783056 -0.549671 0.246218 -0.306321 -0.0150199 -0.0533917 0.950311
1305032384.712109 -0.0740313 -0.536082 0.240173 -0.302707 -0.0156846 -0.0440857 0.951934
1305032384.746434 -0.0664979 -0.524439 0.237129 -0.297936 -0.0170354 -0.035321 0.95378
1305032384.778315 -0.0591992 -0.512126 0.231389 -0.288595 -0.0153593 -0.0275238 0.956932
1305032384.811269 -0.0534333 -0.501424 0.225811 -0.277854 -0.016042 -0.0205585 0.960269
1305032384.846699 -0.0459127 -0.489598 0.21991 -0.261887 -0.0191303 -0.0172191 0.964755
1305032384.879179 -0.0385726 -0.47669 0.210467 -0.243741 -0.0215677 -0.0144184 0.969493
1305032384.911051 -0.0304166 -0.462257 0.20057 -0.226492 -0.0239772 -0.0109275 0.973656
1305032384.947623 -0.0209099 -0.447261 0.190725 -0.210301 -0.0247367 -0.00712443 0.977298
1305032384.979039 -0.0121458 -0.432365 0.180023 -0.195016 -0.0246741 -0.00353357 0.980483
1305032385.011611 -0.00209878 -0.417169 0.169202 -0.181099 -0.0232836 -0.000560864 0.983189
1305032385.047788 0.00577775 -0.403776 0.158886 -0.1686 -0.0201845 0.00170014 0.985476
1305032385.079238 0.0134393 -0.388992 0.147116 -0.155679 -0.0191385 0.0061821 0.987603
1305032385.110028 0.0238255 -0.373833 0.136078 -0.14728 -0.0172927 0.0105269 0.988888
1305032385.147955 0.0328416 -0.360957 0.127792 -0.139255 -0.0132237 0.0140595 0.990068
1305032385.180315 0.0419596 -0.346451 0.117181 -0.129188 -0.00983868 0.0175687 0.991416
1305032385.212521 0.0501287 -0.33117 0.108297 -0.122676 -0.00479171 0.0208193 0.992217
1305032385.247861 0.0577752 -0.317313 0.101523 -0.114305 -0.00206957 0.0229848 0.993178
1305032385.279278 0.0682235 -0.302267 0.0942847 -0.103097 0.000281871 0.0212242 0.994445
1305032385.313088 0.0751592 -0.28585 0.0868923 -0.0948231 0.00482534 0.0168168 0.99534
1305032385.347825 0.0825151 -0.272061 0.0803759 -0.0891733 0.00736421 0.01044 0.995934
1305032385.379172 0.089141 -0.258728 0.0754113 -0.0824442 0.00861391 0.00523705 0.996545
1305032385.411331 0.0949676 -0.244875 0.0709302 -0.0721728 0.00677773 -0.00286783 0.997365
1305032385.446560 0.100822 -0.229558 0.0667231 -0.0622537 0.00556591 -0.0108702 0.997986
1305032385.478895 0.105603 -0.215795 0.064553 -0.0557118 0.00281251 -0.016519 0.998306
1305032385.512276 0.109453 -0.204872 0.0636061 -0.0446848 -0.00192526 -0.0249965 0.998687
1305032385.546621 0.112283 -0.191955 0.0608799 -0.0302575 -0.00673744 -0.0288279 0.999104
1305032385.579100 0.116819 -0.175865 0.0592839 -0.0217214 -0.0134583 -0.0304566 0.999209
1305032385.611944 0.120936 -0.15801 0.0589889 -0.0193946 -0.0182871 -0.033652 0.999078
1305032385.647972 0.121915 -0.141781 0.060837 -0.0198808 -0.0215118 -0.0319173 0.999061
1305032385.677687 0.123751 -0.127644 0.0620654 -0.0173289 -0.0285505 -0.026901 0.99908
1305032385.708060 0.127042 -0.111315 0.0615458 -0.0150587 -0.0351935 -0.0208961 0.999049
1305032385.743325 0.129251 -0.097611 0.0626493 -0.0169705 -0.0409804 -0.0135244 0.998924
1305032385.779209 0.132812 -0.0860065 0.0642361 -0.0162133 -0.0466726 -0.00548422 0.998764
1305032385.816091 0.137207 -0.0722133 0.0648832 -0.0157206 -0.0474563 0.00633305 0.99873
1305032385.846913 0.141366 -0.0613364 0.0657007 -0.0162818 -0.0457837 0.0187913 0.998642
1305032385.879571 0.144241 -0.0523041 0.0685309 -0.00842138 -0.0440419 0.0307744 0.99852
1305032385.915659 0.148803 -0.0392245 0.0674282 0.000143694 -0.0438353 0.046551 0.997954
1305032385.943376 0.15311 -0.0278447 0.0697252 0.00254512 -0.0439948 0.0572759 0.997385
1305032385.980099 0.157618 -0.0189344 0.0725923 0.0072037 -0.0432743 0.0631806 0.997037
1305032386.014821 0.160828 -0.00957589 0.0754057 0.0130736 -0.0417485 0.0668243 0.996805
1305032386.048023 0.165199 -0.00085809 0.0776246 0.0184312 -0.0401482 0.0747966 0.99622
1305032386.080071 0.169723 0.00948256 0.0814864 0.0206337 -0.0377905 0.0854534 0.995411
1305032386.115561 0.17214 0.0186441 0.0850501 0.022846 -0.0378647 0.095243 0.994471
1305032386.148299 0.174382 0.0269159 0.0881705 0.0253446 -0.0438804 0.101205 0.993574
1305032386.179328 0.177418 0.035171 0.0911378 0.0232231 -0.0508722 0.104734 0.992927
1305032386.215559 0.179986 0.0428448 0.0960673 0.018015 -0.0596707 0.108794 0.992108
1305032386.243605 0.182378 0.0494127 0.100491 0.0135635 -0.0698263 0.113652 0.990971
1305032386.278957 0.185755 0.0549474 0.104659 0.00786604 -0.0825442 0.114393 0.989969
1305032386.315386 0.189235 0.0607349 0.109528 -0.000548134 -0.0935924 0.114054 0.989056
1305032386.346831 0.191732 0.0642223 0.114474 -0.00730929 -0.104989 0.116329 0.987619
1305032386.379033 0.197522 0.0662445 0.116723 -0.0176898 -0.117499 0.112907 0.986475
1305032386.415310 0.201263 0.067277 0.119491 -0.0305356 -0.127789 0.107082 0.985531
1305032386.447187 0.20529 0.0657376 0.122396 -0.0397736 -0.138987 0.102641 0.984157
1305032386.479658 0.210504 0.0610152 0.123718 -0.0468773 -0.148205 0.0924149 0.983513
1305032386.514929 0.214639 0.0558476 0.126689 -0.0549044 -0.157545 0.0859602 0.98223
1305032386.547514 0.219339 0.0463496 0.128257 -0.0593557 -0.170005 0.0747641 0.980809
1305032386.578838 0.224941 0.0363596 0.130128 -0.0629135 -0.180344 0.0631662 0.979555
1305032386.614264 0.231938 0.02641 0.131315 -0.0686431 -0.190009 0.0549652 0.977836
1305032386.646315 0.238215 0.0164895 0.133151 -0.0696983 -0.198909 0.0475242 0.97638
1305032386.678968 0.247275 0.0054864 0.133113 -0.0694206 -0.204328 0.039282 0.975647
1305032386.714163 0.257332 -0.006196 0.134567 -0.0733352 -0.209321 0.0345255 0.974482
1305032386.746448 0.26574 -0.0171777 0.136657 -0.0786632 -0.214908 0.0277401 0.973066
1305032386.778959 0.274784 -0.0264414 0.13834 -0.0868188 -0.219648 0.0181894 0.971538
1305032386.814157 0.283429 -0.0354837 0.140783 -0.0953511 -0.222876 0.0107818 0.970112
1305032386.846480 0.291717 -0.0457004 0.141769 -0.107565 -0.225845 0.00253713 0.968203
1305032386.878932 0.301086 -0.0544675 0.142102 -0.121971 -0.227726 -0.00821057 0.966021
1305032386.915107 0.310074 -0.0634941 0.145339 -0.140063 -0.228905 -0.0162584 0.963183
1305032386.947042 0.317512 -0.0731459 0.147398 -0.156841 -0.231465 -0.0241274 0.959814
1305032386.979534 0.325743 -0.081533 0.149335 -0.175221 -0.232482 -0.0346017 0.956061
1305032387.015340 0.337537 -0.0984323 0.156808 -0.204084 -0.232919 -0.040964 0.949958
1305032387.047204 0.343994 -0.113412 0.160723 -0.217126 -0.233276 -0.0419291 0.946932
1305032387.083123 0.350061 -0.128782 0.165174 -0.223504 -0.234486 -0.0458003 0.944968
1305032387.115144 0.356842 -0.146038 0.168911 -0.230541 -0.236833 -0.0547319 0.942213
1305032387.146938 0.362527 -0.16113 0.174066 -0.239426 -0.237935 -0.066785 0.938937
1305032387.183366 0.369053 -0.178599 0.180839 -0.248211 -0.237281 -0.0777466 0.935972
1305032387.211762 0.377084 -0.19648 0.186927 -0.253007 -0.234908 -0.0864025 0.934527
1305032387.243500 0.384829 -0.215007 0.194253 -0.256675 -0.232324 -0.0940427 0.933434
1305032387.283242 0.391987 -0.232863 0.200612 -0.259323 -0.230332 -0.104262 0.93211
1305032387.315110 0.399182 -0.249223 0.20601 -0.263494 -0.228303 -0.114925 0.930184
1305032387.347681 0.405486 -0.264068 0.211637 -0.271843 -0.22594 -0.123018 0.927318
1305032387.382764 0.409582 -0.278396 0.219444 -0.280452 -0.224115 -0.130453 0.924176
1305032387.414331 0.416533 -0.295581 0.226223 -0.286428 -0.225181 -0.137231 0.921097
1305032387.443532 0.420893 -0.310354 0.232952 -0.292524 -0.226304 -0.144114 0.917849
1305032387.482745 0.424519 -0.324025 0.241008 -0.298833 -0.226728 -0.150963 0.914606
1305032387.511705 0.427694 -0.338643 0.249318 -0.302835 -0.227908 -0.157812 0.911836
1305032387.543542 0.431024 -0.353151 0.255839 -0.304797 -0.232417 -0.164497 0.908858
1305032387.583132 0.433841 -0.367649 0.262743 -0.307146 -0.239617 -0.172005 0.904798
1305032387.614697 0.435383 -0.381331 0.270302 -0.309788 -0.247201 -0.181106 0.900069
1305032387.646620 0.43625 -0.393289 0.277414 -0.311844 -0.255061 -0.190642 0.895183
1305032387.682795 0.437083 -0.405545 0.285256 -0.313892 -0.26391 -0.198983 0.890073
1305032387.715088 0.440228 -0.417608 0.293177 -0.31706 -0.273017 -0.205192 0.884778
1305032387.746770 0.443995 -0.429019 0.301111 -0.322635 -0.280175 -0.210593 0.879238
1305032387.782837 0.446771 -0.43801 0.308138 -0.329978 -0.285406 -0.217032 0.873244
1305032387.815294 0.449584 -0.444781 0.315969 -0.339534 -0.289656 -0.223001 0.866652
1305032387.846872 0.450266 -0.45189 0.324777 -0.350286 -0.292009 -0.225678 0.860871
1305032387.883126 0.453691 -0.460914 0.334489 -0.361267 -0.293447 -0.223398 0.856428
1305032387.914658 0.456039 -0.467073 0.343092 -0.373763 -0.292694 -0.218064 0.85269
1305032387.947098 0.458441 -0.476045 0.352452 -0.385095 -0.29307 -0.216252 0.847966
1305032387.983846 0.46067 -0.483362 0.362617 -0.391193 -0.294648 -0.218949 0.843927
1305032388.015687 0.46493 -0.494386 0.372761 -0.393568 -0.297534 -0.224768 0.840272
1305032388.047380 0.46813 -0.503888 0.381718 -0.394584 -0.29955 -0.231685 0.837195
1305032388.083777 0.471101 -0.512522 0.391747 -0.393871 -0.301719 -0.23789 0.835009
1305032388.115961 0.472754 -0.522324 0.402267 -0.392175 -0.304646 -0.241026 0.833844
1305032388.148173 0.475689 -0.532294 0.412645 -0.388523 -0.310064 -0.24265 0.833085
1305032388.184052 0.479598 -0.545324 0.422196 -0.385217 -0.315217 -0.242699 0.832672
1305032388.212538 0.483925 -0.554876 0.431542 -0.382313 -0.319268 -0.241988 0.832674
1305032388.250425 0.488287 -0.564564 0.440035 -0.381759 -0.322132 -0.239483 0.83255
1305032388.283226 0.490532 -0.572646 0.448454 -0.38221 -0.324583 -0.236232 0.832319
1305032388.315193 0.491357 -0.581246 0.45744 -0.382368 -0.326543 -0.231434 0.832828
1305032388.350541 0.491876 -0.591104 0.467018 -0.381338 -0.328726 -0.226176 0.833885
1305032388.383342 0.494042 -0.59945 0.475778 -0.37954 -0.331229 -0.220645 0.835196
1305032388.414973 0.494303 -0.607699 0.483846 -0.378398 -0.33225 -0.215241 0.836718
1305032388.450875 0.49342 -0.615236 0.492357 -0.376905 -0.333134 -0.211609 0.837965
1305032388.483696 0.492011 -0.623132 0.500318 -0.374023 -0.335122 -0.21047 0.838751
1305032388.515455 0.489246 -0.630063 0.508657 -0.370322 -0.338525 -0.210519 0.839014
1305032388.551418 0.486359 -0.638177 0.515752 -0.367218 -0.343665 -0.2114 0.838066
1305032388.581086 0.480766 -0.64469 0.522988 -0.364575 -0.349426 -0.214251 0.836112
1305032388.615087 0.475621 -0.65209 0.531491 -0.361017 -0.355374 -0.219519 0.833779
1305032388.650929 0.471241 -0.658714 0.537456 -0.358116 -0.35978 -0.225738 0.831477
1305032388.684041 0.467421 -0.661007 0.543632 -0.357558 -0.363917 -0.23411 0.827592
1305032388.713169 0.461555 -0.664537 0.550765 -0.359385 -0.367167 -0.244061 0.822475
1305032388.751435 0.454987 -0.667528 0.557704 -0.361658 -0.369814 -0.25255 0.817716
1305032388.783449 0.447978 -0.670034 0.565277 -0.363902 -0.372832 -0.259405 0.813192
1305032388.814824 0.440155 -0.672437 0.572428 -0.365904 -0.376058 -0.263747 0.809402
1305032388.847513 0.432743 -0.675288 0.579993 -0.367089 -0.379649 -0.265996 0.806448
1305032388.882983 0.425358 -0.678194 0.586539 -0.366856 -0.383538 -0.268386 0.803918
1305032388.914716 0.418303 -0.679925 0.594059 -0.365505 -0.388731 -0.270757 0.80124
1305032388.950492 0.411466 -0.682988 0.601788 -0.364197 -0.393466 -0.272066 0.799078
1305032388.983354 0.406142 -0.684423 0.608616 -0.36242 -0.397956 -0.271871 0.797727
1305032389.015302 0.401526 -0.685191 0.614836 -0.361221 -0.402914 -0.271948 0.795754
1305032389.050498 0.397114 -0.685653 0.621986 -0.359433 -0.409273 -0.27451 0.792432
1305032389.083544 0.394177 -0.686455 0.629503 -0.355793 -0.416397 -0.279342 0.788665
1305032389.114834 0.392226 -0.686278 0.636418 -0.352278 -0.422566 -0.284595 0.785076
1305032389.150563 0.391628 -0.684925 0.642595 -0.35063 -0.427146 -0.288419 0.781933
1305032389.183847 0.389975 -0.684753 0.650335 -0.34736 -0.432231 -0.292744 0.778986
1305032389.215520 0.390267 -0.684811 0.655468 -0.341779 -0.437611 -0.297627 0.776596
1305032389.251042 0.393486 -0.682594 0.659144 -0.337236 -0.44362 -0.301117 0.773823
1305032389.283231 0.396083 -0.679809 0.663661 -0.333548 -0.450855 -0.304577 0.769876
1305032389.315296 0.400494 -0.679519 0.669528 -0.330426 -0.458085 -0.307176 0.765911
1305032389.351461 0.407733 -0.676679 0.674469 -0.32818 -0.463423 -0.30901 0.762922
1305032389.383520 0.415064 -0.673085 0.679251 -0.327992 -0.467125 -0.310279 0.760225
1305032389.415851 0.421061 -0.67013 0.684581 -0.327726 -0.471251 -0.311534 0.757275
1305032389.447191 0.428601 -0.668502 0.689952 -0.325442 -0.476507 -0.31166 0.754915
1305032389.484520 0.439679 -0.665954 0.694044 -0.324027 -0.481098 -0.310955 0.7529
1305032389.519411 0.449778 -0.663417 0.698709 -0.324015 -0.48457 -0.311882 0.75029
1305032389.551432 0.458413 -0.661001 0.702951 -0.323194 -0.486647 -0.313145 0.748773
1305032389.583908 0.468624 -0.658426 0.706236 -0.322052 -0.489182 -0.313655 0.747398
1305032389.619179 0.479351 -0.655258 0.708957 -0.322036 -0.492373 -0.31331 0.745452
1305032389.651751 0.487492 -0.653387 0.712904 -0.322129 -0.494982 -0.312194 0.744151
1305032389.683655 0.495633 -0.65163 0.716605 -0.320002 -0.496762 -0.308808 0.745294
1305032389.719141 0.506926 -0.64872 0.718843 -0.316679 -0.498901 -0.304203 0.747177
1305032389.751256 0.51705 -0.643837 0.720862 -0.313536 -0.500911 -0.300192 0.748778
1305032389.783396 0.52502 -0.639944 0.723375 -0.309812 -0.502717 -0.295273 0.75107
1305032389.815171 0.534195 -0.636405 0.725198 -0.305287 -0.504345 -0.288092 0.754612
1305032389.850251 0.543461 -0.631713 0.726846 -0.301311 -0.505798 -0.280985 0.75791
1305032389.883751 0.550295 -0.624189 0.727963 -0.295148 -0.508059 -0.274904 0.761046
1305032389.915433 0.555114 -0.617418 0.727797 -0.284655 -0.513676 -0.270782 0.762748
1305032389.950745 0.561355 -0.611559 0.725165 -0.272204 -0.521416 -0.266221 0.763647
1305032389.982637 0.567495 -0.603149 0.722775 -0.26052 -0.530071 -0.259998 0.763908
1305032390.019198 0.573405 -0.594253 0.72029 -0.247373 -0.539898 -0.25442 0.763274
1305032390.053174 0.580826 -0.586711 0.719253 -0.235922 -0.548343 -0.24927 0.762578
1305032390.081015 0.587865 -0.575962 0.717034 -0.22837 -0.55174 -0.244811 0.76387
1305032390.118347 0.59131 -0.566365 0.715788 -0.223004 -0.553421 -0.239806 0.765824
1305032390.149354 0.595065 -0.556963 0.714489 -0.216833 -0.555174 -0.23278 0.768491
1305032390.183538 0.60056 -0.546562 0.712569 -0.210979 -0.556413 -0.226287 0.771159
1305032390.219241 0.601943 -0.536331 0.712185 -0.204775 -0.556758 -0.221203 0.774052
1305032390.251134 0.605226 -0.526862 0.711259 -0.196916 -0.556765 -0.213109 0.778345
1305032390.282589 0.609617 -0.516436 0.709945 -0.190362 -0.556276 -0.203086 0.782991
1305032390.314979 0.612938 -0.505793 0.708067 -0.184841 -0.554977 -0.193058 0.787758
1305032390.350267 0.616955 -0.495666 0.706567 -0.18112 -0.553995 -0.182598 0.791798
1305032390.382610 0.619572 -0.485913 0.704585 -0.177665 -0.554394 -0.172596 0.79454
1305032390.415081 0.621675 -0.476909 0.703609 -0.172819 -0.556278 -0.163441 0.796226
1305032390.451519 0.625382 -0.468326 0.703647 -0.167483 -0.558338 -0.155562 0.797502
1305032390.479658 0.628546 -0.458901 0.703596 -0.163395 -0.559908 -0.148655 0.798565
1305032390.514929 0.630878 -0.450431 0.704454 -0.159477 -0.561602 -0.141068 0.799544
1305032390.550339 0.634329 -0.442232 0.706023 -0.153892 -0.563165 -0.133216 0.800885
1305032390.582772 0.638538 -0.433109 0.706697 -0.148599 -0.564129 -0.12458 0.802593
1305032390.618377 0.641749 -0.424909 0.709623 -0.143923 -0.56495 -0.116035 0.804148
1305032390.650434 0.646683 -0.415502 0.713179 -0.137332 -0.564905 -0.107464 0.806519
1305032390.682873 0.652029 -0.404085 0.714469 -0.131331 -0.564382 -0.100358 0.808798
1305032390.718194 0.656839 -0.393694 0.717435 -0.127665 -0.565056 -0.0945771 0.80961
1305032390.750175 0.662032 -0.38241 0.721585 -0.125445 -0.565561 -0.0890961 0.810226
1305032390.786274 0.667801 -0.370328 0.726019 -0.12527 -0.565848 -0.0846142 0.810533
1305032390.818507 0.671056 -0.358288 0.730675 -0.125866 -0.566145 -0.0812871 0.810574
1305032390.850437 0.675214 -0.347133 0.736293 -0.125009 -0.567185 -0.076847 0.810413
1305032390.886597 0.680617 -0.335473 0.742391 -0.123664 -0.568711 -0.0726864 0.809934
1305032390.918398 0.683983 -0.323701 0.749593 -0.121758 -0.570247 -0.0690717 0.809458
1305032390.950305 0.687093 -0.311687 0.755829 -0.116377 -0.572458 -0.0646287 0.809056
1305032390.987238 0.691272 -0.298642 0.762332 -0.107997 -0.576265 -0.0589643 0.807947
1305032391.019268 0.697366 -0.284038 0.769247 -0.101227 -0.580258 -0.0548812 0.806252
1305032391.051279 0.702086 -0.27114 0.776409 -0.100314 -0.582051 -0.0520695 0.80526
1305032391.087153 0.703557 -0.25693 0.781531 -0.101102 -0.583103 -0.0479724 0.804654
1305032391.118251 0.704164 -0.244292 0.785683 -0.0987063 -0.585869 -0.0432385 0.803209
1305032391.150434 0.708562 -0.232271 0.791605 -0.094186 -0.589424 -0.0392186 0.801355
1305032391.186761 0.710876 -0.219682 0.796744 -0.0923458 -0.590986 -0.0355183 0.800591
1305032391.218382 0.711652 -0.206489 0.800645 -0.0927866 -0.591761 -0.0294153 0.800215
1305032391.250262 0.713428 -0.193798 0.803894 -0.0925227 -0.593077 -0.0230187 0.799481
1305032391.286409 0.714411 -0.181331 0.806173 -0.0923171 -0.594444 -0.018713 0.798601
1305032391.318198 0.715405 -0.16949 0.808911 -0.0939704 -0.59603 -0.0136209 0.797328
1305032391.350223 0.716788 -0.157483 0.811707 -0.095704 -0.597507 -0.00784295 0.796093
1305032391.386404 0.718211 -0.145351 0.813948 -0.0977673 -0.598883 -0.00265393 0.794842
1305032391.418275 0.719068 -0.134604 0.815792 -0.100701 -0.601058 0.00134331 0.792834
1305032391.450231 0.719964 -0.124023 0.818131 -0.104191 -0.603464 0.00605898 0.79053
1305032391.483296 0.720308 -0.115715 0.820852 -0.109025 -0.604628 0.00930719 0.788956
1305032391.518579 0.718922 -0.106513 0.823215 -0.112792 -0.604468 0.0143985 0.788473
1305032391.548166 0.718737 -0.0976562 0.824123 -0.115579 -0.60439 0.0222391 0.787947
1305032391.584774 0.719072 -0.0894837 0.823633 -0.119253 -0.604687 0.0295566 0.78693
1305032391.617070 0.717186 -0.0807535 0.82231 -0.12291 -0.605085 0.03488 0.785842
1305032391.647210 0.714931 -0.0725739 0.819586 -0.126211 -0.606014 0.039668 0.784375
1305032391.683817 0.713856 -0.0640993 0.816924 -0.130721 -0.608164 0.0443406 0.781718
1305032391.719489 0.710985 -0.0564572 0.814044 -0.135889 -0.610392 0.0445752 0.779082
1305032391.748029 0.706093 -0.0496728 0.811064 -0.139042 -0.611482 0.0423343 0.777795
1305032391.784539 0.703222 -0.0435382 0.807393 -0.142352 -0.610748 0.0426966 0.777753
1305032391.815353 0.700403 -0.0380787 0.804522 -0.148558 -0.607454 0.043627 0.779119
1305032391.850480 0.695216 -0.0327346 0.800866 -0.151477 -0.602537 0.0425035 0.782431
1305032391.884688 0.693331 -0.0276158 0.796764 -0.15093 -0.598412 0.0433548 0.785649
1305032391.921342 0.691431 -0.0224427 0.792513 -0.151471 -0.595216 0.0443999 0.78791
1305032391.953133 0.687364 -0.0176516 0.788889 -0.15186 -0.593796 0.0417453 0.789051
1305032391.983420 0.682312 -0.0147116 0.787012 -0.147129 -0.594235 0.0371058 0.789849
