1305032354.009456 0 0 0 0 0 0 1
1305032354.045335 -0.00104878 -0.0106944 0.000982744 -0.010151 0.00232363 -0.00374391 0.999939
1305032354.076940 -0.00179994 -0.0232079 -0.000564991 -0.0197682 0.0017951 -0.00488029 0.999791
1305032354.109860 -0.00295375 -0.0369175 -0.00434892 -0.0317 0.00198284 -0.00880698 0.999457
1305032354.145200 -0.00339166 -0.0505215 -0.00341464 -0.0478352 0.00478034 -0.0121034 0.99877
1305032354.177151 -0.00429103 -0.065157 -0.00423215 -0.0640779 0.00773457 -0.00695285 0.997891
1305032354.209651 -0.00482902 -0.0820544 -0.00642046 -0.0793105 0.0101986 -0.000878679 0.996797
1305032354.244910 -0.00509221 -0.099112 -0.00634488 -0.0952761 0.0123758 0.000304586 0.995374
1305032354.277122 -0.00527566 -0.117366 -0.00653977 -0.106817 0.0145227 -0.000117635 0.994173
1305032354.309733 -0.00568759 -0.13494 -0.00907097 -0.112097 0.0152867 -0.0016359 0.993578
1305032354.345124 -0.00627098 -0.155682 -0.0109834 -0.118208 0.0151113 -0.00621978 0.992854
1305032354.377091 -0.00620753 -0.175392 -0.0122742 -0.123185 0.0149667 -0.0108668 0.992211
1305032354.407556 -0.00539742 -0.196302 -0.0141732 -0.127742 0.0143083 -0.0151245 0.991589
1305032354.445200 -0.00520845 -0.217815 -0.0173368 -0.134825 0.0139468 -0.0206829 0.990555
1305032354.477221 -0.00404794 -0.236859 -0.0188743 -0.14475 0.0148968 -0.0243231 0.989057
1305032354.510161 -0.00238495 -0.254648 -0.020907 -0.155923 0.0173345 -0.0245141 0.987313
1305032354.545622 -0.00120442 -0.270908 -0.0233649 -0.170038 0.0216734 -0.0223181 0.984946
1305032354.577445 0.000373658 -0.285308 -0.023168 -0.187 0.0262271 -0.0170491 0.981862
1305032354.610249 0.00115168 -0.299644 -0.0217286 -0.201967 0.0304903 -0.00896436 0.978877
1305032354.645613 0.00190883 -0.31275 -0.0218669 -0.213988 0.0340213 -0.00181229 0.976242
1305032354.677651 0.00135038 -0.326492 -0.021669 -0.225684 0.0364793 0.00416988 0.973508
1305032354.709984 0.000661323 -0.339182 -0.0208105 -0.236948 0.0363404 0.00833584 0.970807
1305032354.745813 7.05078e-05 -0.352128 -0.0189201 -0.247849 0.0340638 0.00976951 0.96815
1305032354.777561 -0.000290373 -0.365918 -0.0167617 -0.256484 0.0307757 0.00739221 0.96603
1305032354.813526 0.000623126 -0.381403 -0.0147931 -0.263101 0.0267409 0.00245591 0.964395
1305032354.845896 0.00280767 -0.396398 -0.0149172 -0.269066 0.0227212 -0.00218926 0.962851
1305032354.877727 0.0046157 -0.410102 -0.0140506 -0.275847 0.0189347 -0.00720631 0.960988
1305032354.913596 0.00660282 -0.424365 -0.0151743 -0.282857 0.0144353 -0.0115241 0.958984
1305032354.946029 0.0075818 -0.437085 -0.0137862 -0.292497 0.00913734 -0.0181378 0.956051
1305032354.977691 0.01073 -0.451496 -0.0126998 -0.30068 0.00340977 -0.0275607 0.953321
1305032355.013557 0.0142445 -0.464167 -0.013643 -0.309333 -0.00191194 -0.0357768 0.950279
1305032355.045678 0.0157156 -0.476503 -0.0090413 -0.323391 -0.00806965 -0.0472961 0.945048
1305032355.077711 0.0168967 -0.491646 -0.00284057 -0.333888 -0.0153152 -0.0584114 0.940677
1305032355.113721 0.0197633 -0.505495 0.00293298 -0.342053 -0.0259413 -0.0680293 0.936856
1305032355.145771 0.0225239 -0.518742 0.00629922 -0.351262 -0.0381395 -0.075198 0.932473
1305032355.177863 0.0235317 -0.531201 0.0124418 -0.363105 -0.051257 -0.0810548 0.9268
1305032355.213995 0.0249886 -0.544618 0.0196993 -0.37344 -0.0648244 -0.0868953 0.921298
1305032355.246379 0.0229887 -0.557455 0.027823 -0.38205 -0.0790958 -0.0910355 0.916239
1305032355.278991 0.0208047 -0.570941 0.0369609 -0.388465 -0.0956131 -0.0941067 0.911645
1305032355.312689 0.0214614 -0.585207 0.0432241 -0.392307 -0.112848 -0.0962136 0.907802
1305032355.347016 0.0257037 -0.593951 0.0485561 -0.396174 -0.12839 -0.0964087 0.904029
1305032355.379246 0.0286679 -0.603347 0.058452 -0.400013 -0.14403 -0.0983875 0.899758
1305032355.415084 0.0332296 -0.613523 0.066866 -0.401167 -0.159123 -0.103203 0.896155
1305032355.446636 0.0375404 -0.623756 0.0755302 -0.400931 -0.171014 -0.108872 0.893395
1305032355.479127 0.042417 -0.635266 0.082866 -0.398806 -0.183073 -0.111977 0.891571
1305032355.514371 0.0496037 -0.642432 0.0888801 -0.395205 -0.197434 -0.112697 0.890018
1305032355.546522 0.0588776 -0.650634 0.0941673 -0.392472 -0.210618 -0.112368 0.888245
1305032355.578354 0.0701802 -0.657516 0.100123 -0.390738 -0.221419 -0.11194 0.886435
1305032355.614298 0.0829469 -0.665314 0.110035 -0.389403 -0.229693 -0.112178 0.884886
1305032355.646429 0.095207 -0.677088 0.118444 -0.386557 -0.234637 -0.112666 0.884774
1305032355.679021 0.107193 -0.688245 0.125233 -0.38313 -0.240022 -0.112603 0.884828
1305032355.715171 0.12027 -0.698008 0.133569 -0.379274 -0.247611 -0.111141 0.884584
1305032355.747547 0.135411 -0.707614 0.13933 -0.373531 -0.254599 -0.109134 0.885293
1305032355.779172 0.154563 -0.712383 0.139592 -0.368854 -0.257839 -0.107702 0.886491
1305032355.815082 0.172429 -0.714385 0.155398 -0.366323 -0.258671 -0.109732 0.887049
1305032355.847746 0.182592 -0.73036 0.166875 -0.354474 -0.255585 -0.114506 0.892139
1305032355.879256 0.19682 -0.735153 0.165635 -0.333455 -0.254967 -0.122391 0.899344
1305032355.914958 0.214762 -0.737214 0.155169 -0.321682 -0.254149 -0.127567 0.903136
1305032355.947516 0.227858 -0.737223 0.151943 -0.322178 -0.251873 -0.128128 0.903518
1305032355.979562 0.239275 -0.73872 0.150716 -0.33026 -0.249811 -0.123275 0.901846
1305032356.015124 0.247654 -0.7442 0.153586 -0.342074 -0.250695 -0.115967 0.898159
1305032356.047385 0.247718 -0.753629 0.159177 -0.350684 -0.256193 -0.10825 0.894241
1305032356.083040 0.255931 -0.760739 0.163387 -0.351383 -0.267043 -0.100716 0.891669
1305032356.114352 0.272439 -0.761576 0.163675 -0.34888 -0.279667 -0.0979622 0.889085
1305032356.146404 0.286564 -0.759742 0.165185 -0.349295 -0.28981 -0.101031 0.885322
1305032356.182442 0.296041 -0.75822 0.172186 -0.348525 -0.299374 -0.110037 0.881361
1305032356.214279 0.303405 -0.763725 0.184106 -0.342993 -0.308885 -0.121071 0.878799
1305032356.246658 0.310872 -0.764636 0.188603 -0.330831 -0.317602 -0.12905 0.879219
1305032356.282363 0.322336 -0.760886 0.184295 -0.319774 -0.323642 -0.131978 0.880672
1305032356.314238 0.332043 -0.754096 0.186127 -0.316458 -0.327308 -0.128997 0.880956
1305032356.346442 0.334034 -0.751228 0.193066 -0.314185 -0.330722 -0.123528 0.881278
1305032356.382453 0.336727 -0.748232 0.202477 -0.304096 -0.337874 -0.118142 0.882842
1305032356.414237 0.34236 -0.74306 0.207202 -0.288449 -0.346668 -0.113061 0.885345
1305032356.446755 0.351052 -0.731249 0.210274 -0.272553 -0.355392 -0.110152 0.887287
1305032356.482444 0.362365 -0.720172 0.219138 -0.257856 -0.363277 -0.109451 0.888572
1305032356.514490 0.372332 -0.708563 0.227876 -0.242363 -0.367097 -0.11208 0.891032
1305032356.546721 0.381824 -0.694725 0.232176 -0.225078 -0.368279 -0.119169 0.894153
1305032356.582446 0.394031 -0.682101 0.230501 -0.209115 -0.36769 -0.128213 0.897015
1305032356.614314 0.407101 -0.662755 0.235536 -0.198969 -0.366598 -0.136451 0.898553
1305032356.646374 0.413138 -0.648951 0.242881 -0.191233 -0.3643 -0.143316 0.900098
1305032356.683322 0.420548 -0.633819 0.24616 -0.180437 -0.362016 -0.143793 0.903167
1305032356.715172 0.430745 -0.615404 0.249309 -0.170816 -0.360531 -0.139327 0.906326
1305032356.743534 0.442394 -0.59638 0.252479 -0.160864 -0.359309 -0.133405 0.909518
1305032356.782372 0.453622 -0.574379 0.255104 -0.151663 -0.357689 -0.127687 0.912553
1305032356.814985 0.459164 -0.559451 0.25835 -0.143195 -0.356915 -0.122067 0.91499
1305032356.846535 0.467468 -0.539059 0.258755 -0.131822 -0.358228 -0.112366 0.917425
1305032356.882068 0.478375 -0.515805 0.259329 -0.125376 -0.360214 -0.102033 0.918758
1305032356.914707 0.485584 -0.495795 0.260709 -0.123701 -0.361578 -0.0918527 0.919523
1305032356.947460 0.490821 -0.476097 0.261395 -0.123227 -0.36371 -0.0796044 0.919888
1305032356.982294 0.498768 -0.455553 0.262501 -0.123572 -0.366771 -0.0666773 0.919654
1305032357.014261 0.505705 -0.438332 0.264499 -0.124413 -0.369811 -0.0564036 0.91901
1305032357.046550 0.510469 -0.422956 0.267125 -0.122423 -0.373681 -0.0477238 0.918204
1305032357.082118 0.513875 -0.40655 0.265973 -0.118193 -0.379118 -0.0391126 0.916935
1305032357.114108 0.518347 -0.390961 0.267869 -0.113944 -0.386605 -0.0314071 0.91464
1305032357.146528 0.526651 -0.374729 0.267398 -0.108426 -0.393231 -0.0246034 0.912693
1305032357.182108 0.532048 -0.358474 0.269854 -0.106529 -0.396752 -0.0188602 0.911528
1305032357.214184 0.536247 -0.343371 0.271728 -0.102364 -0.401277 -0.0117568 0.910143
1305032357.250098 0.543218 -0.328381 0.272285 -0.0931622 -0.405916 -0.00500852 0.909136
1305032357.282087 0.551496 -0.312169 0.27137 -0.0849132 -0.40585 0.00344669 0.90998
1305032357.314085 0.558889 -0.295978 0.270605 -0.0811238 -0.404572 0.0140014 0.910793
1305032357.350168 0.563558 -0.280361 0.269066 -0.0769997 -0.404174 0.0234893 0.911133
1305032357.382141 0.570724 -0.263688 0.265646 -0.0730605 -0.403946 0.0296894 0.911377
1305032357.414454 0.57399 -0.24688 0.264614 -0.0751438 -0.402627 0.0343217 0.911629
1305032357.450340 0.578837 -0.231863 0.262007 -0.0789694 -0.401175 0.0419809 0.911625
1305032357.482241 0.582769 -0.21721 0.259712 -0.0857367 -0.399514 0.0502449 0.911325
1305032357.513987 0.586709 -0.202071 0.257284 -0.0931075 -0.397033 0.0568748 0.911296
1305032357.549979 0.589988 -0.189369 0.254813 -0.0985644 -0.394552 0.0627666 0.911413
1305032357.582946 0.592634 -0.177139 0.25115 -0.102103 -0.392942 0.066604 0.911447
1305032357.611057 0.597234 -0.165924 0.246565 -0.105659 -0.391506 0.0676486 0.911583
1305032357.650783 0.599999 -0.153502 0.244451 -0.111098 -0.38936 0.0664392 0.911944
1305032357.683024 0.602776 -0.142817 0.24327 -0.116492 -0.386551 0.0644733 0.912607
1305032357.710979 0.607945 -0.133685 0.241465 -0.120708 -0.38311 0.0637495 0.91356
1305032357.750457 0.611452 -0.123132 0.239994 -0.124836 -0.378501 0.0617296 0.915064
1305032357.783108 0.614284 -0.115494 0.239292 -0.128305 -0.373419 0.0586926 0.91687
1305032357.814444 0.619779 -0.1069 0.235977 -0.129438 -0.368857 0.0558256 0.918735
1305032357.850329 0.623999 -0.0975867 0.233849 -0.13172 -0.363166 0.0505947 0.920978
1305032357.882357 0.625378 -0.0903235 0.234642 -0.133934 -0.356474 0.047955 0.923411
1305032357.914168 0.62815 -0.0846722 0.232413 -0.132345 -0.348881 0.0477474 0.926546
1305032357.948987 0.628006 -0.0776857 0.229413 -0.129074 -0.341567 0.0495606 0.929632
1305032357.982077 0.627685 -0.0707773 0.226663 -0.124661 -0.337175 0.0507004 0.931774
1305032358.010855 0.6257 -0.0663431 0.226807 -0.118835 -0.334673 0.050905 0.933424
1305032358.050220 0.623899 -0.0606091 0.226473 -0.10833 -0.332424 0.0548644 0.93528
1305032358.082211 0.61982 -0.0556346 0.226559 -0.0990403 -0.330571 0.0571628 0.936828
1305032358.115784 0.61508 -0.0502949 0.228636 -0.0872138 -0.330765 0.0585052 0.937851
1305032358.150676 0.609365 -0.0493943 0.231477 -0.0734569 -0.331731 0.0601597 0.938584
1305032358.183396 0.601837 -0.0461818 0.233344 -0.0613308 -0.332884 0.0610214 0.938991
1305032358.214748 0.593302 -0.042174 0.236779 -0.0492571 -0.335349 0.062863 0.938703
1305032358.251221 0.585127 -0.0364512 0.240129 -0.0369687 -0.338675 0.0696793 0.937591
1305032358.283060 0.576839 -0.0325052 0.245021 -0.0293659 -0.342553 0.0724819 0.936238
1305032358.314611 0.567328 -0.0254004 0.248492 -0.0220782 -0.34559 0.0795353 0.934748
1305032358.350749 0.559698 -0.0195163 0.252545 -0.0148493 -0.349928 0.086681 0.932639
1305032358.381865 0.551372 -0.0141165 0.257315 -0.0139539 -0.355285 0.0901919 0.930292
1305032358.414355 0.541317 -0.00812727 0.259833 -0.0121338 -0.361937 0.0909977 0.927671
1305032358.447967 0.535291 -0.00317758 0.262274 -0.0086759 -0.3682 0.09112 0.92523
1305032358.481387 0.532527 0.00188705 0.265343 -0.0117761 -0.370865 0.0921432 0.924029
1305032358.517650 0.531264 0.0099899 0.267744 -0.0175724 -0.371665 0.0929297 0.923537
1305032358.548167 0.531554 0.0161022 0.268573 -0.021247 -0.370995 0.0926203 0.92376
1305032358.582146 0.533135 0.0207896 0.268464 -0.0243741 -0.369632 0.0930854 0.924183
1305032358.616710 0.53424 0.023866 0.267865 -0.028107 -0.368568 0.0926587 0.924544
1305032358.649112 0.535549 0.0259911 0.267486 -0.0305042 -0.368383 0.0917588 0.924632
1305032358.681202 0.537829 0.0259873 0.26585 -0.031536 -0.368474 0.0928274 0.924454
1305032358.716920 0.539022 0.0229285 0.264896 -0.0327076 -0.36865 0.0932689 0.924299
1305032358.746598 0.541679 0.0180232 0.263977 -0.0319728 -0.370091 0.0948702 0.923586
1305032358.779352 0.543216 0.00926504 0.26305 -0.0296358 -0.372546 0.0953753 0.922624
1305032358.817050 0.546594 -8.4066e-05 0.260656 -0.0269168 -0.377417 0.0934343 0.920924
1305032358.849277 0.548589 -0.0111848 0.259076 -0.0236436 -0.383632 0.0901832 0.918768
1305032358.882669 0.554557 -0.0237696 0.256859 -0.0198666 -0.388764 0.0874943 0.916958
1305032358.917982 0.559416 -0.0375613 0.254779 -0.019378 -0.392499 0.0861651 0.915502
1305032358.951038 0.564244 -0.0510855 0.251884 -0.0211307 -0.396284 0.0817264 0.914239
1305032358.983085 0.571535 -0.0637139 0.24799 -0.0220298 -0.400874 0.0757362 0.912731
1305032359.019148 0.579139 -0.0766222 0.244789 -0.0275868 -0.404761 0.0671469 0.911537
1305032359.051225 0.586927 -0.0895341 0.244024 -0.0363361 -0.406875 0.0541434 0.911153
1305032359.082899 0.595052 -0.102613 0.242755 -0.0448496 -0.407484 0.0423827 0.911125
1305032359.118855 0.603932 -0.115206 0.24243 -0.0528916 -0.407462 0.0340703 0.911052
1305032359.151254 0.613725 -0.129472 0.241683 -0.0615354 -0.405242 0.0243463 0.911811
1305032359.183363 0.623749 -0.143604 0.241184 -0.0707517 -0.402856 0.0149516 0.912402
1305032359.219267 0.632217 -0.15868 0.241716 -0.0832017 -0.400163 0.00659614 0.912635
1305032359.251063 0.642001 -0.173579 0.242832 -0.0991508 -0.396316 -0.00063711 0.912744
1305032359.283123 0.648473 -0.187413 0.244074 -0.115677 -0.390486 -0.00809068 0.913276
1305032359.319238 0.654645 -0.203676 0.244797 -0.12897 -0.387125 -0.0181553 0.912782
1305032359.350945 0.660954 -0.221365 0.246051 -0.142193 -0.384549 -0.0282956 0.911648
1305032359.383033 0.665413 -0.238308 0.249052 -0.156611 -0.381374 -0.0358843 0.910351
1305032359.418684 0.669361 -0.255274 0.251978 -0.168155 -0.379166 -0.0433743 0.908887
1305032359.450700 0.672043 -0.273267 0.254133 -0.17645 -0.378042 -0.0530152 0.90727
1305032359.482630 0.674854 -0.290683 0.257736 -0.185662 -0.37699 -0.0631381 0.905219
1305032359.517271 0.674885 -0.310019 0.262622 -0.195047 -0.37593 -0.0694059 0.903225
1305032359.549406 0.677551 -0.327588 0.268432 -0.200398 -0.37646 -0.0722714 0.901607
1305032359.580783 0.679898 -0.342708 0.273132 -0.209628 -0.375684 -0.0770499 0.899434
1305032359.618509 0.679294 -0.359171 0.281003 -0.224811 -0.372272 -0.0799308 0.896931
1305032359.648297 0.679392 -0.375732 0.288769 -0.237619 -0.369949 -0.0822119 0.89438
1305032359.682616 0.676236 -0.391247 0.298174 -0.249232 -0.369021 -0.0867305 0.89117
1305032359.717507 0.670955 -0.407599 0.306019 -0.25749 -0.370431 -0.0927656 0.887623
1305032359.747140 0.668442 -0.42333 0.314139 -0.264842 -0.3753 -0.0977578 0.882866
1305032359.784467 0.665037 -0.438177 0.324467 -0.272994 -0.378577 -0.103754 0.878287
1305032359.814695 0.661928 -0.454582 0.335766 -0.279433 -0.380214 -0.110921 0.874672
1305032359.847549 0.657802 -0.468762 0.346205 -0.286044 -0.382438 -0.118079 0.870619
1305032359.886136 0.653694 -0.484392 0.35785 -0.293819 -0.384366 -0.124115 0.86633
1305032359.915265 0.649073 -0.499018 0.369527 -0.300092 -0.387465 -0.131458 0.861704
1305032359.947309 0.644828 -0.512053 0.380019 -0.306423 -0.391587 -0.139689 0.856301
1305032359.984090 0.641231 -0.524345 0.390327 -0.313387 -0.39641 -0.148082 0.850129
1305032360.018877 0.637764 -0.533191 0.400415 -0.321774 -0.401643 -0.158092 0.842705
1305032360.051651 0.632912 -0.544384 0.41243 -0.331794 -0.406883 -0.169808 0.833981
1305032360.087324 0.626774 -0.552605 0.422916 -0.341409 -0.412099 -0.180688 0.825207
1305032360.119052 0.620257 -0.560251 0.434846 -0.351046 -0.418286 -0.191596 0.815533
1305032360.151201 0.612302 -0.567695 0.44865 -0.359198 -0.425566 -0.200944 0.805911
1305032360.187139 0.604309 -0.577303 0.462515 -0.365445 -0.434157 -0.210189 0.796102
1305032360.218935 0.596089 -0.585722 0.47684 -0.369181 -0.442025 -0.220095 0.787323
1305032360.251170 0.586607 -0.592518 0.491778 -0.371573 -0.449851 -0.228497 0.779331
1305032360.285679 0.575268 -0.601589 0.508106 -0.372244 -0.460189 -0.234913 0.771023
1305032360.318280 0.562421 -0.611448 0.522857 -0.368419 -0.471802 -0.241096 0.7639
1305032360.347303 0.550482 -0.623557 0.536121 -0.362103 -0.482628 -0.247016 0.758244
1305032360.387567 0.54357 -0.631662 0.549088 -0.354768 -0.495604 -0.253081 0.75131
1305032360.419307 0.535934 -0.64018 0.560908 -0.350073 -0.507283 -0.261366 0.742833
1305032360.447080 0.525548 -0.647624 0.57191 -0.346058 -0.515049 -0.271937 0.73554
1305032360.487302 0.515485 -0.657157 0.584123 -0.341474 -0.521613 -0.281533 0.729421
1305032360.516084 0.505189 -0.664452 0.595271 -0.337504 -0.527508 -0.289475 0.723899
1305032360.550452 0.49337 -0.672325 0.606148 -0.33503 -0.532104 -0.294733 0.71955
1305032360.585577 0.480529 -0.68045 0.616154 -0.331433 -0.536318 -0.299448 0.716133
1305032360.616453 0.46722 -0.685864 0.625273 -0.32502 -0.541727 -0.3047 0.712777
1305032360.651196 0.452087 -0.693163 0.635581 -0.314115 -0.550786 -0.310999 0.707987
1305032360.683724 0.435964 -0.699904 0.643174 -0.298489 -0.56105 -0.317547 0.70377
1305032360.716902 0.419258 -0.70747 0.650075 -0.280807 -0.570756 -0.322073 0.70118
1305032360.750823 0.406739 -0.712274 0.654156 -0.265064 -0.580302 -0.321811 0.699592
1305032360.787088 0.395884 -0.714845 0.656 -0.254633 -0.588728 -0.316092 0.699033
1305032360.817705 0.38547 -0.716589 0.658529 -0.250001 -0.596161 -0.306757 0.698564
1305032360.851074 0.377465 -0.715886 0.662455 -0.247379 -0.603557 -0.29907 0.696476
1305032360.887553 0.371918 -0.713606 0.666671 -0.245666 -0.609514 -0.296897 0.692815
1305032360.919281 0.363212 -0.710499 0.671358 -0.243797 -0.614689 -0.301181 0.68703
1305032360.951273 0.352229 -0.710471 0.675415 -0.239485 -0.620952 -0.305849 0.680824
1305032360.983341 0.348206 -0.708699 0.678938 -0.235285 -0.628147 -0.306224 0.675499
1305032361.019684 0.347066 -0.702232 0.681574 -0.236238 -0.633406 -0.30536 0.670629
1305032361.055112 0.344252 -0.696821 0.686832 -0.239554 -0.638407 -0.30797 0.66348
1305032361.083402 0.338707 -0.692463 0.693679 -0.239739 -0.644322 -0.313 0.65529
1305032361.118826 0.333177 -0.690207 0.699218 -0.235387 -0.651726 -0.316164 0.647987
1305032361.155055 0.330593 -0.687056 0.705266 -0.226372 -0.661339 -0.314974 0.642011
1305032361.187451 0.331385 -0.684624 0.712703 -0.213658 -0.671856 -0.311414 0.637166
1305032361.214912 0.335181 -0.681089 0.722374 -0.199051 -0.681846 -0.306498 0.633659
1305032361.250889 0.343778 -0.674727 0.731546 -0.185239 -0.691016 -0.299975 0.63103
1305032361.283006 0.355268 -0.666588 0.742098 -0.17336 -0.700342 -0.293002 0.62739
1305032361.318300 0.36967 -0.655715 0.753459 -0.165245 -0.707877 -0.287666 0.62358
1305032361.353596 0.38067 -0.644486 0.765639 -0.162082 -0.713523 -0.284962 0.619202
1305032361.385885 0.392176 -0.633941 0.776833 -0.158909 -0.720145 -0.282375 0.613517
1305032361.418314 0.405716 -0.622582 0.790515 -0.155126 -0.726818 -0.281196 0.607124
1305032361.454287 0.416831 -0.612431 0.805481 -0.15066 -0.732112 -0.281713 0.601623
1305032361.482980 0.431287 -0.602661 0.819928 -0.145726 -0.736191 -0.280018 0.598646
1305032361.517186 0.44485 -0.592206 0.831872 -0.141511 -0.74026 -0.27772 0.595703
1305032361.554410 0.456649 -0.584041 0.843955 -0.133898 -0.746364 -0.273979 0.591564
1305032361.586249 0.471808 -0.57568 0.857724 -0.121019 -0.753005 -0.269113 0.588147
1305032361.614853 0.486137 -0.565956 0.871218 -0.109046 -0.757783 -0.263689 0.586807
1305032361.654354 0.499883 -0.558495 0.886165 -0.0979303 -0.761869 -0.256036 0.586865
1305032361.683032 0.512963 -0.546451 0.900494 -0.0862812 -0.764134 -0.24461 0.59061
1305032361.715384 0.526868 -0.535668 0.911909 -0.077608 -0.764907 -0.231888 0.595921
1305032361.754316 0.540819 -0.524461 0.925264 -0.0738084 -0.764505 -0.219756 0.601491
1305032361.782986 0.552449 -0.510913 0.939835 -0.077457 -0.760746 -0.208432 0.609772
1305032361.819589 0.563764 -0.49717 0.952394 -0.0842031 -0.755062 -0.199379 0.618902
1305032361.855109 0.574309 -0.482089 0.96225 -0.0912351 -0.748791 -0.193661 0.627283
1305032361.886775 0.582307 -0.468804 0.966827 -0.0973419 -0.743732 -0.189794 0.633534
1305032361.919175 0.586213 -0.454834 0.970368 -0.101465 -0.740704 -0.184766 0.637906
1305032361.955033 0.590158 -0.443473 0.97265 -0.101566 -0.739614 -0.173403 0.64233
1305032361.987135 0.601249 -0.426634 0.978543 -0.102749 -0.740601 -0.159947 0.644492
1305032362.019273 0.607685 -0.407116 0.985788 -0.109054 -0.740684 -0.156713 0.644155
1305032362.054809 0.609616 -0.392034 0.992396 -0.113564 -0.738978 -0.153708 0.646057
1305032362.086432 0.61226 -0.375447 0.998998 -0.120153 -0.736715 -0.143926 0.649692
1305032362.118268 0.616976 -0.359197 1.00519 -0.126987 -0.734998 -0.132019 0.652858
1305032362.154488 0.621167 -0.339933 1.01182 -0.132044 -0.73353 -0.12025 0.655772
1305032362.186946 0.625742 -0.321171 1.01683 -0.134486 -0.73407 -0.112318 0.656078
1305032362.223302 0.630558 -0.303615 1.02321 -0.13562 -0.735711 -0.106711 0.654942
1305032362.254745 0.63292 -0.283127 1.02944 -0.139224 -0.73717 -0.100295 0.653558
1305032362.286962 0.63519 -0.265138 1.03507 -0.143318 -0.739262 -0.0946407 0.651149
1305032362.322988 0.636492 -0.247541 1.04103 -0.144365 -0.742752 -0.0888988 0.647746
1305032362.355069 0.639094 -0.229031 1.04794 -0.144051 -0.747808 -0.0825227 0.642824
1305032362.386153 0.639976 -0.210768 1.05507 -0.143531 -0.753695 -0.0770109 0.63672
1305032362.421202 0.639955 -0.192705 1.06351 -0.140411 -0.759788 -0.0709639 0.63085
1305032362.452718 0.640806 -0.174703 1.07426 -0.13648 -0.76543 -0.0646298 0.62555
1305032362.487094 0.640909 -0.155919 1.08305 -0.135606 -0.769865 -0.0593303 0.620805
1305032362.523226 0.639636 -0.139335 1.09 -0.134406 -0.774227 -0.0554693 0.615979
1305032362.554152 0.637652 -0.123969 1.09635 -0.130441 -0.778193 -0.0533314 0.612011
1305032362.586874 0.634453 -0.109167 1.10185 -0.12731 -0.781328 -0.047614 0.60914
1305032362.623276 0.63439 -0.0941394 1.10739 -0.126462 -0.783512 -0.0406466 0.607012
1305032362.655272 0.632781 -0.0786388 1.11061 -0.128941 -0.784861 -0.037533 0.604945
1305032362.687068 0.629837 -0.0635928 1.11151 -0.132372 -0.786823 -0.0347558 0.601813
1305032362.723139 0.628023 -0.0497466 1.11197 -0.135792 -0.789281 -0.0321577 0.597964
1305032362.752501 0.624604 -0.0382739 1.11178 -0.138133 -0.791195 -0.0292327 0.595042
1305032362.786189 0.620679 -0.0272396 1.11244 -0.140067 -0.79258 -0.0224381 0.593038
1305032362.822975 0.618488 -0.0167253 1.11304 -0.139353 -0.79387 -0.0145322 0.591727
1305032362.854747 0.616649 -0.00616914 1.1146 -0.13825 -0.794948 -0.00657206 0.590679
1305032362.887079 0.614726 0.00362434 1.11545 -0.1368 -0.796386 0.000548309 0.589113
1305032362.922917 0.612303 0.0121709 1.11556 -0.131647 -0.798399 0.00480407 0.587542
1305032362.955254 0.60914 0.0195965 1.11602 -0.125341 -0.799147 0.0097895 0.587842
1305032362.987432 0.606392 0.0279708 1.11753 -0.120076 -0.798692 0.0218184 0.589234
1305032363.023019 0.604388 0.0343297 1.11949 -0.111593 -0.7982 0.0349852 0.590931
1305032363.050785 0.603728 0.0412002 1.12148 -0.102655 -0.795924 0.0445374 0.594965
1305032363.087129 0.602803 0.0498752 1.12222 -0.0983418 -0.792431 0.0579916 0.599182
1305032363.121871 0.60322 0.056723 1.1218 -0.0905142 -0.790688 0.0722081 0.601171
1305032363.152039 0.604442 0.0638779 1.12137 -0.0825677 -0.788945 0.0805483 0.60354
1305032363.186339 0.60399 0.0709269 1.11942 -0.0776144 -0.786719 0.0888489 0.605933
1305032363.223545 0.605561 0.077695 1.1179 -0.0746515 -0.78564 0.0997744 0.606005
1305032363.254897 0.606667 0.0848463 1.11653 -0.072697 -0.785293 0.105902 0.605652
1305032363.286746 0.605904 0.0915334 1.11489 -0.067686 -0.785332 0.108556 0.605713
1305032363.323009 0.607078 0.0962658 1.11485 -0.0638667 -0.78436 0.112845 0.606602
1305032363.351268 0.607889 0.102871 1.11563 -0.0617105 -0.780973 0.118852 0.610038
1305032363.387226 0.609704 0.107442 1.11436 -0.0603865 -0.777367 0.126661 0.613197
1305032363.423169 0.614382 0.113943 1.11596 -0.061098 -0.77564 0.131948 0.614198
1305032363.454680 0.614227 0.122759 1.11615 -0.0636059 -0.773844 0.132952 0.61599
1305032363.490519 0.616167 0.13046 1.11641 -0.0639123 -0.772428 0.134345 0.617431
1305032363.522372 0.620223 0.141594 1.118 -0.0681959 -0.771674 0.135463 0.617671
1305032363.554139 0.619239 0.153251 1.11673 -0.0753771 -0.770641 0.134796 0.618272
1305032363.589728 0.618599 0.162566 1.11411 -0.0823082 -0.770147 0.138526 0.617179
1305032363.622073 0.620386 0.170487 1.11356 -0.0865498 -0.770801 0.141544 0.615094
1305032363.653876 0.618933 0.177805 1.11246 -0.0895234 -0.77189 0.143307 0.61289
1305032363.689996 0.618681 0.182935 1.11275 -0.090929 -0.774791 0.145876 0.6084
1305032363.721151 0.61731 0.185784 1.11387 -0.0904289 -0.77874 0.146422 0.60328
1305032363.754688 0.615738 0.187481 1.11595 -0.0844642 -0.782303 0.147702 0.59921
1305032363.789766 0.613725 0.186023 1.12047 -0.0781499 -0.784831 0.151291 0.595856
1305032363.820015 0.612162 0.184742 1.12651 -0.0718317 -0.785477 0.157537 0.594178
1305032363.850926 0.609913 0.182516 1.1319 -0.0652044 -0.784618 0.165261 0.59398
1305032363.889635 0.609633 0.180961 1.13824 -0.0604537 -0.784554 0.174024 0.592061
1305032363.918945 0.607087 0.181946 1.14118 -0.0589246 -0.786803 0.176803 0.588395
1305032363.953919 0.603898 0.177208 1.14476 -0.052523 -0.790634 0.174283 0.584607
1305032363.989477 0.602826 0.171685 1.14996 -0.045421 -0.792969 0.173019 0.58241
1305032364.021974 0.600801 0.168218 1.15266 -0.0426911 -0.794594 0.172783 0.580468
1305032364.051316 0.600199 0.163065 1.15533 -0.0388571 -0.796781 0.172165 0.577919
1305032364.089983 0.601323 0.15587 1.15825 -0.0361899 -0.799609 0.171455 0.574386
1305032364.121945 0.600113 0.150256 1.15974 -0.0351911 -0.803261 0.169929 0.569787
1305032364.154479 0.600693 0.143487 1.16147 -0.0351024 -0.80889 0.168145 0.56231
1305032364.187829 0.601268 0.137196 1.16392 -0.0339656 -0.816337 0.161152 0.553597
1305032364.220131 0.599374 0.129716 1.16629 -0.0345783 -0.824796 0.14929 0.544269
1305032364.254427 0.598134 0.118377 1.16867 -0.0366973 -0.833501 0.137789 0.533801
1305032364.287208 0.598711 0.10523 1.17117 -0.0347507 -0.841376 0.125236 0.524589
1305032364.321001 0.599315 0.0934972 1.17595 -0.0346789 -0.848953 0.112172 0.515261
1305032364.353803 0.599017 0.0799326 1.18047 -0.0363395 -0.856004 0.0967564 0.506533
1305032364.390393 0.597728 0.0663363 1.18515 0.0368877 0.862083 -0.0791249 -0.499191
1305032364.422934 0.596074 0.0517111 1.18997 0.0370037 0.868244 -0.060686 -0.49102
1305032364.454973 0.594007 0.0363704 1.19652 0.0371774 0.874569 -0.041019 -0.481731
1305032364.490909 0.589282 0.0192454 1.2035 0.0368656 0.879788 -0.0205496 -0.473488
1305032364.523222 0.584437 0.00143628 1.21044 0.0342008 0.884147 -0.00245985 -0.46595
1305032364.555371 0.579791 -0.0178808 1.21905 0.0303652 0.888227 0.0165688 -0.458101
1305032364.590015 0.574128 -0.0384083 1.22856 0.0246117 0.890445 0.0341415 -0.453141
1305032364.622240 0.566825 -0.0605721 1.23852 0.0203862 0.891305 0.0479887 -0.450397
1305032364.654940 0.560808 -0.0816458 1.24827 0.0193923 0.891996 0.059648 -0.44767
1305032364.691021 0.554067 -0.100375 1.25789 0.0169059 0.89197 0.0752602 -0.445466
1305032364.723145 0.546819 -0.120107 1.26586 0.0155997 0.891108 0.0933753 -0.443807
1305032364.758771 0.539711 -0.139184 1.27341 0.0193609 0.889929 0.112575 -0.441564
1305032364.790576 0.529782 -0.159764 1.28029 0.0208223 0.887945 0.131457 -0.440271
1305032364.822800 0.519664 -0.17891 1.28308 0.0184806 0.885949 0.144297 -0.440377
1305032364.858509 0.511484 -0.201528 1.28608 0.0139781 0.886463 0.154286 -0.4361
1305032364.889427 0.502704 -0.223861 1.29213 0.0113267 0.887593 0.163644 -0.43043
1305032364.923105 0.491873 -0.243062 1.29621 0.0118708 0.887792 0.172962 -0.426344
1305032364.956761 0.480943 -0.262687 1.29832 0.0138626 0.888385 0.182561 -0.421012
1305032364.991437 0.469452 -0.28285 1.30122 0.015834 0.889676 0.189867 -0.414942
1305032365.022936 0.458959 -0.300887 1.30571 0.0183897 0.890661 0.195619 -0.410022
1305032365.059290 0.446978 -0.316438 1.30938 0.0195806 0.891278 0.202131 -0.405442
1305032365.087143 0.436076 -0.330933 1.31353 0.0179505 0.891645 0.210137 -0.400611
1305032365.123256 0.424408 -0.343124 1.31762 0.0174066 0.891801 0.220056 -0.394922
1305032365.159298 0.411917 -0.355743 1.3195 0.016589 0.891851 0.23082 -0.38865
1305032365.191271 0.399855 -0.368962 1.31977 0.011704 0.892022 0.239741 -0.382992
1305032365.223463 0.387884 -0.380231 1.32145 0.00446605 0.892771 0.247191 -0.376612
1305032365.256958 0.377196 -0.391855 1.32312 -0.00141392 0.89372 0.254437 -0.369493
1305032365.290273 0.367351 -0.402195 1.32595 -0.00376186 0.894772 0.26116 -0.362165
1305032365.323458 0.356829 -0.412225 1.32547 -0.00661642 0.895548 0.26829 -0.354924
1305032365.359591 0.347516 -0.42351 1.32663 -0.0122616 0.896712 0.272899 -0.348257
1305032365.391371 0.339772 -0.430763 1.33037 -0.016565 0.897588 0.277267 -0.342321
1305032365.423267 0.331073 -0.437859 1.33032 -0.0199513 0.897873 0.283571 -0.336174
1305032365.459383 0.324671 -0.445672 1.32989 -0.0223897 0.898907 0.287211 -0.330113
1305032365.491152 0.319418 -0.451926 1.33131 -0.0227827 0.900576 0.289661 -0.323327
1305032365.523217 0.313867 -0.458687 1.33167 -0.0230798 0.902197 0.292066 -0.316552
1305032365.558893 0.308387 -0.466228 1.33166 -0.0243871 0.9042 0.292386 -0.310384
1305032365.591436 0.305615 -0.47317 1.33032 -0.0265655 0.906892 0.290933 -0.303644
1305032365.623205 0.302877 -0.478862 1.33186 -0.028921 0.910043 0.28918 -0.295567
1305032365.659377 0.299192 -0.484486 1.33354 -0.031485 0.912255 0.289606 -0.287972
1305032365.691155 0.295835 -0.488325 1.33307 -0.033767 0.91356 0.290657 -0.282464
1305032365.723383 0.293185 -0.493835 1.32902 -0.0357858 0.91522 0.290634 -0.27681
1305032365.759259 0.290629 -0.50002 1.32737 -0.0389155 0.918377 0.28704 -0.269588
1305032365.791166 0.286004 -0.502996 1.32867 -0.0410224 0.921095 0.283281 -0.263918
1305032365.823223 0.282646 -0.506294 1.32629 -0.0415938 0.922741 0.280615 -0.260911
1305032365.859634 0.27866 -0.510876 1.32269 -0.0402933 0.924932 0.276109 -0.258151
1305032365.889504 0.273956 -0.51373 1.32204 -0.0374423 0.928143 0.268985 -0.254549
1305032365.927362 0.267664 -0.516306 1.32117 -0.0325557 0.930791 0.262464 -0.25235
1305032365.959313 0.260396 -0.519617 1.31845 -0.0265492 0.932926 0.255519 -0.252299
1305032365.991061 0.254927 -0.523103 1.31513 -0.0203244 0.935298 0.24717 -0.252413
1305032366.026870 0.249402 -0.527524 1.31235 -0.0137706 0.937284 0.241238 -0.251225
1305032366.059164 0.241702 -0.534615 1.30821 -0.00965933 0.939151 0.23505 -0.250308
1305032366.091112 0.237546 -0.537148 1.31005 -0.00571703 0.940098 0.230752 -0.25087
1305032366.127026 0.2317 -0.543319 1.30794 -0.0056519 0.938154 0.240448 -0.249038
1305032366.159365 0.226753 -0.555143 1.2993 -0.01627 0.935604 0.251216 -0.247528
1305032366.190979 0.224207 -0.566364 1.29349 -0.0320597 0.934095 0.256403 -0.246367
1305032366.227205 0.22359 -0.572401 1.28722 -0.0411265 0.932479 0.262935 -0.244249
1305032366.259172 0.222286 -0.580702 1.27643 -0.0442 0.930923 0.271955 -0.23973
1305032366.291401 0.220489 -0.588357 1.26929 -0.0441963 0.930786 0.27836 -0.232807
1305032366.327121 0.216593 -0.594868 1.26412 -0.0423675 0.929678 0.287566 -0.226296
1305032366.359097 0.211552 -0.602489 1.2539 -0.0444536 0.927577 0.297613 -0.221476
1305032366.391043 0.207866 -0.609113 1.24546 -0.0487638 0.926201 0.304373 -0.217095
1305032366.427242 0.205014 -0.613039 1.23961 -0.0537918 0.925009 0.310626 -0.212076
1305032366.459233 0.201639 -0.615846 1.23286 -0.0574119 0.9238 0.317117 -0.206723
1305032366.491285 0.198708 -0.619856 1.22445 -0.0610203 0.92337 0.321278 -0.201109
1305032366.526997 0.197162 -0.621749 1.21929 -0.0662298 0.924042 0.322632 -0.194085
1305032366.559109 0.196245 -0.621508 1.21355 -0.0725075 0.924917 0.323838 -0.185473
1305032366.591375 0.196146 -0.620763 1.20944 -0.0780359 0.926345 0.324265 -0.175066
1305032366.626920 0.197206 -0.61618 1.20902 -0.0820012 0.927598 0.325612 -0.163751
1305032366.655039 0.19536 -0.614551 1.20652 -0.0860928 0.927654 0.330581 -0.150872
1305032366.687461 0.194167 -0.614982 1.20217 -0.0899783 0.927391 0.334623 -0.140989
1305032366.727328 0.194216 -0.613646 1.19875 -0.0912433 0.928445 0.334102 -0.134314
1305032366.759333 0.194625 -0.611048 1.20091 -0.0884723 0.930372 0.332374 -0.126915
1305032366.790587 0.191934 -0.610684 1.20188 -0.0862465 0.931652 0.332883 -0.117369
1305032366.826895 0.189656 -0.610938 1.20293 -0.088423 0.932887 0.331761 -0.1088
1305032366.859205 0.187691 -0.609517 1.20698 -0.0920627 0.934088 0.329899 -0.100852
1305032366.888643 0.186457 -0.605978 1.21247 -0.0939323 0.934847 0.329343 -0.0936485
1305032366.926959 0.18415 -0.604045 1.21524 -0.0945297 0.93487 0.330889 -0.0871431
1305032366.958281 0.182523 -0.604748 1.21603 -0.0958103 0.935583 0.329845 -0.0818934
1305032366.990487 0.180326 -0.604636 1.22168 -0.0973117 0.938086 0.323252 -0.0776763
1305032367.026585 0.177289 -0.601513 1.23092 -0.0968569 0.941018 0.315333 -0.0752941
1305032367.058683 0.173738 -0.597985 1.24074 -0.0948641 0.94391 0.307415 -0.0743734
1305032367.087523 0.168567 -0.594374 1.25274 -0.0915324 0.946988 0.298826 -0.0744204
1305032367.126868 0.163006 -0.589828 1.26502 -0.0890153 0.949697 0.290565 -0.0756494
1305032367.158939 0.156304 -0.585033 1.27774 -0.0871586 0.952337 0.281803 -0.0777513
1305032367.191850 0.149098 -0.579203 1.29255 -0.0855508 0.954506 0.273529 -0.082347
1305032367.226101 0.143246 -0.572297 1.30417 -0.08377 0.956248 0.265903 -0.0887023
1305032367.257578 0.138533 -0.566849 1.31565 -0.0832598 0.958391 0.256513 -0.0935724
1305032367.293991 0.130564 -0.556892 1.3332 -0.081247 0.960732 0.247047 -0.0967559
1305032367.326110 0.122755 -0.549365 1.34395 -0.0813977 0.961162 0.244394 -0.0990634
1305032367.358269 0.119514 -0.546207 1.34907 -0.0867305 0.962287 0.236398 -0.102941
1305032367.394011 0.115055 -0.538149 1.36196 -0.0913329 0.965126 0.221169 -0.106177
1305032367.425982 0.110794 -0.528729 1.37247 -0.0916296 0.96724 0.210989 -0.107399
1305032367.458337 0.106997 -0.522293 1.37873 -0.0915322 0.969542 0.200487 -0.106843
1305032367.494794 0.103632 -0.514174 1.38656 -0.0896934 0.972531 0.186743 -0.106136
1305032367.525123 0.0998958 -0.504721 1.39452 -0.0890612 0.975098 0.1747 -0.103597
1305032367.558998 0.0942862 -0.49422 1.4035 -0.0878805 0.977181 0.165171 -0.100557
1305032367.594540 0.0879048 -0.482888 1.41067 -0.085149 0.978325 0.160805 -0.0988534
1305032367.627313 0.0830794 -0.474092 1.41391 -0.0846778 0.97916 0.157597 -0.0961221
1305032367.659071 0.0763607 -0.464423 1.42035 -0.0877055 0.979982 0.152551 -0.0931235
1305032367.694516 0.0703619 -0.452137 1.42575 -0.0908663 0.980469 0.148861 -0.0909032
1305032367.727182 0.0654606 -0.441379 1.4299 -0.0915321 0.981058 0.146396 -0.0878376
1305032367.759159 0.0585868 -0.429448 1.43528 -0.0886009 0.982206 0.142549 -0.0842641
1305032367.794852 0.0498136 -0.416362 1.44124 -0.0848975 0.983308 0.139223 -0.0807096
1305032367.826871 0.0411401 -0.404934 1.44573 -0.0819489 0.984263 0.136236 -0.0771405
1305032367.858142 0.0325261 -0.392835 1.45129 -0.0792496 0.985643 0.129844 -0.073259
1305032367.894056 0.0216057 -0.380839 1.45792 -0.076374 0.986999 0.123607 -0.0687114
1305032367.925922 0.00912839 -0.368423 1.46231 -0.0754908 0.988133 0.116432 -0.0658622
1305032367.957958 -0.000414821 -0.354922 1.46662 -0.0756101 0.989416 0.106755 -0.0627893
1305032367.994884 -0.00971241 -0.341729 1.47094 -0.0772052 0.990755 0.0959192 -0.0569574
1305032368.025983 -0.0175198 -0.327757 1.47748 -0.076327 0.992226 0.0845772 -0.0500746
1305032368.058921 -0.0273871 -0.318117 1.48247 -0.0764119 0.993477 0.0735428 -0.0419173
1305032368.094710 -0.0367282 -0.304707 1.48778 -0.0760764 0.994763 0.0588111 -0.0346394
1305032368.126824 -0.0443446 -0.290774 1.492 -0.0770299 0.995638 0.0457857 -0.02597
1305032368.156667 -0.05134 -0.276975 1.4968 -0.0781976 0.996285 0.032242 -0.0161904
1305032368.190798 -0.0578864 -0.262675 1.5008 -0.0776713 0.996749 0.0205162 -0.0061453
1305032368.226380 -0.0634448 -0.25017 1.50279 -0.0792326 0.99682 0.00743807 0.00399528
1305032368.258177 -0.069204 -0.235493 1.50521 -0.0802353 0.99669 -0.00509776 0.0120706
1305032368.293455 -0.0740723 -0.22136 1.50649 -0.0784166 0.996649 -0.0139437 0.0186353
1305032368.326215 -0.0791112 -0.209255 1.50628 -0.0769907 0.996472 -0.0226945 0.0245244
1305032368.358554 -0.0834368 -0.194899 1.50532 -0.0785473 0.995988 -0.0333179 0.0269802
1305032368.393756 -0.0850932 -0.1787 1.50533 -0.0798488 0.995486 -0.0425971 0.028577
1305032368.425949 -0.0868183 -0.164943 1.50098 -0.0823252 0.994955 -0.0480604 0.0312467
1305032368.462413 -0.0899462 -0.155666 1.49811 -0.0869013 0.994187 -0.0550708 0.0317333
1305032368.494411 -0.0899149 -0.147914 1.49311 -0.0873522 0.993126 -0.0715213 0.0309137
1305032368.526548 -0.0958668 -0.135082 1.49264 -0.084769 0.991502 -0.0933264 0.0320513
1305032368.561964 -0.102607 -0.11912 1.4876 -0.0840935 0.989986 -0.110106 0.0270649
1305032368.594201 -0.108682 -0.103995 1.4839 -0.0795461 0.988839 -0.124787 0.0172891
1305032368.626418 -0.110959 -0.0900827 1.48038 -0.0707297 0.987383 -0.141359 0.00951902
1305032368.662780 -0.11651 -0.0664673 1.4804 -0.0587469 0.985896 -0.156668 0.00370995
1305032368.692306 -0.12006 -0.0462637 1.4759 -0.0440726 0.985103 -0.166214 -0.00148793
1305032368.726391 -0.123594 -0.0282228 1.47616 -0.0303172 0.984086 -0.175072 -0.00233013
1305032368.762429 -0.122431 -0.00376346 1.4732 -0.0165582 0.983084 -0.182405 0.000917483
1305032368.794488 -0.124064 0.0161868 1.4698 -0.00500686 0.982648 -0.185274 0.00710459
1305032368.826920 -0.124199 0.0325693 1.46298 0.00538265 0.982081 -0.187846 0.0141931
1305032368.862385 -0.124809 0.0457072 1.45885 0.00997218 0.981346 -0.190813 0.0212293
1305032368.894079 -0.125684 0.0567155 1.45458 0.0123189 0.980582 -0.194052 0.0255162
1305032368.926364 -0.128491 0.0676352 1.44967 0.0164271 0.979388 -0.199398 0.0277586
1305032368.959769 -0.130584 0.0787103 1.44639 0.023211 0.977914 -0.205737 0.0285977
1305032368.992519 -0.134832 0.0904952 1.44237 0.0275607 0.976447 -0.212033 0.0288584
1305032369.026559 -0.138201 0.0974711 1.43871 0.0317693 0.974786 -0.219121 0.027736
1305032369.062508 -0.143623 0.108797 1.43861 0.0396871 0.97226 -0.228963 0.0266727
1305032369.092465 -0.150531 0.121933 1.43414 0.048345 0.970171 -0.236254 0.0248134
1305032369.126422 -0.15423 0.128924 1.4293 0.0555138 0.968888 -0.239855 0.0253643
1305032369.162529 -0.161549 0.134271 1.43098 0.0626541 0.967821 -0.241897 0.0297025
1305032369.194429 -0.166071 0.140869 1.42806 0.0678821 0.967004 -0.243327 0.0329841
1305032369.226184 -0.169858 0.145924 1.42351 0.0724377 0.966287 -0.244273 0.0370508
1305032369.262275 -0.174957 0.150285 1.42328 0.076418 0.965752 -0.2445 0.04127
1305032369.294549 -0.180283 0.154217 1.42204 0.0803444 0.965191 -0.245017 0.0437815
1305032369.325603 -0.183735 0.157922 1.42099 0.0856967 0.964185 -0.246935 0.045023
1305032369.361711 -0.186802 0.155858 1.42036 0.0923538 0.96311 -0.248193 0.0478532
1305032369.393865 -0.189009 0.152411 1.42071 0.0973475 0.960745 -0.254985 0.0497505
1305032369.425788 -0.19227 0.158542 1.41858 0.101878 0.958276 -0.261612 0.0537354
1305032369.461699 -0.191112 0.159258 1.41676 0.10227 0.958533 -0.259855 0.05684
1305032369.493663 -0.191157 0.160534 1.41792 0.105722 0.958377 -0.257931 0.0617104
1305032369.526387 -0.189791 0.163339 1.4158 0.109981 0.958232 -0.255488 0.0664886
1305032369.561511 -0.190151 0.164474 1.41596 0.10977 0.959222 -0.250586 0.0710612
1305032369.590662 -0.189677 0.167589 1.41676 0.109702 0.960812 -0.243303 0.0748953
1305032369.629343 -0.190246 0.166014 1.41791 0.107051 0.963621 -0.232294 0.077544
1305032369.661976 -0.189156 0.161378 1.42318 0.105382 0.965544 -0.225051 0.0772739
1305032369.694117 -0.189403 0.158084 1.42687 0.104173 0.967258 -0.218276 0.0769138
1305032369.730214 -0.190512 0.152197 1.43383 0.0980791 0.969403 -0.21189 0.0757719
1305032369.762462 -0.192347 0.147595 1.44424 0.0916307 0.971402 -0.206315 0.0735903
1305032369.794288 -0.194134 0.14385 1.45392 0.0861982 0.973384 -0.200817 0.0690422
1305032369.830464 -0.196953 0.143053 1.46595 0.0819945 0.975243 -0.195029 0.0643579
1305032369.862646 -0.199118 0.142506 1.47434 0.0778964 0.977257 -0.188246 0.0588541
1305032369.894378 -0.201327 0.142605 1.48366 0.0735675 0.979148 -0.182196 0.0515985
1305032369.930439 -0.20273 0.142781 1.49346 0.0707849 0.980697 -0.176583 0.0451859
1305032369.962123 -0.202962 0.143164 1.50039 0.0678977 0.982296 -0.170006 0.0397805
1305032369.994406 -0.202957 0.144136 1.50627 0.0658655 0.983798 -0.162838 0.0358771
1305032370.029452 -0.202392 0.143586 1.51227 0.0635551 0.984882 -0.157649 0.0333829
1305032370.062431 -0.201323 0.143128 1.52158 0.0599574 0.985863 -0.153222 0.0316641
1305032370.094141 -0.200723 0.144271 1.53133 0.0583615 0.987117 -0.145773 0.0307327
1305032370.131075 -0.199022 0.144688 1.53888 0.0551288 0.98873 -0.136101 0.0291596
1305032370.163765 -0.197588 0.146543 1.5476 0.0546398 0.989921 -0.127704 0.0276022
1305032370.191957 -0.195404 0.147666 1.55485 0.0544019 0.99098 -0.119835 0.0252808
1305032370.227691 -0.193236 0.148683 1.56345 0.0552825 0.991674 -0.114222 0.0219144
1305032370.260069 -0.191027 0.149786 1.57266 0.0558814 0.992361 -0.108299 0.0191668
1305032370.292473 -0.188734 0.15019 1.57997 0.0552282 0.993166 -0.101376 0.0171457
1305032370.330184 -0.187317 0.149974 1.5864 0.0537436 0.993742 -0.096417 0.0170758
1305032370.362216 -0.186602 0.150166 1.59357 0.0519555 0.994311 -0.0914029 0.0170586
1305032370.393732 -0.184948 0.149707 1.59812 0.0495564 0.994909 -0.0864048 0.0152982
1305032370.429519 -0.184859 0.149555 1.60351 0.0493739 0.995089 -0.0848422 0.0127453
1305032370.462719 -0.187084 0.149358 1.60956 0.0494342 0.995326 -0.0823373 0.0101718
1305032370.494226 -0.186034 0.150966 1.61382 0.0485571 0.995658 -0.0792014 0.00590686
1305032370.530396 -0.185654 0.151517 1.61862 0.0473417 0.995965 -0.0761683 0.00336053
1305032370.559254 -0.18588 0.153943 1.62358 0.0448517 0.99645 -0.0712248 0.00153988
1305032370.594716 -0.186416 0.157313 1.62689 0.0396716 0.99724 -0.0627538 -0.000223935
1305032370.630635 -0.18608 0.157167 1.62798 0.0360487 0.997914 -0.0535224 -0.00163722
1305032370.662528 -0.186387 0.157496 1.6304 0.0331982 0.998359 -0.0465071 -0.00375906
1305032370.694786 -0.187933 0.15805 1.63212 0.029295 0.998758 -0.0395416 -0.00784933
1305032370.730482 -0.188699 0.156602 1.63354 0.028803 0.99888 -0.0357324 -0.0115384
1305032370.762399 -0.190486 0.15402 1.6372 0.0281913 0.998962 -0.0328744 -0.0141512
1305032370.794226 -0.192885 0.152494 1.63993 0.0259799 0.999145 -0.0270931 -0.0173002
1305032370.830572 -0.194057 0.147166 1.63976 0.024371 0.999364 -0.0194452 -0.0172938
1305032370.862608 -0.195254 0.139048 1.64203 0.0222171 0.999575 -0.0136074 -0.0130531
1305032370.898515 -0.197004 0.132274 1.64577 0.0182061 0.999759 -0.00654301 -0.0103648
1305032370.930670 -0.199745 0.123278 1.6469 0.0149399 0.999837 0.00419526 -0.00923324
1305032370.962798 -0.202691 0.112025 1.64911 0.0121029 0.999782 0.0149882 -0.00800853
1305032370.998569 -0.206984 0.0999074 1.65151 0.00872934 0.999598 0.0261139 -0.00681827
1305032371.030841 -0.212805 0.0880736 1.65367 0.00714069 0.999121 0.0404526 -0.00830059
1305032371.063015 -0.220352 0.0742689 1.65408 0.00792882 0.998332 0.0563588 -0.00965888
1305032371.098694 -0.227562 0.0565621 1.65363 0.00507606 0.997463 0.0701531 -0.010929
1305032371.127227 -0.236039 0.036486 1.65447 -0.001547 0.996454 0.0831841 -0.0125385
1305032371.163393 -0.245327 0.0152403 1.65346 -0.00911482 0.99518 0.0962825 -0.0162469
1305032371.199223 -0.250975 -0.00820029 1.64883 -0.0186242 0.994168 0.104412 -0.0195417
1305032371.231580 -0.258949 -0.0369408 1.64718 -0.0319693 0.993415 0.108268 -0.0195809
1305032371.263109 -0.266547 -0.0623724 1.64498 -0.0439379 0.99259 0.111536 -0.0198405
1305032371.298947 -0.27366 -0.0876204 1.64115 -0.05422 0.991549 0.116107 -0.0202314
1305032371.331335 -0.279041 -0.115901 1.63615 -0.0656049 0.990336 0.120869 -0.0179212
1305032371.362306 -0.284245 -0.143154 1.63134 -0.0780012 0.988907 0.125698 -0.0133545
1305032371.399028 -0.291659 -0.168905 1.62809 -0.0893713 0.987149 0.132225 -0.00813877
1305032371.429259 -0.298031 -0.193041 1.62155 -0.100614 0.984815 0.141437 -0.00337307
1305032371.461631 -0.303457 -0.217689 1.61496 -0.112892 0.98183 0.152522 0.00118615
1305032371.500366 -0.30959 -0.240373 1.60745 -0.123233 0.978634 0.164475 0.00611551
1305032371.528780 -0.316534 -0.262472 1.59943 -0.134558 0.974867 0.177151 0.0121156
1305032371.563035 -0.322275 -0.283697 1.58915 -0.148739 0.970395 0.189429 0.0180879
1305032371.594845 -0.328331 -0.302263 1.57869 -0.16128 0.966066 0.200355 0.0237244
1305032371.627278 -0.334672 -0.320867 1.5668 -0.169801 0.962093 0.211346 0.0296336
1305032371.661699 -0.340995 -0.337598 1.55378 -0.175679 0.958614 0.221156 0.0358754
1305032371.698085 -0.346508 -0.354035 1.54022 -0.185525 0.954491 0.229454 0.0433482
1305032371.726894 -0.355463 -0.369975 1.52913 -0.196458 0.950171 0.236931 0.0494189
1305032371.763078 -0.364881 -0.381832 1.51325 -0.203029 0.945828 0.247704 0.0532166
1305032371.798775 -0.37108 -0.396063 1.49351 -0.207393 0.942164 0.257133 0.0565431
1305032371.830728 -0.380695 -0.407762 1.47556 -0.207627 0.940155 0.262982 0.0619692
1305032371.862988 -0.387382 -0.419472 1.45412 -0.209451 0.938214 0.266301 0.0704895
1305032371.898658 -0.395988 -0.433962 1.43743 -0.212816 0.93606 0.267843 0.0822293
1305032371.930961 -0.403909 -0.447787 1.41866 -0.220546 0.932415 0.270576 0.093549
1305032371.960332 -0.408916 -0.461591 1.39798 -0.232328 0.928002 0.27196 0.104276
1305032371.999011 -0.412248 -0.474967 1.378 -0.243607 0.924076 0.271344 0.114508
1305032372.030867 -0.414438 -0.489261 1.35713 -0.253127 0.920675 0.269981 0.124078
1305032372.058918 -0.41674 -0.506501 1.33742 -0.26347 0.917261 0.267152 0.133585
1305032372.098264 -0.419382 -0.520771 1.32114 -0.273701 0.913669 0.265939 0.1399
1305032372.127609 -0.413031 -0.528181 1.29904 -0.284208 0.909801 0.265574 0.14477
1305032372.166169 -0.407143 -0.542123 1.27917 -0.293708 0.906534 0.260276 0.155527
1305032372.198119 -0.402192 -0.55368 1.26369 -0.302431 0.903438 0.25344 0.167643
1305032372.230071 -0.39356 -0.563286 1.24634 -0.312649 0.899134 0.2478 0.18001
1305032372.266126 -0.384809 -0.573763 1.23114 -0.321892 0.894879 0.241794 0.192645
1305032372.297790 -0.378421 -0.582735 1.21737 -0.329375 0.890503 0.23745 0.205269
1305032372.329039 -0.368959 -0.59232 1.20456 -0.340357 0.884683 0.234387 0.215766
1305032372.366292 -0.361859 -0.602431 1.19294 -0.35157 0.879284 0.231536 0.222822
1305032372.398337 -0.351705 -0.608117 1.18219 -0.362181 0.874723 0.229854 0.225504
1305032372.430932 -0.341206 -0.614282 1.17333 -0.37043 0.870467 0.229456 0.228951
1305032372.466079 -0.332262 -0.62178 1.16549 -0.378254 0.865422 0.231825 0.232864
1305032372.498135 -0.318561 -0.625736 1.15595 -0.387932 0.859601 0.235416 0.234889
1305032372.530492 -0.300413 -0.632477 1.14661 -0.396851 0.854729 0.235066 0.238101
1305032372.570271 -0.289266 -0.640711 1.14079 -0.400891 0.85176 0.233326 0.243619
1305032372.597861 -0.27675 -0.647664 1.13388 -0.405441 0.847744 0.236406 0.247101
1305032372.629218 -0.260767 -0.653992 1.12518 -0.410928 0.843971 0.238895 0.248558
1305032372.664108 -0.247607 -0.660166 1.11869 -0.41434 0.841828 0.238988 0.250063
1305032372.698696 -0.236891 -0.66399 1.11272 -0.416822 0.839329 0.239656 0.253674
1305032372.728994 -0.223954 -0.668671 1.10652 -0.420264 0.835481 0.240616 0.259718
1305032372.766505 -0.208687 -0.673919 1.10012 -0.423844 0.831692 0.240267 0.266304
1305032372.797997 -0.192568 -0.679137 1.09301 -0.424706 0.829583 0.238149 0.273317
1305032372.831463 -0.177898 -0.684482 1.08537 -0.422076 0.829801 0.232341 0.2816
1305032372.866969 -0.168472 -0.692653 1.08023 -0.415826 0.831493 0.225612 0.291218
1305032372.898841 -0.158339 -0.695605 1.07457 -0.410801 0.832177 0.22095 0.299843
1305032372.930454 -0.150053 -0.698079 1.06891 -0.405526 0.832709 0.216181 0.308885
1305032372.966691 -0.142017 -0.695819 1.0663 -0.400076 0.833107 0.211774 0.317842
1305032372.998926 -0.134972 -0.691274 1.06145 -0.396444 0.83067 0.211524 0.32875
1305032373.030611 -0.126723 -0.690964 1.05543 -0.398134 0.824199 0.212079 0.342355
1305032373.066897 -0.120788 -0.688468 1.05066 -0.400138 0.818164 0.213341 0.353529
1305032373.099775 -0.1164 -0.681782 1.04647 -0.400134 0.813133 0.220103 0.360918
1305032373.127898 -0.109888 -0.675457 1.0407 -0.400592 0.806782 0.230936 0.367828
1305032373.166377 -0.103054 -0.670384 1.03467 -0.402294 0.798899 0.242312 0.375773
1305032373.198404 -0.0961912 -0.666195 1.02832 -0.408328 0.789178 0.251222 0.383867
1305032373.230484 -0.091736 -0.661151 1.02286 -0.413781 0.780994 0.258382 0.389965
1305032373.266752 -0.0848272 -0.656573 1.01872 -0.418216 0.773626 0.266147 0.394669
1305032373.298845 -0.0773044 -0.651457 1.01469 -0.421995 0.766092 0.273737 0.400114
1305032373.331228 -0.0683417 -0.647697 1.01032 -0.423028 0.759889 0.280168 0.406352
1305032373.366882 -0.0628861 -0.645897 1.00699 -0.420299 0.755766 0.285926 0.412811
1305032373.399055 -0.0563071 -0.644825 1.00221 -0.418759 0.751068 0.293178 0.417833
1305032373.434622 -0.0484946 -0.644822 0.996815 -0.420162 0.745514 0.296215 0.424181
1305032373.465659 -0.0442675 -0.644277 0.994518 -0.419548 0.742315 0.298099 0.429052
1305032373.498970 -0.0392441 -0.643834 0.991429 -0.41533 0.74049 0.304338 0.431919
1305032373.534678 -0.0357198 -0.643012 0.987406 -0.41165 0.73775 0.31007 0.436034
1305032373.566786 -0.0328692 -0.642319 0.98247 -0.409998 0.734805 0.314957 0.439051
1305032373.598786 -0.0309515 -0.641522 0.976579 -0.409721 0.732149 0.319372 0.440555
1305032373.635967 -0.0282844 -0.640142 0.968491 -0.412478 0.729362 0.321593 0.440988
1305032373.663912 -0.0238224 -0.640704 0.960813 -0.414951 0.729757 0.3204 0.438879
1305032373.697914 -0.0233955 -0.641876 0.957529 -0.415111 0.732979 0.315436 0.436949
1305032373.734507 -0.0221152 -0.64279 0.9558 -0.414957 0.735236 0.312172 0.435645
1305032373.766443 -0.0207268 -0.643222 0.957244 -0.41044 0.738761 0.307123 0.437546
1305032373.795838 -0.0283435 -0.643668 0.961055 -0.402767 0.741499 0.304432 0.441905
1305032373.834934 -0.0363434 -0.641263 0.959786 -0.402159 0.738837 0.307103 0.445056
1305032373.867293 -0.0391984 -0.644144 0.956923 -0.404365 0.73691 0.305926 0.447059
1305032373.899270 -0.0484981 -0.647455 0.957034 -0.404572 0.739801 0.29827 0.447271
1305032373.935073 -0.0583991 -0.650041 0.959106 -0.40497 0.743136 0.292471 0.445207
1305032373.967085 -0.06608 -0.652844 0.962611 -0.405717 0.745053 0.286442 0.445243
1305032373.999199 -0.0778548 -0.654593 0.966569 -0.405085 0.747408 0.278213 0.447084
1305032374.031187 -0.0935233 -0.654578 0.969285 -0.404636 0.749971 0.270737 0.447789
1305032374.066725 -0.107886 -0.654662 0.970078 -0.409966 0.751357 0.25968 0.447165
1305032374.098933 -0.11915 -0.656756 0.978206 -0.415754 0.75393 0.245895 0.445279
1305032374.134653 -0.13482 -0.655987 0.985241 -0.417298 0.755462 0.233575 0.447864
1305032374.165256 -0.152339 -0.65179 0.991347 -0.412984 0.759418 0.223722 0.450198
1305032374.198931 -0.170258 -0.648797 0.999479 -0.406342 0.762996 0.216027 0.453934
1305032374.234571 -0.190585 -0.643119 1.00433 -0.399264 0.763365 0.208558 0.462996
1305032374.266232 -0.211343 -0.637945 1.0084 -0.392444 0.763136 0.200852 0.472514
1305032374.295091 -0.235749 -0.628199 1.01344 -0.384263 0.76278 0.195896 0.481802
1305032374.334758 -0.255024 -0.620609 1.01358 -0.378456 0.760808 0.191213 0.491305
1305032374.364907 -0.275957 -0.613309 1.01553 -0.373185 0.759187 0.180347 0.50184
1305032374.399126 -0.300039 -0.603664 1.01785 -0.367114 0.756567 0.164794 0.515439
1305032374.434942 -0.331496 -0.588507 1.01995 -0.35991 0.754328 0.1502 0.528104
1305032374.465697 -0.356935 -0.578603 1.01742 -0.35327 0.752831 0.141997 0.536919
1305032374.498778 -0.38417 -0.566776 1.01779 -0.341149 0.753837 0.132287 0.545754
1305032374.534408 -0.420669 -0.548696 1.01761 -0.328186 0.753641 0.125117 0.555576
1305032374.565648 -0.450625 -0.531539 1.01124 -0.319833 0.753575 0.124359 0.560684
1305032374.605154 -0.479487 -0.516789 1.00357 -0.312178 0.756977 0.124186 0.560454
1305032374.634454 -0.503545 -0.504296 0.999421 -0.306219 0.760893 0.122081 0.558898
1305032374.666026 -0.528149 -0.490362 0.995972 -0.29645 0.764615 0.115802 0.560421
1305032374.699355 -0.556756 -0.472875 0.990375 -0.283308 0.768713 0.108968 0.562976
1305032374.733811 -0.581389 -0.455734 0.984435 -0.27152 0.773596 0.106251 0.562615
1305032374.764278 -0.603133 -0.441489 0.979123 -0.259114 0.778433 0.100868 0.562786
1305032374.799002 -0.62796 -0.422088 0.973409 -0.24809 0.783035 0.0916031 0.562954
1305032374.833082 -0.64895 -0.403624 0.96909 -0.240971 0.787047 0.0865433 0.561249
1305032374.865385 -0.667659 -0.385976 0.964954 -0.233716 0.79013 0.0827509 0.560557
1305032374.902777 -0.686825 -0.366957 0.960047 -0.22724 0.793324 0.0819156 0.558829
1305032374.934055 -0.702431 -0.349842 0.954627 -0.221292 0.797138 0.0825764 0.555682
1305032374.963033 -0.717957 -0.330161 0.952417 -0.210172 0.801869 0.0836765 0.553021
1305032375.002817 -0.733274 -0.309518 0.948405 -0.198568 0.806249 0.0920769 0.549595
1305032375.033887 -0.743072 -0.294249 0.94511 -0.187483 0.811239 0.101622 0.544439
1305032375.063190 -0.753571 -0.275348 0.942733 -0.176172 0.816488 0.107077 0.539302
1305032375.102173 -0.763744 -0.256628 0.940208 -0.167899 0.82139 0.113176 0.533217
1305032375.133604 -0.768765 -0.242687 0.940067 -0.161771 0.825524 0.116268 0.528036
1305032375.165423 -0.773764 -0.229506 0.94004 -0.157822 0.8294 0.109681 0.524555
1305032375.200434 -0.781833 -0.21414 0.94055 -0.155164 0.833721 0.0978061 0.520833
1305032375.233840 -0.78797 -0.197757 0.942089 -0.15344 0.836768 0.0890775 0.518016
1305032375.266195 -0.792956 -0.182492 0.942363 -0.150326 0.839324 0.0807225 0.51616
1305032375.301769 -0.79803 -0.165962 0.944049 -0.146056 0.840435 0.0746218 0.516496
1305032375.333732 -0.801621 -0.151956 0.945001 -0.143385 0.839983 0.0702261 0.518591
1305032375.365885 -0.803712 -0.140676 0.946437 -0.14106 0.839599 0.0637542 0.520683
1305032375.402005 -0.804084 -0.129457 0.948843 -0.13562 0.837646 0.0538854 0.526358
1305032375.434228 -0.806279 -0.119036 0.95182 -0.130269 0.833876 0.0391751 0.534927
1305032375.465844 -0.8089 -0.109078 0.953383 -0.127651 0.829777 0.028542 0.54255
1305032375.499846 -0.808545 -0.101176 0.954381 -0.124723 0.825895 0.0181131 0.549558
1305032375.532923 -0.80952 -0.0942358 0.955832 -0.118575 0.822633 0.00472108 0.556051
1305032375.564754 -0.811209 -0.0861685 0.955334 -0.111194 0.819188 -0.00284116 0.562636
1305032375.601530 -0.811745 -0.0775869 0.954993 -0.105354 0.816389 -0.00854491 0.567746
1305032375.633994 -0.813482 -0.0687157 0.953062 -0.102595 0.814577 -0.0134447 0.570752
1305032375.665634 -0.814834 -0.0597038 0.950311 -0.0974799 0.813673 -0.019689 0.572754
1305032375.701032 -0.818185 -0.0492513 0.946422 -0.0894713 0.813747 -0.0246514 0.573762
1305032375.733424 -0.821131 -0.0391822 0.943059 -0.0836666 0.814571 -0.0265432 0.573384
1305032375.765813 -0.823287 -0.0280904 0.938267 -0.0810672 0.814258 -0.0295147 0.574057
1305032375.801369 -0.82568 -0.0162797 0.933663 -0.0778564 0.813705 -0.0335119 0.575065
1305032375.833207 -0.829079 -0.0053438 0.928491 -0.0738509 0.813179 -0.0366089 0.576148
1305032375.871496 -0.831882 0.00465834 0.923213 -0.0695437 0.812873 -0.0397665 0.576906
1305032375.901646 -0.834539 0.0152478 0.919738 -0.0617055 0.811822 -0.0466148 0.578761
1305032375.933407 -0.839852 0.0259158 0.916207 -0.0482264 0.809514 -0.0528519 0.582724
1305032375.970923 -0.845143 0.0378877 0.911975 -0.0381745 0.807333 -0.0522574 0.586536
1305032375.998893 -0.848562 0.0462196 0.90781 -0.0309726 0.805007 -0.0512215 0.590238
1305032376.032870 -0.855521 0.0560511 0.903809 -0.018032 0.802769 -0.0500063 0.593916
1305032376.071463 -0.86315 0.0677901 0.89753 -0.00587995 0.802281 -0.0457011 0.595166
1305032376.102191 -0.868879 0.0792722 0.8925 -1.90651e-05 0.803634 -0.041776 0.593656
1305032376.133788 -0.872667 0.0870088 0.888472 0.00660923 0.804155 -0.0398565 0.593046
1305032376.169914 -0.880338 0.0969518 0.883908 0.0146869 0.804816 -0.0377258 0.592142
1305032376.199876 -0.886287 0.108996 0.880156 0.019193 0.8072 -0.0355013 0.588897
1305032376.230465 -0.889342 0.116789 0.877126 0.0248633 0.809429 -0.0335485 0.585731
1305032376.273911 -0.895174 0.126473 0.874559 0.0335829 0.810629 -0.0294023 0.583856
1305032376.301938 -0.898156 0.138358 0.871786 0.0341766 0.812368 -0.0260802 0.581559
1305032376.333881 -0.899454 0.146392 0.869451 0.0364761 0.813064 -0.0243418 0.58052
1305032376.373272 -0.901582 0.155743 0.867546 0.0423441 0.812843 -0.0211206 0.580558
1305032376.401634 -0.901745 0.163246 0.865989 0.0451836 0.813213 -0.0224825 0.579774
1305032376.433772 -0.901129 0.170331 0.865504 0.0522535 0.813494 -0.0243177 0.578711
1305032376.470927 -0.901361 0.177639 0.864732 0.0615231 0.813568 -0.0287065 0.577492
1305032376.502274 -0.901853 0.183333 0.863545 0.073199 0.81454 -0.0343265 0.574446
1305032376.534012 -0.901997 0.188156 0.863518 0.0861826 0.815172 -0.0408908 0.571309
1305032376.570435 -0.901973 0.194344 0.864698 0.0972043 0.814435 -0.0478198 0.570053
1305032376.602018 -0.901015 0.200844 0.866446 0.103327 0.813902 -0.0545646 0.569131
1305032376.633878 -0.899724 0.206177 0.868104 0.11062 0.812974 -0.0610229 0.56843
1305032376.670038 -0.898501 0.213588 0.870668 0.11904 0.811156 -0.064868 0.5689
1305032376.702106 -0.896653 0.221042 0.872075 0.121952 0.80934 -0.0675964 0.57055
1305032376.734286 -0.89375 0.22966 0.873086 0.12584 0.807211 -0.0703484 0.572385
1305032376.770230 -0.89138 0.237203 0.875351 0.129989 0.804375 -0.0726317 0.575159
1305032376.802346 -0.888503 0.246402 0.87617 0.131322 0.802698 -0.0758246 0.576785
1305032376.833992 -0.885352 0.252678 0.87625 0.133197 0.80145 -0.0787519 0.577698
1305032376.870589 -0.882379 0.260147 0.877262 0.138369 0.79954 -0.0812208 0.578785
1305032376.901913 -0.879292 0.267478 0.877284 0.140924 0.798606 -0.0832153 0.579175
1305032376.933692 -0.874275 0.273822 0.876411 0.142246 0.798175 -0.0847374 0.579225
1305032376.970386 -0.871443 0.277483 0.876775 0.145171 0.796626 -0.0879513 0.580152
1305032376.999115 -0.868184 0.281069 0.875681 0.148446 0.795863 -0.0921684 0.579717
1305032377.033983 -0.865236 0.284914 0.874764 0.151114 0.795218 -0.0953755 0.579393
1305032377.070323 -0.861727 0.29014 0.874102 0.155477 0.793092 -0.0975767 0.580784
1305032377.102669 -0.858996 0.294545 0.873617 0.15911 0.790901 -0.100416 0.582302
1305032377.138244 -0.855415 0.300241 0.871908 0.16061 0.789949 -0.100208 0.583218
1305032377.170226 -0.852082 0.305005 0.871234 0.161552 0.788877 -0.0992111 0.584578
1305032377.201999 -0.85038 0.308479 0.87091 0.161743 0.788237 -0.0971155 0.585739
1305032377.240571 -0.847436 0.310656 0.86994 0.160086 0.788714 -0.0957109 0.585783
1305032377.270905 -0.845688 0.309296 0.870266 0.163002 0.78773 -0.0939285 0.586591
1305032377.301796 -0.844877 0.307012 0.870564 0.163866 0.786326 -0.0923564 0.58848
1305032377.340942 -0.842857 0.304567 0.870769 0.159627 0.786497 -0.0898908 0.589798
1305032377.370316 -0.840298 0.300578 0.870662 0.156273 0.78555 -0.0882324 0.592204
1305032377.401804 -0.840433 0.293946 0.87173 0.154592 0.784404 -0.0871016 0.594328
1305032377.439875 -0.839481 0.287223 0.872492 0.147017 0.785125 -0.0864114 0.595397
1305032377.472533 -0.83945 0.277621 0.871681 0.141135 0.784808 -0.0856677 0.597342
1305032377.501559 -0.841707 0.26091 0.87228 0.136778 0.784213 -0.083125 0.599493
1305032377.537201 -0.843104 0.249185 0.871643 0.129439 0.785213 -0.0817779 0.599998
1305032377.569572 -0.843326 0.235785 0.870547 0.121831 0.785492 -0.080003 0.601464
1305032377.602349 -0.845332 0.218826 0.870482 0.114406 0.784536 -0.0779112 0.604438
1305032377.640524 -0.847687 0.20356 0.868528 0.10574 0.785082 -0.0758491 0.605568
1305032377.669877 -0.84916 0.188058 0.865142 0.0957953 0.785867 -0.0731558 0.606535
1305032377.701705 -0.850091 0.169716 0.862165 0.0861835 0.785331 -0.0711371 0.608907
1305032377.737307 -0.852023 0.153751 0.858108 0.0742702 0.785463 -0.0707283 0.610352
1305032377.769318 -0.851685 0.13682 0.852224 0.0621564 0.786189 -0.0699576 0.61086
1305032377.801678 -0.852552 0.118687 0.847813 0.0518368 0.785715 -0.0704499 0.612374
1305032377.837451 -0.854203 0.100619 0.841698 0.0416272 0.785563 -0.0683603 0.613584
1305032377.869348 -0.853262 0.0835523 0.835802 0.0287216 0.786166 -0.0662887 0.613778
1305032377.901238 -0.851776 0.0651959 0.8298 0.0160897 0.785431 -0.0639054 0.615431
1305032377.940265 -0.85155 0.0465226 0.824398 0.00347699 0.784253 -0.0604397 0.617481
1305032377.969308 -0.850559 0.0277645 0.817076 -0.0102943 0.783207 -0.0560188 0.619146
1305032378.001243 -0.847033 0.00873116 0.811715 -0.0246507 0.78186 -0.0531847 0.620692
1305032378.040183 -0.844996 -0.0104315 0.806236 -0.0395807 0.779579 -0.0520412 0.622881
1305032378.068725 -0.844588 -0.0287223 0.798716 -0.0535123 0.777553 -0.0475676 0.624728
1305032378.101420 -0.841179 -0.0455785 0.792485 -0.0665991 0.776478 -0.0436239 0.625094
1305032378.139924 -0.836461 -0.0631029 0.786737 -0.0749564 0.775203 -0.0423318 0.625819
1305032378.169193 -0.833181 -0.0804618 0.781352 -0.0815848 0.772411 -0.0387319 0.62867
1305032378.202266 -0.827921 -0.0968898 0.775396 -0.0925536 0.768465 -0.0361898 0.632127
1305032378.237421 -0.823289 -0.112624 0.769302 -0.104143 0.76421 -0.033345 0.63563
1305032378.269616 -0.817024 -0.128583 0.764146 -0.117067 0.758372 -0.0277655 0.640622
1305032378.306182 -0.810648 -0.143621 0.760066 -0.128737 0.750642 -0.0242324 0.647593
1305032378.340777 -0.805958 -0.159675 0.753023 -0.141015 0.74082 -0.0211349 0.656394
1305032378.367690 -0.803529 -0.174552 0.7445 -0.158888 0.731498 -0.016482 0.662868
1305032378.406284 -0.798107 -0.190057 0.735784 -0.176672 0.722921 -0.00578767 0.667936
1305032378.438513 -0.791053 -0.206761 0.72814 -0.190769 0.714713 0.00513 0.672879
1305032378.470434 -0.785462 -0.22492 0.720811 -0.206181 0.706113 0.0131202 0.67729
1305032378.504807 -0.77856 -0.24406 0.714492 -0.223859 0.697788 0.0184946 0.680174
1305032378.539167 -0.771147 -0.264351 0.710941 -0.240202 0.68816 0.0172763 0.684427
1305032378.570470 -0.765423 -0.286156 0.706645 -0.25741 0.677271 0.0145716 0.68908
1305032378.607040 -0.759288 -0.307371 0.701912 -0.275418 0.667777 0.0155913 0.691357
1305032378.640593 -0.752743 -0.327935 0.698065 -0.292609 0.65901 0.0200951 0.692591
1305032378.674045 -0.744834 -0.35004 0.695067 -0.311531 0.651655 0.0259592 0.691101
1305032378.708133 -0.73281 -0.372858 0.696268 -0.327459 0.64665 0.0287468 0.688323
1305032378.741855 -0.72239 -0.394087 0.697514 -0.334086 0.643185 0.0301879 0.688323
1305032378.774289 -0.712494 -0.412977 0.699589 -0.336731 0.640892 0.0345388 0.688968
1305032378.811244 -0.699551 -0.432246 0.702835 -0.337377 0.638617 0.0373509 0.690615
1305032378.840101 -0.691578 -0.448224 0.705291 -0.335976 0.636463 0.0376085 0.693268
1305032378.871857 -0.682103 -0.460583 0.708791 -0.337295 0.633166 0.0385328 0.695592
1305032378.907789 -0.671039 -0.47319 0.715815 -0.340656 0.625981 0.0342911 0.700661
1305032378.938846 -0.662971 -0.482449 0.720023 -0.345913 0.613793 0.0237434 0.709252
1305032378.971348 -0.654207 -0.491291 0.72242 -0.356251 0.599447 0.0096862 0.716697
1305032379.007038 -0.644865 -0.500565 0.723532 -0.367978 0.584965 -0.00614251 0.722752
1305032379.038668 -0.638073 -0.506671 0.721687 -0.377988 0.573987 -0.0172602 0.726199
1305032379.071271 -0.626188 -0.512829 0.721477 -0.388739 0.567314 -0.0168566 0.725777
1305032379.106727 -0.61314 -0.521476 0.72255 -0.393539 0.563801 -0.0114904 0.726032
1305032379.138937 -0.60104 -0.530242 0.720812 -0.393623 0.563023 -0.000522244 0.726682
1305032379.170930 -0.58965 -0.539509 0.718292 -0.393663 0.564484 0.0136867 0.725397
1305032379.206680 -0.576042 -0.551255 0.717551 -0.39685 0.566526 0.0273713 0.721671
1305032379.238614 -0.560431 -0.564562 0.720199 -0.398325 0.567642 0.0352371 0.719638
1305032379.271270 -0.549122 -0.577451 0.722492 -0.396134 0.568384 0.0393904 0.720046
1305032379.310742 -0.536381 -0.589832 0.727295 -0.394738 0.566853 0.0413494 0.721907
1305032379.342450 -0.523956 -0.603304 0.732474 -0.394365 0.559724 0.0350891 0.727979
1305032379.373747 -0.511955 -0.615152 0.736309 -0.39609 0.550792 0.0218334 0.734346
1305032379.406812 -0.504145 -0.624234 0.738732 -0.399726 0.543862 0.00743537 0.73782
1305032379.440732 -0.495856 -0.630938 0.743081 -0.406352 0.537882 -0.00272595 0.738616
1305032379.472994 -0.486242 -0.638216 0.749683 -0.413294 0.531658 -0.0119877 0.739178
1305032379.507528 -0.476293 -0.645565 0.760026 -0.417307 0.524174 -0.0236068 0.741983
1305032379.539852 -0.469702 -0.64666 0.771766 -0.415435 0.512633 -0.037472 0.750478
1305032379.575545 -0.464447 -0.652196 0.776858 -0.411616 0.498985 -0.046813 0.76118
1305032379.607089 -0.460387 -0.655743 0.780486 -0.407113 0.490731 -0.0494372 0.768764
1305032379.641416 -0.45622 -0.659229 0.780312 -0.404987 0.484068 -0.049171 0.774109
1305032379.676703 -0.45504 -0.663139 0.774272 -0.402741 0.479677 -0.0517095 0.77784
1305032379.707878 -0.455421 -0.664855 0.767558 -0.40465 0.476051 -0.0568707 0.778717
1305032379.738599 -0.456476 -0.668186 0.759586 -0.40875 0.471019 -0.067545 0.778782
1305032379.775239 -0.460752 -0.672703 0.744721 -0.412161 0.468971 -0.0765862 0.777383
1305032379.807815 -0.463953 -0.67292 0.731305 -0.418526 0.472203 -0.0781702 0.771848
1305032379.839500 -0.467351 -0.672579 0.720185 -0.425131 0.476154 -0.075661 0.766039
1305032379.875565 -0.468644 -0.67256 0.710613 -0.431501 0.478296 -0.07289 0.761398
1305032379.903833 -0.47003 -0.673547 0.699067 -0.436174 0.479851 -0.0694826 0.758068
1305032379.940009 -0.470502 -0.675493 0.689532 -0.441362 0.481409 -0.0666127 0.754326
1305032379.976659 -0.471069 -0.676709 0.680348 -0.445052 0.483549 -0.0668311 0.750761
1305032380.007756 -0.474853 -0.674725 0.669064 -0.447207 0.487966 -0.066302 0.746659
1305032380.040494 -0.477355 -0.671075 0.662366 -0.450566 0.490982 -0.065323 0.742738
1305032380.076762 -0.480022 -0.667303 0.65657 -0.452399 0.492485 -0.0651406 0.740642
1305032380.107291 -0.482921 -0.661282 0.650775 -0.453036 0.49222 -0.0642171 0.74051
1305032380.140050 -0.486004 -0.65571 0.647414 -0.453602 0.489155 -0.0639992 0.742211
1305032380.176572 -0.488382 -0.651587 0.646412 -0.452951 0.483622 -0.0662914 0.746023
1305032380.207110 -0.491119 -0.646326 0.643465 -0.449128 0.476529 -0.0722718 0.752317
1305032380.239460 -0.493896 -0.640671 0.638745 -0.444372 0.471506 -0.0770504 0.757812
1305032380.276664 -0.497001 -0.633811 0.634561 -0.437525 0.469365 -0.0786551 0.762943
1305032380.307734 -0.501271 -0.625868 0.627724 -0.428011 0.468934 -0.0726068 0.769179
1305032380.339866 -0.504534 -0.616635 0.61987 -0.41928 0.469513 -0.0591994 0.774763
1305032380.375602 -0.504738 -0.605843 0.617014 -0.409248 0.470904 -0.0466224 0.780123
1305032380.407488 -0.50706 -0.591089 0.615511 -0.393587 0.471598 -0.0374644 0.788214
1305032380.439180 -0.511054 -0.575077 0.608191 -0.377582 0.469273 -0.0272988 0.797791
1305032380.473087 -0.511594 -0.56501 0.603541 -0.364425 0.46472 -0.0217246 0.806696
1305032380.507283 -0.515111 -0.55176 0.596179 -0.343971 0.461263 -0.0240331 0.817522
1305032380.539774 -0.523123 -0.530499 0.578183 -0.331453 0.459601 -0.0222475 0.823657
1305032380.576395 -0.523355 -0.514457 0.569203 -0.332766 0.460012 -0.019754 0.822962
1305032380.609316 -0.5224 -0.499192 0.561761 -0.330391 0.463536 -0.0229064 0.821859
1305032380.639507 -0.524921 -0.478139 0.549039 -0.326687 0.46798 -0.0279677 0.820663
1305032380.675545 -0.521641 -0.461781 0.549024 -0.323389 0.470378 -0.0360782 0.820282
1305032380.707658 -0.523572 -0.44178 0.540839 -0.310122 0.469726 -0.0476612 0.825173
1305032380.739529 -0.523076 -0.421587 0.533841 -0.29817 0.468487 -0.0585554 0.82957
1305032380.776434 -0.524056 -0.401241 0.5251 -0.280185 0.466794 -0.0652829 0.836264
1305032380.803780 -0.525142 -0.375104 0.506389 -0.269289 0.464993 -0.0640601 0.840928
1305032380.843621 -0.521217 -0.359174 0.499565 -0.268171 0.467113 -0.0605024 0.840374
1305032380.876451 -0.520358 -0.343969 0.491681 -0.256804 0.46881 -0.0602251 0.842996
1305032380.906774 -0.522489 -0.327998 0.476401 -0.244117 0.469789 -0.0597895 0.846245
1305032380.944580 -0.521807 -0.315632 0.462655 -0.234452 0.474554 -0.0577632 0.84646
1305032380.976235 -0.523839 -0.300502 0.448555 -0.219604 0.483857 -0.0547415 0.845376
1305032381.010534 -0.527049 -0.284792 0.43287 -0.208004 0.493138 -0.0539012 0.842997
1305032381.043413 -0.529893 -0.269947 0.418423 -0.198153 0.502736 -0.0511377 0.839867
1305032381.075126 -0.53587 -0.254584 0.406247 -0.18839 0.51204 -0.0442071 0.836881
1305032381.107139 -0.541369 -0.238312 0.395489 -0.17941 0.519977 -0.03539 0.834376
1305032381.143098 -0.547182 -0.221818 0.384841 -0.171747 0.528916 -0.0219258 0.830825
1305032381.175951 -0.553796 -0.20802 0.377794 -0.16446 0.538952 -0.00595407 0.826104
1305032381.206840 -0.562467 -0.192132 0.370992 -0.15647 0.547716 0.0120418 0.821814
1305032381.244183 -0.571253 -0.179378 0.368044 -0.153306 0.552377 0.0259651 0.818965
1305032381.275997 -0.579258 -0.171246 0.364831 -0.151793 0.555987 0.0322909 0.816575
1305032381.309728 -0.589929 -0.162499 0.36103 -0.143992 0.561457 0.0384253 0.813976
1305032381.341217 -0.601961 -0.155672 0.356811 -0.13371 0.565956 0.0468569 0.81217
1305032381.373199 -0.612709 -0.14959 0.350257 -0.126435 0.570266 0.0549391 0.80981
1305032381.408681 -0.623846 -0.146123 0.341043 -0.122988 0.576463 0.0593592 0.805631
1305032381.444067 -0.634022 -0.143468 0.331571 -0.119808 0.585145 0.065112 0.799382
1305032381.474756 -0.643674 -0.144492 0.321124 -0.114219 0.596092 0.0694763 0.791708
1305032381.508685 -0.653932 -0.145776 0.310866 -0.106591 0.610508 0.072112 0.781484
1305032381.545353 -0.663399 -0.146395 0.304056 -0.100516 0.623623 0.0722253 0.771864
1305032381.576827 -0.672848 -0.150491 0.299024 -0.0924808 0.63345 0.0681626 0.765208
1305032381.608397 -0.683331 -0.15339 0.292235 -0.0828638 0.643127 0.0656991 0.758423
1305032381.644906 -0.691922 -0.155164 0.290171 -0.0741863 0.652169 0.0670598 0.751448
1305032381.675936 -0.699996 -0.159994 0.286277 -0.0637611 0.659828 0.064986 0.745881
1305032381.707240 -0.707855 -0.162894 0.284497 -0.0521349 0.665757 0.0601288 0.741912
1305032381.744570 -0.715627 -0.164014 0.280516 -0.0410249 0.666783 0.0554991 0.742049
1305032381.776694 -0.720461 -0.165204 0.275223 -0.0333938 0.666808 0.0520802 0.742657
1305032381.810015 -0.721134 -0.172641 0.269141 -0.0243303 0.665334 0.0497641 0.744488
1305032381.843860 -0.722491 -0.179166 0.262271 -0.0085992 0.664158 0.0472861 0.746046
1305032381.876540 -0.723672 -0.183734 0.252953 0.00595624 0.663233 0.0488831 0.746791
1305032381.907470 -0.722437 -0.191065 0.242514 0.0183801 0.664648 0.0480013 0.745387
1305032381.943636 -0.722219 -0.200922 0.236313 0.0324011 0.668147 0.0409421 0.742195
1305032381.975700 -0.722661 -0.20564 0.227888 0.0468647 0.669465 0.0320453 0.740671
1305032382.007016 -0.725067 -0.206048 0.217692 0.0588768 0.672598 0.0263816 0.73719
1305032382.043778 -0.726688 -0.209731 0.208139 0.0700247 0.676133 0.0233262 0.733073
1305032382.076551 -0.727743 -0.211941 0.199017 0.0815884 0.6793 0.0221726 0.728974
1305032382.112595 -0.728238 -0.212329 0.189628 0.0923903 0.681161 0.022484 0.725933
1305032382.142801 -0.729759 -0.208061 0.180109 0.098951 0.683159 0.0226629 0.723179
1305032382.175194 -0.729522 -0.203248 0.172076 0.100888 0.684721 0.0257372 0.72133
1305032382.212343 -0.727406 -0.203256 0.162911 0.0976306 0.684664 0.0328109 0.721545
1305032382.244823 -0.72451 -0.205527 0.152123 0.0905937 0.68414 0.0381084 0.722698
1305032382.275045 -0.717653 -0.20494 0.141979 0.0795501 0.68211 0.0440955 0.725571
1305032382.311569 -0.707619 -0.210314 0.135242 0.0648127 0.678211 0.0490212 0.73036
1305032382.343035 -0.695112 -0.2157 0.128835 0.0489798 0.671792 0.0526522 0.737241
1305032382.375765 -0.681919 -0.218416 0.122476 0.0298432 0.663778 0.0555193 0.745269
1305032382.411673 -0.665893 -0.225663 0.117876 0.0111021 0.654035 0.0609182 0.753926
1305032382.445108 -0.647707 -0.227319 0.114439 -0.008746 0.642157 0.0674027 0.763554
1305032382.476983 -0.625887 -0.234035 0.109952 -0.0287634 0.629253 0.0751756 0.773021
1305032382.512630 -0.60267 -0.239392 0.107507 -0.0504176 0.61461 0.0787977 0.783265
1305032382.545000 -0.578478 -0.246104 0.104377 -0.0746646 0.59757 0.0840896 0.793892
1305032382.577082 -0.551434 -0.258647 0.102619 -0.0926265 0.582161 0.0836145 0.803441
1305032382.614372 -0.525323 -0.267713 0.103107 -0.110627 0.567228 0.0814422 0.812023
1305032382.644837 -0.496956 -0.278584 0.105922 -0.131662 0.549312 0.0863425 0.82065
1305032382.675979 -0.467969 -0.293351 0.107831 -0.146956 0.530674 0.0857846 0.830319
1305032382.713425 -0.438333 -0.312622 0.111976 -0.158624 0.517255 0.0802726 0.837163
1305032382.744674 -0.412228 -0.329698 0.119135 -0.170135 0.505006 0.0712138 0.843179
1305032382.776770 -0.386349 -0.35031 0.127613 -0.188042 0.490311 0.0601051 0.848895
1305032382.812185 -0.361114 -0.374932 0.137943 -0.20047 0.477262 0.0445203 0.85443
1305032382.844824 -0.341506 -0.395791 0.150314 -0.210385 0.464471 0.0310023 0.859676
1305032382.875189 -0.32251 -0.41828 0.164909 -0.223126 0.449876 0.0206021 0.864524
1305032382.913733 -0.305895 -0.440853 0.184757 -0.232705 0.433914 0.00986416 0.870327
1305032382.943823 -0.29151 -0.466769 0.203199 -0.238704 0.415513 4.24606e-05 0.877707
1305032382.975989 -0.276513 -0.487584 0.215011 -0.243434 0.396376 -0.00450129 0.885215
1305032383.012820 -0.263122 -0.50584 0.226292 -0.249806 0.377798 -0.00590777 0.891533
1305032383.044130 -0.249456 -0.523931 0.237895 -0.258201 0.359151 -0.00640838 0.896829
1305032383.077761 -0.236557 -0.54085 0.247888 -0.264319 0.342951 -0.00790719 0.901364
1305032383.113060 -0.225964 -0.55512 0.261516 -0.268623 0.329195 -0.0125515 0.90516
1305032383.144756 -0.217501 -0.566229 0.270372 -0.266933 0.314921 -0.0170244 0.910649
1305032383.177793 -0.210791 -0.570965 0.27023 -0.271535 0.299237 -0.0156876 0.914593
1305032383.213287 -0.19976 -0.580023 0.273445 -0.286236 0.282117 -0.0199255 0.915468
1305032383.243505 -0.190551 -0.587366 0.279627 -0.30088 0.270073 -0.0301468 0.914124
1305032383.279376 -0.185419 -0.592991 0.289844 -0.311918 0.260272 -0.0427062 0.912766
1305032383.311447 -0.184793 -0.600316 0.297917 -0.317211 0.249075 -0.0529667 0.913528
1305032383.341434 -0.181651 -0.60638 0.305555 -0.318886 0.233692 -0.0601555 0.916559
1305032383.379477 -0.177803 -0.614475 0.308835 -0.319021 0.217523 -0.0648938 0.920162
1305032383.411502 -0.172395 -0.623326 0.311572 -0.321061 0.200994 -0.0712718 0.922736
1305032383.443669 -0.167702 -0.630412 0.314116 -0.322178 0.186445 -0.0788565 0.924782
1305032383.479196 -0.164712 -0.637116 0.315347 -0.324815 0.172645 -0.0860728 0.925894
1305032383.511381 -0.15881 -0.646674 0.316171 -0.32709 0.161633 -0.0925092 0.926461
1305032383.544691 -0.156711 -0.652945 0.312891 -0.330827 0.155175 -0.0971743 0.92576
1305032383.579562 -0.160487 -0.664232 0.318958 -0.33368 0.148134 -0.104372 0.925106
1305032383.613124 -0.163644 -0.671725 0.317448 -0.326877 0.138622 -0.10557 0.928865
1305032383.644735 -0.166042 -0.675298 0.31362 -0.325676 0.128174 -0.100002 0.9314
1305032383.679654 -0.168016 -0.681394 0.314004 -0.327497 0.114432 -0.0993666 0.932619
1305032383.712037 -0.172073 -0.685959 0.312728 -0.329475 0.0994067 -0.103256 0.933222
1305032383.742653 -0.174621 -0.688759 0.310256 -0.335692 0.0849847 -0.105479 0.932182
1305032383.778285 -0.177329 -0.692859 0.313937 -0.344521 0.072572 -0.107675 0.929755
1305032383.812039 -0.179711 -0.696958 0.315381 -0.34994 0.0611851 -0.109782 0.928303
1305032383.843925 -0.181927 -0.698871 0.31813 -0.352835 0.0497969 -0.112175 0.927602
1305032383.878906 -0.181972 -0.698869 0.317285 -0.354541 0.0388509 -0.11389 0.927265
1305032383.911427 -0.180832 -0.700053 0.318775 -0.357185 0.0316817 -0.113493 0.926571
1305032383.943289 -0.180148 -0.698589 0.318283 -0.357527 0.0280713 -0.111938 0.926745
1305032383.979220 -0.17838 -0.69537 0.315498 -0.357925 0.0264238 -0.107439 0.927172
1305032384.011402 -0.174298 -0.692275 0.314585 -0.359645 0.0247572 -0.101094 0.927266
1305032384.042763 -0.170589 -0.689189 0.313867 -0.359872 0.0244722 -0.0938713 0.927945
1305032384.079025 -0.166319 -0.684914 0.311451 -0.359384 0.0236599 -0.0871431 0.928811
1305032384.112211 -0.162159 -0.682004 0.311007 -0.359868 0.022272 -0.081673 0.929155
1305032384.143402 -0.158819 -0.680082 0.311213 -0.359138 0.0207132 -0.0763991 0.929921
1305032384.179113 -0.154539 -0.677965 0.310125 -0.356938 0.0199364 -0.0698096 0.931303
1305032384.211262 -0.151948 -0.677101 0.310823 -0.354051 0.0200607 -0.0668306 0.93262
1305032384.241759 -0.150694 -0.675726 0.309543 -0.349573 0.0190241 -0.0656548 0.934412
1305032384.278407 -0.14791 -0.674496 0.309233 -0.345357 0.0179348 -0.0637244 0.936134
1305032384.308313 -0.146595 -0.674687 0.310181 -0.337907 0.0174501 -0.0609555 0.939041
1305032384.341175 -0.143674 -0.67115 0.30608 -0.327872 0.0147784 -0.0570399 0.942883
1305032384.375647 -0.138049 -0.664171 0.299976 -0.319995 0.0120864 -0.0528738 0.945865
1305032384.411880 -0.131995 -0.65691 0.294619 -0.316004 0.011607 -0.0506887 0.947332
1305032384.444075 -0.127426 -0.648494 0.291086 -0.313942 0.0107311 -0.052184 0.947946
1305032384.479096 -0.123845 -0.638764 0.286876 -0.31223 0.00786723 -0.0568787 0.94827
1305032384.512157 -0.120581 -0.627595 0.28153 -0.311306 0.00509963 -0.0604951 0.948369
1305032384.544929 -0.115947 -0.615966 0.277627 -0.310445 0.0035856 -0.0614167 0.948599
1305032384.580765 -0.111927 -0.602587 0.270322 -0.308951 0.00111791 -0.0618594 0.949063
1305032384.613105 -0.106213 -0.58824 0.264874 -0.309914 -0.00102146 -0.0621059 0.948734
1305032384.647706 -0.100904 -0.576047 0.261756 -0.308857 -0.0011754 -0.0601666 0.949203
1305032384.679303 -0.0967647 -0.563423 0.256266 -0.305298 0.000151773 -0.0535445 0.95075
1305032384.712109 -0.0926206 -0.549756 0.250193 -0.301558 -0.000423216 -0.0443508 0.952416
1305032384.746434 -0.0851082 -0.53815 0.246707 -0.296608 -0.00174756 -0.0355924 0.954334
1305032384.778315 -0.0777411 -0.52589 0.240777 -0.287175 -0.000156968 -0.02794 0.95747
1305032384.811269 -0.0719194 -0.514949 0.235106 -0.276226 -0.000883204 -0.0212357 0.960858
1305032384.846699 -0.0644316 -0.503371 0.228913 -0.260321 -0.00397543 -0.0180944 0.965344
1305032384.879179 -0.0571287 -0.490568 0.219394 -0.242156 -0.00645362 -0.0156001 0.97009
1305032384.911051 -0.04924 -0.476278 0.209299 -0.224821 -0.00884405 -0.0123434 0.974282
1305032384.947623 -0.0396947 -0.461482 0.198991 -0.208582 -0.00975274 -0.00879447 0.977917
1305032384.979039 -0.0310877 -0.446668 0.187894 -0.193175 -0.00973998 -0.00540136 0.981101
1305032385.011611 -0.0212032 -0.43154 0.176663 -0.179157 -0.00837947 -0.00259043 0.983781
1305032385.047788 -0.0132552 -0.418001 0.166235 -0.166562 -0.00541808 -0.000497612 0.986016
1305032385.079238 -0.00555535 -0.403207 0.154408 -0.153605 -0.00445227 0.0038953 0.988115
1305032385.110028 0.00475545 -0.387998 0.143185 -0.145095 -0.00269224 0.00824793 0.98938
1305032385.147955 0.0137785 -0.375001 0.134384 -0.136916 0.00128619 0.0116257 0.990514
1305032385.180315 0.0227904 -0.360368 0.123566 -0.126758 0.00464303 0.0149943 0.991809
1305032385.212521 0.030964 -0.344913 0.114292 -0.120086 0.00962574 0.0181312 0.992551
1305032385.247861 0.0384551 -0.330793 0.106924 -0.111536 0.0124009 0.0201094 0.99348
1305032385.279278 0.0489288 -0.315979 0.0991277 -0.100369 0.0147305 0.0182979 0.994673
1305032385.313088 0.0558478 -0.299606 0.091408 -0.0920746 0.0193113 0.0138632 0.995468
1305032385.347825 0.0631799 -0.285692 0.0847643 -0.0865042 0.0218517 0.00741285 0.995984
1305032385.379172 0.0697837 -0.272356 0.0795788 -0.0798156 0.0231225 0.00203892 0.996539
1305032385.411331 0.075579 -0.258548 0.0750176 -0.0697145 0.0213439 -0.00616237 0.99732
1305032385.446560 0.0814117 -0.243316 0.0706414 -0.0599292 0.0201244 -0.0143973 0.997896
1305032385.478895 0.0864104 -0.229512 0.0684369 -0.0534284 0.0173521 -0.0200541 0.998219
1305032385.512276 0.0901541 -0.218635 0.0673986 -0.0427172 0.01267 -0.0288118 0.998591
1305032385.546621 0.0926327 -0.206068 0.0651115 -0.0286184 0.00791397 -0.0329748 0.999015
1305032385.579100 0.09732 -0.189895 0.0632454 -0.0200925 0.00120352 -0.0345514 0.9992
1305032385.611944 0.101723 -0.172431 0.062964 -0.0179861 -0.00369043 -0.0377844 0.999117
1305032385.647972 0.102896 -0.15589 0.0644792 -0.0183236 -0.00691496 -0.0359342 0.999162
1305032385.677687 0.104813 -0.142025 0.0657405 -0.0159219 -0.0139173 -0.0310953 0.999293
1305032385.708060 0.10814 -0.125927 0.0653952 -0.0137194 -0.0205854 -0.0250879 0.999379
1305032385.743325 0.110487 -0.112118 0.0665006 -0.0155422 -0.026373 -0.0177085 0.999374
1305032385.779209 0.114129 -0.100618 0.0679451 -0.0148715 -0.0320607 -0.00985628 0.999327
1305032385.816091 0.118778 -0.0871203 0.0685765 -0.0143927 -0.0329453 0.0018702 0.999352
1305032385.846913 0.123045 -0.0759397 0.0692042 -0.0146215 -0.0312614 0.0141555 0.999304
1305032385.879571 0.126379 -0.0670729 0.071641 -0.00681917 -0.0296491 0.0261441 0.999195
1305032385.915659 0.130934 -0.0539882 0.0706864 0.00203262 -0.0294911 0.0417618 0.99869
1305032385.943376 0.135533 -0.0423924 0.0727512 0.00470602 -0.029724 0.0523609 0.998175
1305032385.980099 0.140309 -0.033614 0.0753947 0.00935584 -0.0290759 0.0582299 0.997836
1305032386.014821 0.143631 -0.0242021 0.0780534 0.0152948 -0.0275658 0.0616046 0.997603
1305032386.048023 0.148091 -0.0156075 0.0802745 0.0206966 -0.0259954 0.0694825 0.99703
1305032386.080071 0.153015 -0.005052 0.0839143 0.0232382 -0.0237328 0.0803149 0.996216
1305032386.115561 0.155627 0.00404522 0.087403 0.0255682 -0.0237616 0.0901537 0.995316
1305032386.148299 0.157799 0.0122534 0.090654 0.0281106 -0.0296662 0.0960676 0.994535
1305032386.179328 0.160889 0.0204379 0.0938714 0.0260114 -0.0366611 0.0995947 0.994012
1305032386.215559 0.163576 0.0279716 0.0988884 0.0207482 -0.0453716 0.103594 0.993368
1305032386.243605 0.165999 0.0345301 0.103247 0.0162636 -0.0553516 0.108428 0.992429
1305032386.278957 0.169524 0.0400444 0.107409 0.0104962 -0.0680534 0.109112 0.991642
1305032386.315386 0.173081 0.0459376 0.111967 0.00204492 -0.0789926 0.108908 0.990906
1305032386.346831 0.175764 0.0493675 0.116468 -0.0048169 -0.0902197 0.111134 0.98969
1305032386.379033 0.181525 0.0513654 0.118759 -0.0153304 -0.102672 0.107966 0.98872
1305032386.415310 0.185264 0.0522904 0.121444 -0.0283103 -0.112785 0.102476 0.987915
1305032386.447187 0.18963 0.0509658 0.124056 -0.0376578 -0.123994 0.0983752 0.986676
1305032386.479658 0.194766 0.0462086 0.125111 -0.0449894 -0.133072 0.0881639 0.986152
1305032386.514929 0.198973 0.0411223 0.127684 -0.0530773 -0.142294 0.0819402 0.984998
1305032386.547514 0.203409 0.0311734 0.12907 -0.0579926 -0.154502 0.0705161 0.983765
1305032386.578838 0.208859 0.0208763 0.130595 -0.0618827 -0.164701 0.0589687 0.982633
1305032386.614264 0.215628 0.0107359 0.131719 -0.0678084 -0.174301 0.0507213 0.981045
1305032386.646315 0.221863 0.000779069 0.133347 -0.0689572 -0.18317 0.0433275 0.979702
1305032386.678968 0.230519 -0.0104639 0.133545 -0.0689216 -0.188564 0.0349206 0.979017
1305032386.714163 0.240588 -0.0220395 0.134872 -0.073022 -0.193656 0.0302377 0.977881
1305032386.746448 0.24894 -0.0332586 0.136713 -0.0786533 -0.199186 0.023547 0.976516
1305032386.778959 0.25794 -0.0427749 0.138376 -0.0870302 -0.203936 0.0140494 0.975007
1305032386.814157 0.266569 -0.0520008 0.140643 -0.0957625 -0.207099 0.00684201 0.973598
1305032386.846480 0.274657 -0.0625002 0.141572 -0.108304 -0.210001 -0.0012933 0.971683
1305032386.878932 0.283754 -0.071454 0.142396 -0.123116 -0.2119 -0.011875 0.969433
1305032386.915107 0.293012 -0.0806551 0.145543 -0.141354 -0.213188 -0.0195718 0.966534
1305032386.947042 0.300317 -0.0904452 0.147598 -0.158251 -0.215695 -0.0273629 0.963163
1305032386.979534 0.308611 -0.0988569 0.149518 -0.176934 -0.216646 -0.0374291 0.959353
1305032387.015340 0.319997 -0.115306 0.156236 -0.204579 -0.216956 -0.0430355 0.953533
1305032387.047204 0.326532 -0.130524 0.160039 -0.218238 -0.217315 -0.0438249 0.950382
1305032387.083123 0.332481 -0.146251 0.164542 -0.225361 -0.218388 -0.0471198 0.948314
1305032387.115144 0.338944 -0.163541 0.168301 -0.232047 -0.220671 -0.0557094 0.945703
1305032387.146938 0.344559 -0.178826 0.173183 -0.24119 -0.221934 -0.0675143 0.942345
1305032387.183366 0.35144 -0.196617 0.179736 -0.2505 -0.221618 -0.0784227 0.939141
1305032387.211762 0.359764 -0.215017 0.186148 -0.256025 -0.219636 -0.0871898 0.937341
1305032387.243500 0.368276 -0.234024 0.193265 -0.259808 -0.217315 -0.0946708 0.936115
1305032387.283242 0.375518 -0.252157 0.199555 -0.262744 -0.215238 -0.10451 0.934727
1305032387.315110 0.382309 -0.268789 0.205153 -0.266771 -0.213146 -0.115327 0.932793
1305032387.347681 0.38841 -0.283968 0.210601 -0.274882 -0.210714 -0.123671 0.929917
1305032387.382764 0.392977 -0.298882 0.218198 -0.284079 -0.208727 -0.131065 0.926582
1305032387.414331 0.399902 -0.3164 0.225418 -0.290527 -0.209819 -0.138101 0.923308
1305032387.443532 0.404373 -0.331562 0.232283 -0.2965 -0.211014 -0.144987 0.920076
1305032387.482745 0.408676 -0.345451 0.239975 -0.303124 -0.211687 -0.15147 0.916712
1305032387.511705 0.412221 -0.360517 0.248403 -0.307722 -0.212762 -0.158445 0.913748
1305032387.543542 0.415461 -0.375303 0.255116 -0.309894 -0.216856 -0.165328 0.910827
1305032387.583132 0.418052 -0.389894 0.262012 -0.312351 -0.223906 -0.172738 0.906898
1305032387.614697 0.419673 -0.403583 0.269407 -0.315146 -0.23151 -0.181522 0.902295
1305032387.646620 0.420321 -0.415812 0.276468 -0.317558 -0.239223 -0.191082 0.89745
1305032387.682795 0.421126 -0.428296 0.284323 -0.319854 -0.248006 -0.199739 0.892351
1305032387.715088 0.424341 -0.440185 0.292377 -0.322804 -0.257457 -0.206001 0.887174
1305032387.746770 0.428011 -0.451471 0.300222 -0.328277 -0.264861 -0.211196 0.881748
1305032387.782837 0.430788 -0.460453 0.30733 -0.335511 -0.270199 -0.217396 0.875879
1305032387.815294 0.43379 -0.467264 0.315088 -0.344894 -0.274615 -0.223282 0.869356
1305032387.846872 0.434644 -0.474701 0.323906 -0.355966 -0.277093 -0.226357 0.86329
1305032387.883126 0.438127 -0.483859 0.333969 -0.366858 -0.278868 -0.224503 0.85863
1305032387.914658 0.440627 -0.490068 0.342278 -0.379049 -0.278034 -0.218812 0.855068
1305032387.947098 0.443059 -0.499052 0.35164 -0.390749 -0.278214 -0.216509 0.850315
1305032387.983846 0.445552 -0.506171 0.361597 -0.396368 -0.279882 -0.219527 0.846384
1305032388.015687 0.450098 -0.517143 0.371068 -0.398075 -0.282826 -0.225508 0.843025
1305032388.047380 0.453352 -0.526864 0.379961 -0.399243 -0.284875 -0.232287 0.839937
1305032388.083777 0.456568 -0.535798 0.389867 -0.398866 -0.287057 -0.238619 0.837595
1305032388.115961 0.458272 -0.545615 0.40009 -0.397202 -0.289965 -0.241797 0.836472
1305032388.148173 0.461314 -0.555702 0.410439 -0.393639 -0.295427 -0.243473 0.835759
1305032388.184052 0.465049 -0.568697 0.420113 -0.390374 -0.300798 -0.243705 0.835306
1305032388.212538 0.469726 -0.578531 0.429535 -0.387164 -0.305136 -0.243198 0.835374
1305032388.250425 0.474218 -0.588366 0.437973 -0.386365 -0.308078 -0.240976 0.835309
1305032388.283226 0.476861 -0.596894 0.446354 -0.386688 -0.310672 -0.237799 0.835109
1305032388.315193 0.478021 -0.605732 0.455347 -0.387104 -0.312601 -0.233119 0.835516
1305032388.350541 0.478512 -0.615808 0.465044 -0.386208 -0.314656 -0.227815 0.836621
1305032388.383342 0.480824 -0.624088 0.473702 -0.384138 -0.317209 -0.222271 0.8381
1305032388.414973 0.481331 -0.632452 0.481886 -0.383002 -0.318317 -0.216764 0.839641
1305032388.450875 0.480793 -0.640242 0.490514 -0.38157 -0.319125 -0.212829 0.840992
1305032388.483696 0.479515 -0.648338 0.498646 -0.378962 -0.320944 -0.211439 0.841829
1305032388.515455 0.477081 -0.655599 0.507198 -0.375373 -0.324237 -0.211557 0.842145
1305032388.551418 0.47417 -0.663733 0.514355 -0.372181 -0.329176 -0.212435 0.841425
1305032388.581086 0.468753 -0.670361 0.521555 -0.369624 -0.33497 -0.215093 0.839588
1305032388.615087 0.463521 -0.677926 0.530262 -0.366495 -0.340905 -0.220155 0.837256
1305032388.650929 0.458743 -0.684738 0.536665 -0.363503 -0.345458 -0.226333 0.835044
1305032388.684041 0.455232 -0.687156 0.542758 -0.362723 -0.349631 -0.234456 0.831397
1305032388.713169 0.449589 -0.69071 0.549972 -0.364698 -0.353003 -0.24432 0.826251
1305032388.751435 0.443075 -0.693689 0.55711 -0.367103 -0.355646 -0.253009 0.821424
1305032388.783449 0.436358 -0.696278 0.564834 -0.369558 -0.358629 -0.25993 0.816852
1305032388.814824 0.428711 -0.69875 0.572317 -0.371696 -0.361894 -0.264548 0.812951
1305032388.847513 0.421365 -0.701624 0.580029 -0.37314 -0.365382 -0.266811 0.809984
1305032388.882983 0.413853 -0.704641 0.586828 -0.373199 -0.369114 -0.269176 0.807479
1305032388.914716 0.406916 -0.706556 0.594502 -0.372006 -0.374305 -0.271664 0.804802
1305032388.950492 0.399968 -0.709661 0.60236 -0.370841 -0.379045 -0.273158 0.802613
1305032388.983354 0.394715 -0.711205 0.609495 -0.369103 -0.383575 -0.27309 0.801284
1305032389.015302 0.390191 -0.712125 0.615659 -0.367907 -0.388372 -0.273051 0.799534
1305032389.050498 0.385916 -0.712644 0.622751 -0.366383 -0.394605 -0.275327 0.796395
1305032389.083544 0.382845 -0.713497 0.630488 -0.363109 -0.401812 -0.280078 0.792625
1305032389.114834 0.380723 -0.713603 0.637644 -0.359597 -0.408184 -0.285538 0.789015
1305032389.150563 0.380339 -0.712373 0.643582 -0.357915 -0.412794 -0.289418 0.785961
1305032389.183847 0.378896 -0.712204 0.651293 -0.355175 -0.417776 -0.293714 0.782973
1305032389.215520 0.378768 -0.712518 0.656817 -0.349846 -0.423183 -0.298838 0.780526
1305032389.251042 0.382201 -0.710362 0.660408 -0.345179 -0.429083 -0.302385 0.778012
1305032389.283231 0.385032 -0.707808 0.664679 -0.341685 -0.436237 -0.305928 0.774181
1305032389.315296 0.388941 -0.707329 0.670153 -0.338629 -0.443515 -0.308704 0.770277
1305032389.351461 0.396177 -0.704756 0.674972 -0.336333 -0.449074 -0.310562 0.767309
1305032389.383520 0.403755 -0.701289 0.679533 -0.336 -0.452895 -0.311852 0.764682
1305032389.415851 0.410235 -0.69825 0.684572 -0.335966 -0.45693 -0.313078 0.76179
1305032389.447191 0.417475 -0.696893 0.689964 -0.333924 -0.462249 -0.313501 0.759301
1305032389.484520 0.428468 -0.694488 0.693715 -0.332259 -0.46692 -0.312735 0.757487
1305032389.519411 0.439136 -0.691891 0.697888 -0.332288 -0.470536 -0.31337 0.75497
1305032389.551432 0.447979 -0.689766 0.702093 -0.331642 -0.472767 -0.314782 0.753271
1305032389.583908 0.4583 -0.687578 0.705404 -0.330498 -0.475276 -0.315459 0.751911
1305032389.619179 0.469333 -0.684806 0.707714 -0.330373 -0.478428 -0.315101 0.750115
1305032389.651751 0.478005 -0.682739 0.711266 -0.330599 -0.481181 -0.31409 0.748677
1305032389.683655 0.485864 -0.681421 0.715004 -0.328808 -0.482926 -0.311068 0.749603
1305032389.719141 0.497233 -0.678556 0.716953 -0.325377 -0.484951 -0.306396 0.751714
1305032389.751256 0.50794 -0.673916 0.718411 -0.322164 -0.486932 -0.302338 0.753458
1305032389.783396 0.516303 -0.670147 0.720741 -0.31852 -0.488786 -0.29768 0.755659
1305032389.815171 0.525245 -0.666934 0.722438 -0.313903 -0.490361 -0.290853 0.75922
1305032389.850251 0.534972 -0.662265 0.723613 -0.30968 -0.491827 -0.28361 0.762738
1305032389.883751 0.54225 -0.655168 0.724727 -0.303763 -0.494003 -0.277636 0.765903
1305032389.915433 0.547084 -0.648959 0.724742 -0.293807 -0.499238 -0.273626 0.767833
1305032389.950745 0.553144 -0.643129 0.72179 -0.281348 -0.506858 -0.269427 0.768991
1305032389.982637 0.559524 -0.634768 0.719079 -0.269405 -0.515559 -0.263459 0.769551
1305032390.019198 0.565388 -0.625957 0.716228 -0.256483 -0.525308 -0.258082 0.769195
1305032390.053174 0.572292 -0.618496 0.714693 -0.244674 -0.534125 -0.253065 0.768637
1305032390.081015 0.579925 -0.607599 0.712197 -0.236569 -0.53795 -0.248513 0.769991
1305032390.118347 0.583837 -0.5979 0.710849 -0.231143 -0.539657 -0.243851 0.771932
1305032390.149354 0.587315 -0.58882 0.70932 -0.224925 -0.541423 -0.23721 0.774598
1305032390.183538 0.592906 -0.578333 0.70707 -0.21877 -0.542676 -0.230553 0.777488
1305032390.219241 0.595181 -0.568024 0.706343 -0.212736 -0.543068 -0.225454 0.780379
1305032390.251134 0.598259 -0.558907 0.70563 -0.204875 -0.543156 -0.217888 0.784559
1305032390.282589 0.603019 -0.548271 0.703914 -0.197858 -0.542599 -0.207887 0.789444
1305032390.314979 0.606538 -0.537778 0.701907 -0.192157 -0.541327 -0.198026 0.794246
1305032390.350267 0.610852 -0.52754 0.70036 -0.188012 -0.540208 -0.187523 0.798538
1305032390.382610 0.61376 -0.517528 0.697849 -0.184424 -0.540305 -0.177525 0.801588
1305032390.415081 0.6159 -0.50854 0.696582 -0.179551 -0.542087 -0.168404 0.803457
1305032390.451519 0.61956 -0.499879 0.69646 -0.174045 -0.544206 -0.160364 0.80488
1305032390.479658 0.623047 -0.490241 0.696368 -0.169601 -0.545883 -0.153477 0.806035
1305032390.514929 0.625847 -0.481726 0.69707 -0.1657 -0.547561 -0.145985 0.807099
1305032390.550339 0.629288 -0.473715 0.698439 -0.160135 -0.549159 -0.13827 0.808494
1305032390.582772 0.633598 -0.46472 0.698864 -0.154527 -0.550129 -0.129851 0.81032
1305032390.618377 0.63717 -0.456569 0.701332 -0.14982 -0.550954 -0.121369 0.811956
1305032390.650434 0.642119 -0.447422 0.704883 -0.143193 -0.551093 -0.112929 0.814272
1305032390.682873 0.647815 -0.436231 0.706067 -0.136808 -0.550465 -0.105786 0.816751
1305032390.718194 0.652763 -0.425716 0.708617 -0.132905 -0.551019 -0.100027 0.817746
1305032390.750175 0.658149 -0.41478 0.712647 -0.130451 -0.551618 -0.0946735 0.818374
1305032390.786274 0.664157 -0.402903 0.716875 -0.130044 -0.551901 -0.0900601 0.818769
1305032390.818507 0.668087 -0.390903 0.721442 -0.130635 -0.55217 -0.0867459 0.818852
1305032390.850437 0.67261 -0.38006 0.726871 -0.129877 -0.553123 -0.0825347 0.818764
1305032390.886597 0.678204 -0.368524 0.732584 -0.128406 -0.554622 -0.0783961 0.818389
1305032390.918398 0.682394 -0.356698 0.739728 -0.126587 -0.556209 -0.0748026 0.817931
1305032390.950305 0.686135 -0.344884 0.745927 -0.121446 -0.558402 -0.0706507 0.817586
1305032390.987238 0.690688 -0.332421 0.752306 -0.113239 -0.562157 -0.0652628 0.816638
1305032391.019268 0.697313 -0.317909 0.758873 -0.105944 -0.566298 -0.0609453 0.815088
1305032391.051279 0.70266 -0.304626 0.76636 -0.104622 -0.568449 -0.0581212 0.813966
1305032391.087153 0.704323 -0.29044 0.771626 -0.105352 -0.569384 -0.0542392 0.813487
1305032391.118251 0.705779 -0.277829 0.775644 -0.103374 -0.571973 -0.0494759 0.812227
1305032391.150434 0.710065 -0.2659 0.781437 -0.0986919 -0.575706 -0.045485 0.810403
1305032391.186761 0.712712 -0.253252 0.786539 -0.0964728 -0.577456 -0.0420524 0.809611
1305032391.218382 0.714035 -0.240138 0.790581 -0.0967457 -0.57821 -0.0362363 0.809321
1305032391.250262 0.716074 -0.22763 0.793811 -0.0965102 -0.579507 -0.0298814 0.808681
1305032391.286409 0.717329 -0.215345 0.796134 -0.0961007 -0.580875 -0.0256911 0.807892
1305032391.318198 0.718686 -0.203518 0.798778 -0.0976506 -0.582403 -0.0207444 0.806747
1305032391.350223 0.720273 -0.191665 0.801448 -0.0993252 -0.583908 -0.0150481 0.80558
1305032391.386404 0.721881 -0.179676 0.803703 -0.101239 -0.585268 -0.00988061 0.804434
1305032391.418275 0.72293 -0.16888 0.805387 -0.104002 -0.587297 -0.00596527 0.802639
1305032391.450231 0.724047 -0.158266 0.807697 -0.107433 -0.589728 -0.00113262 0.800423
1305032391.483296 0.724474 -0.149913 0.810421 -0.112177 -0.591007 0.00223077 0.798826
1305032391.518579 0.723789 -0.140531 0.81307 -0.116019 -0.590988 0.00727423 0.798261
1305032391.548166 0.723829 -0.131669 0.814141 -0.118677 -0.59081 0.0150174 0.797894
1305032391.584774 0.724165 -0.12351 0.813611 -0.122243 -0.59102 0.022673 0.797018
1305032391.617070 0.722586 -0.114778 0.812379 -0.125876 -0.591406 0.0281395 0.795991
1305032391.647210 0.720414 -0.106571 0.80979 -0.129126 -0.592184 0.0329861 0.794705
1305032391.683817 0.719019 -0.0981347 0.80703 -0.133565 -0.594195 0.0379046 0.792248
1305032391.719489 0.716137 -0.0902697 0.804098 -0.138876 -0.596426 0.0387132 0.789614
1305032391.748029 0.711585 -0.0831845 0.801227 -0.142138 -0.597659 0.0364772 0.788207
1305032391.784539 0.708409 -0.0768892 0.797418 -0.145171 -0.597011 0.0365655 0.788141
1305032391.815353 0.705491 -0.0712752 0.794601 -0.15138 -0.593836 0.037882 0.789308
1305032391.850480 0.700853 -0.0656656 0.79125 -0.154524 -0.588937 0.0367708 0.792416
1305032391.884688 0.698842 -0.0603711 0.787102 -0.153918 -0.584603 0.037367 0.795709
1305032391.921342 0.696843 -0.0554049 0.782837 -0.154292 -0.581243 0.0384052 0.798045
1305032391.953133 0.693024 -0.0504262 0.779152 -0.154837 -0.579547 0.0361223 0.799278
1305032391.983420 0.688405 -0.0468952 0.777305 -0.150649 -0.579997 0.0314722 0.799949
