1305032354.009456 0 0 0 0 0 0 1
1305032354.045335 -0.00148672 -0.0126087 0.00332412 -0.00969564 0.0010041 -0.0017184 0.999951
1305032354.076940 -0.00219407 -0.0248663 -0.00042062 -0.0185564 -0.0011932 -0.00409095 0.999819
1305032354.109860 -0.00101066 -0.0376532 -0.00898605 -0.0335765 0.000575675 -0.00812143 0.999403
1305032354.145200 -0.00113907 -0.0518357 -0.00614946 -0.0509414 0.00415323 -0.00698394 0.998669
1305032354.177151 -0.00104395 -0.0663558 -0.00700755 -0.0662202 0.0054948 -0.000127261 0.99779
1305032354.209651 -0.00128826 -0.0843423 -0.010209 -0.0818461 0.00776207 0.00445285 0.996605
1305032354.244910 -0.00124817 -0.101784 -0.00900355 -0.0977246 0.0100551 0.00438551 0.995153
1305032354.277122 -0.00161395 -0.119016 -0.00792186 -0.105008 0.0115991 0.0035175 0.994397
1305032354.309733 -0.00150639 -0.13726 -0.0102422 -0.109896 0.0106805 0.000384584 0.993886
1305032354.345124 -0.00102104 -0.158049 -0.0126096 -0.11635 0.0103286 -0.00511319 0.993141
1305032354.377091 -0.00176979 -0.178131 -0.0137594 -0.120609 0.0102468 -0.00976754 0.992599
1305032354.407556 -0.000869142 -0.198003 -0.0170362 -0.124953 0.00910988 -0.0142361 0.992019
1305032354.445200 0.0005792 -0.217842 -0.023994 -0.133688 0.00974208 -0.0189425 0.990795
1305032354.477221 0.00145787 -0.23637 -0.0264444 -0.144754 0.0115125 -0.0210604 0.989177
1305032354.510161 0.00309464 -0.254454 -0.0299346 -0.156661 0.0152562 -0.0205458 0.987321
1305032354.545622 0.0053996 -0.268388 -0.0355194 -0.171873 0.0201313 -0.0164703 0.984776
1305032354.577445 0.00559006 -0.283318 -0.0344342 -0.189129 0.0245253 -0.0101499 0.981593
1305032354.610249 0.00561993 -0.295954 -0.0318845 -0.202079 0.0289229 -0.000848827 0.978942
1305032354.645613 0.00649303 -0.308727 -0.0316441 -0.213728 0.0315811 0.00517848 0.976369
1305032354.677651 0.00652504 -0.322541 -0.0324566 -0.225007 0.0321987 0.010724 0.973766
1305032354.709984 0.00536616 -0.333976 -0.0321488 -0.235234 0.0306685 0.0132378 0.971365
1305032354.745813 0.00663438 -0.346271 -0.0301493 -0.245394 0.0267092 0.0131855 0.968966
1305032354.777561 0.00730391 -0.358871 -0.0278165 -0.2518 0.0232164 0.00946174 0.967455
1305032354.813526 0.00917995 -0.373378 -0.0265776 -0.257374 0.0184699 0.00368765 0.966128
1305032354.845896 0.0125575 -0.388105 -0.0287402 -0.263773 0.014484 -0.00125423 0.964475
1305032354.877727 0.0141269 -0.400717 -0.0273001 -0.270418 0.0102342 -0.00694537 0.962664
1305032354.913596 0.0182759 -0.413657 -0.0319397 -0.277201 0.00424307 -0.0107805 0.960742
1305032354.946029 0.0200356 -0.425927 -0.0283577 -0.288363 -0.00200142 -0.0205559 0.957298
1305032354.977691 0.0231773 -0.439583 -0.0298436 -0.293052 -0.00679898 -0.029682 0.955612
1305032355.013557 0.0276039 -0.452367 -0.0342847 -0.305628 -0.0122971 -0.0373275 0.95134
1305032355.045678 0.0282461 -0.463874 -0.0253898 -0.318337 -0.0186986 -0.0504135 0.946451
1305032355.077711 0.0301046 -0.47471 -0.0209122 -0.32488 -0.0274538 -0.060679 0.943407
1305032355.113721 0.0314937 -0.485009 -0.0152128 -0.332053 -0.0386432 -0.0689149 0.939946
1305032355.145771 0.0344666 -0.497202 -0.014661 -0.342414 -0.0520945 -0.0745526 0.935137
1305032355.177863 0.0356612 -0.509426 -0.00729381 -0.353685 -0.0652912 -0.0819271 0.929479
1305032355.213995 0.0359008 -0.520641 -0.00121942 -0.361442 -0.0789112 -0.0864142 0.925022
1305032355.246379 0.0325851 -0.531203 0.0060537 -0.368417 -0.0951015 -0.0908476 0.92031
1305032355.278991 0.0334451 -0.540952 0.0145374 -0.370922 -0.11347 -0.0935376 0.916947
1305032355.312689 0.0363874 -0.554742 0.0156602 -0.373859 -0.130457 -0.0960064 0.913232
1305032355.347016 0.0388129 -0.56265 0.022138 -0.378466 -0.144634 -0.0967933 0.909107
1305032355.379246 0.043771 -0.56645 0.0309051 -0.378332 -0.161545 -0.100115 0.90595
1305032355.415084 0.0502043 -0.573028 0.0377061 -0.376797 -0.175037 -0.107071 0.903284
1305032355.446636 0.054653 -0.582705 0.046146 -0.375437 -0.185636 -0.111213 0.901232
1305032355.479127 0.0616986 -0.593289 0.0486691 -0.371174 -0.199373 -0.11257 0.899894
1305032355.514371 0.0700699 -0.597925 0.054905 -0.367789 -0.214062 -0.11331 0.897814
1305032355.546522 0.080272 -0.605887 0.0585 -0.364823 -0.225251 -0.11244 0.896395
1305032355.578354 0.0913578 -0.611443 0.0648918 -0.363854 -0.233975 -0.112078 0.894597
1305032355.614298 0.104357 -0.615706 0.0760667 -0.359944 -0.240619 -0.112643 0.894346
1305032355.646429 0.116761 -0.627843 0.0822366 -0.356361 -0.245077 -0.113366 0.894479
1305032355.679021 0.128792 -0.639704 0.0872895 -0.352964 -0.251698 -0.112771 0.894062
1305032355.715171 0.144058 -0.647517 0.0983117 -0.348072 -0.26065 -0.110564 0.893691
1305032355.747547 0.160235 -0.652198 0.0995389 -0.340506 -0.265602 -0.108211 0.895434
1305032355.779172 0.176231 -0.655102 0.0999972 -0.339352 -0.265726 -0.110454 0.895561
1305032355.815082 0.189279 -0.652884 0.129 -0.334323 -0.265324 -0.112383 0.89733
1305032355.847746 0.203458 -0.667027 0.133581 -0.313381 -0.263613 -0.11824 0.904611
1305032355.879256 0.220901 -0.664335 0.128663 -0.295648 -0.263938 -0.125729 0.909462
1305032355.914958 0.233656 -0.672102 0.115626 -0.292173 -0.260923 -0.131107 0.910695
1305032355.947516 0.242861 -0.673005 0.112379 -0.297184 -0.258146 -0.129621 0.910077
1305032355.979562 0.252834 -0.677604 0.111733 -0.308987 -0.257205 -0.122876 0.907344
1305032356.015124 0.258054 -0.687341 0.117363 -0.321163 -0.261514 -0.114806 0.902931
1305032356.047385 0.25883 -0.700903 0.124814 -0.326377 -0.271154 -0.107043 0.899164
1305032356.083040 0.277125 -0.702197 0.122593 -0.3214 -0.284908 -0.101486 0.897346
1305032356.114352 0.291987 -0.704659 0.123968 -0.321098 -0.295865 -0.103559 0.893664
1305032356.146404 0.302518 -0.703399 0.127814 -0.322666 -0.30522 -0.110717 0.889083
1305032356.182442 0.308517 -0.699759 0.139384 -0.318375 -0.314523 -0.122521 0.885834
1305032356.214279 0.313539 -0.702572 0.151122 -0.308426 -0.32294 -0.132289 0.88492
1305032356.246658 0.325061 -0.697224 0.151258 -0.29302 -0.332216 -0.137476 0.88593
1305032356.282363 0.336047 -0.693624 0.145064 -0.286805 -0.335396 -0.137678 0.886734
1305032356.314238 0.340254 -0.69003 0.151514 -0.286501 -0.339144 -0.133593 0.886031
1305032356.346442 0.341771 -0.686636 0.162458 -0.28154 -0.344807 -0.126985 0.886407
1305032356.382453 0.346144 -0.679866 0.173735 -0.266766 -0.353486 -0.119427 0.888606
1305032356.414237 0.35491 -0.669925 0.176372 -0.250281 -0.362704 -0.114345 0.890354
1305032356.446755 0.362753 -0.655404 0.183631 -0.235143 -0.371394 -0.113263 0.891036
1305032356.482444 0.372168 -0.642622 0.19457 -0.21954 -0.376827 -0.113737 0.892675
1305032356.514490 0.381704 -0.627661 0.203878 -0.203154 -0.378821 -0.1185 0.895087
1305032356.546721 0.388744 -0.612775 0.207335 -0.185117 -0.378273 -0.1274 0.898004
1305032356.582446 0.400251 -0.602741 0.197141 -0.171782 -0.375234 -0.13634 0.900612
1305032356.614314 0.405867 -0.589395 0.203802 -0.166363 -0.37215 -0.145049 0.901548
1305032356.646374 0.407012 -0.57695 0.215509 -0.156816 -0.36926 -0.149858 0.903658
1305032356.683322 0.416612 -0.56033 0.218687 -0.146138 -0.367534 -0.146476 0.906701
1305032356.715172 0.424946 -0.543787 0.226107 -0.138157 -0.366424 -0.14081 0.909296
1305032356.743534 0.435926 -0.523722 0.227419 -0.127532 -0.364746 -0.134007 0.912545
1305032356.782372 0.443156 -0.504325 0.232198 -0.121 -0.363272 -0.129545 0.914664
1305032356.814985 0.444236 -0.497165 0.239568 -0.112041 -0.363385 -0.120884 0.916943
1305032356.846535 0.456578 -0.471281 0.240331 -0.101142 -0.366521 -0.108236 0.918541
1305032356.882068 0.465446 -0.450885 0.243104 -0.0982037 -0.368986 -0.100225 0.918782
1305032356.914707 0.471006 -0.43255 0.245002 -0.0973659 -0.370956 -0.0886274 0.91927
1305032356.947460 0.478897 -0.412538 0.247829 -0.0975679 -0.375001 -0.0751718 0.918806
1305032356.982294 0.48782 -0.393192 0.251091 -0.0985221 -0.379077 -0.0633296 0.917924
1305032357.014261 0.494301 -0.379866 0.254635 -0.0994539 -0.382598 -0.0543507 0.916937
1305032357.046550 0.497726 -0.363587 0.258164 -0.0954645 -0.387992 -0.0451018 0.915595
1305032357.082118 0.50205 -0.34593 0.2568 -0.0913264 -0.394935 -0.0364272 0.913432
1305032357.114108 0.507247 -0.332058 0.262307 -0.0867879 -0.404391 -0.0286518 0.910008
1305032357.146528 0.521804 -0.313387 0.261978 -0.080924 -0.41015 -0.0227685 0.908135
1305032357.182108 0.523187 -0.300486 0.266626 -0.080889 -0.413197 -0.0176413 0.90687
1305032357.214184 0.524903 -0.285891 0.272348 -0.0745253 -0.419942 -0.00933629 0.904438
1305032357.250098 0.533126 -0.26837 0.275741 -0.0635764 -0.422887 -0.00277171 0.903945
1305032357.282087 0.54049 -0.251392 0.273961 -0.0573889 -0.420942 0.00638837 0.905248
1305032357.314085 0.546451 -0.237938 0.274055 -0.0559374 -0.420505 0.0175158 0.905395
1305032357.350168 0.551158 -0.221959 0.273584 -0.0507088 -0.420523 0.0265736 0.905474
1305032357.382141 0.561105 -0.205288 0.268234 -0.0488852 -0.419792 0.0311076 0.905769
1305032357.414454 0.561967 -0.190227 0.267454 -0.0527176 -0.418001 0.035965 0.906202
1305032357.450340 0.568147 -0.175218 0.263525 -0.0570935 -0.416466 0.0456756 0.906207
1305032357.482241 0.572297 -0.163414 0.262109 -0.0660287 -0.414779 0.0528592 0.905982
1305032357.513987 0.575757 -0.150959 0.260054 -0.073571 -0.411786 0.0593824 0.906363
1305032357.549979 0.578073 -0.140741 0.258117 -0.0791178 -0.409318 0.0651141 0.90662
1305032357.582946 0.579967 -0.131199 0.256002 -0.0828009 -0.407919 0.0681505 0.906698
1305032357.611057 0.587038 -0.121934 0.250487 -0.0874187 -0.406276 0.0683342 0.906988
1305032357.650783 0.587573 -0.111931 0.250539 -0.0938121 -0.4038 0.0649517 0.907704
1305032357.683024 0.588385 -0.102991 0.251716 -0.0987196 -0.400469 0.0637211 0.908746
1305032357.710979 0.593224 -0.0947008 0.24873 -0.102877 -0.396017 0.0630005 0.910284
1305032357.750457 0.593827 -0.0857225 0.247874 -0.107547 -0.390241 0.0594961 0.912472
1305032357.783108 0.592612 -0.0804457 0.248617 -0.110521 -0.384681 0.0571542 0.914625
1305032357.814444 0.600724 -0.074042 0.244355 -0.111723 -0.380088 0.0535654 0.916614
1305032357.850329 0.604174 -0.0676273 0.24273 -0.115429 -0.373218 0.0475356 0.919307
1305032357.882357 0.600171 -0.0633746 0.246013 -0.116747 -0.365572 0.0462848 0.922272
1305032357.914168 0.602521 -0.0590268 0.243819 -0.114362 -0.357613 0.0471278 0.925642
1305032357.948987 0.599872 -0.0520627 0.241483 -0.110809 -0.351446 0.0503256 0.928264
1305032357.982077 0.598732 -0.0478738 0.240273 -0.106613 -0.348381 0.0498311 0.929936
1305032358.010855 0.594473 -0.0447831 0.241443 -0.0993437 -0.34586 0.0513856 0.931596
1305032358.050220 0.591914 -0.0389274 0.240915 -0.0879568 -0.343708 0.0566704 0.933229
1305032358.082211 0.586901 -0.0346116 0.242694 -0.0801786 -0.342796 0.0578816 0.93419
1305032358.115784 0.580938 -0.0310554 0.245379 -0.0656309 -0.343462 0.0599194 0.934953
1305032358.150676 0.575346 -0.0262017 0.247643 -0.0521174 -0.344501 0.0633113 0.935198
1305032358.183396 0.568443 -0.0228052 0.250198 -0.040949 -0.346426 0.0636215 0.935021
1305032358.214748 0.560181 -0.0191733 0.254466 -0.0279679 -0.34996 0.0681532 0.933863
1305032358.251221 0.552167 -0.0126712 0.257867 -0.0166505 -0.353754 0.0752214 0.93216
1305032358.283060 0.543807 -0.0075718 0.262177 -0.0118585 -0.356811 0.077946 0.930843
1305032358.314611 0.53555 -0.0027569 0.266668 -0.00220702 -0.361895 0.0858691 0.928253
1305032358.350749 0.528963 0.00559732 0.269993 0.00256451 -0.365817 0.0928243 0.926043
1305032358.381865 0.520327 0.00981008 0.274684 0.00118796 -0.3732 0.0940617 0.922969
1305032358.414355 0.511552 0.012966 0.280297 0.00496918 -0.382121 0.0946366 0.91924
1305032358.447967 0.506 0.0185138 0.283228 0.00807061 -0.386738 0.0954802 0.917198
1305032358.481387 0.50323 0.0225275 0.286607 0.000531142 -0.388055 0.0954469 0.91668
1305032358.517650 0.501676 0.0283591 0.289622 -0.00376598 -0.388462 0.0950391 0.916543
1305032358.548167 0.502073 0.0329765 0.29069 -0.00674131 -0.387017 0.0946937 0.917172
1305032358.582146 0.502967 0.0358926 0.290013 -0.0105596 -0.38539 0.0954481 0.917743
1305032358.616710 0.503609 0.0365323 0.290375 -0.0147582 -0.385067 0.0923943 0.918133
1305032358.649112 0.504403 0.0363591 0.290856 -0.0162037 -0.385186 0.0924487 0.918054
1305032358.681202 0.507716 0.0349347 0.289286 -0.017138 -0.385913 0.0927677 0.917699
1305032358.716920 0.509174 0.0314046 0.289523 -0.0180363 -0.386726 0.0934177 0.917274
1305032358.746598 0.513105 0.0249301 0.287904 -0.0153256 -0.38907 0.0954569 0.916121
1305032358.779352 0.515298 0.0173055 0.287435 -0.0118547 -0.393182 0.0936687 0.9146
1305032358.817050 0.52246 0.00999224 0.284495 -0.00857448 -0.400524 0.0908821 0.911728
1305032358.849277 0.525511 0.000219642 0.283242 -0.00434516 -0.406958 0.0876795 0.909219
1305032358.882669 0.535996 -0.00979188 0.280034 0.000860677 -0.411704 0.0861154 0.90724
1305032358.917982 0.542148 -0.020653 0.278241 -0.000408838 -0.416236 0.0830231 0.905458
1305032358.951038 0.548514 -0.0320488 0.276201 -0.000776816 -0.421362 0.0765161 0.903658
1305032358.983085 0.558861 -0.0427224 0.271092 -0.00193804 -0.426652 0.0694493 0.901743
1305032359.019148 0.568 -0.0541649 0.267771 -0.00987391 -0.429747 0.0581746 0.901019
1305032359.051225 0.575667 -0.0656693 0.266979 -0.0174263 -0.430624 0.0446888 0.901256
1305032359.082899 0.583447 -0.0782406 0.264731 -0.0251993 -0.430667 0.0349044 0.901484
1305032359.118855 0.591162 -0.0897265 0.264919 -0.0331888 -0.429617 0.0265699 0.90201
1305032359.151254 0.602067 -0.102758 0.263131 -0.0418898 -0.426153 0.016838 0.903524
1305032359.183363 0.61143 -0.116341 0.260823 -0.0512651 -0.423311 0.00762427 0.904501
1305032359.219267 0.61902 -0.129038 0.261876 -0.0643641 -0.420081 -0.000240904 0.905201
1305032359.251063 0.628933 -0.143168 0.260774 -0.0805286 -0.414552 -0.00762098 0.906424
1305032359.283123 0.632054 -0.157136 0.261728 -0.096693 -0.408454 -0.0158769 0.907504
1305032359.319238 0.637927 -0.17195 0.261282 -0.108129 -0.405588 -0.0260614 0.907264
1305032359.350945 0.644163 -0.188159 0.260508 -0.121662 -0.402419 -0.035968 0.906622
1305032359.383033 0.646733 -0.204563 0.26285 -0.135319 -0.398703 -0.0431454 0.906015
1305032359.418684 0.648989 -0.220373 0.264436 -0.144989 -0.397077 -0.051404 0.904801
1305032359.450700 0.652865 -0.236833 0.266484 -0.151592 -0.39632 -0.0620636 0.903381
1305032359.482630 0.655503 -0.253003 0.269372 -0.161691 -0.395142 -0.070957 0.90149
1305032359.517271 0.653388 -0.272106 0.274371 -0.168374 -0.394239 -0.0757677 0.90027
1305032359.549406 0.65734 -0.286958 0.277715 -0.172771 -0.394717 -0.0780258 0.899033
1305032359.580783 0.661292 -0.299967 0.280948 -0.184605 -0.392465 -0.0834385 0.897179
1305032359.618509 0.658043 -0.316418 0.287127 -0.198865 -0.38842 -0.0858388 0.895664
1305032359.648297 0.658345 -0.332276 0.291657 -0.210908 -0.386225 -0.0876822 0.893678
1305032359.682616 0.651909 -0.347844 0.300099 -0.22142 -0.385361 -0.0936278 0.8909
1305032359.717507 0.645702 -0.362677 0.307306 -0.227562 -0.388929 -0.099127 0.8872
1305032359.747140 0.64675 -0.378672 0.314199 -0.235607 -0.394372 -0.103766 0.882152
1305032359.784467 0.641581 -0.393686 0.32349 -0.2422 -0.395434 -0.112498 0.878815
1305032359.814695 0.63819 -0.409702 0.331989 -0.24734 -0.396766 -0.119243 0.875889
1305032359.847549 0.63355 -0.423589 0.34177 -0.255323 -0.398744 -0.1255 0.871816
1305032359.886136 0.629189 -0.438879 0.351466 -0.261399 -0.400252 -0.131656 0.86841
1305032359.915265 0.624821 -0.452609 0.361105 -0.267363 -0.403775 -0.139718 0.863691
1305032359.947309 0.621052 -0.465618 0.370641 -0.273279 -0.408043 -0.148437 0.858363
1305032359.984090 0.618784 -0.478085 0.378836 -0.280734 -0.41324 -0.157509 0.851829
1305032360.018877 0.615432 -0.487647 0.389146 -0.290066 -0.418483 -0.169628 0.843777
1305032360.051651 0.611422 -0.500068 0.400138 -0.299638 -0.4239 -0.180937 0.835337
1305032360.087324 0.60565 -0.508168 0.410654 -0.30935 -0.429876 -0.192933 0.826006
1305032360.119052 0.59875 -0.514424 0.421497 -0.317362 -0.436077 -0.202465 0.817389
1305032360.151201 0.589112 -0.519322 0.433235 -0.323656 -0.443962 -0.211299 0.808392
1305032360.187139 0.582642 -0.529901 0.446248 -0.327348 -0.452728 -0.221798 0.799179
1305032360.218935 0.575031 -0.538032 0.459789 -0.329869 -0.459565 -0.231968 0.791314
1305032360.251170 0.565871 -0.542822 0.471993 -0.330817 -0.467462 -0.23804 0.784459
1305032360.285679 0.555876 -0.550493 0.487098 -0.32863 -0.479926 -0.242751 0.776366
1305032360.318280 0.543883 -0.559582 0.501634 -0.321044 -0.491857 -0.249844 0.769796
1305032360.347303 0.538181 -0.571753 0.513501 -0.31265 -0.503602 -0.255218 0.763871
1305032360.387567 0.532802 -0.580842 0.524927 -0.307156 -0.516477 -0.261539 0.755317
1305032360.419307 0.525857 -0.591836 0.536607 -0.302457 -0.526778 -0.273201 0.745913
1305032360.447080 0.514577 -0.599135 0.548522 -0.297745 -0.533148 -0.283551 0.739391
1305032360.487302 0.507563 -0.608041 0.558465 -0.292272 -0.539299 -0.291915 0.733839
1305032360.516084 0.495998 -0.615403 0.568496 -0.289188 -0.544186 -0.29899 0.728585
1305032360.550452 0.485475 -0.622081 0.577838 -0.285606 -0.548835 -0.302868 0.7249
1305032360.585577 0.474862 -0.629253 0.586965 -0.280452 -0.553142 -0.307597 0.72164
1305032360.616453 0.459783 -0.633114 0.595263 -0.2721 -0.559094 -0.313032 0.717904
1305032360.651196 0.445342 -0.639296 0.603229 -0.258011 -0.568947 -0.318371 0.713001
1305032360.683724 0.430576 -0.644623 0.610326 -0.239568 -0.578921 -0.324605 0.708582
1305032360.716902 0.417836 -0.650702 0.614582 -0.221021 -0.58783 -0.325811 0.70672
1305032360.750823 0.405864 -0.655947 0.618237 -0.208341 -0.597066 -0.322822 0.704196
1305032360.787088 0.396947 -0.658037 0.621291 -0.199314 -0.606539 -0.315164 0.70218
1305032360.817705 0.39111 -0.659536 0.625661 -0.196205 -0.614926 -0.305268 0.70013
1305032360.851074 0.385365 -0.658313 0.629901 -0.19339 -0.622386 -0.300481 0.696382
1305032360.887553 0.381198 -0.656914 0.635239 -0.191237 -0.628658 -0.30273 0.690342
1305032360.919281 0.369297 -0.654418 0.639591 -0.188254 -0.633484 -0.309133 0.683883
1305032360.951273 0.359655 -0.655363 0.642629 -0.182888 -0.639902 -0.31126 0.678376
1305032360.983341 0.360097 -0.654177 0.645415 -0.179773 -0.647019 -0.311024 0.672541
1305032361.019684 0.359625 -0.647108 0.65116 -0.182159 -0.652726 -0.311673 0.666053
1305032361.055112 0.354988 -0.643761 0.657062 -0.184935 -0.65753 -0.316653 0.658168
1305032361.083402 0.348291 -0.639032 0.663237 -0.182522 -0.663663 -0.321741 0.650169
1305032361.118826 0.343243 -0.636157 0.669432 -0.175736 -0.672104 -0.32237 0.643017
1305032361.155055 0.342818 -0.63073 0.677502 -0.164562 -0.682833 -0.318473 0.636579
1305032361.187451 0.344718 -0.628214 0.686653 -0.149333 -0.693356 -0.314107 0.631105
1305032361.214912 0.349335 -0.624031 0.695524 -0.134428 -0.701707 -0.309112 0.627684
1305032361.250889 0.358054 -0.618158 0.705611 -0.122269 -0.710678 -0.30198 0.623535
1305032361.283006 0.37008 -0.610162 0.720008 -0.111185 -0.720245 -0.295536 0.617692
1305032361.318300 0.384035 -0.600755 0.734225 -0.106578 -0.726013 -0.292266 0.613292
1305032361.353596 0.391837 -0.590768 0.745842 -0.10518 -0.731335 -0.290101 0.608217
1305032361.385885 0.403128 -0.578462 0.76003 -0.101252 -0.738847 -0.28691 0.601278
1305032361.418314 0.414162 -0.569001 0.774602 -0.0971191 -0.744248 -0.288833 0.594338
1305032361.454287 0.421796 -0.560814 0.787443 -0.0917055 -0.747695 -0.289907 0.590335
1305032361.482980 0.437142 -0.551132 0.802448 -0.0871308 -0.751122 -0.287307 0.587945
1305032361.517186 0.446554 -0.542646 0.814716 -0.0831725 -0.755477 -0.285526 0.583791
1305032361.554410 0.45606 -0.533405 0.829073 -0.0720848 -0.762894 -0.28023 0.578159
1305032361.586249 0.46998 -0.527248 0.843833 -0.0592984 -0.767839 -0.276026 0.57508
1305032361.614853 0.481245 -0.517782 0.856684 -0.0484738 -0.771443 -0.270271 0.574003
1305032361.654354 0.492172 -0.511893 0.870676 -0.0369901 -0.774435 -0.26184 0.574736
1305032361.683032 0.500214 -0.499194 0.882886 -0.0264743 -0.775301 -0.249835 0.579474
1305032361.715384 0.511568 -0.488902 0.895685 -0.0198529 -0.776515 -0.236883 0.583538
1305032361.754316 0.524212 -0.481722 0.909142 -0.0195169 -0.774776 -0.226558 0.589925
1305032361.782986 0.53427 -0.470939 0.924406 -0.0263687 -0.770071 -0.216317 0.599585
1305032361.819589 0.544523 -0.460455 0.938393 -0.0342813 -0.764868 -0.208444 0.608566
1305032361.855109 0.551769 -0.449921 0.946583 -0.0421961 -0.759011 -0.2046 0.616653
1305032361.886775 0.557514 -0.43647 0.952839 -0.0478106 -0.755929 -0.19973 0.621606
1305032361.919175 0.5545 -0.424345 0.952802 -0.0511246 -0.753275 -0.194847 0.626097
1305032361.955033 0.557869 -0.408441 0.956984 -0.0499019 -0.75442 -0.177234 0.630038
1305032361.987135 0.570931 -0.391019 0.967132 -0.0538412 -0.756376 -0.16797 0.629907
1305032362.019273 0.571334 -0.378149 0.973512 -0.059627 -0.755429 -0.169502 0.630112
1305032362.054809 0.570687 -0.362799 0.978202 -0.064076 -0.752649 -0.164249 0.634379
1305032362.086432 0.571516 -0.34344 0.984338 -0.0724506 -0.751378 -0.150951 0.638276
1305032362.118268 0.57401 -0.328149 0.993078 -0.0790514 -0.750771 -0.139216 0.640869
1305032362.154488 0.575184 -0.307042 0.998436 -0.083414 -0.749947 -0.128037 0.643606
1305032362.186946 0.576535 -0.288736 1.00538 -0.0852969 -0.752343 -0.121699 0.64179
1305032362.223302 0.580428 -0.272555 1.01557 -0.0867732 -0.754587 -0.116346 0.639947
1305032362.254745 0.579056 -0.252159 1.02156 -0.0918874 -0.756376 -0.110107 0.638223
1305032362.286962 0.578339 -0.235584 1.02942 -0.0955951 -0.759692 -0.105096 0.634574
1305032362.322988 0.577194 -0.218059 1.03735 -0.0959057 -0.764155 -0.0986205 0.630193
1305032362.355069 0.577815 -0.198839 1.04736 -0.0964085 -0.770239 -0.0917478 0.623714
1305032362.386153 0.575071 -0.181271 1.0573 -0.0959369 -0.776666 -0.0863279 0.61655
1305032362.421202 0.572115 -0.164444 1.06684 -0.0918099 -0.782638 -0.0807776 0.610348
1305032362.452718 0.572412 -0.146778 1.08029 -0.0887567 -0.787962 -0.0743097 0.604744
1305032362.487094 0.570424 -0.130522 1.0893 -0.0895553 -0.792114 -0.0702383 0.599669
1305032362.523226 0.5668 -0.115564 1.09714 -0.0875414 -0.796866 -0.0670733 0.594005
1305032362.554152 0.562648 -0.10243 1.10405 -0.0831598 -0.800316 -0.0656517 0.590142
1305032362.586874 0.557765 -0.0877284 1.10861 -0.0808734 -0.803202 -0.0576572 0.587368
1305032362.623276 0.558396 -0.0735757 1.11609 -0.082002 -0.804991 -0.0519467 0.585292
1305032362.655272 0.555352 -0.0593111 1.11972 -0.0855759 -0.806885 -0.0497847 0.582353
1305032362.687068 0.549784 -0.0450609 1.121 -0.0891272 -0.809739 -0.0476192 0.578024
1305032362.723139 0.54649 -0.0332331 1.12319 -0.0922974 -0.812735 -0.0460717 0.573429
1305032362.752501 0.540585 -0.0230024 1.12381 -0.0944212 -0.814476 -0.0426898 0.570869
1305032362.786189 0.535029 -0.0120924 1.12364 -0.0958854 -0.81599 -0.0349364 0.568986
1305032362.822975 0.532362 -0.00211393 1.12545 -0.0948155 -0.817498 -0.0270693 0.567428
1305032362.854747 0.530467 0.00888471 1.1281 -0.0943122 -0.818767 -0.018705 0.566017
1305032362.887079 0.527688 0.0179871 1.12942 -0.0922892 -0.820856 -0.0123894 0.563493
1305032362.922917 0.523581 0.0267382 1.13027 -0.0858363 -0.822905 -0.00834076 0.561596
1305032362.955254 0.518899 0.0341865 1.12995 -0.0795411 -0.822861 -0.00169758 0.562646
1305032362.987432 0.514756 0.0412657 1.13108 -0.0745497 -0.822687 0.0124289 0.563449
1305032363.023019 0.512305 0.0485381 1.13287 -0.0646423 -0.82213 0.0250622 0.565062
1305032363.050785 0.51177 0.0558803 1.13495 -0.0572392 -0.81907 0.0346366 0.569779
1305032363.087129 0.510413 0.0644306 1.13502 -0.0550108 -0.816595 0.0511149 0.572306
1305032363.121871 0.510613 0.070443 1.13563 -0.0465075 -0.815844 0.0642512 0.572806
1305032363.152039 0.512324 0.0777859 1.13718 -0.0399887 -0.814022 0.0706267 0.575135
1305032363.186339 0.510485 0.0845206 1.13429 -0.0371237 -0.81234 0.0819255 0.576206
1305032363.223545 0.512525 0.0926938 1.13454 -0.0357409 -0.812178 0.0933128 0.574789
1305032363.254897 0.5137 0.101433 1.13429 -0.0316199 -0.812087 0.0966892 0.574601
1305032363.286746 0.511166 0.10669 1.13231 -0.0276015 -0.812026 0.100774 0.574192
1305032363.323009 0.512726 0.11259 1.13453 -0.0240941 -0.8104 0.105901 0.575723
1305032363.351268 0.513085 0.118515 1.13441 -0.0234039 -0.806282 0.113013 0.580164
1305032363.387226 0.514187 0.125852 1.13381 -0.0227109 -0.80396 0.123022 0.581376
1305032363.423169 0.521983 0.135995 1.14046 -0.0233548 -0.803167 0.12627 0.581751
1305032363.454680 0.520215 0.143266 1.1395 -0.0242723 -0.801367 0.12512 0.584437
1305032363.490519 0.522877 0.152633 1.14055 -0.0248309 -0.800325 0.128244 0.585164
1305032363.522372 0.529461 0.166456 1.14587 -0.0300267 -0.800118 0.12727 0.585416
1305032363.554139 0.526241 0.172891 1.14315 -0.0382605 -0.799129 0.125619 0.586642
1305032363.589728 0.522877 0.17923 1.13912 -0.0444777 -0.799329 0.130129 0.584945
1305032363.622073 0.524356 0.187335 1.14104 -0.0473789 -0.800588 0.131503 0.582684
1305032363.653876 0.520349 0.192246 1.13888 -0.0505963 -0.802108 0.133068 0.579961
1305032363.689996 0.519648 0.196472 1.14014 -0.0519741 -0.805544 0.135904 0.574393
1305032363.721151 0.51689 0.197818 1.14075 -0.0496065 -0.809241 0.135006 0.569598
1305032363.754688 0.514035 0.196464 1.14313 -0.0436403 -0.812126 0.137292 0.565418
1305032363.789766 0.511188 0.192767 1.14705 -0.038843 -0.81372 0.142304 0.562229
1305032363.820015 0.509828 0.191027 1.15268 -0.0322631 -0.813539 0.148893 0.561199
1305032363.850926 0.506642 0.186512 1.1545 -0.025628 -0.812313 0.157931 0.560847
1305032363.889635 0.507782 0.187978 1.16183 -0.0225947 -0.81326 0.165868 0.557302
1305032363.918945 0.504205 0.186898 1.16315 -0.0191555 -0.816743 0.163334 0.55307
1305032363.953919 0.500057 0.180851 1.1648 -0.00851068 -0.819436 0.162151 0.54969
1305032363.989477 0.499774 0.179157 1.1698 -0.00469525 -0.820744 0.162983 0.547535
1305032364.021974 0.497449 0.175693 1.17091 -0.002492 -0.822337 0.162632 0.545258
1305032364.051316 0.496945 0.169537 1.1729 0.00299253 -0.824646 0.162727 0.541729
1305032364.089983 0.499161 0.16547 1.17736 0.00462517 -0.827717 0.162304 0.537141
1305032364.121945 0.497408 0.15893 1.17651 0.00605501 -0.831459 0.159887 0.532048
1305032364.154479 0.498423 0.152878 1.17789 0.00868322 -0.837869 0.156033 0.523024
1305032364.187829 0.499388 0.14792 1.18085 0.00975557 -0.844877 0.146204 0.514502
1305032364.220131 0.497275 0.139005 1.18094 0.00882504 -0.852478 0.133 0.505484
1305032364.254427 0.495965 0.128343 1.18162 -0.00889995 0.8604 -0.121854 -0.494756
1305032364.287208 0.496407 0.116494 1.18531 -0.0100389 0.867046 -0.110081 -0.485811
1305032364.321001 0.499823 0.105965 1.19018 -0.00960082 0.873564 -0.0965248 -0.476944
1305032364.353803 0.500149 0.0926688 1.19537 -0.00976305 0.879596 -0.0799067 -0.46886
1305032364.390393 0.499256 0.0789206 1.19962 -0.0100532 0.884766 -0.0615039 -0.46185
1305032364.422934 0.498772 0.0638623 1.20414 -0.0103441 0.890319 -0.0429907 -0.453185
1305032364.454973 0.497141 0.0475893 1.21039 -0.0112762 0.895411 -0.0221296 -0.444548
1305032364.490909 0.491995 0.0286228 1.21467 -0.0125712 0.898885 -0.00144103 -0.438002
1305032364.523222 0.487035 0.0102889 1.21911 -0.0160061 0.90235 0.0162464 -0.430401
1305032364.555371 0.483242 -0.0106295 1.22654 -0.0212371 0.904767 0.0356531 -0.423879
1305032364.590015 0.479096 -0.0321585 1.2336 -0.0284751 0.904884 0.0523819 -0.421462
1305032364.622240 0.473302 -0.0534671 1.23971 -0.032606 0.90467 0.0641641 -0.41999
1305032364.654940 0.469637 -0.0733729 1.24758 -0.0340482 0.904782 0.0760308 -0.417648
1305032364.691021 0.464334 -0.0937587 1.25514 -0.0373124 0.903335 0.0930841 -0.417048
1305032364.723145 0.45973 -0.112322 1.26013 -0.0387689 0.901607 0.110444 -0.416417
1305032364.758771 0.454751 -0.133022 1.26701 -0.0353211 0.899646 0.13039 -0.415197
1305032364.790576 0.446156 -0.153851 1.26987 -0.0364084 0.896419 0.147897 -0.416214
1305032364.822800 0.437155 -0.169495 1.26458 -0.0400366 0.89427 0.157773 -0.416875
1305032364.858509 0.42924 -0.19106 1.26596 -0.0453435 0.895436 0.166394 -0.410428
1305032364.889427 0.422695 -0.213399 1.27214 -0.0471307 0.895519 0.175799 -0.406103
1305032364.923105 0.413575 -0.230777 1.2722 -0.0459727 0.895281 0.184595 -0.402844
1305032364.956761 0.402548 -0.250021 1.27098 -0.0447 0.895939 0.194192 -0.396969
1305032364.991437 0.392361 -0.269775 1.27244 -0.0431487 0.897084 0.200365 -0.391448
1305032365.022936 0.384219 -0.287332 1.27705 -0.0409732 0.897755 0.206282 -0.387048
1305032365.059290 0.373242 -0.301564 1.27818 -0.0410635 0.897952 0.212768 -0.383047
1305032365.087143 0.363578 -0.315842 1.28183 -0.0439742 0.897828 0.221453 -0.37806
1305032365.123256 0.353211 -0.328141 1.28382 -0.0441968 0.897287 0.232144 -0.37287
1305032365.159298 0.341009 -0.341892 1.28209 -0.0464732 0.896912 0.242696 -0.366727
1305032365.191271 0.329087 -0.353457 1.28056 -0.053208 0.896676 0.250255 -0.361268
1305032365.223463 0.318201 -0.36254 1.2798 -0.0602673 0.896877 0.256905 -0.354936
1305032365.256958 0.308207 -0.373817 1.28007 -0.0655333 0.897487 0.263557 -0.347507
1305032365.290273 0.30027 -0.384118 1.28259 -0.067323 0.898038 0.270679 -0.340188
1305032365.323458 0.289658 -0.393939 1.27862 -0.0715572 0.898344 0.277236 -0.333164
1305032365.359591 0.281154 -0.40492 1.28031 -0.0772907 0.899293 0.280605 -0.326434
1305032365.391371 0.274673 -0.412399 1.2846 -0.0802748 0.899392 0.28595 -0.320752
1305032365.423267 0.266052 -0.417651 1.28111 -0.0833424 0.899643 0.291027 -0.314642
1305032365.459383 0.258811 -0.422964 1.28077 -0.0858587 0.90117 0.293284 -0.307417
1305032365.491152 0.253018 -0.428349 1.28212 -0.0853551 0.902789 0.296033 -0.300086
1305032365.523217 0.248152 -0.435533 1.28027 -0.0863202 0.904015 0.298278 -0.293828
1305032365.558893 0.244691 -0.440882 1.27938 -0.0884817 0.906114 0.297411 -0.287533
1305032365.591436 0.241926 -0.445811 1.27876 -0.0914183 0.909286 0.295024 -0.27893
1305032365.623205 0.239125 -0.452129 1.28131 -0.0935229 0.911967 0.294333 -0.27007
1305032365.659377 0.236252 -0.459076 1.28283 -0.095902 0.91336 0.295671 -0.262974
1305032365.691155 0.233484 -0.46189 1.28095 -0.0980685 0.914279 0.296738 -0.257725
1305032365.723383 0.230442 -0.465665 1.27563 -0.100162 0.916531 0.295096 -0.250713
1305032365.759259 0.22716 -0.470184 1.27724 -0.102827 0.919959 0.290202 -0.242661
1305032365.791166 0.222461 -0.474231 1.2768 -0.103866 0.92178 0.28787 -0.238045
1305032365.823223 0.219425 -0.476655 1.27359 -0.104131 0.923573 0.284786 -0.234664
1305032365.859634 0.215124 -0.48005 1.27026 -0.102289 0.926513 0.278971 -0.230836
1305032365.889504 0.210625 -0.482816 1.2701 -0.0981807 0.93003 0.271821 -0.226978
1305032365.927362 0.204927 -0.486867 1.26844 -0.0924878 0.932536 0.266303 -0.225623
1305032365.959313 0.198239 -0.490927 1.26346 -0.0860969 0.935163 0.259045 -0.22573
1305032365.991061 0.193883 -0.4916 1.26098 -0.0795428 0.938362 0.250187 -0.224848
1305032366.026870 0.187826 -0.497832 1.25683 -0.0736992 0.940475 0.24622 -0.222378
1305032366.059164 0.181173 -0.503974 1.25237 -0.070022 0.942804 0.23866 -0.221942
1305032366.091112 0.179277 -0.505477 1.25771 -0.0666574 0.943111 0.237947 -0.222438
1305032366.127026 0.174589 -0.518018 1.25301 -0.0696962 0.939705 0.252057 -0.220371
1305032366.159365 0.171571 -0.528729 1.24275 -0.0848005 0.936755 0.259466 -0.219036
1305032366.190979 0.172145 -0.53698 1.23778 -0.0998149 0.934618 0.262626 -0.218068
1305032366.227205 0.172335 -0.540265 1.22931 -0.105452 0.932379 0.270215 -0.215714
1305032366.259172 0.171512 -0.546933 1.21541 -0.10758 0.931046 0.278279 -0.210096
1305032366.291401 0.170269 -0.552047 1.21128 -0.106944 0.93103 0.284 -0.202706
1305032366.327121 0.165654 -0.561803 1.20523 -0.105926 0.928818 0.295714 -0.196546
1305032366.359097 0.162588 -0.568316 1.19283 -0.109589 0.926527 0.303826 -0.192945
1305032366.391043 0.159417 -0.572543 1.18594 -0.114665 0.925121 0.309328 -0.187932
1305032366.427242 0.156891 -0.576204 1.18038 -0.119402 0.923428 0.315677 -0.182679
1305032366.459233 0.154182 -0.578248 1.17065 -0.12286 0.921707 0.322169 -0.177677
1305032366.491285 0.151157 -0.579424 1.16225 -0.127025 0.921802 0.323934 -0.170915
1305032366.526997 0.149755 -0.580466 1.15812 -0.132263 0.922114 0.325053 -0.16295
1305032366.559109 0.149511 -0.57748 1.15074 -0.138686 0.92256 0.325838 -0.153228
1305032366.591375 0.148301 -0.574878 1.14972 -0.142906 0.923927 0.325416 -0.141571
1305032366.626920 0.146679 -0.5706 1.15011 -0.146443 0.924058 0.328812 -0.128664
1305032366.655039 0.144401 -0.570084 1.14769 -0.150562 0.923214 0.333989 -0.116012
1305032366.687461 0.14423 -0.571042 1.14337 -0.154255 0.922459 0.337221 -0.107506
1305032366.727328 0.144746 -0.564842 1.14277 -0.154057 0.924427 0.333888 -0.101098
1305032366.759333 0.143203 -0.563402 1.1456 -0.150272 0.92592 0.333983 -0.0924441
1305032366.790587 0.140788 -0.56457 1.14547 -0.149277 0.926626 0.334921 -0.0831164
1305032366.826895 0.136555 -0.564146 1.14843 -0.152657 0.927601 0.332883 -0.0737637
1305032366.859205 0.134275 -0.562794 1.15311 -0.155998 0.928149 0.331464 -0.0658445
1305032366.888643 0.131161 -0.559503 1.1594 -0.156836 0.928313 0.331991 -0.058476
1305032366.926959 0.127927 -0.55846 1.16074 -0.157499 0.927996 0.333665 -0.0518131
1305032366.958281 0.12513 -0.557857 1.16115 -0.159091 0.929276 0.330141 -0.0462792
1305032366.990487 0.120847 -0.556499 1.16949 -0.159521 0.932263 0.321995 -0.0419403
1305032367.026585 0.116044 -0.55425 1.17844 -0.158315 0.935004 0.31486 -0.0395872
1305032367.058683 0.111224 -0.551208 1.18657 -0.155214 0.938153 0.307022 -0.0389134
1305032367.087523 0.105038 -0.548809 1.19909 -0.151679 0.941373 0.298809 -0.0390267
1305032367.126868 0.0988356 -0.546035 1.20983 -0.149138 0.944077 0.291248 -0.0406266
1305032367.158939 0.0894637 -0.542362 1.22254 -0.146998 0.947006 0.282406 -0.0426268
1305032367.191850 0.0827513 -0.538967 1.23575 -0.145462 0.949164 0.274887 -0.0486372
1305032367.226101 0.0755808 -0.533273 1.24403 -0.144059 0.951226 0.267412 -0.0539259
1305032367.257578 0.0694626 -0.527369 1.25584 -0.143094 0.954146 0.256443 -0.0580276
1305032367.293991 0.0583477 -0.520547 1.27383 -0.139162 0.956351 0.249707 -0.0606083
1305032367.326110 0.049884 -0.517761 1.28024 -0.14091 0.956261 0.248472 -0.0630161
1305032367.358269 0.0449171 -0.513102 1.28433 -0.147499 0.958278 0.235886 -0.0656092
1305032367.394011 0.037612 -0.504154 1.30039 -0.149983 0.961395 0.220751 -0.0670389
1305032367.425982 0.0334766 -0.498888 1.30728 -0.14965 0.963118 0.213332 -0.067066
1305032367.458337 0.0284637 -0.492202 1.31281 -0.148436 0.965963 0.201371 -0.0658222
1305032367.494794 0.0232182 -0.484489 1.32056 -0.146341 0.969166 0.187825 -0.0634315
1305032367.525123 0.0175123 -0.475793 1.32746 -0.146237 0.971452 0.177196 -0.0591328
1305032367.558998 0.00912936 -0.466699 1.33696 -0.143654 0.973405 0.169415 -0.0560835
1305032367.594540 0.00316479 -0.45808 1.34296 -0.140981 0.974255 0.167272 -0.0545203
1305032367.627313 -0.00400035 -0.449159 1.34545 -0.141946 0.97511 0.162786 -0.0501348
1305032367.659071 -0.012664 -0.4402 1.35241 -0.145778 0.975487 0.157964 -0.0471241
1305032367.694516 -0.019788 -0.428984 1.35642 -0.148427 0.975694 0.155028 -0.044226
1305032367.727182 -0.0271342 -0.418478 1.36071 -0.14749 0.976446 0.15231 -0.0400171
1305032367.759159 -0.0369506 -0.408061 1.36626 -0.144168 0.977669 0.148707 -0.0355671
1305032367.794852 -0.0486878 -0.396839 1.37143 -0.140402 0.978687 0.146539 -0.0314065
1305032367.826871 -0.0593804 -0.387448 1.3747 -0.13777 0.979696 0.1431 -0.0271446
1305032367.858142 -0.0709862 -0.376033 1.3801 -0.134503 0.981241 0.13636 -0.0219446
1305032367.894056 -0.0842704 -0.367547 1.38709 -0.132184 0.982394 0.130912 -0.0171005
1305032367.925922 -0.0973611 -0.355726 1.38997 -0.131327 0.98359 0.12286 -0.0144756
1305032367.957958 -0.108429 -0.342582 1.39214 -0.131668 0.9848 0.112897 -0.00934757
1305032367.994884 -0.120182 -0.329504 1.39478 -0.131935 0.986052 0.101449 -0.0016414
1305032368.025983 -0.130961 -0.317475 1.40094 -0.130161 0.987291 0.0908668 0.00754892
1305032368.058921 -0.143669 -0.311618 1.40679 -0.12955 0.988244 0.0795141 0.0163705
1305032368.094710 -0.154967 -0.298563 1.41121 -0.128988 0.98918 0.0653005 0.0249387
1305032368.126824 -0.164526 -0.28607 1.4144 -0.129284 0.989551 0.0532064 0.0352538
1305032368.156667 -0.173597 -0.272614 1.41896 -0.129212 0.989731 0.040102 0.0461443
1305032368.190798 -0.181416 -0.260102 1.4218 -0.128399 0.989632 0.0295912 0.0571491
1305032368.226380 -0.18874 -0.247516 1.42245 -0.129017 0.989204 0.0158527 0.0676701
1305032368.258177 -0.196558 -0.23319 1.42445 -0.128349 0.98885 0.0050705 0.0753443
1305032368.293455 -0.203114 -0.219779 1.42527 -0.125184 0.988702 -0.00286694 0.0823972
1305032368.326215 -0.208839 -0.210314 1.42408 -0.124357 0.988271 -0.0110251 0.087948
1305032368.358554 -0.212273 -0.194955 1.42158 -0.12579 0.987756 -0.0220651 0.089596
1305032368.393756 -0.213978 -0.178351 1.42357 -0.12674 0.987211 -0.0302972 0.0918299
1305032368.425949 -0.216199 -0.16497 1.41734 -0.129677 0.986399 -0.0355165 0.094547
1305032368.462413 -0.219673 -0.159506 1.41527 -0.133845 0.985531 -0.0435681 0.0944301
1305032368.494411 -0.221225 -0.149364 1.40925 -0.130949 0.984626 -0.0654858 0.0952685
1305032368.526548 -0.227866 -0.135339 1.41003 -0.129336 0.983133 -0.0864216 0.0961954
1305032368.561964 -0.232008 -0.120568 1.39995 -0.127156 0.982748 -0.10128 0.0882084
1305032368.594201 -0.236721 -0.107757 1.39291 -0.119798 0.982838 -0.11573 0.0792691
1305032368.626418 -0.239069 -0.0930091 1.38725 -0.108248 0.982454 -0.132922 0.0734737
1305032368.662780 -0.248343 -0.067623 1.39035 -0.0952886 0.982476 -0.14484 0.0684243
1305032368.692306 -0.254874 -0.0496082 1.38528 -0.0795475 0.982956 -0.152644 0.0645736
1305032368.726391 -0.262969 -0.0292956 1.3903 -0.0652958 0.982407 -0.161846 0.0664735
1305032368.762429 -0.254695 -0.00569172 1.39025 -0.053934 0.982262 -0.165726 0.0691899
1305032368.794488 -0.256953 0.0146923 1.38935 -0.0434805 0.982034 -0.167283 0.0757277
1305032368.826920 -0.255629 0.0287863 1.37998 -0.0337337 0.981566 -0.168897 0.0828481
1305032368.862385 -0.255747 0.0414208 1.37607 -0.0305933 0.980601 -0.171741 0.0893871
1305032368.894079 -0.257071 0.0484337 1.37266 -0.0286447 0.979947 -0.173911 0.0929476
1305032368.926364 -0.259828 0.0602292 1.36628 -0.0227594 0.978768 -0.180372 0.0946678
1305032368.959769 -0.262875 0.0693063 1.36388 -0.0168151 0.977904 -0.185451 0.0950174
1305032368.992519 -0.268276 0.0777523 1.35941 -0.0134204 0.976914 -0.190654 0.0954489
1305032369.026559 -0.271117 0.0828676 1.35488 -0.00750034 0.975387 -0.199016 0.0946402
1305032369.062508 -0.2774 0.0980635 1.35887 0.00232346 0.973512 -0.208845 0.0930188
1305032369.092465 -0.284108 0.107182 1.3544 0.0104926 0.972797 -0.212862 0.0908084
1305032369.126422 -0.285899 0.114999 1.34703 0.0186073 0.971537 -0.217251 0.09258
1305032369.162529 -0.299228 0.114482 1.35489 0.0246089 0.970928 -0.216963 0.0980782
1305032369.194429 -0.302546 0.117251 1.3524 0.0282685 0.970575 -0.21672 0.101082
1305032369.226184 -0.303711 0.121682 1.34597 0.0327739 0.969777 -0.217735 0.105115
1305032369.262275 -0.310704 0.127189 1.34804 0.0356102 0.969297 -0.217502 0.109035
1305032369.294549 -0.314763 0.128576 1.34727 0.0389629 0.969035 -0.217664 0.109887
1305032369.325603 -0.316722 0.132232 1.3454 0.0455553 0.968088 -0.219934 0.111175
1305032369.361711 -0.317695 0.125863 1.34323 0.051561 0.967185 -0.221103 0.114055
1305032369.393865 -0.318411 0.1274 1.34086 0.056973 0.964168 -0.231732 0.11591
1305032369.425788 -0.3207 0.135159 1.34098 0.0583123 0.963118 -0.234078 0.119211
1305032369.461699 -0.319172 0.133742 1.33927 0.0586105 0.963382 -0.230935 0.122999
1305032369.493663 -0.320923 0.135926 1.34223 0.0642452 0.962862 -0.228717 0.128289
1305032369.526387 -0.319842 0.138007 1.33998 0.0660848 0.963061 -0.224657 0.132949
1305032369.561511 -0.32049 0.140297 1.34178 0.0643763 0.963755 -0.21966 0.137048
1305032369.590662 -0.321215 0.142397 1.34466 0.0620544 0.965688 -0.20948 0.140404
1305032369.629343 -0.322363 0.137878 1.34673 0.0583962 0.968031 -0.198345 0.142002
1305032369.661976 -0.324391 0.137335 1.35308 0.0604166 0.968852 -0.193517 0.142219
1305032369.694117 -0.32415 0.132335 1.35464 0.0567286 0.970566 -0.186464 0.141473
1305032369.730214 -0.324262 0.126281 1.36035 0.0499254 0.972029 -0.181995 0.139801
1305032369.762462 -0.328547 0.12258 1.37221 0.0441353 0.973597 -0.176824 0.137459
1305032369.794288 -0.330405 0.118265 1.38109 0.0382606 0.975405 -0.172097 0.1323
1305032369.830464 -0.333882 0.118224 1.39542 0.0334401 0.97725 -0.166387 0.127196
1305032369.862646 -0.335658 0.117161 1.40114 0.0287875 0.979197 -0.160348 0.120965
1305032369.894378 -0.338011 0.11644 1.40974 0.0243154 0.981055 -0.15517 0.113408
1305032369.930439 -0.339831 0.117419 1.42092 0.0210791 0.982577 -0.150523 0.10696
1305032369.962123 -0.340966 0.117687 1.4278 0.0167453 0.98425 -0.143711 0.101578
1305032369.994406 -0.341109 0.118901 1.43335 0.014453 0.985577 -0.137374 0.0977609
1305032370.029452 -0.338837 0.118302 1.43857 0.0106886 0.986394 -0.133713 0.0950477
1305032370.062431 -0.340415 0.119043 1.45032 0.00718473 0.987126 -0.129599 0.0934571
1305032370.094141 -0.343253 0.12157 1.46359 0.00456105 0.988194 -0.121852 0.0927534
1305032370.131075 -0.342371 0.121281 1.47047 0.00150654 0.98949 -0.112724 0.0905566
1305032370.163765 -0.342718 0.122877 1.47955 0.000665335 0.990559 -0.104465 0.0887701
1305032370.191957 -0.340469 0.123149 1.48488 0.000473433 0.991571 -0.0973938 0.085449
1305032370.227691 -0.339808 0.123853 1.49336 0.00100753 0.992338 -0.0921162 0.0823333
1305032370.260069 -0.340708 0.124396 1.50321 0.00060507 0.993068 -0.086021 0.0801045
1305032370.292473 -0.33951 0.1259 1.50959 5.60669e-05 0.993734 -0.0797597 0.078298
1305032370.330184 -0.338248 0.126818 1.5151 -0.00087647 0.994047 -0.0760361 0.078032
1305032370.362216 -0.338905 0.127047 1.52243 -0.00337597 0.994458 -0.0708495 0.0775969
1305032370.393732 -0.336973 0.126253 1.52471 -0.006021 0.994938 -0.0665691 0.075042
1305032370.429519 -0.336593 0.125844 1.52954 -0.00600053 0.995217 -0.0659394 0.0718229
1305032370.462719 -0.337287 0.125978 1.53668 -0.00637912 0.995651 -0.0633869 0.0679685
1305032370.494226 -0.337184 0.126971 1.54038 -0.00787053 0.996091 -0.0604108 0.0639694
1305032370.530396 -0.337762 0.127098 1.54644 -0.00935936 0.996375 -0.0576878 0.0618174
1305032370.559254 -0.340067 0.129381 1.55374 -0.0129724 0.996744 -0.0524067 0.0598852
1305032370.594716 -0.341096 0.131549 1.55809 -0.0185296 0.997207 -0.0436987 0.0576678
1305032370.630635 -0.340471 0.131245 1.55692 -0.0222466 0.99756 -0.0355479 0.0558125
1305032370.662528 -0.341457 0.130451 1.55885 -0.0259367 0.997856 -0.0284694 0.0529085
1305032370.694786 -0.341926 0.129836 1.55958 -0.0301389 0.998166 -0.022093 0.0476339
1305032370.730482 -0.34156 0.128939 1.55964 -0.0300877 0.998383 -0.0196694 0.0440465
1305032370.762399 -0.343365 0.126154 1.56418 -0.0310596 0.99854 -0.0167157 0.0409148
1305032370.794226 -0.344684 0.123503 1.56728 -0.0339941 0.998669 -0.010281 0.0374101
1305032370.830572 -0.343228 0.12184 1.56488 -0.0348269 0.998665 -0.00489841 0.0378377
1305032370.862608 -0.345293 0.114432 1.56788 -0.0373559 0.998398 0.000410723 0.0425041
1305032370.898515 -0.34744 0.108005 1.57267 -0.0423034 0.998096 0.00840184 0.0440942
1305032370.930670 -0.34855 0.0989283 1.5722 -0.0461046 0.997763 0.0190959 0.0444915
1305032370.962798 -0.351609 0.0882874 1.57374 -0.0493089 0.997311 0.0289682 0.0458202
1305032370.998569 -0.355441 0.075911 1.57598 -0.0536071 0.996681 0.0402996 0.0461411
1305032371.030841 -0.361055 0.0634306 1.57714 -0.0559036 0.995962 0.0549672 0.043746
1305032371.063015 -0.365322 0.0496952 1.57593 -0.0554632 0.99515 0.070096 0.0410659
1305032371.098694 -0.369674 0.0328642 1.57344 -0.0592458 0.994118 0.0819308 0.0388197
1305032371.127227 -0.375314 0.0118768 1.57424 -0.0677364 0.992559 0.0946082 0.0358778
1305032371.163393 -0.381175 -0.010109 1.57069 -0.07631 0.990928 0.106126 0.0312326
1305032371.199223 -0.381664 -0.0317818 1.56293 -0.0864576 0.989646 0.111098 0.0279722
1305032371.231580 -0.386379 -0.0573619 1.56135 -0.0990038 0.988352 0.112067 0.0282642
1305032371.263109 -0.389534 -0.0813853 1.55712 -0.110649 0.98679 0.11512 0.0273874
1305032371.298947 -0.390101 -0.105044 1.55026 -0.121379 0.985138 0.118631 0.0264028
1305032371.331335 -0.390807 -0.131999 1.54238 -0.132519 0.983202 0.12206 0.0292272
1305032371.362306 -0.392451 -0.15801 1.53559 -0.145177 0.980676 0.126669 0.0339495
1305032371.399028 -0.397052 -0.184941 1.53334 -0.156599 0.977775 0.133896 0.0388025
1305032371.429259 -0.399098 -0.208313 1.52482 -0.168695 0.974285 0.14307 0.0429256
1305032371.461631 -0.401125 -0.232575 1.51762 -0.181824 0.970108 0.153674 0.0470562
1305032371.500366 -0.404375 -0.254315 1.50961 -0.192171 0.965988 0.165169 0.0515385
1305032371.528780 -0.408532 -0.276682 1.50165 -0.204218 0.961068 0.177208 0.0569186
1305032371.563035 -0.410092 -0.29722 1.49007 -0.219677 0.955227 0.188315 0.0618183
1305032371.594845 -0.412324 -0.314608 1.47833 -0.231013 0.950177 0.198372 0.066674
1305032371.627278 -0.415862 -0.331584 1.4664 -0.23864 0.945768 0.208342 0.0718839
1305032371.661699 -0.418016 -0.34718 1.45174 -0.245005 0.941612 0.217542 0.0775575
1305032371.698085 -0.419745 -0.363759 1.43649 -0.257097 0.936019 0.224983 0.0845708
1305032371.726894 -0.428946 -0.382733 1.42769 -0.267829 0.93063 0.23253 0.0901371
1305032371.763078 -0.433696 -0.394539 1.40939 -0.27433 0.925591 0.243718 0.0928794
1305032371.798775 -0.435773 -0.403615 1.38761 -0.276495 0.923008 0.249938 0.0955941
1305032371.830728 -0.440718 -0.412943 1.36915 -0.276698 0.920955 0.255224 0.100703
1305032371.862988 -0.441034 -0.419434 1.34473 -0.278143 0.919107 0.256586 0.109736
1305032371.898658 -0.448464 -0.436183 1.32883 -0.283097 0.915357 0.258802 0.122472
1305032371.930961 -0.451865 -0.450619 1.3092 -0.292447 0.910126 0.261575 0.133134
1305032371.960332 -0.451613 -0.46185 1.28764 -0.304009 0.904767 0.261623 0.143277
1305032371.999011 -0.450518 -0.472389 1.2675 -0.314649 0.900023 0.25981 0.153143
1305032372.030867 -0.449036 -0.48327 1.24737 -0.323327 0.896067 0.256848 0.162949
1305032372.058918 -0.447048 -0.502634 1.22911 -0.334174 0.891125 0.254264 0.171971
1305032372.098264 -0.447294 -0.519466 1.21422 -0.344845 0.885816 0.254408 0.178012
1305032372.127609 -0.434641 -0.51513 1.18929 -0.353854 0.882217 0.250905 0.183104
1305032372.166169 -0.427483 -0.524149 1.17191 -0.360764 0.878939 0.243373 0.195155
1305032372.198119 -0.422158 -0.5344 1.1575 -0.368988 0.874246 0.237186 0.208051
1305032372.230071 -0.409501 -0.538891 1.14025 -0.378475 0.868845 0.231005 0.22023
1305032372.266126 -0.398869 -0.54678 1.12654 -0.386845 0.863431 0.22468 0.233145
1305032372.297790 -0.389654 -0.555345 1.11367 -0.394501 0.857373 0.221728 0.245189
1305032372.329039 -0.37807 -0.564102 1.10194 -0.406321 0.849717 0.218037 0.255625
1305032372.366292 -0.368416 -0.575859 1.09325 -0.418043 0.842977 0.215402 0.261214
1305032372.398337 -0.35593 -0.576977 1.08311 -0.427568 0.838097 0.212995 0.263462
1305032372.430932 -0.346126 -0.580546 1.07519 -0.434334 0.833455 0.212315 0.267636
1305032372.466079 -0.335704 -0.590036 1.06975 -0.442812 0.827086 0.215848 0.270659
1305032372.498135 -0.31797 -0.587917 1.06113 -0.452642 0.821035 0.217747 0.271299
1305032372.530492 -0.301576 -0.587258 1.05244 -0.4587 0.817258 0.214039 0.275449
1305032372.570271 -0.291725 -0.596978 1.04928 -0.461366 0.813758 0.214015 0.281312
1305032372.597861 -0.276146 -0.603711 1.04359 -0.467526 0.808268 0.217992 0.283905
1305032372.629218 -0.259535 -0.604368 1.03649 -0.472107 0.805278 0.21823 0.284636
1305032372.664108 -0.247788 -0.606723 1.03176 -0.474282 0.803468 0.217557 0.286644
1305032372.698696 -0.236568 -0.607468 1.02723 -0.476446 0.800501 0.218446 0.290651
1305032372.728994 -0.223523 -0.609015 1.02214 -0.479692 0.795979 0.21855 0.297572
1305032372.766505 -0.207206 -0.609739 1.01678 -0.482676 0.792038 0.216871 0.304412
1305032372.797997 -0.18904 -0.609484 1.01066 -0.482192 0.790461 0.21414 0.311137
1305032372.831463 -0.174828 -0.608315 1.00396 -0.477139 0.791806 0.206627 0.320448
1305032372.866969 -0.168743 -0.617316 1.00086 -0.470178 0.792957 0.201588 0.330929
1305032372.898841 -0.157235 -0.616989 0.995591 -0.465763 0.792781 0.19753 0.339919
1305032372.930454 -0.150509 -0.616863 0.990087 -0.4599 0.793032 0.192791 0.34989
1305032372.966691 -0.148278 -0.610855 0.987515 -0.4537 0.7928 0.189414 0.360204
1305032372.998926 -0.140839 -0.602835 0.981882 -0.451597 0.788305 0.189873 0.372268
1305032373.030611 -0.133352 -0.602327 0.975711 -0.454181 0.77991 0.190627 0.386163
1305032373.066897 -0.127384 -0.601889 0.972895 -0.456326 0.773218 0.19401 0.395298
1305032373.099775 -0.122182 -0.596142 0.967851 -0.457391 0.766866 0.203438 0.40165
1305032373.127898 -0.116722 -0.587301 0.961561 -0.457492 0.760481 0.214507 0.407868
1305032373.166377 -0.111 -0.581959 0.955039 -0.460245 0.751134 0.225665 0.41599
1305032373.198404 -0.103418 -0.576749 0.949104 -0.466505 0.741212 0.233231 0.422588
1305032373.230484 -0.0985496 -0.571646 0.944176 -0.471558 0.733138 0.240422 0.427011
1305032373.266752 -0.093363 -0.566946 0.941221 -0.475775 0.72535 0.24756 0.431531
1305032373.298845 -0.0864421 -0.559948 0.937588 -0.478736 0.717855 0.254812 0.436539
1305032373.331228 -0.0791631 -0.553305 0.93305 -0.477412 0.712723 0.26013 0.443212
1305032373.366882 -0.0765771 -0.552532 0.930433 -0.474521 0.708399 0.266344 0.449513
1305032373.399055 -0.0677559 -0.551196 0.926375 -0.474434 0.702958 0.273567 0.453788
1305032373.434622 -0.0619136 -0.547866 0.921493 -0.474124 0.698422 0.274563 0.460465
1305032373.465659 -0.0593428 -0.547565 0.919491 -0.472759 0.695347 0.277535 0.464722
1305032373.498970 -0.0538469 -0.547593 0.916211 -0.468141 0.693447 0.284954 0.467735
1305032373.534678 -0.0517986 -0.54608 0.911635 -0.46494 0.69034 0.290164 0.472298
1305032373.566786 -0.0486895 -0.545384 0.906846 -0.463659 0.687585 0.294944 0.47461
1305032373.598786 -0.0458034 -0.543743 0.901029 -0.464056 0.684957 0.298604 0.475732
1305032373.635967 -0.0423713 -0.538903 0.892269 -0.466075 0.683719 0.299278 0.475116
1305032373.663912 -0.03772 -0.535957 0.884913 -0.466613 0.686219 0.295779 0.47317
1305032373.697914 -0.0394529 -0.536268 0.884841 -0.466465 0.689675 0.289798 0.471991
1305032373.734507 -0.0342279 -0.537808 0.883827 -0.466745 0.691343 0.287791 0.4705
1305032373.766443 -0.0378912 -0.536865 0.88555 -0.459065 0.695757 0.281722 0.475199
1305032373.795838 -0.0475693 -0.543131 0.89104 -0.454232 0.695913 0.282329 0.479237
1305032373.834934 -0.0541423 -0.537905 0.887926 -0.455392 0.692628 0.28456 0.48157
1305032373.867293 -0.0578274 -0.537648 0.883367 -0.455442 0.692564 0.280058 0.484247
1305032373.899270 -0.0681504 -0.540367 0.886932 -0.455134 0.697281 0.271622 0.482569
1305032373.935073 -0.0756735 -0.54646 0.889313 -0.456482 0.699876 0.267366 0.479909
1305032373.967085 -0.0832996 -0.549974 0.891695 -0.45657 0.701012 0.260558 0.481907
1305032373.999199 -0.0962091 -0.553083 0.894747 -0.454518 0.704082 0.253403 0.483186
1305032374.031187 -0.110531 -0.554093 0.895768 -0.455413 0.705612 0.245905 0.483984
1305032374.066725 -0.123474 -0.552382 0.895151 -0.460236 0.707523 0.233025 0.483005
1305032374.098933 -0.134499 -0.559483 0.905706 -0.465316 0.70921 0.219407 0.48204
1305032374.134653 -0.148995 -0.562469 0.910482 -0.465588 0.709893 0.209315 0.48525
1305032374.165256 -0.168342 -0.55864 0.912852 -0.458944 0.714609 0.20084 0.488229
1305032374.198931 -0.186349 -0.560666 0.919945 -0.452229 0.716767 0.19492 0.4937
1305032374.234571 -0.207142 -0.557194 0.920575 -0.445231 0.715283 0.188342 0.504646
1305032374.266232 -0.229443 -0.555473 0.922472 -0.436601 0.71544 0.182396 0.51406
1305032374.295091 -0.250996 -0.550235 0.924133 -0.430033 0.713158 0.180459 0.523366
1305032374.334758 -0.269496 -0.543454 0.920704 -0.423714 0.710919 0.175379 0.5332
1305032374.364907 -0.292072 -0.538503 0.919928 -0.417248 0.708596 0.164466 0.544744
1305032374.399126 -0.319566 -0.531072 0.917454 -0.408804 0.704818 0.149399 0.56017
1305032374.434942 -0.35176 -0.518368 0.914909 -0.402808 0.701204 0.136741 0.572154
1305032374.465697 -0.374218 -0.512636 0.908865 -0.395652 0.699931 0.130298 0.580154
1305032374.498778 -0.405989 -0.502246 0.904903 -0.380852 0.700874 0.121531 0.590726
1305032374.534408 -0.444051 -0.489582 0.896603 -0.369572 0.699019 0.117488 0.600821
1305032374.565648 -0.470037 -0.474674 0.88573 -0.362321 0.700019 0.118134 0.603939
1305032374.605154 -0.496895 -0.461467 0.875173 -0.355358 0.704469 0.117664 0.602992
1305032374.634454 -0.518254 -0.452687 0.868665 -0.349383 0.708734 0.115753 0.601854
1305032374.666026 -0.543361 -0.440488 0.86136 -0.338433 0.712361 0.109525 0.604987
1305032374.699355 -0.572417 -0.424614 0.850106 -0.324889 0.716975 0.104166 0.607901
1305032374.733811 -0.594557 -0.411598 0.841497 -0.313453 0.72275 0.103664 0.607151
1305032374.764278 -0.616191 -0.398467 0.83263 -0.300108 0.728029 0.0975829 0.608594
1305032374.799002 -0.640826 -0.381196 0.825066 -0.290004 0.733314 0.0893816 0.608407
1305032374.833082 -0.659573 -0.367912 0.818866 -0.283852 0.737312 0.0863979 0.606906
1305032374.865385 -0.678772 -0.352853 0.811178 -0.276508 0.740329 0.0832468 0.607064
1305032374.902777 -0.696284 -0.33831 0.805571 -0.271444 0.744286 0.0842297 0.604369
1305032374.934055 -0.710691 -0.3246 0.800216 -0.26531 0.74915 0.0855327 0.60089
1305032374.963033 -0.728121 -0.305428 0.796275 -0.253877 0.754588 0.0874353 0.598748
1305032375.002817 -0.743083 -0.290163 0.790678 -0.244365 0.759667 0.0976617 0.594688
1305032375.033887 -0.752223 -0.277773 0.786556 -0.234224 0.765712 0.107131 0.589362
1305032375.063190 -0.763643 -0.258292 0.782148 -0.224027 0.771727 0.111865 0.584581
1305032375.102173 -0.772347 -0.242948 0.779688 -0.217588 0.777491 0.118641 0.578003
1305032375.133604 -0.776494 -0.229623 0.777829 -0.212364 0.781675 0.120235 0.573959
1305032375.165423 -0.782281 -0.215557 0.775085 -0.208506 0.785556 0.111062 0.57192
1305032375.200434 -0.791534 -0.201259 0.774636 -0.204701 0.79027 0.099747 0.568877
1305032375.233840 -0.798059 -0.186323 0.773386 -0.202839 0.792736 0.0915941 0.567482
1305032375.266195 -0.803629 -0.17088 0.772502 -0.198943 0.79534 0.0832597 0.566501
1305032375.301769 -0.809337 -0.156388 0.772688 -0.194714 0.795789 0.0787761 0.56798
1305032375.333732 -0.813292 -0.143533 0.772626 -0.192472 0.795094 0.0744889 0.570291
1305032375.365885 -0.81621 -0.133586 0.773604 -0.189418 0.794581 0.0681486 0.572815
1305032375.402005 -0.815977 -0.123419 0.775484 -0.183298 0.791805 0.0585067 0.579676
1305032375.434228 -0.820887 -0.112905 0.775704 -0.176596 0.786958 0.0443497 0.589528
1305032375.465844 -0.824872 -0.103574 0.77648 -0.173707 0.782263 0.0345522 0.59724
1305032375.499846 -0.823541 -0.0975776 0.77697 -0.16985 0.77795 0.0245554 0.604436
1305032375.532923 -0.825971 -0.0905555 0.777129 -0.161834 0.774324 0.0122325 0.611623
1305032375.564754 -0.82843 -0.0828231 0.776387 -0.153894 0.770642 0.00638131 0.618374
1305032375.601530 -0.828901 -0.0749013 0.774678 -0.148136 0.767481 0.00133097 0.623721
1305032375.633994 -0.831337 -0.0670593 0.772419 -0.145276 0.765783 -0.00302727 0.626467
1305032375.665634 -0.832238 -0.060092 0.769257 -0.139481 0.765107 -0.00824936 0.62856
1305032375.701032 -0.836399 -0.0500598 0.764126 -0.130825 0.765666 -0.0119035 0.629681
1305032375.733424 -0.840307 -0.0404796 0.759907 -0.125332 0.76639 -0.0134131 0.629888
1305032375.765813 -0.841894 -0.0308803 0.754477 -0.122956 0.76595 -0.0162243 0.630824
1305032375.801369 -0.843703 -0.0212378 0.749731 -0.11941 0.765419 -0.0193215 0.632062
1305032375.833207 -0.84759 -0.0118041 0.743988 -0.115014 0.765108 -0.0217345 0.633174
1305032375.871496 -0.850097 -0.00322401 0.738224 -0.110096 0.765034 -0.0244398 0.634038
1305032375.901646 -0.851223 0.00476211 0.734805 -0.101053 0.764132 -0.0299824 0.636389
1305032375.933407 -0.85831 0.0158367 0.729393 -0.0862552 0.761887 -0.0348092 0.640996
1305032375.970923 -0.863757 0.0244878 0.724394 -0.079046 0.759619 -0.0326248 0.644722
1305032375.998893 -0.865592 0.0319829 0.720738 -0.0707884 0.757708 -0.0313659 0.647984
1305032376.032870 -0.875047 0.043012 0.715953 -0.0564492 0.756156 -0.0295807 0.651281
1305032376.071463 -0.883463 0.053616 0.708729 -0.0457479 0.756632 -0.0243207 0.651785
1305032376.102191 -0.889383 0.064343 0.703297 -0.0405659 0.758582 -0.020651 0.649986
1305032376.133788 -0.891015 0.0711292 0.699393 -0.0332229 0.759545 -0.0184844 0.649343
1305032376.169914 -0.900964 0.0798064 0.69338 -0.0249252 0.760846 -0.0152622 0.648274
1305032376.199876 -0.90684 0.0874762 0.689908 -0.0223596 0.764094 -0.0122686 0.6446
1305032376.230465 -0.907429 0.0923456 0.687186 -0.0164136 0.766901 -0.00920145 0.64149
1305032376.273911 -0.914543 0.100871 0.684676 -0.00899581 0.768797 -0.00458543 0.639413
1305032376.301938 -0.917139 0.110552 0.682941 -0.0102334 0.771044 -0.00170783 0.636698
1305032376.333881 -0.917076 0.115565 0.681784 -0.00729432 0.772131 0.00117372 0.635421
1305032376.373272 -0.919687 0.121965 0.679543 -0.00225605 0.77223 0.00554017 0.635315
1305032376.401634 -0.91915 0.12812 0.67864 0.00116086 0.773154 0.00420193 0.634203
1305032376.433772 -0.917375 0.133081 0.678197 0.00820953 0.77375 0.00301474 0.633431
1305032376.470927 -0.917482 0.138101 0.677475 0.0181865 0.774668 -0.000586738 0.632106
1305032376.502274 -0.918088 0.143093 0.677137 0.031407 0.77692 -0.00533094 0.628793
1305032376.534012 -0.917836 0.147521 0.677721 0.0446578 0.778296 -0.0117353 0.626198
1305032376.570435 -0.91862 0.153731 0.678673 0.0542818 0.777863 -0.0186524 0.625807
1305032376.602018 -0.918219 0.161071 0.679218 0.0601798 0.777338 -0.0258304 0.625665
1305032376.633878 -0.917144 0.168126 0.680955 0.0695334 0.776539 -0.0320492 0.6254
1305032376.670038 -0.916879 0.175899 0.682384 0.0767613 0.774624 -0.0353794 0.626748
1305032376.702106 -0.915558 0.18207 0.683594 0.0786276 0.772945 -0.0378088 0.628446
1305032376.734286 -0.912411 0.19035 0.684542 0.0834864 0.77054 -0.04007 0.630629
1305032376.770230 -0.911981 0.197572 0.686623 0.0870614 0.767631 -0.0416273 0.633585
1305032376.802346 -0.909822 0.205209 0.687677 0.0879156 0.766126 -0.0448306 0.635069
1305032376.833992 -0.907557 0.212828 0.688077 0.0908681 0.764834 -0.0479887 0.635978
1305032376.870589 -0.905794 0.220459 0.688451 0.0962952 0.762594 -0.0505244 0.637671
1305032376.901913 -0.90428 0.227742 0.688739 0.0973958 0.762158 -0.0517418 0.637928
1305032376.933692 -0.898456 0.233867 0.688043 0.0986708 0.761378 -0.0538273 0.638491
1305032376.970386 -0.897382 0.240275 0.687938 0.102723 0.759457 -0.0584078 0.639736
1305032376.999115 -0.893575 0.245475 0.687778 0.106363 0.759106 -0.0634407 0.639077
1305032377.033983 -0.891482 0.249665 0.686681 0.108363 0.75846 -0.0663451 0.639214
1305032377.070323 -0.888666 0.254813 0.685454 0.113033 0.755676 -0.0689181 0.641426
1305032377.102669 -0.887055 0.257782 0.684769 0.115863 0.753909 -0.0705686 0.64282
1305032377.138244 -0.884073 0.261836 0.683742 0.115776 0.753353 -0.0689768 0.643659
1305032377.170226 -0.88149 0.264652 0.683246 0.116851 0.752009 -0.0671711 0.645226
1305032377.201999 -0.881976 0.267121 0.683832 0.116128 0.751735 -0.0642749 0.645971
1305032377.240571 -0.878754 0.268951 0.683379 0.115428 0.75217 -0.0626496 0.645749
1305032377.270905 -0.876675 0.269783 0.683138 0.119508 0.750331 -0.0625832 0.647151
1305032377.301796 -0.876005 0.267277 0.682756 0.118562 0.748954 -0.0608653 0.649081
1305032377.340942 -0.873913 0.265487 0.682832 0.113089 0.748853 -0.0585897 0.650382
1305032377.370316 -0.869531 0.263344 0.683097 0.111615 0.746977 -0.0582935 0.652817
1305032377.401804 -0.870449 0.258448 0.683416 0.10911 0.745447 -0.0577165 0.655037
1305032377.439875 -0.868815 0.252556 0.683705 0.10117 0.74571 -0.0572642 0.656051
1305032377.472533 -0.866904 0.245148 0.683264 0.0973518 0.744444 -0.0579846 0.658
1305032377.501559 -0.869133 0.23306 0.684461 0.0929836 0.743463 -0.0574104 0.659789
1305032377.537201 -0.869876 0.223064 0.684223 0.0844674 0.744134 -0.0574695 0.660172
1305032377.569572 -0.867329 0.211111 0.684363 0.0765884 0.743528 -0.0572519 0.661833
1305032377.602349 -0.868651 0.197981 0.684283 0.0699148 0.741778 -0.0569229 0.664558
1305032377.640524 -0.871075 0.183338 0.682437 0.0605151 0.742202 -0.0551467 0.665156
1305032377.669877 -0.871048 0.167931 0.680407 0.0500237 0.742515 -0.0533103 0.665828
1305032377.701705 -0.869076 0.150554 0.677949 0.0403644 0.740976 -0.053014 0.668218
1305032377.737307 -0.869635 0.134316 0.674556 0.0278779 0.740736 -0.052532 0.669159
1305032377.769318 -0.864394 0.117508 0.670657 0.0157257 0.741044 -0.0528589 0.669188
1305032377.801678 -0.862894 0.100889 0.668494 0.00657467 0.740073 -0.0539267 0.670329
1305032377.837451 -0.863801 0.0835686 0.664312 -0.00465143 0.739683 -0.052596 0.670881
1305032377.869348 -0.85952 0.0699546 0.660533 -0.0179508 0.739652 -0.0525148 0.670697
1305032377.901238 -0.854531 0.0527506 0.655714 -0.03092 0.737734 -0.0518484 0.672387
1305032377.940265 -0.853468 0.0364913 0.651876 -0.0434667 0.735881 -0.0497621 0.67388
1305032377.969308 -0.85047 0.0186968 0.646599 -0.0575481 0.73442 -0.0469379 0.674621
1305032378.001243 -0.843571 0.000980316 0.642714 -0.0717178 0.732148 -0.0453811 0.675837
1305032378.040183 -0.840043 -0.016415 0.638115 -0.0857463 0.728842 -0.0453657 0.677775
1305032378.068725 -0.839839 -0.0337944 0.632447 -0.0998944 0.726392 -0.0418623 0.678693
1305032378.101420 -0.833826 -0.0510509 0.628536 -0.113344 0.725007 -0.0386136 0.678253
1305032378.139924 -0.824934 -0.0673711 0.625257 -0.120575 0.723416 -0.03763 0.67876
1305032378.169193 -0.820724 -0.0823512 0.620947 -0.127183 0.719895 -0.0346146 0.681452
1305032378.202266 -0.812353 -0.0968544 0.616839 -0.137914 0.715294 -0.0329792 0.684285
1305032378.237421 -0.805651 -0.112489 0.612673 -0.150085 0.710097 -0.0307534 0.687234
1305032378.269616 -0.796716 -0.127251 0.608703 -0.1632 0.702844 -0.0259505 0.691884
1305032378.306182 -0.788445 -0.142804 0.606013 -0.174947 0.693607 -0.0230116 0.698408
1305032378.340777 -0.783336 -0.156593 0.598531 -0.185937 0.682316 -0.0207538 0.706712
1305032378.367690 -0.782463 -0.171882 0.589626 -0.20228 0.672316 -0.0157188 0.711918
1305032378.406284 -0.776008 -0.186037 0.583575 -0.219976 0.663209 -0.00630329 0.715349
1305032378.438513 -0.764993 -0.202241 0.577836 -0.234487 0.654099 0.0039722 0.719134
1305032378.470434 -0.75747 -0.219705 0.572503 -0.249839 0.645061 0.0108577 0.722052
1305032378.504807 -0.747398 -0.237169 0.569107 -0.267314 0.636212 0.0146605 0.723576
1305032378.539167 -0.736855 -0.255803 0.567713 -0.283377 0.624781 0.011126 0.727477
1305032378.570470 -0.7293 -0.277602 0.564187 -0.299749 0.612908 0.00798411 0.731048
1305032378.607040 -0.722549 -0.297352 0.561037 -0.316894 0.602981 0.00799922 0.732071
1305032378.640593 -0.715738 -0.317453 0.558338 -0.333652 0.593519 0.0116654 0.732308
1305032378.674045 -0.707089 -0.339722 0.556558 -0.352364 0.58589 0.0163415 0.729593
1305032378.708133 -0.693677 -0.359865 0.563158 -0.368351 0.580943 0.0161025 0.725647
1305032378.741855 -0.682378 -0.378049 0.567347 -0.373721 0.577623 0.0170785 0.72553
1305032378.774289 -0.671637 -0.394204 0.570752 -0.375811 0.575163 0.0214445 0.726287
1305032378.811244 -0.657547 -0.409176 0.57562 -0.375255 0.572811 0.0235737 0.728365
1305032378.840101 -0.65053 -0.423485 0.577958 -0.373643 0.570068 0.0240483 0.731325
1305032378.871857 -0.639071 -0.431992 0.583879 -0.375273 0.566239 0.0246357 0.733442
1305032378.907789 -0.629089 -0.441235 0.591391 -0.377105 0.557443 0.0191056 0.739381
1305032378.938846 -0.621086 -0.44793 0.594797 -0.38175 0.543004 0.0075021 0.747902
1305032378.971348 -0.612117 -0.455734 0.598511 -0.391219 0.527127 -0.00744747 0.75434
1305032379.007038 -0.602904 -0.464543 0.600588 -0.400668 0.512034 -0.0231244 0.759442
1305032379.038668 -0.596673 -0.470875 0.598402 -0.409002 0.501119 -0.033321 0.761896
1305032379.071271 -0.584501 -0.474255 0.600239 -0.418838 0.49477 -0.0332967 0.760702
1305032379.106727 -0.572137 -0.48033 0.603075 -0.42224 0.492186 -0.0279645 0.760713
1305032379.138937 -0.560807 -0.487824 0.603506 -0.422785 0.492079 -0.0168675 0.760807
1305032379.170930 -0.549914 -0.496292 0.602963 -0.423947 0.494291 -0.00297226 0.758905
1305032379.206680 -0.535817 -0.507159 0.605485 -0.428167 0.497102 0.0101423 0.754625
1305032379.238614 -0.521328 -0.516127 0.611461 -0.428474 0.499184 0.0167191 0.752958
1305032379.271270 -0.51107 -0.527168 0.614441 -0.425829 0.499984 0.0208576 0.753825
1305032379.310742 -0.498419 -0.537051 0.621729 -0.424187 0.497865 0.0224643 0.756103
1305032379.342450 -0.487312 -0.549086 0.626632 -0.42273 0.489556 0.0156951 0.762488
1305032379.373747 -0.475281 -0.558479 0.632257 -0.423338 0.479778 0.00159603 0.768503
1305032379.406812 -0.468505 -0.566195 0.635291 -0.426488 0.472253 -0.0127458 0.771312
1305032379.440732 -0.460038 -0.571581 0.640782 -0.432381 0.465677 -0.0229442 0.771794
1305032379.472994 -0.449443 -0.57785 0.648375 -0.438097 0.458667 -0.0323106 0.772433
1305032379.507528 -0.439292 -0.583469 0.661099 -0.440362 0.450033 -0.0442896 0.775622
1305032379.539852 -0.43406 -0.576659 0.667539 -0.435001 0.436096 -0.0585207 0.785602
1305032379.575545 -0.43265 -0.582425 0.670152 -0.429944 0.422264 -0.0665192 0.795247
1305032379.607089 -0.43245 -0.588437 0.669334 -0.424954 0.414127 -0.0674315 0.802101
1305032379.641416 -0.429332 -0.592683 0.668316 -0.423117 0.407244 -0.0670505 0.806616
1305032379.676703 -0.42952 -0.597917 0.661058 -0.420935 0.403116 -0.0698323 0.809589
1305032379.707878 -0.429877 -0.601321 0.653851 -0.423605 0.398755 -0.0757189 0.809827
1305032379.738599 -0.429273 -0.605868 0.645409 -0.426764 0.393292 -0.0872323 0.809682
1305032379.775239 -0.432837 -0.616621 0.628242 -0.430408 0.391689 -0.0964207 0.807485
1305032379.807815 -0.43631 -0.617588 0.617527 -0.437404 0.396312 -0.0987433 0.801164
1305032379.839500 -0.437123 -0.61656 0.609026 -0.444248 0.400552 -0.0967051 0.795519
1305032379.875565 -0.434898 -0.614735 0.60091 -0.450594 0.402575 -0.0946233 0.791167
1305032379.903833 -0.435505 -0.615913 0.590089 -0.45562 0.404489 -0.0920767 0.787604
1305032379.940009 -0.43396 -0.618743 0.582083 -0.461095 0.40617 -0.089861 0.7838
1305032379.976659 -0.43377 -0.619776 0.573771 -0.464441 0.409247 -0.09058 0.780132
1305032380.007756 -0.436632 -0.617929 0.563535 -0.467031 0.414048 -0.0905438 0.776047
1305032380.040494 -0.437047 -0.612734 0.557603 -0.470522 0.416848 -0.0902463 0.772465
1305032380.076762 -0.438978 -0.607947 0.551794 -0.471801 0.418584 -0.0903642 0.770731
1305032380.107291 -0.440414 -0.600081 0.546062 -0.472248 0.417968 -0.0896332 0.770877
1305032380.140050 -0.442651 -0.593558 0.542535 -0.472278 0.41442 -0.0896514 0.772769
1305032380.176572 -0.444668 -0.590132 0.540526 -0.470802 0.407867 -0.0920647 0.776862
1305032380.207110 -0.446578 -0.58426 0.53678 -0.465955 0.400271 -0.0976206 0.783032
1305032380.239460 -0.447887 -0.579275 0.531368 -0.46131 0.394582 -0.101929 0.788104
1305032380.276664 -0.450991 -0.571311 0.526987 -0.453815 0.392762 -0.102337 0.793295
1305032380.307734 -0.455627 -0.565712 0.518356 -0.444767 0.392064 -0.0945354 0.799707
1305032380.339866 -0.458528 -0.560221 0.509526 -0.437806 0.392519 -0.0797662 0.804917
1305032380.375602 -0.456917 -0.549023 0.509201 -0.428913 0.394044 -0.0664846 0.81015
1305032380.407488 -0.458999 -0.530805 0.507626 -0.412869 0.394357 -0.0559327 0.819081
1305032380.439180 -0.459731 -0.515995 0.497435 -0.398401 0.390306 -0.0443363 0.828838
1305032380.473087 -0.459133 -0.509863 0.493059 -0.386154 0.384968 -0.0372617 0.837434
1305032380.507283 -0.463628 -0.49828 0.481416 -0.364681 0.38147 -0.037219 0.848589
1305032380.539774 -0.470671 -0.484788 0.464182 -0.355107 0.380168 -0.0334568 0.853377
1305032380.576395 -0.469385 -0.471822 0.45709 -0.358033 0.381215 -0.0311185 0.851774
1305032380.609316 -0.468858 -0.457552 0.449795 -0.355514 0.385195 -0.0348245 0.850895
1305032380.639507 -0.470912 -0.440663 0.438775 -0.352738 0.389978 -0.0388225 0.849698
1305032380.675545 -0.466327 -0.421268 0.44002 -0.34834 0.391635 -0.0472027 0.850325
1305032380.707658 -0.467011 -0.400879 0.428322 -0.333359 0.389821 -0.0573767 0.856516
1305032380.739529 -0.466176 -0.379675 0.421061 -0.320549 0.388474 -0.066853 0.861317
1305032380.776434 -0.467254 -0.356645 0.407742 -0.299894 0.386091 -0.0714187 0.869423
1305032380.803780 -0.465728 -0.335256 0.390302 -0.291618 0.383947 -0.0706366 0.873244
1305032380.843621 -0.460737 -0.317013 0.38553 -0.290582 0.386836 -0.0670957 0.872593
1305032380.876451 -0.457844 -0.300002 0.376171 -0.277593 0.387718 -0.0660791 0.876499
1305032380.906774 -0.459797 -0.288928 0.359129 -0.266793 0.388789 -0.0646736 0.879478
1305032380.944580 -0.458785 -0.279045 0.34573 -0.258527 0.394624 -0.062418 0.879511
1305032380.976235 -0.459252 -0.266468 0.331404 -0.245202 0.404303 -0.0586344 0.879191
1305032381.010534 -0.461281 -0.253756 0.31513 -0.235039 0.414112 -0.0567689 0.877522
1305032381.043413 -0.464439 -0.239379 0.301289 -0.225149 0.42534 -0.052553 0.875004
1305032381.075126 -0.470231 -0.226561 0.287899 -0.216356 0.43535 -0.0439674 0.87277
1305032381.107139 -0.474191 -0.211536 0.276352 -0.208723 0.443861 -0.0345675 0.870763
1305032381.143098 -0.479217 -0.197201 0.264598 -0.202795 0.453488 -0.0206736 0.867638
1305032381.175951 -0.485679 -0.184773 0.256205 -0.196753 0.464329 -0.00412142 0.863522
1305032381.206840 -0.494813 -0.170409 0.247435 -0.1902 0.473698 0.0142368 0.859786
1305032381.244183 -0.503012 -0.158131 0.242766 -0.187527 0.47921 0.0301311 0.856903
1305032381.275997 -0.510477 -0.150405 0.238185 -0.186389 0.483551 0.036542 0.85446
1305032381.309728 -0.52064 -0.144236 0.234028 -0.179756 0.489951 0.0436448 0.851898
1305032381.341217 -0.531636 -0.139628 0.22708 -0.170821 0.494374 0.0527743 0.850664
1305032381.373199 -0.541085 -0.134844 0.218327 -0.164586 0.499137 0.0611376 0.848549
1305032381.408681 -0.552364 -0.135222 0.207087 -0.163006 0.506334 0.0651459 0.844281
1305032381.444067 -0.560725 -0.134985 0.195974 -0.161145 0.515632 0.070951 0.838524
1305032381.474756 -0.567439 -0.140905 0.184344 -0.158331 0.52656 0.0744449 0.83194
1305032381.508685 -0.575159 -0.144676 0.172892 -0.151948 0.541749 0.0767702 0.82312
1305032381.545353 -0.581224 -0.146458 0.169583 -0.146657 0.556059 0.0773942 0.814433
1305032381.576827 -0.587965 -0.151438 0.16516 -0.138548 0.566445 0.0732611 0.80906
1305032381.608397 -0.597184 -0.152945 0.157447 -0.127933 0.577169 0.0713646 0.803378
1305032381.644906 -0.603222 -0.155462 0.157954 -0.12016 0.587286 0.0729277 0.797081
1305032381.675936 -0.609238 -0.161559 0.154367 -0.11071 0.595572 0.0695712 0.792589
1305032381.707240 -0.616101 -0.163738 0.153397 -0.0983669 0.601826 0.0658317 0.789807
1305032381.744570 -0.622591 -0.165825 0.14779 -0.0878414 0.602521 0.0619618 0.790831
1305032381.776694 -0.625298 -0.167533 0.142321 -0.0798416 0.602799 0.0598289 0.79163
1305032381.810015 -0.623486 -0.17646 0.138131 -0.0706687 0.601497 0.0581047 0.793619
1305032381.843860 -0.622984 -0.183392 0.130877 -0.0548158 0.600506 0.0572637 0.795681
1305032381.876540 -0.622837 -0.188359 0.12056 -0.0411627 0.599779 0.0598721 0.79686
1305032381.907470 -0.618816 -0.196637 0.111092 -0.0283891 0.601983 0.0600481 0.795741
1305032381.943636 -0.618717 -0.201984 0.107084 -0.0127549 0.606085 0.052591 0.793557
1305032381.975700 -0.616302 -0.203035 0.0979798 0.00307498 0.607261 0.0444558 0.793251
1305032382.007016 -0.61806 -0.20418 0.0890069 0.0144338 0.611554 0.0393882 0.79009
1305032382.043778 -0.617344 -0.206366 0.0831975 0.0258377 0.616317 0.0366061 0.786222
1305032382.076551 -0.615896 -0.210302 0.0767915 0.0366807 0.620525 0.0361466 0.782494
1305032382.112595 -0.612319 -0.211894 0.0660485 0.0470508 0.622672 0.0379715 0.780144
1305032382.142801 -0.613339 -0.209161 0.059435 0.0519448 0.625805 0.0383206 0.777304
1305032382.175194 -0.613085 -0.210223 0.0543956 0.0524807 0.628413 0.0437547 0.774873
1305032382.212343 -0.609903 -0.216463 0.0464976 0.0469722 0.628509 0.0515998 0.774666
1305032382.244823 -0.606151 -0.220338 0.0387955 0.0392137 0.628196 0.0564651 0.775012
1305032382.275045 -0.59712 -0.214979 0.0321982 0.0260973 0.625606 0.0594578 0.777432
1305032382.311569 -0.584735 -0.223153 0.027044 0.0106785 0.620606 0.0641379 0.781422
1305032382.343035 -0.569893 -0.227728 0.021836 -0.0047697 0.612531 0.0675911 0.787537
1305032382.375765 -0.555535 -0.232012 0.0148304 -0.0240858 0.602481 0.0705506 0.794644
1305032382.411673 -0.540076 -0.235882 0.0120034 -0.0429114 0.590831 0.0740164 0.802246
1305032382.445108 -0.519888 -0.236954 0.00907235 -0.0624873 0.576863 0.0808318 0.810426
1305032382.476983 -0.495166 -0.242931 0.00741979 -0.0838331 0.561825 0.0873397 0.81835
1305032382.512630 -0.471197 -0.244931 0.00845092 -0.103879 0.545473 0.090181 0.826762
1305032382.545000 -0.447358 -0.247882 0.0101165 -0.128673 0.526677 0.0924636 0.835168
1305032382.577082 -0.418144 -0.25663 0.0123421 -0.145679 0.509294 0.0907723 0.843302
1305032382.614372 -0.39412 -0.261576 0.0153896 -0.162077 0.493066 0.0871999 0.850302
1305032382.644837 -0.367595 -0.269143 0.024499 -0.183022 0.474141 0.090173 0.856483
1305032382.675979 -0.338648 -0.282114 0.0335841 -0.198351 0.454303 0.0879193 0.864023
1305032382.713425 -0.308702 -0.298271 0.0428866 -0.208879 0.439753 0.0807862 0.869747
1305032382.744674 -0.284448 -0.310304 0.0547022 -0.218411 0.426371 0.0710031 0.874907
1305032382.776770 -0.259563 -0.328014 0.0667221 -0.234368 0.410391 0.0596043 0.87926
1305032382.812185 -0.23642 -0.348772 0.0830595 -0.244329 0.396849 0.0432347 0.883711
1305032382.844824 -0.217598 -0.36315 0.098213 -0.251026 0.382961 0.0302488 0.888488
1305032382.875189 -0.199477 -0.380566 0.11888 -0.261606 0.367335 0.019195 0.892334
1305032382.913733 -0.183493 -0.393806 0.143544 -0.26772 0.3502 0.0086084 0.897559
1305032382.943823 -0.170197 -0.413863 0.163496 -0.271178 0.330082 -0.00145038 0.904161
1305032382.975989 -0.15801 -0.432701 0.176966 -0.27525 0.310332 -0.00689779 0.909881
1305032383.012820 -0.147672 -0.448319 0.189218 -0.280471 0.291509 -0.00827918 0.914489
1305032383.044130 -0.134606 -0.464142 0.202252 -0.287769 0.27221 -0.00886227 0.918157
1305032383.077761 -0.123404 -0.480123 0.212363 -0.293054 0.255606 -0.0112707 0.921227
1305032383.113060 -0.114244 -0.489294 0.22937 -0.29549 0.24149 -0.0161156 0.92418
1305032383.144756 -0.107319 -0.497216 0.237616 -0.292199 0.226126 -0.0214049 0.928993
1305032383.177793 -0.103778 -0.505228 0.23259 -0.297098 0.209827 -0.0216049 0.931257
1305032383.213287 -0.0933281 -0.51989 0.234655 -0.312068 0.191708 -0.0275488 0.930109
1305032383.243505 -0.0865482 -0.526903 0.241983 -0.325176 0.180035 -0.0397915 0.927505
1305032383.279376 -0.0840896 -0.526304 0.254127 -0.332843 0.170778 -0.0523083 0.925913
1305032383.311447 -0.0833576 -0.532387 0.261217 -0.335644 0.158459 -0.0613576 0.926536
1305032383.341434 -0.0813461 -0.534683 0.270325 -0.335189 0.142479 -0.0677359 0.928849
1305032383.379477 -0.0771725 -0.54291 0.271485 -0.334147 0.12553 -0.0722432 0.931326
1305032383.411502 -0.0717255 -0.553068 0.27512 -0.335729 0.108739 -0.0787264 0.932343
1305032383.443669 -0.0681669 -0.556492 0.277722 -0.334819 0.094671 -0.0857726 0.933583
1305032383.479196 -0.0641208 -0.562064 0.278833 -0.336346 0.0805214 -0.092436 0.933726
1305032383.511381 -0.0586671 -0.570857 0.279854 -0.337324 0.0697856 -0.0989958 0.933564
1305032383.544691 -0.0555207 -0.577482 0.27597 -0.340741 0.0634636 -0.10348 0.932288
1305032383.579562 -0.0595021 -0.586008 0.284901 -0.341308 0.055202 -0.111669 0.931661
1305032383.613124 -0.0610643 -0.592119 0.280161 -0.333482 0.0453983 -0.111128 0.935082
1305032383.644735 -0.0626186 -0.5939 0.274807 -0.332242 0.0347437 -0.10492 0.936696
1305032383.679654 -0.063878 -0.598852 0.274134 -0.33301 0.0204689 -0.104597 0.93688
1305032383.712037 -0.0646952 -0.604049 0.269179 -0.333881 0.0046023 -0.108082 0.936387
1305032383.742653 -0.0648369 -0.609032 0.264107 -0.339838 -0.0101504 -0.110313 0.933937
1305032383.778285 -0.0677065 -0.612579 0.268512 -0.347896 -0.0226842 -0.113113 0.930408
1305032383.812039 -0.0699242 -0.617642 0.269104 -0.352469 -0.0336592 -0.115306 0.928083
1305032383.843925 -0.0722023 -0.617252 0.271286 -0.353751 -0.0451512 -0.117664 0.92681
1305032383.878906 -0.0726231 -0.617289 0.269934 -0.355077 -0.055447 -0.119199 0.925547
1305032383.911427 -0.0714789 -0.617261 0.272097 -0.357005 -0.0625025 -0.119164 0.92436
1305032383.943289 -0.0699361 -0.61521 0.271264 -0.35697 -0.0661304 -0.117602 0.924321
1305032383.979220 -0.0682793 -0.612076 0.267676 -0.357763 -0.0677404 -0.112762 0.924501
1305032384.011402 -0.0642327 -0.608778 0.268191 -0.360096 -0.0691364 -0.106142 0.924275
1305032384.042763 -0.0609616 -0.605208 0.268688 -0.360773 -0.0690825 -0.0985525 0.924856
1305032384.079025 -0.0571011 -0.600878 0.267343 -0.361052 -0.069915 -0.0916051 0.925398
1305032384.112211 -0.0536675 -0.597462 0.267643 -0.361702 -0.0715729 -0.0869027 0.925471
1305032384.143402 -0.0506449 -0.59526 0.268288 -0.361048 -0.0733041 -0.0816298 0.926071
1305032384.179113 -0.0466292 -0.5923 0.268319 -0.359332 -0.0739618 -0.0748141 0.927261
1305032384.211262 -0.0448177 -0.590703 0.269378 -0.356446 -0.0737911 -0.0718964 0.928618
1305032384.241759 -0.0424429 -0.589614 0.268015 -0.352172 -0.075299 -0.0700118 0.930271
1305032384.278407 -0.0401309 -0.587554 0.269305 -0.348295 -0.0761956 -0.0673272 0.931854
1305032384.308313 -0.037223 -0.587045 0.269484 -0.340553 -0.0777529 -0.0639287 0.934821
1305032384.341175 -0.0338324 -0.583259 0.265807 -0.330882 -0.0809355 -0.0592306 0.938327
1305032384.375647 -0.0282489 -0.575404 0.260671 -0.323379 -0.0834277 -0.0550716 0.940974
1305032384.411880 -0.0227014 -0.568996 0.255853 -0.320015 -0.0834994 -0.0530103 0.942236
1305032384.444075 -0.0180732 -0.560728 0.253959 -0.31806 -0.0846254 -0.0544565 0.942715
1305032384.479096 -0.0137571 -0.551702 0.251056 -0.316189 -0.0879168 -0.0586677 0.94279
1305032384.512157 -0.00895238 -0.542351 0.246857 -0.315233 -0.0910365 -0.0618798 0.942609
1305032384.544929 -0.00419234 -0.531045 0.245147 -0.314526 -0.0925377 -0.0623746 0.942666
1305032384.580765 0.000976933 -0.519517 0.237085 -0.31321 -0.0953674 -0.0626923 0.942801
1305032384.613105 0.00634669 -0.504473 0.233274 -0.314113 -0.0975459 -0.0632763 0.942239
1305032384.647706 0.0111466 -0.491632 0.232062 -0.313155 -0.0974698 -0.0609691 0.942718
1305032384.679303 0.0154332 -0.480358 0.22746 -0.310594 -0.0962435 -0.0537452 0.944129
1305032384.712109 0.0204717 -0.467028 0.221735 -0.30768 -0.09736 -0.0438211 0.945481
1305032384.746434 0.0276591 -0.455328 0.220917 -0.303857 -0.0987827 -0.0348788 0.946941
1305032384.778315 0.034511 -0.442517 0.216299 -0.295024 -0.096691 -0.0263808 0.950219
1305032384.811269 0.0401819 -0.432453 0.211846 -0.285325 -0.0972378 -0.0182117 0.953312
1305032384.846699 0.0474564 -0.419291 0.207358 -0.269125 -0.100319 -0.0138576 0.957766
1305032384.879179 0.0546428 -0.406222 0.197943 -0.251238 -0.102423 -0.00961376 0.962443
1305032384.911051 0.0635793 -0.391349 0.18946 -0.234578 -0.104904 -0.00500843 0.966407
1305032384.947623 0.0724451 -0.375006 0.181607 -0.21856 -0.104933 -0.000173131 0.970165
1305032384.979039 0.0814619 -0.359774 0.172312 -0.203854 -0.104549 0.00424942 0.973394
1305032385.011611 0.0921226 -0.344226 0.163611 -0.190468 -0.103029 0.00800296 0.976239
1305032385.047788 0.0997697 -0.331091 0.154439 -0.178483 -0.0993705 0.0111963 0.978848
1305032385.079238 0.107363 -0.316257 0.143218 -0.165817 -0.0979845 0.0162879 0.981141
1305032385.110028 0.118245 -0.300804 0.133385 -0.157882 -0.0958118 0.0206168 0.982583
1305032385.147955 0.126766 -0.28801 0.127529 -0.15054 -0.091299 0.0248151 0.984066
1305032385.180315 0.136445 -0.273967 0.117882 -0.140882 -0.0877809 0.0291292 0.985697
1305032385.212521 0.144533 -0.259355 0.110816 -0.135195 -0.0824594 0.0328254 0.986836
1305032385.247861 0.152645 -0.246822 0.107229 -0.127817 -0.0800067 0.0359078 0.987913
1305032385.279278 0.162893 -0.230947 0.101663 -0.11639 -0.0774505 0.0345951 0.989575
1305032385.313088 0.169844 -0.214763 0.0957734 -0.108325 -0.0731109 0.0304526 0.990956
1305032385.347825 0.177527 -0.201072 0.0902005 -0.10217 -0.0706375 0.0245499 0.991952
1305032385.379172 0.184163 -0.18784 0.0866493 -0.0952779 -0.0695029 0.0202433 0.992815
1305032385.411331 0.190157 -0.17344 0.0830069 -0.0841094 -0.0716418 0.012968 0.993793
1305032385.446560 0.1963 -0.157444 0.0795309 -0.0735143 -0.0728296 0.00624092 0.994612
1305032385.478895 0.199987 -0.14373 0.0778477 -0.0666945 -0.0755731 0.000620202 0.994907
1305032385.512276 0.20398 -0.132008 0.077974 -0.0539465 -0.0805082 -0.00643719 0.995272
1305032385.546621 0.208151 -0.117094 0.0748831 -0.0378658 -0.0855698 -0.00835563 0.995577
1305032385.579100 0.212204 -0.100312 0.07267 -0.0287692 -0.0922527 -0.0101509 0.995268
1305032385.611944 0.214794 -0.0807957 0.0720098 -0.02538 -0.0966918 -0.0131324 0.994904
1305032385.647972 0.214614 -0.0651841 0.075767 -0.0264226 -0.0999867 -0.0118822 0.994567
1305032385.677687 0.215981 -0.0496343 0.0767641 -0.0232037 -0.107137 -0.00596178 0.993956
1305032385.708060 0.219275 -0.0321473 0.0751158 -0.0206541 -0.113613 0.000190571 0.99331
1305032385.743325 0.220682 -0.0190141 0.076332 -0.0230297 -0.119336 0.00743302 0.992559
1305032385.779209 0.223849 -0.00700471 0.0787995 -0.0220357 -0.125045 0.0164682 0.99177
1305032385.816091 0.226915 0.00817736 0.0794758 -0.0216419 -0.125325 0.0287966 0.991462
1305032385.846913 0.230645 0.0171958 0.0809676 -0.0241572 -0.123755 0.041944 0.991132
1305032385.879571 0.230833 0.0265906 0.0860279 -0.016449 -0.121409 0.0548865 0.990947
1305032385.915659 0.235265 0.0391284 0.0846648 -0.00972729 -0.120894 0.0709123 0.990082
1305032385.943376 0.238243 0.0496815 0.088035 -0.0086994 -0.120731 0.082226 0.989236
1305032385.980099 0.241351 0.0591045 0.0917923 -0.00407222 -0.119634 0.0884452 0.988862
1305032386.014821 0.243832 0.0681654 0.0955265 0.00130887 -0.118013 0.0934358 0.988606
1305032386.048023 0.247405 0.0775716 0.0979579 0.00640307 -0.116187 0.101902 0.987965
1305032386.080071 0.249748 0.0865491 0.102592 0.00687578 -0.113401 0.111636 0.987234
1305032386.115561 0.251425 0.0959391 0.105914 0.00841842 -0.113736 0.121211 0.986053
1305032386.148299 0.254181 0.104603 0.10875 0.0106931 -0.120297 0.127436 0.984467
1305032386.179328 0.257356 0.113181 0.110269 0.0082951 -0.127284 0.131131 0.983125
1305032386.215559 0.258905 0.121605 0.115641 0.00333475 -0.136417 0.135556 0.981328
1305032386.243605 0.260997 0.128313 0.120463 -0.000928217 -0.147342 0.140466 0.97906
1305032386.278957 0.263598 0.134006 0.124658 -0.00627335 -0.160068 0.141503 0.976891
1305032386.315386 0.266082 0.139409 0.130949 -0.0143648 -0.171556 0.140376 0.975016
1305032386.346831 0.267248 0.1432 0.137964 -0.020626 -0.183718 0.142904 0.972317
1305032386.379033 0.272526 0.145775 0.140352 -0.0301002 -0.196329 0.138801 0.970197
1305032386.415310 0.276275 0.147125 0.14434 -0.0421566 -0.207473 0.131316 0.96847
1305032386.447187 0.27849 0.144658 0.148212 -0.0505133 -0.218542 0.125093 0.966457
1305032386.479658 0.284579 0.140516 0.150024 -0.0562933 -0.228427 0.114661 0.965145
1305032386.514929 0.287863 0.135202 0.155032 -0.0637195 -0.23826 0.107335 0.963146
1305032386.547514 0.293678 0.127777 0.157842 -0.0661532 -0.251841 0.0976459 0.960555
1305032386.578838 0.299919 0.119303 0.16126 -0.0679603 -0.262771 0.0858834 0.958622
1305032386.614264 0.30794 0.11042 0.163309 -0.0727027 -0.272735 0.0779358 0.956167
1305032386.646315 0.313567 0.100648 0.167329 -0.073266 -0.281804 0.0702997 0.954084
1305032386.678968 0.324247 0.0912096 0.16729 -0.0716384 -0.287186 0.0624866 0.953146
1305032386.714163 0.334928 0.0807849 0.168384 -0.0744707 -0.291734 0.0574427 0.951864
1305032386.746448 0.343694 0.0707607 0.171589 -0.078619 -0.297563 0.0507015 0.950108
1305032386.778959 0.35288 0.0628523 0.173672 -0.0856064 -0.30219 0.0409982 0.94851
1305032386.814157 0.361531 0.0549025 0.176918 -0.0930134 -0.30569 0.0327844 0.94701
1305032386.846480 0.371267 0.0458018 0.177901 -0.103744 -0.309008 0.0240485 0.945078
1305032386.878932 0.382022 0.0377948 0.177792 -0.116077 -0.310891 0.0122068 0.943252
1305032386.915107 0.389968 0.0296754 0.181049 -0.13323 -0.311629 0.00238912 0.940814
1305032386.947042 0.39806 0.0204146 0.183577 -0.14934 -0.314491 -0.00612627 0.937419
1305032386.979534 0.406793 0.0118312 0.184402 -0.166395 -0.315626 -0.0185256 0.933996
1305032387.015340 0.4218 -0.00647239 0.194861 -0.200549 -0.316938 -0.0289683 0.926548
1305032387.047204 0.42764 -0.0192738 0.198019 -0.209499 -0.316888 -0.030649 0.924529
1305032387.083123 0.434174 -0.0323793 0.202395 -0.211838 -0.318718 -0.0370741 0.92313
1305032387.115144 0.442683 -0.0494725 0.206088 -0.220489 -0.321286 -0.0480545 0.919701
1305032387.146938 0.448604 -0.0628983 0.213234 -0.227903 -0.321653 -0.0614378 0.916965
1305032387.183366 0.454321 -0.0790295 0.220837 -0.234042 -0.319503 -0.0723487 0.915373
1305032387.211762 0.461307 -0.0946815 0.226054 -0.235547 -0.315451 -0.0801305 0.915744
1305032387.243500 0.467153 -0.111055 0.232748 -0.23824 -0.312026 -0.0885564 0.915445
1305032387.283242 0.473897 -0.127428 0.238935 -0.239232 -0.310348 -0.10047 0.914526
1305032387.315110 0.481763 -0.141343 0.243764 -0.244174 -0.308261 -0.110803 0.91273
1305032387.347681 0.488667 -0.154011 0.250209 -0.253631 -0.306183 -0.117902 0.909957
1305032387.382764 0.490711 -0.166514 0.259614 -0.259592 -0.305314 -0.125248 0.907584
1305032387.414331 0.498139 -0.182054 0.264343 -0.263414 -0.3063 -0.130653 0.905385
1305032387.443532 0.501693 -0.195183 0.270984 -0.27033 -0.307149 -0.138194 0.901933
1305032387.482745 0.503368 -0.208004 0.279522 -0.274725 -0.306604 -0.146416 0.89949
1305032387.511705 0.504693 -0.219905 0.286844 -0.275613 -0.308347 -0.152352 0.897635
1305032387.543542 0.50867 -0.233066 0.292575 -0.27655 -0.31495 -0.158078 0.894057
1305032387.583132 0.512216 -0.246844 0.299832 -0.278217 -0.322738 -0.166192 0.889278
1305032387.614697 0.513402 -0.260587 0.308167 -0.279915 -0.330154 -0.176819 0.883957
1305032387.646620 0.514751 -0.270889 0.315594 -0.280013 -0.338558 -0.186343 0.878776
1305032387.682795 0.515775 -0.282062 0.323332 -0.280901 -0.347734 -0.193061 0.873443
1305032387.715088 0.518897 -0.294741 0.330373 -0.285071 -0.355135 -0.19901 0.867761
1305032387.746770 0.52383 -0.307545 0.338746 -0.291261 -0.361223 -0.205829 0.86158
1305032387.782837 0.526794 -0.316467 0.345412 -0.29894 -0.365943 -0.2137 0.855016
1305032387.815294 0.529288 -0.323716 0.353567 -0.309384 -0.369603 -0.220222 0.848043
1305032387.846872 0.52865 -0.329252 0.362342 -0.318861 -0.371389 -0.220807 0.843589
1305032387.883126 0.531809 -0.337634 0.37046 -0.3307 -0.371278 -0.216461 0.840199
1305032387.914658 0.532949 -0.343208 0.380289 -0.34443 -0.370822 -0.213087 0.835735
1305032387.947098 0.53526 -0.351694 0.389552 -0.352626 -0.372375 -0.214053 0.831368
1305032387.983846 0.536303 -0.357521 0.399567 -0.355587 -0.37404 -0.219478 0.827938
1305032388.015687 0.540516 -0.368042 0.408665 -0.355197 -0.376711 -0.225955 0.825148
1305032388.047380 0.543521 -0.376458 0.417648 -0.355296 -0.378352 -0.233831 0.822154
1305032388.083777 0.544569 -0.38301 0.427828 -0.3521 -0.380449 -0.23875 0.821147
1305032388.115961 0.545357 -0.39008 0.437628 -0.349099 -0.38391 -0.239052 0.82073
1305032388.148173 0.546226 -0.398694 0.447993 -0.344606 -0.389641 -0.239586 0.819771
1305032388.184052 0.551452 -0.41147 0.456628 -0.340941 -0.393783 -0.238621 0.819606
1305032388.212538 0.554142 -0.419311 0.465292 -0.339652 -0.396466 -0.236908 0.819345
1305032388.250425 0.558249 -0.428761 0.473838 -0.340398 -0.399168 -0.233142 0.818804
1305032388.283226 0.559065 -0.436118 0.482554 -0.341853 -0.401198 -0.229419 0.818256
1305032388.315193 0.558085 -0.444029 0.491277 -0.340829 -0.403431 -0.223892 0.819116
1305032388.350541 0.558666 -0.453117 0.49975 -0.339117 -0.406135 -0.218791 0.819869
1305032388.383342 0.559796 -0.461638 0.508655 -0.338566 -0.408375 -0.213464 0.820388
1305032388.414973 0.558925 -0.469321 0.515613 -0.337227 -0.40908 -0.208555 0.821849
1305032388.450875 0.556284 -0.475834 0.523083 -0.335219 -0.410347 -0.206452 0.82257
1305032388.483696 0.554225 -0.483291 0.530069 -0.330909 -0.413166 -0.206501 0.822891
1305032388.515455 0.549702 -0.489068 0.537138 -0.326622 -0.417142 -0.206377 0.822629
1305032388.551418 0.547283 -0.497379 0.543743 -0.323884 -0.423205 -0.20732 0.820375
1305032388.581086 0.540617 -0.503704 0.550799 -0.320659 -0.428672 -0.211207 0.817808
1305032388.615087 0.535661 -0.510779 0.5583 -0.314841 -0.434456 -0.21755 0.81535
1305032388.650929 0.533495 -0.516711 0.562298 -0.312334 -0.438004 -0.224175 0.812616
1305032388.684041 0.527442 -0.518283 0.568242 -0.312546 -0.44164 -0.234274 0.807704
1305032388.713169 0.520502 -0.522171 0.574869 -0.31355 -0.444204 -0.244811 0.802768
1305032388.751435 0.513418 -0.525249 0.580517 -0.315177 -0.446694 -0.252516 0.798351
1305032388.783449 0.505083 -0.527773 0.586901 -0.316419 -0.449748 -0.258864 0.7941
1305032388.814824 0.496549 -0.530026 0.591919 -0.317772 -0.452751 -0.261848 0.790869
1305032388.847513 0.488748 -0.533133 0.59836 -0.317568 -0.456756 -0.264006 0.787924
1305032388.882983 0.481961 -0.535824 0.603546 -0.315756 -0.461301 -0.266608 0.785124
1305032388.914716 0.474114 -0.537054 0.610083 -0.313659 -0.466422 -0.268441 0.782309
1305032388.950492 0.467698 -0.540238 0.617151 -0.311733 -0.471081 -0.268813 0.780157
1305032388.983354 0.461942 -0.541298 0.622319 -0.309812 -0.475329 -0.268066 0.778601
1305032389.015302 0.457171 -0.542039 0.628346 -0.308609 -0.480906 -0.268694 0.775431
1305032389.050498 0.451837 -0.542535 0.635513 -0.305293 -0.487634 -0.272717 0.771126
1305032389.083544 0.448852 -0.543389 0.642387 -0.29982 -0.494092 -0.277941 0.767287
1305032389.114834 0.44734 -0.542247 0.648359 -0.29661 -0.498975 -0.282248 0.763795
1305032389.150563 0.444999 -0.540886 0.655668 -0.295203 -0.503289 -0.286026 0.760095
1305032389.183847 0.44212 -0.541102 0.663454 -0.289241 -0.508662 -0.290308 0.757182
1305032389.215520 0.444812 -0.539564 0.667311 -0.28246 -0.513789 -0.293888 0.754895
1305032389.251042 0.44669 -0.536969 0.671376 -0.278441 -0.520145 -0.297292 0.750691
1305032389.283231 0.447735 -0.533679 0.677016 -0.273743 -0.527566 -0.300582 0.745915
1305032389.315296 0.453511 -0.534028 0.684701 -0.270296 -0.534266 -0.302633 0.741561
1305032389.351461 0.460559 -0.530471 0.690758 -0.268433 -0.538503 -0.304556 0.738379
1305032389.383520 0.466317 -0.52637 0.69658 -0.268975 -0.541562 -0.305913 0.735378
1305032389.415851 0.4695 -0.523539 0.703422 -0.267525 -0.546075 -0.307077 0.732077
1305032389.447191 0.478254 -0.520365 0.709254 -0.264104 -0.551006 -0.305808 0.730153
1305032389.484520 0.489496 -0.516998 0.715571 -0.263905 -0.555194 -0.305592 0.727137
1305032389.519411 0.496344 -0.515047 0.722627 -0.263555 -0.557879 -0.308021 0.724177
1305032389.551432 0.503641 -0.511524 0.727196 -0.261929 -0.559202 -0.308808 0.723411
1305032389.583908 0.513922 -0.507733 0.731194 -0.261083 -0.562018 -0.308245 0.721773
1305032389.619179 0.522884 -0.504313 0.736153 -0.261991 -0.56536 -0.307896 0.718978
1305032389.651751 0.527974 -0.50321 0.741674 -0.261363 -0.567308 -0.306177 0.718406
1305032389.683655 0.53719 -0.498906 0.745739 -0.257733 -0.569291 -0.300756 0.720436
1305032389.719141 0.54797 -0.49542 0.749982 -0.254841 -0.572079 -0.296447 0.721042
1305032389.751256 0.554646 -0.490238 0.754332 -0.252049 -0.574095 -0.292899 0.72187
1305032389.783396 0.560517 -0.485869 0.7576 -0.24793 -0.575775 -0.286592 0.724485
1305032389.815171 0.570591 -0.48066 0.760708 -0.244078 -0.577808 -0.277612 0.727664
1305032389.850251 0.577899 -0.476723 0.765261 -0.241366 -0.579455 -0.271175 0.729684
1305032389.883751 0.582298 -0.467592 0.766406 -0.234159 -0.582121 -0.264405 0.73239
1305032389.915433 0.586452 -0.457782 0.765873 -0.220886 -0.589392 -0.259598 0.732417
1305032389.950745 0.59319 -0.450727 0.765559 -0.20855 -0.597589 -0.253145 0.73165
1305032389.982637 0.597536 -0.44176 0.764641 -0.198054 -0.605961 -0.245974 0.730125
1305032390.019198 0.602867 -0.432042 0.764535 -0.183825 -0.616005 -0.239255 0.72767
1305032390.053174 0.612421 -0.42402 0.76691 -0.17459 -0.622423 -0.233422 0.726377
1305032390.081015 0.616279 -0.414231 0.765897 -0.169722 -0.623902 -0.229641 0.727465
1305032390.118347 0.617566 -0.404813 0.765479 -0.164692 -0.62565 -0.222876 0.729222
1305032390.149354 0.622363 -0.393757 0.766003 -0.158899 -0.627499 -0.213798 0.731633
1305032390.183538 0.627122 -0.383803 0.766162 -0.154434 -0.62872 -0.208191 0.733156
1305032390.219241 0.623904 -0.374775 0.766358 -0.147204 -0.628818 -0.203305 0.735925
1305032390.251134 0.628044 -0.363371 0.764974 -0.139735 -0.628568 -0.192333 0.74053
1305032390.282589 0.630172 -0.353721 0.765576 -0.135391 -0.628549 -0.182278 0.743889
1305032390.314979 0.632409 -0.34229 0.764573 -0.130881 -0.62729 -0.171303 0.748353
1305032390.350267 0.634599 -0.332305 0.763437 -0.129159 -0.627156 -0.161221 0.751
1305032390.382610 0.635504 -0.323641 0.763907 -0.126254 -0.62905 -0.151147 0.752005
1305032390.415081 0.636846 -0.314448 0.764589 -0.121563 -0.631443 -0.141764 0.752599
1305032390.451519 0.640381 -0.306244 0.765766 -0.117001 -0.633234 -0.134722 0.753111
1305032390.479658 0.642177 -0.297091 0.766593 -0.114621 -0.63456 -0.127523 0.753614
1305032390.514929 0.642525 -0.28989 0.769067 -0.110802 -0.636539 -0.119457 0.753837
1305032390.550339 0.645561 -0.280808 0.771999 -0.105293 -0.637948 -0.110778 0.754761
1305032390.582772 0.648913 -0.27121 0.774286 -0.101782 -0.639021 -0.101138 0.755688
1305032390.618377 0.649868 -0.263854 0.779625 -0.0975082 -0.639847 -0.0922675 0.756686
1305032390.650434 0.654326 -0.253325 0.783721 -0.0913635 -0.639016 -0.082876 0.759238
1305032390.682873 0.657212 -0.241129 0.785848 -0.0872711 -0.639139 -0.0762173 0.760313
1305032390.718194 0.660545 -0.230514 0.791689 -0.0846507 -0.640469 -0.0703239 0.760058
1305032390.750175 0.664354 -0.217754 0.796842 -0.0837661 -0.640631 -0.0643169 0.760551
1305032390.786274 0.668514 -0.20512 0.802809 -0.0847409 -0.641032 -0.0607184 0.760401
1305032390.818507 0.667963 -0.193263 0.807726 -0.0854052 -0.641488 -0.0573439 0.760204
1305032390.850437 0.669698 -0.180851 0.814436 -0.0842117 -0.642945 -0.0517482 0.759508
1305032390.886597 0.67334 -0.168661 0.822782 -0.0835246 -0.644592 -0.0475273 0.758463
1305032390.918398 0.672212 -0.157592 0.829876 -0.0811334 -0.645866 -0.0437756 0.757864
1305032390.950305 0.671611 -0.145136 0.835993 -0.0747612 -0.648081 -0.0378339 0.756948
1305032390.987238 0.673093 -0.129824 0.84321 -0.0656487 -0.651997 -0.0309851 0.754738
1305032391.019268 0.676951 -0.115657 0.85274 -0.0616168 -0.655463 -0.0282504 0.75218
1305032391.051279 0.678727 -0.104935 0.858268 -0.0627578 -0.655745 -0.0255899 0.751935
1305032391.087153 0.673852 -0.0901572 0.860463 -0.0638805 -0.656827 -0.0204415 0.751053
1305032391.118251 0.670327 -0.0780298 0.864792 -0.0594965 -0.660267 -0.015603 0.748508
1305032391.150434 0.674532 -0.0654246 0.872137 -0.0557971 -0.663 -0.0114658 0.746449
1305032391.186761 0.674583 -0.05307 0.877316 -0.0559487 -0.663734 -0.00662162 0.745844
1305032391.218382 0.672138 -0.0400873 0.880093 -0.0573039 -0.664623 0.000378175 0.744978
1305032391.250262 0.672526 -0.027275 0.883621 -0.056962 -0.666061 0.00681826 0.743688
1305032391.286409 0.671676 -0.0138435 0.886004 -0.0578421 -0.667563 0.0116926 0.742211
1305032391.318198 0.670436 -0.00219351 0.889174 -0.0601241 -0.669424 0.0173951 0.740239
1305032391.350223 0.670463 0.010422 0.892846 -0.0623014 -0.670824 0.0235663 0.738619
1305032391.386404 0.670614 0.0230576 0.89504 -0.0651454 -0.672301 0.0286279 0.73685
1305032391.418275 0.669689 0.0331976 0.897246 -0.0687956 -0.675069 0.0325976 0.733816
1305032391.450231 0.669319 0.0431399 0.900111 -0.0726547 -0.677436 0.0366095 0.731069
1305032391.483296 0.668625 0.0515677 0.902839 -0.0778957 -0.678127 0.0393498 0.729745
1305032391.518579 0.664676 0.0589193 0.903311 -0.0814562 -0.677394 0.0445947 0.729735
1305032391.548166 0.663496 0.0676145 0.903421 -0.0849686 -0.677905 0.0528134 0.72831
1305032391.584774 0.663766 0.0757392 0.903479 -0.0891536 -0.678736 0.0583638 0.726611
1305032391.617070 0.660678 0.0840585 0.901788 -0.0930093 -0.679293 0.0629 0.725227
1305032391.647210 0.657639 0.0915699 0.898697 -0.0967003 -0.680975 0.0672889 0.722768
1305032391.683817 0.657474 0.100402 0.896646 -0.101433 -0.68374 0.0706683 0.719178
1305032391.719489 0.654583 0.107058 0.894218 -0.105624 -0.685951 0.0681617 0.716707
1305032391.748029 0.648662 0.111943 0.890494 -0.108212 -0.686348 0.0657509 0.716166
1305032391.784539 0.647071 0.117638 0.887835 -0.113104 -0.685314 0.0674053 0.716246
1305032391.815353 0.644303 0.122479 0.884817 -0.11909 -0.681588 0.0664735 0.718913
1305032391.850480 0.637733 0.126044 0.879524 -0.121016 -0.676778 0.0656271 0.723201
1305032391.884688 0.636819 0.130544 0.876076 -0.120845 -0.67374 0.0679075 0.72585
1305032391.921342 0.635831 0.136539 0.872205 -0.122316 -0.671423 0.068898 0.727656
1305032391.953133 0.630232 0.139891 0.868395 -0.121579 -0.671175 0.0642694 0.728431
1305032391.983420 0.623683 0.139412 0.866013 -0.114219 -0.671403 0.060067 0.72977
