1305031229.528784 0 0 0 0 0 0 1
1305031229.564442 -0.0128789 -0.00229449 0.00980506 -0.0061546 -0.0280072 0.00619819 0.99957
1305031229.596617 -0.00684243 -0.0101914 0.00152308 -0.00952657 -0.0560627 0.00842613 0.998346
1305031229.628790 -0.0140608 -0.00256221 0.0082621 -0.00997415 -0.0720247 0.0134377 0.997262
1305031229.664358 -0.0126514 -0.00976696 0.00843652 -0.0143199 -0.0923933 0.0114114 0.995554
1305031229.696843 -0.0147177 -0.010537 0.00899155 -0.0147373 -0.104048 0.0138455 0.994367
1305031229.729077 -0.0205934 -0.00371718 0.0117526 -0.0119764 -0.120155 0.0182099 0.992516
1305031229.764869 -0.0216004 -0.00526314 0.0145048 -0.0126996 -0.140278 0.0224236 0.989777
1305031229.796923 -0.029271 -0.00658307 0.0130419 -0.0136496 -0.153803 0.0271917 0.987633
1305031229.825630 -0.0344581 -0.00481733 0.0133743 -0.0128869 -0.17274 0.0320564 0.984361
1305031229.863062 -0.0368915 -0.00720734 0.0139499 -0.0143752 -0.19361 0.0372671 0.980265
1305031229.896938 -0.0451776 -0.00649591 0.0103259 -0.01353 -0.211384 0.0419382 0.976409
1305031229.926255 -0.0468569 -0.00641869 0.011186 -0.0130873 -0.235373 0.0456687 0.970743
1305031229.966241 -0.0438498 -0.00755042 0.0124283 -0.0135968 -0.260026 0.0495623 0.964233
1305031229.997931 -0.0458954 -0.00694084 0.0129438 -0.0133329 -0.278916 0.0524273 0.958791
1305031230.030002 -0.047081 -0.00925322 0.0124793 -0.0141939 -0.295389 0.0532737 0.953785
1305031230.065696 -0.050244 -0.0120411 0.0106609 -0.0150005 -0.309603 0.0555416 0.949124
1305031230.098274 -0.0526422 -0.0108772 0.00940102 -0.0139258 -0.323464 0.0580393 0.944356
1305031230.129935 -0.0561408 -0.0104723 0.00777066 -0.0141468 -0.336024 0.059604 0.939859
1305031230.165780 -0.0599399 -0.0119942 0.00459973 -0.0155353 -0.34819 0.0611992 0.935295
1305031230.197782 -0.0632856 -0.0125276 0.00247592 -0.0154199 -0.360803 0.0619518 0.930454
1305031230.229853 -0.0677827 -0.0133387 -0.000632008 -0.0157632 -0.373003 0.0634238 0.925526
1305031230.265590 -0.0708549 -0.013553 -0.00324785 -0.0157315 -0.38663 0.0649278 0.919812
1305031230.297993 -0.0743313 -0.0147764 -0.00413084 -0.0168974 -0.400862 0.0665769 0.91356
1305031230.335112 -0.0781512 -0.0174623 -0.00785274 -0.0173849 -0.413988 0.068871 0.907507
1305031230.365680 -0.0813532 -0.0170138 -0.0108594 -0.016464 -0.427946 0.0704142 0.900907
1305031230.397329 -0.0851619 -0.0180569 -0.0130583 -0.0179059 -0.442958 0.0726325 0.893416
1305031230.436814 -0.0883488 -0.0197246 -0.0165992 -0.0199955 -0.458543 0.0756548 0.88522
1305031230.465312 -0.0936236 -0.0224681 -0.0217893 -0.0225945 -0.476553 0.0793885 0.875262
1305031230.497300 -0.0984107 -0.0226669 -0.0262959 -0.0243113 -0.498271 0.0814231 0.862847
1305031230.530192 -0.103646 -0.0250051 -0.0307878 -0.0277744 -0.521376 0.0850791 0.84862
1305031230.566115 -0.107307 -0.0253914 -0.0362154 -0.0289125 -0.543928 0.0873299 0.834074
1305031230.598843 -0.112365 -0.0249407 -0.0393655 -0.0299699 -0.566713 0.0882927 0.818622
1305031230.631914 -0.112943 -0.0262398 -0.0437282 -0.031583 -0.588111 0.0894446 0.803199
1305031230.666047 -0.116415 -0.0240674 -0.0465154 -0.0320989 -0.606681 0.0888356 0.789314
1305031230.697945 -0.122001 -0.0249492 -0.0469938 -0.0337337 -0.622569 0.0881699 0.77685
1305031230.733641 -0.123781 -0.028205 -0.0489433 -0.0358307 -0.637475 0.0878768 0.764604
1305031230.765924 -0.128145 -0.0313704 -0.0516377 -0.0378514 -0.652527 0.0882074 0.751662
1305031230.797323 -0.133569 -0.0348118 -0.0566549 -0.0385387 -0.667249 0.0899266 0.738382
1305031230.831757 -0.132991 -0.0393771 -0.0632145 -0.0392151 -0.681946 0.0930398 0.7244
1305031230.865542 -0.137797 -0.0421687 -0.0671723 -0.0397616 -0.697909 0.0959298 0.708618
1305031230.897394 -0.142892 -0.0428571 -0.0752365 -0.0376182 -0.713302 0.0975367 0.693017
1305031230.937310 -0.151827 -0.0380718 -0.0895229 -0.0322953 -0.725317 0.0976539 0.680688
1305031230.965035 -0.156895 -0.0343169 -0.0969056 -0.028933 -0.733591 0.0975824 0.671926
1305031230.997124 -0.157275 -0.031919 -0.0992673 -0.027097 -0.738539 0.0966428 0.666698
1305031231.036750 -0.161087 -0.0273381 -0.101926 -0.0248913 -0.74039 0.0959595 0.664827
1305031231.064474 -0.163869 -0.0335802 -0.102964 -0.0241496 -0.739727 0.0947125 0.66577
1305031231.096788 -0.160555 -0.0316346 -0.10299 -0.0235117 -0.738473 0.0940815 0.667274
1305031231.134711 -0.162393 -0.0328804 -0.0992639 -0.0244767 -0.737857 0.0939255 0.667942
1305031231.165276 -0.163383 -0.0293845 -0.0981593 -0.0239036 -0.73627 0.0942644 0.669664
1305031231.197771 -0.163838 -0.0231141 -0.0955889 -0.0222214 -0.732056 0.0919567 0.674644
1305031231.234468 -0.167765 -0.016757 -0.0900669 -0.0193605 -0.723006 0.0904857 0.684616
1305031231.265635 -0.165163 -0.00988298 -0.0815786 -0.0169536 -0.708378 0.0885821 0.700048
1305031231.297861 -0.161721 -0.00392876 -0.0796216 -0.015999 -0.688002 0.0867444 0.720328
1305031231.335152 -0.156178 -0.00306998 -0.0737127 -0.0165036 -0.665836 0.0847056 0.741091
1305031231.365077 -0.152627 -0.00427954 -0.0649153 -0.0174069 -0.643945 0.0812486 0.760546
1305031231.397330 -0.14737 -0.00420286 -0.0597241 -0.0178527 -0.621931 0.080025 0.778767
1305031231.436858 -0.145576 -0.00265979 -0.0577875 -0.0203939 -0.601203 0.0808175 0.794737
1305031231.464989 -0.144298 -0.00141539 -0.0553159 -0.023495 -0.58349 0.0802454 0.807804
1305031231.499244 -0.142992 -0.000719599 -0.054489 -0.0257237 -0.566406 0.0792712 0.819902
1305031231.533196 -0.140616 0.000604615 -0.0506686 -0.0276391 -0.550761 0.0784106 0.830512
1305031231.565068 -0.138301 0.00230253 -0.0473914 -0.0287851 -0.535778 0.0769635 0.840351
1305031231.601317 -0.137658 0.00461858 -0.0445395 -0.0299166 -0.520877 0.0751308 0.849793
1305031231.633159 -0.135774 0.00490859 -0.04153 -0.0307985 -0.505683 0.0733581 0.859043
1305031231.665055 -0.133709 0.00639089 -0.039169 -0.0301004 -0.49034 0.071555 0.868067
1305031231.703508 -0.132749 0.00879146 -0.0372241 -0.0294581 -0.474485 0.0693283 0.877035
1305031231.733938 -0.131777 0.012971 -0.0332689 -0.0273874 -0.458016 0.0652329 0.886124
1305031231.765509 -0.131786 0.0176193 -0.0307229 -0.0252898 -0.437491 0.059691 0.896883
1305031231.801191 -0.129099 0.0188869 -0.0281762 -0.0247597 -0.415215 0.053276 0.907824
1305031231.833292 -0.126875 0.0206956 -0.0237247 -0.023997 -0.392568 0.0474036 0.918187
1305031231.864959 -0.125604 0.0216475 -0.021697 -0.0221898 -0.366318 0.0410641 0.929318
1305031231.901270 -0.12082 0.0222002 -0.0218632 -0.0206436 -0.339581 0.0342078 0.939728
1305031231.933046 -0.117193 0.0230274 -0.0192351 -0.0196409 -0.316222 0.0287992 0.948044
1305031231.965030 -0.114202 0.0250921 -0.0185257 -0.0174511 -0.293417 0.0249438 0.9555
1305031232.000720 -0.113073 0.0253464 -0.0204014 -0.0168911 -0.272295 0.021505 0.961825
1305031232.033203 -0.109888 0.025955 -0.0192761 -0.0162363 -0.253788 0.0204418 0.966907
1305031232.065145 -0.106257 0.0286889 -0.0191858 -0.0138482 -0.23315 0.018168 0.972172
1305031232.100799 -0.104387 0.0305087 -0.0197797 -0.0125231 -0.212634 0.016008 0.97692
1305031232.132838 -0.102172 0.0317714 -0.019008 -0.0112341 -0.194521 0.0146271 0.980725
1305031232.165052 -0.101133 0.0331785 -0.0203897 -0.00922737 -0.177481 0.0133439 0.98399
1305031232.199224 -0.0946108 0.0332402 -0.0209842 -0.00826685 -0.162035 0.0105635 0.986694
1305031232.236468 -0.0920305 0.0349459 -0.0208813 -0.00750531 -0.144193 0.00774352 0.989491
1305031232.262698 -0.0874219 0.0339319 -0.0217665 -0.00663215 -0.127004 0.00402244 0.991872
1305031232.298025 -0.0828396 0.0360359 -0.0233208 -0.00569975 -0.108487 0.000483849 0.994081
1305031232.332143 -0.0829958 0.035625 -0.0243942 -0.00551276 -0.0903618 -0.00296062 0.995889
1305031232.364749 -0.0814519 0.0409882 -0.0245575 -0.00232038 -0.0752208 -0.00484722 0.997152
1305031232.400878 -0.0817131 0.0433725 -0.0251565 -0.00178418 -0.0617266 -0.00683833 0.998068
1305031232.433144 -0.0810609 0.0452363 -0.0261228 -0.00138979 -0.051365 -0.00804692 0.998647
1305031232.464721 -0.0808593 0.0454974 -0.0268617 -0.00077253 -0.0429614 -0.0106315 0.99902
1305031232.501526 -0.0792608 0.0443902 -0.0276887 -0.00105498 -0.0339307 -0.0132588 0.999336
1305031232.532464 -0.077032 0.0430965 -0.0296129 -0.00162723 -0.0223858 -0.0170109 0.999603
1305031232.564745 -0.076465 0.0410089 -0.0307992 -0.00219649 -0.0100039 -0.0199821 0.999748
1305031232.600350 -0.0747218 0.0412819 -0.0327653 -0.00160031 0.00247117 -0.023249 0.999725
1305031232.629427 -0.0712309 0.0404087 -0.0355932 -0.00239403 0.0174176 -0.0280943 0.999451
1305031232.664708 -0.07432 0.041743 -0.0338984 -0.00186518 0.0339692 -0.0310304 0.998939
1305031232.700509 -0.0715026 0.0418169 -0.0368858 0.000213006 0.0464169 -0.0343792 0.99833
1305031232.732798 -0.0666006 0.0407229 -0.042222 0.000164917 0.0602224 -0.0388755 0.997428
1305031232.768460 -0.0649445 0.0421459 -0.043484 2.86893e-05 0.0777854 -0.0441127 0.995994
1305031232.804538 -0.0660751 0.0406262 -0.0446943 0.00128749 0.0951472 -0.0496475 0.994224
1305031232.834645 -0.0621179 0.0424065 -0.0489454 0.00342261 0.109108 -0.0521472 0.992655
1305031232.868557 -0.0625295 0.0419926 -0.0499301 0.00322773 0.122775 -0.0535193 0.990985
1305031232.904183 -0.0632782 0.0463985 -0.0490198 0.00593158 0.132313 -0.0514833 0.989852
1305031232.933000 -0.0629026 0.049561 -0.0496867 0.00793006 0.136041 -0.0466582 0.989572
1305031232.968364 -0.0619878 0.0494782 -0.0505285 0.00886097 0.136433 -0.0445325 0.989608
1305031233.001151 -0.0611295 0.0555861 -0.0514167 0.0103267 0.135918 -0.0385265 0.989917
1305031233.033022 -0.0695464 0.0575755 -0.0492877 0.0104875 0.127961 -0.028639 0.99131
1305031233.068843 -0.0694335 0.0606786 -0.0506014 0.0145537 0.105927 -0.0196408 0.994073
1305031233.100447 -0.0761117 0.0668142 -0.0486138 0.0183842 0.0799109 -0.00532063 0.996618
1305031233.132892 -0.0740666 0.0571125 -0.0553791 0.0133678 0.0528886 -0.00138144 0.99851
1305031233.168480 -0.0675054 0.0538061 -0.0617156 0.00828267 0.0391526 -0.000102926 0.999199
1305031233.200634 -0.0687217 0.0549172 -0.0600521 0.00229623 0.0328353 0.00156212 0.999457
1305031233.233009 -0.0772608 0.0570886 -0.0517426 -0.00224917 0.0272758 0.00598966 0.999607
1305031233.268468 -0.0873553 0.0634365 -0.0440091 -0.000274626 0.0105573 0.01372 0.99985
1305031233.300395 -0.101353 0.0769346 -0.0387069 0.00459635 -0.0162449 0.0239942 0.99957
1305031233.332530 -0.122982 0.079943 -0.0323684 0.00332574 -0.0581839 0.0356966 0.997662
1305031233.368630 -0.140884 0.0684288 -0.0372728 -0.00152769 -0.0960092 0.0437151 0.994419
1305031233.400893 -0.148749 0.0707822 -0.0350827 -0.00265143 -0.133772 0.0505345 0.989719
1305031233.433008 -0.145148 0.0628726 -0.0347821 -0.00659993 -0.174449 0.0522799 0.983255
1305031233.468787 -0.137129 0.0547894 -0.0339852 -0.0100033 -0.204273 0.0555531 0.977285
1305031233.500736 -0.13627 0.0530732 -0.0328037 -0.0102853 -0.219592 0.0546801 0.974004
1305031233.534161 -0.141196 0.0505617 -0.0320082 -0.00993415 -0.231741 0.0527878 0.971293
1305031233.569727 -0.149784 0.0516411 -0.0337791 -0.00884801 -0.246227 0.0543812 0.967645
1305031233.601275 -0.153973 0.0456942 -0.0375166 -0.0111555 -0.268092 0.0571386 0.961633
1305031233.633041 -0.156355 0.0440584 -0.0391242 -0.0105249 -0.293761 0.0610249 0.953871
1305031233.671783 -0.156593 0.0452996 -0.0380322 -0.00962096 -0.316418 0.0645248 0.946374
1305031233.702296 -0.156795 0.0478423 -0.034361 -0.00815919 -0.333978 0.0656186 0.940259
1305031233.731201 -0.153339 0.0560085 -0.0286063 -0.00265167 -0.343187 0.0632318 0.937133
1305031233.769160 -0.149702 0.0602297 -0.0238031 -0.000713851 -0.342834 0.0588713 0.937549
1305031233.799768 -0.148007 0.0609454 -0.0226933 -0.002068 -0.336554 0.0546291 0.940076
1305031233.833831 -0.146695 0.0564411 -0.0227844 -0.00532479 -0.331575 0.0526395 0.941944
1305031233.865570 -0.146815 0.0550813 -0.0250591 -0.0048823 -0.329838 0.053431 0.942512
1305031233.898697 -0.145901 0.0551568 -0.0246005 -0.00432469 -0.331897 0.0545947 0.941724
1305031233.932003 -0.142715 0.0533428 -0.0214951 -0.00353166 -0.334405 0.0568687 0.940705
1305031233.968159 -0.14101 0.0548682 -0.0201042 0.00143923 -0.333695 0.0587606 0.940847
1305031233.998938 -0.137608 0.0513203 -0.0166261 0.00627535 -0.332091 0.0600586 0.941312
1305031234.037068 -0.135627 0.053113 -0.0164952 0.0158318 -0.327777 0.0624264 0.942557
1305031234.068756 -0.133554 0.052782 -0.0147896 0.0233135 -0.32259 0.0645565 0.944047
1305031234.099741 -0.132344 0.0505239 -0.0156261 0.0315088 -0.316623 0.0664757 0.945695
1305031234.135069 -0.131378 0.0485932 -0.0151683 0.0419738 -0.312243 0.0678569 0.946646
1305031234.165901 -0.130958 0.0527768 -0.0155122 0.0537159 -0.307875 0.0701296 0.947317
1305031234.201004 -0.130089 0.0458919 -0.0146298 0.0597553 -0.304949 0.0727596 0.947703
1305031234.238575 -0.130052 0.0476638 -0.0151261 0.0729249 -0.301721 0.0762381 0.947541
1305031234.265510 -0.129418 0.050862 -0.0135835 0.0831584 -0.299719 0.0784261 0.947155
1305031234.302455 -0.129333 0.0474317 -0.0119946 0.089824 -0.297403 0.0814396 0.947022
1305031234.338458 -0.12982 0.0464886 -0.0125913 0.100726 -0.295117 0.0846623 0.946357
1305031234.366181 -0.129553 0.0482829 -0.0120603 0.111502 -0.294021 0.0872135 0.945258
1305031234.400035 -0.129141 0.0456463 -0.0113695 0.119642 -0.292776 0.0903892 0.94435
1305031234.436771 -0.128094 0.0403955 -0.00966773 0.129987 -0.291207 0.0930083 0.943213
1305031234.467606 -0.126307 0.0404492 -0.00957835 0.1452 -0.288202 0.0965451 0.94156
1305031234.497781 -0.125723 0.0383596 -0.00947787 0.15706 -0.28515 0.100179 0.940205
1305031234.537671 -0.124914 0.0319639 -0.0124499 0.170905 -0.281386 0.105595 0.93833
1305031234.569037 -0.124995 0.0335711 -0.0142229 0.189446 -0.279993 0.110824 0.934576
1305031234.598248 -0.12387 0.0306519 -0.014054 0.20393 -0.279664 0.114815 0.931138
1305031234.633649 -0.122573 0.0275466 -0.0170382 0.220782 -0.276957 0.118964 0.927576
1305031234.665859 -0.121879 0.0284902 -0.0180856 0.237435 -0.274145 0.122333 0.923853
1305031234.698732 -0.12187 0.026645 -0.0202438 0.253863 -0.270173 0.125047 0.920284
1305031234.734437 -0.120737 0.0249349 -0.0227482 0.268965 -0.267113 0.128337 0.916427
1305031234.768972 -0.120246 0.0210067 -0.0277316 0.285515 -0.262685 0.130968 0.912318
1305031234.801553 -0.120159 0.0263021 -0.0305964 0.301894 -0.25962 0.135469 0.907252
1305031234.837808 -0.116504 0.0227067 -0.0300062 0.31173 -0.258176 0.136008 0.904252
1305031234.869321 -0.116142 0.0248701 -0.0325939 0.322834 -0.254554 0.137517 0.901149
1305031234.901998 -0.118325 0.0275851 -0.0329976 0.330008 -0.252785 0.137466 0.899054
1305031234.938161 -0.122242 0.0362025 -0.0300943 0.332233 -0.251843 0.137412 0.898507
1305031234.973080 -0.124416 0.0344863 -0.0299748 0.327101 -0.25277 0.136663 0.900242
1305031235.005083 -0.127583 0.039333 -0.0267866 0.319606 -0.256027 0.134588 0.902324
1305031235.039972 -0.128327 0.0375321 -0.0230718 0.310566 -0.259407 0.133251 0.90471
1305031235.072940 -0.131899 0.039728 -0.0215273 0.30004 -0.263437 0.131245 0.907388
1305031235.099591 -0.132549 0.0410019 -0.0164336 0.288279 -0.26712 0.128342 0.910533
1305031235.136271 -0.133208 0.0368336 -0.016347 0.275963 -0.269463 0.127199 0.913813
1305031235.166371 -0.136828 0.042233 -0.0139164 0.268445 -0.272519 0.123697 0.915626
1305031235.199847 -0.135505 0.0405041 -0.00887538 0.252238 -0.276103 0.119529 0.919704
1305031235.237570 -0.136762 0.0404767 -0.00825856 0.239436 -0.277306 0.117726 0.922991
1305031235.269039 -0.137166 0.0420195 -0.00378143 0.226988 -0.280075 0.113412 0.925836
1305031235.306487 -0.13784 0.0473759 0.00156269 0.215087 -0.281575 0.10951 0.928688
1305031235.338000 -0.139482 0.0513941 0.00617581 0.199137 -0.282203 0.104995 0.932567
1305031235.369888 -0.141864 0.0511727 0.00790138 0.182889 -0.281772 0.100474 0.936515
1305031235.406016 -0.145946 0.0580254 0.00866114 0.17058 -0.282993 0.0970395 0.93883
1305031235.438153 -0.145509 0.0617544 0.0140913 0.150458 -0.2878 0.0926779 0.941246
1305031235.470059 -0.147737 0.0629202 0.0156117 0.132857 -0.289657 0.0911975 0.943467
1305031235.505985 -0.150312 0.0662208 0.0173946 0.115828 -0.292414 0.0889696 0.945073
1305031235.538554 -0.150924 0.0701098 0.0212856 0.0983075 -0.296473 0.0861851 0.94605
1305031235.570365 -0.152148 0.0717855 0.0237797 0.0806979 -0.298607 0.0837971 0.947259
1305031235.606006 -0.153959 0.0772818 0.0269776 0.0629998 -0.301148 0.0807957 0.948057
1305031235.638951 -0.155543 0.0776737 0.0288307 0.0430021 -0.303002 0.0773836 0.948869
1305031235.670516 -0.15802 0.081584 0.0310039 0.0241683 -0.30511 0.0748782 0.949061
1305031235.705778 -0.159785 0.084094 0.033814 0.00417189 -0.307952 0.0722691 0.948644
1305031235.738797 -0.162022 0.0875025 0.0361155 -0.0143746 -0.310791 0.0691684 0.947849
1305031235.769630 -0.163932 0.0950292 0.0389084 -0.0315711 -0.313751 0.0659464 0.946686
1305031235.807225 -0.165683 0.0974143 0.0413672 -0.0521531 -0.315224 0.0626194 0.945512
1305031235.838812 -0.167783 0.102998 0.0431771 -0.0692631 -0.316004 0.0599297 0.944326
1305031235.870067 -0.169323 0.107675 0.0457111 -0.0853478 -0.316332 0.0563539 0.943119
1305031235.906111 -0.169904 0.111513 0.0474735 -0.101341 -0.316861 0.0534529 0.941526
1305031235.938233 -0.170598 0.117262 0.0490776 -0.114328 -0.31725 0.0511588 0.940034
1305031235.970011 -0.171971 0.120646 0.0502186 -0.128021 -0.317689 0.0483282 0.938269
1305031236.006853 -0.172787 0.124792 0.0519885 -0.139835 -0.318382 0.0449068 0.936516
1305031236.038048 -0.173426 0.12707 0.0528971 -0.151805 -0.318684 0.0427338 0.934649
1305031236.069878 -0.174209 0.132479 0.0543169 -0.162523 -0.319044 0.0402816 0.932832
1305031236.105872 -0.175291 0.135137 0.0558399 -0.16965 -0.319088 0.037349 0.931669
1305031236.138325 -0.176318 0.138518 0.0570209 -0.174917 -0.318669 0.0342884 0.930956
1305031236.170933 -0.176477 0.139908 0.0577738 -0.180231 -0.317838 0.0334901 0.930255
1305031236.207190 -0.176957 0.142038 0.0584664 -0.186792 -0.316475 0.0327448 0.929451
1305031236.238375 -0.178016 0.143626 0.0605086 -0.188275 -0.315 0.0300662 0.929744
1305031236.269959 -0.178887 0.143743 0.0611919 -0.184687 -0.313744 0.0279386 0.930954
1305031236.306994 -0.179104 0.142277 0.0621229 -0.180477 -0.311906 0.0286795 0.932374
1305031236.339217 -0.178593 0.139839 0.062597 -0.172132 -0.311303 0.0318682 0.934048
1305031236.370096 -0.177166 0.136638 0.0622989 -0.163245 -0.311895 0.0354984 0.935314
1305031236.405869 -0.176211 0.133519 0.0602312 -0.152464 -0.312262 0.0391898 0.936862
1305031236.438788 -0.175884 0.130315 0.0575626 -0.14078 -0.311153 0.0437951 0.938854
1305031236.475141 -0.173323 0.12435 0.0557282 -0.127967 -0.310132 0.0474898 0.940844
1305031236.507721 -0.17252 0.120327 0.0521843 -0.115279 -0.308495 0.050258 0.942876
1305031236.538645 -0.170348 0.113403 0.0497223 -0.101616 -0.307707 0.052318 0.944592
1305031236.574095 -0.169129 0.108567 0.0451799 -0.0875838 -0.306071 0.0542531 0.946418
1305031236.605757 -0.168555 0.106117 0.0413032 -0.0713312 -0.304029 0.0563832 0.948314
1305031236.638401 -0.165294 0.099113 0.037893 -0.055687 -0.303405 0.0582446 0.949448
1305031236.675147 -0.163841 0.095505 0.0333214 -0.0402846 -0.302876 0.0607412 0.950239
1305031236.703362 -0.162156 0.0903309 0.029181 -0.0257202 -0.303173 0.0639453 0.95044
1305031236.733922 -0.160035 0.0875531 0.023704 -0.00836922 -0.303038 0.066912 0.95059
1305031236.774041 -0.157024 0.0843533 0.0200495 0.0065173 -0.303248 0.0697157 0.950336
1305031236.802588 -0.155911 0.0781207 0.0134452 0.0228985 -0.301689 0.0715569 0.950441
1305031236.836415 -0.153103 0.0746371 0.0092501 0.0408249 -0.300787 0.0726008 0.950047
1305031236.874398 -0.151288 0.0704851 0.00333473 0.0569841 -0.298361 0.0745225 0.949832
1305031236.906069 -0.149988 0.0647918 -0.00388476 0.0740184 -0.296086 0.0757348 0.949273
1305031236.934437 -0.148114 0.0611202 -0.0102218 0.0911119 -0.294939 0.078174 0.947944
1305031236.974400 -0.146073 0.0584377 -0.0166035 0.107645 -0.294451 0.081154 0.94611
1305031237.007426 -0.143217 0.0537687 -0.0224357 0.124137 -0.29452 0.0845811 0.943766
1305031237.037024 -0.140613 0.0529951 -0.0288504 0.143871 -0.293748 0.0864535 0.941031
1305031237.073427 -0.137185 0.0504847 -0.034305 0.160244 -0.291884 0.088818 0.938742
1305031237.105968 -0.133539 0.045042 -0.0401211 0.176402 -0.289484 0.0913781 0.936339
1305031237.137832 -0.13032 0.0436398 -0.0457366 0.196871 -0.285609 0.0936802 0.933216
1305031237.171227 -0.128434 0.044916 -0.0513647 0.21399 -0.281596 0.0980744 0.930211
1305031237.204229 -0.125575 0.0380829 -0.0566943 0.227132 -0.279132 0.101808 0.927433
1305031237.237569 -0.124616 0.040801 -0.0626647 0.244169 -0.275569 0.106833 0.923596
1305031237.274659 -0.121746 0.0395485 -0.0646363 0.257373 -0.273354 0.109834 0.920311
1305031237.305810 -0.119408 0.0390801 -0.068358 0.271434 -0.268634 0.11236 0.917352
1305031237.337142 -0.114837 0.0378511 -0.0707975 0.282972 -0.264135 0.115578 0.914769
1305031237.374166 -0.111985 0.0382665 -0.0733277 0.296252 -0.260091 0.119402 0.911225
1305031237.405734 -0.109963 0.0411325 -0.0754582 0.307479 -0.257379 0.122292 0.907886
1305031237.437722 -0.107119 0.0404038 -0.0778374 0.316545 -0.254643 0.12472 0.905208
1305031237.474128 -0.104294 0.0361777 -0.0837699 0.324825 -0.251629 0.129166 0.90249
1305031237.506045 -0.106738 0.0425915 -0.0868121 0.335355 -0.249801 0.132721 0.898622
1305031237.537650 -0.102901 0.0417384 -0.0864951 0.341792 -0.249343 0.134815 0.896008
1305031237.573948 -0.102608 0.0399494 -0.0916527 0.349314 -0.247251 0.138413 0.893134
1305031237.606813 -0.101163 0.044725 -0.0900725 0.356385 -0.246875 0.139271 0.890307
1305031237.637855 -0.10359 0.046398 -0.0927783 0.360949 -0.245216 0.140943 0.888662
1305031237.675276 -0.104379 0.0444212 -0.095649 0.362713 -0.244468 0.141544 0.888054
1305031237.707118 -0.101445 0.0451192 -0.0959558 0.365155 -0.243247 0.142171 0.887288
1305031237.741667 -0.104525 0.0483483 -0.0970088 0.364636 -0.243108 0.143118 0.887388
1305031237.774306 -0.104731 0.044636 -0.0971829 0.363397 -0.243721 0.142956 0.887753
1305031237.806496 -0.103119 0.0407925 -0.0994602 0.366655 -0.241659 0.143555 0.88688
1305031237.843031 -0.107729 0.0519298 -0.099909 0.36677 -0.242041 0.14466 0.886549
1305031237.875422 -0.107152 0.0397531 -0.0991598 0.361363 -0.244132 0.144638 0.888198
1305031237.907784 -0.104774 0.031056 -0.101996 0.363877 -0.244402 0.147948 0.886551
1305031237.944187 -0.106535 0.0431833 -0.106307 0.363687 -0.246382 0.146522 0.886318
1305031237.973810 -0.109175 0.0480407 -0.103526 0.357517 -0.249748 0.145545 0.888045
1305031238.006932 -0.110995 0.0476875 -0.101148 0.349014 -0.255863 0.144747 0.889816
1305031238.043140 -0.115161 0.0533044 -0.0934449 0.340694 -0.262784 0.139805 0.891811
1305031238.074032 -0.119645 0.0620969 -0.0879718 0.328128 -0.268652 0.133262 0.895767
1305031238.106588 -0.123083 0.0673113 -0.0807499 0.311667 -0.27244 0.123601 0.901866
1305031238.143328 -0.123828 0.0661204 -0.0762805 0.292636 -0.274402 0.116739 0.908537
1305031238.172300 -0.133092 0.0768231 -0.0722623 0.274514 -0.276297 0.107625 0.914723
1305031238.205426 -0.136983 0.0719401 -0.0732341 0.250888 -0.280012 0.0999437 0.921227
1305031238.240147 -0.140957 0.0732558 -0.0693947 0.233374 -0.284885 0.0937703 0.924978
1305031238.272527 -0.142512 0.0745062 -0.0649966 0.214914 -0.289023 0.0863195 0.928885
1305031238.306053 -0.147187 0.0813232 -0.0604523 0.196567 -0.290873 0.0797533 0.932949
1305031238.342596 -0.149562 0.0782202 -0.057163 0.172917 -0.292754 0.0731905 0.93757
1305031238.374104 -0.155113 0.0815193 -0.0548746 0.15517 -0.293767 0.0677183 0.940764
1305031238.406036 -0.157204 0.084126 -0.0502567 0.136013 -0.296336 0.0607942 0.943393
1305031238.443424 -0.160365 0.0844153 -0.047342 0.116697 -0.296869 0.055267 0.946148
1305031238.474082 -0.163496 0.0864607 -0.0447918 0.100275 -0.29759 0.0506024 0.948064
1305031238.505811 -0.166475 0.0848447 -0.0436323 0.0840561 -0.298716 0.0451585 0.94956
1305031238.543264 -0.168195 0.083751 -0.0426517 0.0719774 -0.300792 0.0419663 0.950043
1305031238.574184 -0.170484 0.0890787 -0.0401213 0.0624254 -0.303427 0.0382591 0.950038
1305031238.605825 -0.17199 0.0920518 -0.038011 0.0510959 -0.306117 0.034096 0.95001
1305031238.642759 -0.172876 0.0952708 -0.0353503 0.0390274 -0.308139 0.0304318 0.950053
1305031238.673813 -0.174585 0.0981214 -0.0339521 0.0271959 -0.308375 0.0271915 0.950487
1305031238.705189 -0.176338 0.103362 -0.0323944 0.0155479 -0.308133 0.0235936 0.950924
1305031238.741307 -0.177966 0.105607 -0.0302022 0.00207507 -0.308989 0.0198958 0.950855
1305031238.771796 -0.179724 0.108194 -0.029066 -0.0088574 -0.310407 0.0178055 0.950396
1305031238.807019 -0.181025 0.112197 -0.0284087 -0.0184102 -0.311948 0.0155603 0.949793
1305031238.842940 -0.181917 0.115381 -0.0266654 -0.0298667 -0.313301 0.0120714 0.949107
1305031238.873723 -0.184063 0.119387 -0.0263469 -0.0389317 -0.313209 0.012022 0.94881
1305031238.906172 -0.185089 0.121672 -0.0256651 -0.0451277 -0.313724 0.0114072 0.948373
1305031238.942786 -0.184934 0.122313 -0.0249895 -0.051081 -0.314697 0.0100784 0.947763
1305031238.972308 -0.187163 0.126593 -0.0254972 -0.0564626 -0.314084 0.00825501 0.947679
1305031239.010483 -0.187662 0.126011 -0.0255145 -0.0618229 -0.313038 0.00527163 0.947712
1305031239.040879 -0.188453 0.128304 -0.0247384 -0.0680974 -0.312301 0.00326548 0.947534
1305031239.074661 -0.190191 0.130966 -0.0248661 -0.0726698 -0.311344 0.00272823 0.947511
1305031239.110906 -0.190259 0.13085 -0.0245239 -0.0733603 -0.311238 0.00127886 0.947495
1305031239.141779 -0.191016 0.132024 -0.0243511 -0.0725946 -0.310415 0.000879025 0.947825
1305031239.175750 -0.191569 0.131232 -0.024169 -0.0691353 -0.308693 0.00210697 0.948643
1305031239.209645 -0.189789 0.129863 -0.0247887 -0.0649082 -0.308226 0.00295232 0.949092
1305031239.241710 -0.190224 0.131283 -0.025562 -0.060177 -0.30858 0.00537868 0.949278
1305031239.273820 -0.189254 0.130432 -0.0257903 -0.0537475 -0.309841 0.00819452 0.949233
1305031239.310177 -0.188975 0.129186 -0.0258826 -0.0457749 -0.310216 0.0104005 0.949506
1305031239.341970 -0.187916 0.126952 -0.0268533 -0.0373926 -0.310058 0.0131216 0.949891
1305031239.375024 -0.187912 0.125943 -0.0273976 -0.0277976 -0.30955 0.0166927 0.95033
1305031239.410631 -0.186411 0.12416 -0.0270772 -0.0179198 -0.310166 0.020018 0.950303
1305031239.441542 -0.18586 0.122598 -0.0279326 -0.00674553 -0.310841 0.0252195 0.950103
1305031239.473318 -0.184959 0.120087 -0.0292652 0.00567243 -0.311634 0.0286119 0.949754
1305031239.509739 -0.184177 0.117475 -0.03009 0.0166525 -0.311738 0.0323049 0.949473
1305031239.543802 -0.183238 0.115587 -0.0310739 0.0295458 -0.310679 0.0358867 0.949378
1305031239.576116 -0.181749 0.115282 -0.0319005 0.043597 -0.307796 0.0381327 0.949688
1305031239.611161 -0.180658 0.111903 -0.0332656 0.0550379 -0.304305 0.0402926 0.950129
1305031239.641422 -0.181029 0.108262 -0.0361429 0.0671537 -0.300394 0.0437885 0.95044
1305031239.671056 -0.180994 0.107313 -0.0387225 0.0810358 -0.297134 0.0470083 0.950229
1305031239.707555 -0.179141 0.101306 -0.0405322 0.0914138 -0.295498 0.0510585 0.949588
1305031239.741755 -0.17848 0.0965155 -0.04445 0.105296 -0.293522 0.0559677 0.948486
1305031239.771260 -0.175799 0.0887191 -0.0469864 0.119094 -0.29293 0.0612919 0.946706
1305031239.806087 -0.17381 0.0819348 -0.0512123 0.135493 -0.291147 0.0709797 0.944371
1305031239.839289 -0.173712 0.0820644 -0.0579866 0.154063 -0.289242 0.0828527 0.941137
1305031239.874430 -0.172934 0.0819684 -0.0602217 0.172527 -0.291469 0.08614 0.936942
1305031239.909062 -0.169498 0.0786718 -0.0621406 0.18956 -0.291915 0.088922 0.933245
1305031239.940373 -0.167007 0.0777382 -0.0649771 0.206894 -0.289433 0.0910095 0.93013
1305031239.971067 -0.164297 0.0765846 -0.0678203 0.222525 -0.285859 0.0917157 0.927553
1305031240.008865 -0.161347 0.0707755 -0.0723371 0.235492 -0.282075 0.0940624 0.925273
1305031240.039660 -0.161179 0.0704578 -0.0770543 0.251199 -0.279096 0.0990933 0.921512
1305031240.071187 -0.160097 0.0685666 -0.0814129 0.264603 -0.277618 0.103284 0.917739
1305031240.109346 -0.157335 0.063292 -0.0861079 0.279141 -0.276461 0.107413 0.913297
1305031240.143502 -0.15347 0.0573698 -0.0909876 0.297374 -0.27464 0.111792 0.907548
1305031240.177577 -0.15487 0.0619073 -0.0943458 0.315091 -0.271652 0.116161 0.901903
1305031240.209331 -0.148296 0.0520982 -0.100456 0.327254 -0.270613 0.121172 0.897213
1305031240.241005 -0.150151 0.0549449 -0.105906 0.350372 -0.266769 0.12898 0.888503
1305031240.277434 -0.148895 0.0627781 -0.103867 0.36534 -0.265602 0.134215 0.882025
1305031240.308929 -0.143831 0.0563768 -0.108747 0.378016 -0.263656 0.141508 0.876108
1305031240.342273 -0.142738 0.0641306 -0.111389 0.394832 -0.261401 0.147715 0.868307
1305031240.377426 -0.14155 0.0687129 -0.109409 0.408564 -0.257085 0.150414 0.862762
1305031240.409111 -0.142133 0.0716138 -0.11055 0.420578 -0.252015 0.155849 0.857504
1305031240.441786 -0.137905 0.0741028 -0.11119 0.429015 -0.251346 0.16076 0.8526
1305031240.477639 -0.137081 0.0788301 -0.112692 0.435669 -0.250428 0.162265 0.849205
1305031240.508449 -0.131345 0.0733083 -0.111927 0.440301 -0.24859 0.163146 0.847184
1305031240.541270 -0.121864 0.0718938 -0.117567 0.443848 -0.248074 0.165257 0.845073
1305031240.575909 -0.124635 0.0794347 -0.118969 0.444117 -0.249228 0.165271 0.844589
1305031240.610134 -0.126974 0.0824952 -0.117085 0.441842 -0.249421 0.164603 0.845855
1305031240.639823 -0.133625 0.0920893 -0.124246 0.436296 -0.250303 0.164594 0.848471
1305031240.674757 -0.130152 0.0874245 -0.112006 0.430102 -0.253474 0.160414 0.851487
1305031240.707932 -0.132594 0.0889372 -0.109961 0.425297 -0.253537 0.159394 0.85407
1305031240.743958 -0.136561 0.0948902 -0.107614 0.416399 -0.255098 0.15434 0.858904
1305031240.776833 -0.135959 0.0898731 -0.107099 0.407868 -0.254913 0.151618 0.863525
1305031240.809625 -0.138448 0.0936679 -0.111995 0.399616 -0.255875 0.149014 0.867542
1305031240.842596 -0.14244 0.1027 -0.103083 0.38972 -0.25718 0.143399 0.87259
1305031240.879410 -0.146026 0.101614 -0.100981 0.376786 -0.256278 0.139083 0.87921
1305031240.908450 -0.14805 0.104052 -0.100377 0.365381 -0.256768 0.133769 0.884688
1305031240.942319 -0.157048 0.112424 -0.0958224 0.35215 -0.256002 0.125941 0.891399
1305031240.977936 -0.157088 0.107973 -0.0920046 0.331966 -0.256419 0.12024 0.899772
1305031241.008303 -0.160696 0.11298 -0.0905511 0.31753 -0.257386 0.114095 0.905488
1305031241.040148 -0.160805 0.113341 -0.0825623 0.294475 -0.260494 0.106641 0.913266
1305031241.075933 -0.163248 0.113598 -0.0808843 0.274749 -0.26233 0.106366 0.918903
1305031241.106556 -0.166303 0.116416 -0.0775132 0.256063 -0.267654 0.102536 0.92319
1305031241.140052 -0.167367 0.116364 -0.0730286 0.234199 -0.273363 0.0986551 0.927734
1305031241.178182 -0.169558 0.11966 -0.0690448 0.215405 -0.277724 0.0951268 0.931354
1305031241.210679 -0.17231 0.123148 -0.0646851 0.196494 -0.281341 0.0898017 0.934972
1305031241.239315 -0.173297 0.121918 -0.0617949 0.177112 -0.28375 0.0838831 0.938659
1305031241.276847 -0.173891 0.122681 -0.0589644 0.161324 -0.284142 0.0789868 0.941806
1305031241.306330 -0.175807 0.12831 -0.0555555 0.145616 -0.28418 0.0754575 0.94464
1305031241.342476 -0.17768 0.13279 -0.0525614 0.124242 -0.284918 0.0751362 0.947492
1305031241.379515 -0.180322 0.130864 -0.0532713 0.101072 -0.286871 0.0770477 0.949502
1305031241.409682 -0.184699 0.134649 -0.0536807 0.0846568 -0.291065 0.0798917 0.949596
1305031241.445546 -0.186894 0.140615 -0.0505991 0.0684933 -0.298342 0.0801524 0.948618
1305031241.477507 -0.186867 0.141198 -0.047306 0.0552856 -0.302945 0.0783119 0.948175
1305031241.509849 -0.187621 0.14037 -0.0450863 0.0503803 -0.301439 0.0762239 0.949098
1305031241.547730 -0.187127 0.13827 -0.0445774 0.0526802 -0.296463 0.070274 0.950997
1305031241.578395 -0.186483 0.135835 -0.0447639 0.0538634 -0.294507 0.0687963 0.951647
1305031241.609264 -0.18689 0.133107 -0.0456146 0.0577739 -0.293607 0.0679444 0.951757
1305031241.647584 -0.186454 0.135113 -0.0474885 0.0649435 -0.293441 0.0679922 0.951342
1305031241.678366 -0.185311 0.135438 -0.0480055 0.0707956 -0.293343 0.0663946 0.951068
1305031241.709827 -0.184297 0.135066 -0.0489529 0.0752015 -0.292587 0.0634076 0.951166
1305031241.747102 -0.184043 0.133678 -0.0503377 0.0791202 -0.291599 0.0607317 0.951326
1305031241.778268 -0.184494 0.135833 -0.0516054 0.0835001 -0.291035 0.0583601 0.951273
1305031241.809829 -0.184669 0.132035 -0.0526068 0.0854513 -0.292252 0.0537948 0.950996
1305031241.846436 -0.186357 0.131575 -0.0560206 0.0900502 -0.293926 0.0485244 0.950339
1305031241.878799 -0.187643 0.134872 -0.0569518 0.0956673 -0.297371 0.0423291 0.949013
1305031241.911487 -0.187593 0.134228 -0.0561029 0.0983584 -0.301038 0.0324594 0.947971
1305031241.947705 -0.189247 0.135043 -0.0577059 0.101746 -0.30197 0.0212872 0.947633
1305031241.978343 -0.190372 0.13795 -0.0583965 0.106278 -0.301605 0.00739919 0.947462
1305031242.010570 -0.189774 0.139013 -0.0572065 0.108479 -0.300128 -0.00898042 0.947668
1305031242.046360 -0.19144 0.139834 -0.058076 0.109785 -0.294338 -0.0261679 0.949014
1305031242.079549 -0.192154 0.138674 -0.0593382 0.110514 -0.287467 -0.0455291 0.950303
1305031242.110584 -0.192235 0.138541 -0.0595581 0.111425 -0.280527 -0.0643108 0.951185
1305031242.146605 -0.193594 0.136593 -0.0615371 0.111066 -0.272764 -0.0817469 0.952146
1305031242.179708 -0.196107 0.134897 -0.0635114 0.111241 -0.266848 -0.0980922 0.952258
1305031242.208725 -0.198211 0.131711 -0.0653864 0.111859 -0.263434 -0.114102 0.951352
1305031242.247809 -0.198389 0.130319 -0.0669826 0.114295 -0.261556 -0.129648 0.949588
1305031242.279498 -0.196782 0.129324 -0.0670386 0.118507 -0.259129 -0.147387 0.947146
1305031242.309764 -0.196923 0.12703 -0.0681345 0.123216 -0.253881 -0.165494 0.944973
1305031242.347127 -0.195679 0.125788 -0.0690931 0.128501 -0.248089 -0.182395 0.942694
1305031242.378479 -0.195118 0.124159 -0.0698793 0.132322 -0.243073 -0.198135 0.940292
1305031242.410997 -0.194653 0.121508 -0.0715633 0.137089 -0.238958 -0.215627 0.936809
1305031242.447099 -0.19374 0.120069 -0.0743256 0.142725 -0.234246 -0.23486 0.932523
1305031242.477647 -0.195966 0.118594 -0.0770808 0.149739 -0.226791 -0.256827 0.927461
1305031242.509726 -0.197704 0.117977 -0.0802642 0.15807 -0.219623 -0.280314 0.92098
1305031242.548546 -0.197119 0.11801 -0.0829966 0.16599 -0.215458 -0.304482 0.912861
1305031242.574843 -0.196519 0.115391 -0.0853173 0.169937 -0.210919 -0.328843 0.904708
1305031242.606115 -0.196747 0.114468 -0.0868222 0.1729 -0.203376 -0.350142 0.897855
1305031242.643811 -0.201799 0.114076 -0.0881093 0.17636 -0.195263 -0.371121 0.890527
1305031242.675202 -0.202866 0.115784 -0.08926 0.183126 -0.192098 -0.394432 0.879765
1305031242.713982 -0.20404 0.115884 -0.0935317 0.186408 -0.19019 -0.417452 0.8688
1305031242.745258 -0.207644 0.116708 -0.0952497 0.187883 -0.185293 -0.440375 0.858158
1305031242.777540 -0.20904 0.11861 -0.0945367 0.189131 -0.181804 -0.459337 0.848638
1305031242.814071 -0.210532 0.120129 -0.0956348 0.188136 -0.180866 -0.475762 0.839966
1305031242.844318 -0.215236 0.122618 -0.0969536 0.185926 -0.179206 -0.493478 0.83054
1305031242.874088 -0.21779 0.125558 -0.0978858 0.183831 -0.175424 -0.513122 0.81984
1305031242.913707 -0.222881 0.128475 -0.0977681 0.181993 -0.168552 -0.533116 0.808861
1305031242.944438 -0.22277 0.132216 -0.0970759 0.180275 -0.163367 -0.551161 0.798144
1305031242.976062 -0.225879 0.135949 -0.0961076 0.176584 -0.158509 -0.566553 0.78912
1305031243.014166 -0.227387 0.140087 -0.0943693 0.172923 -0.155166 -0.579284 0.781314
1305031243.046910 -0.230181 0.143678 -0.0938612 0.168947 -0.151876 -0.590982 0.774035
1305031243.078045 -0.232199 0.147672 -0.0935044 0.166713 -0.147479 -0.603062 0.766011
1305031243.113615 -0.232218 0.150926 -0.0932131 0.166523 -0.142415 -0.613713 0.758514
1305031243.145816 -0.231437 0.152643 -0.0911358 0.167589 -0.138377 -0.617781 0.75572
1305031243.178076 -0.227369 0.152076 -0.089477 0.169644 -0.140935 -0.612955 0.758712
1305031243.213658 -0.22585 0.150985 -0.0887376 0.17097 -0.148833 -0.600346 0.766943
1305031243.245561 -0.221558 0.149149 -0.0859179 0.175032 -0.155741 -0.585229 0.776283
1305031243.278180 -0.219645 0.143877 -0.0859158 0.178683 -0.163024 -0.564832 0.788961
1305031243.314271 -0.218694 0.141468 -0.0846477 0.182126 -0.173159 -0.542485 0.801596
1305031243.346036 -0.217567 0.140256 -0.0829004 0.186127 -0.17953 -0.521483 0.813131
1305031243.378935 -0.217106 0.139208 -0.0818825 0.189029 -0.185783 -0.497183 0.826173
1305031243.413974 -0.218589 0.136659 -0.082422 0.190255 -0.193347 -0.475274 0.836979
1305031243.447091 -0.219976 0.135567 -0.0823727 0.193405 -0.197046 -0.455508 0.846333
1305031243.478037 -0.221504 0.135307 -0.0817385 0.195706 -0.198627 -0.43491 0.856212
1305031243.515401 -0.223995 0.134748 -0.0803792 0.196359 -0.198635 -0.415744 0.865531
1305031243.545943 -0.227042 0.136631 -0.0777394 0.198563 -0.198715 -0.394755 0.874788
1305031243.577984 -0.227737 0.136873 -0.0768882 0.200791 -0.202244 -0.374381 0.882394
1305031243.614055 -0.229981 0.134825 -0.0782643 0.200905 -0.203741 -0.353815 0.890473
1305031243.646187 -0.235944 0.133702 -0.0767545 0.205441 -0.202251 -0.328311 0.8995
1305031243.678280 -0.229328 0.133625 -0.0765986 0.21242 -0.207418 -0.299042 0.906879
1305031243.714296 -0.227868 0.12989 -0.0762348 0.214718 -0.208692 -0.271265 0.914745
1305031243.747378 -0.231669 0.126828 -0.0736635 0.215842 -0.207677 -0.23464 0.924785
1305031243.779036 -0.230946 0.124471 -0.0739189 0.218793 -0.217108 -0.193775 0.931367
1305031243.814193 -0.223629 0.118638 -0.0746067 0.221205 -0.229863 -0.155261 0.934947
1305031243.846292 -0.217789 0.115925 -0.0725094 0.224462 -0.238884 -0.115053 0.937718
1305031243.878809 -0.215381 0.11515 -0.0719778 0.227844 -0.247549 -0.075038 0.93871
1305031243.914000 -0.207951 0.117761 -0.0693213 0.231672 -0.259191 -0.0387761 0.936827
1305031243.947078 -0.202209 0.119504 -0.0665054 0.234007 -0.267393 -0.0080901 0.934706
1305031243.981652 -0.197579 0.11966 -0.0651157 0.235998 -0.271914 0.0174485 0.932772
1305031244.011270 -0.196389 0.125252 -0.0625729 0.239679 -0.273397 0.0416702 0.93063
1305031244.043823 -0.195157 0.13012 -0.0594017 0.239966 -0.275455 0.061712 0.928834
1305031244.081809 -0.194901 0.130576 -0.0572218 0.236902 -0.278468 0.0810319 0.927236
1305031244.112790 -0.195944 0.133388 -0.0579217 0.234548 -0.282511 0.10134 0.924611
1305031244.148495 -0.195496 0.13791 -0.0538411 0.231813 -0.289644 0.120807 0.920747
1305031244.182431 -0.193289 0.14055 -0.0492794 0.226417 -0.295449 0.140808 0.917398
1305031244.212401 -0.192341 0.143447 -0.0467738 0.22061 -0.298553 0.162444 0.914226
1305031244.247347 -0.19101 0.146672 -0.0437095 0.214649 -0.301318 0.185249 0.910393
1305031244.283147 -0.188216 0.151327 -0.0386566 0.208036 -0.303822 0.210648 0.905561
1305031244.313795 -0.18437 0.156917 -0.0331288 0.201659 -0.303557 0.235441 0.900974
1305031244.345960 -0.182305 0.161824 -0.0310224 0.194731 -0.299381 0.260773 0.89691
1305031244.380856 -0.181011 0.165332 -0.0290603 0.188242 -0.296008 0.287553 0.891211
1305031244.413019 -0.180543 0.171152 -0.0264481 0.183996 -0.29267 0.31291 0.884634
1305031244.445167 -0.181352 0.177032 -0.0259849 0.179187 -0.288621 0.336368 0.87832
1305031244.480659 -0.181656 0.179825 -0.024146 0.173653 -0.286971 0.357483 0.871607
1305031244.514228 -0.1851 0.184067 -0.023287 0.170199 -0.285752 0.375442 0.865113
1305031244.546214 -0.187022 0.188008 -0.0202439 0.165903 -0.284524 0.390533 0.859655
1305031244.580805 -0.188063 0.188425 -0.0184405 0.159 -0.282844 0.406668 0.854014
1305031244.613277 -0.190285 0.189941 -0.0177079 0.153009 -0.281972 0.422999 0.847438
1305031244.642840 -0.191955 0.191974 -0.0145884 0.14692 -0.282189 0.438215 0.840685
1305031244.680610 -0.193854 0.195341 -0.012751 0.138926 -0.281462 0.453641 0.834079
1305031244.715250 -0.193736 0.196449 -0.0108724 0.127147 -0.281813 0.470393 0.826526
1305031244.745888 -0.191737 0.196121 -0.0119587 0.115313 -0.284053 0.488271 0.817073
1305031244.781851 -0.19193 0.196873 -0.0101915 0.108592 -0.288499 0.505456 0.80591
1305031244.814094 -0.190152 0.198683 -0.00720987 0.106296 -0.292917 0.520267 0.795124
1305031244.841822 -0.188731 0.201039 -0.00752694 0.10678 -0.294767 0.532245 0.7864
1305031244.881801 -0.189076 0.204045 -0.00751803 0.107256 -0.296734 0.542309 0.778683
1305031244.914908 -0.187893 0.206301 -0.00677685 0.106538 -0.299844 0.551214 0.771302
1305031244.945868 -0.188798 0.208629 -0.00575112 0.1062 -0.30246 0.558497 0.765063
1305031244.981800 -0.187296 0.209674 -0.00131782 0.10594 -0.304883 0.563193 0.760681
1305031245.014055 -0.18565 0.210892 -0.00648535 0.107076 -0.305811 0.564666 0.759056
1305031245.046440 -0.189482 0.210457 -0.00247721 0.108549 -0.308371 0.564587 0.757869
1305031245.081769 -0.186837 0.208686 -0.00144432 0.110167 -0.310875 0.562325 0.758295
1305031245.114315 -0.187518 0.2062 -0.0031956 0.114575 -0.313059 0.556475 0.761053
1305031245.145710 -0.189473 0.202215 -0.00287467 0.119428 -0.316246 0.547107 0.765767
1305031245.181871 -0.186356 0.195813 -0.0031375 0.126471 -0.319782 0.533611 0.77266
1305031245.214094 -0.188231 0.191504 -0.00913978 0.138207 -0.32068 0.5157 0.782378
1305031245.248795 -0.191581 0.188106 -0.0163903 0.148129 -0.322484 0.493221 0.794226
1305031245.280795 -0.194123 0.182665 -0.0150102 0.156074 -0.325094 0.470009 0.805634
1305031245.314318 -0.192453 0.177819 -0.018719 0.165508 -0.322199 0.444799 0.819114
1305031245.349181 -0.190429 0.173456 -0.0241158 0.176098 -0.314682 0.415589 0.835015
1305031245.380686 -0.187221 0.171613 -0.0310988 0.182085 -0.307004 0.388927 0.849311
1305031245.413311 -0.184442 0.16363 -0.0350998 0.182232 -0.303224 0.366507 0.860534
1305031245.448997 -0.183068 0.159565 -0.0405385 0.188934 -0.300743 0.34327 0.869496
1305031245.484671 -0.181084 0.157975 -0.0456535 0.196968 -0.29719 0.318107 0.878458
1305031245.512432 -0.180959 0.156584 -0.0515944 0.200626 -0.294368 0.294583 0.886745
1305031245.548146 -0.180112 0.156186 -0.0529293 0.202603 -0.293477 0.270629 0.894194
1305031245.578689 -0.178122 0.151803 -0.0575295 0.2035 -0.290104 0.247456 0.901772
1305031245.610475 -0.179685 0.151597 -0.0625052 0.20712 -0.287696 0.225092 0.907561
1305031245.649463 -0.180922 0.153936 -0.0639534 0.209225 -0.287169 0.202981 0.912446
1305031245.680235 -0.180171 0.152104 -0.064518 0.207559 -0.285182 0.181769 0.917905
1305031245.711032 -0.180042 0.152763 -0.0656366 0.20655 -0.280873 0.1606 0.923393
1305031245.749775 -0.177519 0.152786 -0.0652671 0.204866 -0.274753 0.137814 0.929273
1305031245.781850 -0.176295 0.152776 -0.0653653 0.202798 -0.264946 0.115593 0.935583
1305031245.813569 -0.175439 0.152258 -0.0662494 0.199851 -0.25337 0.092777 0.941943
1305031245.849109 -0.176204 0.152535 -0.0682291 0.196764 -0.241889 0.0707841 0.947504
1305031245.882028 -0.177806 0.151073 -0.0697603 0.192971 -0.232838 0.050905 0.951818
1305031245.912608 -0.180515 0.14923 -0.0724679 0.189808 -0.225258 0.0307192 0.955138
1305031245.945896 -0.18163 0.149287 -0.0749197 0.18882 -0.220161 0.0102785 0.956959
1305031245.980818 -0.181776 0.147663 -0.075829 0.187599 -0.216004 -0.0112087 0.958135
1305031246.011003 -0.183512 0.144729 -0.0793293 0.186824 -0.210925 -0.0322384 0.958941
1305031246.048393 -0.187792 0.141628 -0.0830607 0.188429 -0.207376 -0.0537951 0.958434
1305031246.080525 -0.192846 0.13952 -0.0878344 0.19302 -0.206001 -0.0785214 0.956107
1305031246.112356 -0.191 0.137915 -0.0907936 0.199496 -0.207386 -0.105647 0.951857
1305031246.148449 -0.190291 0.137713 -0.0932904 0.203831 -0.20384 -0.131126 0.948529
1305031246.180596 -0.195327 0.134713 -0.0963694 0.204878 -0.196272 -0.15435 0.946403
1305031246.211137 -0.198231 0.133348 -0.0996882 0.208563 -0.191599 -0.179022 0.942201
1305031246.246969 -0.200115 0.130078 -0.102926 0.213862 -0.187956 -0.206651 0.936072
1305031246.279696 -0.200412 0.128081 -0.106218 0.220204 -0.182031 -0.235473 0.928939
1305031246.312473 -0.202523 0.124809 -0.10935 0.225992 -0.173434 -0.265749 0.920992
1305031246.348272 -0.204325 0.123182 -0.112463 0.232781 -0.162721 -0.295666 0.912094
1305031246.378206 -0.207465 0.123979 -0.112535 0.238683 -0.1536 -0.320804 0.903616
1305031246.415637 -0.210324 0.123556 -0.113412 0.243732 -0.146311 -0.347764 0.893447
1305031246.445289 -0.211599 0.123198 -0.11451 0.248756 -0.138923 -0.375446 0.881964
1305031246.477465 -0.215834 0.123113 -0.115436 0.253356 -0.129325 -0.40183 0.870413
1305031246.516395 -0.217783 0.124387 -0.114786 0.25829 -0.12144 -0.425436 0.858803
1305031246.549175 -0.222867 0.127258 -0.113389 0.2626 -0.115818 -0.447214 0.847129
1305031246.579511 -0.226405 0.128256 -0.114473 0.266773 -0.113095 -0.470996 0.833189
1305031246.616453 -0.226329 0.130925 -0.114613 0.271455 -0.110894 -0.491669 0.819925
1305031246.647763 -0.233488 0.133732 -0.11396 0.274054 -0.106519 -0.510595 0.807985
1305031246.680758 -0.234446 0.136155 -0.114467 0.278361 -0.105642 -0.531476 0.793025
1305031246.716974 -0.237338 0.139164 -0.114969 0.281719 -0.10412 -0.552936 0.77721
1305031246.749166 -0.241249 0.143159 -0.114417 0.284742 -0.102565 -0.574001 0.760871
1305031246.780817 -0.239643 0.145733 -0.117348 0.287056 -0.103743 -0.59348 0.744726
1305031246.816808 -0.242167 0.149669 -0.118447 0.284619 -0.101259 -0.611077 0.731658
1305031246.848812 -0.245286 0.152492 -0.116243 0.280785 -0.0981226 -0.628094 0.719048
1305031246.880643 -0.245959 0.155684 -0.115919 0.280209 -0.0975151 -0.644952 0.704281
1305031246.916671 -0.242747 0.158642 -0.117815 0.279752 -0.10031 -0.65982 0.690155
1305031246.949534 -0.242793 0.161648 -0.120641 0.273469 -0.100683 -0.674869 0.67796
1305031246.977597 -0.244698 0.165028 -0.119341 0.26551 -0.0990906 -0.690979 0.665007
1305031247.016790 -0.24143 0.16798 -0.120699 0.257901 -0.100221 -0.706537 0.651344
1305031247.047934 -0.242224 0.170864 -0.123349 0.249005 -0.100533 -0.722154 0.637482
1305031247.077890 -0.24276 0.173677 -0.126499 0.243123 -0.098113 -0.736301 0.6238
1305031247.116213 -0.241112 0.176414 -0.128739 0.239985 -0.0933876 -0.746142 0.613969
1305031247.147366 -0.240215 0.177039 -0.128986 0.235708 -0.0906093 -0.751514 0.609474
1305031247.179692 -0.238586 0.176783 -0.12986 0.230536 -0.091195 -0.754113 0.608153
1305031247.216943 -0.238242 0.178554 -0.129349 0.228548 -0.0904263 -0.75599 0.606686
1305031247.248793 -0.236868 0.178335 -0.129692 0.231098 -0.0909654 -0.753266 0.609024
1305031247.279422 -0.237541 0.175721 -0.129771 0.232408 -0.09611 -0.744848 0.618022
1305031247.316643 -0.238651 0.174279 -0.130474 0.232979 -0.105457 -0.733608 0.629618
1305031247.347790 -0.241119 0.174442 -0.131338 0.234829 -0.114408 -0.720289 0.642612
1305031247.378611 -0.241549 0.174968 -0.129624 0.238254 -0.126971 -0.702597 0.658385
1305031247.416862 -0.243491 0.17578 -0.129793 0.239928 -0.14202 -0.683671 0.674432
1305031247.448770 -0.246373 0.179105 -0.12794 0.242493 -0.152908 -0.664082 0.690515
1305031247.480263 -0.247082 0.178477 -0.126915 0.245744 -0.164641 -0.642471 0.706918
1305031247.517846 -0.249208 0.179148 -0.125992 0.247927 -0.176691 -0.61924 0.723778
1305031247.545901 -0.250881 0.179552 -0.125539 0.250704 -0.187496 -0.596389 0.73913
1305031247.577921 -0.251407 0.1801 -0.125928 0.253818 -0.197569 -0.57265 0.754066
1305031247.615280 -0.249324 0.179239 -0.125844 0.254774 -0.204931 -0.549929 0.768552
1305031247.648400 -0.250886 0.177942 -0.124464 0.254395 -0.209187 -0.523788 0.785601
1305031247.683558 -0.249983 0.175707 -0.124671 0.255145 -0.215495 -0.49534 0.801936
1305031247.715961 -0.244633 0.174383 -0.122908 0.252753 -0.224157 -0.461507 0.820293
1305031247.746902 -0.249016 0.171794 -0.12231 0.246734 -0.229797 -0.424589 0.840261
1305031247.782261 -0.253204 0.165623 -0.127343 0.245329 -0.237744 -0.391742 0.854301
1305031247.813983 -0.241821 0.158926 -0.13364 0.248845 -0.246595 -0.363041 0.863405
1305031247.848442 -0.240864 0.152255 -0.136363 0.252088 -0.242469 -0.336731 0.874227
1305031247.882072 -0.244449 0.153521 -0.13548 0.262156 -0.237697 -0.308953 0.882792
1305031247.917332 -0.234931 0.156224 -0.135576 0.270551 -0.243406 -0.282679 0.887496
1305031247.949686 -0.227678 0.151941 -0.137152 0.273434 -0.246482 -0.261273 0.89231
1305031247.986145 -0.227352 0.149427 -0.14206 0.277552 -0.243193 -0.23552 0.899084
1305031248.018156 -0.225277 0.150614 -0.143208 0.283522 -0.24508 -0.206956 0.903726
1305031248.049914 -0.215885 0.149221 -0.143394 0.287734 -0.251887 -0.181567 0.905978
1305031248.085746 -0.207883 0.145686 -0.143952 0.291241 -0.254597 -0.15399 0.909201
1305031248.117579 -0.204589 0.146017 -0.144602 0.296339 -0.25548 -0.124086 0.911875
1305031248.149346 -0.194396 0.146836 -0.142424 0.300608 -0.26087 -0.0965043 0.912288
1305031248.184863 -0.185252 0.147202 -0.139871 0.302265 -0.263346 -0.0673361 0.913647
1305031248.216769 -0.183803 0.147714 -0.141029 0.302568 -0.263224 -0.0378055 0.915279
1305031248.248851 -0.178012 0.151218 -0.140345 0.302964 -0.26806 -0.00949974 0.914476
1305031248.284740 -0.171509 0.155431 -0.134866 0.30001 -0.272111 0.0177807 0.91413
1305031248.316181 -0.169312 0.155211 -0.134211 0.293885 -0.271574 0.0426509 0.915456
1305031248.348843 -0.169702 0.155311 -0.13705 0.29039 -0.272075 0.0659232 0.915043
1305031248.388197 -0.166539 0.156918 -0.136778 0.28697 -0.276713 0.0880241 0.912869
1305031248.415507 -0.164516 0.158326 -0.135984 0.283389 -0.2801 0.108756 0.910718
1305031248.448252 -0.162424 0.156406 -0.135732 0.280453 -0.282873 0.129486 0.908054
1305031248.485297 -0.163054 0.160355 -0.137138 0.28209 -0.283156 0.147021 0.904783
1305031248.515431 -0.162019 0.166052 -0.133424 0.281983 -0.282921 0.161518 0.902415
1305031248.547003 -0.159489 0.166198 -0.131268 0.277642 -0.278567 0.178583 0.9019
1305031248.586058 -0.160406 0.167861 -0.136086 0.275099 -0.271206 0.199127 0.90062
1305031248.618038 -0.161494 0.168972 -0.13858 0.27431 -0.269288 0.21869 0.89689
1305031248.649439 -0.161429 0.172268 -0.138782 0.273498 -0.271332 0.238568 0.891439
1305031248.686028 -0.159616 0.174625 -0.137183 0.270926 -0.274025 0.260689 0.885184
1305031248.719923 -0.157642 0.178312 -0.136096 0.268309 -0.275709 0.281737 0.878988
1305031248.749837 -0.152089 0.178893 -0.132442 0.26642 -0.2773 0.302279 0.872211
1305031248.785675 -0.151523 0.187098 -0.129667 0.268303 -0.274726 0.321212 0.865657
1305031248.818141 -0.14913 0.192038 -0.123186 0.266132 -0.271067 0.337733 0.861181
1305031248.849679 -0.148262 0.193743 -0.121289 0.262462 -0.264248 0.353792 0.857973
1305031248.885593 -0.149508 0.198187 -0.120241 0.26128 -0.254842 0.366189 0.855975
1305031248.917882 -0.147526 0.201223 -0.114998 0.257463 -0.247104 0.378094 0.854223
1305031248.952681 -0.145939 0.203897 -0.113354 0.253307 -0.237618 0.391568 0.852084
1305031248.984554 -0.146561 0.208304 -0.110366 0.250241 -0.229827 0.404288 0.849182
1305031249.016951 -0.14614 0.210902 -0.106973 0.246485 -0.226768 0.41679 0.845049
1305031249.052366 -0.146634 0.213769 -0.10408 0.242726 -0.226671 0.42787 0.840614
1305031249.084503 -0.145903 0.215174 -0.0990235 0.239456 -0.228327 0.435683 0.837083
1305031249.116884 -0.149331 0.217105 -0.0973695 0.23721 -0.227574 0.440035 0.83565
1305031249.153447 -0.152674 0.218899 -0.0963853 0.231664 -0.227997 0.442193 0.835951
1305031249.184739 -0.150212 0.215114 -0.0945227 0.224438 -0.232276 0.445811 0.834822
1305031249.216865 -0.15354 0.21475 -0.0976405 0.221988 -0.237501 0.450415 0.831529
1305031249.253224 -0.154107 0.212805 -0.094133 0.218381 -0.247536 0.455927 0.826539
1305031249.284804 -0.154281 0.211486 -0.0929064 0.218204 -0.256696 0.459783 0.821641
1305031249.317434 -0.15876 0.212967 -0.0923541 0.218622 -0.262484 0.460604 0.819238
1305031249.352736 -0.155201 0.209555 -0.0876723 0.214967 -0.267839 0.460527 0.818515
1305031249.384754 -0.155537 0.206438 -0.0878412 0.219637 -0.267884 0.454825 0.820446
1305031249.417834 -0.156824 0.205224 -0.0895543 0.229375 -0.264063 0.441041 0.826523
1305031249.453722 -0.156578 0.203443 -0.0924704 0.236423 -0.258465 0.422168 0.836107
1305031249.485915 -0.155112 0.201394 -0.0923155 0.242426 -0.252529 0.399905 0.847074
1305031249.517734 -0.151692 0.196302 -0.0971059 0.249616 -0.245184 0.375592 0.8582
1305031249.554325 -0.150278 0.195613 -0.103859 0.258493 -0.23721 0.349244 0.868874
1305031249.585905 -0.150575 0.195913 -0.108062 0.261883 -0.232216 0.3232 0.879224
1305031249.618079 -0.150846 0.191535 -0.11128 0.266056 -0.229297 0.294081 0.888906
1305031249.654213 -0.14941 0.193968 -0.111354 0.270447 -0.22428 0.264544 0.898094
1305031249.685674 -0.151629 0.192435 -0.115319 0.268307 -0.215807 0.233119 0.909447
1305031249.717790 -0.147148 0.188619 -0.112503 0.264366 -0.209384 0.202528 0.919376
1305031249.753962 -0.146171 0.186067 -0.114731 0.259027 -0.196121 0.175845 0.929258
1305031249.785417 -0.146632 0.182646 -0.119193 0.254725 -0.182027 0.147092 0.938267
1305031249.818602 -0.144975 0.180304 -0.116962 0.254622 -0.168546 0.115277 0.945236
1305031249.853747 -0.144654 0.176819 -0.119281 0.251349 -0.149302 0.0871101 0.952336
1305031249.885525 -0.145706 0.170735 -0.120736 0.246303 -0.12865 0.0624592 0.958584
1305031249.917065 -0.146184 0.165404 -0.121317 0.243888 -0.111846 0.04172 0.962429
1305031249.953398 -0.145803 0.161802 -0.122402 0.244188 -0.098167 0.0220322 0.964495
1305031249.985179 -0.144364 0.160105 -0.123698 0.243018 -0.0873222 0.00462473 0.966072
1305031250.016440 -0.146776 0.15494 -0.124477 0.241437 -0.0744758 -0.0151098 0.967436
1305031250.053194 -0.151083 0.152537 -0.124494 0.245577 -0.0615424 -0.0418361 0.966517
1305031250.084507 -0.153708 0.151191 -0.125071 0.250009 -0.0531477 -0.0693932 0.96429
1305031250.120850 -0.164829 0.149179 -0.123271 0.251624 -0.048315 -0.0927795 0.962155
1305031250.153248 -0.175968 0.147263 -0.121574 0.253977 -0.0515877 -0.122057 0.95809
1305031250.185328 -0.175982 0.142498 -0.124311 0.255023 -0.0611504 -0.152935 0.952804
1305031250.221446 -0.183915 0.139753 -0.122694 0.253007 -0.0643032 -0.175723 0.949196
1305031250.253735 -0.191018 0.135887 -0.120839 0.25325 -0.0685429 -0.200538 0.943902
1305031250.285224 -0.193323 0.13419 -0.122819 0.256704 -0.0746545 -0.226736 0.936547
1305031250.320862 -0.197119 0.132624 -0.1233 0.260305 -0.0777086 -0.254353 0.928174
1305031250.351700 -0.199732 0.130666 -0.127236 0.262269 -0.0768191 -0.282413 0.919542
1305031250.385149 -0.201391 0.128767 -0.130378 0.263437 -0.0706356 -0.308375 0.911327
1305031250.421536 -0.20281 0.128439 -0.130113 0.263493 -0.0618025 -0.329821 0.904417
1305031250.454018 -0.207807 0.130825 -0.123902 0.262333 -0.0544857 -0.348875 0.898053
1305031250.485613 -0.209181 0.131024 -0.123797 0.259864 -0.0498386 -0.370202 0.89047
1305031250.521538 -0.211063 0.132023 -0.1241 0.256685 -0.0442585 -0.387535 0.884291
1305031250.553658 -0.215752 0.132895 -0.119887 0.252224 -0.038196 -0.400435 0.8801
1305031250.585379 -0.219892 0.133662 -0.115795 0.249509 -0.0344279 -0.414105 0.874687
1305031250.621303 -0.22279 0.134319 -0.115682 0.248841 -0.030968 -0.42962 0.867494
1305031250.653544 -0.222789 0.136839 -0.112368 0.24912 -0.0291529 -0.442026 0.861221
1305031250.685297 -0.225668 0.139311 -0.107265 0.248071 -0.0291616 -0.456671 0.853851
1305031250.721640 -0.230467 0.140559 -0.107296 0.246819 -0.0282839 -0.475729 0.843778
1305031250.753428 -0.232936 0.142956 -0.10725 0.246652 -0.0264017 -0.488158 0.83676
1305031250.785365 -0.235138 0.145325 -0.10223 0.244999 -0.0270723 -0.492549 0.834648
1305031250.821793 -0.238876 0.145814 -0.0993958 0.243188 -0.0294621 -0.49653 0.832736
1305031250.853828 -0.241544 0.146263 -0.0993127 0.244461 -0.0327467 -0.499027 0.830746
1305031250.882014 -0.241699 0.14736 -0.0990585 0.248174 -0.037834 -0.500216 0.828711
1305031250.921800 -0.244331 0.146215 -0.103631 0.248928 -0.0406007 -0.503272 0.826501
1305031250.953542 -0.2479 0.145684 -0.104018 0.250111 -0.0402955 -0.502229 0.826793
1305031250.985308 -0.244903 0.145969 -0.102567 0.254719 -0.0456064 -0.496063 0.82883
1305031251.021488 -0.244119 0.145494 -0.104828 0.255575 -0.0533984 -0.488483 0.832595
1305031251.053468 -0.246117 0.143789 -0.105504 0.25518 -0.0598034 -0.479166 0.83768
1305031251.085186 -0.24605 0.142253 -0.106637 0.258911 -0.0669544 -0.466591 0.843075
1305031251.121445 -0.240769 0.139266 -0.111304 0.262796 -0.0763104 -0.449633 0.850262
1305031251.153781 -0.238748 0.136338 -0.114421 0.263859 -0.0824151 -0.427749 0.860591
1305031251.185160 -0.236366 0.133144 -0.115624 0.266244 -0.0897174 -0.400801 0.872023
1305031251.220466 -0.231581 0.130874 -0.118363 0.270346 -0.10121 -0.371806 0.882287
1305031251.252424 -0.227421 0.128751 -0.121471 0.273083 -0.113613 -0.341132 0.89227
1305031251.284482 -0.221634 0.125701 -0.124015 0.274295 -0.125589 -0.305794 0.903039
1305031251.319004 -0.217081 0.123167 -0.125992 0.274884 -0.135759 -0.268759 0.913114
1305031251.353244 -0.210092 0.125275 -0.124999 0.276963 -0.145902 -0.233907 0.920484
1305031251.387007 -0.205708 0.125611 -0.124333 0.276532 -0.155268 -0.202221 0.926568
1305031251.421050 -0.202109 0.122789 -0.126838 0.275444 -0.164304 -0.169467 0.931888
1305031251.449663 -0.196822 0.124097 -0.125746 0.275029 -0.173877 -0.135024 0.935892
1305031251.489014 -0.191346 0.124661 -0.1255 0.273015 -0.183315 -0.102458 0.938808
1305031251.520773 -0.185045 0.123974 -0.126031 0.269795 -0.190746 -0.0702859 0.941215
1305031251.553045 -0.183051 0.125615 -0.12456 0.26749 -0.19551 -0.0367383 0.942802
1305031251.588760 -0.180801 0.127737 -0.122753 0.264843 -0.202496 -0.00512271 0.942776
1305031251.620874 -0.179147 0.127236 -0.123582 0.261149 -0.211596 0.0251512 0.941486
1305031251.652875 -0.178854 0.129895 -0.125719 0.258005 -0.224009 0.0585574 0.93799
1305031251.689768 -0.178231 0.131938 -0.126496 0.254653 -0.240352 0.0897653 0.932376
1305031251.720461 -0.175999 0.130954 -0.125744 0.249891 -0.257349 0.119501 0.925768
1305031251.753144 -0.174595 0.130883 -0.128212 0.246804 -0.272358 0.150924 0.917677
1305031251.789250 -0.175198 0.134656 -0.130707 0.244554 -0.28887 0.181882 0.907561
1305031251.820979 -0.171855 0.133883 -0.130762 0.239803 -0.307742 0.209619 0.896576
1305031251.853797 -0.169106 0.13116 -0.133571 0.238252 -0.323262 0.235972 0.884904
1305031251.889654 -0.169328 0.134608 -0.134986 0.242133 -0.33724 0.259739 0.871881
1305031251.921930 -0.169289 0.143368 -0.128789 0.244961 -0.348616 0.279946 0.860286
1305031251.953837 -0.168414 0.146164 -0.125365 0.242577 -0.355602 0.29985 0.851348
1305031251.989807 -0.168127 0.147101 -0.122567 0.240825 -0.36117 0.318488 0.842689
1305031252.022160 -0.167191 0.149918 -0.119146 0.239107 -0.366369 0.339582 0.832638
1305031252.053762 -0.167742 0.157822 -0.112983 0.234877 -0.371081 0.365181 0.820838
1305031252.089562 -0.16591 0.163018 -0.107696 0.225923 -0.373946 0.392771 0.809231
1305031252.122152 -0.16384 0.165726 -0.100723 0.217072 -0.376291 0.420142 0.796722
1305031252.153971 -0.161162 0.171622 -0.0937209 0.211545 -0.375778 0.446692 0.783904
1305031252.189789 -0.160739 0.18336 -0.0978768 0.205229 -0.370441 0.469461 0.774765
1305031252.222086 -0.165598 0.189022 -0.0967775 0.190894 -0.367931 0.488598 0.767762
1305031252.253064 -0.165358 0.187954 -0.0860953 0.175386 -0.367314 0.507435 0.759493
1305031252.288878 -0.162903 0.190979 -0.0835611 0.1675 -0.363238 0.522454 0.753023
1305031252.320609 -0.166578 0.195526 -0.083827 0.16096 -0.359096 0.533238 0.748866
1305031252.352855 -0.164474 0.1969 -0.0804893 0.150592 -0.357509 0.545225 0.743128
1305031252.389319 -0.163146 0.198659 -0.083971 0.14106 -0.357854 0.555399 0.737275
1305031252.421702 -0.166268 0.198558 -0.0797716 0.132554 -0.361691 0.565457 0.729292
1305031252.453825 -0.167138 0.20084 -0.0790339 0.12763 -0.363865 0.572629 0.72347
1305031252.489559 -0.168962 0.201165 -0.0783305 0.123359 -0.365398 0.576717 0.720184
1305031252.522170 -0.167745 0.200557 -0.077777 0.119963 -0.367592 0.580497 0.716594
1305031252.553774 -0.168449 0.201267 -0.0811411 0.117319 -0.371627 0.58419 0.711935
1305031252.589746 -0.171912 0.198229 -0.0771144 0.115013 -0.377393 0.587425 0.706596
1305031252.622125 -0.169524 0.196906 -0.0749169 0.117076 -0.381153 0.587228 0.704399
1305031252.657856 -0.172071 0.194687 -0.0740783 0.125456 -0.380159 0.580387 0.709148
1305031252.688998 -0.171035 0.193046 -0.0734009 0.136833 -0.374416 0.565812 0.721766
1305031252.721654 -0.172264 0.192476 -0.0748441 0.149405 -0.362873 0.54257 0.742711
1305031252.757822 -0.174302 0.187498 -0.0711659 0.163397 -0.343054 0.513903 0.769102
1305031252.789692 -0.172481 0.190094 -0.0780734 0.177226 -0.320481 0.485575 0.793788
1305031252.822405 -0.175523 0.188754 -0.0816918 0.18176 -0.3065 0.461734 0.812295
1305031252.853978 -0.174248 0.18707 -0.082276 0.18483 -0.297797 0.443539 0.824881
1305031252.889729 -0.174517 0.186324 -0.0848191 0.188551 -0.291443 0.425945 0.835512
1305031252.920672 -0.175908 0.184312 -0.0848409 0.193128 -0.286136 0.403275 0.847465
1305031252.957865 -0.176262 0.182468 -0.0876697 0.199398 -0.279423 0.377178 0.860174
1305031252.989424 -0.179262 0.181686 -0.0893939 0.204798 -0.272731 0.349227 0.872763
1305031253.019696 -0.181341 0.179456 -0.0917351 0.20753 -0.266027 0.319816 0.885369
1305031253.057426 -0.18055 0.173717 -0.0941557 0.209035 -0.261421 0.293145 0.895561
1305031253.089550 -0.180501 0.169471 -0.0957989 0.214185 -0.256906 0.267478 0.903648
1305031253.119724 -0.181246 0.162829 -0.102693 0.221453 -0.251965 0.241895 0.910472
1305031253.157384 -0.185473 0.160739 -0.107808 0.232007 -0.251716 0.216561 0.914283
1305031253.189218 -0.186289 0.161288 -0.107935 0.237591 -0.255826 0.197465 0.91603
1305031253.218027 -0.188045 0.160187 -0.107745 0.236259 -0.261405 0.188081 0.916774
1305031253.257847 -0.18933 0.157399 -0.108354 0.232271 -0.271061 0.184584 0.915699
1305031253.289742 -0.187063 0.153766 -0.105954 0.229391 -0.282062 0.183771 0.913263
1305031253.322007 -0.184123 0.148139 -0.103665 0.228822 -0.28853 0.186912 0.910744
1305031253.357830 -0.183841 0.147974 -0.104023 0.233166 -0.290908 0.192131 0.907795
1305031253.388097 -0.182811 0.147527 -0.102527 0.236719 -0.293193 0.1963 0.905245
1305031253.421352 -0.182483 0.146784 -0.101851 0.241062 -0.293742 0.199374 0.903247
1305031253.457963 -0.182943 0.149203 -0.100331 0.246488 -0.291819 0.199828 0.902305
1305031253.489690 -0.183429 0.149216 -0.0999156 0.248809 -0.289096 0.199207 0.902681
1305031253.520734 -0.184364 0.147317 -0.101346 0.250986 -0.286481 0.200226 0.902687
1305031253.557854 -0.189343 0.150198 -0.103092 0.254078 -0.285568 0.201559 0.901814
1305031253.589805 -0.190937 0.152238 -0.0999249 0.253622 -0.288697 0.20082 0.901111
