1305031790.640468 0.000000 0.000000 0.000000 0.000000 0.000000 0.000000 1.000000
1305031790.672866 0.004739 0.008024 0.001534 -0.009340 0.000182 0.003059 0.999952
1305031790.709421 0.009355 0.016672 0.002859 -0.019158 0.000347 0.006096 0.999798
1305031790.739530 0.013669 0.022511 0.003969 -0.029374 0.000347 0.009466 0.999524
1305031790.773548 0.018851 0.029352 0.004312 -0.037745 0.001397 0.014854 0.999176
1305031790.809521 0.025108 0.037538 0.004515 -0.046509 0.002752 0.020793 0.998698
1305031790.839363 0.031105 0.045010 0.004819 -0.058878 0.003782 0.028343 0.997856
1305031790.871606 0.038394 0.050132 0.005546 -0.070933 0.004903 0.034747 0.996864
1305031790.909436 0.043278 0.056721 0.004381 -0.081067 0.009169 0.045012 0.995649
1305031790.941495 0.048823 0.062896 0.002586 -0.087522 0.014425 0.053880 0.994600
1305031790.973696 0.051495 0.068177 -0.000421 -0.092950 0.020716 0.065216 0.993317
1305031791.009486 0.052154 0.071098 -0.004591 -0.095073 0.026885 0.079277 0.991944
1305031791.041197 0.055585 0.069663 -0.009075 -0.090924 0.032367 0.093285 0.990950
1305031791.073525 0.063222 0.067142 -0.013874 -0.079611 0.039775 0.100152 0.990984
1305031791.109452 0.068380 0.062969 -0.020508 -0.068938 0.050614 0.111480 0.990080
1305031791.141330 0.076035 0.055059 -0.028838 -0.050016 0.063984 0.119174 0.989546
1305031791.173227 0.081911 0.051177 -0.038518 -0.021460 0.084831 0.117901 0.989162
1305031791.209506 0.086581 0.039535 -0.048122 -0.001350 0.104111 0.121612 0.987101
1305031791.241091 0.084625 0.032045 -0.059753 0.030093 0.126977 0.121859 0.983932
1305031791.273558 0.078586 0.039466 -0.070648 0.060682 0.149469 0.123460 0.979150
1305031791.309764 0.076478 0.031823 -0.081097 0.084310 0.171019 0.127257 0.973370
1305031791.341415 0.071661 0.022999 -0.091789 0.114761 0.194216 0.129773 0.965541
1305031791.373525 0.065300 0.021281 -0.100775 0.140171 0.214654 0.134357 0.957196
1305031791.409609 0.058903 0.015316 -0.108089 0.163242 0.231978 0.141640 0.948407
1305031791.441538 0.052686 0.002749 -0.117435 0.190554 0.244809 0.149188 0.938882
1305031791.473230 0.048137 0.002089 -0.124950 0.214411 0.255056 0.155543 0.929936
1305031791.509595 0.043607 -0.011981 -0.134752 0.232168 0.263292 0.159772 0.922631
1305031791.541450 0.034939 -0.021424 -0.140932 0.252506 0.270797 0.160092 0.915030
1305031791.574034 0.029638 -0.030421 -0.149429 0.269859 0.277823 0.160895 0.907801
1305031791.609401 0.024336 -0.043430 -0.158820 0.282412 0.285168 0.161865 0.901511
1305031791.641229 0.017093 -0.052584 -0.167018 0.297221 0.292211 0.158757 0.895024
1305031791.677621 0.009649 -0.056034 -0.173147 0.317485 0.299287 0.153843 0.886545
1305031791.709275 0.000652 -0.060596 -0.179820 0.338505 0.308059 0.152643 0.875907
1305031791.741364 -0.009362 -0.070202 -0.188542 0.356319 0.318281 0.151113 0.865389
1305031791.776668 -0.016569 -0.079401 -0.200924 0.373405 0.327752 0.149463 0.854873
1305031791.808429 -0.025695 -0.088828 -0.212336 0.389209 0.338891 0.145402 0.844113
1305031791.840375 -0.037868 -0.101144 -0.223682 0.405197 0.350366 0.142531 0.832312
1305031791.876494 -0.042699 -0.104659 -0.239784 0.420986 0.360399 0.140015 0.820536
1305031791.908433 -0.052131 -0.108843 -0.246109 0.436360 0.366898 0.142307 0.809150
1305031791.944357 -0.062944 -0.120716 -0.259325 0.447984 0.372975 0.141521 0.800107
1305031791.977200 -0.066866 -0.122900 -0.263036 0.464583 0.376843 0.140071 0.789007
1305031792.005506 -0.076112 -0.128911 -0.273359 0.475659 0.383465 0.136744 0.779746
1305031792.041730 -0.082783 -0.134838 -0.282295 0.488260 0.388868 0.132834 0.769895
1305031792.076713 -0.105266 -0.152833 -0.283912 0.495902 0.397020 0.130194 0.761253
1305031792.109497 -0.109027 -0.156738 -0.291651 0.501230 0.401040 0.126080 0.756332
1305031792.141484 -0.113367 -0.163182 -0.303132 0.507192 0.403553 0.124496 0.751266
1305031792.177376 -0.116752 -0.169195 -0.313223 0.510531 0.405769 0.121378 0.748316
1305031792.209274 -0.121587 -0.176062 -0.324512 0.512143 0.409392 0.116508 0.746011
1305031792.241751 -0.124074 -0.179959 -0.339860 0.514334 0.411754 0.113040 0.743734
1305031792.277507 -0.126797 -0.182508 -0.344542 0.516330 0.412826 0.110884 0.742080
1305031792.309357 -0.128496 -0.184088 -0.348931 0.516259 0.412661 0.110517 0.742275
1305031792.341029 -0.128601 -0.185848 -0.352182 0.515600 0.410798 0.111312 0.743646
1305031792.377088 -0.125330 -0.182441 -0.350796 0.511209 0.409632 0.112080 0.747197
1305031792.409323 -0.119350 -0.174715 -0.343810 0.504972 0.409411 0.116108 0.750935
1305031792.441590 -0.118039 -0.170660 -0.337151 0.497235 0.408596 0.121950 0.755602
1305031792.477100 -0.109852 -0.158954 -0.326250 0.490858 0.405270 0.128705 0.760427
1305031792.509589 -0.104271 -0.152546 -0.325191 0.478752 0.402286 0.136325 0.768360
1305031792.541061 -0.096572 -0.140216 -0.312698 0.468720 0.398229 0.146697 0.774722
1305031792.577055 -0.091525 -0.133400 -0.307634 0.455079 0.395405 0.156961 0.782253
1305031792.609388 -0.085519 -0.125532 -0.304248 0.439387 0.394165 0.165085 0.790139
1305031792.641219 -0.075841 -0.117034 -0.312254 0.421323 0.393834 0.170489 0.798946
1305031792.677662 -0.070753 -0.111526 -0.304127 0.405853 0.394956 0.177811 0.804783
1305031792.709219 -0.063586 -0.104401 -0.305557 0.390078 0.394063 0.185421 0.811278
1305031792.741510 -0.055954 -0.094723 -0.300111 0.375088 0.391889 0.193395 0.817515
1305031792.777507 -0.050105 -0.089064 -0.297668 0.359247 0.389216 0.199885 0.824316
1305031792.809440 -0.043689 -0.084331 -0.293689 0.343558 0.387011 0.208204 0.829964
1305031792.845359 -0.035532 -0.073929 -0.288982 0.329453 0.384294 0.217060 0.834663
1305031792.877574 -0.030518 -0.068327 -0.283646 0.314755 0.383782 0.223877 0.838761
1305031792.909293 -0.023195 -0.059983 -0.278936 0.301001 0.382297 0.232512 0.842131
1305031792.945340 -0.015808 -0.048728 -0.273370 0.288757 0.378401 0.242903 0.845239
1305031792.977564 -0.010346 -0.040908 -0.267371 0.276563 0.372962 0.255351 0.848061
1305031793.009530 -0.002365 -0.027437 -0.262151 0.263944 0.366616 0.267298 0.851162
1305031793.045243 0.000916 -0.014448 -0.253724 0.253040 0.362258 0.277603 0.853039
1305031793.077518 0.002242 -0.000897 -0.244286 0.244456 0.360347 0.286688 0.853346
1305031793.109651 0.004374 0.008290 -0.239497 0.234023 0.360734 0.295721 0.853025
1305031793.145401 0.006551 0.017266 -0.234385 0.224539 0.363435 0.304561 0.851316
1305031793.177537 0.009294 0.022828 -0.232628 0.214528 0.366411 0.312191 0.849857
1305031793.209609 0.008975 0.033583 -0.225782 0.205970 0.370539 0.319006 0.847650
1305031793.245617 0.011279 0.041945 -0.223375 0.195440 0.374142 0.326631 0.845655
1305031793.277180 0.014098 0.047922 -0.221055 0.184212 0.377898 0.333310 0.843897
1305031793.309399 0.018068 0.060630 -0.218592 0.174416 0.380524 0.339391 0.842373
1305031793.345594 0.022436 0.066811 -0.216005 0.163928 0.382224 0.348061 0.840170
1305031793.377232 0.022463 0.076759 -0.210037 0.155095 0.383632 0.356234 0.837776
1305031793.405708 0.025327 0.083513 -0.204870 0.145837 0.383700 0.364758 0.835737
1305031793.442259 0.026312 0.089060 -0.198409 0.136427 0.384843 0.373532 0.832921
1305031793.474150 0.028265 0.093407 -0.192133 0.126308 0.386411 0.382830 0.829561
1305031793.507244 0.030068 0.096573 -0.186137 0.115831 0.387688 0.393027 0.825718
1305031793.545400 0.027437 0.107564 -0.174362 0.108739 0.388944 0.402036 0.821744
1305031793.577186 0.027014 0.114993 -0.164586 0.100027 0.389003 0.412302 0.817727
1305031793.609703 0.023266 0.122959 -0.153472 0.092409 0.389254 0.425624 0.811656
1305031793.645429 0.020128 0.127469 -0.141782 0.084656 0.388592 0.439044 0.805648
1305031793.677435 0.016965 0.142368 -0.130892 0.077927 0.386904 0.449454 0.801388
1305031793.709532 0.014178 0.148209 -0.120268 0.068780 0.385604 0.461291 0.796109
1305031793.745574 0.013816 0.156634 -0.112969 0.060759 0.382738 0.473315 0.791070
1305031793.777364 0.011293 0.156727 -0.103002 0.050848 0.380667 0.485327 0.785470
1305031793.809469 0.010235 0.162114 -0.094519 0.041318 0.378132 0.495519 0.780877
1305031793.844756 0.015504 0.167251 -0.092174 0.031986 0.375078 0.504630 0.776943
1305031793.876455 0.015806 0.169437 -0.086233 0.024865 0.374061 0.514007 0.771528
1305031793.908753 0.014376 0.170384 -0.079985 0.018830 0.373913 0.523317 0.765489
1305031793.946431 0.010609 0.174594 -0.076033 0.013296 0.372868 0.531513 0.760451
1305031793.976745 0.010662 0.174686 -0.071298 0.007880 0.370844 0.538584 0.756531
1305031794.009162 0.007394 0.174374 -0.066817 0.003675 0.369896 0.545353 0.752165
1305031794.044747 0.010287 0.169806 -0.061544 0.000146 0.370136 0.550888 0.748011
1305031794.076455 0.013490 0.169099 -0.060297 -0.002325 0.369143 0.552436 0.747356
1305031794.112475 0.019316 0.170869 -0.063432 -0.003747 0.367728 0.554191 0.746748
1305031794.145599 0.024987 0.168679 -0.066049 -0.004220 0.367049 0.556364 0.745463
1305031794.177734 0.025258 0.165649 -0.068927 -0.003000 0.368420 0.556352 0.744801
1305031794.213866 0.027314 0.162814 -0.074161 -0.000654 0.371829 0.554884 0.744208
1305031794.245539 0.030130 0.154421 -0.078439 0.003237 0.377682 0.553692 0.742139
1305031794.277346 0.033642 0.145954 -0.083093 0.010123 0.385823 0.550825 0.740019
1305031794.313708 0.037366 0.141536 -0.091065 0.018239 0.394622 0.545651 0.739057
1305031794.345350 0.037348 0.133516 -0.097458 0.026659 0.404296 0.540173 0.737595
1305031794.377641 0.042378 0.124983 -0.108312 0.036728 0.413810 0.532830 0.737226
1305031794.414154 0.042196 0.122983 -0.116971 0.049267 0.424126 0.522582 0.737968
1305031794.445415 0.042846 0.117443 -0.125347 0.057194 0.432195 0.513672 0.738969
1305031794.477731 0.046984 0.109814 -0.140208 0.065441 0.437478 0.506696 0.739992
1305031794.513643 0.049630 0.104075 -0.156814 0.078115 0.442680 0.501325 0.739327
1305031794.545650 0.048470 0.100392 -0.167685 0.090537 0.448610 0.495989 0.737933
1305031794.577340 0.049187 0.083984 -0.177364 0.098354 0.457567 0.491425 0.734479
1305031794.613627 0.049738 0.078803 -0.191138 0.108695 0.467484 0.485179 0.730920
1305031794.645569 0.049596 0.074110 -0.204488 0.118955 0.480117 0.478115 0.725770
1305031794.677507 0.049421 0.070039 -0.219326 0.127913 0.494993 0.470124 0.719446
1305031794.713599 0.047661 0.069103 -0.229845 0.136836 0.511995 0.460718 0.711951
1305031794.745368 0.047858 0.060043 -0.244252 0.144949 0.530689 0.453483 0.701221
1305031794.776816 0.046484 0.054566 -0.265321 0.154480 0.551739 0.443095 0.689482
1305031794.813463 0.039071 0.052826 -0.277715 0.165948 0.575976 0.430263 0.674970
1305031794.846026 0.031852 0.045922 -0.288563 0.176007 0.599155 0.416700 0.660601
1305031794.873764 0.025344 0.038892 -0.300853 0.185378 0.620359 0.403122 0.646746
1305031794.910108 0.017450 0.034031 -0.318417 0.196525 0.639218 0.389293 0.633425
1305031794.945596 0.009864 0.025171 -0.336019 0.206343 0.655554 0.376433 0.621263
1305031794.977250 0.001893 0.019373 -0.354777 0.213865 0.669461 0.364616 0.610850
1305031795.013538 -0.007443 0.015234 -0.363571 0.221328 0.682150 0.354508 0.600006
1305031795.045683 -0.015919 0.009382 -0.381312 0.227467 0.690056 0.349194 0.591729
1305031795.077205 -0.024134 0.008392 -0.394205 0.231376 0.696267 0.345933 0.584812
1305031795.113230 -0.029564 0.002762 -0.399270 0.235356 0.705041 0.341083 0.575486
1305031795.145139 -0.034894 -0.011466 -0.411292 0.244430 0.716024 0.332538 0.563009
1305031795.177574 -0.043305 -0.021491 -0.418055 0.255508 0.726902 0.323235 0.549405
1305031795.213517 -0.051410 -0.028165 -0.427594 0.263126 0.735870 0.316403 0.537724
1305031795.245440 -0.059565 -0.033427 -0.438251 0.273652 0.742719 0.310613 0.526308
1305031795.277594 -0.067091 -0.043763 -0.447366 0.281773 0.748993 0.304795 0.516441
1305031795.312820 -0.075623 -0.051127 -0.457337 0.287722 0.755755 0.298732 0.506762
1305031795.345404 -0.084117 -0.060616 -0.466225 0.291760 0.763845 0.291811 0.496248
1305031795.381033 -0.092660 -0.064890 -0.478284 0.294155 0.772496 0.283888 0.485930
1305031795.413248 -0.102162 -0.065905 -0.489438 0.293878 0.783174 0.275723 0.473550
1305031795.444944 -0.109230 -0.063051 -0.491560 0.294952 0.793586 0.271004 0.458016
1305031795.480855 -0.111159 -0.057432 -0.487899 0.298110 0.801719 0.269038 0.442713
1305031795.509058 -0.113044 -0.053810 -0.487368 0.299698 0.809443 0.265596 0.429464
1305031795.543822 -0.114556 -0.051088 -0.484245 0.302396 0.815885 0.263799 0.416288
1305031795.580571 -0.115592 -0.047927 -0.483161 0.303236 0.821815 0.260833 0.405748
1305031795.612694 -0.118726 -0.045856 -0.485784 0.301341 0.827874 0.256794 0.397334
1305031795.644499 -0.122374 -0.047909 -0.490472 0.298703 0.834332 0.252484 0.388479
1305031795.680455 -0.121332 -0.044039 -0.487147 0.300308 0.840517 0.247024 0.377258
1305031795.713145 -0.117949 -0.041233 -0.480598 0.301954 0.845016 0.244623 0.367328
1305031795.745356 -0.117436 -0.040419 -0.482121 0.297450 0.848186 0.246464 0.362433
1305031795.781187 -0.115296 -0.037307 -0.480730 0.289569 0.851606 0.251455 0.357331
1305031795.812774 -0.106500 -0.026553 -0.472229 0.283623 0.854766 0.258522 0.349424
1305031795.844570 -0.098135 -0.017486 -0.463305 0.281055 0.855093 0.270079 0.341877
1305031795.880527 -0.089498 -0.006500 -0.458680 0.277176 0.852828 0.284610 0.338899
1305031795.909127 -0.080668 0.004750 -0.454182 0.272942 0.849869 0.298807 0.337545
1305031795.944316 -0.071285 0.013248 -0.450713 0.269017 0.846403 0.313013 0.336531
1305031795.980897 -0.062404 0.023510 -0.445835 0.262335 0.842592 0.328563 0.336546
1305031796.012654 -0.054481 0.036690 -0.442527 0.253373 0.839639 0.343500 0.335879
1305031796.045068 -0.045072 0.045789 -0.440613 0.247878 0.835512 0.359828 0.333162
1305031796.081241 -0.034349 0.060051 -0.427812 0.241005 0.831749 0.374018 0.331992
1305031796.113736 -0.026969 0.075887 -0.415658 0.235129 0.826207 0.389924 0.331741
1305031796.145545 -0.018854 0.084250 -0.411996 0.228976 0.820056 0.406988 0.330811
1305031796.179196 -0.013052 0.095800 -0.405304 0.224623 0.814654 0.422043 0.328268
1305031796.212249 -0.008076 0.106066 -0.397020 0.218791 0.809363 0.437114 0.325563
1305031796.244465 -0.005383 0.116340 -0.390179 0.213034 0.805008 0.450831 0.321446
1305031796.280467 -0.003680 0.125276 -0.382789 0.208672 0.801675 0.463137 0.315080
1305031796.312376 -0.000791 0.135795 -0.367677 0.204452 0.798252 0.474584 0.309451
1305031796.342290 -0.000449 0.146359 -0.358280 0.199508 0.792641 0.488209 0.305887
1305031796.380122 -0.000871 0.153552 -0.352604 0.196479 0.786553 0.501489 0.302053
1305031796.411800 0.000858 0.160993 -0.339981 0.192368 0.781578 0.513144 0.298011
1305031796.444268 -0.000468 0.167488 -0.331679 0.188055 0.773677 0.527981 0.295453
1305031796.481198 -0.002135 0.172857 -0.327686 0.184241 0.766361 0.540781 0.293766
1305031796.512896 -0.002670 0.179666 -0.314538 0.178745 0.762415 0.549034 0.292118
1305031796.544633 -0.004346 0.186892 -0.302326 0.172823 0.756482 0.560415 0.289481
1305031796.581150 -0.006500 0.193832 -0.292886 0.167767 0.749978 0.571622 0.287459
1305031796.613198 -0.009198 0.200800 -0.283017 0.165060 0.742573 0.582957 0.285480
1305031796.649045 -0.010328 0.207378 -0.270331 0.162269 0.733354 0.595383 0.285264
1305031796.679446 -0.012342 0.213745 -0.262389 0.158772 0.722661 0.608342 0.287175
1305031796.712815 -0.014137 0.219917 -0.252565 0.155872 0.713600 0.619397 0.287790
1305031796.749489 -0.016672 0.226057 -0.244351 0.153704 0.704970 0.630184 0.286806
1305031796.781421 -0.018676 0.232591 -0.232897 0.150616 0.696885 0.640055 0.286343
1305031796.813561 -0.022341 0.240208 -0.223721 0.148960 0.687151 0.650986 0.286090
1305031796.849638 -0.025347 0.247285 -0.215735 0.148987 0.678111 0.661012 0.284653
1305031796.877643 -0.028915 0.253499 -0.205454 0.148405 0.669683 0.669498 0.285080
1305031796.913380 -0.033011 0.260150 -0.194119 0.146929 0.659302 0.679516 0.286333
1305031796.949604 -0.037668 0.267054 -0.186105 0.146452 0.648622 0.689573 0.286925
1305031796.980992 -0.042321 0.272412 -0.175884 0.145605 0.640214 0.697211 0.287782
1305031797.013555 -0.047374 0.277640 -0.165960 0.143056 0.631943 0.704906 0.288594
1305031797.049352 -0.052206 0.281777 -0.157156 0.139709 0.624928 0.711974 0.288159
1305031797.081428 -0.055922 0.284554 -0.147830 0.135701 0.618630 0.718650 0.287087
1305031797.112264 -0.061086 0.287848 -0.139977 0.131746 0.612157 0.725175 0.286397
1305031797.149559 -0.066370 0.291099 -0.133219 0.128963 0.604970 0.732305 0.284789
1305031797.181442 -0.072984 0.294999 -0.126787 0.129417 0.596844 0.740263 0.281132
1305031797.213717 -0.080632 0.299171 -0.120557 0.131029 0.588348 0.747622 0.278810
1305031797.249736 -0.087132 0.303116 -0.116978 0.132579 0.577715 0.755721 0.278478
1305031797.281280 -0.094814 0.307276 -0.112136 0.134805 0.566987 0.763255 0.278912
1305031797.313591 -0.101841 0.310292 -0.105960 0.136646 0.559183 0.768290 0.279944
1305031797.349653 -0.106946 0.312662 -0.101632 0.136431 0.552643 0.773148 0.279660
1305031797.381725 -0.113664 0.315773 -0.098083 0.136309 0.546992 0.777770 0.278009
1305031797.413444 -0.119411 0.317849 -0.094356 0.136934 0.542088 0.782087 0.275182
1305031797.449459 -0.125084 0.319905 -0.092494 0.138006 0.538191 0.785444 0.272724
1305031797.481250 -0.129491 0.321518 -0.091851 0.139754 0.535098 0.788150 0.270100
1305031797.511821 -0.134045 0.323178 -0.091689 0.141998 0.532971 0.790070 0.267512
1305031797.549595 -0.138465 0.324506 -0.093696 0.144331 0.531805 0.791020 0.265772
1305031797.577492 -0.141651 0.324604 -0.097828 0.147113 0.536782 0.787751 0.263943
1305031797.613482 -0.144108 0.325063 -0.104218 0.151018 0.544805 0.783121 0.259033
1305031797.649463 -0.145755 0.324745 -0.112520 0.155160 0.555955 0.777137 0.250786
1305031797.681494 -0.147509 0.324086 -0.122552 0.159225 0.568781 0.769162 0.243968
1305031797.711478 -0.152118 0.321384 -0.129220 0.159837 0.584352 0.758621 0.239737
1305031797.749330 -0.157923 0.321063 -0.141884 0.160090 0.598080 0.749652 0.233856
1305031797.781348 -0.164299 0.317338 -0.151386 0.155374 0.615027 0.738094 0.229810
1305031797.815855 -0.168958 0.314003 -0.162240 0.151484 0.627726 0.729647 0.224995
1305031797.849306 -0.172129 0.310704 -0.174783 0.149088 0.640824 0.720498 0.219077
1305031797.877576 -0.175898 0.306323 -0.187781 0.147850 0.655198 0.710249 0.210706
1305031797.917116 -0.178272 0.301367 -0.198481 0.147429 0.670702 0.699174 0.198932
1305031797.949871 -0.180011 0.297462 -0.208783 0.148119 0.687040 0.686515 0.186356
1305031797.981971 -0.182666 0.292068 -0.223117 0.147759 0.703425 0.672838 0.175056
1305031798.015269 -0.188912 0.287475 -0.236559 0.147354 0.719874 0.658352 0.163204
1305031798.049495 -0.193505 0.283067 -0.247958 0.148202 0.735290 0.644225 0.149515
1305031798.081417 -0.194213 0.277688 -0.258562 0.148589 0.749329 0.630745 0.136321
1305031798.114860 -0.197424 0.271291 -0.271736 0.147196 0.763346 0.616378 0.125336
1305031798.149092 -0.200703 0.265464 -0.283519 0.147353 0.775208 0.603777 0.113084
1305031798.180856 -0.200584 0.258590 -0.293645 0.147846 0.785258 0.592770 0.100652
1305031798.216938 -0.201879 0.252691 -0.304368 0.147843 0.793434 0.583404 0.090770
1305031798.249843 -0.206106 0.246384 -0.318721 0.146589 0.801227 0.574544 0.080256
1305031798.277285 -0.206803 0.239427 -0.328832 0.143928 0.810777 0.563406 0.067045
1305031798.317008 -0.203930 0.231671 -0.336973 0.140903 0.819725 0.552520 0.053984
1305031798.349326 -0.200934 0.223923 -0.344409 0.139212 0.828463 0.540842 0.041883
1305031798.381412 -0.199411 0.217707 -0.349624 0.136696 0.837434 0.528221 0.031579
1305031798.417238 -0.197634 0.210594 -0.357065 0.132241 0.845367 0.517118 0.021240
1305031798.449066 -0.194646 0.204734 -0.362001 0.129039 0.853234 0.505232 0.008758
1305031798.481517 -0.192265 0.198845 -0.366285 0.127852 0.861158 0.491976 -0.004020
1305031798.517491 -0.191023 0.191405 -0.373887 0.125197 0.868622 0.479164 -0.014790
1305031798.548782 -0.190176 0.184842 -0.380765 0.121184 0.875161 0.467692 -0.025844
1305031798.581190 -0.189735 0.177994 -0.387099 0.119380 0.881283 0.455601 -0.038889
1305031798.616969 -0.186585 0.171090 -0.392705 0.119706 0.887212 0.442475 -0.052311
1305031798.649387 -0.186299 0.163423 -0.397577 0.119184 0.891976 0.431235 -0.064859
1305031798.681173 -0.181930 0.156691 -0.403578 0.120466 0.895479 0.421077 -0.079340
1305031798.717545 -0.176293 0.149997 -0.408988 0.122121 0.899300 0.409097 -0.094769
1305031798.749417 -0.170074 0.143524 -0.410743 0.122432 0.903834 0.395189 -0.109158
1305031798.780379 -0.164673 0.135658 -0.414876 0.120498 0.908146 0.382534 -0.120059
1305031798.816718 -0.165005 0.120933 -0.425997 0.116034 0.912389 0.370716 -0.129031
1305031798.848499 -0.165990 0.109608 -0.433006 0.111387 0.917041 0.357494 -0.137199
1305031798.880461 -0.164203 0.098007 -0.438449 0.107818 0.920901 0.345168 -0.145507
1305031798.916769 -0.162728 0.086367 -0.443975 0.105411 0.924362 0.333928 -0.151430
1305031798.948386 -0.162919 0.075181 -0.448220 0.100959 0.927484 0.325359 -0.154007
1305031798.977548 -0.166771 0.064803 -0.451916 0.096956 0.930084 0.317637 -0.156991
1305031799.016423 -0.168519 0.052684 -0.456754 0.093689 0.932703 0.308949 -0.160728
1305031799.048165 -0.171590 0.044157 -0.458414 0.086962 0.935613 0.300495 -0.163598
1305031799.084229 -0.175508 0.034618 -0.459155 0.079085 0.937469 0.294727 -0.167421
1305031799.116275 -0.181470 0.023600 -0.460927 0.072893 0.938266 0.291090 -0.172064
1305031799.148353 -0.185043 0.017983 -0.459386 0.067506 0.938956 0.287365 -0.176699
1305031799.184133 -0.190884 0.011881 -0.456278 0.064313 0.939367 0.284465 -0.180356
1305031799.216330 -0.193174 0.010332 -0.451956 0.064239 0.939189 0.282321 -0.184630
1305031799.248919 -0.199772 0.004136 -0.449239 0.064110 0.938221 0.283936 -0.187103
1305031799.282109 -0.206862 0.001186 -0.443294 0.062423 0.937186 0.285774 -0.190039
1305031799.317052 -0.210435 0.000670 -0.437402 0.059851 0.935799 0.287683 -0.194759
1305031799.345225 -0.213545 0.002797 -0.430116 0.056164 0.934344 0.289977 -0.199390
1305031799.385836 -0.220148 0.001369 -0.422594 0.053850 0.932740 0.292476 -0.203838
1305031799.417030 -0.228132 -0.002208 -0.416789 0.054729 0.930445 0.296716 -0.207921
1305031799.449416 -0.235226 -0.001272 -0.409174 0.055616 0.927631 0.303722 -0.210131
1305031799.485270 -0.241268 0.002555 -0.398908 0.055854 0.924097 0.313540 -0.211220
1305031799.517032 -0.247821 0.006872 -0.388969 0.055982 0.919996 0.324661 -0.212283
1305031799.548193 -0.252432 0.015496 -0.375025 0.055879 0.915947 0.335544 -0.212896
1305031799.581386 -0.249612 0.024152 -0.365154 0.056504 0.910753 0.347908 -0.215154
1305031799.617188 -0.256173 0.031920 -0.352014 0.059294 0.905539 0.360324 -0.215973
1305031799.649673 -0.262482 0.039790 -0.337841 0.062345 0.900610 0.371856 -0.216179
1305031799.685493 -0.265815 0.048385 -0.324162 0.066108 0.895396 0.383379 -0.216591
1305031799.717286 -0.267685 0.058300 -0.310477 0.068937 0.889562 0.396543 -0.216045
1305031799.749321 -0.268872 0.068728 -0.298119 0.072407 0.883664 0.409129 -0.215649
1305031799.785018 -0.272043 0.074518 -0.286919 0.077611 0.877626 0.421084 -0.215481
1305031799.814639 -0.273682 0.084061 -0.273066 0.081992 0.871279 0.433882 -0.214223
1305031799.849553 -0.272572 0.093803 -0.260647 0.086415 0.864604 0.446469 -0.213664
1305031799.885163 -0.270880 0.105906 -0.245119 0.091505 0.858106 0.457729 -0.213914
1305031799.916952 -0.267614 0.118302 -0.232364 0.094621 0.851152 0.470195 -0.213302
1305031799.949350 -0.264995 0.126779 -0.225831 0.097097 0.842530 0.484605 -0.214171
1305031799.985260 -0.261684 0.136008 -0.216088 0.101774 0.834177 0.496950 -0.216394
1305031800.017573 -0.258423 0.146175 -0.205343 0.106832 0.826018 0.509089 -0.217035
1305031800.049428 -0.256858 0.154416 -0.198488 0.110834 0.817164 0.522651 -0.216310
1305031800.085033 -0.255899 0.163096 -0.187904 0.115731 0.808791 0.534365 -0.216592
1305031800.117205 -0.253560 0.172478 -0.178878 0.118292 0.800361 0.546277 -0.216805
1305031800.149430 -0.252785 0.182114 -0.167459 0.119606 0.791819 0.557925 -0.217787
1305031800.185401 -0.252054 0.190389 -0.157667 0.120694 0.783135 0.568319 -0.221676
1305031800.217472 -0.249584 0.199888 -0.144361 0.123844 0.774105 0.577985 -0.226609
1305031800.249376 -0.247562 0.209959 -0.133037 0.129091 0.763372 0.589861 -0.229473
1305031800.285574 -0.245712 0.218817 -0.123654 0.133991 0.752173 0.602591 -0.230564
1305031800.317706 -0.244714 0.227334 -0.114305 0.137377 0.741496 0.614631 -0.231375
1305031800.353570 -0.243075 0.235826 -0.108264 0.139707 0.729872 0.627043 -0.233624
1305031800.386128 -0.241205 0.244345 -0.099522 0.142259 0.718184 0.638630 -0.236898
1305031800.417282 -0.239676 0.252996 -0.090434 0.145800 0.706964 0.648876 -0.240618
1305031800.453754 -0.237608 0.260301 -0.084613 0.149889 0.694504 0.659650 -0.245058
1305031800.485575 -0.235210 0.266904 -0.078401 0.154095 0.682940 0.669016 -0.249517
1305031800.517739 -0.234037 0.273043 -0.073004 0.159154 0.671872 0.677322 -0.253944
1305031800.553340 -0.232175 0.278424 -0.068224 0.164451 0.660867 0.684930 -0.258987
1305031800.585490 -0.230272 0.283274 -0.064743 0.168019 0.650225 0.692634 -0.263115
1305031800.617831 -0.229105 0.287964 -0.061124 0.170114 0.640801 0.699530 -0.266620
1305031800.653624 -0.227546 0.292789 -0.056033 0.173483 0.631228 0.706041 -0.270100
1305031800.685405 -0.226644 0.297606 -0.052136 0.176671 0.623008 0.711864 -0.271830
1305031800.713947 -0.224854 0.301681 -0.049945 0.180517 0.614729 0.716894 -0.274915
1305031800.753166 -0.224309 0.305942 -0.046609 0.185107 0.607643 0.720732 -0.277569
1305031800.784054 -0.225806 0.310144 -0.047619 0.188672 0.601562 0.723550 -0.281060
1305031800.816096 -0.227815 0.313576 -0.052044 0.191916 0.596267 0.724311 -0.288100
1305031800.853919 -0.234530 0.317248 -0.060354 0.192828 0.594625 0.722519 -0.295294
1305031800.885396 -0.242475 0.320073 -0.069119 0.192765 0.595886 0.717341 -0.305247
1305031800.917427 -0.243230 0.319016 -0.074008 0.190586 0.600521 0.709158 -0.316449
1305031800.953700 -0.255572 0.320866 -0.086000 0.189934 0.605112 0.700306 -0.327610
1305031800.985467 -0.273408 0.321623 -0.098543 0.186359 0.615588 0.687111 -0.337925
1305031801.017256 -0.278693 0.315042 -0.108791 0.176846 0.628702 0.672240 -0.348634
1305031801.053202 -0.285112 0.312291 -0.114272 0.168134 0.641404 0.654894 -0.362544
1305031801.085709 -0.291105 0.307157 -0.123420 0.157456 0.654400 0.637364 -0.375136
1305031801.117929 -0.296125 0.301329 -0.130956 0.143972 0.667345 0.621165 -0.384797
1305031801.149557 -0.305683 0.295530 -0.138577 0.131434 0.677622 0.606868 -0.394028
1305031801.183875 -0.313496 0.286763 -0.148948 0.115922 0.688562 0.591201 -0.403632
1305031801.213176 -0.322333 0.275747 -0.162446 0.101600 0.698766 0.574154 -0.414419
1305031801.253746 -0.333092 0.262172 -0.180313 0.088503 0.707346 0.558614 -0.423996
1305031801.285341 -0.342287 0.249711 -0.192484 0.077979 0.715953 0.543981 -0.430590
1305031801.318014 -0.344973 0.239699 -0.209343 0.067139 0.724011 0.529345 -0.437136
1305031801.353094 -0.350449 0.225491 -0.226702 0.056660 0.730557 0.516924 -0.442560
1305031801.385194 -0.353692 0.212751 -0.242659 0.047452 0.736014 0.504944 -0.448393
1305031801.417407 -0.357811 0.199443 -0.255547 0.038485 0.741360 0.494427 -0.452150
1305031801.453727 -0.360375 0.187770 -0.268341 0.031057 0.746660 0.483584 -0.455713
1305031801.485350 -0.362773 0.177486 -0.277798 0.024406 0.751913 0.472458 -0.459138
1305031801.521131 -0.366308 0.166586 -0.286068 0.019520 0.758289 0.459977 -0.461553
1305031801.550374 -0.367372 0.158715 -0.291651 0.013599 0.765266 0.447431 -0.462583
1305031801.585137 -0.370514 0.149351 -0.298475 0.007463 0.772011 0.435613 -0.462794
1305031801.621227 -0.372830 0.140709 -0.304851 0.001698 0.778830 0.422462 -0.463616
1305031801.653135 -0.375113 0.130731 -0.311697 -0.005229 0.785767 0.408148 -0.464706
1305031801.685234 -0.376750 0.119885 -0.319019 -0.013681 0.793024 0.392962 -0.465296
1305031801.721833 -0.377697 0.109683 -0.324257 -0.023634 0.800419 0.377155 -0.465316
1305031801.752492 -0.379341 0.097837 -0.331377 -0.032219 0.806900 0.361974 -0.465664
1305031801.785189 -0.380233 0.085803 -0.339480 -0.040873 0.812774 0.347698 -0.465647
1305031801.821431 -0.381072 0.075097 -0.345274 -0.052303 0.816899 0.336104 -0.465799
1305031801.851024 -0.384660 0.059668 -0.352624 -0.061362 0.820342 0.324190 -0.467085
1305031801.885594 -0.386104 0.047725 -0.357014 -0.069214 0.824701 0.309721 -0.468129
1305031801.921490 -0.389794 0.035649 -0.361698 -0.075620 0.828372 0.297899 -0.468329
1305031801.953537 -0.391067 0.028258 -0.365118 -0.080034 0.831806 0.287309 -0.468125
1305031801.985210 -0.393180 0.021111 -0.367449 -0.082786 0.835405 0.278012 -0.466850
1305031802.019644 -0.395393 0.013988 -0.368518 -0.083824 0.838714 0.268295 -0.466416
1305031802.053402 -0.398954 0.005597 -0.369044 -0.085236 0.841517 0.258406 -0.466695
1305031802.085036 -0.402854 -0.002709 -0.370430 -0.089202 0.842934 0.249165 -0.468418
1305031802.121342 -0.407679 -0.013552 -0.370588 -0.096418 0.843985 0.239310 -0.470231
1305031802.153506 -0.412291 -0.024431 -0.370149 -0.105635 0.843925 0.229220 -0.473375
1305031802.184646 -0.414228 -0.027457 -0.368404 -0.113323 0.842285 0.219737 -0.478982
1305031802.219780 -0.417494 -0.031271 -0.363315 -0.118614 0.839942 0.214564 -0.484131
1305031802.253201 -0.421252 -0.034432 -0.356083 -0.122311 0.836829 0.211028 -0.490121
1305031802.285410 -0.425473 -0.032882 -0.342356 -0.123344 0.833865 0.207575 -0.496348
1305031802.321392 -0.428878 -0.029176 -0.331634 0.123418 -0.830636 -0.207728 0.501646
1305031802.353673 -0.432863 -0.027976 -0.324714 0.123941 -0.827105 -0.211649 0.505696
1305031802.385256 -0.437358 -0.031551 -0.318370 0.125756 -0.823376 -0.215519 0.509683
1305031802.421381 -0.440003 -0.027329 -0.308184 0.127801 -0.820129 -0.215590 0.514359
1305031802.449815 -0.442673 -0.024487 -0.302345 0.129552 -0.816016 -0.219669 0.518718
1305031802.485366 -0.445316 -0.021026 -0.294964 0.129950 -0.812611 -0.223304 0.522398
1305031802.521559 -0.447346 -0.016443 -0.289402 0.129867 -0.809214 -0.227931 0.525683
1305031802.553684 -0.448977 -0.008103 -0.281476 0.127757 -0.804647 -0.236242 0.529528
1305031802.585533 -0.451191 -0.001562 -0.275137 0.125251 -0.798259 -0.248584 0.534125
1305031802.621150 -0.452907 0.008765 -0.263409 0.122241 -0.791303 -0.261663 0.538904
1305031802.651432 -0.454340 0.022926 -0.252379 0.116813 -0.781182 -0.279480 0.545884
1305031802.685539 -0.455728 0.031587 -0.241732 0.107290 -0.769816 -0.299077 0.553546
1305031802.721583 -0.457426 0.043048 -0.228262 0.096238 -0.760701 -0.315895 0.558812
1305031802.751226 -0.458198 0.056052 -0.217062 0.087866 -0.750743 -0.334724 0.562684
1305031802.789007 -0.461054 0.068474 -0.204704 0.078004 -0.740113 -0.352768 0.567178
1305031802.821805 -0.462683 0.084183 -0.192603 0.070584 -0.729210 -0.366505 0.573527
1305031802.853857 -0.462713 0.097338 -0.182672 0.061837 -0.717417 -0.377337 0.582318
1305031802.890975 -0.462511 0.110380 -0.169492 0.051523 -0.705768 -0.386394 0.591546
1305031802.921571 -0.462131 0.122134 -0.160663 0.043957 -0.694741 -0.396070 0.598766
1305031802.954186 -0.458827 0.137301 -0.152642 0.039088 -0.683270 -0.404632 0.606528
1305031802.989730 -0.458620 0.147148 -0.145116 0.034466 -0.672084 -0.411601 0.614564
1305031803.021911 -0.455277 0.159633 -0.137123 0.030622 -0.659533 -0.417024 0.624628
1305031803.053859 -0.454708 0.168635 -0.126332 0.026341 -0.646929 -0.423304 0.633713
1305031803.089624 -0.452193 0.178665 -0.117586 0.021524 -0.634679 -0.427406 0.643454
1305031803.122288 -0.447741 0.188403 -0.108895 0.016154 -0.623095 -0.430593 0.652742
1305031803.153738 -0.444851 0.194777 -0.097558 0.009149 -0.611279 -0.435042 0.661047
1305031803.189456 -0.441683 0.199431 -0.088280 0.000821 -0.599890 -0.437681 0.669744
1305031803.222097 -0.437304 0.205900 -0.077846 -0.005861 -0.589637 -0.440047 0.677232
1305031803.253833 -0.430277 0.211234 -0.064897 -0.012743 -0.579705 -0.442860 0.683846
1305031803.289513 -0.427758 0.215866 -0.057907 -0.020293 -0.568093 -0.445935 0.691370
1305031803.317616 -0.422980 0.222845 -0.051039 -0.026369 -0.557167 -0.449344 0.697818
1305031803.353839 -0.419329 0.229614 -0.044164 -0.033005 -0.546393 -0.453148 0.703572
1305031803.393279 -0.413901 0.236853 -0.037394 -0.039660 -0.536229 -0.457028 0.708521
1305031803.421427 -0.410321 0.240858 -0.031909 -0.047190 -0.526837 -0.459700 0.713360
1305031803.449958 -0.405408 0.245577 -0.026230 -0.051934 -0.518580 -0.462797 0.717069
1305031803.489758 -0.401005 0.249146 -0.020507 -0.057230 -0.509984 -0.465181 0.721275
1305031803.517807 -0.395989 0.253853 -0.015273 -0.062531 -0.501522 -0.467183 0.725464
1305031803.553175 -0.391523 0.256932 -0.010143 -0.068153 -0.494352 -0.468006 0.729337
1305031803.588621 -0.386717 0.258777 -0.004473 -0.074752 -0.488416 -0.467942 0.732724
1305031803.617801 -0.382663 0.261552 0.000814 -0.081294 -0.483689 -0.469344 0.734264
1305031803.654299 -0.378212 0.264093 0.007060 -0.086918 -0.479052 -0.474043 0.733641
1305031803.686328 -0.375139 0.264704 0.013488 -0.092544 -0.473190 -0.478760 0.733694
1305031803.721631 -0.373364 0.264264 0.018542 -0.100363 -0.465846 -0.481696 0.735442
1305031803.754202 -0.372202 0.265589 0.022660 -0.111505 -0.458476 -0.484869 0.736383
1305031803.789665 -0.368540 0.266727 0.029499 -0.123103 -0.452776 -0.490699 0.734197
1305031803.822228 -0.363658 0.267334 0.035475 -0.133344 -0.447571 -0.495000 0.732711
1305031803.854272 -0.358564 0.269693 0.041884 -0.143822 -0.442019 -0.501431 0.729721
1305031803.894274 -0.349787 0.272656 0.049394 -0.152429 -0.436453 -0.509576 0.725671
1305031803.922306 -0.343780 0.273654 0.055894 -0.161425 -0.430285 -0.516105 0.722789
1305031803.953878 -0.337046 0.276570 0.061905 -0.170642 -0.423668 -0.521512 0.720696
1305031803.986986 -0.328934 0.277633 0.069677 -0.181496 -0.418255 -0.526842 0.717322
1305031804.021991 -0.318695 0.281056 0.077377 -0.190807 -0.413293 -0.531703 0.714188
1305031804.057867 -0.310064 0.283915 0.085111 -0.200970 -0.407671 -0.535102 0.712090
1305031804.090568 -0.300014 0.286953 0.092952 -0.209482 -0.402827 -0.539170 0.709319
1305031804.121807 -0.292301 0.289863 0.099665 -0.215953 -0.398039 -0.544113 0.706301
1305031804.159547 -0.287463 0.291993 0.105071 -0.222909 -0.392861 -0.545936 0.705632
1305031804.190025 -0.282934 0.293379 0.110532 -0.229391 -0.388492 -0.547316 0.704904
1305031804.221943 -0.280402 0.294192 0.115129 -0.233971 -0.386635 -0.547404 0.704352
1305031804.257543 -0.279168 0.292352 0.119137 -0.236036 -0.385818 -0.545493 0.705592
1305031804.289105 -0.282525 0.290834 0.119625 -0.236136 -0.385180 -0.542624 0.708114
1305031804.322186 -0.286987 0.287299 0.119104 -0.232686 -0.387842 -0.538963 0.710595
1305031804.357487 -0.292240 0.282451 0.118833 -0.226182 -0.393175 -0.533614 0.713794
1305031804.388583 -0.303296 0.277571 0.114290 -0.216470 -0.398615 -0.527672 0.718193
1305031804.420347 -0.316322 0.266000 0.109163 -0.206285 -0.403148 -0.520815 0.723644
1305031804.458421 -0.329160 0.253122 0.105698 -0.195475 -0.409388 -0.512117 0.729328
1305031804.488618 -0.341998 0.239710 0.098680 -0.181189 -0.415681 -0.503115 0.735694
1305031804.520334 -0.347778 0.228153 0.094254 -0.165284 -0.422889 -0.493782 0.741631
1305031804.553325 -0.356802 0.212247 0.087323 -0.150355 -0.429171 -0.484642 0.747207
1305031804.588603 -0.364394 0.199785 0.078932 -0.133122 -0.435309 -0.474592 0.753351
1305031804.620878 -0.370977 0.185748 0.071073 -0.116968 -0.441144 -0.465159 0.758504
1305031804.657048 -0.376735 0.174083 0.062903 -0.099350 -0.446618 -0.456853 0.762849
1305031804.689811 -0.383063 0.161826 0.054665 -0.081100 -0.450394 -0.450857 0.766347
1305031804.721742 -0.389563 0.147877 0.046017 -0.061882 -0.453863 -0.444034 0.770067
1305031804.761864 -0.397282 0.133449 0.035596 -0.041330 -0.456990 -0.435388 0.774520
1305031804.794542 -0.402768 0.122860 0.024270 -0.017525 -0.460485 -0.426136 0.778489
1305031804.822160 -0.410224 0.111281 0.012313 0.008012 -0.463172 -0.416472 0.782273
1305031804.857799 -0.417828 0.098648 -0.000222 0.033759 -0.465122 -0.405211 0.786332
1305031804.889635 -0.422333 0.088445 -0.012393 0.060939 -0.467785 -0.391397 0.790104
1305031804.921987 -0.426867 0.079643 -0.024670 0.084289 -0.470211 -0.377064 0.793481
1305031804.958018 -0.431447 0.073958 -0.037705 0.102761 -0.472241 -0.363820 0.796276
1305031804.989454 -0.437381 0.067307 -0.050580 0.119068 -0.474032 -0.353551 0.797565
1305031805.021251 -0.443775 0.058014 -0.063046 0.133054 -0.476205 -0.340670 0.799664
1305031805.053799 -0.450478 0.051990 -0.075705 0.145371 -0.477498 -0.326360 0.802710
1305031805.088981 -0.457042 0.044698 -0.087959 0.156887 -0.478894 -0.314632 0.804391
1305031805.120822 -0.462442 0.037616 -0.100321 0.166428 -0.481383 -0.302899 0.805491
1305031805.156816 -0.468219 0.032466 -0.112555 0.175651 -0.483766 -0.292512 0.805944
1305031805.188114 -0.472804 0.027915 -0.122409 0.183678 -0.485212 -0.284064 0.806307
1305031805.224830 -0.480258 0.022067 -0.135348 0.191693 -0.485147 -0.277377 0.806809
1305031805.256506 -0.486481 0.020926 -0.148291 0.200029 -0.484073 -0.270034 0.807921
1305031805.288719 -0.491490 0.013981 -0.160426 0.206616 -0.483978 -0.262466 0.808813
1305031805.324692 -0.496511 0.006773 -0.171243 0.216475 -0.481988 -0.257958 0.808873
1305031805.360488 -0.502856 0.002727 -0.183523 0.230376 -0.477674 -0.252101 0.809439
1305031805.392685 -0.509839 -0.006569 -0.202590 0.243893 -0.473506 -0.243213 0.810646
1305031805.426082 -0.512529 -0.009511 -0.212107 0.259069 -0.471280 -0.232034 0.810513
1305031805.455941 -0.514614 -0.027534 -0.230150 0.272855 -0.469331 -0.224452 0.809254
1305031805.488250 -0.515757 -0.035241 -0.245880 0.290956 -0.465308 -0.218642 0.806859
1305031805.524339 -0.518710 -0.035553 -0.260169 0.311133 -0.460133 -0.212126 0.804032
1305031805.555936 -0.518605 -0.041593 -0.274582 0.330491 -0.457062 -0.204410 0.800049
1305031805.587800 -0.520008 -0.032612 -0.283890 0.345426 -0.453579 -0.194977 0.798074
1305031805.626288 -0.521909 -0.030390 -0.296197 0.359968 -0.451367 -0.187546 0.794675
1305031805.653600 -0.518976 -0.046246 -0.310820 0.366370 -0.449107 -0.183649 0.793940
1305031805.688826 -0.510132 -0.062099 -0.312460 0.368323 -0.448213 -0.179298 0.794536
1305031805.724499 -0.500326 -0.075040 -0.305107 0.367277 -0.447983 -0.175600 0.795974
1305031805.756662 -0.492923 -0.085359 -0.299845 0.360038 -0.446018 -0.175685 0.800355
1305031805.788800 -0.489618 -0.084521 -0.291156 0.349984 -0.443367 -0.176716 0.806040
1305031805.825010 -0.483033 -0.103051 -0.303602 0.328892 -0.438965 -0.183516 0.815753
1305031805.856722 -0.479910 -0.093019 -0.283140 0.307329 -0.433039 -0.191936 0.825335
1305031805.888558 -0.477518 -0.101237 -0.276171 0.284745 -0.429655 -0.198307 0.833657
1305031805.924334 -0.474381 -0.105665 -0.265232 0.264362 -0.425848 -0.204398 0.840821
1305031805.956398 -0.473494 -0.104180 -0.252555 0.246048 -0.421600 -0.208606 0.847461
1305031805.990628 -0.467921 -0.102876 -0.239427 0.229345 -0.417498 -0.213006 0.853063
1305031806.026273 -0.464155 -0.103427 -0.227510 0.214403 -0.411623 -0.216985 0.858783
1305031806.056329 -0.460877 -0.106724 -0.217818 0.200361 -0.404205 -0.220176 0.864863
1305031806.091003 -0.453548 -0.109555 -0.203696 0.189842 -0.396965 -0.223730 0.869664
1305031806.126194 -0.445661 -0.104668 -0.188466 0.181241 -0.388110 -0.229078 0.874092
1305031806.160305 -0.438237 -0.099257 -0.173464 0.170771 -0.379975 -0.231461 0.879133
1305031806.186461 -0.432510 -0.090545 -0.160446 0.158957 -0.371770 -0.234645 0.883999
1305031806.226737 -0.424046 -0.083584 -0.145817 0.144331 -0.364393 -0.238648 0.888496
1305031806.256407 -0.418507 -0.081808 -0.133430 0.129824 -0.356865 -0.244193 0.892275
1305031806.292064 -0.410948 -0.075576 -0.119805 0.117933 -0.348799 -0.250328 0.895410
1305031806.324430 -0.403748 -0.071556 -0.106704 0.102954 -0.341008 -0.252533 0.899630
1305031806.356698 -0.399370 -0.065201 -0.095313 0.088142 -0.333268 -0.254114 0.903649
1305031806.388772 -0.392509 -0.057626 -0.083061 0.072626 -0.327029 -0.256710 0.906571
1305031806.428086 -0.386950 -0.052976 -0.071850 0.055529 -0.321039 -0.257980 0.909555
1305031806.458170 -0.382970 -0.050841 -0.062148 0.041416 -0.315608 -0.258491 0.912059
1305031806.493660 -0.373230 -0.044053 -0.050474 0.033399 -0.310104 -0.262097 0.913246
1305031806.531887 -0.365087 -0.036712 -0.039818 0.025009 -0.300749 -0.264456 0.915958
1305031806.556751 -0.356354 -0.027930 -0.029649 0.014909 -0.293248 -0.263326 0.918931
1305031806.594170 -0.347772 -0.019169 -0.019419 0.002283 -0.286545 -0.265390 0.920569
1305031806.625910 -0.342510 -0.013376 -0.010251 -0.011634 -0.278362 -0.268857 0.922002
1305031806.660594 -0.336111 -0.008530 -0.001386 -0.024694 -0.270705 -0.269187 0.923926
1305031806.695601 -0.330258 -0.002800 0.006436 -0.038650 -0.263387 -0.266249 0.926411
1305031806.725479 -0.325048 0.002255 0.013493 -0.053191 -0.258557 -0.263304 0.927891
1305031806.757877 -0.320444 0.006864 0.019785 -0.068219 -0.254726 -0.260074 0.928878
1305031806.793755 -0.316030 0.012281 0.025709 -0.081454 -0.252573 -0.257482 0.929122
1305031806.821694 -0.311887 0.017938 0.031092 -0.092347 -0.248613 -0.256080 0.929558
1305031806.857332 -0.308053 0.023922 0.036180 -0.102377 -0.241779 -0.255471 0.930478
1305031806.893667 -0.304881 0.030046 0.041168 -0.112694 -0.235045 -0.255745 0.930935
1305031806.925528 -0.302321 0.034520 0.045682 -0.123350 -0.228995 -0.254368 0.931469
1305031806.957342 -0.299387 0.040651 0.049857 -0.134559 -0.224146 -0.251488 0.931879
1305031806.994718 -0.296449 0.046208 0.053707 -0.144943 -0.219755 -0.249315 0.931951
1305031807.025349 -0.294119 0.051890 0.056793 -0.153335 -0.214665 -0.246600 0.932517
1305031807.057482 -0.292049 0.056556 0.059563 -0.160816 -0.209090 -0.243388 0.933367
1305031807.094797 -0.290229 0.061858 0.061535 -0.167015 -0.203739 -0.239858 0.934375
1305031807.125639 -0.289557 0.067248 0.063031 -0.171415 -0.198531 -0.235809 0.935729
1305031807.158021 -0.290059 0.071018 0.064156 -0.174158 -0.192664 -0.230508 0.937767
1305031807.193815 -0.291774 0.073460 0.064917 -0.175461 -0.187185 -0.224910 0.939991
1305031807.226069 -0.293118 0.074586 0.065686 -0.175755 -0.181486 -0.218643 0.942529
1305031807.258189 -0.296714 0.075131 0.065942 -0.174341 -0.174915 -0.211940 0.945560
1305031807.294600 -0.300600 0.073314 0.066072 -0.170412 -0.167619 -0.204295 0.949273
1305031807.325779 -0.305864 0.069969 0.065620 -0.164129 -0.158983 -0.194367 0.953939
1305031807.356999 -0.311451 0.064812 0.064613 -0.154958 -0.152542 -0.184726 0.958430
1305031807.394901 -0.317037 0.057566 0.062207 -0.143774 -0.146406 -0.175591 0.962836
1305031807.425389 -0.324399 0.051609 0.059621 -0.130459 -0.139388 -0.165568 0.967539
1305031807.456981 -0.333967 0.043225 0.057287 -0.114635 -0.131949 -0.150675 0.973004
1305031807.493776 -0.340082 0.031685 0.054429 -0.089900 -0.124821 -0.139456 0.978203
1305031807.525569 -0.344147 0.018453 0.049811 -0.060687 -0.117227 -0.133955 0.982152
1305031807.558514 -0.348416 0.014424 0.045204 -0.034048 -0.109487 -0.127061 0.985241
1305031807.593758 -0.352581 0.004043 0.041878 -0.010224 -0.101004 -0.120592 0.987494
1305031807.625726 -0.353743 -0.006664 0.036605 0.014719 -0.092553 -0.117154 0.988678
1305031807.657923 -0.357492 -0.014030 0.031392 0.034761 -0.085252 -0.112271 0.989399
1305031807.695218 -0.363338 -0.024560 0.025457 0.053028 -0.079355 -0.106550 0.989712
1305031807.725763 -0.367831 -0.038493 0.017361 0.074091 -0.074161 -0.101899 0.989252
1305031807.763921 -0.370590 -0.044353 0.010090 0.096167 -0.068331 -0.095644 0.988396
1305031807.794370 -0.376103 -0.056165 0.000838 0.115623 -0.062982 -0.089421 0.987249
1305031807.825649 -0.379982 -0.065159 -0.008311 0.135681 -0.061490 -0.082140 0.985421
1305031807.862767 -0.381094 -0.071170 -0.017294 0.154816 -0.060387 -0.078538 0.982959
1305031807.895051 -0.384061 -0.078419 -0.026417 0.171115 -0.057431 -0.075279 0.980687
1305031807.922091 -0.387004 -0.087473 -0.036379 0.186995 -0.054634 -0.071485 0.978228
1305031807.960371 -0.388871 -0.096092 -0.046716 0.203091 -0.052958 -0.068251 0.975338
1305031807.990310 -0.390822 -0.104352 -0.057244 0.218986 -0.052594 -0.064257 0.972184
1305031808.025493 -0.391931 -0.111549 -0.067161 0.234575 -0.053293 -0.059677 0.968796
1305031808.060837 -0.393907 -0.120673 -0.077844 0.249808 -0.054139 -0.054490 0.965240
1305031808.094509 -0.394516 -0.130952 -0.090364 0.265226 -0.056309 -0.050339 0.961219
1305031808.124869 -0.392204 -0.140695 -0.102737 0.281238 -0.058301 -0.048045 0.956655
1305031808.160774 -0.392792 -0.149541 -0.115149 0.297373 -0.059403 -0.044913 0.951848
1305031808.193540 -0.393835 -0.162466 -0.130610 0.314497 -0.060395 -0.042907 0.946359
1305031808.224541 -0.396115 -0.173247 -0.146818 0.331562 -0.061184 -0.043403 0.940442
1305031808.259528 -0.399995 -0.182272 -0.161501 0.344061 -0.063209 -0.043427 0.935806
1305031808.292602 -0.399669 -0.187562 -0.173232 0.356379 -0.066190 -0.044003 0.930950
1305031808.324524 -0.396430 -0.198753 -0.188150 0.369138 -0.067656 -0.043850 0.925866
1305031808.362374 -0.394538 -0.209776 -0.205396 0.382258 -0.068262 -0.042413 0.920550
1305031808.394090 -0.395639 -0.217334 -0.219999 0.395210 -0.069193 -0.040023 0.915102
1305031808.427040 -0.391967 -0.221017 -0.232205 0.406851 -0.070445 -0.039835 0.909898
1305031808.462622 -0.399483 -0.226255 -0.247046 0.417660 -0.068904 -0.037832 0.905192
1305031808.493893 -0.404903 -0.233043 -0.266913 0.428697 -0.066348 -0.034454 0.900345
1305031808.524551 -0.402870 -0.239197 -0.279241 0.440334 -0.066897 -0.029092 0.894861
1305031808.561866 -0.414250 -0.246381 -0.301933 0.448342 -0.066441 -0.023847 0.891065
1305031808.590231 -0.419847 -0.260032 -0.328591 0.455423 -0.064913 -0.021005 0.887652
1305031808.624717 -0.416900 -0.264801 -0.348191 0.463947 -0.060737 -0.014989 0.883646
1305031808.661004 -0.414717 -0.265389 -0.363183 0.474382 -0.053069 -0.009698 0.878660
1305031808.692608 -0.406049 -0.275026 -0.382871 0.480773 -0.046450 -0.005341 0.875592
1305031808.724581 -0.399588 -0.273189 -0.388255 0.489405 -0.040342 -0.003889 0.871109
1305031808.761035 -0.391647 -0.267621 -0.388336 0.497454 -0.031986 -0.004905 0.866881
1305031808.792909 -0.380975 -0.268268 -0.391603 0.505154 -0.021142 -0.004800 0.862752
1305031808.824645 -0.381018 -0.266046 -0.381356 0.513505 -0.008737 0.000489 0.858037
1305031808.860603 -0.375625 -0.275612 -0.397399 0.512693 0.002411 0.004640 0.858551
1305031808.894236 -0.359679 -0.273697 -0.401526 0.509534 0.011085 0.006421 0.860350
1305031808.924712 -0.348138 -0.274985 -0.406181 0.502571 0.019024 0.008640 0.864279
1305031808.960766 -0.331821 -0.276643 -0.415467 0.490190 0.025836 0.009076 0.871180
1305031808.994453 -0.315001 -0.269219 -0.407692 0.476438 0.031077 0.010275 0.878594
1305031809.029773 -0.293086 -0.253037 -0.390543 0.464180 0.034835 0.010791 0.884985
1305031809.063418 -0.286867 -0.237159 -0.369761 0.451009 0.040990 0.012657 0.891483
1305031809.097271 -0.278564 -0.222763 -0.354611 0.437772 0.048162 0.013429 0.897690
1305031809.131663 -0.274907 -0.210885 -0.339704 0.425353 0.058831 0.013267 0.903011
1305031809.161507 -0.268552 -0.203105 -0.333838 0.412027 0.068506 0.017360 0.908422
1305031809.194288 -0.266617 -0.196911 -0.328909 0.397961 0.076935 0.023899 0.913853
1305031809.229538 -0.257605 -0.182811 -0.314583 0.386427 0.081468 0.030884 0.918191
1305031809.261343 -0.247858 -0.173421 -0.305260 0.372336 0.084766 0.036166 0.923506
1305031809.294460 -0.244385 -0.159670 -0.293055 0.357280 0.090128 0.041558 0.928705
1305031809.330064 -0.243903 -0.152093 -0.284751 0.342753 0.094691 0.048432 0.933381
1305031809.359534 -0.241375 -0.139672 -0.274604 0.330255 0.098298 0.053335 0.937238
1305031809.393838 -0.237784 -0.125606 -0.264172 0.317702 0.101073 0.057061 0.941055
1305031809.428411 -0.237739 -0.120247 -0.257573 0.303238 0.103322 0.059443 0.945425
1305031809.462164 -0.238436 -0.115782 -0.252573 0.290288 0.104528 0.062590 0.949147
1305031809.493873 -0.243930 -0.113248 -0.247034 0.278487 0.106455 0.067447 0.952132
1305031809.530074 -0.248722 -0.108432 -0.241355 0.267922 0.106978 0.071887 0.954776
1305031809.563364 -0.251778 -0.102451 -0.235334 0.257552 0.107801 0.073493 0.957411
1305031809.594021 -0.256063 -0.096685 -0.229723 0.247155 0.110120 0.073849 0.959857
1305031809.631035 -0.259675 -0.094038 -0.225233 0.236970 0.113049 0.074863 0.962004
1305031809.662949 -0.263626 -0.087734 -0.220616 0.228618 0.116189 0.076080 0.963554
1305031809.693782 -0.266798 -0.081156 -0.215976 0.219615 0.118237 0.077973 0.965247
1305031809.731309 -0.269892 -0.074537 -0.211629 0.209836 0.119417 0.081178 0.967011
1305031809.758942 -0.272476 -0.068259 -0.206794 0.200151 0.120248 0.083901 0.968727
1305031809.793369 -0.274643 -0.062213 -0.202034 0.190009 0.121287 0.087938 0.970281
1305031809.830391 -0.277693 -0.054864 -0.196847 0.180327 0.123170 0.093015 0.971417
1305031809.861943 -0.280762 -0.046982 -0.192007 0.170121 0.125201 0.097147 0.972593
1305031809.895169 -0.282159 -0.040960 -0.187522 0.158974 0.127724 0.100010 0.973860
1305031809.929860 -0.282553 -0.033727 -0.183230 0.148729 0.131237 0.103629 0.974633
1305031809.963228 -0.283730 -0.026420 -0.179697 0.138163 0.134968 0.107930 0.975211
1305031809.994224 -0.284898 -0.018466 -0.176025 0.127531 0.137989 0.112377 0.975734
1305031810.030062 -0.284641 -0.011523 -0.172384 0.115755 0.140138 0.116841 0.976372
1305031810.062155 -0.284899 -0.007159 -0.170447 0.104155 0.142461 0.121496 0.976774
1305031810.095183 -0.284085 -0.000141 -0.168450 0.095278 0.145405 0.126410 0.976622
1305031810.131056 -0.283227 0.007410 -0.166854 0.085907 0.147610 0.131419 0.976500
1305031810.161700 -0.281604 0.014865 -0.165518 0.076186 0.149940 0.133267 0.976701
1305031810.197185 -0.280368 0.020452 -0.165538 0.066010 0.153650 0.135515 0.976556
1305031810.230520 -0.279100 0.029036 -0.165961 0.058010 0.157273 0.138493 0.976069
1305031810.262762 -0.279128 0.036769 -0.166426 0.047964 0.160494 0.141008 0.975730
1305031810.298074 -0.278737 0.045564 -0.166850 0.036018 0.162393 0.142684 0.975686
1305031810.330937 -0.276743 0.050236 -0.168122 0.023361 0.163045 0.144358 0.975716
1305031810.362897 -0.275289 0.055473 -0.169833 0.013225 0.164698 0.147738 0.975123
1305031810.396861 -0.273398 0.063230 -0.171731 0.004853 0.165747 0.153853 0.974076
1305031810.429920 -0.270446 0.070830 -0.173306 -0.004322 0.165329 0.160040 0.973153
1305031810.461399 -0.266454 0.078725 -0.174935 -0.014678 0.163759 0.163698 0.972708
1305031810.496777 -0.262428 0.086194 -0.176568 -0.027490 0.162737 0.168076 0.971855
1305031810.529947 -0.257073 0.091113 -0.178192 -0.039903 0.162817 0.173214 0.970508
1305031810.561970 -0.253859 0.099658 -0.181398 -0.048925 0.164573 0.177223 0.969074
1305031810.598116 -0.248422 0.110335 -0.183685 -0.057414 0.165883 0.181280 0.967633
1305031810.630327 -0.242860 0.117763 -0.186027 -0.063778 0.167408 0.186033 0.966069
1305031810.661881 -0.237062 0.124103 -0.187885 -0.067940 0.168994 0.192770 0.964186
1305031810.698469 -0.226429 0.123605 -0.188924 -0.069962 0.171337 0.199038 0.962353
1305031810.729616 -0.213942 0.122185 -0.191459 -0.068731 0.174229 0.203607 0.960966
1305031810.762055 -0.206599 0.122881 -0.196204 -0.063083 0.180508 0.208486 0.959146
1305031810.798335 -0.201135 0.122491 -0.201477 -0.056173 0.187962 0.213099 0.957128
1305031810.826635 -0.192862 0.118291 -0.206968 -0.047689 0.195529 0.215853 0.955454
1305031810.859437 -0.186848 0.114435 -0.213033 -0.035478 0.206632 0.218075 0.953141
1305031810.896721 -0.182073 0.112021 -0.219141 -0.020275 0.220130 0.218048 0.950567
1305031810.931542 -0.181508 0.113281 -0.225845 -0.005890 0.231546 0.219695 0.947669
1305031810.962074 -0.173514 0.111513 -0.232027 0.010512 0.241081 0.221363 0.944858
1305031810.999156 -0.169763 0.114384 -0.238803 0.032465 0.252827 0.221361 0.941283
1305031811.030567 -0.169438 0.118972 -0.245429 0.051248 0.263061 0.224399 0.936914
1305031811.062402 -0.166259 0.114891 -0.252079 0.064783 0.271009 0.226539 0.933288
1305031811.098594 -0.161625 0.107373 -0.261327 0.079713 0.278906 0.225342 0.930090
1305031811.130054 -0.162713 0.107418 -0.268970 0.098138 0.287981 0.226522 0.925264
1305031811.163124 -0.162704 0.108101 -0.274951 0.109795 0.296001 0.227943 0.921065
1305031811.196680 -0.160440 0.103834 -0.282735 0.119545 0.302819 0.226077 0.918089
1305031811.226245 -0.156781 0.096566 -0.290732 0.130101 0.310126 0.225080 0.914453
1305031811.258835 -0.154410 0.093913 -0.297517 0.141097 0.319176 0.224167 0.909921
1305031811.297420 -0.152610 0.089758 -0.306539 0.151803 0.329199 0.222740 0.904964
1305031811.330119 -0.153207 0.079218 -0.317145 0.164003 0.340134 0.221370 0.899109
1305031811.362347 -0.154534 0.071893 -0.327342 0.179632 0.351834 0.221166 0.891639
1305031811.399651 -0.156591 0.060521 -0.336509 0.194844 0.361935 0.220337 0.884579
1305031811.430784 -0.164774 0.056279 -0.338589 0.213481 0.372473 0.216834 0.876733
1305031811.466212 -0.170578 0.047551 -0.346727 0.230385 0.382357 0.213232 0.869049
1305031811.497813 -0.177366 0.039928 -0.351622 0.245699 0.392835 0.210270 0.860865
1305031811.530073 -0.183957 0.029597 -0.360263 0.256494 0.402551 0.208090 0.853728
1305031811.566308 -0.189130 0.024091 -0.368092 0.267277 0.411738 0.205261 0.846695
1305031811.598269 -0.197861 0.015309 -0.372312 0.278835 0.422308 0.199967 0.838993
1305031811.630831 -0.205370 0.003666 -0.380093 0.291789 0.431142 0.198033 0.830510
1305031811.663366 -0.214692 -0.012486 -0.385064 0.306453 0.439377 0.195531 0.821457
1305031811.698740 -0.223886 -0.022416 -0.385519 0.320420 0.445232 0.193931 0.813313
1305031811.733435 -0.231894 -0.035711 -0.390491 0.333015 0.449906 0.192526 0.805983
1305031811.765703 -0.242148 -0.048334 -0.395008 0.344290 0.455262 0.188804 0.799089
1305031811.799543 -0.251274 -0.062079 -0.401320 0.354484 0.459378 0.187966 0.792446
1305031811.831559 -0.262881 -0.071780 -0.400057 0.365965 0.464891 0.186045 0.784424
1305031811.866219 -0.269562 -0.080515 -0.408914 0.376962 0.467219 0.185490 0.777938
1305031811.899601 -0.278790 -0.090950 -0.414409 0.386373 0.469863 0.183519 0.772174
1305031811.929778 -0.286590 -0.102290 -0.425715 0.394477 0.472293 0.180708 0.767242
1305031811.965910 -0.294392 -0.112110 -0.434216 0.402761 0.475912 0.176471 0.761667
1305031811.997697 -0.303958 -0.122071 -0.440382 0.412610 0.480522 0.172955 0.754272
1305031812.031513 -0.310495 -0.131729 -0.455006 0.421460 0.483086 0.170996 0.748163
1305031812.067293 -0.317667 -0.139129 -0.462686 0.430614 0.485480 0.168037 0.742046
1305031812.097226 -0.319384 -0.143813 -0.485867 0.436979 0.486630 0.163387 0.738602
1305031812.131618 -0.326081 -0.146267 -0.484868 0.446307 0.491750 0.158386 0.730680
1305031812.165747 -0.336747 -0.153377 -0.485670 0.454572 0.498943 0.154694 0.721441
1305031812.194229 -0.345942 -0.163651 -0.495973 0.460424 0.504330 0.152580 0.714401
1305031812.230599 -0.352388 -0.169604 -0.503719 0.466185 0.509527 0.148202 0.707868
1305031812.262258 -0.360567 -0.176941 -0.511933 0.472238 0.513593 0.147149 0.701104
1305031812.295017 -0.367473 -0.185125 -0.518348 0.477057 0.515696 0.149041 0.695880
1305031812.329535 -0.371551 -0.190115 -0.524327 0.480146 0.518146 0.148398 0.692062
1305031812.367033 -0.374565 -0.191085 -0.529466 0.482763 0.522852 0.145995 0.687195
1305031812.398919 -0.376032 -0.187275 -0.526532 0.487951 0.530547 0.143398 0.678120
1305031812.431444 -0.377717 -0.184721 -0.532652 0.491596 0.538394 0.140913 0.669772
1305031812.466128 -0.380247 -0.190180 -0.552002 0.487454 0.544368 0.140550 0.668045
1305031812.499545 -0.381845 -0.190948 -0.560040 0.480528 0.549898 0.141897 0.668248
1305031812.530582 -0.379349 -0.183927 -0.556317 0.473318 0.555456 0.142962 0.668571
1305031812.566690 -0.377034 -0.173174 -0.555747 0.464962 0.560412 0.145593 0.669729
1305031812.599029 -0.374152 -0.164988 -0.554462 0.454222 0.565517 0.151238 0.671555
1305031812.628645 -0.372417 -0.158495 -0.558676 0.440851 0.569261 0.157212 0.675917
1305031812.668061 -0.368398 -0.147205 -0.563126 0.429491 0.572116 0.163347 0.679356
1305031812.698746 -0.361461 -0.129656 -0.553973 0.418859 0.575061 0.171734 0.681436
1305031812.734013 -0.353588 -0.109217 -0.548483 0.408839 0.575878 0.181792 0.684217
1305031812.767275 -0.347834 -0.092420 -0.539255 0.397248 0.577810 0.189560 0.687301
1305031812.799489 -0.341196 -0.080325 -0.535126 0.383476 0.578352 0.199077 0.691961
1305031812.834132 -0.333203 -0.055271 -0.524322 0.372475 0.577961 0.207915 0.695688
1305031812.866016 -0.327405 -0.035801 -0.519767 0.361884 0.575604 0.218498 0.699975
1305031812.898960 -0.320023 -0.015963 -0.512453 0.350633 0.574446 0.227820 0.703671
1305031812.934173 -0.316040 -0.002212 -0.509302 0.339307 0.573027 0.238603 0.706800
1305031812.966151 -0.310948 0.010934 -0.501242 0.326237 0.572715 0.249006 0.709613
1305031812.999091 -0.308195 0.023201 -0.499312 0.314440 0.569619 0.262163 0.712684
1305031813.034784 -0.305189 0.035789 -0.495628 0.302280 0.565909 0.274342 0.716308
1305031813.066289 -0.301366 0.052999 -0.488725 0.290727 0.561876 0.285088 0.720059
1305031813.098588 -0.298904 0.071018 -0.483365 0.279909 0.556005 0.297946 0.723688
1305031813.135262 -0.294814 0.084063 -0.484599 0.269183 0.548880 0.310742 0.727803
1305031813.166033 -0.290974 0.094375 -0.485303 0.257643 0.540767 0.323173 0.732623
1305031813.196373 -0.287736 0.106126 -0.481448 0.245682 0.532719 0.334482 0.737536
1305031813.234674 -0.287470 0.121356 -0.474357 0.236740 0.524985 0.343650 0.741779
1305031813.267055 -0.286905 0.135421 -0.467484 0.226978 0.516534 0.353010 0.746354
1305031813.299198 -0.287306 0.146457 -0.459856 0.216749 0.509157 0.362374 0.749968
1305031813.333908 -0.288713 0.159142 -0.451219 0.206076 0.503629 0.369642 0.753155
1305031813.365437 -0.288976 0.169316 -0.445928 0.194945 0.499079 0.378168 0.754912
1305031813.398657 -0.288796 0.179005 -0.440906 0.183564 0.494941 0.387509 0.755752
1305031813.433247 -0.294293 0.195328 -0.426893 0.173947 0.492733 0.394927 0.755629
1305031813.466220 -0.297495 0.207868 -0.416908 0.162068 0.488074 0.405296 0.755803
1305031813.498088 -0.299767 0.218329 -0.411719 0.149589 0.481445 0.415702 0.756976
1305031813.534016 -0.302491 0.228802 -0.407492 0.138127 0.475481 0.424515 0.758032
1305031813.566769 -0.304881 0.237230 -0.402029 0.124235 0.470832 0.432715 0.758701
1305031813.598490 -0.306343 0.243165 -0.397262 0.110732 0.467177 0.440383 0.758639
1305031813.631475 -0.310570 0.250913 -0.391818 0.099723 0.464098 0.446680 0.758375
1305031813.661752 -0.313530 0.255622 -0.385982 0.088176 0.461690 0.452873 0.757601
1305031813.698286 -0.318012 0.260397 -0.379320 0.076446 0.458924 0.458772 0.757007
1305031813.730280 -0.323336 0.264801 -0.373500 0.066480 0.455077 0.464045 0.757056
1305031813.764797 -0.328163 0.267736 -0.367409 0.056627 0.450434 0.469794 0.757088
1305031813.799441 -0.334148 0.271096 -0.360979 0.045588 0.445179 0.474515 0.757997
1305031813.833945 -0.340970 0.274672 -0.353240 0.034616 0.439357 0.479908 0.758578
1305031813.867772 -0.347256 0.278500 -0.345350 0.024112 0.432483 0.488203 0.757642
1305031813.899482 -0.352905 0.282468 -0.335143 0.013780 0.424033 0.498874 0.755723
1305031813.934338 -0.366700 0.292145 -0.321710 0.001822 0.416667 0.505557 0.755502
1305031813.965926 -0.374856 0.298985 -0.318284 -0.008022 0.409115 0.510770 0.756082
1305031814.003554 -0.384238 0.306709 -0.314038 -0.012769 0.404669 0.517882 0.753568
1305031814.033924 -0.388208 0.308758 -0.305225 -0.018795 0.401685 0.525971 0.749424
1305031814.066026 -0.393538 0.312035 -0.300660 -0.022837 0.397862 0.531684 0.747316
1305031814.102320 -0.400682 0.315424 -0.297973 -0.025160 0.394229 0.535719 0.746285
1305031814.134667 -0.403749 0.315180 -0.295055 -0.026664 0.392070 0.539022 0.744991
1305031814.166052 -0.403334 0.313033 -0.295894 -0.026643 0.391224 0.539342 0.745205
1305031814.202037 -0.403490 0.311183 -0.298736 -0.022501 0.394780 0.539905 0.743055
1305031814.234336 -0.406038 0.316778 -0.309337 -0.018705 0.397324 0.535071 0.745297
1305031814.265980 -0.399570 0.308856 -0.314200 -0.011954 0.406452 0.535487 0.740198
1305031814.302865 -0.399440 0.304237 -0.318351 0.002350 0.420638 0.535421 0.732371
1305031814.334123 -0.407474 0.307286 -0.324780 0.014042 0.433084 0.535875 0.724613
1305031814.365916 -0.398056 0.294336 -0.328607 0.020485 0.445075 0.535499 0.717436
1305031814.402137 -0.400889 0.293336 -0.336769 0.035024 0.459074 0.534772 0.708540
1305031814.434097 -0.405817 0.293835 -0.344242 0.047589 0.473435 0.535292 0.697883
1305031814.466875 -0.408503 0.292936 -0.353282 0.058950 0.486917 0.536349 0.686841
1305031814.503242 -0.407551 0.291046 -0.365102 0.070243 0.500898 0.536614 0.675423
1305031814.535346 -0.410160 0.291047 -0.376183 0.079585 0.516888 0.535209 0.663346
1305031814.567625 -0.412782 0.290270 -0.386159 0.088410 0.533014 0.534342 0.650032
1305031814.601706 -0.412523 0.289388 -0.395992 0.097581 0.548519 0.532103 0.637537
1305031814.635644 -0.410377 0.286504 -0.411249 0.109548 0.564219 0.529523 0.623894
1305031814.667643 -0.422076 0.287957 -0.409228 0.120553 0.585553 0.519425 0.610552
1305031814.702775 -0.422620 0.287092 -0.418163 0.128885 0.598489 0.514645 0.600268
1305031814.734657 -0.423182 0.283522 -0.427234 0.138520 0.611304 0.508079 0.590725
1305031814.766015 -0.430018 0.284516 -0.430112 0.147439 0.624447 0.498417 0.582999
1305031814.801939 -0.433270 0.283636 -0.437799 0.154094 0.634793 0.492696 0.574912
1305031814.834141 -0.436606 0.282390 -0.442776 0.159931 0.644634 0.485611 0.568358
1305031814.866927 -0.438097 0.280905 -0.451393 0.163372 0.653951 0.478959 0.562348
1305031814.901856 -0.439534 0.276980 -0.461050 0.168393 0.664453 0.472659 0.553823
1305031814.934189 -0.442948 0.276453 -0.463562 0.174071 0.674535 0.464090 0.547084
1305031814.966026 -0.444629 0.273975 -0.469623 0.179089 0.681281 0.457412 0.542712
1305031815.002785 -0.447109 0.271926 -0.474823 0.185617 0.688045 0.451030 0.537299
1305031815.034070 -0.450188 0.271498 -0.478421 0.191266 0.694630 0.444974 0.531867
1305031815.066249 -0.451439 0.268925 -0.482274 0.196336 0.699059 0.441132 0.527399
1305031815.098276 -0.452158 0.264845 -0.485817 0.202361 0.701976 0.437183 0.524527
1305031815.134087 -0.453585 0.261200 -0.489095 0.209691 0.703991 0.433224 0.522226
1305031815.167703 -0.455776 0.258677 -0.490863 0.215415 0.706200 0.428875 0.520501
1305031815.200200 -0.456193 0.254017 -0.493800 0.220220 0.708197 0.425166 0.518817
1305031815.235479 -0.457143 0.249693 -0.497356 0.224686 0.710381 0.419895 0.518209
1305031815.269898 -0.458800 0.245294 -0.500790 0.229217 0.713361 0.414093 0.516798
1305031815.303120 -0.460902 0.241541 -0.503358 0.233725 0.717585 0.406692 0.514804
1305031815.335140 -0.464004 0.239453 -0.505094 0.236729 0.722771 0.398257 0.512766
1305031815.369858 -0.465555 0.235631 -0.507844 0.238597 0.728123 0.390782 0.510073
1305031815.402087 -0.467943 0.231996 -0.509194 0.242310 0.734243 0.382190 0.506044
1305031815.435520 -0.471013 0.229997 -0.509727 0.246321 0.738114 0.376018 0.503090
1305031815.469069 -0.472283 0.226077 -0.511390 0.249763 0.740047 0.371894 0.501617
1305031815.503584 -0.473406 0.222599 -0.512844 0.252462 0.741861 0.367405 0.500894
1305031815.533867 -0.474497 0.219825 -0.514432 0.254249 0.743437 0.364292 0.499936
1305031815.570080 -0.474896 0.216853 -0.516780 0.255651 0.744594 0.362254 0.498978
1305031815.602977 -0.475356 0.215031 -0.518951 0.256895 0.745223 0.361413 0.498010
1305031815.633580 -0.474995 0.213262 -0.520024 0.257908 0.745837 0.360772 0.497029
1305031815.669542 -0.475343 0.213830 -0.520498 0.258451 0.746097 0.360661 0.496437
1305031815.703270 -0.475778 0.215591 -0.519738 0.258777 0.745934 0.361440 0.495946
1305031815.734736 -0.475666 0.216588 -0.519784 0.258668 0.745516 0.362301 0.496003
1305031815.770261 -0.475538 0.218276 -0.519074 0.257475 0.745708 0.362404 0.496260
1305031815.803102 -0.475755 0.219608 -0.518288 0.257248 0.745542 0.363312 0.495964
