1305031790.640468 0 0 0 0 0 0 1
1305031790.672866 0.00424591 0.0084809 0.00137341 -0.00919596 0.000378223 0.00306887 0.999953
1305031790.709421 0.00843493 0.016699 0.0026599 -0.0192418 0.000637786 0.00611444 0.999796
1305031790.739530 0.0128317 0.0224242 0.00371357 -0.029585 0.000573505 0.00915262 0.99952
1305031790.773548 0.0183958 0.0289171 0.00427339 -0.0380438 0.00149222 0.0143949 0.999171
1305031790.809521 0.0260829 0.0368892 0.00497686 -0.0468013 0.00217896 0.0201079 0.998699
1305031790.839363 0.0328773 0.0442163 0.0056028 -0.0592636 0.00279845 0.0276858 0.997854
1305031790.871606 0.0406963 0.0493866 0.006277 -0.0713634 0.00371067 0.0339538 0.996865
1305031790.909436 0.0457388 0.0549674 0.00516112 -0.08172 0.00794927 0.0431775 0.995688
1305031790.941495 0.0514761 0.0595105 0.00350013 -0.0886531 0.0131853 0.050973 0.99467
1305031790.973696 0.0542773 0.0641573 0.000556958 -0.0940016 0.0195751 0.0610899 0.993503
1305031791.009486 0.0549691 0.0678675 -0.00386205 -0.0959485 0.0256052 0.0754281 0.992194
1305031791.041197 0.0563859 0.0658372 -0.00862475 -0.0916938 0.0319534 0.089158 0.991273
1305031791.073525 0.0634845 0.0630268 -0.0136631 -0.0805436 0.0396315 0.0966625 0.991261
1305031791.109452 0.0682407 0.057898 -0.0202301 -0.0701162 0.0505542 0.108341 0.990349
1305031791.141330 0.07641 0.0456561 -0.0277501 -0.0513537 0.0645216 0.114276 0.990021
1305031791.173227 0.0788194 0.04673 -0.0384654 -0.0219458 0.0851049 0.113808 0.989608
1305031791.209506 0.0792519 0.0358899 -0.0479638 -0.000217238 0.106773 0.116412 0.987445
1305031791.241091 0.075534 0.0273974 -0.0599083 0.0307879 0.13001 0.115626 0.984266
1305031791.273558 0.071 0.0329986 -0.0709272 0.060372 0.151351 0.11841 0.979504
1305031791.309764 0.0662634 0.0219269 -0.082037 0.0829757 0.173618 0.121654 0.973741
1305031791.341415 0.0600208 0.0128956 -0.092527 0.112958 0.196667 0.124452 0.965958
1305031791.373525 0.0525969 0.014034 -0.100933 0.13841 0.216712 0.128967 0.95773
1305031791.409609 0.048163 0.00597126 -0.110394 0.160845 0.23344 0.134917 0.949438
1305031791.441538 0.0427941 -0.00686039 -0.121006 0.18796 0.245642 0.141957 0.940308
1305031791.473230 0.0384984 -0.0141295 -0.1295 0.209852 0.255911 0.148703 0.931858
1305031791.509595 0.0314044 -0.0293179 -0.137334 0.227314 0.264839 0.152356 0.924649
1305031791.541450 0.0231513 -0.039593 -0.143331 0.247431 0.272309 0.152862 0.917201
1305031791.574034 0.0166186 -0.0505035 -0.151108 0.264257 0.279547 0.153426 0.91021
1305031791.609401 0.013166 -0.065373 -0.162062 0.276004 0.286411 0.154266 0.904429
1305031791.641229 0.00674108 -0.0769181 -0.172606 0.290623 0.292991 0.151548 0.89818
1305031791.677621 -0.00479867 -0.0836872 -0.177236 0.310378 0.300936 0.146074 0.889812
1305031791.709275 -0.0119258 -0.0926178 -0.186956 0.329852 0.309181 0.144152 0.880242
1305031791.741364 -0.0211155 -0.103694 -0.198301 0.346878 0.319133 0.14202 0.870437
1305031791.776668 -0.0320355 -0.111306 -0.206787 0.364754 0.329063 0.14083 0.859557
1305031791.808429 -0.0420764 -0.121656 -0.219256 0.381072 0.339643 0.137317 0.848864
1305031791.840375 -0.0575171 -0.131545 -0.228922 0.397404 0.352067 0.133894 0.836774
1305031791.876494 -0.0655104 -0.127648 -0.223142 0.41747 0.359611 0.136411 0.823281
1305031791.908433 -0.0799247 -0.130138 -0.20936 0.436626 0.36392 0.143871 0.810075
1305031791.944357 -0.0895689 -0.140616 -0.225666 0.448073 0.369875 0.142763 0.801275
1305031791.977200 -0.098339 -0.148091 -0.230852 0.46401 0.373875 0.142718 0.790281
1305031792.005506 -0.107886 -0.155074 -0.236716 0.476607 0.380475 0.140235 0.780012
1305031792.041730 -0.115853 -0.162486 -0.247646 0.488861 0.38549 0.137331 0.770424
1305031792.076713 -0.137459 -0.181164 -0.246947 0.497417 0.392737 0.135755 0.761515
1305031792.109497 -0.142349 -0.186702 -0.256505 0.502086 0.39692 0.13218 0.756897
1305031792.141484 -0.146744 -0.191306 -0.265839 0.50847 0.399524 0.130905 0.751467
1305031792.177376 -0.148274 -0.195218 -0.276968 0.511646 0.40159 0.127217 0.748839
1305031792.209274 -0.152151 -0.199178 -0.284549 0.514332 0.405031 0.122432 0.745937
1305031792.241751 -0.154414 -0.202256 -0.295786 0.51733 0.407695 0.118277 0.743078
1305031792.277507 -0.156991 -0.205936 -0.303911 0.518861 0.408251 0.117146 0.741884
1305031792.309357 -0.157733 -0.207058 -0.308292 0.518924 0.407961 0.11674 0.742063
1305031792.341029 -0.156351 -0.206572 -0.309401 0.518812 0.406308 0.116873 0.743027
1305031792.377088 -0.151436 -0.202643 -0.30643 0.514672 0.405165 0.117112 0.746484
1305031792.409323 -0.144376 -0.194702 -0.300888 0.508296 0.404524 0.121194 0.750538
1305031792.441590 -0.142041 -0.190688 -0.294804 0.500388 0.403136 0.127325 0.755567
1305031792.477100 -0.137837 -0.184805 -0.290879 0.49176 0.400028 0.135019 0.761525
1305031792.509589 -0.133191 -0.178844 -0.287594 0.479754 0.397416 0.142433 0.769162
1305031792.541061 -0.128532 -0.169285 -0.276756 0.468681 0.393411 0.153369 0.775915
1305031792.577055 -0.121775 -0.15771 -0.269428 0.455302 0.390245 0.162617 0.783559
1305031792.609388 -0.114663 -0.148217 -0.265396 0.439289 0.389312 0.169962 0.791564
1305031792.641219 -0.106473 -0.139128 -0.264759 0.422742 0.389189 0.175857 0.79931
1305031792.677662 -0.0983858 -0.1287 -0.256854 0.408574 0.389075 0.18308 0.80509
1305031792.709219 -0.0931227 -0.125808 -0.259416 0.392369 0.38816 0.19167 0.811567
1305031792.741510 -0.0844663 -0.111114 -0.250449 0.378359 0.385483 0.199434 0.817602
1305031792.777507 -0.0776875 -0.105562 -0.24917 0.362714 0.381988 0.206927 0.824442
1305031792.809440 -0.0717196 -0.0997764 -0.24379 0.347223 0.379481 0.215388 0.830083
1305031792.845359 -0.0634019 -0.0889865 -0.237951 0.333522 0.376719 0.223877 0.834701
1305031792.877574 -0.0577574 -0.0838458 -0.232992 0.318621 0.375776 0.230922 0.839016
1305031792.909293 -0.0525673 -0.07744 -0.227738 0.304398 0.374756 0.239249 0.842413
1305031792.945340 -0.0450815 -0.0672358 -0.223417 0.291758 0.370599 0.249832 0.845646
1305031792.977564 -0.0392628 -0.0564955 -0.216922 0.279991 0.364804 0.26218 0.848401
1305031793.009530 -0.0342386 -0.0457309 -0.211612 0.26678 0.359046 0.273861 0.851419
1305031793.045243 -0.0305217 -0.031158 -0.202414 0.256419 0.354685 0.283331 0.85333
1305031793.077518 -0.0283406 -0.0173942 -0.193971 0.247723 0.352328 0.292338 0.853837
1305031793.109651 -0.0258506 -0.00432635 -0.18806 0.238392 0.352629 0.300861 0.853408
1305031793.145401 -0.024391 0.00380601 -0.182775 0.228652 0.355381 0.309153 0.851966
1305031793.177537 -0.0226364 0.0130261 -0.180037 0.219411 0.358579 0.316101 0.850506
1305031793.209609 -0.0224292 0.0235082 -0.173909 0.210383 0.362637 0.322563 0.848638
1305031793.245617 -0.0207922 0.0336042 -0.169965 0.200193 0.36663 0.329712 0.846638
1305031793.277180 -0.0204477 0.0460232 -0.163438 0.190884 0.370503 0.33573 0.844734
1305031793.309399 -0.0172074 0.0584566 -0.159558 0.181377 0.373168 0.341601 0.843301
1305031793.345594 -0.0150875 0.0693833 -0.153902 0.172259 0.375147 0.34953 0.841083
1305031793.377232 -0.015422 0.0783947 -0.147053 0.163329 0.376807 0.357792 0.838645
1305031793.405708 -0.0115527 0.0814677 -0.143173 0.152902 0.376833 0.366393 0.836883
1305031793.442259 -0.0122175 0.0875 -0.134521 0.143637 0.378314 0.374823 0.834119
1305031793.474150 -0.0116636 0.0940924 -0.127015 0.133834 0.38009 0.383495 0.830994
1305031793.507244 -0.0112358 0.101062 -0.119651 0.124554 0.381024 0.393624 0.827265
1305031793.545400 -0.013517 0.109027 -0.108079 0.116987 0.382081 0.403114 0.823303
1305031793.577186 -0.0154071 0.116151 -0.0967471 0.108426 0.382295 0.413654 0.819136
1305031793.609703 -0.0184677 0.122977 -0.0860657 0.100419 0.382294 0.427132 0.813219
1305031793.645429 -0.0218526 0.127732 -0.0740967 0.0923762 0.381963 0.439836 0.807537
1305031793.677435 -0.0228759 0.134626 -0.0643373 0.0834683 0.380455 0.450512 0.803322
1305031793.709532 -0.0277967 0.135879 -0.0517186 0.0740353 0.37951 0.463557 0.797249
1305031793.745574 -0.0280698 0.143201 -0.0445661 0.0658326 0.376581 0.475794 0.792132
1305031793.777364 -0.0328517 0.143094 -0.0308446 0.0569651 0.374374 0.488377 0.786185
1305031793.809469 -0.0340707 0.144943 -0.0216537 0.0471046 0.371789 0.498955 0.781408
1305031793.844756 -0.0342087 0.144154 -0.0128084 0.0387558 0.369595 0.509685 0.775963
1305031793.876455 -0.0351133 0.144882 -0.0044217 0.0320622 0.36884 0.518735 0.770612
1305031793.908753 -0.0495568 0.136702 0.0125244 0.0271489 0.371085 0.531413 0.761025
1305031793.946431 -0.0521824 0.134992 0.0214968 0.0220533 0.370344 0.540234 0.755319
1305031793.976745 -0.0529053 0.135085 0.0272314 0.016756 0.368239 0.546451 0.752004
1305031794.009162 -0.0539099 0.133398 0.0327213 0.0123067 0.366424 0.552126 0.748824
1305031794.044747 -0.0484234 0.132068 0.0347582 0.00765231 0.364486 0.553919 0.748509
1305031794.076455 -0.0450568 0.132953 0.0349449 0.00511002 0.363572 0.554754 0.748356
1305031794.112475 -0.0401588 0.13518 0.0322113 0.00373697 0.361723 0.555543 0.748675
1305031794.145599 -0.0349638 0.132815 0.0295543 0.00302088 0.360853 0.557552 0.747604
1305031794.177734 -0.0329693 0.128425 0.027617 0.00439254 0.362629 0.558549 0.745992
1305031794.213866 -0.0299425 0.122427 0.0246477 0.00698626 0.366614 0.55806 0.744388
1305031794.245539 -0.0272595 0.113356 0.0212313 0.0107845 0.372414 0.556985 0.742267
1305031794.277346 -0.0242453 0.10815 0.014133 0.0177363 0.38028 0.553435 0.740799
1305031794.313708 -0.0206795 0.103355 0.0060092 0.0256851 0.389018 0.548398 0.739774
1305031794.345350 -0.0196338 0.0942486 -0.00113549 0.0340873 0.398222 0.543355 0.738256
1305031794.377641 -0.0171289 0.0859539 -0.0110865 0.0445962 0.407814 0.536644 0.737368
1305031794.414154 -0.0197231 0.0813656 -0.0157793 0.0570532 0.419049 0.526508 0.737518
1305031794.445415 -0.0200888 0.0755707 -0.0234677 0.0651046 0.42719 0.518012 0.738196
1305031794.477731 -0.0175397 0.0694859 -0.0374263 0.0741613 0.432732 0.511013 0.738992
1305031794.513643 -0.0174727 0.0659516 -0.0504394 0.087471 0.438861 0.505168 0.73794
1305031794.545650 -0.0184647 0.0607635 -0.0597036 0.0998367 0.445366 0.500172 0.735873
1305031794.577340 -0.0203734 0.0470104 -0.0666426 0.108261 0.454797 0.494995 0.732406
1305031794.613627 -0.0181603 0.0400685 -0.0808541 0.118159 0.464632 0.489469 0.728406
1305031794.645569 -0.0191352 0.0353032 -0.093242 0.128586 0.477843 0.482568 0.722675
1305031794.677507 -0.0198993 0.0306679 -0.104143 0.137992 0.493637 0.474491 0.715639
1305031794.713599 -0.0228554 0.0295753 -0.113875 0.147061 0.510846 0.465454 0.707646
1305031794.745368 -0.0237686 0.0245592 -0.129321 0.155596 0.529034 0.457294 0.697707
1305031794.776816 -0.0291967 0.020598 -0.144787 0.166524 0.551732 0.447259 0.683974
1305031794.813463 -0.0342921 0.0131218 -0.15962 0.17597 0.575602 0.435558 0.669333
1305031794.846026 -0.0405137 0.00651153 -0.176035 0.184865 0.597603 0.422596 0.655827
1305031794.873764 -0.0470236 0.00259553 -0.194489 0.194748 0.6177 0.409919 0.642251
1305031794.910108 -0.0550425 -0.00313158 -0.21075 0.20579 0.637157 0.396242 0.62823
1305031794.945596 -0.063038 -0.00898249 -0.228181 0.215954 0.653581 0.383265 0.615876
1305031794.977250 -0.0717539 -0.0127554 -0.245831 0.223726 0.667385 0.371389 0.605486
1305031795.013538 -0.0813316 -0.0182437 -0.255862 0.231216 0.679938 0.361744 0.594445
1305031795.045683 -0.0906216 -0.0213403 -0.273089 0.238199 0.687964 0.356185 0.585747
1305031795.077205 -0.0994245 -0.020712 -0.285815 0.242697 0.694088 0.353112 0.57849
1305031795.113230 -0.104285 -0.0272337 -0.294325 0.247578 0.70262 0.348821 0.568642
1305031795.145139 -0.111009 -0.0397857 -0.305515 0.256743 0.713743 0.340001 0.555926
1305031795.177574 -0.120327 -0.0449695 -0.314505 0.267646 0.724447 0.330235 0.542667
1305031795.213517 -0.127882 -0.0521314 -0.320812 0.276071 0.733588 0.324109 0.529704
1305031795.245440 -0.136004 -0.0610321 -0.333651 0.285754 0.740107 0.319206 0.518356
1305031795.277594 -0.144025 -0.0718845 -0.345548 0.293366 0.74608 0.313819 0.508743
1305031795.312820 -0.153823 -0.0773274 -0.359088 0.299049 0.752345 0.307604 0.499926
1305031795.345404 -0.163268 -0.0821001 -0.372375 0.302963 0.759981 0.300105 0.49049
1305031795.381033 -0.171893 -0.088817 -0.382915 0.303456 0.769889 0.291257 0.479954
1305031795.413248 -0.179436 -0.0884893 -0.386083 0.302542 0.782034 0.281927 0.466271
1305031795.444944 -0.184764 -0.0851718 -0.386978 0.304023 0.792194 0.277828 0.450344
1305031795.480855 -0.186857 -0.0819268 -0.384296 0.30638 0.800233 0.276116 0.435337
1305031795.509058 -0.18833 -0.0788435 -0.380981 0.308327 0.807721 0.2737 0.421437
1305031795.543822 -0.190349 -0.0771842 -0.378282 0.310205 0.81439 0.271544 0.408418
1305031795.580571 -0.19102 -0.0725154 -0.374833 0.311172 0.820431 0.268558 0.397418
1305031795.612694 -0.193392 -0.071498 -0.376007 0.309074 0.826633 0.264607 0.38876
1305031795.644499 -0.194484 -0.0708306 -0.376 0.306693 0.833514 0.259604 0.379208
1305031795.680455 -0.194945 -0.069693 -0.375126 0.307041 0.839873 0.254684 0.36807
1305031795.713145 -0.192579 -0.0659196 -0.368957 0.308576 0.844397 0.252114 0.358068
1305031795.745356 -0.191108 -0.0642859 -0.369535 0.30414 0.84775 0.253512 0.352916
1305031795.781187 -0.186821 -0.055858 -0.366116 0.296545 0.851313 0.257693 0.347738
1305031795.812774 -0.184438 -0.0500922 -0.366503 0.289538 0.853808 0.265845 0.34133
1305031795.844570 -0.176543 -0.037228 -0.357055 0.287636 0.854035 0.276116 0.334139
1305031795.880527 -0.170385 -0.0250251 -0.353499 0.283524 0.851695 0.289824 0.332011
1305031795.909127 -0.162287 -0.0135195 -0.3497 0.279713 0.848346 0.304549 0.330635
1305031795.944316 -0.152143 -0.00707744 -0.346105 0.274888 0.84514 0.318412 0.329832
1305031795.980897 -0.14279 0.00472059 -0.340265 0.268045 0.841492 0.333569 0.329809
1305031796.012654 -0.135589 0.0169043 -0.336377 0.260306 0.838124 0.348639 0.328999
1305031796.045068 -0.12565 0.023825 -0.336176 0.254735 0.833747 0.365297 0.326396
1305031796.081241 -0.115279 0.0367348 -0.324913 0.247392 0.829486 0.380234 0.325839
1305031796.113736 -0.107923 0.0511617 -0.313858 0.241925 0.823619 0.396518 0.325419
1305031796.145545 -0.100153 0.0602804 -0.310137 0.236522 0.817093 0.413598 0.324582
1305031796.179196 -0.0955304 0.0739805 -0.301519 0.232608 0.811775 0.427815 0.322318
1305031796.212249 -0.0893361 0.0842854 -0.292707 0.227465 0.80645 0.4428 0.319103
1305031796.244465 -0.086161 0.0930849 -0.286978 0.22099 0.801874 0.456552 0.315788
1305031796.280467 -0.0847289 0.101548 -0.281033 0.216947 0.798154 0.469299 0.309263
1305031796.312376 -0.0825405 0.110821 -0.269797 0.212797 0.793823 0.481919 0.303835
1305031796.342290 -0.0825151 0.121295 -0.258662 0.208032 0.788231 0.495064 0.300542
1305031796.380122 -0.0826683 0.127862 -0.251963 0.204729 0.782089 0.508144 0.297005
1305031796.411800 -0.0813766 0.135199 -0.239235 0.200289 0.776921 0.519744 0.293504
1305031796.444268 -0.0810573 0.140916 -0.229759 0.195611 0.769171 0.534453 0.290642
1305031796.481198 -0.081343 0.146147 -0.222132 0.191369 0.762438 0.54642 0.288947
1305031796.512896 -0.0815968 0.152446 -0.207444 0.186024 0.758642 0.554492 0.287047
1305031796.544633 -0.0821875 0.159154 -0.193532 0.180021 0.7529 0.565685 0.284139
1305031796.581150 -0.0841863 0.16497 -0.18391 0.175312 0.746176 0.577236 0.281579
1305031796.613198 -0.0859986 0.171711 -0.17383 0.172254 0.738719 0.588555 0.27969
1305031796.649045 -0.0872529 0.178222 -0.162538 0.169265 0.729118 0.601092 0.280045
1305031796.679446 -0.0884064 0.184255 -0.155088 0.165882 0.718268 0.614119 0.281837
1305031796.712815 -0.090068 0.190002 -0.146849 0.163449 0.708591 0.625732 0.282209
1305031796.749489 -0.0920257 0.195745 -0.137362 0.16141 0.700077 0.636264 0.281082
1305031796.781421 -0.0943576 0.202448 -0.126392 0.158561 0.691683 0.646159 0.280912
1305031796.813561 -0.0978103 0.209711 -0.116952 0.156749 0.68192 0.656989 0.280679
1305031796.849638 -0.100624 0.216112 -0.110916 0.15648 0.672167 0.667489 0.279579
1305031796.877643 -0.104645 0.222869 -0.0994485 0.155845 0.664015 0.675368 0.280488
1305031796.913380 -0.108608 0.22906 -0.0874464 0.154482 0.653596 0.685376 0.281436
1305031796.949604 -0.112668 0.235347 -0.0816045 0.153427 0.642318 0.695852 0.282271
1305031796.980992 -0.116902 0.240419 -0.0699866 0.152772 0.634132 0.703151 0.283048
1305031797.013555 -0.121608 0.245184 -0.0607823 0.150317 0.625237 0.711164 0.284129
1305031797.049352 -0.126318 0.248858 -0.0512424 0.147152 0.618284 0.717974 0.283876
1305031797.081428 -0.129194 0.251279 -0.0426523 0.142735 0.61152 0.724973 0.28299
1305031797.112264 -0.133568 0.254147 -0.0349645 0.138616 0.604764 0.731654 0.282363
1305031797.149559 -0.138996 0.257284 -0.0281062 0.136021 0.597169 0.7388 0.28118
1305031797.181442 -0.145387 0.261056 -0.0216008 0.136274 0.588814 0.746709 0.277763
1305031797.213717 -0.152185 0.264968 -0.0155618 0.13751 0.580139 0.754135 0.275338
1305031797.249736 -0.158489 0.268797 -0.0110722 0.139044 0.569913 0.761868 0.274634
1305031797.281280 -0.166526 0.272586 -0.0056344 0.140883 0.559398 0.76906 0.275269
1305031797.313591 -0.17379 0.275272 -0.000494042 0.142484 0.551191 0.774361 0.276137
1305031797.349653 -0.180321 0.278096 0.00501354 0.14226 0.545113 0.778568 0.276487
1305031797.381725 -0.187573 0.281111 0.00917006 0.14195 0.539429 0.782992 0.275301
1305031797.413444 -0.193151 0.283581 0.012247 0.142596 0.534143 0.787484 0.272445
1305031797.449459 -0.198465 0.2858 0.0138925 0.143596 0.530128 0.790785 0.270192
1305031797.481250 -0.202446 0.287293 0.0147541 0.145315 0.527062 0.79347 0.267385
1305031797.511821 -0.206196 0.288707 0.0150316 0.147943 0.524889 0.795575 0.263941
1305031797.549595 -0.210699 0.290106 0.01289 0.150414 0.523699 0.7966 0.261807
1305031797.577492 -0.21385 0.291449 0.00632222 0.153303 0.527014 0.794456 0.259988
1305031797.613482 -0.216152 0.292217 -0.000417224 0.156958 0.534722 0.79012 0.255238
1305031797.649463 -0.216888 0.291948 -0.008588 0.160763 0.545177 0.784697 0.247361
1305031797.681494 -0.218286 0.291398 -0.0186734 0.164478 0.558055 0.777035 0.240287
1305031797.711478 -0.222512 0.289037 -0.0268152 0.165187 0.573388 0.767153 0.235404
1305031797.749330 -0.227729 0.289336 -0.0385663 0.165203 0.58728 0.758363 0.229557
1305031797.781348 -0.232882 0.284685 -0.0446175 0.160943 0.605648 0.746257 0.224474
1305031797.815855 -0.237687 0.281865 -0.0546057 0.156615 0.618995 0.737741 0.219216
1305031797.849306 -0.240125 0.278346 -0.068171 0.153941 0.631934 0.729158 0.212817
1305031797.877576 -0.243999 0.274361 -0.0820342 0.152381 0.646391 0.719194 0.20425
1305031797.917116 -0.24642 0.269741 -0.0935383 0.151654 0.661601 0.708663 0.192569
1305031797.949871 -0.247046 0.26564 -0.10548 0.151072 0.677861 0.696683 0.179761
1305031797.981971 -0.249385 0.260153 -0.119854 0.150626 0.694494 0.68326 0.167768
1305031798.015269 -0.254344 0.255469 -0.132553 0.150568 0.711147 0.66904 0.154868
1305031798.049495 -0.25838 0.250854 -0.143242 0.150903 0.726525 0.655244 0.141585
1305031798.081417 -0.260394 0.245993 -0.154344 0.150738 0.740608 0.641931 0.129242
1305031798.114860 -0.263547 0.240373 -0.167108 0.149709 0.75484 0.627658 0.11768
1305031798.149092 -0.267176 0.234456 -0.179288 0.149706 0.766524 0.615521 0.105656
1305031798.180856 -0.266851 0.228249 -0.188564 0.15024 0.776859 0.60436 0.0930945
1305031798.216938 -0.267369 0.222423 -0.198551 0.149509 0.785385 0.594885 0.0832371
1305031798.249843 -0.270644 0.216025 -0.212658 0.147063 0.793759 0.58564 0.0731039
1305031798.277285 -0.270832 0.209246 -0.221658 0.144035 0.803712 0.574193 0.0600247
1305031798.317008 -0.268518 0.201861 -0.229564 0.140887 0.812805 0.563278 0.0470767
1305031798.349326 -0.266182 0.193921 -0.238626 0.138724 0.821405 0.552084 0.0353933
1305031798.381412 -0.263335 0.187242 -0.244449 0.135604 0.830474 0.539727 0.0248605
1305031798.417238 -0.260392 0.180725 -0.250252 0.131278 0.838741 0.528286 0.0139422
1305031798.449066 -0.256159 0.174378 -0.255482 0.127989 0.846723 0.516408 0.00084124
1305031798.481517 -0.253998 0.168264 -0.261251 0.126587 0.854678 0.503348 -0.0119209
1305031798.517491 -0.252749 0.161044 -0.269073 0.123556 0.862255 0.490648 -0.0226847
1305031798.548782 -0.250874 0.154221 -0.276338 0.119195 0.868904 0.479211 -0.0339845
1305031798.581190 -0.250609 0.146951 -0.282829 0.117255 0.875149 0.467054 -0.047188
1305031798.616969 -0.249548 0.139865 -0.288252 0.117116 0.881033 0.454401 -0.0598706
1305031798.649387 -0.248468 0.132488 -0.294165 0.116344 0.885745 0.443448 -0.0726204
1305031798.681173 -0.24428 0.125547 -0.300372 0.117183 0.889485 0.433021 -0.0870461
1305031798.717545 -0.239853 0.120367 -0.302895 0.119737 0.893502 0.420477 -0.102545
1305031798.749417 -0.236706 0.113906 -0.305969 0.121521 0.89779 0.406745 -0.11732
1305031798.780379 -0.233245 0.106194 -0.310815 0.120076 0.902172 0.39396 -0.128312
1305031798.816718 -0.232306 0.0961782 -0.31829 0.114604 0.90695 0.381627 -0.136631
1305031798.848499 -0.23119 0.0832837 -0.327012 0.109817 0.911536 0.368615 -0.145484
1305031798.880461 -0.230927 0.0714239 -0.332919 0.106078 0.915491 0.356413 -0.153605
1305031798.916769 -0.231429 0.0592663 -0.339722 0.103687 0.919089 0.345185 -0.159287
1305031798.948386 -0.231633 0.0489087 -0.342957 0.0987392 0.922351 0.336679 -0.16176
1305031798.977548 -0.23267 0.0401182 -0.346681 0.0941495 0.925103 0.328794 -0.164968
1305031799.016423 -0.23684 0.0262991 -0.352834 0.0907587 0.927739 0.320513 -0.168328
1305031799.048165 -0.236815 0.0193233 -0.353294 0.0839831 0.930792 0.311626 -0.171644
1305031799.084229 -0.241291 0.00838388 -0.355893 0.0761969 0.932516 0.306321 -0.175429
1305031799.116275 -0.248061 -0.000861518 -0.35532 0.0694044 0.933543 0.302425 -0.1795
1305031799.148353 -0.24661 -0.00225935 -0.352584 0.0628922 0.934395 0.298057 -0.184694
1305031799.184133 -0.251964 -0.00772522 -0.350163 0.0594716 0.934747 0.295092 -0.188765
1305031799.216330 -0.258234 -0.0127468 -0.346286 0.0600268 0.934544 0.293305 -0.192344
1305031799.248919 -0.265693 -0.016591 -0.342583 0.0605301 0.933732 0.294107 -0.194888
1305031799.282109 -0.269527 -0.0156586 -0.335841 0.0581721 0.932866 0.295168 -0.198122
1305031799.317052 -0.271463 -0.0157153 -0.33144 0.0547822 0.931467 0.297067 -0.202778
1305031799.345225 -0.27553 -0.0163131 -0.325356 0.0508917 0.92985 0.29988 -0.207031
1305031799.385836 -0.282008 -0.0185623 -0.318327 0.0483383 0.928145 0.302446 -0.211511
1305031799.417030 -0.288504 -0.0215408 -0.312404 0.0487592 0.925798 0.30653 -0.215777
1305031799.449416 -0.295982 -0.0180565 -0.302485 0.049594 0.923251 0.31261 -0.217767
1305031799.485270 -0.303245 -0.0146258 -0.292919 0.0499356 0.919673 0.322301 -0.2187
1305031799.517032 -0.308974 -0.00731569 -0.279926 0.050241 0.915642 0.332826 -0.219776
1305031799.548193 -0.314756 -0.000541952 -0.266944 0.0506888 0.911372 0.343906 -0.220364
1305031799.581386 -0.310886 0.00554584 -0.259558 0.0506482 0.905824 0.35684 -0.222671
1305031799.617188 -0.315226 0.0117545 -0.24818 0.0531766 0.900196 0.369672 -0.223969
1305031799.649673 -0.321091 0.0174953 -0.235871 0.0564873 0.894891 0.381553 -0.224492
1305031799.685493 -0.322529 0.027288 -0.220017 0.0604627 0.889594 0.392622 -0.225422
1305031799.717286 -0.323461 0.0366648 -0.206912 0.0626515 0.883592 0.40593 -0.224859
1305031799.749321 -0.324223 0.0475456 -0.192449 0.0663161 0.877729 0.418017 -0.224625
1305031799.785018 -0.32689 0.0538082 -0.180903 0.072145 0.871547 0.429645 -0.224958
1305031799.814639 -0.328288 0.0634367 -0.165334 0.0767734 0.86523 0.44192 -0.224031
1305031799.849553 -0.32827 0.0722821 -0.152901 0.0820815 0.858272 0.454465 -0.223815
1305031799.885163 -0.326623 0.0842148 -0.13701 0.0871804 0.851791 0.465441 -0.224089
1305031799.916952 -0.324229 0.0956278 -0.124574 0.0905225 0.844623 0.477938 -0.223589
1305031799.949350 -0.322607 0.104004 -0.116299 0.0930096 0.83608 0.49204 -0.22409
1305031799.985260 -0.319655 0.11318 -0.106298 0.0980912 0.827583 0.504191 -0.226444
1305031800.017573 -0.316915 0.122859 -0.0959762 0.103153 0.819254 0.516395 -0.226975
1305031800.049428 -0.315862 0.132154 -0.0851933 0.108298 0.810597 0.528971 -0.226704
1305031800.085033 -0.314833 0.140741 -0.0741625 0.112897 0.802286 0.540574 -0.226652
1305031800.117205 -0.312836 0.150635 -0.0637033 0.116214 0.79376 0.55217 -0.227039
1305031800.149430 -0.311563 0.158845 -0.053733 0.117192 0.784838 0.564341 -0.227629
1305031800.185401 -0.311599 0.166328 -0.0442521 0.118153 0.775993 0.57488 -0.231059
1305031800.217472 -0.310191 0.174972 -0.0322459 0.121339 0.766447 0.585001 -0.235818
1305031800.249376 -0.307746 0.184599 -0.0208469 0.125696 0.755662 0.596887 -0.238539
1305031800.285574 -0.305338 0.192568 -0.0116459 0.130489 0.744433 0.609339 -0.239786
1305031800.317706 -0.304267 0.200934 -0.00183196 0.134058 0.733663 0.621287 -0.240353
1305031800.353570 -0.302456 0.209571 0.00593865 0.137182 0.722133 0.632889 -0.243223
1305031800.386128 -0.29955 0.217813 0.0143738 0.139926 0.710217 0.644217 -0.246976
1305031800.417282 -0.298178 0.225805 0.0213736 0.142945 0.698559 0.654705 -0.250886
1305031800.453754 -0.29662 0.233198 0.0267295 0.14682 0.685947 0.665487 -0.255042
1305031800.485575 -0.295015 0.239571 0.0317697 0.151183 0.67403 0.674932 -0.259409
1305031800.517739 -0.293744 0.245473 0.0379055 0.156354 0.663066 0.682865 -0.263804
1305031800.553340 -0.292619 0.251234 0.0428495 0.162128 0.651858 0.690335 -0.268762
1305031800.585490 -0.290812 0.256224 0.0472392 0.165718 0.641561 0.697584 -0.272604
1305031800.617831 -0.289273 0.260964 0.050847 0.167778 0.631729 0.704499 -0.276495
1305031800.653624 -0.287786 0.265622 0.0567467 0.171003 0.62242 0.710681 -0.279792
1305031800.685405 -0.286738 0.270546 0.0601575 0.174766 0.613452 0.716578 -0.282224
1305031800.713947 -0.285906 0.274971 0.0629549 0.179459 0.604862 0.72139 -0.28554
1305031800.753166 -0.284201 0.278844 0.0646564 0.183578 0.597218 0.725396 -0.288844
1305031800.784054 -0.286738 0.283426 0.0621558 0.187208 0.590373 0.728519 -0.292699
1305031800.816096 -0.289664 0.287202 0.0576372 0.190169 0.585 0.729392 -0.299331
1305031800.853919 -0.298027 0.29116 0.0505947 0.191525 0.583369 0.7277 -0.305697
1305031800.885396 -0.305256 0.293685 0.0414335 0.190944 0.584611 0.722536 -0.315772
1305031800.917427 -0.305411 0.292557 0.0366995 0.188455 0.589288 0.7144 -0.32689
1305031800.953700 -0.315549 0.293752 0.0253697 0.186614 0.594673 0.705171 -0.338043
1305031800.985467 -0.328267 0.293379 0.0133004 0.180652 0.606367 0.691293 -0.348996
1305031801.017256 -0.332228 0.287172 0.00688476 0.171294 0.620423 0.675499 -0.35977
1305031801.053202 -0.340106 0.284023 0.000573999 0.162526 0.632663 0.659082 -0.372738
1305031801.085709 -0.344845 0.278656 -0.00994485 0.150031 0.645862 0.642114 -0.384763
1305031801.117929 -0.351316 0.273599 -0.0157398 0.137384 0.658695 0.626196 -0.39386
1305031801.149557 -0.358603 0.267328 -0.0252535 0.122957 0.669175 0.612136 -0.402959
1305031801.183875 -0.368972 0.257395 -0.0393318 0.107667 0.679825 0.596633 -0.412644
1305031801.213176 -0.376906 0.248052 -0.0509315 0.0931289 0.690463 0.579016 -0.423472
1305031801.253746 -0.387557 0.23644 -0.0633327 0.080985 0.699793 0.562618 -0.432657
1305031801.285341 -0.39211 0.226823 -0.0760808 0.0697521 0.708334 0.547497 -0.440051
1305031801.318014 -0.399524 0.215483 -0.0892614 0.0593027 0.716743 0.533423 -0.445221
1305031801.353094 -0.405225 0.203161 -0.104481 0.0500766 0.723303 0.52056 -0.450935
1305031801.385194 -0.409459 0.190532 -0.119387 0.0410779 0.728895 0.508555 -0.456505
1305031801.417407 -0.412831 0.178531 -0.132478 0.0321505 0.734411 0.497782 -0.460238
1305031801.453727 -0.417593 0.165639 -0.146355 0.0249328 0.739487 0.487727 -0.463314
1305031801.485350 -0.419623 0.156785 -0.154485 0.0182125 0.745258 0.476085 -0.466479
1305031801.521131 -0.425328 0.14438 -0.165361 0.0137619 0.751266 0.464326 -0.468841
1305031801.550374 -0.427625 0.1358 -0.170657 0.00792048 0.758534 0.451702 -0.469604
1305031801.585137 -0.430394 0.126874 -0.178248 0.00198131 0.765102 0.440124 -0.470007
1305031801.621227 -0.432453 0.118317 -0.18572 -0.00451014 0.771578 0.427993 -0.470605
1305031801.653135 -0.433544 0.109746 -0.192017 -0.0118597 0.778647 0.4135 -0.471791
1305031801.685234 -0.4354 0.0988562 -0.200601 -0.0203821 0.785874 0.398559 -0.472374
1305031801.721833 -0.436093 0.0877937 -0.208275 -0.0303187 0.793024 0.383288 -0.47253
1305031801.752492 -0.437488 0.0771027 -0.213891 -0.0391718 0.799733 0.367879 -0.472819
1305031801.785189 -0.438428 0.065104 -0.223935 -0.048249 0.805543 0.353744 -0.472903
1305031801.821431 -0.439563 0.0542197 -0.228897 -0.0596124 0.809901 0.342271 -0.472607
1305031801.851024 -0.443013 0.04061 -0.233934 -0.0685837 0.8138 0.329507 -0.473762
1305031801.885594 -0.445543 0.0273543 -0.239344 -0.0764799 0.818182 0.315573 -0.474492
1305031801.921490 -0.446877 0.0205493 -0.240755 -0.0839918 0.822365 0.302107 -0.474755
1305031801.953537 -0.447703 0.0139504 -0.243323 -0.0889155 0.825984 0.29149 -0.474214
1305031801.985210 -0.449697 0.00791682 -0.246076 -0.09196 0.829715 0.281943 -0.47289
1305031802.019644 -0.453296 -0.000613447 -0.246205 -0.0927565 0.833287 0.272464 -0.472009
1305031802.053402 -0.456555 -0.0084993 -0.24729 -0.0942951 0.836144 0.262309 -0.472404
1305031802.085036 -0.46101 -0.0188584 -0.248645 -0.0980438 0.837672 0.253543 -0.473719
1305031802.121342 -0.465156 -0.028834 -0.250437 -0.105363 0.838608 0.243409 -0.475802
1305031802.153506 -0.468304 -0.0379778 -0.251513 -0.115462 0.838235 0.233342 -0.479146
1305031802.184646 -0.470121 -0.0409549 -0.249995 -0.123477 0.836632 0.223576 -0.484577
1305031802.219780 -0.473426 -0.0437894 -0.24379 -0.128407 0.83453 0.2176 -0.489614
1305031802.253201 -0.477539 -0.0479852 -0.236273 -0.1325 0.831422 0.214326 -0.495223
1305031802.285410 -0.481307 -0.0492753 -0.22673 0.133565 -0.827926 -0.211708 0.501875
1305031802.321392 -0.484878 -0.0483915 -0.219122 0.133271 -0.824496 -0.212302 0.50732
1305031802.353673 -0.489229 -0.0475811 -0.211383 0.133715 -0.820993 -0.216004 0.511305
1305031802.385256 -0.493378 -0.0507805 -0.203721 0.135455 -0.81735 -0.219611 0.515134
1305031802.421381 -0.495644 -0.0466174 -0.195826 0.137919 -0.813832 -0.220004 0.51986
1305031802.449815 -0.498745 -0.0442418 -0.189575 0.139312 -0.809746 -0.223851 0.524209
1305031802.485366 -0.501036 -0.0404456 -0.181039 0.139518 -0.806357 -0.227409 0.527834
1305031802.521559 -0.502601 -0.0343157 -0.173736 0.13967 -0.803107 -0.231403 0.531003
1305031802.553684 -0.505158 -0.0277751 -0.167562 0.137897 -0.79818 -0.240379 0.534894
1305031802.585533 -0.507229 -0.0229477 -0.161499 0.134982 -0.791641 -0.252987 0.53952
1305031802.621150 -0.508391 -0.0138454 -0.151586 0.131902 -0.784392 -0.266052 0.544561
1305031802.651432 -0.509547 -0.00119879 -0.142667 0.126295 -0.773878 -0.283726 0.551963
1305031802.685539 -0.511355 0.00953224 -0.130329 0.116589 -0.762773 -0.302241 0.559673
1305031802.721583 -0.513455 0.0209086 -0.118182 0.105979 -0.75337 -0.319306 0.565019
1305031802.751226 -0.514418 0.0343291 -0.104891 0.0974912 -0.743572 -0.33777 0.568777
1305031802.789007 -0.516505 0.0471999 -0.0948005 0.0873618 -0.732641 -0.355004 0.574088
1305031802.821805 -0.518351 0.0632957 -0.0813931 0.0792889 -0.721592 -0.368475 0.580727
1305031802.853857 -0.517707 0.0775453 -0.0716402 0.0698852 -0.709591 -0.378698 0.590072
1305031802.890975 -0.517389 0.091268 -0.0558534 0.0591046 -0.698493 -0.386961 0.599062
1305031802.921571 -0.515749 0.105354 -0.0452099 0.0518837 -0.687562 -0.396014 0.606415
1305031802.954186 -0.513383 0.120108 -0.0365617 0.0472939 -0.676444 -0.40439 0.613723
1305031802.989730 -0.511581 0.131903 -0.0291244 0.042281 -0.664901 -0.41081 0.622379
1305031803.021911 -0.509552 0.141696 -0.0231142 0.0376144 -0.652125 -0.416546 0.632303
1305031803.053859 -0.507933 0.151447 -0.011804 0.0331278 -0.639355 -0.422219 0.641762
1305031803.089624 -0.505334 0.160978 -0.00209164 0.0281481 -0.627413 -0.426052 0.651184
1305031803.122288 -0.5006 0.169934 0.00878434 0.0224295 -0.615942 -0.428747 0.660521
1305031803.153738 -0.496462 0.176447 0.0205195 0.0153934 -0.604301 -0.432607 0.668906
1305031803.189456 -0.493767 0.181045 0.0292625 0.00683796 -0.593089 -0.435128 0.677394
1305031803.222097 -0.489478 0.185937 0.0405808 -0.000303992 -0.583124 -0.43737 0.684598
1305031803.253833 -0.484413 0.190083 0.0517197 -0.00759841 -0.572358 -0.441058 0.691242
1305031803.289513 -0.480742 0.19443 0.0597577 -0.0151061 -0.561238 -0.443819 0.698433
1305031803.317616 -0.475935 0.199713 0.067666 -0.0219529 -0.55083 -0.446196 0.704992
1305031803.353839 -0.471738 0.205966 0.0748173 -0.0285169 -0.540028 -0.450304 0.71048
1305031803.393279 -0.466363 0.21255 0.0814224 -0.0357096 -0.529781 -0.453813 0.715619
1305031803.421427 -0.462603 0.216042 0.0869463 -0.0437294 -0.520412 -0.456108 0.720573
1305031803.449958 -0.45816 0.221094 0.0922483 -0.0483706 -0.511968 -0.459014 0.724469
1305031803.489758 -0.452388 0.225205 0.0983953 -0.0532359 -0.503775 -0.461468 0.728302
1305031803.517807 -0.446585 0.227909 0.104934 -0.0595184 -0.496079 -0.462519 0.73242
1305031803.553175 -0.441744 0.231017 0.110182 -0.0651616 -0.489021 -0.463197 0.736248
1305031803.588621 -0.436261 0.233445 0.115725 -0.0715271 -0.483113 -0.463366 0.739444
1305031803.617801 -0.43235 0.235817 0.120773 -0.0783787 -0.478094 -0.464728 0.741155
1305031803.654299 -0.42862 0.238365 0.126775 -0.0843235 -0.47341 -0.468777 0.740959
1305031803.686328 -0.425363 0.238678 0.133169 -0.0900913 -0.467646 -0.473318 0.741054
1305031803.721631 -0.421991 0.239559 0.13864 -0.0971974 -0.460739 -0.476087 0.742707
1305031803.754202 -0.418149 0.243359 0.143135 -0.107049 -0.453896 -0.478834 0.743799
1305031803.789665 -0.415884 0.24312 0.149675 -0.119609 -0.448026 -0.484856 0.74154
1305031803.822228 -0.411378 0.244575 0.155277 -0.129794 -0.442839 -0.488729 0.740399
1305031803.854272 -0.40612 0.247934 0.161531 -0.139891 -0.437416 -0.495123 0.73753
1305031803.894274 -0.399184 0.249444 0.168874 -0.149656 -0.431771 -0.50322 0.733448
1305031803.922306 -0.392957 0.249873 0.175405 -0.158936 -0.425565 -0.510205 0.730291
1305031803.953878 -0.38567 0.25242 0.181707 -0.168467 -0.419061 -0.515711 0.728045
1305031803.986986 -0.376578 0.254212 0.189311 -0.178947 -0.413585 -0.521292 0.724693
1305031804.021991 -0.366293 0.256852 0.197232 -0.188921 -0.408908 -0.525332 0.721893
1305031804.057867 -0.354967 0.259316 0.205518 -0.198779 -0.403603 -0.527949 0.720321
1305031804.090568 -0.345718 0.261783 0.213101 -0.207867 -0.398424 -0.532285 0.717442
1305031804.121807 -0.337978 0.26348 0.220437 -0.214993 -0.39424 -0.536749 0.71432
1305031804.159547 -0.33207 0.265113 0.226227 -0.222087 -0.389118 -0.538284 0.713804
1305031804.190025 -0.32895 0.267337 0.231043 -0.228855 -0.384726 -0.538913 0.713571
1305031804.221943 -0.32752 0.267936 0.235391 -0.233855 -0.382857 -0.539254 0.712697
1305031804.257543 -0.326016 0.265842 0.239496 -0.236092 -0.382126 -0.537677 0.713543
1305031804.289105 -0.328468 0.26343 0.240615 -0.236258 -0.381824 -0.534831 0.715785
1305031804.322186 -0.33549 0.260556 0.239425 -0.233541 -0.384181 -0.53094 0.718308
1305031804.357487 -0.342815 0.254899 0.238397 -0.227722 -0.389128 -0.526357 0.720882
1305031804.388583 -0.350685 0.246458 0.236302 -0.21949 -0.394537 -0.519456 0.725486
1305031804.420347 -0.356777 0.231032 0.236849 -0.209301 -0.401127 -0.511944 0.730208
1305031804.458421 -0.365737 0.217034 0.235123 -0.196525 -0.40857 -0.503743 0.735317
1305031804.488618 -0.373181 0.20383 0.230223 -0.180474 -0.415612 -0.494826 0.741514
1305031804.520334 -0.378341 0.192263 0.226107 -0.165107 -0.422798 -0.48466 0.747721
1305031804.553325 -0.387826 0.177054 0.218353 -0.150742 -0.428323 -0.474467 0.75412
1305031804.588603 -0.394205 0.165329 0.209992 -0.133161 -0.434159 -0.464119 0.760505
1305031804.620878 -0.401369 0.151922 0.201772 -0.116501 -0.439204 -0.454799 0.765954
1305031804.657048 -0.405928 0.14171 0.193459 -0.0981012 -0.444382 -0.446406 0.770469
1305031804.689811 -0.412554 0.129311 0.185138 -0.0803267 -0.447854 -0.439668 0.774382
1305031804.721742 -0.419219 0.115429 0.176346 -0.061413 -0.450986 -0.43199 0.778604
1305031804.761864 -0.426089 0.101215 0.166769 -0.0401912 -0.454271 -0.423147 0.782923
1305031804.794542 -0.433086 0.0901011 0.155214 -0.0165683 -0.456748 -0.413713 0.787368
1305031804.822160 -0.439415 0.0781816 0.144208 0.00925193 -0.459703 -0.403993 0.790808
1305031804.857799 -0.447136 0.0672016 0.13101 0.0352119 -0.460979 -0.392385 0.795168
1305031804.889635 -0.45409 0.0552021 0.118814 0.06214 -0.462596 -0.37974 0.798712
1305031804.921987 -0.459754 0.0450244 0.107547 0.0860086 -0.464587 -0.367006 0.801292
1305031804.958018 -0.464947 0.0400937 0.0944831 0.105106 -0.465876 -0.355627 0.803393
1305031804.989454 -0.47074 0.0321274 0.083029 0.121431 -0.467797 -0.345197 0.804524
1305031805.021251 -0.477313 0.0227142 0.0710156 0.135637 -0.469829 -0.331844 0.806686
1305031805.053799 -0.483066 0.0193046 0.0580022 0.148912 -0.470795 -0.317788 0.809437
1305031805.088981 -0.489325 0.0113392 0.0465645 0.160298 -0.472188 -0.305613 0.811137
1305031805.120822 -0.495122 0.00627536 0.0337278 0.170475 -0.474209 -0.294003 0.812174
1305031805.156816 -0.500206 0.00123943 0.0224908 0.179775 -0.47661 -0.283128 0.812627
1305031805.188114 -0.504277 -0.00365367 0.0127603 0.187782 -0.478209 -0.275032 0.812657
1305031805.224830 -0.512803 -0.0124002 -0.00090381 0.195371 -0.477966 -0.26857 0.813172
1305031805.256506 -0.517243 -0.0150918 -0.0112441 0.203806 -0.477571 -0.260967 0.813809
1305031805.288719 -0.521986 -0.0226834 -0.0220839 0.210289 -0.477702 -0.253182 0.814542
1305031805.324692 -0.52686 -0.0274979 -0.0313613 0.220614 -0.475877 -0.248411 0.814348
1305031805.360488 -0.533701 -0.0373323 -0.0474697 0.23279 -0.471385 -0.243178 0.81515
1305031805.392685 -0.537532 -0.0551994 -0.06396 0.245014 -0.468355 -0.234081 0.815977
1305031805.426082 -0.542201 -0.0582051 -0.0791675 0.259567 -0.465142 -0.223172 0.816371
1305031805.455941 -0.542375 -0.0729257 -0.0940127 0.27417 -0.46309 -0.215525 0.814817
1305031805.488250 -0.547215 -0.0715562 -0.108137 0.293193 -0.457881 -0.209577 0.812687
1305031805.524339 -0.550599 -0.0691619 -0.123321 0.31312 -0.45226 -0.202857 0.810102
1305031805.555936 -0.549353 -0.0673715 -0.130742 0.333198 -0.449139 -0.194216 0.805937
1305031805.587800 -0.549312 -0.0697532 -0.143556 0.347085 -0.445593 -0.187038 0.803738
1305031805.626288 -0.550183 -0.0741743 -0.160455 0.360414 -0.443429 -0.180342 0.800593
1305031805.653600 -0.545588 -0.0907396 -0.176484 0.366778 -0.440897 -0.177473 0.799742
1305031805.688826 -0.538303 -0.106488 -0.179628 0.368401 -0.439742 -0.173098 0.80059
1305031805.724499 -0.530859 -0.118816 -0.178483 0.36639 -0.438968 -0.169357 0.802735
1305031805.756662 -0.525339 -0.129218 -0.180434 0.358544 -0.436108 -0.169754 0.807737
1305031805.788800 -0.515561 -0.136677 -0.171868 0.347704 -0.434407 -0.171888 0.812925
1305031805.825010 -0.50814 -0.147429 -0.168863 0.328922 -0.431086 -0.177403 0.821282
1305031805.856722 -0.503158 -0.146264 -0.154882 0.305422 -0.425234 -0.185911 0.831463
1305031805.888558 -0.499753 -0.144768 -0.140115 0.284617 -0.422155 -0.191494 0.839111
1305031805.924334 -0.494264 -0.146077 -0.124632 0.265205 -0.418717 -0.19772 0.845724
1305031805.956398 -0.490023 -0.145175 -0.108216 0.247122 -0.415293 -0.201335 0.852013
1305031805.990628 -0.485516 -0.142457 -0.0960819 0.230694 -0.410953 -0.206052 0.857578
1305031806.026273 -0.482495 -0.141885 -0.0862091 0.215744 -0.404696 -0.209907 0.86349
1305031806.056329 -0.474569 -0.143778 -0.0723174 0.202306 -0.398335 -0.212333 0.869089
1305031806.091003 -0.467644 -0.146745 -0.0601803 0.191106 -0.390995 -0.214656 0.874371
1305031806.126194 -0.458801 -0.142951 -0.0448923 0.181829 -0.382473 -0.219807 0.878827
1305031806.160305 -0.451112 -0.138365 -0.0298055 0.171052 -0.374446 -0.222722 0.8837
1305031806.186461 -0.443675 -0.131703 -0.0158884 0.158627 -0.36683 -0.225586 0.888473
1305031806.226737 -0.436405 -0.125158 -0.00242471 0.143476 -0.359069 -0.229882 0.893106
1305031806.256407 -0.430698 -0.122373 0.00939095 0.129052 -0.351486 -0.23523 0.896922
1305031806.292064 -0.422789 -0.116869 0.0231212 0.116577 -0.343616 -0.2413 0.900062
1305031806.324430 -0.416355 -0.111688 0.0357981 0.101694 -0.335818 -0.243283 0.904267
1305031806.356698 -0.411478 -0.105701 0.0480795 0.0869807 -0.328809 -0.244938 0.907923
1305031806.388772 -0.403067 -0.0978086 0.0612271 0.0716898 -0.323361 -0.247479 0.910523
1305031806.428086 -0.397224 -0.0924788 0.0722261 0.0545121 -0.317527 -0.248488 0.913487
1305031806.458170 -0.393407 -0.0898362 0.0819778 0.0405226 -0.312143 -0.248827 0.915975
1305031806.493660 -0.383476 -0.0828426 0.0935884 0.0324782 -0.306933 -0.252607 0.917021
1305031806.531887 -0.37556 -0.0760471 0.104243 0.0233689 -0.297517 -0.254699 0.919819
1305031806.556751 -0.367447 -0.06673 0.114238 0.0133141 -0.289738 -0.253158 0.922922
1305031806.594170 -0.358878 -0.057775 0.124372 0.000358153 -0.283019 -0.255344 0.9245
1305031806.625910 -0.354614 -0.0527757 0.133249 -0.0143276 -0.274587 -0.258454 0.926066
1305031806.660594 -0.348727 -0.0480033 0.141772 -0.0277518 -0.266754 -0.258425 0.928056
1305031806.695601 -0.343417 -0.0427575 0.149496 -0.0420941 -0.259399 -0.255619 0.930376
1305031806.725479 -0.338826 -0.038089 0.156318 -0.056997 -0.254408 -0.252683 0.931761
1305031806.757877 -0.334901 -0.0337123 0.16231 -0.0723703 -0.250506 -0.249329 0.932655
1305031806.793755 -0.330945 -0.0284788 0.167713 -0.0860098 -0.24804 -0.246551 0.932894
1305031806.821694 -0.327857 -0.0229961 0.172539 -0.0973444 -0.243849 -0.245028 0.933286
1305031806.857332 -0.323763 -0.0159839 0.177423 -0.107041 -0.237303 -0.244284 0.934106
1305031806.893667 -0.320992 -0.0101655 0.18208 -0.117925 -0.230515 -0.244088 0.934547
1305031806.925528 -0.318255 -0.00457892 0.186162 -0.128257 -0.224625 -0.242099 0.935137
1305031806.957342 -0.315356 0.00161213 0.190092 -0.139624 -0.219597 -0.239172 0.935457
1305031806.994718 -0.312918 0.00702976 0.193872 -0.150177 -0.21526 -0.236987 0.935386
1305031807.025349 -0.31122 0.0121996 0.196853 -0.158909 -0.209986 -0.233987 0.935897
1305031807.057482 -0.309506 0.0172462 0.199338 -0.166158 -0.204444 -0.230767 0.936665
1305031807.094797 -0.308724 0.0222608 0.200961 -0.17271 -0.198969 -0.227011 0.937576
1305031807.125639 -0.30915 0.0266645 0.202381 -0.177777 -0.193505 -0.22308 0.938715
1305031807.158021 -0.31055 0.0303324 0.203179 -0.180696 -0.187713 -0.218231 0.940472
1305031807.193815 -0.313001 0.0325758 0.203641 -0.182281 -0.181886 -0.212818 0.94255
1305031807.226069 -0.315678 0.0336224 0.204028 -0.182785 -0.175898 -0.206935 0.944896
1305031807.258189 -0.319374 0.0333066 0.204345 -0.181771 -0.16912 -0.20047 0.947718
1305031807.294600 -0.323861 0.030946 0.204271 -0.178514 -0.162005 -0.19356 0.951011
1305031807.325779 -0.329253 0.0266606 0.203798 -0.173083 -0.153848 -0.184923 0.955079
1305031807.356999 -0.335198 0.0187878 0.203035 -0.165489 -0.147334 -0.176256 0.959083
1305031807.394901 -0.34093 0.0114731 0.200884 -0.154506 -0.141344 -0.167099 0.963446
1305031807.425389 -0.347834 0.00256826 0.198815 -0.14339 -0.135017 -0.158403 0.967532
1305031807.456981 -0.35522 -0.0107444 0.197533 -0.129885 -0.128283 -0.14706 0.972135
1305031807.493776 -0.359319 -0.02366 0.195305 -0.106192 -0.121916 -0.137668 0.977194
1305031807.525569 -0.363137 -0.0340292 0.191979 -0.0745153 -0.11451 -0.131357 0.981876
1305031807.558514 -0.367305 -0.0395614 0.188338 -0.0480038 -0.106878 -0.125448 0.985158
1305031807.593758 -0.370988 -0.0507531 0.185509 -0.0244236 -0.0985206 -0.118924 0.987702
1305031807.625726 -0.373996 -0.0599787 0.180617 0.00136299 -0.0892511 -0.114664 0.989386
1305031807.657923 -0.378534 -0.0679304 0.175616 0.0208988 -0.0815623 -0.109861 0.990374
1305031807.695218 -0.383561 -0.078752 0.169987 0.0390036 -0.0758448 -0.10454 0.990857
1305031807.725763 -0.3889 -0.0921415 0.162434 0.0605993 -0.0700959 -0.0992298 0.990741
1305031807.763921 -0.391834 -0.0990719 0.1553 0.0818243 -0.0641696 -0.0928855 0.990232
1305031807.794370 -0.396427 -0.11136 0.146287 0.101354 -0.0592257 -0.0866457 0.989299
1305031807.825649 -0.400627 -0.120168 0.137246 0.121432 -0.0573873 -0.0791035 0.987777
1305031807.862767 -0.402891 -0.126601 0.128267 0.140422 -0.0558996 -0.0755815 0.985619
1305031807.895051 -0.40655 -0.134163 0.119204 0.156751 -0.0524939 -0.0730641 0.983532
1305031807.922091 -0.409183 -0.14394 0.109623 0.172536 -0.0497443 -0.0699292 0.981258
1305031807.960371 -0.412325 -0.153403 0.0993753 0.188483 -0.0477446 -0.0670612 0.97862
1305031807.990310 -0.413534 -0.162477 0.0892617 0.204228 -0.0476341 -0.0633255 0.975711
1305031808.025493 -0.414323 -0.170191 0.0794703 0.219927 -0.048305 -0.0582327 0.972578
1305031808.060837 -0.41663 -0.179484 0.068742 0.235302 -0.0489354 -0.0527338 0.969256
1305031808.094509 -0.417672 -0.19036 0.0559406 0.250845 -0.0507979 -0.0486813 0.965467
1305031808.124869 -0.416309 -0.1987 0.0445569 0.267522 -0.0524428 -0.04704 0.960973
1305031808.160774 -0.417694 -0.209781 0.0316837 0.28329 -0.0533274 -0.0446379 0.956509
1305031808.193540 -0.419779 -0.224787 0.0158717 0.300247 -0.0540138 -0.0432226 0.95135
1305031808.224541 -0.419829 -0.233666 0.00110373 0.317455 -0.055445 -0.0437281 0.945641
1305031808.259528 -0.421906 -0.244346 -0.0125455 0.330012 -0.0580079 -0.0433861 0.941193
1305031808.292602 -0.423593 -0.253444 -0.0258919 0.341496 -0.0604682 -0.0437806 0.936914
1305031808.324524 -0.419949 -0.263665 -0.0407698 0.354508 -0.0618112 -0.044251 0.931958
1305031808.362374 -0.419871 -0.270226 -0.054995 0.368659 -0.0621394 -0.04305 0.926486
1305031808.394090 -0.424531 -0.275835 -0.0671387 0.382041 -0.0621519 -0.0410861 0.921137
1305031808.427040 -0.423994 -0.280342 -0.0783391 0.393909 -0.0628217 -0.041575 0.916057
1305031808.462622 -0.430532 -0.279431 -0.0893409 0.405623 -0.0607731 -0.0406909 0.91111
1305031808.493893 -0.438585 -0.287956 -0.10946 0.416661 -0.0584062 -0.0371172 0.906424
1305031808.524551 -0.437948 -0.293795 -0.124106 0.428136 -0.0586372 -0.0319104 0.901245
1305031808.561866 -0.449421 -0.302811 -0.145631 0.435519 -0.0579673 -0.0274291 0.897892
1305031808.590231 -0.454798 -0.324067 -0.183416 0.440499 -0.0563838 -0.0255959 0.895615
1305031808.624717 -0.451747 -0.329579 -0.204375 0.449141 -0.0520808 -0.0209322 0.891696
1305031808.661004 -0.447177 -0.329063 -0.218484 0.459774 -0.0447875 -0.0154238 0.886772
1305031808.692608 -0.442457 -0.342555 -0.241018 0.465238 -0.0381003 -0.0106481 0.884301
1305031808.724581 -0.431263 -0.342462 -0.24979 0.472659 -0.0328375 -0.0101828 0.880574
1305031808.761035 -0.425169 -0.339165 -0.250767 0.480257 -0.0250905 -0.0106573 0.876704
1305031808.792909 -0.426302 -0.335086 -0.239102 0.491067 -0.0124394 -0.0102128 0.870973
1305031808.824645 -0.422873 -0.341354 -0.243373 0.497197 -0.000931012 -0.00420037 0.867627
1305031808.860603 -0.409899 -0.347768 -0.255426 0.497254 0.00901277 -0.00124309 0.867557
1305031808.894236 -0.394144 -0.348532 -0.263016 0.493485 0.0177048 0.000419308 0.869574
1305031808.924712 -0.378877 -0.346076 -0.264117 0.487159 0.0252691 0.00117694 0.872947
1305031808.960766 -0.360133 -0.338732 -0.258226 0.47771 0.0318393 0.000533271 0.87794
1305031808.994453 -0.346891 -0.329296 -0.246004 0.464065 0.0384358 0.000985414 0.884966
1305031809.029773 -0.334303 -0.315636 -0.227483 0.451637 0.0441784 0.00236273 0.891104
1305031809.063418 -0.318975 -0.301244 -0.214367 0.43694 0.0492798 0.00348386 0.898133
1305031809.097271 -0.307573 -0.286331 -0.201115 0.423316 0.0563725 0.00383703 0.904219
1305031809.131663 -0.299551 -0.275528 -0.191848 0.409797 0.0663632 0.00388184 0.909751
1305031809.161507 -0.291645 -0.265704 -0.183526 0.397129 0.0760152 0.00770535 0.914577
1305031809.194288 -0.292641 -0.262144 -0.178851 0.382644 0.0852379 0.0140896 0.919847
1305031809.229538 -0.292067 -0.254862 -0.16898 0.369228 0.0918089 0.0208634 0.924557
1305031809.261343 -0.28855 -0.244736 -0.158889 0.35512 0.0962769 0.0266439 0.929468
1305031809.294460 -0.285853 -0.233817 -0.148281 0.339552 0.102037 0.0320801 0.934486
1305031809.330064 -0.280027 -0.226433 -0.140132 0.325417 0.105896 0.0383352 0.93884
1305031809.359534 -0.274782 -0.215109 -0.132884 0.312327 0.10892 0.0432297 0.942719
1305031809.393838 -0.270956 -0.201547 -0.123521 0.299657 0.111812 0.0471369 0.946299
1305031809.428411 -0.270483 -0.195064 -0.116488 0.285251 0.114108 0.0498453 0.95033
1305031809.462164 -0.271254 -0.188916 -0.111721 0.272262 0.115821 0.0526182 0.953777
1305031809.493873 -0.277357 -0.185079 -0.105395 0.260602 0.11805 0.0578415 0.956455
1305031809.530074 -0.280801 -0.179189 -0.0999196 0.250196 0.118537 0.0620429 0.958906
1305031809.563364 -0.282263 -0.172415 -0.094013 0.240051 0.119205 0.0640168 0.961284
1305031809.594021 -0.285375 -0.167505 -0.0888583 0.229121 0.121216 0.0645109 0.963664
1305031809.631035 -0.288384 -0.164467 -0.0841411 0.219005 0.124163 0.0657951 0.965552
1305031809.662949 -0.291044 -0.158503 -0.0793882 0.210711 0.127185 0.0670654 0.966916
1305031809.693782 -0.29382 -0.152031 -0.074868 0.201677 0.129283 0.0688539 0.968438
1305031809.731309 -0.296831 -0.145244 -0.0702243 0.192089 0.130726 0.0721394 0.969953
1305031809.758942 -0.299427 -0.138499 -0.06561 0.182397 0.131827 0.0749085 0.971464
1305031809.793369 -0.301261 -0.131772 -0.0608772 0.17253 0.13298 0.0791065 0.972775
1305031809.830391 -0.303616 -0.124085 -0.0562531 0.16275 0.134867 0.0846671 0.973732
1305031809.861943 -0.30554 -0.116526 -0.0516342 0.152444 0.136655 0.0887336 0.974788
1305031809.895169 -0.306813 -0.110051 -0.0474155 0.141287 0.139357 0.0922434 0.975761
1305031809.929860 -0.307739 -0.102914 -0.043409 0.131018 0.143352 0.0961398 0.976238
1305031809.963228 -0.30971 -0.0954492 -0.0398114 0.120731 0.147546 0.100555 0.976495
1305031809.994224 -0.311058 -0.0875202 -0.0366568 0.11002 0.15081 0.104955 0.976799
1305031810.030062 -0.310912 -0.0798947 -0.0332787 0.0984523 0.153152 0.109519 0.977168
1305031810.062155 -0.311075 -0.0766546 -0.0313663 0.0866285 0.155875 0.113672 0.977383
1305031810.095183 -0.309898 -0.0690512 -0.0298035 0.0779722 0.158923 0.118536 0.977043
1305031810.131056 -0.308557 -0.0610828 -0.0286132 0.0689422 0.161127 0.123297 0.976772
1305031810.161700 -0.306996 -0.0539657 -0.0275694 0.059067 0.163658 0.125688 0.976693
1305031810.197185 -0.306489 -0.0492327 -0.0278993 0.048587 0.167914 0.127955 0.976254
1305031810.230520 -0.305369 -0.0414653 -0.0286275 0.0404262 0.171728 0.130427 0.975635
1305031810.262762 -0.304018 -0.0330513 -0.0292004 0.0308142 0.174673 0.132994 0.975117
1305031810.298074 -0.302132 -0.0247893 -0.0302513 0.0187126 0.176043 0.134423 0.974982
1305031810.330937 -0.301119 -0.0207603 -0.0320597 0.00586219 0.177158 0.13518 0.974837
1305031810.362897 -0.300939 -0.0162405 -0.0338012 -0.00429238 0.179511 0.138182 0.973993
1305031810.396861 -0.297876 -0.00869371 -0.0362513 -0.0126588 0.180367 0.143899 0.972934
1305031810.429920 -0.294057 -0.000515021 -0.0383821 -0.0215537 0.179759 0.149714 0.972012
1305031810.461399 -0.289393 0.00747809 -0.0406405 -0.0317664 0.178152 0.152862 0.971538
1305031810.496777 -0.285946 0.0164225 -0.0431761 -0.0441178 0.177046 0.157107 0.97058
1305031810.529947 -0.281539 0.0207357 -0.0450835 -0.056556 0.177762 0.161857 0.969022
1305031810.561970 -0.277214 0.0296156 -0.0487936 -0.0653905 0.179405 0.165962 0.967468
1305031810.598116 -0.273518 0.0383944 -0.0515706 -0.0747717 0.181471 0.170027 0.965696
1305031810.630327 -0.269354 0.0446233 -0.0536704 -0.0817126 0.183715 0.175341 0.963757
1305031810.661881 -0.263367 0.0491193 -0.0561199 -0.0866476 0.185302 0.180986 0.961977
1305031810.698469 -0.25439 0.0491089 -0.0576262 -0.0885803 0.187959 0.186739 0.960184
1305031810.729616 -0.24386 0.0479385 -0.0599848 -0.0871206 0.191636 0.191486 0.958655
1305031810.762055 -0.235478 0.047305 -0.0646801 -0.0816749 0.19749 0.195505 0.957134
1305031810.798335 -0.229632 0.0469358 -0.0694489 -0.0740932 0.205085 0.199822 0.95526
1305031810.826635 -0.223857 0.0428496 -0.0754356 -0.065341 0.21299 0.202328 0.95364
1305031810.859437 -0.218841 0.0392014 -0.0821023 -0.0528585 0.223858 0.204023 0.951561
1305031810.896721 -0.212658 0.0397976 -0.0881077 -0.0363899 0.23618 0.204386 0.949274
1305031810.931542 -0.210052 0.0388709 -0.0942125 -0.022499 0.24724 0.20493 0.946768
1305031810.962074 -0.204938 0.0358615 -0.100739 -0.00614604 0.257442 0.205223 0.944229
1305031810.999156 -0.200324 0.0339526 -0.107922 0.0155112 0.269153 0.204981 0.940903
1305031811.030567 -0.200671 0.0370137 -0.113386 0.0340255 0.279687 0.207523 0.936777
1305031811.062402 -0.198643 0.0309307 -0.119595 0.0472071 0.287879 0.20862 0.933475
1305031811.098594 -0.197356 0.0222921 -0.128895 0.0622554 0.29595 0.207613 0.930287
1305031811.130054 -0.197796 0.0248392 -0.135716 0.0811842 0.304144 0.209819 0.925679
1305031811.163124 -0.197533 0.0235058 -0.14117 0.0923892 0.312252 0.210128 0.921851
1305031811.196680 -0.19575 0.0184845 -0.14841 0.102121 0.319057 0.207863 0.919003
1305031811.226245 -0.194341 0.011352 -0.155203 0.113105 0.326784 0.206412 0.915322
1305031811.258835 -0.193069 0.00838585 -0.162357 0.124154 0.335619 0.205133 0.91097
1305031811.297420 -0.191686 0.00130085 -0.171933 0.134625 0.345513 0.204224 0.905975
1305031811.330119 -0.193879 -0.00732894 -0.180855 0.147911 0.356095 0.202512 0.900171
1305031811.362347 -0.194185 -0.0151832 -0.191268 0.163408 0.36707 0.201183 0.893355
1305031811.399651 -0.197235 -0.0251102 -0.199155 0.17957 0.376873 0.200056 0.886397
1305031811.430784 -0.204099 -0.0316599 -0.204044 0.197463 0.386544 0.195629 0.879387
1305031811.466212 -0.211139 -0.0363673 -0.208179 0.215431 0.396523 0.190776 0.871759
1305031811.497813 -0.216949 -0.0470505 -0.215761 0.229628 0.406309 0.187156 0.864382
1305031811.530073 -0.22389 -0.0540034 -0.222054 0.241406 0.415892 0.183652 0.857338
1305031811.566308 -0.229864 -0.0635246 -0.230957 0.251338 0.425176 0.179469 0.850791
1305031811.598269 -0.237457 -0.0771814 -0.238336 0.261845 0.434742 0.174802 0.84373
1305031811.630831 -0.243337 -0.0986148 -0.249793 0.272652 0.443126 0.172557 0.836376
1305031811.663366 -0.25155 -0.117735 -0.255319 0.286738 0.450869 0.169659 0.828079
1305031811.698740 -0.26043 -0.127742 -0.258306 0.300493 0.456244 0.167957 0.820571
1305031811.733435 -0.269187 -0.143049 -0.2636 0.31303 0.460715 0.166271 0.8137
1305031811.765703 -0.278146 -0.151652 -0.267529 0.325016 0.465111 0.162316 0.807273
1305031811.799543 -0.287208 -0.16434 -0.271267 0.335682 0.46893 0.161861 0.800764
1305031811.831559 -0.298919 -0.170707 -0.26674 0.347947 0.474217 0.159511 0.792847
1305031811.866219 -0.305889 -0.181666 -0.278012 0.358644 0.47573 0.159819 0.787092
1305031811.899601 -0.315377 -0.190957 -0.281673 0.3683 0.478102 0.157901 0.781563
1305031811.929778 -0.323716 -0.200692 -0.290216 0.376708 0.480146 0.155419 0.776786
1305031811.965910 -0.331935 -0.212203 -0.29982 0.384319 0.483775 0.150464 0.771765
1305031811.997697 -0.339526 -0.219104 -0.30513 0.394763 0.488123 0.145414 0.764691
1305031812.031513 -0.34581 -0.226792 -0.31502 0.404628 0.490959 0.142335 0.758272
1305031812.067293 -0.352542 -0.233658 -0.323017 0.413242 0.492872 0.139292 0.752932
1305031812.097226 -0.354961 -0.235665 -0.335366 0.421567 0.494419 0.134426 0.748171
1305031812.131618 -0.362132 -0.241688 -0.338914 0.430435 0.498549 0.130281 0.741081
1305031812.165747 -0.371139 -0.249815 -0.34553 0.437746 0.50492 0.126122 0.733162
1305031812.194229 -0.381066 -0.259586 -0.350263 0.444704 0.510413 0.123611 0.72556
1305031812.230599 -0.389679 -0.266601 -0.357679 0.45025 0.515502 0.119787 0.719155
1305031812.262258 -0.395808 -0.269407 -0.358087 0.457988 0.519738 0.11775 0.711515
1305031812.295017 -0.402213 -0.276897 -0.363702 0.46297 0.521829 0.119486 0.706453
1305031812.329535 -0.407772 -0.28282 -0.371332 0.465644 0.524081 0.118992 0.703105
1305031812.367033 -0.409968 -0.28163 -0.376298 0.468655 0.528442 0.11641 0.698256
1305031812.398919 -0.412384 -0.279388 -0.37971 0.472291 0.536084 0.113678 0.690385
1305031812.431444 -0.414886 -0.276793 -0.385941 0.475915 0.543885 0.110443 0.682273
1305031812.466128 -0.420035 -0.286249 -0.403397 0.472406 0.550129 0.111068 0.679599
1305031812.499545 -0.421342 -0.284557 -0.408523 0.466548 0.555443 0.111661 0.679226
1305031812.530582 -0.419172 -0.27635 -0.407633 0.459675 0.560616 0.112756 0.679481
1305031812.566690 -0.418358 -0.269582 -0.410405 0.450586 0.56587 0.115281 0.680789
1305031812.599029 -0.415141 -0.258946 -0.413138 0.440153 0.570679 0.120794 0.682642
1305031812.628645 -0.41245 -0.251288 -0.417841 0.427663 0.574612 0.126986 0.686148
1305031812.668061 -0.406553 -0.235795 -0.417665 0.416839 0.578339 0.132074 0.688713
1305031812.698746 -0.394456 -0.207155 -0.408955 0.405487 0.582298 0.136702 0.691247
1305031812.734013 -0.387849 -0.19033 -0.408232 0.393047 0.584387 0.146243 0.694708
1305031812.767275 -0.383407 -0.175896 -0.406239 0.381068 0.586417 0.154546 0.697867
1305031812.799489 -0.376079 -0.156221 -0.406778 0.367932 0.586575 0.162777 0.702893
1305031812.834132 -0.368767 -0.136742 -0.400475 0.355403 0.587117 0.172011 0.706679
1305031812.866016 -0.362454 -0.119226 -0.394709 0.344168 0.586399 0.182361 0.710231
1305031812.898960 -0.355937 -0.101963 -0.392542 0.332307 0.585311 0.192614 0.71406
1305031812.934173 -0.351515 -0.0869849 -0.390485 0.319747 0.584984 0.20252 0.717315
1305031812.966151 -0.345946 -0.0717707 -0.384969 0.306863 0.585145 0.212481 0.719926
1305031812.999091 -0.343543 -0.0602058 -0.382451 0.294798 0.583137 0.226034 0.722464
1305031813.034784 -0.339582 -0.0419926 -0.378488 0.283726 0.580015 0.237332 0.725779
1305031813.066289 -0.33561 -0.0244073 -0.371846 0.272278 0.576897 0.248387 0.728943
1305031813.098588 -0.332905 -0.00604025 -0.367111 0.26141 0.57208 0.260867 0.73235
1305031813.135262 -0.329276 0.00785984 -0.367893 0.250671 0.56587 0.273482 0.736317
1305031813.166033 -0.325086 0.0191183 -0.368236 0.239153 0.558574 0.286044 0.740932
1305031813.196373 -0.321871 0.0292167 -0.366214 0.226747 0.551592 0.297583 0.745504
1305031813.234674 -0.319959 0.0408058 -0.362386 0.21644 0.544421 0.307621 0.749753
1305031813.267055 -0.317917 0.0553841 -0.357518 0.206723 0.536362 0.317968 0.753974
1305031813.299198 -0.317619 0.0662781 -0.351167 0.196152 0.529714 0.327406 0.757451
1305031813.333908 -0.317957 0.0779329 -0.34483 0.184907 0.524643 0.334874 0.760538
1305031813.365437 -0.316737 0.0862876 -0.341248 0.173282 0.520361 0.344271 0.76202
1305031813.398657 -0.317286 0.0990921 -0.338051 0.162749 0.516594 0.354075 0.762413
1305031813.433247 -0.321122 0.113757 -0.328976 0.152505 0.514177 0.362415 0.762247
1305031813.466220 -0.324316 0.128823 -0.321126 0.140964 0.509797 0.372889 0.762358
1305031813.498088 -0.327336 0.141439 -0.316433 0.129338 0.50382 0.383897 0.762928
1305031813.534016 -0.330283 0.152282 -0.311545 0.117827 0.498761 0.392655 0.763659
1305031813.566769 -0.331372 0.161014 -0.308283 0.103988 0.4942 0.40158 0.763994
1305031813.598490 -0.333683 0.168677 -0.305265 0.0909758 0.490622 0.409668 0.763666
1305031813.631475 -0.336605 0.175619 -0.301764 0.0797109 0.487679 0.416853 0.762921
1305031813.661752 -0.340746 0.182105 -0.295539 0.0687462 0.4857 0.42355 0.761561
1305031813.698286 -0.344862 0.187547 -0.290151 0.0574763 0.482899 0.430191 0.760553
1305031813.730280 -0.349445 0.191755 -0.284264 0.0473114 0.479524 0.435728 0.760237
1305031813.764797 -0.354746 0.19569 -0.27749 0.0373846 0.475302 0.44153 0.760093
1305031813.799441 -0.359737 0.199101 -0.271003 0.0263568 0.470391 0.447154 0.760323
1305031813.833945 -0.367276 0.204487 -0.262333 0.0154099 0.46498 0.452186 0.760976
1305031813.867772 -0.373258 0.210163 -0.255565 0.00542062 0.45795 0.460782 0.760219
1305031813.899482 -0.378053 0.214381 -0.242883 -0.00651612 0.450949 0.470902 0.758191
1305031813.934338 -0.386271 0.220313 -0.233595 -0.0188266 0.442307 0.481628 0.756336
1305031813.965926 -0.392827 0.223654 -0.225631 -0.0293446 0.437323 0.488794 0.7543
1305031814.003554 -0.401261 0.229612 -0.218502 -0.0369608 0.434167 0.495426 0.751456
1305031814.033924 -0.403572 0.231478 -0.210797 -0.0438287 0.430477 0.503691 0.747706
1305031814.066026 -0.410518 0.234559 -0.205834 -0.0478056 0.427233 0.510657 0.744591
1305031814.102320 -0.415531 0.236504 -0.201848 -0.0495182 0.424284 0.515855 0.74258
1305031814.134667 -0.418564 0.236664 -0.199228 -0.0513149 0.42195 0.519166 0.741479
1305031814.166052 -0.417629 0.234128 -0.200132 -0.0511703 0.421295 0.520547 0.740894
1305031814.202037 -0.41805 0.232722 -0.204303 -0.0475024 0.423911 0.52013 0.739937
1305031814.234336 -0.412147 0.226072 -0.205416 -0.042032 0.430183 0.520357 0.736481
1305031814.265980 -0.405623 0.21893 -0.21151 -0.0349783 0.437633 0.519448 0.733094
1305031814.302865 -0.402691 0.212593 -0.214424 -0.0207611 0.45081 0.517237 0.72719
1305031814.334123 -0.408769 0.212271 -0.218785 -0.00845152 0.464005 0.519062 0.717777
1305031814.365916 -0.403562 0.204802 -0.225546 0.00258437 0.474528 0.519138 0.710854
1305031814.402137 -0.404607 0.199917 -0.231734 0.0170597 0.489113 0.517948 0.701575
1305031814.434097 -0.40967 0.199768 -0.240005 0.0296836 0.502789 0.51754 0.691718
1305031814.466875 -0.412094 0.197905 -0.24904 0.0411155 0.515745 0.517563 0.681502
1305031814.503242 -0.412981 0.195849 -0.258788 0.0528129 0.530072 0.51628 0.670589
1305031814.535346 -0.417031 0.19623 -0.268618 0.0626325 0.546135 0.513538 0.658857
1305031814.567625 -0.419171 0.194151 -0.277912 0.071693 0.562123 0.511454 0.645982
1305031814.601706 -0.419235 0.192441 -0.288778 0.0812106 0.577159 0.508456 0.633849
1305031814.635644 -0.418067 0.188667 -0.302709 0.0935227 0.592929 0.504825 0.620355
1305031814.667643 -0.431402 0.192517 -0.297816 0.105145 0.614422 0.492554 0.607306
1305031814.702775 -0.432305 0.19061 -0.305504 0.113521 0.627289 0.486815 0.597187
1305031814.734657 -0.432789 0.186094 -0.313525 0.123056 0.64026 0.479395 0.587457
1305031814.766015 -0.439584 0.186832 -0.313904 0.132436 0.653486 0.468777 0.579365
1305031814.801939 -0.441804 0.18421 -0.321245 0.139603 0.663412 0.463046 0.570949
1305031814.834141 -0.444533 0.182165 -0.325752 0.145375 0.673003 0.455388 0.564406
1305031814.866927 -0.447167 0.180356 -0.334265 0.149388 0.681779 0.448475 0.558329
1305031814.901856 -0.449032 0.176152 -0.342535 0.154702 0.692155 0.441273 0.549788
1305031814.934189 -0.452466 0.17546 -0.344525 0.160127 0.701903 0.431932 0.543254
1305031814.966026 -0.454199 0.172535 -0.350596 0.164948 0.708246 0.424905 0.539106
1305031815.002785 -0.456689 0.169896 -0.355885 0.171519 0.714563 0.418246 0.533903
1305031815.034070 -0.459712 0.168674 -0.359001 0.177353 0.720923 0.412144 0.528159
1305031815.066249 -0.460989 0.165678 -0.36295 0.182534 0.72496 0.408025 0.524052
1305031815.098276 -0.461674 0.161248 -0.366485 0.188933 0.727535 0.404114 0.521238
1305031815.134087 -0.463028 0.157272 -0.369369 0.196285 0.729296 0.400011 0.519222
1305031815.167703 -0.46509 0.15425 -0.371288 0.202146 0.731166 0.395867 0.517516
1305031815.200200 -0.465443 0.148393 -0.373882 0.206653 0.733068 0.392061 0.515939
1305031815.235479 -0.466618 0.143166 -0.377067 0.210784 0.735031 0.386748 0.515486
1305031815.269898 -0.467544 0.137993 -0.379468 0.214894 0.738039 0.380577 0.514082
1305031815.303120 -0.469446 0.133544 -0.381838 0.219635 0.741842 0.37323 0.511987
1305031815.335140 -0.472174 0.131161 -0.383192 0.222885 0.746643 0.364774 0.509693
1305031815.369858 -0.473209 0.126918 -0.385579 0.225033 0.751605 0.357259 0.50677
1305031815.402087 -0.475286 0.122856 -0.387097 0.228512 0.757286 0.348324 0.502962
1305031815.435520 -0.478148 0.119959 -0.388497 0.231834 0.760694 0.342182 0.500508
1305031815.469069 -0.478384 0.114565 -0.389899 0.234425 0.76258 0.337909 0.499334
1305031815.503584 -0.480142 0.111411 -0.391182 0.236841 0.764143 0.333141 0.499007
1305031815.533867 -0.481148 0.108162 -0.393132 0.238389 0.765475 0.330079 0.498263
1305031815.570080 -0.481126 0.104264 -0.39572 0.239825 0.76642 0.328333 0.497274
1305031815.602977 -0.481305 0.102763 -0.39702 0.240865 0.767205 0.326959 0.496466
1305031815.633580 -0.481738 0.101231 -0.398775 0.242012 0.767537 0.326496 0.495699
1305031815.669542 -0.481904 0.101423 -0.399173 0.24262 0.767727 0.326494 0.495108
1305031815.703270 -0.48204 0.103265 -0.398326 0.242801 0.76764 0.327206 0.494686
1305031815.734736 -0.482363 0.104774 -0.398187 0.242915 0.767286 0.328094 0.494589
1305031815.770261 -0.482442 0.106547 -0.397903 0.241838 0.76739 0.328378 0.494767
1305031815.803102 -0.482714 0.108321 -0.397267 0.241759 0.767186 0.329357 0.494472
