1305031790.640468 0 0 0 0 0 0 1
1305031790.672866 0.0038142 0.00908479 0.00108576 -0.00898228 0.000653897 0.00350807 0.999953
1305031790.709421 0.00978616 0.0165019 0.00261821 -0.0192976 0.000370986 0.00583831 0.999797
1305031790.739530 0.0143813 0.0203928 0.00407147 -0.0302023 0.000438272 0.00866425 0.999506
1305031790.773548 0.0202832 0.0271458 0.00475284 -0.0387523 0.00127969 0.0146681 0.99914
1305031790.809521 0.0271557 0.0356016 0.00517206 -0.0473146 0.0023406 0.0202864 0.998671
1305031790.839363 0.0333229 0.0440211 0.00586436 -0.0595844 0.00270677 0.0287192 0.997806
1305031790.871606 0.0410577 0.0483251 0.00684027 -0.0717092 0.00389945 0.0340354 0.996837
1305031790.909436 0.047706 0.052699 0.006171 -0.0823286 0.00773128 0.0423917 0.995673
1305031790.941495 0.0543127 0.0585815 0.00458394 -0.0888216 0.0127677 0.051232 0.994647
1305031790.973696 0.0581699 0.0645703 0.00166565 -0.0937725 0.018358 0.0616262 0.993515
1305031791.009486 0.0582201 0.0663844 -0.00265855 -0.0964037 0.0252386 0.0764398 0.992082
1305031791.041197 0.0586065 0.0641735 -0.00764577 -0.0922107 0.0322584 0.0901947 0.991121
1305031791.073525 0.0656223 0.061156 -0.012767 -0.0813405 0.0400208 0.0977758 0.991071
1305031791.109452 0.0704974 0.0569422 -0.0196121 -0.0707424 0.0509282 0.110156 0.990085
1305031791.141330 0.0798537 0.0431896 -0.0266007 -0.0526998 0.0645067 0.116311 0.989714
1305031791.173227 0.0845456 0.0428542 -0.0368028 -0.0236656 0.0845127 0.115429 0.989431
1305031791.209506 0.0875885 0.0305536 -0.0462317 -0.00239785 0.105509 0.117666 0.987429
1305031791.241091 0.0838641 0.0226297 -0.0580891 0.0287007 0.128798 0.116464 0.98439
1305031791.273558 0.0812529 0.0270961 -0.0693437 0.0584502 0.150483 0.118393 0.979756
1305031791.309764 0.0764131 0.01746 -0.0800904 0.0816347 0.172658 0.122095 0.97397
1305031791.341415 0.0703418 0.00966191 -0.0903867 0.112143 0.195574 0.125217 0.966176
1305031791.373525 0.0615649 0.0117865 -0.0975551 0.138137 0.216187 0.129478 0.957819
1305031791.409609 0.0572672 -0.000480262 -0.108157 0.159257 0.232844 0.135105 0.949825
1305031791.441538 0.0505557 -0.0127099 -0.117279 0.186709 0.245402 0.142465 0.940543
1305031791.473230 0.0441413 -0.0218515 -0.124033 0.208882 0.256691 0.149718 0.931699
1305031791.509595 0.0386398 -0.0345768 -0.132587 0.226346 0.265263 0.15239 0.92476
1305031791.541450 0.0284924 -0.0392753 -0.135035 0.248334 0.273361 0.152974 0.916626
1305031791.574034 0.0263532 -0.0500304 -0.146268 0.264403 0.279781 0.153051 0.910159
1305031791.609401 0.0239336 -0.0613937 -0.156987 0.277165 0.286377 0.154279 0.904083
1305031791.641229 0.0227106 -0.07531 -0.172052 0.290894 0.291712 0.152362 0.898371
1305031791.677621 0.01013 -0.0899754 -0.179783 0.30854 0.300559 0.145502 0.890672
1305031791.709275 0.00303206 -0.10086 -0.190288 0.32724 0.308916 0.143537 0.881409
1305031791.741364 -0.00785613 -0.109689 -0.198698 0.34549 0.318787 0.142626 0.871016
1305031791.776668 -0.0225322 -0.120755 -0.207509 0.362147 0.330582 0.139814 0.860242
1305031791.808429 -0.0321146 -0.128159 -0.217329 0.379251 0.341096 0.136393 0.849246
1305031791.840375 -0.0486022 -0.134938 -0.223903 0.394479 0.355721 0.130501 0.837149
1305031791.876494 -0.0513646 -0.136727 -0.238321 0.411168 0.36581 0.126789 0.825257
1305031791.908433 -0.0651033 -0.141883 -0.233339 0.428078 0.371152 0.13164 0.813429
1305031791.944357 -0.0764577 -0.152954 -0.246255 0.440039 0.376721 0.131012 0.804539
1305031791.977200 -0.0855013 -0.160821 -0.249039 0.456195 0.38111 0.130417 0.793494
1305031792.005506 -0.0944433 -0.168856 -0.258392 0.468862 0.386669 0.128568 0.783662
1305031792.041730 -0.10169 -0.175322 -0.266732 0.482272 0.391266 0.125282 0.773711
1305031792.076713 -0.122799 -0.195178 -0.266885 0.490608 0.398265 0.123136 0.765197
1305031792.109497 -0.129427 -0.20224 -0.274412 0.495728 0.40282 0.119459 0.760078
1305031792.141484 -0.135102 -0.207462 -0.281396 0.501959 0.405826 0.117255 0.754714
1305031792.177376 -0.138393 -0.213545 -0.294149 0.504217 0.408324 0.112902 0.752522
1305031792.209274 -0.14277 -0.21851 -0.304634 0.506598 0.411357 0.108499 0.749915
1305031792.241751 -0.144784 -0.220291 -0.314684 0.50972 0.413927 0.103969 0.747021
1305031792.277507 -0.148031 -0.224048 -0.321188 0.511005 0.414896 0.10243 0.745817
1305031792.309357 -0.149407 -0.226231 -0.325775 0.510742 0.414721 0.101929 0.746163
1305031792.341029 -0.146177 -0.223759 -0.330093 0.510173 0.412782 0.101155 0.747731
1305031792.377088 -0.138918 -0.218241 -0.328251 0.505899 0.41172 0.100592 0.751288
1305031792.409323 -0.134388 -0.21411 -0.32881 0.498119 0.410876 0.105696 0.756232
1305031792.441590 -0.131979 -0.210436 -0.324663 0.489753 0.409577 0.112033 0.761471
1305031792.477100 -0.130412 -0.208924 -0.322677 0.480148 0.407237 0.119556 0.767673
1305031792.509589 -0.125541 -0.203897 -0.321345 0.467941 0.405347 0.125943 0.775154
1305031792.541061 -0.121834 -0.198015 -0.315295 0.456462 0.401503 0.137207 0.782056
1305031792.577055 -0.114361 -0.184595 -0.308074 0.443137 0.398788 0.146154 0.789454
1305031792.609388 -0.105669 -0.174805 -0.306523 0.4266 0.398298 0.152265 0.797613
1305031792.641219 -0.096116 -0.163882 -0.305221 0.409835 0.398609 0.157495 0.805196
1305031792.677662 -0.0881345 -0.153697 -0.298456 0.394815 0.399618 0.163766 0.81093
1305031792.709219 -0.0834246 -0.151216 -0.300134 0.378169 0.399628 0.172321 0.817063
1305031792.741510 -0.0728638 -0.135014 -0.294377 0.36397 0.396825 0.18034 0.823124
1305031792.777507 -0.0668412 -0.131686 -0.293873 0.347606 0.394022 0.187403 0.829938
1305031792.809440 -0.0618804 -0.128334 -0.289401 0.331702 0.392224 0.196106 0.83527
1305031792.845359 -0.0510787 -0.116099 -0.28717 0.317969 0.388854 0.205244 0.839978
1305031792.877574 -0.0443101 -0.109842 -0.284166 0.302954 0.387907 0.213008 0.844023
1305031792.909293 -0.0375913 -0.103774 -0.282143 0.288088 0.386932 0.221916 0.847374
1305031792.945340 -0.0290954 -0.0934579 -0.279434 0.27507 0.383077 0.23291 0.850495
1305031792.977564 -0.0245475 -0.081799 -0.270786 0.263919 0.378422 0.245137 0.852673
1305031793.009530 -0.0185723 -0.070614 -0.266043 0.250631 0.373122 0.25613 0.855781
1305031793.045243 -0.0135433 -0.0566506 -0.259195 0.240092 0.368861 0.266541 0.857469
1305031793.077518 -0.00889383 -0.0459627 -0.253617 0.230669 0.3662 0.277209 0.857814
1305031793.109651 -0.00533626 -0.0320602 -0.247701 0.221582 0.366556 0.285178 0.857445
1305031793.145401 -0.00386406 -0.0247449 -0.243903 0.211413 0.369876 0.292873 0.855992
1305031793.177537 -0.00108781 -0.0165497 -0.242228 0.202271 0.372893 0.300645 0.854195
1305031793.209609 -0.000483053 -0.00974951 -0.239063 0.192518 0.377358 0.306967 0.852238
1305031793.245617 0.00300496 -0.000773679 -0.236796 0.182315 0.381061 0.314329 0.850148
1305031793.277180 0.00358388 0.0132103 -0.231665 0.173331 0.384952 0.320177 0.848089
1305031793.309399 0.00613218 0.0285272 -0.227481 0.164958 0.387828 0.326762 0.845934
1305031793.345594 0.00809518 0.0382885 -0.222063 0.15593 0.390126 0.335441 0.843189
1305031793.377232 0.0100169 0.0439604 -0.217402 0.146224 0.391451 0.344561 0.840632
1305031793.405708 0.0115292 0.0473077 -0.211156 0.136389 0.392515 0.353192 0.838204
1305031793.442259 0.0123025 0.0488429 -0.205914 0.126238 0.394005 0.363189 0.834816
1305031793.474150 0.0141435 0.0553004 -0.199394 0.116454 0.395897 0.372139 0.831394
1305031793.507244 0.0144358 0.0641561 -0.191827 0.107782 0.396947 0.381968 0.827597
1305031793.545400 0.0135601 0.0741907 -0.182264 0.100343 0.39816 0.391232 0.823612
1305031793.577186 0.0132298 0.0807886 -0.172464 0.0914896 0.398299 0.401525 0.819613
1305031793.609703 0.0113189 0.0872106 -0.161945 0.0837389 0.398435 0.41547 0.813402
1305031793.645429 0.00873646 0.0924076 -0.150897 0.0758311 0.398295 0.428276 0.807583
1305031793.677435 0.00977095 0.103401 -0.145145 0.0672351 0.39593 0.438316 0.804113
1305031793.709532 0.00948804 0.106181 -0.134541 0.0572862 0.39455 0.450326 0.798909
1305031793.745574 0.00918774 0.11329 -0.127058 0.0488067 0.391945 0.462484 0.793792
1305031793.777364 0.000592724 0.111832 -0.110092 0.0406985 0.390865 0.476113 0.786692
1305031793.809469 -0.00689878 0.112454 -0.0968479 0.0317482 0.389679 0.487934 0.780425
1305031793.844756 -0.00717253 0.110667 -0.0867825 0.0237468 0.387852 0.499515 0.774268
1305031793.876455 -0.0122089 0.108799 -0.0742096 0.0180702 0.388089 0.510188 0.767312
1305031793.908753 -0.0131081 0.106386 -0.0648985 0.0123288 0.388191 0.520118 0.760679
1305031793.946431 -0.0201962 0.10442 -0.0539197 0.00776827 0.388054 0.529475 0.754327
1305031793.976745 -0.0208955 0.104283 -0.0481535 0.00280586 0.386774 0.537281 0.749485
1305031794.009162 -0.0222084 0.0978004 -0.0377627 -0.000638946 0.386659 0.545542 0.743558
1305031794.044747 -0.0169047 0.0983267 -0.0368164 -0.0041998 0.386662 0.549966 0.740278
1305031794.076455 -0.0103888 0.0964698 -0.0353541 -0.00649714 0.386468 0.552727 0.738304
1305031794.112475 -0.00672325 0.095969 -0.0355962 -0.00762656 0.385106 0.55444 0.73772
1305031794.145599 -0.00286588 0.0926707 -0.036722 -0.00786537 0.384927 0.557089 0.735813
1305031794.177734 -0.00225829 0.0885279 -0.0386762 -0.00661967 0.386396 0.557391 0.734826
1305031794.213866 -0.000811151 0.082966 -0.0410268 -0.00417102 0.391026 0.556999 0.732689
1305031794.245539 0.00380268 0.0751319 -0.0452215 -0.000418757 0.396615 0.554994 0.731217
1305031794.277346 0.00670319 0.0691969 -0.051418 0.00646598 0.404631 0.551307 0.729584
1305031794.313708 0.0101857 0.0626091 -0.0586419 0.0138538 0.413177 0.545979 0.728697
1305031794.345350 0.0122836 0.052065 -0.0649645 0.0218221 0.422225 0.540352 0.727509
1305031794.377641 0.0143084 0.0410939 -0.072485 0.0320231 0.432119 0.533362 0.726479
1305031794.414154 0.0130991 0.0376221 -0.0782336 0.0441576 0.44302 0.521805 0.72767
1305031794.445415 0.0113667 0.0334731 -0.0862977 0.0524199 0.451284 0.512814 0.728434
1305031794.477731 0.0114907 0.0276845 -0.0992223 0.0617327 0.457255 0.505757 0.728915
1305031794.513643 0.0124785 0.0232129 -0.113362 0.0748131 0.463035 0.500196 0.727877
1305031794.545650 0.0115394 0.0166236 -0.122166 0.0868693 0.469245 0.494713 0.726307
1305031794.577340 0.00923577 -0.000461066 -0.12702 0.0947952 0.478939 0.489496 0.722512
1305031794.613627 0.0101697 -0.00830524 -0.139436 0.104681 0.489219 0.483118 0.718543
1305031794.645569 0.0101982 -0.0134071 -0.152608 0.114711 0.501993 0.475317 0.713385
1305031794.677507 0.00896363 -0.0204294 -0.162567 0.123579 0.517371 0.467046 0.706345
1305031794.713599 0.0083189 -0.0237944 -0.175137 0.13208 0.533894 0.45831 0.698186
1305031794.745368 0.00700619 -0.0306945 -0.191754 0.139888 0.551355 0.449844 0.688534
1305031794.776816 0.000917911 -0.0347084 -0.207043 0.150987 0.57297 0.438954 0.675446
1305031794.813463 -0.00354996 -0.0432183 -0.220128 0.160792 0.596465 0.426752 0.660498
1305031794.846026 -0.0112469 -0.0485211 -0.23621 0.169589 0.618191 0.41241 0.6473
1305031794.873764 -0.017451 -0.0524355 -0.258733 0.178805 0.637345 0.399196 0.634399
1305031794.910108 -0.025846 -0.0591886 -0.27502 0.189933 0.655973 0.38524 0.620657
1305031794.945596 -0.0344081 -0.0641646 -0.29034 0.201164 0.672282 0.371443 0.607947
1305031794.977250 -0.0430455 -0.0706226 -0.304397 0.20863 0.68632 0.358897 0.597185
1305031795.013538 -0.0525353 -0.0782512 -0.315157 0.215706 0.698561 0.348665 0.586444
1305031795.045683 -0.0622987 -0.0808253 -0.328478 0.221921 0.707121 0.341741 0.577879
1305031795.077205 -0.07124 -0.0791196 -0.337458 0.226692 0.713727 0.337561 0.570314
1305031795.113230 -0.0770861 -0.0859348 -0.345982 0.230461 0.722017 0.332666 0.56117
1305031795.145139 -0.0840129 -0.0966504 -0.35498 0.240356 0.732683 0.323493 0.548413
1305031795.177574 -0.0931778 -0.105352 -0.367966 0.250189 0.743108 0.313096 0.53588
1305031795.213517 -0.101735 -0.110204 -0.371908 0.258625 0.751894 0.306096 0.523521
1305031795.245440 -0.110051 -0.121245 -0.382639 0.269516 0.758259 0.301266 0.511511
1305031795.277594 -0.116935 -0.126549 -0.389976 0.277859 0.764284 0.294296 0.50205
1305031795.312820 -0.128419 -0.131053 -0.403165 0.283613 0.770216 0.28781 0.493453
1305031795.345404 -0.138539 -0.136912 -0.415652 0.2884 0.777036 0.280761 0.483957
1305031795.381033 -0.146674 -0.143667 -0.423885 0.290477 0.786183 0.272357 0.472611
1305031795.413248 -0.153153 -0.145988 -0.426898 0.289477 0.798078 0.262456 0.458684
1305031795.444944 -0.160858 -0.140167 -0.43116 0.291889 0.807195 0.258226 0.443347
1305031795.480855 -0.163511 -0.141447 -0.431462 0.293169 0.815162 0.256503 0.428682
1305031795.509058 -0.164308 -0.138811 -0.425802 0.295266 0.822781 0.253344 0.414327
1305031795.543822 -0.169004 -0.142195 -0.426015 0.295974 0.829366 0.251519 0.401609
1305031795.580571 -0.174617 -0.145399 -0.432807 0.294541 0.835401 0.248487 0.391925
1305031795.612694 -0.175581 -0.143669 -0.432113 0.293098 0.841292 0.244573 0.38276
1305031795.644499 -0.179714 -0.142612 -0.436803 0.290193 0.847714 0.238809 0.37435
1305031795.680455 -0.177946 -0.138309 -0.432395 0.291686 0.853788 0.233425 0.3626
1305031795.713145 -0.176148 -0.134767 -0.426573 0.292905 0.85819 0.230731 0.352818
1305031795.745356 -0.17381 -0.131009 -0.425453 0.289222 0.861588 0.231678 0.346904
1305031795.781187 -0.169685 -0.119696 -0.420844 0.282543 0.864942 0.235348 0.341551
1305031795.812774 -0.165505 -0.110448 -0.417786 0.275527 0.867879 0.2424 0.334833
1305031795.844570 -0.161794 -0.105579 -0.419579 0.27088 0.868521 0.253095 0.328995
1305031795.880527 -0.155711 -0.0925868 -0.415692 0.267634 0.866115 0.268073 0.32612
1305031795.909127 -0.149424 -0.0777758 -0.412178 0.264723 0.862951 0.282801 0.32444
1305031795.944316 -0.137944 -0.0720931 -0.408548 0.261092 0.859603 0.297865 0.322785
1305031795.980897 -0.128977 -0.0599253 -0.402659 0.254994 0.856265 0.313051 0.322161
1305031796.012654 -0.123418 -0.0452071 -0.400392 0.248805 0.853042 0.327845 0.320831
1305031796.045068 -0.113147 -0.0363183 -0.397178 0.243132 0.849341 0.343941 0.318137
1305031796.081241 -0.10506 -0.0241252 -0.39169 0.236462 0.844848 0.360022 0.317336
1305031796.113736 -0.0982564 -0.00810714 -0.382131 0.231755 0.839177 0.376603 0.316611
1305031796.145545 -0.0902471 0.00177757 -0.378441 0.226579 0.833183 0.393822 0.315233
1305031796.179196 -0.0862592 0.0171948 -0.36811 0.222235 0.828381 0.407711 0.313319
1305031796.212249 -0.0824421 0.028183 -0.360945 0.217557 0.822999 0.423556 0.309746
1305031796.244465 -0.0773885 0.0358385 -0.353163 0.21132 0.818913 0.437531 0.305437
1305031796.280467 -0.0760851 0.0460654 -0.344881 0.207905 0.815565 0.449901 0.298695
1305031796.312376 -0.0739142 0.0575751 -0.33228 0.204538 0.811661 0.461893 0.293301
1305031796.342290 -0.0709438 0.0669366 -0.320621 0.199261 0.806567 0.475488 0.289233
1305031796.380122 -0.0704615 0.0726325 -0.315747 0.196944 0.800321 0.489336 0.285042
1305031796.411800 -0.0680598 0.0793886 -0.301143 0.192876 0.795576 0.501007 0.280802
1305031796.444268 -0.0681647 0.0850707 -0.292615 0.188671 0.787706 0.516236 0.278252
1305031796.481198 -0.0688992 0.0910399 -0.286427 0.185132 0.781019 0.528363 0.276711
1305031796.512896 -0.0688953 0.0986379 -0.27031 0.179798 0.777784 0.536013 0.274618
1305031796.544633 -0.0676165 0.104804 -0.25698 0.174176 0.772147 0.547682 0.271102
1305031796.581150 -0.0692671 0.111652 -0.246042 0.16961 0.766166 0.558878 0.268098
1305031796.613198 -0.0709539 0.118325 -0.233052 0.166906 0.759416 0.569956 0.265668
1305031796.649045 -0.0723627 0.125102 -0.222622 0.164309 0.749872 0.583241 0.265565
1305031796.679446 -0.0742278 0.132244 -0.216242 0.161127 0.739372 0.596416 0.267686
1305031796.712815 -0.0751755 0.138136 -0.207657 0.159441 0.730077 0.608388 0.267264
1305031796.749489 -0.0768908 0.144931 -0.19869 0.157776 0.721679 0.619191 0.266249
1305031796.781421 -0.0789049 0.152081 -0.1893 0.154859 0.713208 0.629723 0.266086
1305031796.813561 -0.0814244 0.159128 -0.179354 0.153181 0.703681 0.640868 0.265814
1305031796.849638 -0.0836716 0.165154 -0.173196 0.153536 0.693998 0.651894 0.264249
1305031796.877643 -0.0874926 0.172075 -0.161737 0.153396 0.686103 0.660111 0.26455
1305031796.913380 -0.092251 0.179085 -0.149249 0.152504 0.675869 0.670191 0.266059
1305031796.949604 -0.0964334 0.18574 -0.144911 0.151773 0.664413 0.681331 0.267036
1305031796.980992 -0.10103 0.192092 -0.134992 0.151276 0.655954 0.68911 0.268268
1305031797.013555 -0.105611 0.197157 -0.125377 0.149471 0.647317 0.697282 0.269139
1305031797.049352 -0.109172 0.201292 -0.1173 0.146605 0.640154 0.704861 0.268106
1305031797.081428 -0.111802 0.203523 -0.107769 0.142407 0.633738 0.711722 0.267484
1305031797.112264 -0.115189 0.206428 -0.100184 0.139015 0.627101 0.7188 0.265982
1305031797.149559 -0.120726 0.209697 -0.0927196 0.136424 0.619925 0.725797 0.265141
1305031797.181442 -0.129415 0.215119 -0.0871985 0.136784 0.611379 0.733807 0.26274
1305031797.213717 -0.136096 0.219238 -0.0813092 0.138281 0.602856 0.741521 0.25998
1305031797.249736 -0.14187 0.223088 -0.0771947 0.1401 0.592646 0.749665 0.259122
1305031797.281280 -0.149797 0.226818 -0.0709964 0.142324 0.582473 0.756826 0.26016
1305031797.313591 -0.156593 0.228977 -0.065317 0.143722 0.574412 0.76225 0.261475
1305031797.349653 -0.162247 0.230797 -0.0588581 0.143733 0.568366 0.766533 0.262159
1305031797.381725 -0.16908 0.233326 -0.0545073 0.143272 0.562784 0.771043 0.261228
1305031797.413444 -0.174375 0.235436 -0.0509278 0.144636 0.557734 0.775711 0.257459
1305031797.449459 -0.180627 0.237893 -0.0482211 0.14608 0.554107 0.778722 0.255378
1305031797.481250 -0.184589 0.239436 -0.0471847 0.14804 0.55104 0.781457 0.252515
1305031797.511821 -0.188465 0.240784 -0.046848 0.150596 0.548982 0.783433 0.249344
1305031797.549595 -0.194193 0.243009 -0.0502941 0.153044 0.547179 0.784687 0.24787
1305031797.577492 -0.198278 0.244734 -0.0569733 0.156079 0.550455 0.782327 0.246177
1305031797.613482 -0.200897 0.245261 -0.063973 0.159637 0.55769 0.777855 0.241742
1305031797.649463 -0.202303 0.244838 -0.0711296 0.163862 0.567986 0.771939 0.233774
1305031797.681494 -0.20307 0.24299 -0.0801173 0.167358 0.580957 0.763553 0.226864
1305031797.711478 -0.206759 0.239639 -0.0880566 0.167954 0.595944 0.753328 0.221674
1305031797.749330 -0.21266 0.239562 -0.100668 0.167157 0.609281 0.744343 0.216305
1305031797.781348 -0.218152 0.235018 -0.106433 0.162523 0.627498 0.731737 0.210696
1305031797.815855 -0.221732 0.231096 -0.116598 0.157263 0.640622 0.723082 0.205
1305031797.849306 -0.224834 0.227074 -0.130063 0.154777 0.653102 0.714268 0.1983
1305031797.877576 -0.229895 0.222588 -0.143958 0.153251 0.666888 0.7041 0.189783
1305031797.917116 -0.232862 0.217661 -0.154528 0.152731 0.681751 0.693007 0.177851
1305031797.949871 -0.233685 0.213005 -0.166097 0.152349 0.697244 0.680772 0.164893
1305031797.981971 -0.237425 0.207705 -0.179229 0.151246 0.713774 0.666293 0.153962
1305031798.015269 -0.242082 0.201939 -0.191575 0.151789 0.729711 0.651714 0.140539
1305031798.049495 -0.244092 0.195137 -0.202122 0.151813 0.74442 0.637821 0.126395
1305031798.081417 -0.248965 0.190388 -0.213998 0.151546 0.757674 0.624298 0.114962
1305031798.114860 -0.250959 0.183543 -0.225679 0.150708 0.771588 0.609469 0.102401
1305031798.149092 -0.254244 0.177546 -0.236537 0.150663 0.783175 0.59648 0.0902784
1305031798.180856 -0.254189 0.170828 -0.244734 0.151126 0.793188 0.584774 0.0778036
1305031798.216938 -0.255203 0.164887 -0.253783 0.149909 0.801663 0.574673 0.0679291
1305031798.249843 -0.259565 0.157965 -0.266518 0.146996 0.809913 0.564812 0.0584874
1305031798.277285 -0.25952 0.15068 -0.275239 0.144819 0.81904 0.553354 0.0447122
1305031798.317008 -0.255866 0.142859 -0.281519 0.140695 0.828115 0.541661 0.0321522
1305031798.349326 -0.252689 0.134066 -0.290034 0.138502 0.836279 0.53016 0.0196211
1305031798.381412 -0.250562 0.127413 -0.295453 0.135708 0.844689 0.517692 0.00887025
1305031798.417238 -0.247666 0.120004 -0.301489 0.131163 0.852302 0.506334 -0.00182787
1305031798.449066 -0.24238 0.114194 -0.304037 0.128904 0.859838 0.493781 -0.0156064
1305031798.481517 -0.240668 0.108533 -0.308468 0.12814 0.867086 0.480558 -0.0283813
1305031798.517491 -0.24444 0.0998382 -0.320277 0.125054 0.873674 0.46865 -0.0377172
1305031798.548782 -0.244765 0.0920219 -0.328856 0.120587 0.879906 0.457004 -0.04871
1305031798.581190 -0.243102 0.0853954 -0.333635 0.118902 0.885661 0.444533 -0.0620991
1305031798.616969 -0.240073 0.0768096 -0.339347 0.118275 0.890964 0.431984 -0.0747208
1305031798.649387 -0.239394 0.0688657 -0.34542 0.117469 0.895123 0.421033 -0.0876794
1305031798.681173 -0.238684 0.0612887 -0.351167 0.118451 0.898374 0.410601 -0.101488
1305031798.717545 -0.239182 0.0538125 -0.355348 0.121822 0.901961 0.397546 -0.116547
1305031798.749417 -0.236249 0.0469375 -0.35778 0.122948 0.905983 0.383305 -0.13098
1305031798.780379 -0.231112 0.0399225 -0.362418 0.121491 0.909841 0.370292 -0.142524
1305031798.816718 -0.226691 0.0301551 -0.369153 0.116044 0.914246 0.357353 -0.151615
1305031798.848499 -0.227459 0.0135716 -0.378999 0.111728 0.91834 0.344182 -0.160334
1305031798.880461 -0.229885 -0.00299111 -0.387486 0.107657 0.921634 0.33273 -0.1682
1305031798.916769 -0.22834 -0.0200099 -0.397863 0.105117 0.924547 0.322141 -0.174321
1305031798.948386 -0.227063 -0.0321351 -0.402402 0.100269 0.927468 0.313471 -0.177439
1305031798.977548 -0.229246 -0.0417458 -0.40531 0.0962558 0.930003 0.305397 -0.180448
1305031799.016423 -0.230588 -0.0519209 -0.406228 0.0931042 0.932703 0.29562 -0.184407
1305031799.048165 -0.232072 -0.0617104 -0.407467 0.0876735 0.935184 0.286926 -0.188193
1305031799.084229 -0.241122 -0.0802772 -0.413626 0.0788791 0.936248 0.284288 -0.190785
1305031799.116275 -0.244279 -0.0879212 -0.411364 0.0713875 0.93714 0.280266 -0.195251
1305031799.148353 -0.244288 -0.0889684 -0.407849 0.0655385 0.937662 0.276204 -0.200513
1305031799.184133 -0.251614 -0.0932279 -0.401582 0.0621524 0.938244 0.272629 -0.203736
1305031799.216330 -0.260001 -0.0966892 -0.39627 0.0632092 0.938149 0.270252 -0.20699
1305031799.248919 -0.270787 -0.0979505 -0.389381 0.0642883 0.937639 0.270413 -0.208753
1305031799.282109 -0.268754 -0.0959479 -0.384814 0.0613797 0.936484 0.27169 -0.213106
1305031799.317052 -0.275543 -0.102365 -0.382732 0.0589577 0.93473 0.274834 -0.217417
1305031799.345225 -0.281243 -0.107748 -0.378596 0.0555344 0.932825 0.27867 -0.221579
1305031799.385836 -0.287853 -0.113183 -0.3746 0.0530926 0.930755 0.282423 -0.226082
1305031799.417030 -0.293788 -0.117969 -0.370494 0.0541895 0.928171 0.28696 -0.230686
1305031799.449416 -0.298755 -0.114523 -0.363143 0.0554705 0.925477 0.293529 -0.232929
1305031799.485270 -0.30682 -0.112949 -0.354545 0.0559437 0.921909 0.303928 -0.233628
1305031799.517032 -0.313271 -0.108438 -0.34465 0.0558712 0.917737 0.31566 -0.234511
1305031799.548193 -0.315602 -0.0994263 -0.330416 0.0559897 0.913745 0.326332 -0.235463
1305031799.581386 -0.307635 -0.0890849 -0.322641 0.0551995 0.908528 0.338857 -0.238131
1305031799.617188 -0.315413 -0.0832184 -0.309808 0.0579651 0.903354 0.351534 -0.238779
1305031799.649673 -0.322802 -0.0797504 -0.300036 0.0622902 0.897944 0.364133 -0.239215
1305031799.685493 -0.326946 -0.0720331 -0.285944 0.0667363 0.892846 0.375502 -0.239522
1305031799.717286 -0.328813 -0.0611926 -0.270035 0.0694217 0.887275 0.388584 -0.238594
1305031799.749321 -0.329527 -0.0500473 -0.255895 0.0731333 0.881465 0.401262 -0.238033
1305031799.785018 -0.329523 -0.0380658 -0.238731 0.0786452 0.876 0.411963 -0.238171
1305031799.814639 -0.331966 -0.0292707 -0.224898 0.0839065 0.869685 0.424709 -0.237127
1305031799.849553 -0.330374 -0.0182419 -0.210958 0.0892101 0.863142 0.436996 -0.236773
1305031799.885163 -0.327306 -0.00597246 -0.198328 0.0941702 0.856422 0.448838 -0.237105
1305031799.916952 -0.325393 0.00529528 -0.187037 0.0976694 0.849502 0.461543 -0.236187
1305031799.949350 -0.324083 0.014617 -0.178034 0.100675 0.841347 0.475361 -0.236711
1305031799.985260 -0.321586 0.0224091 -0.172845 0.106246 0.832598 0.488052 -0.239369
1305031800.017573 -0.317818 0.0331698 -0.160805 0.111747 0.824622 0.499797 -0.240238
1305031800.049428 -0.317573 0.0412789 -0.152972 0.116439 0.816124 0.513062 -0.239063
1305031800.085033 -0.315899 0.0494498 -0.143158 0.121504 0.807857 0.524851 -0.239031
1305031800.117205 -0.312201 0.0599535 -0.132342 0.125818 0.799631 0.53587 -0.240009
1305031800.149430 -0.311506 0.0687323 -0.120818 0.127759 0.790957 0.547836 -0.240707
1305031800.185401 -0.310187 0.076042 -0.113146 0.128414 0.781952 0.558787 -0.244577
1305031800.217472 -0.308444 0.0853175 -0.102356 0.132179 0.772319 0.569235 -0.249046
1305031800.249376 -0.30657 0.0963 -0.0911085 0.138161 0.761513 0.581057 -0.251757
1305031800.285574 -0.302029 0.103553 -0.0841278 0.141629 0.750371 0.594224 -0.252551
1305031800.317706 -0.300982 0.112092 -0.075183 0.145224 0.739737 0.606502 -0.252696
1305031800.353570 -0.297092 0.120225 -0.071069 0.146987 0.72785 0.619404 -0.254888
1305031800.386128 -0.293611 0.128632 -0.0622867 0.149586 0.716452 0.630795 -0.257718
1305031800.417282 -0.293909 0.137027 -0.0562157 0.153493 0.704506 0.641724 -0.261348
1305031800.453754 -0.291289 0.144679 -0.0483617 0.157776 0.692639 0.651672 -0.26586
1305031800.485575 -0.289788 0.151304 -0.0427688 0.163099 0.680656 0.66111 -0.270259
1305031800.517739 -0.288218 0.157224 -0.037694 0.167969 0.669603 0.669336 -0.274605
1305031800.553340 -0.28761 0.16275 -0.0335092 0.173258 0.658918 0.677287 -0.277653
1305031800.585490 -0.285879 0.167909 -0.0286209 0.177234 0.648801 0.684495 -0.28127
1305031800.617831 -0.28343 0.172471 -0.0265867 0.179124 0.638721 0.691761 -0.285336
1305031800.653624 -0.28137 0.177367 -0.0197611 0.183224 0.629537 0.697506 -0.289133
1305031800.685405 -0.280833 0.182393 -0.0168002 0.186688 0.620807 0.703696 -0.290789
1305031800.713947 -0.279294 0.186896 -0.0141932 0.191361 0.612465 0.708354 -0.294114
1305031800.753166 -0.277614 0.1911 -0.0128733 0.195239 0.605076 0.712304 -0.2973
1305031800.784054 -0.277839 0.194905 -0.0167662 0.199168 0.597333 0.715579 -0.302445
1305031800.816096 -0.282933 0.198963 -0.0214092 0.202444 0.591898 0.716798 -0.308017
1305031800.853919 -0.293332 0.202637 -0.029389 0.204416 0.589685 0.715601 -0.31369
1305031800.885396 -0.299538 0.204726 -0.0380625 0.204066 0.590532 0.710087 -0.324661
1305031800.917427 -0.298913 0.203255 -0.0424503 0.201329 0.595155 0.701794 -0.335772
1305031800.953700 -0.307846 0.203788 -0.0531163 0.199069 0.60035 0.692467 -0.347047
1305031800.985467 -0.320545 0.202725 -0.0650876 0.193159 0.61133 0.678758 -0.358124
1305031801.017256 -0.322473 0.195945 -0.0710604 0.183505 0.624846 0.662599 -0.369941
1305031801.053202 -0.329298 0.191534 -0.077111 0.174309 0.636664 0.646627 -0.382294
1305031801.085709 -0.334493 0.186074 -0.087743 0.161266 0.649419 0.629742 -0.394555
1305031801.117929 -0.340127 0.180247 -0.0938637 0.148503 0.661459 0.61376 -0.404621
1305031801.149557 -0.347989 0.173178 -0.106076 0.133285 0.670788 0.600943 -0.413698
1305031801.183875 -0.359294 0.163295 -0.117047 0.118386 0.681406 0.585223 -0.423302
1305031801.213176 -0.368821 0.153427 -0.128277 0.103557 0.691577 0.567905 -0.434143
1305031801.253746 -0.380017 0.141609 -0.137619 0.0911751 0.70097 0.551159 -0.443341
1305031801.285341 -0.3881 0.129396 -0.147527 0.0801704 0.709455 0.536284 -0.450163
1305031801.318014 -0.395934 0.116382 -0.161556 0.0697308 0.717329 0.52266 -0.455415
1305031801.353094 -0.400266 0.104471 -0.173363 0.0602598 0.724003 0.509171 -0.461448
1305031801.385194 -0.403778 0.0927341 -0.189556 0.0509119 0.729248 0.497021 -0.467521
1305031801.417407 -0.408676 0.0806415 -0.197343 0.0431367 0.734968 0.485588 -0.471345
1305031801.453727 -0.413507 0.068692 -0.210812 0.0367456 0.739743 0.475182 -0.475008
1305031801.485350 -0.415142 0.0593194 -0.220797 0.0299167 0.745011 0.463626 -0.478658
1305031801.521131 -0.422428 0.0449639 -0.230903 0.0252781 0.750784 0.452305 -0.480733
1305031801.550374 -0.424244 0.0356966 -0.238113 0.0201467 0.757309 0.439908 -0.482242
1305031801.585137 -0.425131 0.0289428 -0.243499 0.0133476 0.764 0.427813 -0.482807
1305031801.621227 -0.427811 0.0218886 -0.24623 0.00701702 0.770878 0.414899 -0.483278
1305031801.653135 -0.427977 0.013727 -0.253869 -0.000392055 0.777508 0.400164 -0.485128
1305031801.685234 -0.429747 0.002769 -0.264376 -0.00902524 0.784148 0.38506 -0.486578
1305031801.721833 -0.430772 -0.0107618 -0.275519 -0.0200078 0.790352 0.371211 -0.486976
1305031801.752492 -0.433898 -0.0250175 -0.282573 -0.0281431 0.796847 0.355831 -0.48747
1305031801.785189 -0.434788 -0.0373914 -0.292809 -0.0376752 0.80246 0.341742 -0.487699
1305031801.821431 -0.435809 -0.0458545 -0.294411 -0.0497695 0.807002 0.329712 -0.487403
1305031801.851024 -0.437142 -0.056124 -0.299876 -0.0589913 0.810601 0.31617 -0.48937
1305031801.885594 -0.438713 -0.0676268 -0.304239 -0.0662588 0.814631 0.301326 -0.491109
1305031801.921490 -0.439804 -0.0753704 -0.307017 -0.0735903 0.81826 0.288128 -0.491952
1305031801.953537 -0.44098 -0.0842572 -0.309592 -0.0775862 0.821583 0.277708 -0.491793
1305031801.985210 -0.443022 -0.0894758 -0.306083 -0.0812951 0.825834 0.267824 -0.489551
1305031802.019644 -0.44562 -0.0950676 -0.305787 -0.0828015 0.829162 0.257738 -0.489086
1305031802.053402 -0.44866 -0.102499 -0.305704 -0.0842524 0.831803 0.247451 -0.489667
1305031802.085036 -0.453075 -0.109617 -0.304878 -0.0889141 0.833244 0.238249 -0.490955
1305031802.121342 -0.45804 -0.119527 -0.304251 -0.0962938 0.834248 0.227783 -0.49282
1305031802.153506 -0.46213 -0.130831 -0.304936 -0.106177 0.833574 0.218247 -0.496236
1305031802.184646 -0.464321 -0.133576 -0.301948 0.114366 -0.831859 -0.208205 0.501579
1305031802.219780 -0.468173 -0.137807 -0.293746 0.119463 -0.829831 -0.202386 0.506112
1305031802.253201 -0.471955 -0.141199 -0.286858 0.123638 -0.826584 -0.199327 0.511607
1305031802.285410 -0.476877 -0.143033 -0.274692 0.124821 -0.823382 -0.196898 0.517391
1305031802.321392 -0.479447 -0.142069 -0.268981 0.123869 -0.819583 -0.197034 0.523562
1305031802.353673 -0.483083 -0.141314 -0.262971 0.123914 -0.815801 -0.200727 0.528036
1305031802.385256 -0.486668 -0.145526 -0.255523 0.124815 -0.811684 -0.204313 0.532773
1305031802.421381 -0.487448 -0.137354 -0.24695 0.127877 -0.808166 -0.204293 0.537383
1305031802.449815 -0.490438 -0.133488 -0.239711 0.12951 -0.804093 -0.208074 0.541634
1305031802.485366 -0.492786 -0.12842 -0.229315 0.130061 -0.80092 -0.21136 0.544921
1305031802.521559 -0.492202 -0.119016 -0.222544 0.130358 -0.797571 -0.215048 0.548308
1305031802.553684 -0.494376 -0.112339 -0.216957 0.128824 -0.792822 -0.224153 0.551899
1305031802.585533 -0.496493 -0.109029 -0.212594 0.125582 -0.786303 -0.23749 0.556376
1305031802.621150 -0.49664 -0.0961826 -0.202366 0.122188 -0.778935 -0.250095 0.561945
1305031802.651432 -0.496617 -0.0808942 -0.19318 0.115712 -0.769017 -0.266032 0.569606
1305031802.685539 -0.497639 -0.0699555 -0.180583 0.103964 -0.758518 -0.284042 0.577202
1305031802.721583 -0.500228 -0.0608417 -0.167815 0.0929104 -0.749293 -0.302263 0.581863
1305031802.751226 -0.499822 -0.0466596 -0.157755 0.0836331 -0.739094 -0.321405 0.586041
1305031802.789007 -0.500718 -0.0316647 -0.147052 0.0725295 -0.728602 -0.338144 0.591217
1305031802.821805 -0.502883 -0.0165783 -0.133341 0.0640447 -0.717787 -0.35213 0.59723
1305031802.853857 -0.500882 0.00126125 -0.124059 0.0545509 -0.705807 -0.362045 0.606451
1305031802.890975 -0.50373 0.00975273 -0.113078 0.0439527 -0.694401 -0.371671 0.614602
1305031802.921571 -0.504384 0.0190674 -0.107109 0.0356999 -0.682649 -0.382197 0.621805
1305031802.954186 -0.501723 0.0347589 -0.100694 0.0302753 -0.671205 -0.390322 0.629457
1305031802.989730 -0.499938 0.0460882 -0.0989666 0.0246779 -0.659113 -0.39726 0.63808
1305031803.021911 -0.499435 0.052918 -0.092702 0.0187041 -0.646465 -0.403117 0.64748
1305031803.053859 -0.495735 0.0660727 -0.0837992 0.0150295 -0.633338 -0.409627 0.656402
1305031803.089624 -0.49396 0.0743649 -0.0731661 0.00907686 -0.62159 -0.413043 0.665537
1305031803.122288 -0.488164 0.0830939 -0.0623539 0.00240399 -0.610359 -0.415143 0.67462
1305031803.153738 -0.485472 0.089541 -0.0521235 -0.00522936 -0.598068 -0.419445 0.682901
1305031803.189456 -0.482231 0.0950325 -0.045544 -0.0141392 -0.58641 -0.421502 0.691563
1305031803.222097 -0.47708 0.100893 -0.034739 -0.0214026 -0.576346 -0.42378 0.698411
1305031803.253833 -0.469799 0.105312 -0.0224121 -0.0292024 -0.566103 -0.427079 0.70447
1305031803.289513 -0.465879 0.109403 -0.0143747 -0.0371908 -0.554907 -0.429547 0.711466
1305031803.317616 -0.460624 0.115014 -0.00690726 -0.0443468 -0.544424 -0.431889 0.717711
1305031803.353839 -0.455568 0.120307 0.000405127 -0.0517155 -0.533953 -0.435642 0.722797
1305031803.393279 -0.449673 0.127941 0.00596289 -0.0586704 -0.523556 -0.439634 0.72744
1305031803.421427 -0.446066 0.131873 0.0104851 -0.0668081 -0.513893 -0.442079 0.732132
1305031803.449958 -0.441972 0.137354 0.0150089 -0.0715201 -0.505234 -0.445353 0.73572
1305031803.489758 -0.436186 0.141826 0.0206527 -0.0766951 -0.496804 -0.447372 0.739704
1305031803.517807 -0.430778 0.144669 0.0260655 -0.0834709 -0.488473 -0.448188 0.744012
1305031803.553175 -0.425939 0.148312 0.0308792 -0.0891028 -0.481412 -0.448926 0.747508
1305031803.588621 -0.419271 0.150263 0.0366926 -0.09538 -0.475624 -0.449537 0.750067
1305031803.617801 -0.414912 0.152825 0.0417095 -0.102374 -0.470729 -0.45065 0.751564
1305031803.654299 -0.410013 0.155892 0.0475941 -0.107919 -0.46625 -0.455121 0.750886
1305031803.686328 -0.406262 0.156402 0.0539343 -0.113892 -0.460785 -0.459392 0.750776
1305031803.721631 -0.402341 0.157685 0.0592987 -0.12084 -0.454087 -0.462056 0.752135
1305031803.754202 -0.397429 0.16182 0.0637541 -0.130314 -0.447475 -0.465181 0.75259
1305031803.789665 -0.393892 0.162464 0.0704221 -0.142455 -0.44209 -0.471101 0.749885
1305031803.822228 -0.388882 0.163553 0.076277 -0.152931 -0.437439 -0.474434 0.748446
1305031803.854272 -0.383161 0.168002 0.08215 -0.162714 -0.432303 -0.480533 0.74547
1305031803.894274 -0.37615 0.170891 0.0887204 -0.172063 -0.426541 -0.488536 0.741478
1305031803.922306 -0.369142 0.172414 0.0951044 -0.181104 -0.421126 -0.494978 0.73814
1305031803.953878 -0.361558 0.174388 0.101388 -0.191136 -0.415222 -0.500575 0.735175
1305031803.986986 -0.351497 0.176562 0.108838 -0.201718 -0.409973 -0.50508 0.732206
1305031804.021991 -0.341345 0.179437 0.116117 -0.211888 -0.405149 -0.509048 0.729265
1305031804.057867 -0.330524 0.183388 0.123641 -0.221238 -0.400553 -0.511995 0.726961
1305031804.090568 -0.322281 0.18712 0.130036 -0.230333 -0.395483 -0.515966 0.724099
1305031804.121807 -0.314545 0.189327 0.13702 -0.237389 -0.391441 -0.520213 0.720971
1305031804.159547 -0.30989 0.190409 0.142588 -0.245014 -0.386207 -0.522436 0.719635
1305031804.190025 -0.305574 0.192086 0.147702 -0.251867 -0.381892 -0.523393 0.718875
1305031804.221943 -0.303943 0.192647 0.152087 -0.256895 -0.379947 -0.523799 0.71783
1305031804.257543 -0.302578 0.191574 0.155483 -0.259159 -0.378265 -0.521092 0.719872
1305031804.289105 -0.304743 0.188784 0.15704 -0.259282 -0.378105 -0.518444 0.721821
1305031804.322186 -0.310614 0.185244 0.156837 -0.256124 -0.380881 -0.515324 0.72372
1305031804.357487 -0.318756 0.179341 0.156452 -0.250824 -0.385653 -0.510063 0.72677
1305031804.388583 -0.323015 0.169449 0.155703 -0.242486 -0.390411 -0.502743 0.73214
1305031804.420347 -0.333002 0.155594 0.15511 -0.232702 -0.396494 -0.494907 0.737367
1305031804.458421 -0.339992 0.140339 0.154892 -0.219989 -0.403425 -0.486342 0.743185
1305031804.488618 -0.348297 0.126316 0.151096 -0.204418 -0.410194 -0.477383 0.749706
1305031804.520334 -0.352088 0.115429 0.147662 -0.188638 -0.416905 -0.465697 0.757451
1305031804.553325 -0.359969 0.101981 0.141298 -0.173136 -0.422406 -0.454678 0.764764
1305031804.588603 -0.365545 0.0898659 0.133935 -0.155784 -0.427665 -0.443827 0.771915
1305031804.620878 -0.371592 0.07523 0.127454 -0.139365 -0.432364 -0.434195 0.77789
1305031804.657048 -0.377243 0.0654546 0.119002 -0.120438 -0.43641 -0.425676 0.78348
1305031804.689811 -0.383345 0.0538818 0.110981 -0.101846 -0.439317 -0.419174 0.787985
1305031804.721742 -0.390227 0.0401489 0.103313 -0.0823967 -0.441956 -0.411393 0.792869
1305031804.761864 -0.39667 0.0251768 0.0949653 -0.0610049 -0.444689 -0.403016 0.797564
1305031804.794542 -0.404737 0.014427 0.0835991 -0.0372311 -0.446136 -0.393652 0.802879
1305031804.822160 -0.408312 0.000495856 0.0748296 -0.0118851 -0.449847 -0.385287 0.805637
1305031804.857799 -0.415722 -0.0128169 0.0634548 0.0138225 -0.450905 -0.374205 0.810225
1305031804.889635 -0.418841 -0.0231251 0.0526619 0.041263 -0.452957 -0.361066 0.8141
1305031804.921987 -0.421953 -0.0336356 0.0420769 0.0649478 -0.454833 -0.348676 0.816905
1305031804.958018 -0.426393 -0.0379739 0.030121 0.0848893 -0.455872 -0.336573 0.819569
1305031804.989454 -0.433363 -0.046324 0.0178034 0.101302 -0.457028 -0.326795 0.821017
1305031805.021251 -0.44226 -0.0596333 0.00601098 0.114667 -0.458442 -0.31428 0.823353
1305031805.053799 -0.447182 -0.0599033 -0.00720178 0.128767 -0.458833 -0.300334 0.826251
1305031805.088981 -0.454523 -0.0675541 -0.0233079 0.139797 -0.458775 -0.288726 0.828626
1305031805.120822 -0.459762 -0.0764499 -0.0330039 0.149558 -0.461457 -0.276388 0.829638
1305031805.156816 -0.468147 -0.0831282 -0.0451534 0.158682 -0.462981 -0.266453 0.830344
1305031805.188114 -0.471671 -0.0869701 -0.0514675 0.167643 -0.464417 -0.259097 0.830109
1305031805.224830 -0.478753 -0.0852905 -0.0648428 0.177734 -0.462982 -0.2531 0.830661
1305031805.256506 -0.483035 -0.0835384 -0.076022 0.187726 -0.461542 -0.246645 0.831206
1305031805.288719 -0.486824 -0.0876102 -0.0803533 0.196093 -0.461846 -0.239221 0.831276
1305031805.324692 -0.491698 -0.0901955 -0.0876908 0.20702 -0.45976 -0.234481 0.831133
1305031805.360488 -0.493992 -0.095698 -0.0963446 0.220522 -0.455926 -0.228867 0.831337
1305031805.392685 -0.501417 -0.106214 -0.114752 0.234021 -0.450967 -0.220021 0.832739
1305031805.426082 -0.507057 -0.106854 -0.128669 0.24911 -0.447351 -0.2088 0.833201
1305031805.455941 -0.505125 -0.12613 -0.143022 0.262902 -0.445784 -0.201108 0.831694
1305031805.488250 -0.511752 -0.139958 -0.166294 0.27979 -0.440012 -0.197522 0.830116
1305031805.524339 -0.515013 -0.135575 -0.178033 0.299808 -0.434151 -0.191 0.827736
1305031805.555936 -0.51342 -0.13896 -0.184245 0.319711 -0.431574 -0.183379 0.823347
1305031805.587800 -0.508841 -0.141327 -0.191968 0.334652 -0.428667 -0.176759 0.820371
1305031805.626288 -0.509585 -0.146846 -0.206526 0.34859 -0.426538 -0.170434 0.817008
1305031805.653600 -0.504032 -0.16065 -0.219397 0.35425 -0.424228 -0.16662 0.816563
1305031805.688826 -0.498549 -0.167546 -0.217155 0.356596 -0.423289 -0.160627 0.81723
1305031805.724499 -0.491627 -0.183327 -0.220338 0.354165 -0.421973 -0.157284 0.819615
1305031805.756662 -0.485742 -0.196567 -0.223929 0.346049 -0.419261 -0.158204 0.824283
1305031805.788800 -0.473701 -0.208446 -0.218369 0.333664 -0.417867 -0.160029 0.829726
1305031805.825010 -0.466377 -0.206589 -0.205062 0.315995 -0.415461 -0.163195 0.837202
1305031805.856722 -0.450369 -0.204605 -0.173178 0.293037 -0.412256 -0.171294 0.845478
1305031805.888558 -0.445125 -0.20514 -0.161351 0.271332 -0.409594 -0.176344 0.852945
1305031805.924334 -0.442922 -0.201459 -0.148611 0.252139 -0.405721 -0.182221 0.859426
1305031805.956398 -0.438649 -0.195064 -0.132892 0.235034 -0.401888 -0.186873 0.865057
1305031805.990628 -0.435376 -0.194543 -0.121832 0.217855 -0.39815 -0.190726 0.870425
1305031806.026273 -0.425913 -0.196153 -0.106492 0.20257 -0.393559 -0.194284 0.875403
1305031806.056329 -0.416249 -0.195401 -0.0918148 0.18983 -0.387586 -0.196875 0.88033
1305031806.091003 -0.406315 -0.197241 -0.0794007 0.178485 -0.381011 -0.198494 0.885197
1305031806.126194 -0.400098 -0.191546 -0.0655574 0.168861 -0.372329 -0.20335 0.889666
1305031806.160305 -0.3915 -0.18588 -0.0493806 0.158276 -0.365048 -0.206559 0.89388
1305031806.186461 -0.385997 -0.178984 -0.036155 0.145552 -0.357023 -0.210145 0.898437
1305031806.226737 -0.377988 -0.171242 -0.0232968 0.130026 -0.349327 -0.214359 0.902837
1305031806.256407 -0.372465 -0.169223 -0.0117483 0.114962 -0.34221 -0.219712 0.906312
1305031806.292064 -0.363 -0.16326 0.00179532 0.101983 -0.334887 -0.225047 0.909288
1305031806.324430 -0.355712 -0.157399 0.0146076 0.0872936 -0.3275 -0.227255 0.912951
1305031806.356698 -0.349778 -0.150751 0.0269695 0.072758 -0.320831 -0.229194 0.916102
1305031806.388772 -0.341776 -0.142251 0.0392836 0.0573451 -0.315317 -0.231737 0.918468
1305031806.428086 -0.335177 -0.134778 0.0500841 0.0405702 -0.30972 -0.232033 0.921189
1305031806.458170 -0.331937 -0.130107 0.0587255 0.0269927 -0.304328 -0.232105 0.923462
1305031806.493660 -0.322298 -0.122109 0.0696418 0.0191496 -0.299026 -0.23591 0.924426
1305031806.531887 -0.313064 -0.114363 0.0802966 0.0101714 -0.290485 -0.238055 0.926739
1305031806.556751 -0.305431 -0.104806 0.0895383 -0.00014305 -0.282626 -0.236625 0.929586
1305031806.594170 -0.297619 -0.0952754 0.0989251 -0.0133521 -0.275836 -0.238738 0.930989
1305031806.625910 -0.29276 -0.0894096 0.107333 -0.028144 -0.267711 -0.241729 0.932258
1305031806.660594 -0.287715 -0.0840351 0.115079 -0.0418544 -0.259653 -0.241055 0.934195
1305031806.695601 -0.281759 -0.0783567 0.123106 -0.056012 -0.25276 -0.238198 0.936075
1305031806.725479 -0.276275 -0.0729603 0.129872 -0.0706512 -0.248247 -0.235228 0.937043
1305031806.757877 -0.272013 -0.0679073 0.135457 -0.0859065 -0.244509 -0.232065 0.93754
1305031806.793755 -0.268284 -0.0623584 0.140357 -0.0994636 -0.241862 -0.2292 0.937591
1305031806.821694 -0.264608 -0.0560714 0.144913 -0.110567 -0.238017 -0.227366 0.937778
1305031806.857332 -0.260968 -0.0496714 0.149586 -0.120856 -0.231196 -0.226692 0.938378
1305031806.893667 -0.258689 -0.0433952 0.1536 -0.131992 -0.224305 -0.226035 0.938709
1305031806.925528 -0.256375 -0.0372455 0.157205 -0.142386 -0.218246 -0.223874 0.939136
1305031806.957342 -0.253773 -0.0303584 0.160668 -0.153649 -0.213442 -0.220241 0.939324
1305031806.994718 -0.25153 -0.0255358 0.164315 -0.164627 -0.209116 -0.218027 0.938953
1305031807.025349 -0.250802 -0.0201964 0.166988 -0.173595 -0.20409 -0.215057 0.939129
1305031807.057482 -0.249313 -0.0140471 0.168693 -0.180594 -0.19858 -0.211651 0.939764
1305031807.094797 -0.247706 -0.0100261 0.170948 -0.187411 -0.193684 -0.208395 0.940179
1305031807.125639 -0.246833 -0.00561532 0.172431 -0.192324 -0.188445 -0.204421 0.941123
1305031807.158021 -0.2486 -0.00213594 0.173132 -0.195656 -0.182449 -0.199151 0.942746
1305031807.193815 -0.250841 -0.000578354 0.173845 -0.197523 -0.176558 -0.193759 0.9446
1305031807.226069 -0.254731 0.000361923 0.173873 -0.198157 -0.170108 -0.188072 0.946798
1305031807.258189 -0.25971 0.000264125 0.173803 -0.197529 -0.163065 -0.18149 0.949449
1305031807.294600 -0.265002 -0.00249282 0.173695 -0.194704 -0.155641 -0.175012 0.95249
1305031807.325779 -0.270232 -0.00751201 0.17358 -0.189562 -0.147132 -0.16672 0.956359
1305031807.356999 -0.278252 -0.0151615 0.172824 -0.182233 -0.139885 -0.158222 0.960307
1305031807.394901 -0.282798 -0.0237831 0.171347 -0.171648 -0.133625 -0.15037 0.964402
1305031807.425389 -0.289705 -0.0299835 0.169293 -0.158867 -0.126901 -0.141144 0.968884
1305031807.456981 -0.295821 -0.0435344 0.168493 -0.145076 -0.12019 -0.131861 0.973201
1305031807.493776 -0.300385 -0.0582333 0.166747 -0.122081 -0.113167 -0.123617 0.978268
1305031807.525569 -0.304006 -0.0693792 0.163695 -0.090569 -0.105101 -0.117948 0.98328
1305031807.558514 -0.307117 -0.0736706 0.160198 -0.0634728 -0.0973108 -0.111801 0.986916
1305031807.593758 -0.311097 -0.0836268 0.157679 -0.0393976 -0.0882877 -0.10415 0.989851
1305031807.625726 -0.313855 -0.0932559 0.153562 -0.0138019 -0.0788207 -0.0995225 0.991813
1305031807.657923 -0.317116 -0.100742 0.148964 0.00606273 -0.0713776 -0.0952804 0.99287
1305031807.695218 -0.32193 -0.113804 0.14382 0.0228971 -0.0654603 -0.0905079 0.993478
1305031807.725763 -0.327311 -0.128005 0.136749 0.0441148 -0.0592153 -0.085488 0.993599
1305031807.763921 -0.3304 -0.133456 0.129702 0.0663138 -0.0524351 -0.0785152 0.993322
1305031807.794370 -0.33488 -0.145881 0.120961 0.085812 -0.0470628 -0.072787 0.992534
1305031807.825649 -0.338979 -0.156093 0.112526 0.105344 -0.0448533 -0.0663291 0.991207
1305031807.862767 -0.340596 -0.163467 0.104241 0.124238 -0.0433455 -0.0633657 0.989278
1305031807.895051 -0.344654 -0.171677 0.0952609 0.140407 -0.0395174 -0.0609739 0.987424
1305031807.922091 -0.347738 -0.181783 0.086334 0.156258 -0.0363934 -0.0568981 0.985404
1305031807.960371 -0.350272 -0.18872 0.0773487 0.173313 -0.0340552 -0.054752 0.982754
1305031807.990310 -0.349902 -0.197705 0.0679218 0.189299 -0.0343268 -0.0504074 0.980024
1305031808.025493 -0.350028 -0.205108 0.0582827 0.205228 -0.0348212 -0.0458238 0.97702
1305031808.060837 -0.353026 -0.214242 0.0479968 0.220816 -0.0349003 -0.0412827 0.973816
1305031808.094509 -0.353743 -0.22347 0.0367998 0.236981 -0.0366436 -0.0368816 0.970122
1305031808.124869 -0.351484 -0.233687 0.0237464 0.253224 -0.0385931 -0.0352215 0.965996
1305031808.160774 -0.35205 -0.246038 0.0106609 0.268634 -0.039612 -0.0340257 0.961826
1305031808.193540 -0.3542 -0.263958 -0.00606501 0.285167 -0.0402305 -0.0336187 0.957043
1305031808.224541 -0.352964 -0.277569 -0.0229887 0.301192 -0.041881 -0.0323221 0.952095
1305031808.259528 -0.355335 -0.285534 -0.0346887 0.314482 -0.0444348 -0.031697 0.947693
1305031808.292602 -0.354722 -0.297217 -0.0485548 0.325239 -0.0471951 -0.0317936 0.943918
1305031808.324524 -0.350816 -0.302931 -0.0619544 0.339364 -0.0482247 -0.0331217 0.938834
1305031808.362374 -0.352966 -0.305451 -0.0717611 0.354731 -0.0477984 -0.0319331 0.933199
1305031808.394090 -0.362467 -0.314814 -0.085278 0.367622 -0.0462686 -0.0291243 0.928367
1305031808.427040 -0.357506 -0.320254 -0.0970115 0.379643 -0.0480992 -0.0293587 0.923415
1305031808.462622 -0.365965 -0.322819 -0.1076 0.391765 -0.0462312 -0.0274825 0.918492
1305031808.493893 -0.373012 -0.334126 -0.126683 0.402126 -0.0430316 -0.0250472 0.91423
1305031808.524551 -0.368141 -0.33575 -0.136499 0.414438 -0.043606 -0.019692 0.908819
1305031808.561866 -0.383423 -0.343833 -0.15635 0.423419 -0.0421388 -0.0156839 0.904817
1305031808.590231 -0.386436 -0.365139 -0.188772 0.428838 -0.0402081 -0.0139759 0.902378
1305031808.624717 -0.381024 -0.371283 -0.214216 0.437808 -0.0356829 -0.0104071 0.8983
1305031808.661004 -0.38179 -0.36573 -0.226508 0.449141 -0.0275687 -0.00517593 0.89302
1305031808.692608 -0.379695 -0.378061 -0.249821 0.455147 -0.0205602 0.000380532 0.890179
1305031808.724581 -0.37816 -0.391896 -0.272041 0.459572 -0.014206 0.00281575 0.888022
1305031808.761035 -0.373794 -0.382478 -0.266338 0.468905 -0.00600809 0.00292543 0.883223
1305031808.792909 -0.3748 -0.382203 -0.257947 0.47797 0.00632271 0.00336354 0.878347
1305031808.824645 -0.374122 -0.388687 -0.262056 0.483351 0.0191498 0.00823498 0.875178
1305031808.860603 -0.365405 -0.394622 -0.273913 0.483482 0.0302618 0.0113818 0.874757
1305031808.894236 -0.350038 -0.395539 -0.283184 0.478822 0.0396197 0.0122641 0.876932
1305031808.924712 -0.331874 -0.39277 -0.287044 0.472166 0.0465793 0.0137722 0.88017
1305031808.960766 -0.314287 -0.392776 -0.292414 0.459978 0.0528292 0.0135149 0.886254
1305031808.994453 -0.298241 -0.378636 -0.276672 0.447552 0.058251 0.0144188 0.892242
1305031809.029773 -0.28762 -0.361645 -0.253198 0.436063 0.063833 0.0163963 0.8975
1305031809.063418 -0.273638 -0.347918 -0.239967 0.420992 0.0692981 0.0175894 0.904242
1305031809.097271 -0.263005 -0.333865 -0.229492 0.406915 0.0765209 0.0179926 0.910078
1305031809.131663 -0.259562 -0.322777 -0.223237 0.393405 0.0861266 0.01978 0.915109
1305031809.161507 -0.251367 -0.311287 -0.213711 0.380807 0.0957264 0.0227323 0.919405
1305031809.194288 -0.252545 -0.309126 -0.209621 0.365953 0.104776 0.0292154 0.924255
1305031809.229538 -0.243024 -0.29252 -0.196845 0.354063 0.108965 0.0351593 0.928186
1305031809.261343 -0.23806 -0.280923 -0.188011 0.340177 0.112617 0.0407318 0.932705
1305031809.294460 -0.234557 -0.268153 -0.17701 0.324875 0.118034 0.0456797 0.93725
1305031809.330064 -0.2273 -0.256066 -0.168759 0.311392 0.121535 0.0515076 0.941069
1305031809.359534 -0.225526 -0.23726 -0.157134 0.300105 0.124907 0.0566818 0.943993
1305031809.393838 -0.222675 -0.225726 -0.148018 0.286839 0.127695 0.0605567 0.947497
1305031809.428411 -0.219712 -0.215337 -0.13996 0.273337 0.128893 0.0632898 0.95114
1305031809.462164 -0.218731 -0.206686 -0.135393 0.261041 0.1298 0.0659748 0.954283
1305031809.493873 -0.227703 -0.205429 -0.128928 0.248866 0.132488 0.0711972 0.956788
1305031809.530074 -0.23199 -0.197495 -0.123063 0.239065 0.132945 0.0759837 0.958854
1305031809.563364 -0.234239 -0.191064 -0.117119 0.229115 0.133774 0.0769707 0.961086
1305031809.594021 -0.239202 -0.185374 -0.111544 0.218362 0.136132 0.0777014 0.963197
1305031809.631035 -0.242661 -0.181471 -0.106915 0.208466 0.139319 0.0793806 0.964796
1305031809.662949 -0.246183 -0.174911 -0.102737 0.200052 0.142474 0.0804784 0.966025
1305031809.693782 -0.248361 -0.167437 -0.0984343 0.191241 0.144003 0.0824981 0.967411
1305031809.731309 -0.251327 -0.160109 -0.0936228 0.181956 0.145497 0.0851834 0.968745
1305031809.758942 -0.255041 -0.152249 -0.0887855 0.172725 0.146722 0.0877151 0.970023
1305031809.793369 -0.257514 -0.14651 -0.0842392 0.162586 0.147932 0.0917951 0.971214
1305031809.830391 -0.259264 -0.139025 -0.0796234 0.15299 0.149578 0.0966112 0.972053
1305031809.861943 -0.261308 -0.130029 -0.0748719 0.143377 0.151127 0.100924 0.97284
1305031809.895169 -0.263287 -0.123462 -0.0701687 0.132382 0.153768 0.104542 0.973602
1305031809.929860 -0.26541 -0.115638 -0.0659458 0.122377 0.157925 0.109038 0.973753
1305031809.963228 -0.266667 -0.109364 -0.0627473 0.111415 0.161478 0.112636 0.974076
1305031809.994224 -0.268381 -0.100144 -0.0597521 0.101365 0.164588 0.117389 0.974092
1305031810.030062 -0.269025 -0.0922041 -0.0565585 0.0899953 0.167089 0.121678 0.974257
1305031810.062155 -0.270343 -0.0894464 -0.0547685 0.0780313 0.170267 0.125917 0.9742
1305031810.095183 -0.26918 -0.0817549 -0.0528188 0.0698021 0.172876 0.131114 0.973679
1305031810.131056 -0.26825 -0.073577 -0.051951 0.0607424 0.174917 0.136064 0.973242
1305031810.161700 -0.266184 -0.0655252 -0.0513997 0.0511258 0.176778 0.137911 0.973199
1305031810.197185 -0.26496 -0.0597425 -0.0517407 0.0410772 0.180503 0.141161 0.972525
1305031810.230520 -0.264762 -0.0521043 -0.0528526 0.0324508 0.184329 0.143752 0.971754
1305031810.262762 -0.264405 -0.0445598 -0.0540588 0.0221946 0.187254 0.14643 0.971083
1305031810.298074 -0.265158 -0.0357807 -0.0554646 0.0102161 0.188947 0.148455 0.970647
1305031810.330937 -0.263817 -0.0325364 -0.0568715 -0.00290392 0.190203 0.14944 0.9703
1305031810.362897 -0.262884 -0.0279935 -0.0586151 -0.0130335 0.192181 0.153038 0.969266
1305031810.396861 -0.260273 -0.0204427 -0.0610399 -0.0212685 0.193058 0.158482 0.96807
1305031810.429920 -0.256736 -0.0134017 -0.062967 -0.0303794 0.19262 0.16412 0.966974
1305031810.461399 -0.254068 -0.0045414 -0.0657888 -0.0403959 0.191369 0.168678 0.966071
1305031810.496777 -0.24946 0.00498658 -0.0686962 -0.0524603 0.189552 0.172356 0.9652
1305031810.529947 -0.243172 0.00789607 -0.0703266 -0.0651855 0.189647 0.177247 0.963519
1305031810.561970 -0.237997 0.0177341 -0.0743835 -0.0734749 0.190521 0.180842 0.962081
1305031810.598116 -0.2355 0.0267034 -0.0775119 -0.0829046 0.192032 0.18457 0.960304
1305031810.630327 -0.231497 0.0328639 -0.0791674 -0.0896509 0.193882 0.189139 0.958436
1305031810.661881 -0.227064 0.0379774 -0.0822886 -0.0948404 0.195248 0.194027 0.95668
1305031810.698469 -0.218571 0.0382399 -0.0836996 -0.0967406 0.197927 0.199663 0.954778
1305031810.729616 -0.207662 0.0347848 -0.085298 -0.0957677 0.202612 0.205505 0.952651
1305031810.762055 -0.198248 0.0352898 -0.0904868 -0.0902247 0.208021 0.20881 0.951307
1305031810.798335 -0.192352 0.0343012 -0.0950206 -0.0829134 0.215791 0.212433 0.949438
1305031810.826635 -0.186833 0.0307075 -0.100861 -0.0739534 0.223872 0.215046 0.947717
1305031810.859437 -0.182868 0.0275195 -0.108097 -0.0618643 0.23459 0.215204 0.945953
1305031810.896721 -0.175687 0.0284217 -0.114457 -0.0454926 0.246918 0.214988 0.943791
1305031810.931542 -0.171116 0.0279631 -0.121447 -0.0316854 0.257366 0.214252 0.94173
1305031810.962074 -0.167416 0.0232801 -0.12729 -0.0158417 0.268256 0.213957 0.939154
1305031810.999156 -0.163592 0.0204588 -0.133757 0.00596561 0.280296 0.214492 0.935624
1305031811.030567 -0.164901 0.0265518 -0.138699 0.0252589 0.291201 0.21625 0.931558
1305031811.062402 -0.163224 0.0217068 -0.145116 0.0389627 0.299216 0.217529 0.928242
1305031811.098594 -0.161074 0.0139524 -0.154147 0.0545239 0.307082 0.216749 0.925066
1305031811.130054 -0.161236 0.0151798 -0.161349 0.0733308 0.315007 0.218705 0.920631
1305031811.163124 -0.162778 0.0164335 -0.165508 0.0853326 0.323347 0.218999 0.916627
1305031811.196680 -0.157815 0.00993692 -0.173413 0.0944742 0.329558 0.216101 0.914203
1305031811.226245 -0.156351 0.00073292 -0.180455 0.104933 0.337391 0.214722 0.910522
1305031811.258835 -0.154611 -0.00504169 -0.188006 0.115299 0.346304 0.213287 0.90625
1305031811.297420 -0.153171 -0.00972942 -0.19809 0.126006 0.356425 0.211342 0.901343
1305031811.330119 -0.155928 -0.0194378 -0.208703 0.138452 0.36717 0.209403 0.895638
1305031811.362347 -0.156502 -0.0252525 -0.218238 0.154614 0.378061 0.207733 0.888826
1305031811.399651 -0.161818 -0.0352723 -0.22262 0.171093 0.388856 0.206159 0.881486
1305031811.430784 -0.170913 -0.0418195 -0.225601 0.189146 0.399163 0.201436 0.874252
1305031811.466212 -0.177465 -0.0474376 -0.229865 0.207073 0.409223 0.196582 0.86661
1305031811.497813 -0.184514 -0.0568012 -0.235324 0.221872 0.419347 0.192329 0.859029
1305031811.530073 -0.192366 -0.0675977 -0.241791 0.232687 0.429304 0.188977 0.851964
1305031811.566308 -0.199133 -0.0741659 -0.247543 0.243325 0.438607 0.184574 0.845192
1305031811.598269 -0.206882 -0.086316 -0.253885 0.254072 0.448293 0.178809 0.838157
1305031811.630831 -0.213906 -0.102991 -0.261479 0.266355 0.456992 0.176121 0.830177
1305031811.663366 -0.222895 -0.126788 -0.263909 0.279977 0.465443 0.173271 0.821555
1305031811.698740 -0.231952 -0.13467 -0.262873 0.294744 0.470704 0.171657 0.813694
1305031811.733435 -0.239573 -0.147119 -0.265852 0.307991 0.474758 0.170644 0.806615
1305031811.765703 -0.248616 -0.157315 -0.272973 0.319486 0.479274 0.165955 0.800427
1305031811.799543 -0.258888 -0.174088 -0.277641 0.328722 0.484034 0.163514 0.794302
1305031811.831559 -0.268691 -0.181176 -0.276559 0.340222 0.489058 0.160975 0.786867
1305031811.866219 -0.275409 -0.192816 -0.28981 0.351009 0.490554 0.161043 0.781162
1305031811.899601 -0.284148 -0.19908 -0.292009 0.360707 0.492803 0.158619 0.775806
1305031811.929778 -0.291126 -0.20743 -0.299731 0.370026 0.494971 0.155176 0.770717
1305031811.965910 -0.298559 -0.220113 -0.313475 0.376439 0.498455 0.149748 0.766428
1305031811.997697 -0.306402 -0.225639 -0.315671 0.386472 0.503234 0.143634 0.75945
1305031812.031513 -0.313479 -0.233907 -0.32451 0.396875 0.505761 0.140888 0.752892
1305031812.067293 -0.318415 -0.237843 -0.328683 0.406452 0.507557 0.137622 0.747157
1305031812.097226 -0.321487 -0.239812 -0.338756 0.415083 0.509401 0.132521 0.742061
1305031812.131618 -0.329685 -0.249157 -0.349531 0.423337 0.512974 0.129038 0.735522
1305031812.165747 -0.337496 -0.255697 -0.355405 0.431342 0.519232 0.123604 0.727368
1305031812.194229 -0.344182 -0.261087 -0.358664 0.43884 0.523979 0.120293 0.719997
1305031812.230599 -0.352936 -0.266397 -0.362138 0.445703 0.528962 0.116769 0.712681
1305031812.262258 -0.358439 -0.270933 -0.366347 0.452062 0.533209 0.113884 0.705945
1305031812.295017 -0.3654 -0.278688 -0.373306 0.456968 0.535064 0.115544 0.701097
1305031812.329535 -0.370765 -0.285593 -0.382196 0.459819 0.537022 0.115498 0.697736
1305031812.367033 -0.372921 -0.284719 -0.389079 0.462593 0.541333 0.112386 0.693062
1305031812.398919 -0.372963 -0.28087 -0.394968 0.46614 0.548301 0.109108 0.685693
1305031812.431444 -0.375984 -0.279271 -0.398706 0.469526 0.556693 0.104978 0.677213
1305031812.466128 -0.381268 -0.285602 -0.410838 0.467323 0.562739 0.105698 0.673619
1305031812.499545 -0.381849 -0.283155 -0.416956 0.461394 0.568004 0.105817 0.673267
1305031812.530582 -0.380121 -0.274862 -0.413156 0.454834 0.573409 0.10669 0.673013
1305031812.566690 -0.379591 -0.267518 -0.41762 0.445934 0.578111 0.110024 0.674408
1305031812.599029 -0.376559 -0.25749 -0.423832 0.435286 0.582788 0.116052 0.676325
1305031812.628645 -0.373826 -0.248647 -0.430913 0.423483 0.586115 0.123208 0.679671
1305031812.668061 -0.369847 -0.236494 -0.437525 0.411927 0.5894 0.129084 0.682833
1305031812.698746 -0.356525 -0.206334 -0.424575 0.401313 0.593809 0.133856 0.684413
1305031812.734013 -0.349952 -0.190888 -0.42377 0.388774 0.596249 0.143639 0.687539
1305031812.767275 -0.343511 -0.175496 -0.420349 0.377531 0.59815 0.152422 0.690257
1305031812.799489 -0.337578 -0.155546 -0.416843 0.363775 0.599036 0.160507 0.695026
1305031812.834132 -0.331055 -0.137292 -0.409653 0.35118 0.599544 0.170467 0.698685
1305031812.866016 -0.324494 -0.120638 -0.402327 0.339764 0.599256 0.181042 0.701909
1305031812.898960 -0.319416 -0.10622 -0.399586 0.328347 0.598155 0.19256 0.705209
1305031812.934173 -0.315207 -0.0916297 -0.398988 0.314831 0.597972 0.202263 0.708803
1305031812.966151 -0.309719 -0.0768855 -0.391326 0.302746 0.597877 0.213483 0.710854
1305031812.999091 -0.307029 -0.066149 -0.394736 0.290676 0.595323 0.226781 0.713911
1305031813.034784 -0.303196 -0.0485107 -0.384276 0.278796 0.593426 0.237627 0.716695
1305031813.066289 -0.299484 -0.0336122 -0.378672 0.266327 0.590649 0.248513 0.720031
1305031813.098588 -0.297275 -0.0161481 -0.372275 0.255036 0.586063 0.261778 0.723159
1305031813.135262 -0.293875 -0.00223189 -0.373916 0.244698 0.579712 0.27487 0.726982
1305031813.166033 -0.290896 0.0109179 -0.370649 0.234218 0.572852 0.287565 0.730951
1305031813.196373 -0.28961 0.0230959 -0.365618 0.223154 0.565997 0.299101 0.735111
1305031813.234674 -0.287867 0.0373719 -0.360058 0.213875 0.558668 0.309384 0.739208
1305031813.267055 -0.28708 0.0499033 -0.350801 0.203686 0.551922 0.318926 0.743089
1305031813.299198 -0.287137 0.0611181 -0.34284 0.193544 0.545423 0.328357 0.746483
1305031813.333908 -0.287766 0.073549 -0.335251 0.181923 0.540665 0.335612 0.749633
1305031813.365437 -0.286634 0.0801318 -0.333818 0.169809 0.536237 0.345404 0.751206
1305031813.398657 -0.287828 0.0940655 -0.325612 0.159278 0.533332 0.354076 0.751543
1305031813.433247 -0.291171 0.107804 -0.315763 0.148939 0.531076 0.362905 0.75105
1305031813.466220 -0.293947 0.120333 -0.30656 0.137239 0.527052 0.373835 0.750752
1305031813.498088 -0.295739 0.132997 -0.303422 0.126142 0.520719 0.385664 0.751134
1305031813.534016 -0.299175 0.143204 -0.297182 0.114827 0.515768 0.394539 0.751756
1305031813.566769 -0.300871 0.152518 -0.292741 0.101151 0.511495 0.40308 0.752108
1305031813.598490 -0.303304 0.160147 -0.289649 0.0883801 0.507986 0.411393 0.751595
1305031813.631475 -0.307159 0.167783 -0.286005 0.0774596 0.504705 0.418336 0.751178
1305031813.661752 -0.312062 0.175265 -0.279546 0.0666461 0.502833 0.424813 0.749834
1305031813.698286 -0.315743 0.180519 -0.273578 0.0555677 0.500088 0.43179 0.748586
1305031813.730280 -0.319639 0.184167 -0.267018 0.0457928 0.496871 0.437987 0.74779
1305031813.764797 -0.324029 0.187481 -0.259555 0.0359549 0.492698 0.443804 0.747659
1305031813.799441 -0.328015 0.190609 -0.252724 0.0248916 0.487534 0.449411 0.748145
1305031813.833945 -0.334891 0.196105 -0.244886 0.0136676 0.481478 0.45444 0.749317
1305031813.867772 -0.340629 0.202019 -0.2382 0.00505105 0.474611 0.464151 0.747852
1305031813.899482 -0.346803 0.207387 -0.225953 -0.00718574 0.467425 0.474029 0.746163
1305031813.934338 -0.35153 0.210094 -0.214021 -0.0189281 0.459943 0.486383 0.742648
1305031813.965926 -0.355338 0.210742 -0.205787 -0.0292438 0.454822 0.495177 0.739649
1305031814.003554 -0.365128 0.217761 -0.198115 -0.0365924 0.451671 0.501064 0.737285
1305031814.033924 -0.369199 0.22056 -0.1914 -0.0432078 0.447844 0.509839 0.733235
1305031814.066026 -0.370718 0.220099 -0.184257 -0.0471283 0.444499 0.51705 0.729972
1305031814.102320 -0.373535 0.219165 -0.177952 -0.0479389 0.442456 0.52416 0.726079
1305031814.134667 -0.37799 0.220894 -0.177021 -0.0501451 0.439566 0.527199 0.725485
1305031814.166052 -0.378209 0.218304 -0.176685 -0.0495761 0.439878 0.528969 0.724045
1305031814.202037 -0.375287 0.212091 -0.176666 -0.04403 0.44548 0.532614 0.718283
1305031814.234336 -0.371559 0.206293 -0.177039 -0.038259 0.452788 0.533436 0.713419
1305031814.265980 -0.369751 0.202816 -0.185272 -0.030646 0.460396 0.532073 0.709926
1305031814.302865 -0.366361 0.195814 -0.18634 -0.0160932 0.474462 0.529805 0.702804
1305031814.334123 -0.373227 0.196048 -0.190958 -0.00408604 0.487227 0.5309 0.693353
1305031814.365916 -0.371095 0.190868 -0.198749 0.00664241 0.497859 0.529992 0.686441
1305031814.402137 -0.372628 0.185891 -0.204659 0.0211111 0.512829 0.528544 0.676167
1305031814.434097 -0.378756 0.185433 -0.212342 0.033363 0.526389 0.527266 0.666177
1305031814.466875 -0.379105 0.180911 -0.220388 0.0447524 0.539475 0.527484 0.654771
1305031814.503242 -0.380015 0.17776 -0.230236 0.055942 0.553398 0.525704 0.643628
1305031814.535346 -0.385484 0.179247 -0.242094 0.0651778 0.568498 0.522018 0.632502
1305031814.567625 -0.388847 0.178349 -0.251021 0.0737292 0.584329 0.518661 0.619769
1305031814.601706 -0.387401 0.175261 -0.261919 0.0832181 0.598991 0.515786 0.606835
1305031814.635644 -0.388841 0.172639 -0.276957 0.0947507 0.614965 0.511116 0.592959
1305031814.667643 -0.399176 0.172979 -0.270375 0.105364 0.636381 0.498912 0.578796
1305031814.702775 -0.402304 0.172284 -0.278531 0.113469 0.649223 0.49212 0.568728
1305031814.734657 -0.403144 0.16731 -0.286172 0.1225 0.66204 0.484351 0.55866
1305031814.766015 -0.411142 0.169044 -0.288365 0.131527 0.674596 0.473157 0.551128
1305031814.801939 -0.413132 0.166146 -0.296504 0.138199 0.684203 0.467164 0.542702
1305031814.834141 -0.416545 0.163649 -0.30065 0.14358 0.693552 0.459288 0.53612
1305031814.866927 -0.419671 0.161762 -0.309128 0.147415 0.702212 0.452224 0.529774
1305031814.901856 -0.42282 0.158834 -0.317587 0.152518 0.71226 0.444371 0.521497
1305031814.934189 -0.426492 0.15824 -0.317783 0.157896 0.722255 0.434334 0.514558
1305031814.966026 -0.427748 0.154587 -0.322886 0.162523 0.728802 0.427103 0.509918
1305031815.002785 -0.430103 0.151117 -0.329059 0.168764 0.734759 0.420633 0.504694
1305031815.034070 -0.432798 0.149979 -0.331023 0.174221 0.741357 0.413822 0.498787
1305031815.066249 -0.433935 0.146931 -0.334424 0.179365 0.745411 0.409673 0.494327
1305031815.098276 -0.434704 0.142565 -0.337711 0.185765 0.748034 0.40537 0.49154
1305031815.134087 -0.43589 0.138597 -0.340344 0.193162 0.750073 0.401031 0.489135
1305031815.167703 -0.437288 0.134721 -0.342052 0.198963 0.751982 0.39697 0.487187
1305031815.200200 -0.437176 0.128396 -0.344278 0.202823 0.754025 0.392874 0.485756
1305031815.235479 -0.437939 0.12258 -0.348705 0.206459 0.755859 0.387757 0.485486
1305031815.269898 -0.438886 0.117701 -0.351496 0.210244 0.758677 0.381601 0.484342
1305031815.303120 -0.441015 0.114514 -0.353362 0.214939 0.762537 0.373577 0.482471
1305031815.335140 -0.44388 0.111511 -0.355422 0.21758 0.767299 0.365016 0.480286
1305031815.369858 -0.444285 0.107087 -0.356498 0.219667 0.772427 0.357349 0.47687
1305031815.402087 -0.446238 0.101031 -0.358865 0.222923 0.777735 0.349173 0.472771
1305031815.435520 -0.448405 0.098049 -0.360028 0.226418 0.781158 0.343218 0.469818
1305031815.469069 -0.449224 0.091295 -0.364011 0.228871 0.782578 0.339552 0.468929
1305031815.503584 -0.450631 0.0899382 -0.363252 0.23164 0.784574 0.334238 0.468051
1305031815.533867 -0.451851 0.0884447 -0.363045 0.233382 0.786241 0.330216 0.467242
1305031815.570080 -0.454108 0.0841111 -0.36811 0.23461 0.786571 0.328965 0.466954
1305031815.602977 -0.454105 0.0821848 -0.369651 0.235414 0.787385 0.327549 0.466172
1305031815.633580 -0.453492 0.0803124 -0.370331 0.236653 0.787822 0.327046 0.465159
1305031815.669542 -0.452547 0.0801158 -0.369763 0.237377 0.788442 0.326886 0.463851
1305031815.703270 -0.453019 0.0809133 -0.370151 0.237557 0.788286 0.328008 0.46323
1305031815.734736 -0.451758 0.0813554 -0.370634 0.237854 0.787787 0.3292 0.463081
1305031815.770261 -0.452375 0.0840928 -0.371171 0.236862 0.787695 0.329498 0.463535
1305031815.803102 -0.45223 0.0857755 -0.370561 0.237225 0.787593 0.330767 0.462618
