1305031790.640468 0 0 0 0 0 0 1
1305031790.672866 0.00476018 0.00802337 0.00148295 -0.00923395 0.000279788 0.00282872 0.999953
1305031790.709421 0.00927465 0.015306 0.00301252 -0.0196534 0.000319287 0.00568902 0.999791
1305031790.739530 0.0137767 0.0208605 0.00407528 -0.0300281 0.000234371 0.00872016 0.999511
1305031790.773548 0.0199655 0.0269148 0.00479871 -0.0386565 0.000801786 0.0136202 0.999159
1305031790.809521 0.0271307 0.034966 0.00545773 -0.0473129 0.00176637 0.0194166 0.99869
1305031790.839363 0.0339738 0.0422411 0.00609277 -0.0597533 0.00254404 0.0271683 0.99784
1305031790.871606 0.0413711 0.0468175 0.00687589 -0.0720344 0.00367789 0.0331492 0.996844
1305031790.909436 0.0456707 0.0533989 0.00511316 -0.0823347 0.0083043 0.0431042 0.995638
1305031790.941495 0.0514885 0.058625 0.00339973 -0.0890225 0.0135825 0.0512338 0.994618
1305031790.973696 0.0535567 0.062913 0.000201253 -0.0946515 0.0203573 0.0613361 0.993411
1305031791.009486 0.053135 0.0659307 -0.00422014 -0.0968888 0.0268835 0.0756779 0.99205
1305031791.041197 0.0549052 0.0642857 -0.00914161 -0.0924763 0.0331097 0.0892871 0.991151
1305031791.073525 0.0628023 0.0612347 -0.0139722 -0.081285 0.0406396 0.0967789 0.991148
1305031791.109452 0.0666549 0.0562894 -0.020997 -0.0710286 0.0516478 0.108538 0.990206
1305031791.141330 0.0747667 0.0441429 -0.0284283 -0.0520511 0.0657777 0.11461 0.989863
1305031791.173227 0.0774516 0.0457359 -0.0392907 -0.0227237 0.0861316 0.114355 0.989438
1305031791.209506 0.0774665 0.0348919 -0.0486957 -0.000895749 0.107952 0.116954 0.987252
1305031791.241091 0.0732018 0.0264281 -0.060474 0.030202 0.131389 0.116008 0.984056
1305031791.273558 0.0684901 0.0321217 -0.0716561 0.0595642 0.152941 0.119148 0.979216
1305031791.309764 0.0639977 0.0210117 -0.0826429 0.0822425 0.175085 0.1227 0.97341
1305031791.341415 0.0581937 0.0113828 -0.093453 0.11196 0.198298 0.125192 0.965645
1305031791.373525 0.0512151 0.0140669 -0.10122 0.138192 0.218313 0.130028 0.957254
1305031791.409609 0.0455718 0.00717574 -0.109757 0.161276 0.235286 0.136688 0.948655
1305031791.441538 0.040446 -0.00462102 -0.119943 0.188704 0.247605 0.143698 0.939379
1305031791.473230 0.0352965 -0.0107347 -0.12808 0.210832 0.258044 0.150094 0.930825
1305031791.509595 0.0290987 -0.0255644 -0.136324 0.22836 0.266664 0.153832 0.923622
1305031791.541450 0.0196702 -0.0384045 -0.142442 0.247937 0.274396 0.154108 0.916234
1305031791.574034 0.014611 -0.0502343 -0.152224 0.264125 0.281358 0.154976 0.909427
1305031791.609401 0.0104818 -0.0653976 -0.163064 0.275827 0.288466 0.155614 0.903599
1305031791.641229 0.00489425 -0.0757234 -0.17368 0.290701 0.295012 0.152926 0.897259
1305031791.677621 -0.00736983 -0.0828359 -0.177957 0.310256 0.30317 0.147466 0.888866
1305031791.709275 -0.0165951 -0.0917924 -0.18632 0.329848 0.31198 0.145271 0.879071
1305031791.741364 -0.0253713 -0.100706 -0.195751 0.347402 0.321568 0.143671 0.86906
1305031791.776668 -0.0371753 -0.108663 -0.204105 0.365099 0.332053 0.142252 0.858025
1305031791.808429 -0.0469983 -0.118272 -0.216489 0.381433 0.342743 0.138467 0.847268
1305031791.840375 -0.0642147 -0.130127 -0.224772 0.397939 0.354863 0.135809 0.835028
1305031791.876494 -0.0724379 -0.126547 -0.220068 0.417683 0.363028 0.137449 0.821498
1305031791.908433 -0.0865689 -0.128963 -0.20526 0.437204 0.366961 0.145236 0.808146
1305031791.944357 -0.0965337 -0.140437 -0.222707 0.448289 0.37287 0.144078 0.799529
1305031791.977200 -0.10549 -0.148903 -0.229247 0.463948 0.377008 0.143884 0.788616
1305031792.005506 -0.115112 -0.155186 -0.233495 0.476807 0.383226 0.14185 0.778249
1305031792.041730 -0.122913 -0.162574 -0.242505 0.489471 0.38822 0.138724 0.768413
1305031792.076713 -0.142886 -0.180141 -0.242032 0.498087 0.395178 0.136656 0.75965
1305031792.109497 -0.14816 -0.18626 -0.251316 0.502599 0.399687 0.132722 0.755003
1305031792.141484 -0.151808 -0.190047 -0.260071 0.509277 0.402438 0.130564 0.749422
1305031792.177376 -0.155432 -0.195368 -0.270934 0.511865 0.405042 0.126855 0.746889
1305031792.209274 -0.160157 -0.199609 -0.276865 0.51448 0.408789 0.121894 0.743871
1305031792.241751 -0.163297 -0.203477 -0.289133 0.516965 0.411629 0.117794 0.741237
1305031792.277507 -0.165876 -0.207175 -0.297364 0.518493 0.412199 0.116753 0.740018
1305031792.309357 -0.167054 -0.208657 -0.302302 0.518479 0.411857 0.116455 0.740264
1305031792.341029 -0.166798 -0.209161 -0.303055 0.518502 0.410115 0.117007 0.741128
1305031792.377088 -0.161007 -0.204329 -0.298123 0.514609 0.40916 0.116733 0.744405
1305031792.409323 -0.154192 -0.197048 -0.295077 0.50774 0.408672 0.120633 0.748756
1305031792.441590 -0.153023 -0.193852 -0.287962 0.499832 0.407502 0.126935 0.753656
1305031792.477100 -0.149335 -0.188797 -0.283882 0.491166 0.404575 0.134637 0.759571
1305031792.509589 -0.143477 -0.181275 -0.27913 0.479861 0.401734 0.142322 0.766869
1305031792.541061 -0.140628 -0.173843 -0.267481 0.468634 0.398195 0.153039 0.773565
1305031792.577055 -0.133939 -0.162082 -0.259489 0.45523 0.395107 0.16247 0.781191
1305031792.609388 -0.127955 -0.153755 -0.255425 0.438971 0.394708 0.169301 0.789207
1305031792.641219 -0.120519 -0.144182 -0.253201 0.422744 0.394797 0.175364 0.796662
1305031792.677662 -0.112584 -0.133933 -0.244339 0.40904 0.394495 0.183247 0.802172
1305031792.709219 -0.107498 -0.130951 -0.247786 0.392573 0.393873 0.19126 0.808808
1305031792.741510 -0.09892 -0.116471 -0.238229 0.378743 0.390867 0.19986 0.814759
1305031792.777507 -0.0924709 -0.112396 -0.238182 0.362586 0.387675 0.206899 0.821847
1305031792.809440 -0.0864732 -0.107495 -0.23327 0.346983 0.385117 0.215628 0.827522
1305031792.845359 -0.0778361 -0.097272 -0.228519 0.333144 0.382271 0.224065 0.832273
1305031792.877574 -0.0722418 -0.0952302 -0.225133 0.31731 0.38151 0.231283 0.836823
1305031792.909293 -0.0668578 -0.0884222 -0.22051 0.303264 0.380351 0.239886 0.84013
1305031792.945340 -0.0584183 -0.0770877 -0.217095 0.29076 0.375764 0.250915 0.843387
1305031792.977564 -0.0527156 -0.0658307 -0.210538 0.279195 0.370055 0.263526 0.845969
1305031793.009530 -0.0484285 -0.0554928 -0.204294 0.26601 0.36449 0.275081 0.84895
1305031793.045243 -0.0452965 -0.04247 -0.196091 0.255338 0.360305 0.284742 0.850826
1305031793.077518 -0.0425409 -0.0283463 -0.188479 0.24654 0.357853 0.293695 0.851412
1305031793.109651 -0.0409441 -0.0149779 -0.181724 0.237365 0.358339 0.302151 0.850856
1305031793.145401 -0.0398967 -0.00533684 -0.175545 0.228054 0.36104 0.310298 0.849327
1305031793.177537 -0.0394165 0.00327409 -0.171385 0.218903 0.364414 0.317234 0.84773
1305031793.209609 -0.0392831 0.0125501 -0.164959 0.209757 0.36866 0.323769 0.845734
1305031793.245617 -0.0380047 0.0219979 -0.161054 0.199573 0.372623 0.330927 0.843688
1305031793.277180 -0.0381628 0.0345215 -0.154381 0.190204 0.37659 0.336664 0.841819
1305031793.309399 -0.0361299 0.0482838 -0.148375 0.181481 0.379475 0.342692 0.840015
1305031793.345594 -0.034568 0.0617271 -0.14183 0.172905 0.381582 0.350295 0.83773
1305031793.377232 -0.0334625 0.0687866 -0.136524 0.163459 0.38276 0.359012 0.835396
1305031793.405708 -0.0309205 0.073651 -0.131503 0.153674 0.382903 0.367607 0.833448
1305031793.442259 -0.0305397 0.0783136 -0.124137 0.144121 0.384316 0.376406 0.830571
1305031793.474150 -0.0292755 0.0852661 -0.117345 0.134341 0.385804 0.385199 0.827484
1305031793.507244 -0.0277408 0.0914864 -0.110965 0.1249 0.386499 0.395666 0.823691
1305031793.545400 -0.0298511 0.0996848 -0.0995727 0.117248 0.387627 0.404753 0.819862
1305031793.577186 -0.0313621 0.106396 -0.0882722 0.108671 0.387879 0.415276 0.815651
1305031793.609703 -0.0349669 0.113448 -0.0770312 0.100962 0.387921 0.428583 0.809716
1305031793.645429 -0.0376893 0.119318 -0.066267 0.0930629 0.387237 0.441264 0.80416
1305031793.677435 -0.0395164 0.126137 -0.0559605 0.0843718 0.385747 0.452032 0.799842
1305031793.709532 -0.0443723 0.1272 -0.0432986 0.0749361 0.384943 0.465049 0.793683
1305031793.745574 -0.045135 0.134052 -0.0354107 0.0667404 0.382016 0.477359 0.788504
1305031793.777364 -0.0473857 0.136419 -0.0238483 0.0578916 0.379494 0.48917 0.783164
1305031793.809469 -0.0477018 0.139874 -0.015674 0.0482361 0.376752 0.49936 0.778698
1305031793.844756 -0.0485882 0.140316 -0.00719016 0.0399681 0.37468 0.510079 0.773199
1305031793.876455 -0.0511313 0.140302 0.00233173 0.0335423 0.374067 0.519685 0.767383
1305031793.908753 -0.0692726 0.128219 0.0230674 0.0288583 0.376859 0.533832 0.756418
1305031793.946431 -0.0713562 0.125946 0.0327229 0.0238529 0.37617 0.542635 0.750649
1305031793.976745 -0.0737795 0.125558 0.0392463 0.0188418 0.374264 0.549289 0.746895
1305031794.009162 -0.0733325 0.124945 0.0435695 0.0143275 0.372247 0.554575 0.744092
1305031794.044747 -0.0669448 0.123049 0.0456221 0.00968691 0.37036 0.556816 0.743435
1305031794.076455 -0.0628945 0.125321 0.0442977 0.00707629 0.368937 0.55723 0.743861
1305031794.112475 -0.058121 0.12526 0.0432492 0.00602886 0.367903 0.559343 0.742796
1305031794.145599 -0.0524891 0.12304 0.0406002 0.005399 0.366976 0.561187 0.741868
1305031794.177734 -0.0497668 0.118663 0.0382654 0.00677805 0.368869 0.562388 0.740007
1305031794.213866 -0.0456238 0.112105 0.0357269 0.0091856 0.372963 0.561451 0.738639
1305031794.245539 -0.042574 0.103911 0.0315771 0.013031 0.378579 0.560228 0.73665
1305031794.277346 -0.0391988 0.0985356 0.0242767 0.0199589 0.386405 0.556655 0.735138
1305031794.313708 -0.036678 0.0938327 0.0167824 0.0280518 0.395456 0.551592 0.733876
1305031794.345350 -0.0349876 0.083938 0.0100694 0.0363491 0.404734 0.546465 0.732287
1305031794.377641 -0.0327676 0.0751043 0.000849101 0.0468064 0.414573 0.539552 0.731315
1305031794.414154 -0.0352196 0.0720112 -0.00531675 0.0590012 0.425556 0.529057 0.731792
1305031794.445415 -0.0356591 0.0670589 -0.0133413 0.0669311 0.433767 0.520259 0.732596
1305031794.477731 -0.0337778 0.0612612 -0.0274033 0.075925 0.439214 0.513179 0.733467
1305031794.513643 -0.0336034 0.0574006 -0.0401651 0.0892539 0.445532 0.507339 0.732218
1305031794.545650 -0.0352598 0.0521609 -0.0494234 0.101491 0.452068 0.502342 0.730059
1305031794.577340 -0.0366085 0.0375056 -0.0561329 0.109741 0.461613 0.497174 0.726421
1305031794.613627 -0.0348618 0.0305265 -0.0695133 0.119774 0.471613 0.491633 0.722172
1305031794.645569 -0.035671 0.025686 -0.0825886 0.130159 0.484624 0.484925 0.716272
1305031794.677507 -0.0374789 0.022081 -0.0920209 0.140093 0.500617 0.476808 0.708809
1305031794.713599 -0.040309 0.020229 -0.102027 0.148816 0.517708 0.46775 0.700744
1305031794.745368 -0.0397121 0.0142628 -0.11998 0.156563 0.535366 0.459774 0.690999
1305031794.776816 -0.0453842 0.0112485 -0.135689 0.167382 0.558173 0.449322 0.677153
1305031794.813463 -0.050662 0.00358115 -0.15016 0.17689 0.582009 0.437641 0.662153
1305031794.846026 -0.0568619 -0.00282978 -0.167738 0.185559 0.603609 0.42475 0.6487
1305031794.873764 -0.0636194 -0.00761455 -0.185359 0.195465 0.623625 0.412376 0.634689
1305031794.910108 -0.0721249 -0.0136563 -0.201898 0.206171 0.642757 0.398938 0.620648
1305031794.945596 -0.0809731 -0.0188642 -0.217943 0.216558 0.659297 0.385768 0.607958
1305031794.977250 -0.0886414 -0.025353 -0.234955 0.223662 0.673197 0.37437 0.597183
1305031795.013538 -0.0972168 -0.0325747 -0.243663 0.230378 0.686061 0.364563 0.585952
1305031795.045683 -0.1068 -0.035478 -0.258996 0.237412 0.694233 0.358775 0.577024
1305031795.077205 -0.114849 -0.0368359 -0.271633 0.241103 0.700318 0.355941 0.56985
1305031795.113230 -0.119743 -0.0427609 -0.281001 0.24543 0.708782 0.351436 0.560255
1305031795.145139 -0.126266 -0.0545167 -0.291121 0.254644 0.719939 0.342283 0.547437
1305031795.177574 -0.135965 -0.0612178 -0.301574 0.265761 0.730265 0.332823 0.534147
1305031795.213517 -0.144718 -0.0691716 -0.309926 0.274446 0.739055 0.326751 0.521259
1305031795.245440 -0.153526 -0.0769277 -0.322802 0.28421 0.745288 0.32186 0.510076
1305031795.277594 -0.162062 -0.0868743 -0.335229 0.291434 0.751319 0.316091 0.500673
1305031795.312820 -0.172228 -0.0937224 -0.350404 0.29629 0.757638 0.309798 0.49216
1305031795.345404 -0.181424 -0.0982774 -0.363405 0.300479 0.765064 0.302384 0.482652
1305031795.381033 -0.190554 -0.106146 -0.374556 0.300842 0.774825 0.293822 0.472027
1305031795.413248 -0.198768 -0.106027 -0.378608 0.299616 0.786845 0.284477 0.458452
1305031795.444944 -0.203835 -0.102666 -0.379087 0.301159 0.796877 0.280299 0.442407
1305031795.480855 -0.206469 -0.0996808 -0.377482 0.303614 0.8047 0.27864 0.42736
1305031795.509058 -0.20738 -0.0981436 -0.373357 0.305424 0.812207 0.27644 0.413057
1305031795.543822 -0.208887 -0.0959849 -0.370624 0.3073 0.818712 0.274186 0.400125
1305031795.580571 -0.209744 -0.0906987 -0.366985 0.308708 0.824593 0.271131 0.388888
1305031795.612694 -0.212471 -0.0883556 -0.367975 0.306556 0.830679 0.267104 0.38033
1305031795.644499 -0.213531 -0.0892289 -0.369073 0.303897 0.837476 0.262275 0.370799
1305031795.680455 -0.214935 -0.0892788 -0.369343 0.303815 0.843705 0.257473 0.359954
1305031795.713145 -0.213967 -0.0862453 -0.365529 0.304745 0.84809 0.254914 0.35056
1305031795.745356 -0.211312 -0.0831366 -0.364178 0.300465 0.851573 0.25585 0.345087
1305031795.781187 -0.206516 -0.0775841 -0.362238 0.292702 0.855017 0.260494 0.339726
1305031795.812774 -0.203551 -0.0713 -0.361355 0.286386 0.857166 0.268865 0.33311
1305031795.844570 -0.195606 -0.057448 -0.35195 0.284834 0.857143 0.279076 0.326023
1305031795.880527 -0.189411 -0.0457136 -0.348586 0.280806 0.854671 0.293086 0.323707
1305031795.909127 -0.180897 -0.0337983 -0.344224 0.277333 0.851234 0.307797 0.322099
1305031795.944316 -0.170102 -0.0267482 -0.33973 0.273127 0.84781 0.321761 0.321076
1305031795.980897 -0.160958 -0.0154863 -0.333881 0.267039 0.843842 0.337347 0.320651
1305031796.012654 -0.154944 -0.00216856 -0.33039 0.259303 0.840331 0.352367 0.320066
1305031796.045068 -0.144254 0.00482571 -0.329314 0.253538 0.835908 0.369257 0.317216
1305031796.081241 -0.13392 0.0178452 -0.318068 0.24614 0.831626 0.38403 0.316756
1305031796.113736 -0.126475 0.0323384 -0.307016 0.240742 0.825647 0.400433 0.316235
1305031796.145545 -0.118165 0.0415153 -0.303171 0.234976 0.819167 0.417396 0.315488
1305031796.179196 -0.113785 0.0550773 -0.294142 0.231365 0.813699 0.431653 0.313113
1305031796.212249 -0.108343 0.0659416 -0.284269 0.226254 0.808419 0.446325 0.30994
1305031796.244465 -0.105777 0.0755207 -0.27758 0.220354 0.803739 0.459853 0.306566
1305031796.280467 -0.104506 0.0844185 -0.271473 0.216281 0.799893 0.472588 0.30009
1305031796.312376 -0.101806 0.0941634 -0.258654 0.212162 0.795802 0.484808 0.294362
1305031796.342290 -0.101611 0.104781 -0.246921 0.207685 0.790099 0.497942 0.290972
1305031796.380122 -0.101802 0.111275 -0.241855 0.204283 0.783631 0.511294 0.287698
1305031796.411800 -0.100739 0.117976 -0.230547 0.200344 0.778002 0.523377 0.283992
1305031796.444268 -0.100306 0.123942 -0.22005 0.195794 0.770318 0.537784 0.281183
1305031796.481198 -0.100314 0.128999 -0.212272 0.191366 0.763634 0.549541 0.279726
1305031796.512896 -0.100865 0.135614 -0.198214 0.186055 0.759609 0.557658 0.278199
1305031796.544633 -0.100778 0.142109 -0.183876 0.180151 0.753888 0.56873 0.275218
1305031796.581150 -0.102375 0.147801 -0.173402 0.175594 0.747216 0.580072 0.272675
1305031796.613198 -0.103939 0.153848 -0.162151 0.172687 0.739833 0.591275 0.270592
1305031796.649045 -0.104625 0.159753 -0.150842 0.16984 0.730094 0.604051 0.270629
1305031796.679446 -0.105898 0.165453 -0.143115 0.166672 0.719173 0.617112 0.272366
1305031796.712815 -0.107915 0.17121 -0.134605 0.164381 0.709462 0.628644 0.272854
1305031796.749489 -0.110231 0.17701 -0.124587 0.162351 0.700992 0.638907 0.272119
1305031796.781421 -0.112331 0.183323 -0.113795 0.159755 0.692451 0.648925 0.271818
1305031796.813561 -0.115407 0.190714 -0.104491 0.158063 0.682606 0.659755 0.27164
1305031796.849638 -0.118538 0.197191 -0.0984616 0.157984 0.672727 0.670218 0.270715
1305031796.877643 -0.122321 0.203695 -0.0870047 0.157543 0.664392 0.678281 0.271476
1305031796.913380 -0.127363 0.210449 -0.0747312 0.156393 0.653957 0.688027 0.272947
1305031796.949604 -0.131595 0.216699 -0.0694585 0.155574 0.642334 0.698692 0.273921
1305031796.980992 -0.136435 0.222162 -0.0580102 0.155043 0.634142 0.705811 0.275059
1305031797.013555 -0.140764 0.226727 -0.0485703 0.152553 0.625366 0.713744 0.27607
1305031797.049352 -0.145352 0.230374 -0.039372 0.149418 0.618229 0.720695 0.2758
1305031797.081428 -0.148226 0.232836 -0.0301278 0.145033 0.611831 0.727194 0.275349
1305031797.112264 -0.152833 0.235595 -0.0221381 0.141012 0.605078 0.733736 0.275005
1305031797.149559 -0.158682 0.238853 -0.0148507 0.138626 0.597586 0.740738 0.273826
1305031797.181442 -0.166366 0.242928 -0.00760922 0.138967 0.589423 0.748133 0.27123
1305031797.213717 -0.1729 0.246424 -0.00139518 0.140129 0.5807 0.755536 0.268916
1305031797.249736 -0.179464 0.250232 0.00314195 0.141689 0.570391 0.763212 0.268488
1305031797.281280 -0.186922 0.253861 0.00837041 0.143717 0.559776 0.77057 0.268736
1305031797.313591 -0.194608 0.256571 0.0138328 0.14511 0.551749 0.775626 0.270039
1305031797.349653 -0.200635 0.258824 0.0198469 0.14489 0.545876 0.779802 0.270064
1305031797.381725 -0.207926 0.261801 0.02442 0.14502 0.540444 0.784222 0.268115
1305031797.413444 -0.214704 0.264784 0.0273741 0.145796 0.535116 0.788644 0.265395
1305031797.449459 -0.220596 0.267245 0.029546 0.147174 0.531326 0.791874 0.262618
1305031797.481250 -0.224556 0.268714 0.0306011 0.148967 0.528396 0.794512 0.259532
1305031797.511821 -0.228728 0.270261 0.030935 0.151679 0.526168 0.796593 0.256086
1305031797.549595 -0.233225 0.271455 0.028773 0.154191 0.524983 0.797554 0.254019
1305031797.577492 -0.236261 0.272714 0.022288 0.157209 0.528361 0.795511 0.25156
1305031797.613482 -0.238754 0.27352 0.0154667 0.160588 0.536029 0.791128 0.246984
1305031797.649463 -0.240357 0.273571 0.00750152 0.164281 0.546434 0.785658 0.23909
1305031797.681494 -0.242191 0.273207 -0.0019918 0.167946 0.559522 0.777788 0.231894
1305031797.711478 -0.246851 0.270848 -0.00930119 0.168469 0.575255 0.767587 0.226958
1305031797.749330 -0.252619 0.271186 -0.0214046 0.168301 0.588955 0.758913 0.22104
1305031797.781348 -0.258171 0.266813 -0.027889 0.163997 0.60699 0.746925 0.216267
1305031797.815855 -0.262803 0.263971 -0.0393377 0.159446 0.619941 0.73883 0.210666
1305031797.849306 -0.264822 0.260168 -0.0528406 0.156857 0.632862 0.73033 0.203713
1305031797.877576 -0.268334 0.255909 -0.0663853 0.155209 0.647376 0.720316 0.194832
1305031797.917116 -0.270412 0.251086 -0.077781 0.154331 0.662496 0.709827 0.182831
1305031797.949871 -0.27191 0.247476 -0.0896318 0.153413 0.678771 0.697725 0.170041
1305031797.981971 -0.275542 0.24267 -0.104071 0.152582 0.695393 0.684095 0.158621
1305031798.015269 -0.280619 0.237675 -0.117193 0.152368 0.711682 0.670092 0.145836
1305031798.049495 -0.284398 0.23302 -0.127113 0.152869 0.727276 0.655978 0.131885
1305031798.081417 -0.286536 0.228314 -0.137971 0.152926 0.741268 0.642624 0.119036
1305031798.114860 -0.289791 0.222664 -0.150281 0.151774 0.755501 0.62821 0.107405
1305031798.149092 -0.294216 0.217227 -0.162241 0.151597 0.767213 0.61584 0.0956239
1305031798.180856 -0.29468 0.211363 -0.171507 0.151756 0.777515 0.604566 0.0833065
1305031798.216938 -0.295355 0.205795 -0.181319 0.150983 0.78608 0.594901 0.073313
1305031798.249843 -0.299056 0.199666 -0.194806 0.148389 0.79457 0.585362 0.063178
1305031798.277285 -0.298515 0.192681 -0.203403 0.145052 0.804515 0.573803 0.0496558
1305031798.317008 -0.296091 0.185342 -0.211414 0.141308 0.813651 0.562714 0.0368258
1305031798.349326 -0.292762 0.176805 -0.220018 0.138624 0.822289 0.55137 0.0248116
1305031798.381412 -0.290172 0.170114 -0.225965 0.135584 0.831113 0.539137 0.0141093
1305031798.417238 -0.287763 0.163767 -0.232118 0.130985 0.839244 0.527733 0.0032383
1305031798.449066 -0.282271 0.157377 -0.236527 0.127619 0.847169 0.515671 -0.0100939
1305031798.481517 -0.280827 0.15147 -0.242212 0.126103 0.854922 0.502684 -0.0226725
1305031798.517491 -0.279923 0.143871 -0.250384 0.122838 0.862452 0.48988 -0.0332502
1305031798.548782 -0.280183 0.137233 -0.257918 0.118647 0.868917 0.478491 -0.0441956
1305031798.581190 -0.278889 0.130249 -0.263311 0.116194 0.875334 0.465821 -0.0574415
1305031798.616969 -0.276339 0.123899 -0.267988 0.115934 0.881302 0.452658 -0.070473
1305031798.649387 -0.27467 0.117076 -0.273442 0.114923 0.885872 0.44168 -0.0833179
1305031798.681173 -0.270887 0.110116 -0.279794 0.115819 0.88929 0.431526 -0.0976419
1305031798.717545 -0.267026 0.103529 -0.284306 0.118078 0.893044 0.419229 -0.113032
1305031798.749417 -0.263453 0.0970442 -0.287593 0.119602 0.897099 0.405672 -0.127827
1305031798.780379 -0.260861 0.0892873 -0.291986 0.118222 0.901274 0.39306 -0.138685
1305031798.816718 -0.260991 0.0772779 -0.301457 0.112857 0.90583 0.380983 -0.146929
1305031798.848499 -0.262188 0.0617116 -0.312376 0.108048 0.910262 0.368209 -0.155471
1305031798.880461 -0.261272 0.0508668 -0.317142 0.103716 0.914272 0.355876 -0.163408
1305031798.916769 -0.26164 0.0377613 -0.324416 0.101009 0.917728 0.345017 -0.168924
1305031798.948386 -0.262615 0.0269885 -0.328417 0.0958395 0.920964 0.336672 -0.171148
1305031798.977548 -0.264782 0.0177677 -0.331942 0.0911431 0.92374 0.328822 -0.173996
1305031799.016423 -0.268412 0.00391059 -0.338402 0.0877218 0.926343 0.320461 -0.177475
1305031799.048165 -0.269547 -0.00257134 -0.337924 0.0808042 0.929429 0.311571 -0.180431
1305031799.084229 -0.272845 -0.0124145 -0.340484 0.0723283 0.931128 0.306362 -0.184151
1305031799.116275 -0.279126 -0.0214099 -0.339391 0.0656159 0.932094 0.302417 -0.188252
1305031799.148353 -0.277975 -0.0222314 -0.336517 0.0590177 0.932904 0.298039 -0.193341
1305031799.184133 -0.283242 -0.0273668 -0.333329 0.0552808 0.933276 0.295121 -0.19709
1305031799.216330 -0.288479 -0.0306259 -0.329418 0.0556563 0.933129 0.293063 -0.200717
1305031799.248919 -0.29453 -0.0346446 -0.324898 0.0556144 0.932315 0.293894 -0.203276
1305031799.282109 -0.298311 -0.0357816 -0.319264 0.0533868 0.931203 0.295475 -0.206655
1305031799.317052 -0.302474 -0.0364894 -0.313421 0.0504623 0.929818 0.297273 -0.210997
1305031799.345225 -0.307283 -0.0366769 -0.306609 0.0468897 0.928218 0.299927 -0.215074
1305031799.385836 -0.314307 -0.0387374 -0.299159 0.0446367 0.926474 0.302412 -0.219545
1305031799.417030 -0.321106 -0.0419074 -0.293427 0.0451624 0.92405 0.306552 -0.22387
1305031799.449416 -0.329442 -0.0393406 -0.283487 0.0461929 0.921471 0.312774 -0.225676
1305031799.485270 -0.336686 -0.0368685 -0.273853 0.0465237 0.91786 0.322566 -0.226539
1305031799.517032 -0.343903 -0.0305146 -0.261017 0.0467045 0.91382 0.333374 -0.227186
1305031799.548193 -0.348233 -0.0236781 -0.247107 0.0465101 0.909613 0.344345 -0.227746
1305031799.581386 -0.345079 -0.0174314 -0.239334 0.0465775 0.904117 0.357118 -0.229936
1305031799.617188 -0.350515 -0.0110688 -0.227196 0.0492035 0.89856 0.369921 -0.23093
1305031799.649673 -0.356563 -0.0049603 -0.21417 0.0526741 0.893254 0.381787 -0.231434
1305031799.685493 -0.359924 0.00322125 -0.199232 0.0566414 0.887966 0.393045 -0.231999
1305031799.717286 -0.361388 0.012657 -0.185609 0.0597589 0.881859 0.406314 -0.23165
1305031799.749321 -0.361926 0.0239253 -0.170304 0.0636542 0.876108 0.418074 -0.23151
1305031799.785018 -0.364967 0.0309117 -0.156826 0.0693205 0.870206 0.429333 -0.231535
1305031799.814639 -0.366444 0.040363 -0.141654 0.0738058 0.86383 0.441871 -0.230437
1305031799.849553 -0.365708 0.0491767 -0.13078 0.0793842 0.856717 0.454507 -0.230557
1305031799.885163 -0.364991 0.0600885 -0.115985 0.0848072 0.849981 0.465854 -0.230912
1305031799.916952 -0.362266 0.0721088 -0.102302 0.0881706 0.842948 0.478186 -0.230226
1305031799.949350 -0.361077 0.0806528 -0.0948535 0.091066 0.834288 0.492334 -0.23082
1305031799.985260 -0.358086 0.090545 -0.0847932 0.0962372 0.825803 0.504421 -0.233122
1305031800.017573 -0.355155 0.100005 -0.0754329 0.101579 0.817376 0.516565 -0.233962
1305031800.049428 -0.354344 0.1089 -0.0659452 0.106379 0.808701 0.529347 -0.233407
1305031800.085033 -0.35291 0.117815 -0.0551727 0.111291 0.800393 0.540713 -0.233697
1305031800.117205 -0.350409 0.127499 -0.0450646 0.11427 0.791809 0.552453 -0.234045
1305031800.149430 -0.349243 0.135888 -0.0344293 0.115744 0.782829 0.56443 -0.234949
1305031800.185401 -0.349475 0.143358 -0.024725 0.116735 0.773968 0.574917 -0.238364
1305031800.217472 -0.347582 0.152337 -0.0127587 0.119914 0.764446 0.584879 -0.243225
1305031800.249376 -0.344806 0.16237 -0.00124399 0.125017 0.753602 0.596437 -0.246408
1305031800.285574 -0.342176 0.1701 0.00708829 0.129273 0.742363 0.609022 -0.247544
1305031800.317706 -0.340942 0.17842 0.0171224 0.13303 0.731549 0.620881 -0.248286
1305031800.353570 -0.338837 0.186955 0.0238274 0.135965 0.719729 0.63277 -0.251208
1305031800.386128 -0.335882 0.195196 0.0324554 0.138671 0.707806 0.644109 -0.254763
1305031800.417282 -0.334499 0.203 0.0396418 0.141895 0.696066 0.654579 -0.258622
1305031800.453754 -0.332456 0.210452 0.0458715 0.145768 0.683703 0.665012 -0.262794
1305031800.485575 -0.330558 0.21672 0.0500086 0.149546 0.671753 0.6746 -0.267019
1305031800.517739 -0.32857 0.222416 0.0545657 0.153853 0.66074 0.682767 -0.27126
1305031800.553340 -0.327338 0.227975 0.0594686 0.159726 0.649467 0.690173 -0.276301
1305031800.585490 -0.325911 0.233043 0.0645973 0.163672 0.639262 0.697049 -0.280498
1305031800.617831 -0.324608 0.237647 0.0674537 0.165486 0.629309 0.704206 -0.284042
1305031800.653624 -0.323155 0.242325 0.0738343 0.169006 0.619982 0.71013 -0.287707
1305031800.685405 -0.321991 0.247091 0.0767039 0.172435 0.610959 0.716082 -0.290209
1305031800.713947 -0.321193 0.251396 0.0799916 0.177212 0.602483 0.720767 -0.293437
1305031800.753166 -0.319408 0.255331 0.0813083 0.181254 0.59475 0.724735 -0.296949
1305031800.784054 -0.321899 0.259807 0.0792596 0.184795 0.588116 0.727731 -0.30063
1305031800.816096 -0.324429 0.263451 0.0751633 0.187988 0.582767 0.728397 -0.307379
1305031800.853919 -0.333511 0.267601 0.0673304 0.189381 0.580759 0.726933 -0.313723
1305031800.885396 -0.340408 0.269955 0.0587659 0.188803 0.582016 0.721608 -0.323873
1305031800.917427 -0.340652 0.268687 0.0540398 0.186264 0.586713 0.713439 -0.33478
1305031800.953700 -0.350563 0.269834 0.0425831 0.184309 0.591827 0.704064 -0.346503
1305031800.985467 -0.362821 0.269316 0.030889 0.178347 0.603298 0.689985 -0.357972
1305031801.017256 -0.367028 0.263425 0.0246121 0.168907 0.617336 0.674101 -0.368721
1305031801.053202 -0.374709 0.260119 0.0176322 0.159761 0.629277 0.657979 -0.38151
1305031801.085709 -0.379739 0.254859 0.0066734 0.147132 0.64229 0.641088 -0.393474
1305031801.117929 -0.385968 0.249764 0.000255157 0.134225 0.654862 0.625448 -0.402435
1305031801.149557 -0.392369 0.243123 -0.00928383 0.119775 0.665097 0.611411 -0.411675
1305031801.183875 -0.402836 0.232841 -0.0236022 0.104481 0.675541 0.595927 -0.421425
1305031801.213176 -0.411746 0.222902 -0.0360903 0.0900429 0.685848 0.578687 -0.432001
1305031801.253746 -0.42219 0.211129 -0.0479868 0.0774756 0.695168 0.562443 -0.440905
1305031801.285341 -0.42472 0.202863 -0.0617218 0.0660187 0.703518 0.547096 -0.448764
1305031801.318014 -0.432709 0.190564 -0.0769362 0.055867 0.711481 0.533393 -0.454054
1305031801.353094 -0.43886 0.178024 -0.0906457 0.0466846 0.718186 0.520539 -0.459422
1305031801.385194 -0.443827 0.164831 -0.105021 0.0372198 0.723783 0.508947 -0.464462
1305031801.417407 -0.447142 0.152425 -0.118794 0.0283936 0.729022 0.49851 -0.468197
1305031801.453727 -0.451325 0.139562 -0.134785 0.0210145 0.733785 0.488671 -0.471507
1305031801.485350 -0.452969 0.130687 -0.144092 0.0143608 0.739354 0.477089 -0.474905
1305031801.521131 -0.457641 0.119201 -0.153843 0.00931253 0.745542 0.465198 -0.477149
1305031801.550374 -0.460022 0.109828 -0.159676 0.00376799 0.75268 0.452833 -0.477914
1305031801.585137 -0.463008 0.100699 -0.167085 -0.00257519 0.75942 0.441294 -0.478053
1305031801.621227 -0.464631 0.0931794 -0.173228 -0.00907204 0.766129 0.42871 -0.478719
1305031801.653135 -0.465801 0.0855586 -0.177948 -0.0164173 0.773328 0.414159 -0.479757
1305031801.685234 -0.466919 0.0757929 -0.185635 -0.0250937 0.780639 0.399025 -0.480366
1305031801.721833 -0.467845 0.0648301 -0.193082 -0.0347075 0.787854 0.383635 -0.480526
1305031801.752492 -0.46915 0.0545809 -0.198362 -0.0437508 0.794773 0.368016 -0.480611
1305031801.785189 -0.470587 0.042463 -0.206321 -0.0526548 0.800885 0.35376 -0.480275
1305031801.821431 -0.471874 0.0311687 -0.211917 -0.0635539 0.805213 0.342111 -0.48016
1305031801.851024 -0.475025 0.0177926 -0.216561 -0.0728779 0.809165 0.329409 -0.481071
1305031801.885594 -0.476835 0.0062497 -0.221634 -0.0809678 0.813549 0.31517 -0.481923
1305031801.921490 -0.478216 -0.000390828 -0.223561 -0.0884714 0.817749 0.301787 -0.482062
1305031801.953537 -0.479255 -0.0079707 -0.226021 -0.0933425 0.82135 0.291514 -0.481342
1305031801.985210 -0.481055 -0.0135396 -0.226352 -0.0968048 0.825287 0.281983 -0.479599
1305031802.019644 -0.483782 -0.0223105 -0.228373 -0.097878 0.828572 0.272858 -0.478996
1305031802.053402 -0.487759 -0.0312118 -0.227783 -0.099535 0.831668 0.26296 -0.478824
1305031802.085036 -0.492079 -0.0403412 -0.227508 -0.1032 0.833401 0.253779 -0.479988
1305031802.121342 -0.49648 -0.052097 -0.229951 -0.110421 0.834232 0.244244 -0.481881
1305031802.153506 -0.500344 -0.0624707 -0.230578 -0.119785 0.834017 0.234097 -0.485041
1305031802.184646 -0.502951 -0.0681142 -0.229315 -0.127548 0.83229 0.224991 -0.49031
1305031802.219780 -0.506487 -0.0731311 -0.223643 -0.132474 0.83006 0.219659 -0.495178
1305031802.253201 -0.510226 -0.0779341 -0.216735 0.136485 -0.826916 -0.216618 0.500659
1305031802.285410 -0.51412 -0.0797615 -0.208175 0.137266 -0.82329 -0.214105 0.507455
1305031802.321392 -0.517207 -0.0785258 -0.200708 0.136667 -0.819705 -0.214389 0.513267
1305031802.353673 -0.521349 -0.0788784 -0.193584 0.136898 -0.816066 -0.218301 0.51734
1305031802.385256 -0.525377 -0.0811493 -0.185214 0.138708 -0.812379 -0.221602 0.521242
1305031802.421381 -0.527144 -0.0769127 -0.177002 0.140873 -0.808826 -0.22194 0.526021
1305031802.449815 -0.530186 -0.0760107 -0.171176 0.142036 -0.804613 -0.226074 0.53039
1305031802.485366 -0.532684 -0.0726852 -0.162928 0.142168 -0.801207 -0.229527 0.534016
1305031802.521559 -0.533976 -0.0664808 -0.156582 0.14234 -0.797785 -0.233601 0.537316
1305031802.553684 -0.536698 -0.0609638 -0.149617 0.140246 -0.792952 -0.24253 0.541051
1305031802.585533 -0.53877 -0.0562015 -0.142689 0.137541 -0.786362 -0.255333 0.545456
1305031802.621150 -0.53999 -0.0467142 -0.13225 0.134542 -0.779093 -0.268336 0.550371
1305031802.651432 -0.540711 -0.0355519 -0.124379 0.128755 -0.76825 -0.286402 0.557842
1305031802.685539 -0.542081 -0.0238263 -0.109506 0.11868 -0.757284 -0.304586 0.565388
1305031802.721583 -0.543917 -0.0112168 -0.0961032 0.108303 -0.747979 -0.321283 0.570592
1305031802.751226 -0.544471 0.00282077 -0.0826834 0.0993614 -0.738201 -0.339146 0.574601
1305031802.789007 -0.546409 0.0164357 -0.0710905 0.0889415 -0.727381 -0.355997 0.57989
1305031802.821805 -0.547657 0.0323328 -0.0599345 0.0809786 -0.715963 -0.369606 0.586712
1305031802.853857 -0.546904 0.046559 -0.0489791 0.0710513 -0.704066 -0.379493 0.596009
1305031802.890975 -0.546907 0.0585616 -0.0352692 0.06021 -0.692672 -0.387842 0.605111
1305031802.921571 -0.545565 0.0717926 -0.0250589 0.052374 -0.681511 -0.396828 0.612639
1305031802.954186 -0.543087 0.0871679 -0.0159925 0.0471163 -0.670346 -0.404519 0.620307
1305031802.989730 -0.541709 0.0987275 -0.00979328 0.0416564 -0.658454 -0.410777 0.629257
1305031803.021911 -0.540923 0.107247 -0.00211443 0.036977 -0.645771 -0.416822 0.638649
1305031803.053859 -0.539421 0.116714 0.00840052 0.0323486 -0.632819 -0.422488 0.648072
1305031803.089624 -0.536031 0.127288 0.0179967 0.0277692 -0.620714 -0.426161 0.657518
1305031803.122288 -0.5313 0.135331 0.0301195 0.0220798 -0.609457 -0.428941 0.666397
1305031803.153738 -0.527209 0.141331 0.0417465 0.0148026 -0.597956 -0.432489 0.674673
1305031803.189456 -0.524532 0.146184 0.0498352 0.00635578 -0.586612 -0.434815 0.683214
1305031803.222097 -0.520118 0.150613 0.0614879 -0.00106869 -0.576629 -0.436804 0.690435
1305031803.253833 -0.515229 0.15557 0.071574 -0.00822432 -0.56552 -0.440715 0.697058
1305031803.289513 -0.51149 0.159494 0.0798651 -0.0160248 -0.554416 -0.442989 0.704363
1305031803.317616 -0.506365 0.164826 0.087676 -0.0226567 -0.543923 -0.445496 0.710751
1305031803.353839 -0.501753 0.170641 0.0953016 -0.029525 -0.53343 -0.449297 0.71604
1305031803.393279 -0.496087 0.177037 0.101972 -0.0367569 -0.523139 -0.452748 0.721106
1305031803.421427 -0.492493 0.180109 0.107316 -0.045081 -0.513732 -0.454882 0.726037
1305031803.449958 -0.487354 0.184893 0.112925 -0.0498602 -0.50559 -0.457489 0.729792
1305031803.489758 -0.481939 0.188477 0.119246 -0.0550007 -0.497459 -0.459843 0.733522
1305031803.517807 -0.476406 0.191532 0.125327 -0.0611633 -0.489452 -0.460944 0.737717
1305031803.553175 -0.470905 0.194313 0.130696 -0.0668791 -0.482521 -0.461668 0.741325
1305031803.588621 -0.465188 0.197036 0.136056 -0.0729304 -0.476385 -0.461995 0.744513
1305031803.617801 -0.461052 0.200033 0.140903 -0.0795533 -0.471425 -0.463332 0.746159
1305031803.654299 -0.457213 0.202902 0.146712 -0.0853951 -0.466724 -0.46733 0.745975
1305031803.686328 -0.453808 0.203457 0.153151 -0.0911764 -0.461185 -0.47155 0.74608
1305031803.721631 -0.450559 0.204074 0.158566 -0.0985291 -0.454254 -0.474003 0.747841
1305031803.754202 -0.446079 0.208138 0.163066 -0.108162 -0.447434 -0.476669 0.748926
1305031803.789665 -0.443145 0.207138 0.170101 -0.12108 -0.441975 -0.482561 0.746413
1305031803.822228 -0.438231 0.20862 0.175818 -0.131285 -0.43702 -0.486167 0.745264
1305031803.854272 -0.433128 0.211544 0.182024 -0.141683 -0.431613 -0.492626 0.742264
1305031803.894274 -0.425827 0.212724 0.189473 -0.151565 -0.426065 -0.500724 0.738087
1305031803.922306 -0.419291 0.213595 0.195798 -0.160795 -0.419976 -0.507359 0.735086
1305031803.953878 -0.411646 0.216784 0.201643 -0.169997 -0.413375 -0.512948 0.732876
1305031803.986986 -0.402094 0.218432 0.209269 -0.180425 -0.407941 -0.518602 0.72944
1305031804.021991 -0.392173 0.221158 0.217155 -0.19045 -0.403412 -0.522978 0.726279
1305031804.057867 -0.380521 0.22345 0.225474 -0.200292 -0.398209 -0.525709 0.724529
1305031804.090568 -0.370658 0.225904 0.233044 -0.209195 -0.393217 -0.53024 0.721432
1305031804.121807 -0.363375 0.22767 0.240182 -0.216421 -0.389015 -0.534663 0.718307
1305031804.159547 -0.35666 0.228686 0.246406 -0.223571 -0.384103 -0.536149 0.717653
1305031804.190025 -0.354116 0.230898 0.251075 -0.230411 -0.379628 -0.536883 0.717321
1305031804.221943 -0.3531 0.23134 0.255425 -0.23558 -0.377622 -0.537289 0.716397
1305031804.257543 -0.352101 0.229717 0.259206 -0.237696 -0.376894 -0.535511 0.717411
1305031804.289105 -0.354624 0.227284 0.260287 -0.237904 -0.376551 -0.532572 0.719707
1305031804.322186 -0.362073 0.224466 0.25903 -0.235212 -0.378674 -0.528851 0.722217
1305031804.357487 -0.370041 0.21832 0.257987 -0.230007 -0.383391 -0.523955 0.724968
1305031804.388583 -0.378038 0.209521 0.255817 -0.222142 -0.388444 -0.516694 0.729926
1305031804.420347 -0.385914 0.194482 0.256351 -0.212181 -0.395178 -0.509185 0.734537
1305031804.458421 -0.395925 0.180227 0.25425 -0.199461 -0.402372 -0.501242 0.739641
1305031804.488618 -0.403769 0.165992 0.249867 -0.183812 -0.40949 -0.492607 0.745566
1305031804.520334 -0.408808 0.154323 0.245676 -0.168514 -0.416302 -0.482343 0.752091
1305031804.553325 -0.418667 0.139686 0.237743 -0.153628 -0.421562 -0.472089 0.758825
1305031804.588603 -0.425421 0.128453 0.228996 -0.136084 -0.426899 -0.46155 0.765644
1305031804.620878 -0.43276 0.115427 0.220616 -0.119505 -0.431728 -0.451811 0.77149
1305031804.657048 -0.436992 0.104449 0.212934 -0.101238 -0.437118 -0.443854 0.775676
1305031804.689811 -0.442549 0.0918489 0.204988 -0.0832917 -0.440764 -0.437364 0.779424
1305031804.721742 -0.449646 0.0785378 0.196161 -0.0640836 -0.44377 -0.429517 0.783886
1305031804.761864 -0.456771 0.0642887 0.186516 -0.0430313 -0.446785 -0.420698 0.788381
1305031804.794542 -0.463555 0.054747 0.174674 -0.0187282 -0.449114 -0.410946 0.793139
1305031804.822160 -0.469381 0.042996 0.164127 0.0074487 -0.452136 -0.401536 0.796421
1305031804.857799 -0.476859 0.0312018 0.15151 0.0335151 -0.453312 -0.390585 0.800517
1305031804.889635 -0.482707 0.020875 0.139321 0.0613771 -0.455012 -0.378102 0.803888
1305031804.921987 -0.488811 0.00940038 0.128022 0.0845158 -0.457105 -0.365053 0.806628
1305031804.958018 -0.49477 0.00437927 0.114091 0.103499 -0.457897 -0.353963 0.808906
1305031804.989454 -0.500987 -0.00183719 0.101861 0.120337 -0.459436 -0.343956 0.81002
1305031805.021251 -0.507392 -0.00849433 0.0887085 0.135029 -0.46121 -0.331001 0.812091
1305031805.053799 -0.513142 -0.0125013 0.0768546 0.148178 -0.46245 -0.316938 0.814698
1305031805.088981 -0.519639 -0.0212533 0.0668081 0.159668 -0.463972 -0.304932 0.816243
1305031805.120822 -0.525088 -0.0272004 0.0548301 0.169813 -0.466252 -0.2935 0.817087
1305031805.156816 -0.530733 -0.0313883 0.0434097 0.179488 -0.468431 -0.283082 0.817448
1305031805.188114 -0.533071 -0.0358661 0.0371872 0.188063 -0.470497 -0.274722 0.817186
1305031805.224830 -0.540734 -0.0441127 0.0254043 0.195885 -0.470601 -0.268116 0.817482
1305031805.256506 -0.544613 -0.0456805 0.0166732 0.204757 -0.470297 -0.260654 0.817896
1305031805.288719 -0.550065 -0.0535505 0.00594724 0.211201 -0.470372 -0.252969 0.818627
1305031805.324692 -0.555912 -0.0597164 -0.004984 0.221187 -0.468193 -0.248712 0.818544
1305031805.360488 -0.561347 -0.0701887 -0.0192943 0.233367 -0.464158 -0.243568 0.819006
1305031805.392685 -0.565373 -0.0881612 -0.0353528 0.245654 -0.46115 -0.234813 0.819669
1305031805.426082 -0.571846 -0.0886225 -0.0499635 0.260913 -0.457533 -0.223767 0.820071
1305031805.455941 -0.573652 -0.103095 -0.0673244 0.275488 -0.455012 -0.21639 0.818685
1305031805.488250 -0.577632 -0.102191 -0.0815494 0.29461 -0.449769 -0.211186 0.81628
1305031805.524339 -0.581897 -0.102499 -0.0981923 0.314401 -0.443951 -0.205264 0.813589
1305031805.555936 -0.579344 -0.099746 -0.104012 0.334549 -0.441037 -0.19697 0.809176
1305031805.587800 -0.579373 -0.0979749 -0.114337 0.349039 -0.437446 -0.189531 0.806778
1305031805.626288 -0.579414 -0.101025 -0.12782 0.362967 -0.435715 -0.182684 0.80314
1305031805.653600 -0.573248 -0.123591 -0.146376 0.368522 -0.433671 -0.180459 0.802219
1305031805.688826 -0.564214 -0.140905 -0.149233 0.370144 -0.432753 -0.176453 0.802859
1305031805.724499 -0.554758 -0.15469 -0.14703 0.36798 -0.432543 -0.172833 0.804752
1305031805.756662 -0.548625 -0.16649 -0.149078 0.360261 -0.42983 -0.173466 0.809548
1305031805.788800 -0.540656 -0.171198 -0.139411 0.349583 -0.428025 -0.174877 0.814864
1305031805.825010 -0.53208 -0.181418 -0.135477 0.330585 -0.425093 -0.180048 0.82316
1305031805.856722 -0.524454 -0.179775 -0.118195 0.307142 -0.419712 -0.188052 0.833151
1305031805.888558 -0.521904 -0.179834 -0.105661 0.286088 -0.416267 -0.193751 0.841033
1305031805.924334 -0.517456 -0.180471 -0.0900053 0.266916 -0.412655 -0.199979 0.847632
1305031805.956398 -0.513365 -0.180495 -0.0749413 0.248504 -0.408854 -0.20393 0.854106
1305031805.990628 -0.509871 -0.179873 -0.0641521 0.231629 -0.404339 -0.208514 0.859872
1305031806.026273 -0.507329 -0.179265 -0.0543077 0.216761 -0.397882 -0.212311 0.865811
1305031806.056329 -0.499642 -0.180579 -0.0407649 0.203606 -0.391241 -0.215254 0.871287
1305031806.091003 -0.493102 -0.183761 -0.0298294 0.192305 -0.383616 -0.217871 0.876579
1305031806.126194 -0.484128 -0.1787 -0.0139117 0.183324 -0.375369 -0.222224 0.880969
1305031806.160305 -0.475821 -0.176086 0.00114236 0.171948 -0.367607 -0.224674 0.885901
1305031806.186461 -0.468524 -0.17031 0.0145741 0.159276 -0.359809 -0.227475 0.890743
1305031806.226737 -0.461959 -0.162783 0.0270676 0.144116 -0.35158 -0.231585 0.895539
1305031806.256407 -0.455493 -0.159436 0.0392028 0.129997 -0.344007 -0.23703 0.899209
1305031806.292064 -0.447198 -0.153739 0.0531062 0.117551 -0.336214 -0.242881 0.902303
1305031806.324430 -0.440518 -0.148749 0.0659818 0.10275 -0.328503 -0.244569 0.906485
1305031806.356698 -0.435245 -0.142822 0.0783153 0.0880568 -0.321399 -0.246114 0.910152
1305031806.388772 -0.427142 -0.135226 0.0910832 0.0726724 -0.315782 -0.248608 0.912795
1305031806.428086 -0.421015 -0.130054 0.102136 0.0554913 -0.309965 -0.249447 0.915761
1305031806.458170 -0.417524 -0.127468 0.11188 0.0416739 -0.304318 -0.249671 0.918324
1305031806.493660 -0.407836 -0.120342 0.123221 0.0337139 -0.298752 -0.253076 0.919545
1305031806.531887 -0.399703 -0.113459 0.133796 0.0246914 -0.289542 -0.254778 0.922304
1305031806.556751 -0.390871 -0.104461 0.14395 0.0146545 -0.281906 -0.253275 0.925293
1305031806.594170 -0.382067 -0.0954776 0.154057 0.00180818 -0.275316 -0.255278 0.926839
1305031806.625910 -0.377405 -0.0907316 0.162856 -0.0130213 -0.267145 -0.258508 0.928244
1305031806.660594 -0.372024 -0.0858825 0.171195 -0.0264233 -0.259206 -0.258041 0.930338
1305031806.695601 -0.36652 -0.0806632 0.178882 -0.0408229 -0.2518 -0.255028 0.932679
1305031806.725479 -0.362366 -0.0761003 0.18541 -0.0559179 -0.246629 -0.251651 0.934194
1305031806.757877 -0.358329 -0.0716775 0.191319 -0.0713525 -0.242832 -0.248044 0.935102
1305031806.793755 -0.354554 -0.0671181 0.196641 -0.0852115 -0.240262 -0.245638 0.935241
1305031806.821694 -0.351207 -0.0618989 0.201595 -0.0966382 -0.236115 -0.244077 0.935594
1305031806.857332 -0.346715 -0.0549448 0.206542 -0.106266 -0.229745 -0.243507 0.936285
1305031806.893667 -0.344067 -0.0492079 0.211123 -0.117177 -0.222833 -0.243308 0.936705
1305031806.925528 -0.341618 -0.0439493 0.215088 -0.127722 -0.216807 -0.241447 0.937222
1305031806.957342 -0.339012 -0.0375051 0.218772 -0.139141 -0.211721 -0.23776 0.937702
1305031806.994718 -0.33687 -0.0320738 0.222297 -0.149779 -0.20733 -0.235267 0.937673
1305031807.025349 -0.335319 -0.0267253 0.225108 -0.158489 -0.20208 -0.232218 0.938147
1305031807.057482 -0.333452 -0.021718 0.227594 -0.165696 -0.196473 -0.228929 0.938901
1305031807.094797 -0.332956 -0.0168603 0.229064 -0.17246 -0.190902 -0.225174 0.93974
1305031807.125639 -0.333192 -0.0128436 0.23063 -0.177696 -0.185564 -0.221219 0.940772
1305031807.158021 -0.334813 -0.00944844 0.231424 -0.180827 -0.179535 -0.21607 0.94254
1305031807.193815 -0.336826 -0.00708855 0.232012 -0.182206 -0.173774 -0.210579 0.944595
1305031807.226069 -0.340084 -0.00569693 0.232137 -0.182617 -0.167677 -0.204515 0.946947
1305031807.258189 -0.34481 -0.00557686 0.232112 -0.181633 -0.160725 -0.197888 0.949746
1305031807.294600 -0.349828 -0.00832763 0.232067 -0.178504 -0.15341 -0.191268 0.9529
1305031807.325779 -0.354889 -0.0134943 0.231849 -0.173433 -0.145384 -0.18299 0.956712
1305031807.356999 -0.361053 -0.0209965 0.231035 -0.165717 -0.13878 -0.17421 0.960692
1305031807.394901 -0.366196 -0.0281749 0.228978 -0.15451 -0.13297 -0.165428 0.964924
1305031807.425389 -0.372716 -0.0371712 0.227009 -0.143295 -0.126652 -0.156768 0.968942
1305031807.456981 -0.378846 -0.0499524 0.225863 -0.129352 -0.120376 -0.145992 0.973378
1305031807.493776 -0.383397 -0.0632398 0.223587 -0.105676 -0.113951 -0.137214 0.978274
1305031807.525569 -0.387394 -0.0732467 0.220178 -0.0739465 -0.106568 -0.13115 0.98284
1305031807.558514 -0.391138 -0.0788691 0.216582 -0.0474354 -0.0990077 -0.125712 0.985974
1305031807.593758 -0.394412 -0.0902904 0.213857 -0.0239942 -0.0908692 -0.119778 0.988342
1305031807.625726 -0.397555 -0.099907 0.208974 0.00155392 -0.0815698 -0.115536 0.989947
1305031807.657923 -0.402511 -0.107191 0.203892 0.0212098 -0.073772 -0.110583 0.990898
1305031807.695218 -0.407951 -0.118158 0.198241 0.039102 -0.0679109 -0.105222 0.991356
1305031807.725763 -0.412967 -0.131486 0.190859 0.0608382 -0.0623844 -0.100401 0.991124
1305031807.763921 -0.416264 -0.138056 0.183713 0.0821068 -0.0562653 -0.0937343 0.990609
1305031807.794370 -0.421047 -0.150371 0.17502 0.101676 -0.0512702 -0.0874072 0.989643
1305031807.825649 -0.42504 -0.159844 0.166046 0.121714 -0.049614 -0.0800701 0.988085
1305031807.862767 -0.427612 -0.16658 0.157172 0.140419 -0.0479843 -0.0767275 0.985948
1305031807.895051 -0.431138 -0.174497 0.148252 0.156626 -0.0446641 -0.0740168 0.983867
1305031807.922091 -0.433291 -0.184113 0.138687 0.172565 -0.0422382 -0.0706912 0.98155
1305031807.960371 -0.436425 -0.192843 0.128694 0.188844 -0.0400992 -0.0677987 0.978843
1305031807.990310 -0.43782 -0.201078 0.118691 0.205018 -0.0399629 -0.0638024 0.975858
1305031808.025493 -0.439076 -0.208756 0.108804 0.220755 -0.0406703 -0.0591215 0.972686
1305031808.060837 -0.441368 -0.218116 0.0980718 0.236128 -0.0414244 -0.0540367 0.969334
1305031808.094509 -0.442785 -0.229505 0.0852399 0.251634 -0.0432369 -0.0502411 0.96555
1305031808.124869 -0.442154 -0.238199 0.0733939 0.268181 -0.0448488 -0.0482296 0.961115
1305031808.160774 -0.44321 -0.247864 0.0610579 0.284446 -0.0458486 -0.0458572 0.956496
1305031808.193540 -0.444602 -0.261637 0.0454828 0.301754 -0.0468011 -0.0445069 0.951196
1305031808.224541 -0.445244 -0.272407 0.0293904 0.318646 -0.0481571 -0.0453986 0.945561
1305031808.259528 -0.447858 -0.280655 0.0166152 0.331553 -0.0507038 -0.0446934 0.941013
1305031808.292602 -0.449504 -0.290791 0.00296694 0.342733 -0.0532581 -0.0447442 0.936854
1305031808.324524 -0.446621 -0.300813 -0.0119598 0.35581 -0.0546589 -0.0448825 0.931878
1305031808.362374 -0.445307 -0.309824 -0.0276985 0.369474 -0.0551492 -0.0434904 0.926583
1305031808.394090 -0.452634 -0.312382 -0.0380104 0.383277 -0.0547889 -0.0412631 0.921083
1305031808.427040 -0.454787 -0.314685 -0.0479384 0.395554 -0.0550603 -0.0416446 0.915845
1305031808.462622 -0.459824 -0.316531 -0.0610958 0.406748 -0.0536026 -0.0401522 0.911082
1305031808.493893 -0.468004 -0.325537 -0.0815513 0.417714 -0.0512319 -0.0364229 0.906402
1305031808.524551 -0.469184 -0.333428 -0.0989645 0.428818 -0.0512478 -0.0311613 0.901398
1305031808.561866 -0.480224 -0.344678 -0.122066 0.4359 -0.0510747 -0.0260724 0.898166
1305031808.590231 -0.485584 -0.362405 -0.155984 0.441643 -0.0494504 -0.0235561 0.895518
1305031808.624717 -0.481924 -0.365786 -0.174456 0.451172 -0.0449659 -0.018658 0.891108
1305031808.661004 -0.477576 -0.365659 -0.190586 0.461421 -0.0378865 -0.0135457 0.886268
1305031808.692608 -0.47305 -0.379829 -0.214251 0.466755 -0.0312716 -0.00845709 0.883793
1305031808.724581 -0.463251 -0.38335 -0.228256 0.472809 -0.0257653 -0.00790099 0.880753
1305031808.761035 -0.458179 -0.379948 -0.22987 0.480568 -0.0183415 -0.00769422 0.876732
1305031808.792909 -0.46016 -0.376908 -0.219234 0.491092 -0.00552222 -0.00731811 0.87106
1305031808.824645 -0.459091 -0.382037 -0.222887 0.497507 0.00652214 -0.00133967 0.867435
1305031808.860603 -0.448827 -0.389356 -0.235618 0.497453 0.0171755 0.00174468 0.867319
1305031808.894236 -0.433689 -0.391706 -0.245614 0.492791 0.0261767 0.00225786 0.869751
1305031808.924712 -0.417414 -0.391404 -0.249467 0.485881 0.0336005 0.00286319 0.873374
1305031808.960766 -0.398849 -0.385111 -0.246283 0.475872 0.0403485 0.00234144 0.878585
1305031808.994453 -0.383403 -0.375721 -0.235511 0.46209 0.0467486 0.0022033 0.885597
1305031809.029773 -0.370188 -0.360266 -0.214552 0.449996 0.0525575 0.0034193 0.891476
1305031809.063418 -0.357448 -0.348641 -0.203768 0.434855 0.0576964 0.00520413 0.898635
1305031809.097271 -0.348747 -0.334987 -0.191948 0.421122 0.0648928 0.00636183 0.904657
1305031809.131663 -0.339849 -0.325374 -0.185945 0.407051 0.0743208 0.0066524 0.910352
1305031809.161507 -0.332504 -0.315956 -0.1788 0.394122 0.0840121 0.0108948 0.915145
1305031809.194288 -0.332535 -0.310008 -0.172505 0.380242 0.0928108 0.0175773 0.920051
1305031809.229538 -0.3313 -0.302253 -0.161846 0.367129 0.0993938 0.0241267 0.92453
1305031809.261343 -0.327072 -0.292022 -0.151887 0.353086 0.103901 0.0294432 0.929337
1305031809.294460 -0.325221 -0.279734 -0.14068 0.337776 0.109776 0.0353556 0.934134
1305031809.330064 -0.316838 -0.271037 -0.133255 0.323768 0.113133 0.0412575 0.938442
1305031809.359534 -0.313035 -0.257922 -0.124448 0.311225 0.116427 0.046124 0.942049
1305031809.393838 -0.308965 -0.245565 -0.115346 0.298161 0.119299 0.0497643 0.945723
1305031809.428411 -0.309916 -0.237959 -0.107137 0.284224 0.121876 0.0524765 0.949531
1305031809.462164 -0.311112 -0.232162 -0.101727 0.271291 0.123724 0.055349 0.952906
1305031809.493873 -0.316043 -0.227882 -0.0957555 0.259755 0.125697 0.0604958 0.955546
1305031809.530074 -0.319952 -0.221788 -0.0898006 0.249605 0.126205 0.06525 0.957868
1305031809.563364 -0.322668 -0.215762 -0.0839591 0.239329 0.127205 0.0667908 0.96025
1305031809.594021 -0.32698 -0.210342 -0.0784333 0.2285 0.129478 0.0674738 0.962533
1305031809.631035 -0.329578 -0.207588 -0.07423 0.218303 0.132323 0.0687043 0.964424
1305031809.662949 -0.332975 -0.201466 -0.0698678 0.209862 0.135482 0.0698799 0.965774
1305031809.693782 -0.335909 -0.194668 -0.0652193 0.200827 0.137576 0.0717142 0.967263
1305031809.731309 -0.338857 -0.188256 -0.060686 0.191124 0.139013 0.0748981 0.968781
1305031809.758942 -0.341042 -0.18107 -0.0559388 0.181593 0.139818 0.0779508 0.970257
1305031809.793369 -0.343248 -0.174322 -0.0511859 0.17176 0.141044 0.0823723 0.971504
1305031809.830391 -0.345852 -0.166739 -0.0464548 0.161994 0.142953 0.0879498 0.972413
1305031809.861943 -0.347932 -0.159174 -0.0415987 0.151824 0.144799 0.091846 0.97342
1305031809.895169 -0.349068 -0.152646 -0.0372981 0.140687 0.147418 0.0953227 0.974366
1305031809.929860 -0.350299 -0.145799 -0.0332945 0.130313 0.151487 0.0990644 0.974811
1305031809.963228 -0.351972 -0.13805 -0.0299376 0.120015 0.155493 0.10368 0.975022
1305031809.994224 -0.353134 -0.130277 -0.0265601 0.109429 0.158753 0.107875 0.975288
1305031810.030062 -0.352911 -0.122527 -0.0231349 0.0979989 0.161102 0.112714 0.975571
1305031810.062155 -0.352775 -0.119277 -0.0213087 0.0861773 0.163648 0.116926 0.975767
1305031810.095183 -0.351632 -0.111563 -0.0196834 0.0775867 0.166537 0.12198 0.97538
1305031810.131056 -0.351047 -0.104329 -0.0185689 0.0681289 0.168969 0.126754 0.97506
1305031810.161700 -0.3491 -0.0972701 -0.0175409 0.058229 0.171248 0.128529 0.975071
1305031810.197185 -0.348583 -0.0928283 -0.0178449 0.0476844 0.175521 0.130919 0.974566
1305031810.230520 -0.346792 -0.0852591 -0.0185575 0.0394803 0.179184 0.133297 0.973944
1305031810.262762 -0.345171 -0.0774546 -0.0191222 0.0297329 0.18205 0.135611 0.973439
1305031810.298074 -0.344434 -0.0682658 -0.0204513 0.0178523 0.183674 0.137666 0.973136
1305031810.330937 -0.343502 -0.0640458 -0.0221504 0.00508693 0.184892 0.1388 0.972894
1305031810.362897 -0.343218 -0.0602564 -0.0238882 -0.0052194 0.187264 0.142068 0.971968
1305031810.396861 -0.341037 -0.0523182 -0.0263679 -0.0133995 0.188385 0.148318 0.970738
1305031810.429920 -0.337681 -0.0450727 -0.0285812 -0.0226511 0.187769 0.153851 0.969825
1305031810.461399 -0.332822 -0.0365646 -0.0310112 -0.0326366 0.186086 0.157224 0.969323
1305031810.496777 -0.329504 -0.0275653 -0.0334679 -0.0448902 0.185051 0.161748 0.968286
1305031810.529947 -0.326344 -0.0231087 -0.0355248 -0.0573706 0.185938 0.166866 0.966588
1305031810.561970 -0.321703 -0.0137832 -0.0393537 -0.0659681 0.187256 0.170914 0.965076
1305031810.598116 -0.318192 -0.00456302 -0.0424385 -0.0752713 0.189133 0.17507 0.963283
1305031810.630327 -0.315244 0.00277188 -0.0452586 -0.0821285 0.191092 0.179993 0.961427
1305031810.661881 -0.31062 0.00816872 -0.0482814 -0.0870473 0.192555 0.185363 0.95968
1305031810.698469 -0.302454 0.00843669 -0.0500336 -0.0890238 0.195133 0.190985 0.957874
1305031810.729616 -0.292648 0.00703845 -0.0527875 -0.087745 0.198914 0.195842 0.956232
1305031810.762055 -0.283931 0.00642691 -0.0576587 -0.0824352 0.2046 0.199763 0.954693
1305031810.798335 -0.277865 0.00603948 -0.0632095 -0.0751466 0.211693 0.20354 0.952948
1305031810.826635 -0.272039 0.00227629 -0.069313 -0.0665724 0.219675 0.205889 0.951273
1305031810.859437 -0.268311 -0.00152773 -0.0760752 -0.0543388 0.230882 0.207475 0.94905
1305031810.896721 -0.262347 -0.00177818 -0.0819439 -0.0381525 0.2434 0.207764 0.946644
1305031810.931542 -0.259447 -0.00289764 -0.0878058 -0.0240799 0.254539 0.208256 0.944065
1305031810.962074 -0.253713 -0.00567016 -0.0941568 -0.00766302 0.264697 0.208309 0.941533
1305031810.999156 -0.248941 -0.00714915 -0.101535 0.0140433 0.276313 0.208304 0.938117
1305031811.030567 -0.248613 -0.00399275 -0.107549 0.032578 0.286659 0.210764 0.933994
1305031811.062402 -0.247202 -0.00980606 -0.114048 0.0457913 0.294817 0.211843 0.93065
1305031811.098594 -0.245035 -0.0176898 -0.122713 0.0611794 0.302764 0.21073 0.927461
1305031811.130054 -0.245822 -0.015115 -0.129766 0.0799694 0.311072 0.212408 0.922888
1305031811.163124 -0.245632 -0.0157262 -0.135563 0.0914217 0.318984 0.2129 0.919002
1305031811.196680 -0.243428 -0.021134 -0.143233 0.100975 0.325835 0.210388 0.916173
1305031811.226245 -0.241483 -0.0282294 -0.150078 0.111932 0.333394 0.208713 0.912556
1305031811.258835 -0.239886 -0.0315935 -0.157385 0.12283 0.342231 0.207197 0.908218
1305031811.297420 -0.238763 -0.0372251 -0.166589 0.133695 0.352121 0.205898 0.903184
1305031811.330119 -0.240872 -0.0465475 -0.175764 0.146686 0.362826 0.204119 0.897316
1305031811.362347 -0.242385 -0.0531568 -0.185015 0.162497 0.373925 0.202487 0.890378
1305031811.399651 -0.247373 -0.0620845 -0.191125 0.178952 0.384135 0.200924 0.883202
1305031811.430784 -0.253925 -0.0698515 -0.196678 0.196515 0.39363 0.196532 0.876249
1305031811.466212 -0.261248 -0.0771711 -0.200595 0.213991 0.403788 0.191771 0.868555
1305031811.497813 -0.267394 -0.0885566 -0.207906 0.227959 0.413711 0.18783 0.861161
1305031811.530073 -0.274554 -0.0974673 -0.213545 0.239333 0.423506 0.183974 0.854117
1305031811.566308 -0.281173 -0.107043 -0.221644 0.249231 0.432865 0.179625 0.847495
1305031811.598269 -0.288455 -0.119511 -0.228378 0.259875 0.442427 0.174624 0.840375
1305031811.630831 -0.294171 -0.142944 -0.240844 0.269986 0.450775 0.172435 0.833172
1305031811.663366 -0.304778 -0.161604 -0.243234 0.2844 0.459198 0.168845 0.824467
1305031811.698740 -0.313168 -0.172676 -0.246763 0.297731 0.464675 0.166677 0.8171
1305031811.733435 -0.322154 -0.187594 -0.250954 0.310241 0.469243 0.164338 0.81028
1305031811.765703 -0.330362 -0.196486 -0.256114 0.321875 0.473602 0.15957 0.804136
1305031811.799543 -0.339911 -0.209952 -0.258262 0.33242 0.4778 0.158481 0.797551
1305031811.831559 -0.352021 -0.217584 -0.254491 0.344469 0.48315 0.156181 0.78963
1305031811.866219 -0.35933 -0.228412 -0.264723 0.355443 0.484708 0.156492 0.783728
1305031811.899601 -0.368247 -0.236585 -0.269192 0.36544 0.486523 0.155051 0.778272
1305031811.929778 -0.377013 -0.246335 -0.275519 0.373977 0.48879 0.152322 0.77332
1305031811.965910 -0.385349 -0.258207 -0.285339 0.381506 0.492339 0.147521 0.768306
1305031811.997697 -0.393117 -0.265417 -0.291086 0.39185 0.496447 0.142664 0.761341
1305031812.031513 -0.399377 -0.273027 -0.298629 0.402149 0.499292 0.139486 0.75467
1305031812.067293 -0.406625 -0.280763 -0.306668 0.41065 0.501245 0.136411 0.749341
1305031812.097226 -0.408468 -0.283034 -0.320993 0.418749 0.502543 0.1314 0.744872
1305031812.131618 -0.416409 -0.290007 -0.323858 0.427583 0.506689 0.127261 0.737729
1305031812.165747 -0.424975 -0.297777 -0.330135 0.435123 0.512699 0.123174 0.729819
1305031812.194229 -0.434011 -0.307432 -0.335775 0.441932 0.518091 0.120194 0.722379
1305031812.230599 -0.442891 -0.31467 -0.340837 0.447824 0.523378 0.116024 0.715589
1305031812.262258 -0.448913 -0.317895 -0.342529 0.455316 0.527509 0.113859 0.708137
1305031812.295017 -0.45488 -0.3247 -0.347494 0.460662 0.529426 0.115528 0.70296
1305031812.329535 -0.461031 -0.331099 -0.354181 0.463458 0.53173 0.115003 0.699459
1305031812.367033 -0.463658 -0.330429 -0.358863 0.466516 0.536014 0.112584 0.694533
1305031812.398919 -0.465726 -0.327866 -0.363549 0.46971 0.543509 0.109684 0.686979
1305031812.431444 -0.467942 -0.324641 -0.368895 0.473556 0.551165 0.106188 0.678738
1305031812.466128 -0.473551 -0.334705 -0.387253 0.470013 0.557075 0.107172 0.676217
1305031812.499545 -0.473541 -0.331117 -0.391409 0.464606 0.562155 0.107681 0.675668
1305031812.530582 -0.472113 -0.323794 -0.390331 0.457685 0.567478 0.108883 0.67575
1305031812.566690 -0.470338 -0.31438 -0.392582 0.448999 0.572344 0.111512 0.677043
1305031812.599029 -0.466254 -0.302247 -0.393197 0.439055 0.577338 0.116871 0.678419
1305031812.628645 -0.46413 -0.29586 -0.39966 0.426321 0.581255 0.12342 0.682027
1305031812.668061 -0.458657 -0.281518 -0.399573 0.41546 0.585043 0.128993 0.684455
1305031812.698746 -0.446799 -0.254469 -0.389157 0.40394 0.589577 0.133481 0.686596
1305031812.734013 -0.43972 -0.237052 -0.386803 0.391755 0.591768 0.143114 0.689825
1305031812.767275 -0.435038 -0.223107 -0.384079 0.379906 0.593857 0.151603 0.692836
1305031812.799489 -0.428496 -0.204318 -0.386227 0.366883 0.593748 0.160194 0.697996
1305031812.834132 -0.421416 -0.185822 -0.380471 0.353808 0.594511 0.169483 0.701892
1305031812.866016 -0.41484 -0.166205 -0.374012 0.342754 0.593816 0.179725 0.705408
1305031812.898960 -0.409095 -0.15194 -0.373184 0.330482 0.592952 0.190287 0.709211
1305031812.934173 -0.404803 -0.137403 -0.37085 0.318084 0.592748 0.200388 0.712262
1305031812.966151 -0.399474 -0.120925 -0.364254 0.305426 0.592894 0.210454 0.714773
1305031812.999091 -0.397128 -0.109165 -0.361828 0.293387 0.59105 0.223843 0.717271
1305031813.034784 -0.393094 -0.0907903 -0.358629 0.282502 0.587924 0.235271 0.720545
1305031813.066289 -0.388805 -0.0745195 -0.353905 0.27077 0.584706 0.246581 0.723879
1305031813.098588 -0.386675 -0.0540311 -0.347743 0.260552 0.579984 0.259012 0.727079
1305031813.135262 -0.383287 -0.0428722 -0.349684 0.249579 0.573893 0.272005 0.731007
1305031813.166033 -0.378937 -0.0320692 -0.350852 0.238185 0.566421 0.285145 0.735613
1305031813.196373 -0.375679 -0.0206691 -0.348781 0.2262 0.559183 0.29705 0.740209
1305031813.234674 -0.373681 -0.00890468 -0.344655 0.216197 0.551921 0.307642 0.744311
1305031813.267055 -0.37189 0.00524996 -0.339366 0.206235 0.544182 0.317843 0.748537
1305031813.299198 -0.371544 0.016185 -0.33255 0.195922 0.537589 0.327409 0.751942
1305031813.333908 -0.371543 0.0287199 -0.325915 0.184941 0.532441 0.335176 0.754957
1305031813.365437 -0.370568 0.0374751 -0.322161 0.173486 0.5282 0.344555 0.756432
1305031813.398657 -0.371319 0.0503374 -0.317871 0.162747 0.524656 0.353849 0.756994
1305031813.433247 -0.37421 0.065129 -0.30922 0.152443 0.522183 0.362173 0.756912
1305031813.466220 -0.37748 0.0782099 -0.300154 0.140616 0.518172 0.37275 0.756824
1305031813.498088 -0.380068 0.0903336 -0.295954 0.128926 0.512051 0.384099 0.757397
1305031813.534016 -0.382526 0.100387 -0.290975 0.117145 0.506892 0.393111 0.758157
1305031813.566769 -0.383353 0.108807 -0.288425 0.103186 0.502251 0.402298 0.758454
1305031813.598490 -0.385596 0.116382 -0.284892 0.0900987 0.498853 0.410271 0.758093
1305031813.631475 -0.389028 0.124388 -0.281566 0.0790562 0.495824 0.417328 0.75746
1305031813.661752 -0.392945 0.13064 -0.275267 0.0680863 0.493855 0.424061 0.756071
1305031813.698286 -0.396476 0.135581 -0.269751 0.0569278 0.491018 0.43096 0.75494
1305031813.730280 -0.400537 0.139849 -0.264576 0.0467491 0.487425 0.436751 0.754639
1305031813.764797 -0.405427 0.143826 -0.258506 0.0370271 0.482968 0.443016 0.754392
1305031813.799441 -0.41032 0.146906 -0.251839 0.0258949 0.478227 0.448862 0.754421
1305031813.833945 -0.417916 0.152365 -0.242469 0.0149854 0.473084 0.453775 0.75502
1305031813.867772 -0.423557 0.157894 -0.236074 0.00581164 0.465887 0.463014 0.754012
1305031813.899482 -0.429342 0.162798 -0.223831 -0.0061409 0.458565 0.472939 0.752336
1305031813.934338 -0.43669 0.168019 -0.21342 -0.018298 0.4503 0.48389 0.750164
1305031813.965926 -0.443077 0.171505 -0.207247 -0.0290343 0.444432 0.491374 0.748458
1305031814.003554 -0.453109 0.178626 -0.200527 -0.0368581 0.440991 0.497362 0.74619
1305031814.033924 -0.455636 0.181425 -0.193933 -0.0438826 0.436742 0.50506 0.743132
1305031814.066026 -0.462207 0.184212 -0.188788 -0.0476554 0.433801 0.512507 0.739514
1305031814.102320 -0.467493 0.185902 -0.184259 -0.0491229 0.431273 0.518109 0.73699
1305031814.134667 -0.471522 0.187198 -0.182443 -0.0510559 0.428576 0.520876 0.736481
1305031814.166052 -0.471049 0.185477 -0.184194 -0.0510648 0.427378 0.521504 0.736732
1305031814.202037 -0.470455 0.183539 -0.187844 -0.0472473 0.43016 0.5213 0.735511
1305031814.234336 -0.464185 0.177219 -0.18946 -0.0421326 0.436173 0.520914 0.732548
1305031814.265980 -0.458469 0.170466 -0.195886 -0.035105 0.443499 0.519648 0.729413
1305031814.302865 -0.455729 0.164297 -0.198538 -0.0206767 0.456959 0.517429 0.723207
1305031814.334123 -0.461196 0.16336 -0.202687 -0.00862351 0.469911 0.519142 0.713863
1305031814.365916 -0.456699 0.156063 -0.208932 0.00271963 0.480863 0.519317 0.706451
1305031814.402137 -0.457296 0.150727 -0.214341 0.0173213 0.495763 0.518111 0.696764
1305031814.434097 -0.463102 0.150944 -0.221734 0.0301348 0.509645 0.517269 0.686867
1305031814.466875 -0.466479 0.149543 -0.230721 0.041545 0.522611 0.517042 0.676623
1305031814.503242 -0.466914 0.146341 -0.239661 0.053318 0.537067 0.515761 0.665363
1305031814.535346 -0.470681 0.14607 -0.249269 0.0632692 0.553098 0.513075 0.653325
1305031814.567625 -0.473027 0.14442 -0.258178 0.0725925 0.569163 0.510975 0.640069
1305031814.601706 -0.473535 0.142989 -0.268945 0.0822579 0.58418 0.507805 0.627776
1305031814.635644 -0.473136 0.13979 -0.282991 0.0944152 0.599994 0.503594 0.614399
1305031814.667643 -0.486782 0.144078 -0.278766 0.105924 0.621175 0.491334 0.601259
1305031814.702775 -0.487712 0.14191 -0.286158 0.114353 0.634092 0.48546 0.590915
1305031814.734657 -0.488264 0.137303 -0.293675 0.12371 0.647087 0.477713 0.581175
1305031814.766015 -0.495846 0.138871 -0.295253 0.132913 0.659906 0.466875 0.573486
1305031814.801939 -0.498356 0.136547 -0.302008 0.140114 0.669905 0.460865 0.564977
1305031814.834141 -0.501343 0.134308 -0.306243 0.145949 0.679407 0.453127 0.558374
1305031814.866927 -0.503989 0.132512 -0.314982 0.149959 0.688029 0.446235 0.55227
1305031814.901856 -0.506002 0.128307 -0.323361 0.155184 0.698348 0.438967 0.543632
1305031814.934189 -0.509846 0.127987 -0.325118 0.160645 0.708044 0.429358 0.53714
1305031814.966026 -0.511426 0.124418 -0.330577 0.165494 0.714473 0.422319 0.532716
1305031815.002785 -0.514384 0.122349 -0.335711 0.172319 0.72072 0.415552 0.527434
1305031815.034070 -0.517359 0.12134 -0.338208 0.177967 0.727219 0.409004 0.521725
1305031815.066249 -0.518376 0.11797 -0.341924 0.183071 0.731305 0.404945 0.517396
1305031815.098276 -0.519059 0.113217 -0.345667 0.189469 0.733812 0.401135 0.514502
1305031815.134087 -0.520074 0.108917 -0.348227 0.196565 0.735604 0.396896 0.512565
1305031815.167703 -0.522136 0.106038 -0.349987 0.202485 0.737501 0.392644 0.510807
1305031815.200200 -0.522717 0.100583 -0.352939 0.207068 0.739317 0.388863 0.509234
1305031815.235479 -0.524217 0.0956777 -0.356395 0.211311 0.741178 0.383595 0.508781
1305031815.269898 -0.525908 0.0912516 -0.358759 0.215566 0.744126 0.37724 0.507442
1305031815.303120 -0.527695 0.0867459 -0.360836 0.220173 0.748004 0.369676 0.505326
1305031815.335140 -0.530494 0.084355 -0.362514 0.223484 0.752668 0.361238 0.503044
1305031815.369858 -0.530957 0.0795104 -0.364588 0.225585 0.75767 0.3537 0.499944
1305031815.402087 -0.533202 0.0761579 -0.365095 0.229391 0.76335 0.344413 0.49604
1305031815.435520 -0.536324 0.0741303 -0.366077 0.232867 0.766778 0.338029 0.493519
1305031815.469069 -0.537473 0.0697106 -0.367814 0.236009 0.768337 0.333701 0.492546
1305031815.503584 -0.538518 0.0661404 -0.369126 0.238644 0.769881 0.329117 0.49195
1305031815.533867 -0.539701 0.0634874 -0.370499 0.240392 0.771293 0.325794 0.491098
1305031815.570080 -0.539271 0.0602002 -0.37137 0.24179 0.772557 0.323505 0.489936
1305031815.602977 -0.539526 0.0587116 -0.372392 0.243025 0.773328 0.322196 0.488971
1305031815.633580 -0.539459 0.0571972 -0.373871 0.244157 0.773751 0.321536 0.488171
1305031815.669542 -0.539748 0.0570851 -0.374926 0.244803 0.773885 0.321613 0.487584
1305031815.703270 -0.539694 0.0586389 -0.374378 0.245103 0.773809 0.322413 0.487027
1305031815.734736 -0.539814 0.0598948 -0.374335 0.245169 0.773461 0.32328 0.486971
1305031815.770261 -0.539899 0.0615363 -0.374246 0.244161 0.77356 0.323583 0.487119
1305031815.803102 -0.539843 0.0634918 -0.373293 0.244119 0.773418 0.324466 0.486777
