1305031790.640468 0 0 0 0 0 0 1
1305031790.672866 0.00491269 0.0081429 0.00157263 -0.00915287 0.000145884 0.00255071 0.999955
1305031790.709421 0.00969423 0.0157365 0.0031048 -0.0192906 0.000296253 0.00522398 0.9998
1305031790.739530 0.0141891 0.0210226 0.0041862 -0.0297924 0.000290184 0.00805712 0.999524
1305031790.773548 0.0194019 0.0278467 0.00463299 -0.0381127 0.00124647 0.0132877 0.999184
1305031790.809521 0.0267922 0.0361823 0.00524208 -0.0467894 0.00196983 0.0193276 0.998716
1305031790.839363 0.0337193 0.0431582 0.00600429 -0.0593285 0.0025532 0.0266084 0.997881
1305031790.871606 0.0408715 0.0485391 0.00647479 -0.0714964 0.00365614 0.0333924 0.996875
1305031790.909436 0.0449162 0.0542971 0.00500706 -0.0817667 0.00837491 0.0427625 0.995698
1305031790.941495 0.0519676 0.0588029 0.00387674 -0.0885102 0.0131398 0.0505525 0.994705
1305031790.973696 0.0551284 0.0643381 0.000979113 -0.0934722 0.019401 0.0612584 0.993546
1305031791.009486 0.0561097 0.0675111 -0.00283618 -0.0952792 0.0256952 0.0760926 0.992205
1305031791.041197 0.0578501 0.0669176 -0.0075643 -0.0902454 0.0317093 0.0893333 0.991398
1305031791.073525 0.064882 0.0639686 -0.0126636 -0.0791953 0.0395005 0.0967943 0.991362
1305031791.109452 0.0696036 0.0595408 -0.0192025 -0.0683055 0.0506121 0.108696 0.990433
1305031791.141330 0.0774525 0.0473719 -0.0267557 -0.0495539 0.0645903 0.115004 0.990024
1305031791.173227 0.0807514 0.0482967 -0.0375948 -0.0203229 0.0849947 0.114753 0.989543
1305031791.209506 0.0820876 0.037498 -0.0465508 0.00161213 0.106159 0.117248 0.987411
1305031791.241091 0.0782094 0.0294513 -0.0582728 0.0330563 0.129689 0.116819 0.984094
1305031791.273558 0.0743713 0.0346406 -0.0687562 0.0630004 0.151443 0.118931 0.979261
1305031791.309764 0.0697697 0.0229972 -0.0798378 0.085315 0.173604 0.122288 0.973462
1305031791.341415 0.0645365 0.0138075 -0.0902576 0.115272 0.196343 0.124461 0.965749
1305031791.373525 0.0563874 0.0157757 -0.0983831 0.142221 0.217142 0.129415 0.957013
1305031791.409609 0.0507416 0.00856744 -0.107014 0.165094 0.233945 0.136128 0.948411
1305031791.441538 0.0452174 -0.00370631 -0.117274 0.192369 0.246088 0.142916 0.939154
1305031791.473230 0.0407404 -0.0117682 -0.125746 0.214178 0.256537 0.149561 0.930563
1305031791.509595 0.0341294 -0.0279481 -0.134256 0.231268 0.265281 0.153204 0.923401
1305031791.541450 0.0256141 -0.0392394 -0.140455 0.251257 0.272527 0.153621 0.915969
1305031791.574034 0.0198568 -0.0506577 -0.149598 0.267646 0.279648 0.1544 0.909023
1305031791.609401 0.0174937 -0.0676562 -0.161823 0.278655 0.286282 0.154877 0.903552
1305031791.641229 0.0104885 -0.0786077 -0.170224 0.293477 0.293109 0.151649 0.897196
1305031791.677621 0.00136934 -0.0885991 -0.178797 0.311787 0.30058 0.145821 0.889481
1305031791.709275 -0.00595095 -0.0973016 -0.188556 0.331316 0.308777 0.143656 0.879914
1305031791.741364 -0.0135969 -0.107961 -0.202411 0.348634 0.318139 0.142307 0.870052
1305031791.776668 -0.0257021 -0.118774 -0.212186 0.365206 0.328861 0.139847 0.859603
1305031791.808429 -0.0369078 -0.129826 -0.224563 0.381289 0.339553 0.136261 0.848973
1305031791.840375 -0.0513611 -0.139245 -0.233674 0.397682 0.351656 0.132848 0.836981
1305031791.876494 -0.058987 -0.132124 -0.222134 0.418807 0.358538 0.136193 0.823105
1305031791.908433 -0.0737264 -0.134898 -0.20849 0.438016 0.362925 0.143608 0.809817
1305031791.944357 -0.0840647 -0.146516 -0.223618 0.450357 0.368143 0.143658 0.800632
1305031791.977200 -0.0931416 -0.154705 -0.229764 0.465725 0.372454 0.1434 0.78982
1305031792.005506 -0.101849 -0.160668 -0.235124 0.478497 0.37879 0.140953 0.779545
1305031792.041730 -0.109795 -0.16858 -0.247445 0.490355 0.38419 0.13745 0.770102
1305031792.076713 -0.130296 -0.186949 -0.24802 0.498668 0.391298 0.135432 0.761495
1305031792.109497 -0.134951 -0.191462 -0.25699 0.503184 0.395892 0.131274 0.756863
1305031792.141484 -0.139904 -0.196355 -0.266449 0.509469 0.398748 0.129748 0.751404
1305031792.177376 -0.141345 -0.197851 -0.275202 0.514845 0.399771 0.127459 0.747577
1305031792.209274 -0.148392 -0.207321 -0.287356 0.516276 0.403667 0.124171 0.745046
1305031792.241751 -0.148842 -0.206525 -0.293371 0.520367 0.406717 0.119035 0.74137
1305031792.277507 -0.151052 -0.209725 -0.301549 0.521918 0.407234 0.117914 0.740174
1305031792.309357 -0.152769 -0.212101 -0.307142 0.521848 0.406817 0.118041 0.740433
1305031792.341029 -0.151663 -0.211916 -0.308797 0.521639 0.405126 0.118062 0.741503
1305031792.377088 -0.144064 -0.203244 -0.303367 0.517769 0.403867 0.117088 0.745048
1305031792.409323 -0.136031 -0.193914 -0.303181 0.510854 0.402071 0.121697 0.750038
1305031792.441590 -0.135761 -0.191478 -0.295659 0.502619 0.401188 0.127506 0.755093
1305031792.477100 -0.1322 -0.186159 -0.288938 0.494134 0.398559 0.134363 0.760874
1305031792.509589 -0.125959 -0.178275 -0.284796 0.483025 0.395261 0.142526 0.768207
1305031792.541061 -0.121625 -0.169797 -0.27501 0.471863 0.391265 0.153152 0.775114
1305031792.577055 -0.114562 -0.157805 -0.267166 0.458333 0.387951 0.162614 0.782932
1305031792.609388 -0.107881 -0.148798 -0.262703 0.44205 0.387249 0.169944 0.791043
1305031792.641219 -0.100868 -0.137883 -0.257343 0.426193 0.386933 0.17703 0.798313
1305031792.677662 -0.0944576 -0.130641 -0.25111 0.412313 0.386761 0.184738 0.80392
1305031792.709219 -0.0901238 -0.12823 -0.254262 0.396358 0.385895 0.193321 0.810316
1305031792.741510 -0.081764 -0.111285 -0.241835 0.383005 0.382863 0.201724 0.816107
1305031792.777507 -0.0759598 -0.106716 -0.240086 0.367142 0.379569 0.208942 0.82309
1305031792.809440 -0.0703569 -0.103361 -0.235435 0.351293 0.37704 0.217763 0.828863
1305031792.845359 -0.0617706 -0.0919697 -0.229252 0.337616 0.374366 0.225663 0.833631
1305031792.877574 -0.0555739 -0.0875891 -0.225318 0.322371 0.373404 0.232733 0.838142
1305031792.909293 -0.0507785 -0.0816144 -0.219962 0.308093 0.37248 0.241055 0.841564
1305031792.945340 -0.0433021 -0.0712719 -0.215867 0.295412 0.36829 0.251647 0.844848
1305031792.977564 -0.0375346 -0.0604419 -0.209609 0.283674 0.362404 0.264234 0.847569
1305031793.009530 -0.0321707 -0.0498117 -0.203948 0.270478 0.356599 0.275871 0.850632
1305031793.045243 -0.0294631 -0.034981 -0.193839 0.260334 0.352578 0.285397 0.852328
1305031793.077518 -0.0258521 -0.0197289 -0.186703 0.251568 0.349931 0.294196 0.85306
1305031793.109651 -0.0236769 -0.00554609 -0.180025 0.24259 0.350056 0.302599 0.852669
1305031793.145401 -0.0230806 0.00406186 -0.173161 0.233363 0.352982 0.31047 0.851207
1305031793.177537 -0.0223791 0.0143224 -0.168352 0.224606 0.356357 0.317303 0.849636
1305031793.209609 -0.0225721 0.0246054 -0.162329 0.215697 0.360455 0.323678 0.847809
1305031793.245617 -0.0212328 0.0363504 -0.157332 0.206001 0.364458 0.330626 0.845825
1305031793.277180 -0.0218998 0.046866 -0.149794 0.196503 0.368617 0.336565 0.843939
1305031793.309399 -0.0198786 0.0599268 -0.144709 0.187239 0.371495 0.341982 0.842604
1305031793.345594 -0.0180738 0.0728122 -0.138108 0.17857 0.373512 0.349771 0.840394
1305031793.377232 -0.0181519 0.0817927 -0.132431 0.16931 0.374984 0.358392 0.838019
1305031793.405708 -0.0206573 0.0986177 -0.118577 0.162552 0.376464 0.36467 0.835983
1305031793.442259 -0.0191055 0.103884 -0.112467 0.152801 0.377458 0.373076 0.833662
1305031793.474150 -0.0183065 0.110494 -0.104282 0.143089 0.379362 0.381658 0.830631
1305031793.507244 -0.0176517 0.117271 -0.0973427 0.133839 0.380145 0.392071 0.826957
1305031793.545400 -0.01964 0.12645 -0.0861779 0.126412 0.38102 0.401392 0.823242
1305031793.577186 -0.0226769 0.132287 -0.0733794 0.118011 0.381546 0.412282 0.818852
1305031793.609703 -0.027011 0.137762 -0.0612514 0.110116 0.381788 0.425876 0.81286
1305031793.645429 -0.0292459 0.14178 -0.050099 0.101922 0.381016 0.438894 0.807348
1305031793.677435 -0.0310806 0.150696 -0.0404926 0.0938308 0.379086 0.450023 0.8031
1305031793.709532 -0.0374254 0.150928 -0.0271863 0.0843967 0.37835 0.463541 0.79678
1305031793.745574 -0.0372529 0.157351 -0.0197145 0.075953 0.375168 0.476025 0.791758
1305031793.777364 -0.0389255 0.159055 -0.00850167 0.0667584 0.372504 0.487706 0.786719
1305031793.809469 -0.0397625 0.162241 -1.6031e-05 0.0570774 0.3698 0.498079 0.782245
1305031793.844756 -0.0356236 0.166869 0.00528572 0.0482957 0.366782 0.507618 0.778114
1305031793.876455 -0.0356306 0.167732 0.0103512 0.0411976 0.365174 0.517656 0.772647
1305031793.908753 -0.0407721 0.174863 0.0191704 0.0365355 0.365743 0.52579 0.7671
1305031793.946431 -0.041964 0.172543 0.0279501 0.0311097 0.3649 0.534504 0.761699
1305031793.976745 -0.0417874 0.172574 0.0330589 0.0254561 0.362279 0.540094 0.759213
1305031794.009162 -0.0392201 0.170371 0.029842 0.0197329 0.359433 0.548571 0.754645
1305031794.044747 -0.0392813 0.168472 0.0266838 0.0151114 0.358838 0.555208 0.750167
1305031794.076455 -0.037054 0.167443 0.0225721 0.0123365 0.358859 0.560399 0.746338
1305031794.112475 -0.0699858 0.131622 0.0511961 0.0140804 0.364096 0.578194 0.730019
1305031794.145599 -0.101696 0.115655 0.066565 0.0169704 0.369718 0.59083 0.716896
1305031794.177734 -0.128586 0.0985549 0.079397 0.0206583 0.376857 0.600634 0.704834
1305031794.213866 -0.146697 0.0796642 0.090254 0.0250182 0.385019 0.607119 0.694652
1305031794.245539 -0.144977 0.0705214 0.0869953 0.0285845 0.391112 0.606407 0.691726
1305031794.277346 -0.141964 0.0637947 0.0799284 0.0347082 0.399466 0.603166 0.689502
1305031794.313708 -0.140111 0.0571723 0.0738567 0.0421835 0.409385 0.598518 0.687314
1305031794.345350 -0.137576 0.0493268 0.0653762 0.0496685 0.418975 0.593103 0.685727
1305031794.377641 -0.134863 0.0408953 0.0552857 0.059204 0.429322 0.586206 0.684499
1305031794.414154 -0.137376 0.0365272 0.0503602 0.0705027 0.441256 0.5758 0.684673
1305031794.445415 -0.136636 0.0311774 0.0416452 0.0776223 0.450044 0.567147 0.685405
1305031794.477731 -0.135059 0.0261295 0.0270166 0.0861651 0.45613 0.560144 0.686119
1305031794.513643 -0.134566 0.0225177 0.0118238 0.098557 0.462802 0.55426 0.68476
1305031794.545650 -0.13664 0.0199342 0.00200408 0.110702 0.469727 0.548376 0.682924
1305031794.577340 -0.131768 0.00275909 -0.00956629 0.117342 0.478916 0.544128 0.678819
1305031794.613627 -0.130153 -0.00313004 -0.0262344 0.12614 0.488798 0.538285 0.674844
1305031794.645569 -0.129097 -0.00815651 -0.0419932 0.134969 0.501391 0.53181 0.669006
1305031794.677507 -0.12889 -0.0146922 -0.0569411 0.142009 0.516754 0.524269 0.66177
1305031794.713599 -0.131953 -0.0162472 -0.0666303 0.149257 0.534345 0.514838 0.653559
1305031794.745368 -0.131543 -0.0227236 -0.0811866 0.15567 0.553435 0.506803 0.64236
1305031794.776816 -0.13699 -0.0276046 -0.0982602 0.164233 0.576125 0.496678 0.628028
1305031794.813463 -0.141582 -0.0364288 -0.11412 0.171268 0.600023 0.484916 0.612778
1305031794.846026 -0.150541 -0.0396229 -0.130111 0.17835 0.62244 0.470552 0.59945
1305031794.873764 -0.157461 -0.0444547 -0.14803 0.186438 0.6427 0.457756 0.585352
1305031794.910108 -0.165709 -0.0512222 -0.164667 0.195038 0.662358 0.443646 0.571332
1305031794.945596 -0.174579 -0.056936 -0.182575 0.203537 0.679238 0.429799 0.559
1305031794.977250 -0.184075 -0.0608898 -0.196951 0.210452 0.694007 0.417196 0.547733
1305031795.013538 -0.192532 -0.0680718 -0.207284 0.216034 0.706678 0.407159 0.536802
1305031795.045683 -0.201826 -0.073644 -0.226331 0.221715 0.714408 0.402003 0.52807
1305031795.077205 -0.212409 -0.0738407 -0.237522 0.225436 0.720792 0.398323 0.520553
1305031795.113230 -0.217746 -0.0805059 -0.247575 0.229466 0.729143 0.393551 0.510699
1305031795.145139 -0.223431 -0.0915158 -0.25795 0.237577 0.740539 0.383811 0.497843
1305031795.177574 -0.232404 -0.0978897 -0.267148 0.246756 0.751642 0.373037 0.484756
1305031795.213517 -0.240519 -0.105851 -0.275937 0.25387 0.76064 0.36611 0.472166
1305031795.245440 -0.24847 -0.114489 -0.287799 0.262118 0.767595 0.360123 0.460872
1305031795.277594 -0.256022 -0.126231 -0.299261 0.268951 0.773962 0.353869 0.451027
1305031795.312820 -0.265536 -0.132551 -0.312583 0.27377 0.780358 0.34724 0.442172
1305031795.345404 -0.274882 -0.138403 -0.325826 0.276596 0.788001 0.33943 0.432823
1305031795.381033 -0.285257 -0.146247 -0.338941 0.276624 0.796922 0.331262 0.422681
1305031795.413248 -0.291521 -0.151123 -0.339103 0.273323 0.80931 0.321533 0.408568
1305031795.444944 -0.29734 -0.148506 -0.33933 0.273625 0.818987 0.316724 0.392524
1305031795.480855 -0.300141 -0.144588 -0.337248 0.275198 0.826496 0.314144 0.377471
1305031795.509058 -0.301666 -0.141357 -0.332442 0.276162 0.83379 0.310862 0.36317
1305031795.543822 -0.302598 -0.138359 -0.327031 0.277609 0.840209 0.30768 0.349735
1305031795.580571 -0.303716 -0.134922 -0.323237 0.277567 0.846112 0.303941 0.338632
1305031795.612694 -0.306636 -0.131821 -0.322565 0.27525 0.851791 0.299659 0.329991
1305031795.644499 -0.301997 -0.132795 -0.310916 0.272353 0.859377 0.293478 0.318065
1305031795.680455 -0.290958 -0.121257 -0.28569 0.274029 0.86712 0.284713 0.303233
1305031795.713145 -0.29186 -0.133238 -0.281317 0.27431 0.870748 0.284604 0.292496
1305031795.745356 -0.296541 -0.123885 -0.28964 0.269447 0.873029 0.285003 0.289814
1305031795.781187 -0.293341 -0.115216 -0.291231 0.260795 0.876005 0.288366 0.285388
1305031795.812774 -0.289004 -0.106953 -0.285967 0.255335 0.877324 0.296706 0.277618
1305031795.844570 -0.277219 -0.095161 -0.273284 0.25377 0.876664 0.307941 0.268764
1305031795.880527 -0.261822 -0.0886992 -0.257465 0.251676 0.873713 0.32318 0.262374
1305031795.909127 -0.254724 -0.0745544 -0.25162 0.248716 0.869714 0.337636 0.26027
1305031795.944316 -0.245963 -0.0657383 -0.248201 0.245182 0.865614 0.351534 0.258887
1305031795.980897 -0.23861 -0.0548387 -0.245417 0.238275 0.861161 0.366761 0.259062
1305031796.012654 -0.232179 -0.0420299 -0.241351 0.231501 0.856855 0.381888 0.257621
1305031796.045068 -0.224208 -0.0315911 -0.239059 0.227488 0.851554 0.398266 0.253945
1305031796.081241 -0.214901 -0.0180534 -0.228248 0.221471 0.846339 0.413188 0.252857
1305031796.113736 -0.208171 -0.00321709 -0.216374 0.217567 0.839629 0.429444 0.251526
1305031796.145545 -0.19969 0.00444983 -0.214921 0.212345 0.832238 0.446873 0.250188
1305031796.179196 -0.194935 0.0174681 -0.205292 0.209365 0.82613 0.461051 0.2472
1305031796.212249 -0.191271 0.029903 -0.195049 0.205521 0.819996 0.475291 0.243856
1305031796.244465 -0.188631 0.0387465 -0.188993 0.19987 0.814408 0.489059 0.240025
1305031796.280467 -0.187764 0.0475719 -0.182167 0.196594 0.809724 0.501412 0.232989
1305031796.312376 -0.187116 0.057885 -0.169408 0.193802 0.804638 0.513345 0.226883
1305031796.342290 -0.187116 0.0672856 -0.158428 0.190205 0.797983 0.526648 0.222905
1305031796.380122 -0.186139 0.0725216 -0.151549 0.187274 0.791153 0.539548 0.218845
1305031796.411800 -0.184842 0.078972 -0.13862 0.183844 0.785135 0.55094 0.215012
1305031796.444268 -0.184227 0.0838329 -0.129562 0.180617 0.776291 0.565756 0.211354
1305031796.481198 -0.18468 0.0885247 -0.123286 0.177486 0.768506 0.578015 0.209276
1305031796.512896 -0.185317 0.0942013 -0.109514 0.173105 0.763757 0.586217 0.207507
1305031796.544633 -0.184732 0.0996759 -0.0954274 0.168024 0.757092 0.597385 0.204232
1305031796.581150 -0.187239 0.105034 -0.0853813 0.164301 0.749591 0.608606 0.201786
1305031796.613198 -0.188387 0.110399 -0.0737489 0.16214 0.741687 0.619408 0.199863
1305031796.649045 -0.188981 0.115531 -0.0622312 0.160661 0.731352 0.632103 0.199393
1305031796.679446 -0.19084 0.120828 -0.0542324 0.158691 0.719941 0.64496 0.201319
1305031796.712815 -0.192572 0.12586 -0.0448946 0.157642 0.709935 0.656139 0.201552
1305031796.749489 -0.194493 0.130914 -0.034393 0.156544 0.701084 0.666182 0.200441
1305031796.781421 -0.196457 0.136256 -0.0234139 0.154875 0.691949 0.676158 0.200078
1305031796.813561 -0.199681 0.142258 -0.0134646 0.154414 0.68164 0.686812 0.19953
1305031796.849638 -0.202638 0.148117 -0.00648724 0.155456 0.67169 0.696771 0.197929
1305031796.877643 -0.2067 0.153733 0.00576685 0.155636 0.66331 0.704371 0.199146
1305031796.913380 -0.210759 0.158777 0.0183806 0.155535 0.652438 0.714166 0.200251
1305031796.949604 -0.214998 0.163895 0.0247935 0.155654 0.640663 0.72449 0.201087
1305031796.980992 -0.219363 0.167994 0.0370507 0.155857 0.632263 0.731502 0.202132
1305031797.013555 -0.222935 0.171501 0.0467892 0.154564 0.623134 0.739505 0.202354
1305031797.049352 -0.227401 0.174188 0.0566086 0.152302 0.615673 0.74629 0.201995
1305031797.081428 -0.229463 0.175628 0.0653401 0.148631 0.608371 0.753243 0.201044
1305031797.112264 -0.233539 0.177436 0.0737509 0.145412 0.601233 0.75973 0.200461
1305031797.149559 -0.239194 0.179666 0.081215 0.143721 0.593152 0.766627 0.199496
1305031797.181442 -0.245739 0.182385 0.0883826 0.144862 0.584323 0.774029 0.196114
1305031797.213717 -0.25268 0.185139 0.0945006 0.14683 0.575037 0.781167 0.19378
1305031797.249736 -0.259081 0.187829 0.099969 0.149269 0.564862 0.788397 0.192561
1305031797.281280 -0.267791 0.190898 0.106252 0.152346 0.554416 0.795099 0.192953
1305031797.313591 -0.274728 0.192561 0.112433 0.154627 0.546471 0.799959 0.193715
1305031797.349653 -0.280818 0.194067 0.118146 0.154862 0.539948 0.804242 0.194085
1305031797.381725 -0.286751 0.195504 0.123134 0.155318 0.534258 0.808495 0.191781
1305031797.413444 -0.293445 0.197581 0.126711 0.156593 0.528722 0.812577 0.188813
1305031797.449459 -0.298619 0.199163 0.128948 0.158226 0.524623 0.815576 0.185932
1305031797.481250 -0.303065 0.200317 0.130358 0.160042 0.521496 0.817889 0.182992
1305031797.511821 -0.307619 0.2016 0.130932 0.162772 0.519235 0.819518 0.179696
1305031797.549595 -0.31228 0.202596 0.129024 0.165273 0.517948 0.820302 0.177538
1305031797.577492 -0.31665 0.2045 0.121973 0.168044 0.520963 0.818258 0.175536
1305031797.613482 -0.320493 0.205873 0.115184 0.171071 0.528723 0.813715 0.170456
1305031797.649463 -0.322897 0.206361 0.107087 0.17362 0.538928 0.808025 0.162813
1305031797.681494 -0.326977 0.207201 0.0964645 0.176417 0.551546 0.800304 0.155523
1305031797.711478 -0.331256 0.204466 0.0894715 0.17576 0.567316 0.790326 0.150486
1305031797.749330 -0.332768 0.202575 0.0782077 0.174265 0.580601 0.782138 0.144201
1305031797.781348 -0.338201 0.197824 0.0726923 0.167683 0.598965 0.770456 0.139718
1305031797.815855 -0.343722 0.195097 0.0624371 0.161927 0.61192 0.762419 0.134353
1305031797.849306 -0.34741 0.192087 0.0490537 0.15802 0.624583 0.754018 0.127993
1305031797.877576 -0.351348 0.188217 0.0354185 0.154703 0.638831 0.744186 0.118951
1305031797.917116 -0.353945 0.183896 0.0240937 0.152118 0.653689 0.733557 0.106984
1305031797.949871 -0.357123 0.18083 0.0113947 0.14946 0.669218 0.721641 0.0950916
1305031797.981971 -0.360801 0.176327 -0.00297022 0.146592 0.685715 0.708037 0.0836069
1305031798.015269 -0.368031 0.172205 -0.0153979 0.144303 0.70212 0.693597 0.0716097
1305031798.049495 -0.371864 0.167865 -0.0254711 0.142642 0.71749 0.679366 0.0576434
1305031798.081417 -0.374979 0.163687 -0.0363219 0.140358 0.731562 0.665614 0.0455429
1305031798.114860 -0.377647 0.158116 -0.0492698 0.137598 0.745353 0.651444 0.0337055
1305031798.149092 -0.381757 0.152774 -0.0609169 0.135805 0.757148 0.638607 0.0215532
1305031798.180856 -0.381872 0.147185 -0.0703095 0.134472 0.767366 0.626881 0.00925969
1305031798.216938 -0.380932 0.141735 -0.0805293 0.132432 0.775654 0.617108 -0.00111705
1305031798.249843 -0.384559 0.136157 -0.0939168 0.128691 0.783797 0.607434 -0.0111145
1305031798.277285 -0.385262 0.130027 -0.103175 0.124073 0.793244 0.595644 -0.0240359
1305031798.317008 -0.383529 0.12345 -0.111795 0.119213 0.801872 0.58435 -0.0363905
1305031798.349326 -0.380549 0.115964 -0.122446 0.115241 0.809928 0.573092 -0.0479667
1305031798.381412 -0.376735 0.110585 -0.126227 0.111033 0.819123 0.559747 -0.058241
1305031798.417238 -0.373827 0.104667 -0.134031 0.105233 0.826631 0.548543 -0.0686198
1305031798.449066 -0.369994 0.0986329 -0.141315 0.0999757 0.834026 0.536579 -0.0805551
1305031798.481517 -0.365443 0.0937238 -0.14553 0.0969513 0.841833 0.522671 -0.093447
1305031798.517491 -0.364699 0.0869757 -0.154397 0.092613 0.849022 0.509761 -0.103575
1305031798.548782 -0.36558 0.0812847 -0.161632 0.0871672 0.85518 0.498134 -0.113719
1305031798.581190 -0.36387 0.0745508 -0.168135 0.0834339 0.861096 0.485368 -0.126377
1305031798.616969 -0.359989 0.0685316 -0.174439 0.081464 0.866807 0.47191 -0.13896
1305031798.649387 -0.358403 0.0613463 -0.182212 0.0789411 0.870984 0.460784 -0.151105
1305031798.681173 -0.353946 0.057515 -0.187741 0.0787465 0.874279 0.449727 -0.164865
1305031798.717545 -0.347939 0.0540503 -0.190433 0.0793347 0.878098 0.436246 -0.179831
1305031798.749417 -0.343013 0.0475008 -0.196092 0.0794538 0.882184 0.421534 -0.19429
1305031798.780379 -0.33975 0.040594 -0.202097 0.0766895 0.886115 0.408808 -0.204439
1305031798.816718 -0.337929 0.0307398 -0.211779 0.0703381 0.890471 0.396326 -0.212226
1305031798.848499 -0.338443 0.0189361 -0.218377 0.0648888 0.895026 0.382654 -0.219758
1305031798.880461 -0.337373 0.00818808 -0.224613 0.0597253 0.898717 0.370493 -0.226881
1305031798.916769 -0.33668 -0.00314691 -0.231657 0.0561679 0.902257 0.359104 -0.231997
1305031798.948386 -0.33722 -0.0141285 -0.236791 0.0503931 0.905315 0.351093 -0.233664
1305031798.977548 -0.339385 -0.0243357 -0.240843 0.0449125 0.90783 0.343857 -0.235775
1305031799.016423 -0.340379 -0.0380189 -0.248426 0.0404806 0.910274 0.335721 -0.238858
1305031799.048165 -0.340923 -0.0464283 -0.249938 0.0330641 0.912915 0.327585 -0.241207
1305031799.084229 -0.342471 -0.0585777 -0.256179 0.0248898 0.913825 0.322775 -0.245195
1305031799.116275 -0.347192 -0.0684811 -0.255966 0.0177178 0.914274 0.319033 -0.249012
1305031799.148353 -0.346698 -0.0750028 -0.258818 0.0112611 0.914149 0.315854 -0.253853
1305031799.184133 -0.349217 -0.0804836 -0.255668 0.00743319 0.914204 0.312625 -0.257763
1305031799.216330 -0.354895 -0.0859666 -0.251776 0.00773589 0.913967 0.3105 -0.26114
1305031799.248919 -0.355227 -0.0910265 -0.254262 0.00744521 0.912402 0.311784 -0.265062
1305031799.282109 -0.359657 -0.0964287 -0.250801 0.00565286 0.910699 0.313931 -0.268407
1305031799.317052 -0.362788 -0.0975959 -0.244822 0.00293014 0.908792 0.315678 -0.272831
1305031799.345225 -0.369496 -0.0995666 -0.237869 -0.000157361 0.906767 0.318226 -0.276596
1305031799.385836 -0.374707 -0.102134 -0.229489 -0.00276541 0.904677 0.320376 -0.280912
1305031799.417030 -0.380721 -0.107588 -0.224492 -0.00168161 0.901852 0.324241 -0.28553
1305031799.449416 -0.385829 -0.1037 -0.213091 -0.000809883 0.899073 0.329725 -0.288007
1305031799.485270 -0.392738 -0.102528 -0.201632 0.00018674 0.895146 0.339222 -0.28921
1305031799.517032 -0.396886 -0.0998184 -0.191371 0.000950953 0.890391 0.350105 -0.290912
1305031799.548193 -0.400966 -0.0950158 -0.177585 0.00176801 0.885648 0.361003 -0.292065
1305031799.581386 -0.396184 -0.0870947 -0.168946 0.00249772 0.879683 0.373046 -0.294938
1305031799.617188 -0.398821 -0.0802838 -0.157121 0.00542394 0.873713 0.385284 -0.296904
1305031799.649673 -0.404962 -0.0772239 -0.14412 0.00984589 0.868121 0.396897 -0.297896
1305031799.685493 -0.407711 -0.070854 -0.128634 0.0150611 0.862511 0.407861 -0.299162
1305031799.717286 -0.406545 -0.0635311 -0.118245 0.0182725 0.855817 0.421229 -0.299681
1305031799.749321 -0.406838 -0.0528364 -0.101058 0.0234017 0.849825 0.432628 -0.300138
1305031799.785018 -0.409407 -0.0475074 -0.0873277 0.0301468 0.843726 0.44348 -0.300904
1305031799.814639 -0.409403 -0.0396316 -0.073188 0.0361534 0.83691 0.455772 -0.30091
1305031799.849553 -0.409344 -0.0308776 -0.0576046 0.0422947 0.830133 0.467442 -0.30098
1305031799.885163 -0.409123 -0.0211702 -0.041034 0.049209 0.823388 0.47809 -0.301729
1305031799.916952 -0.406765 -0.0103095 -0.0274584 0.0533329 0.816037 0.490266 -0.301461
1305031799.949350 -0.403871 -0.00050694 -0.0165287 0.0573714 0.80742 0.503057 -0.302845
1305031799.985260 -0.401765 0.00848393 -0.00511918 0.0633941 0.798958 0.514254 -0.30527
1305031800.017573 -0.399375 0.0180467 0.00541296 0.0697292 0.790443 0.525772 -0.306433
1305031800.049428 -0.398114 0.0263748 0.0152282 0.0758498 0.781501 0.53807 -0.306567
1305031800.085033 -0.39744 0.034193 0.0263537 0.0817761 0.772876 0.549282 -0.307026
1305031800.117205 -0.394771 0.0433672 0.0372958 0.0855203 0.764289 0.560254 -0.307675
1305031800.149430 -0.393246 0.0514345 0.0485516 0.087864 0.755013 0.571666 -0.308924
1305031800.185401 -0.393732 0.0584851 0.0589398 0.0900935 0.745725 0.5813 -0.31284
1305031800.217472 -0.391061 0.0665293 0.0707851 0.0939733 0.735741 0.590638 -0.317806
1305031800.249376 -0.388083 0.0752137 0.082407 0.099868 0.724564 0.601692 -0.320936
1305031800.285574 -0.385486 0.0826489 0.0913539 0.105639 0.713106 0.613421 -0.322544
1305031800.317706 -0.384022 0.0903101 0.101262 0.110574 0.701919 0.624737 -0.323708
1305031800.353570 -0.381746 0.0982756 0.107793 0.113757 0.689878 0.635992 -0.326561
1305031800.386128 -0.378759 0.106481 0.116808 0.1173 0.67778 0.646336 -0.33031
1305031800.417282 -0.376549 0.113984 0.125206 0.121617 0.665908 0.655532 -0.334744
1305031800.453754 -0.375498 0.121363 0.132159 0.126703 0.65334 0.665016 -0.338892
1305031800.485575 -0.373403 0.127486 0.138761 0.131758 0.641738 0.672987 -0.343366
1305031800.517739 -0.371527 0.133128 0.144361 0.137394 0.630541 0.680004 -0.348044
1305031800.553340 -0.370888 0.138657 0.149404 0.143907 0.619297 0.686485 -0.352847
1305031800.585490 -0.369793 0.143625 0.153704 0.148476 0.608645 0.692981 -0.356768
1305031800.617831 -0.368945 0.148109 0.157502 0.151662 0.598431 0.69919 -0.360573
1305031800.653624 -0.367465 0.152585 0.163813 0.155978 0.588967 0.704346 -0.364262
1305031800.685405 -0.365801 0.157318 0.167005 0.160525 0.579524 0.70942 -0.367569
1305031800.713947 -0.364444 0.161457 0.169909 0.165423 0.571056 0.713347 -0.371033
1305031800.753166 -0.362588 0.165442 0.170745 0.169946 0.562999 0.716759 -0.374711
1305031800.784054 -0.365158 0.169693 0.168861 0.173886 0.556053 0.718966 -0.379021
1305031800.816096 -0.368399 0.173058 0.165465 0.177341 0.550569 0.718879 -0.385535
1305031800.853919 -0.377391 0.176012 0.158848 0.178513 0.548329 0.716848 -0.391914
1305031800.885396 -0.3854 0.177956 0.151059 0.177072 0.549286 0.711096 -0.401588
1305031800.917427 -0.387491 0.176765 0.145119 0.173345 0.55336 0.703127 -0.411529
1305031800.953700 -0.400416 0.177851 0.134395 0.169873 0.558421 0.694044 -0.42144
1305031800.985467 -0.414564 0.176695 0.123128 0.161972 0.569471 0.680441 -0.43182
1305031801.017256 -0.419225 0.170825 0.11447 0.150152 0.582451 0.665643 -0.441729
1305031801.053202 -0.426814 0.16741 0.1089 0.139076 0.594181 0.648927 -0.454424
1305031801.085709 -0.432479 0.163224 0.0981509 0.124411 0.606549 0.632306 -0.465628
1305031801.117929 -0.439606 0.157766 0.0914845 0.10972 0.618447 0.617353 -0.473667
1305031801.149557 -0.446812 0.151944 0.0822844 0.093926 0.627951 0.603863 -0.481876
1305031801.183875 -0.455556 0.142463 0.0686739 0.076377 0.637805 0.588882 -0.490499
1305031801.213176 -0.462148 0.133043 0.058605 0.0597061 0.647862 0.571694 -0.499876
1305031801.253746 -0.47099 0.120112 0.0445302 -0.0452701 -0.656358 -0.556113 0.507822
1305031801.285341 -0.474775 0.111622 0.031093 -0.0326717 -0.664303 -0.541206 0.51452
1305031801.318014 -0.482772 0.100022 0.0152284 -0.0209254 -0.67176 -0.528122 0.519026
1305031801.353094 -0.489279 0.0877651 0.00182021 -0.010398 -0.67833 -0.515589 0.523381
1305031801.385194 -0.493649 0.0755313 -0.0125878 0.000392671 -0.68362 -0.504385 0.527504
1305031801.417407 -0.496688 0.0644015 -0.0242825 0.0101494 -0.688978 -0.493865 0.53038
1305031801.453727 -0.499852 0.0524719 -0.0384367 0.0189025 -0.694115 -0.483716 0.532792
1305031801.485350 -0.501476 0.0443668 -0.0471824 0.0272189 -0.699746 -0.472693 0.534954
1305031801.521131 -0.505341 0.0332339 -0.0572105 0.033175 -0.706035 -0.460927 0.536619
1305031801.550374 -0.505794 0.0257298 -0.0649764 0.0407169 -0.712801 -0.449348 0.536976
1305031801.585137 -0.508377 0.0167825 -0.073045 0.047678 -0.719495 -0.438376 0.536545
1305031801.621227 -0.509697 0.0092611 -0.0798693 0.0547995 -0.726245 -0.426192 0.536587
1305031801.653135 -0.510706 0.00149587 -0.0841305 0.0633492 -0.733592 -0.412302 0.536505
1305031801.685234 -0.511228 -0.00727109 -0.0920297 0.0729647 -0.74082 -0.397865 0.53625
1305031801.721833 -0.511126 -0.0169239 -0.100011 0.0835819 -0.747924 -0.383138 0.535564
1305031801.752492 -0.510957 -0.0255657 -0.105597 0.0937367 -0.754887 -0.36795 0.534762
1305031801.785189 -0.511274 -0.0371731 -0.116046 0.103438 -0.760717 -0.354315 0.533921
1305031801.821431 -0.511708 -0.0490475 -0.122237 0.11526 -0.76476 -0.343645 0.532696
1305031801.851024 -0.513427 -0.0621642 -0.12778 0.125345 -0.768461 -0.331512 0.532782
1305031801.885594 -0.51392 -0.0738155 -0.133799 0.134354 -0.772673 -0.318067 0.53269
1305031801.921490 -0.514314 -0.07983 -0.135278 0.142766 -0.776958 -0.304927 0.531952
1305031801.953537 -0.514688 -0.0868594 -0.138289 0.148054 -0.780725 -0.294852 0.530671
1305031801.985210 -0.516126 -0.0932132 -0.140252 0.151805 -0.784711 -0.285903 0.528624
1305031802.019644 -0.518376 -0.102062 -0.141207 0.153263 -0.78854 -0.276715 0.527393
1305031802.053402 -0.520776 -0.109571 -0.140923 0.155702 -0.791863 -0.266606 0.526907
1305031802.085036 -0.524286 -0.119129 -0.142352 0.160269 -0.793482 -0.257819 0.527475
1305031802.121342 -0.526953 -0.131406 -0.144805 0.167976 -0.79414 -0.248659 0.528484
1305031802.153506 -0.529028 -0.140463 -0.146104 0.178569 -0.793355 -0.238773 0.530744
1305031802.184646 -0.530518 -0.145824 -0.145402 0.186973 -0.791223 -0.229705 0.535016
1305031802.219780 -0.532425 -0.148865 -0.139764 0.192541 -0.788682 -0.223686 0.539327
1305031802.253201 -0.534857 -0.153168 -0.130785 0.196498 -0.785457 -0.219528 0.544292
1305031802.285410 -0.537705 -0.152954 -0.116144 0.197921 -0.782225 -0.215541 0.549994
1305031802.321392 -0.540119 -0.150932 -0.105168 0.19807 -0.778779 -0.215172 0.554953
1305031802.353673 -0.543148 -0.151012 -0.0972244 0.198263 -0.774874 -0.218495 0.559037
1305031802.385256 -0.545795 -0.153049 -0.0901662 0.200341 -0.770516 -0.221293 0.563203
1305031802.421381 -0.547457 -0.152096 -0.0835185 0.202344 -0.766354 -0.222046 0.56785
1305031802.449815 -0.549853 -0.150948 -0.0767465 0.203332 -0.76177 -0.225516 0.572281
1305031802.485366 -0.551861 -0.146784 -0.0677177 0.20341 -0.757996 -0.228396 0.576109
1305031802.521559 -0.553328 -0.141926 -0.0604572 0.202978 -0.75438 -0.23196 0.579573
1305031802.553684 -0.555466 -0.134684 -0.0532936 0.200843 -0.749001 -0.240154 0.58394
1305031802.585533 -0.557362 -0.131511 -0.0489618 0.19676 -0.741639 -0.252474 0.589503
1305031802.621150 -0.559045 -0.123508 -0.0376411 0.192884 -0.733953 -0.264796 0.594973
1305031802.651432 -0.560726 -0.112334 -0.0276993 0.185918 -0.722849 -0.280972 0.603306
1305031802.685539 -0.562529 -0.10201 -0.0113841 0.174462 -0.711881 -0.297546 0.611764
1305031802.721583 -0.565293 -0.0923954 0.00215969 0.162455 -0.702521 -0.313279 0.618004
1305031802.751226 -0.566476 -0.080564 0.0152168 0.151961 -0.692348 -0.330372 0.623231
1305031802.789007 -0.56892 -0.0677995 0.0269142 0.140782 -0.680996 -0.346676 0.629476
1305031802.821805 -0.571092 -0.0526493 0.0403855 0.131273 -0.66949 -0.358594 0.63715
1305031802.853857 -0.571422 -0.0401291 0.0489442 0.120307 -0.657016 -0.367423 0.647191
1305031802.890975 -0.571163 -0.027312 0.0675824 0.108329 -0.646077 -0.37383 0.656582
1305031802.921571 -0.570315 -0.0139999 0.0789216 0.100006 -0.634886 -0.381638 0.664282
1305031802.954186 -0.568676 0.000474417 0.0862601 0.0939315 -0.622904 -0.388865 0.672273
1305031802.989730 -0.567525 0.012733 0.0945778 0.0881493 -0.610967 -0.39365 0.681167
1305031803.021911 -0.566771 0.0212443 0.103055 0.0830294 -0.597955 -0.398501 0.690473
1305031803.053859 -0.565017 0.0314065 0.114205 0.0782695 -0.585151 -0.402932 0.69937
1305031803.089624 -0.563352 0.0410638 0.123717 0.0729337 -0.572844 -0.405701 0.708475
1305031803.122288 -0.559265 0.0482124 0.134395 0.0662242 -0.561393 -0.407159 0.717408
1305031803.153738 -0.555142 0.0539381 0.146195 0.0584668 -0.549603 -0.410171 0.72545
1305031803.189456 -0.552077 0.0578705 0.15486 0.0490019 -0.53848 -0.410955 0.733999
1305031803.222097 -0.546463 0.0610151 0.167032 0.0406672 -0.52911 -0.411162 0.741171
1305031803.253833 -0.540984 0.0658158 0.17714 0.0330391 -0.518067 -0.414171 0.747648
1305031803.289513 -0.536865 0.0695871 0.185147 0.0245636 -0.507068 -0.415088 0.754971
1305031803.317616 -0.531144 0.0753086 0.193166 0.0175741 -0.496809 -0.416817 0.761009
1305031803.353839 -0.526257 0.081449 0.200803 0.0102592 -0.486446 -0.41951 0.766339
1305031803.393279 -0.520762 0.0877226 0.207485 0.00219455 -0.476488 -0.421808 0.771383
1305031803.421427 -0.517009 0.0917175 0.212397 -0.00617517 -0.467186 -0.422955 0.776407
1305031803.449958 -0.511851 0.0962399 0.217965 -0.0117295 -0.459186 -0.424564 0.780228
1305031803.489758 -0.506965 0.0996952 0.223808 -0.0175743 -0.450953 -0.426165 0.784038
1305031803.517807 -0.50089 0.102825 0.229883 -0.0241016 -0.443328 -0.426445 0.788051
1305031803.553175 -0.495381 0.105302 0.235327 -0.0304225 -0.436695 -0.426322 0.791594
1305031803.588621 -0.489583 0.108076 0.240491 -0.0370449 -0.431033 -0.425587 0.794804
1305031803.617801 -0.485516 0.110604 0.245413 -0.0442842 -0.426595 -0.426199 0.796499
1305031803.654299 -0.481258 0.113557 0.251163 -0.0505283 -0.422166 -0.429844 0.796528
1305031803.686328 -0.477425 0.113962 0.257198 -0.0569369 -0.416645 -0.433804 0.796856
1305031803.721631 -0.473205 0.114069 0.262641 -0.0649115 -0.410273 -0.435782 0.798472
1305031803.754202 -0.4688 0.117651 0.26736 -0.0753401 -0.404272 -0.437795 0.799515
1305031803.789665 -0.465851 0.116796 0.27382 -0.0888649 -0.399222 -0.443356 0.797597
1305031803.822228 -0.460519 0.118355 0.279181 -0.0996171 -0.394766 -0.446396 0.796848
1305031803.854272 -0.454498 0.121476 0.285394 -0.11063 -0.390144 -0.452311 0.794332
1305031803.894274 -0.447494 0.124035 0.291832 -0.121084 -0.38482 -0.459854 0.791067
1305031803.922306 -0.440177 0.125198 0.298088 -0.130877 -0.379594 -0.466352 0.788223
1305031803.953878 -0.432334 0.127878 0.303865 -0.141094 -0.373631 -0.472149 0.785854
1305031803.986986 -0.421722 0.129404 0.311309 -0.152394 -0.369112 -0.477778 0.782471
1305031804.021991 -0.410395 0.132811 0.318684 -0.162867 -0.365274 -0.481432 0.779918
1305031804.057867 -0.398793 0.135947 0.326079 -0.173343 -0.36052 -0.483753 0.778434
1305031804.090568 -0.387204 0.137705 0.333908 -0.183069 -0.356521 -0.488438 0.775118
1305031804.121807 -0.381739 0.140622 0.33984 -0.19096 -0.352219 -0.492422 0.772655
1305031804.159547 -0.373848 0.142256 0.345619 -0.198274 -0.347696 -0.493014 0.772484
1305031804.190025 -0.36965 0.143973 0.350511 -0.205301 -0.343774 -0.493984 0.771784
1305031804.221943 -0.369671 0.145032 0.353945 -0.210793 -0.341477 -0.493621 0.771555
1305031804.257543 -0.368817 0.143202 0.357214 -0.213015 -0.340619 -0.491871 0.772442
1305031804.289105 -0.370659 0.14008 0.358609 -0.213194 -0.34036 -0.488875 0.774406
1305031804.322186 -0.376129 0.135397 0.358408 -0.210687 -0.342273 -0.484708 0.776864
1305031804.357487 -0.383457 0.128074 0.357658 -0.205152 -0.346548 -0.479847 0.779463
1305031804.388583 -0.390387 0.118283 0.355384 -0.197148 -0.350717 -0.471796 0.784563
1305031804.420347 -0.407931 0.1024 0.353616 -0.187817 -0.35678 -0.468279 0.786223
1305031804.458421 -0.415402 0.0874119 0.351793 -0.174645 -0.362839 -0.460777 0.790905
1305031804.488618 -0.421258 0.0737471 0.346929 -0.157743 -0.369056 -0.452354 0.796423
1305031804.520334 -0.425666 0.0615285 0.34219 -0.141114 -0.375061 -0.442885 0.802041
1305031804.553325 -0.434102 0.0459801 0.334294 -0.12531 -0.37985 -0.433459 0.807542
1305031804.588603 -0.441579 0.0363943 0.324968 -0.10602 -0.384078 -0.422434 0.814121
1305031804.620878 -0.446663 0.0223587 0.317088 -0.0886872 -0.388412 -0.413969 0.818474
1305031804.657048 -0.452336 0.0111591 0.308301 -0.0700532 -0.392148 -0.406174 0.822396
1305031804.689811 -0.456499 -0.00151271 0.300255 -0.0514774 -0.394963 -0.40082 0.825044
1305031804.721742 -0.462905 -0.0149378 0.290686 -0.0317205 -0.39658 -0.393616 0.828725
1305031804.761864 -0.470847 -0.0302056 0.2806 -0.0106581 -0.39826 -0.38506 0.832469
1305031804.794542 -0.477738 -0.0412113 0.269423 0.013945 -0.399411 -0.376441 0.835804
1305031804.822160 -0.482952 -0.0532803 0.258689 0.0405109 -0.401102 -0.36836 0.837727
1305031804.857799 -0.490097 -0.0670507 0.246745 0.0665593 -0.401251 -0.358529 0.840253
1305031804.889635 -0.494837 -0.0759599 0.235114 0.0957007 -0.401687 -0.347285 0.841951
1305031804.921987 -0.499062 -0.086303 0.224529 0.120104 -0.403155 -0.335212 0.843015
1305031804.958018 -0.506381 -0.0944204 0.212267 0.139065 -0.40343 -0.325358 0.843829
1305031804.989454 -0.513161 -0.10207 0.200746 0.156095 -0.404495 -0.316068 0.843871
1305031805.021251 -0.520842 -0.112231 0.186527 0.170312 -0.405508 -0.303411 0.84528
1305031805.053799 -0.529493 -0.118056 0.173205 0.183572 -0.40553 -0.289883 0.84724
1305031805.088981 -0.53694 -0.127717 0.162744 0.195543 -0.406446 -0.279138 0.84773
1305031805.120822 -0.545391 -0.137534 0.149481 0.205286 -0.40801 -0.269392 0.847829
1305031805.156816 -0.552598 -0.142353 0.134522 0.214523 -0.409325 -0.259014 0.848142
1305031805.188114 -0.558031 -0.14649 0.123906 0.223088 -0.410316 -0.251506 0.847713
1305031805.224830 -0.565074 -0.152223 0.113494 0.231832 -0.410169 -0.245539 0.847187
1305031805.256506 -0.571334 -0.156343 0.102744 0.24041 -0.40928 -0.238937 0.847114
1305031805.288719 -0.577872 -0.163321 0.0907006 0.247364 -0.408754 -0.231713 0.847372
1305031805.324692 -0.583171 -0.171312 0.0803937 0.257194 -0.406445 -0.227955 0.846575
1305031805.360488 -0.588705 -0.181216 0.067143 0.269602 -0.401897 -0.223138 0.846169
1305031805.392685 -0.59277 -0.195928 0.0501801 0.28264 -0.398017 -0.214566 0.845966
1305031805.426082 -0.597802 -0.19773 0.0364848 0.29786 -0.394216 -0.204811 0.844941
1305031805.455941 -0.600312 -0.213387 0.0169004 0.312059 -0.391016 -0.198172 0.842884
1305031805.488250 -0.607443 -0.214155 0.000776531 0.330878 -0.385029 -0.193417 0.839561
1305031805.524339 -0.611715 -0.212763 -0.0128431 0.350684 -0.378885 -0.188207 0.835491
1305031805.555936 -0.609933 -0.20736 -0.016139 0.370874 -0.375642 -0.180553 0.829907
1305031805.587800 -0.611755 -0.202758 -0.0244629 0.385451 -0.371794 -0.173109 0.826577
1305031805.626288 -0.613237 -0.222923 -0.0531154 0.396998 -0.368809 -0.169295 0.823232
1305031805.653600 -0.609132 -0.241755 -0.0702508 0.40316 -0.366424 -0.166407 0.821891
1305031805.688826 -0.599929 -0.253681 -0.0732758 0.405366 -0.365393 -0.161639 0.822216
1305031805.724499 -0.589259 -0.266107 -0.0725331 0.40383 -0.365093 -0.158053 0.823801
1305031805.756662 -0.582723 -0.277149 -0.0770576 0.395939 -0.362354 -0.158156 0.828805
1305031805.788800 -0.574146 -0.280341 -0.0691044 0.38518 -0.360667 -0.158331 0.834558
1305031805.825010 -0.565506 -0.288065 -0.0665742 0.366218 -0.35798 -0.16169 0.843558
1305031805.856722 -0.558086 -0.283549 -0.0487927 0.34304 -0.352779 -0.16805 0.854184
1305031805.888558 -0.5559 -0.282136 -0.0369933 0.321825 -0.349907 -0.171359 0.862919
1305031805.924334 -0.551654 -0.283579 -0.0231236 0.302391 -0.346535 -0.176372 0.870268
1305031805.956398 -0.546419 -0.282517 -0.00805107 0.284271 -0.343284 -0.178926 0.877116
1305031805.990628 -0.540259 -0.283962 0.00229637 0.266987 -0.339533 -0.18255 0.883239
1305031806.026273 -0.535077 -0.28239 0.0134577 0.252162 -0.333924 -0.185217 0.889159
1305031806.056329 -0.527872 -0.284976 0.0247868 0.238226 -0.32703 -0.186819 0.895209
1305031806.091003 -0.521262 -0.286712 0.0338869 0.22673 -0.319336 -0.188496 0.900604
1305031806.126194 -0.513274 -0.283771 0.0467552 0.216517 -0.310418 -0.192663 0.905341
1305031806.160305 -0.503811 -0.280421 0.0612341 0.204948 -0.303061 -0.193898 0.910249
1305031806.186461 -0.496204 -0.271473 0.0742099 0.192783 -0.295269 -0.195756 0.915058
1305031806.226737 -0.488735 -0.264703 0.0864959 0.177011 -0.287578 -0.198567 0.920075
1305031806.256407 -0.481002 -0.261372 0.0977796 0.162211 -0.280611 -0.202505 0.924087
1305031806.292064 -0.471647 -0.255739 0.111015 0.14908 -0.273194 -0.206982 0.927523
1305031806.324430 -0.464307 -0.250702 0.123354 0.133962 -0.266007 -0.207573 0.931777
1305031806.356698 -0.459348 -0.244724 0.135143 0.118924 -0.25917 -0.208005 0.93564
1305031806.388772 -0.450879 -0.236271 0.147235 0.103508 -0.254104 -0.209412 0.938543
1305031806.428086 -0.444572 -0.230732 0.158026 0.0863443 -0.248905 -0.20904 0.94175
1305031806.458170 -0.439886 -0.228456 0.167162 0.0719688 -0.244294 -0.207988 0.944395
1305031806.493660 -0.429167 -0.221215 0.178192 0.0634901 -0.239429 -0.211311 0.945511
1305031806.531887 -0.420779 -0.213951 0.188207 0.054029 -0.230324 -0.212498 0.948091
1305031806.556751 -0.411487 -0.204159 0.198158 0.0440497 -0.223418 -0.210261 0.950755
1305031806.594170 -0.402556 -0.194903 0.208051 0.0309108 -0.21745 -0.211534 0.952372
1305031806.625910 -0.397146 -0.190278 0.216767 0.0155336 -0.209947 -0.213789 0.953926
1305031806.660594 -0.390715 -0.185165 0.224924 0.00188032 -0.202869 -0.212634 0.955839
1305031806.695601 -0.384866 -0.179992 0.232334 -0.0126918 -0.196289 -0.208415 0.958057
1305031806.725479 -0.380115 -0.17512 0.238828 -0.0275732 -0.192107 -0.204261 0.959485
1305031806.757877 -0.375963 -0.170354 0.244616 -0.0426871 -0.189219 -0.199791 0.960446
1305031806.793755 -0.371835 -0.165509 0.249894 -0.0564257 -0.187586 -0.196539 0.960729
1305031806.821694 -0.368133 -0.159959 0.254976 -0.0676169 -0.184409 -0.194528 0.961031
1305031806.857332 -0.363971 -0.152779 0.25988 -0.0775028 -0.178509 -0.193078 0.961691
1305031806.893667 -0.360979 -0.146811 0.264491 -0.0886636 -0.172356 -0.19199 0.962066
1305031806.925528 -0.358778 -0.141521 0.268532 -0.0994076 -0.166908 -0.18915 0.96254
1305031806.957342 -0.356421 -0.135181 0.272356 -0.110906 -0.162541 -0.184974 0.962842
1305031806.994718 -0.354049 -0.129951 0.27612 -0.12167 -0.158705 -0.181567 0.962831
1305031807.025349 -0.352205 -0.124969 0.27929 -0.130565 -0.154187 -0.177934 0.963078
1305031807.057482 -0.350534 -0.119942 0.281947 -0.137774 -0.149074 -0.174045 0.963589
1305031807.094797 -0.349734 -0.115184 0.283997 -0.144392 -0.144195 -0.169979 0.964088
1305031807.125639 -0.350122 -0.110999 0.285767 -0.149487 -0.139164 -0.165572 0.964818
1305031807.158021 -0.351466 -0.106931 0.286893 -0.151893 -0.133385 -0.160167 0.966169
1305031807.193815 -0.353916 -0.104963 0.287781 -0.153294 -0.127764 -0.154072 0.967698
1305031807.226069 -0.356511 -0.104023 0.288576 -0.153448 -0.121761 -0.147585 0.969457
1305031807.258189 -0.360095 -0.104117 0.28923 -0.151952 -0.114991 -0.140382 0.971587
1305031807.294600 -0.363721 -0.106686 0.289687 -0.148224 -0.107997 -0.133161 0.973979
1305031807.325779 -0.367877 -0.111066 0.289679 -0.142154 -0.0998137 -0.124472 0.976901
1305031807.356999 -0.373467 -0.119867 0.288992 -0.134649 -0.0928669 -0.115807 0.979711
1305031807.394901 -0.377763 -0.127275 0.286979 -0.123083 -0.0866699 -0.107309 0.982763
1305031807.425389 -0.38293 -0.136635 0.285128 -0.111462 -0.079871 -0.0986252 0.985632
1305031807.456981 -0.389278 -0.149324 0.283857 -0.0953286 -0.0718816 -0.0886797 0.988879
1305031807.493776 -0.39267 -0.162412 0.280937 -0.0714185 -0.0642348 -0.0802271 0.992138
1305031807.525569 -0.395962 -0.172562 0.277209 -0.0398368 -0.0550846 -0.074721 0.994885
1305031807.558514 -0.399269 -0.177965 0.27371 -0.0131335 -0.0461308 -0.0698982 0.9964
1305031807.593758 -0.402438 -0.1892 0.270387 0.0101172 -0.0365913 -0.0643635 0.997204
1305031807.625726 -0.404802 -0.198357 0.26518 0.0356446 -0.0260928 -0.06157 0.997125
1305031807.657923 -0.409242 -0.205738 0.260097 0.0552373 -0.0172925 -0.057432 0.99667
1305031807.695218 -0.414435 -0.216671 0.253929 0.0731005 -0.0103393 -0.0526527 0.99588
1305031807.725763 -0.418478 -0.229977 0.246039 0.0947856 -0.00392309 -0.0486772 0.994299
1305031807.763921 -0.42108 -0.236667 0.238942 0.115924 0.00288698 -0.0434443 0.992303
1305031807.794370 -0.425919 -0.248675 0.229854 0.135555 0.0090433 -0.0379021 0.990003
1305031807.825649 -0.429946 -0.257573 0.2208 0.155828 0.0116788 -0.0319087 0.9872
1305031807.862767 -0.432494 -0.263291 0.211623 0.174876 0.0141077 -0.0296707 0.984042
1305031807.895051 -0.436109 -0.270566 0.202656 0.191076 0.0181973 -0.0278302 0.981012
1305031807.922091 -0.438674 -0.279404 0.192763 0.206991 0.0215425 -0.0254345 0.977775
1305031807.960371 -0.441138 -0.287584 0.182277 0.223134 0.0240089 -0.0235537 0.974207
1305031807.990310 -0.442698 -0.296053 0.171838 0.239033 0.0246961 -0.0209514 0.970471
1305031808.025493 -0.444669 -0.303542 0.161359 0.254677 0.024714 -0.017296 0.966556
1305031808.060837 -0.446019 -0.312371 0.150197 0.270227 0.0241236 -0.0126403 0.962411
1305031808.094509 -0.446988 -0.323433 0.13662 0.285628 0.022732 -0.00973906 0.958021
1305031808.124869 -0.445929 -0.33172 0.124179 0.302059 0.0214881 -0.00949558 0.953
1305031808.160774 -0.447748 -0.339301 0.111938 0.318633 0.0212245 -0.00836356 0.947604
1305031808.193540 -0.449145 -0.350605 0.0960886 0.336059 0.0208725 -0.00818938 0.941574
1305031808.224541 -0.452065 -0.358104 0.0817681 0.353326 0.0203915 -0.00939397 0.935231
1305031808.259528 -0.455845 -0.370039 0.065393 0.364991 0.0184817 -0.00999611 0.930774
1305031808.292602 -0.457483 -0.378896 0.0512013 0.376114 0.0163279 -0.0112169 0.926362
1305031808.324524 -0.455742 -0.387644 0.0351965 0.38888 0.0158193 -0.0130867 0.92106
1305031808.362374 -0.456465 -0.394997 0.0197212 0.402478 0.0159437 -0.0126267 0.915204
1305031808.394090 -0.462203 -0.394943 0.0102817 0.416626 0.0161577 -0.0125154 0.908848
1305031808.427040 -0.463537 -0.400716 -0.00114343 0.428118 0.0157025 -0.0135271 0.903485
1305031808.462622 -0.470428 -0.398561 -0.0098189 0.440417 0.0179666 -0.013301 0.897515
1305031808.493893 -0.480451 -0.406094 -0.0294414 0.451458 0.020404 -0.00993734 0.892004
1305031808.524551 -0.48781 -0.408207 -0.0361005 0.464062 0.021289 -0.00404105 0.885538
1305031808.561866 -0.496948 -0.413323 -0.0575363 0.473072 0.0214877 -0.000882292 0.880761
1305031808.590231 -0.503501 -0.434186 -0.0978743 0.478086 0.0235051 -0.000774346 0.877998
1305031808.624717 -0.500016 -0.435678 -0.116418 0.48677 0.0281494 0.00239733 0.873073
1305031808.661004 -0.496786 -0.434306 -0.134482 0.496077 0.0351588 0.00677887 0.86754
1305031808.692608 -0.493859 -0.446669 -0.160574 0.501149 0.0414587 0.0119359 0.864285
1305031808.724581 -0.482629 -0.449037 -0.177432 0.506379 0.0461123 0.012249 0.86099
1305031808.761035 -0.479001 -0.446669 -0.181987 0.512887 0.0536723 0.0125459 0.856685
1305031808.792909 -0.479577 -0.443337 -0.170196 0.522556 0.0672868 0.0118872 0.849863
1305031808.824645 -0.473938 -0.445775 -0.166021 0.529367 0.0780862 0.0182994 0.844593
1305031808.860603 -0.467085 -0.450983 -0.179778 0.529543 0.0891581 0.0233656 0.843261
1305031808.894236 -0.449632 -0.450031 -0.192203 0.524519 0.0973674 0.0240952 0.84547
1305031808.924712 -0.431946 -0.443006 -0.191454 0.518577 0.104515 0.0245497 0.848264
1305031808.960766 -0.413246 -0.434148 -0.187524 0.508557 0.110985 0.0245443 0.853493
1305031808.994453 -0.397119 -0.420935 -0.170145 0.49601 0.117606 0.025309 0.859943
1305031809.029773 -0.383956 -0.406061 -0.151076 0.484094 0.122502 0.0288605 0.865917
1305031809.063418 -0.371404 -0.394493 -0.143442 0.468358 0.127145 0.032097 0.873753
1305031809.097271 -0.365662 -0.383455 -0.134928 0.453601 0.134045 0.0356781 0.880344
1305031809.131663 -0.359689 -0.374565 -0.130205 0.438854 0.143111 0.0377568 0.886285
1305031809.161507 -0.350253 -0.3637 -0.121503 0.426241 0.151956 0.0424723 0.890744
1305031809.194288 -0.34726 -0.358105 -0.114807 0.412611 0.159376 0.0498468 0.89547
1305031809.229538 -0.343499 -0.350762 -0.104809 0.399525 0.164697 0.0575613 0.899967
1305031809.261343 -0.340106 -0.342168 -0.0952331 0.38532 0.168245 0.0646581 0.905009
1305031809.294460 -0.336152 -0.329875 -0.0836287 0.370373 0.172814 0.071461 0.909864
1305031809.330064 -0.329147 -0.321278 -0.0762451 0.356706 0.175591 0.0785913 0.914195
1305031809.359534 -0.325895 -0.308361 -0.0663639 0.344644 0.178254 0.0841712 0.917802
1305031809.393838 -0.322762 -0.295873 -0.0569085 0.331865 0.180682 0.0888421 0.921589
1305031809.428411 -0.322038 -0.290008 -0.0491645 0.317847 0.182359 0.0924365 0.925837
1305031809.462164 -0.323015 -0.284083 -0.042759 0.305282 0.183503 0.096294 0.929439
1305031809.493873 -0.327586 -0.280292 -0.0359585 0.294121 0.184767 0.102148 0.932159
1305031809.530074 -0.33144 -0.275202 -0.0295115 0.284109 0.184668 0.107363 0.934694
1305031809.563364 -0.33391 -0.269489 -0.0230114 0.274033 0.184994 0.109711 0.937362
1305031809.594021 -0.337115 -0.265121 -0.0168008 0.263388 0.186749 0.110883 0.939924
1305031809.631035 -0.340959 -0.263275 -0.0114732 0.253208 0.189456 0.112882 0.941939
1305031809.662949 -0.344451 -0.258206 -0.00590109 0.244801 0.192171 0.114406 0.943427
1305031809.693782 -0.347548 -0.252249 -0.000556774 0.235804 0.193821 0.116872 0.945077
1305031809.731309 -0.350783 -0.247712 0.00477197 0.225994 0.194811 0.120518 0.946811
1305031809.758942 -0.352715 -0.241187 0.0101447 0.216581 0.195016 0.123931 0.948527
1305031809.793369 -0.354324 -0.235261 0.0157116 0.206986 0.195407 0.128859 0.949931
1305031809.830391 -0.356971 -0.228068 0.0214749 0.197623 0.196722 0.134688 0.950844
1305031809.861943 -0.359968 -0.220862 0.02708 0.187601 0.198124 0.139514 0.951887
1305031809.895169 -0.361254 -0.215069 0.0318784 0.176555 0.200105 0.143815 0.952945
1305031809.929860 -0.362774 -0.208684 0.036452 0.166187 0.203371 0.148418 0.953412
1305031809.963228 -0.365194 -0.201769 0.0407834 0.155914 0.20679 0.153698 0.953575
1305031809.994224 -0.366391 -0.194299 0.044909 0.14539 0.209213 0.158606 0.953905
1305031810.030062 -0.365891 -0.187099 0.0486114 0.133998 0.210423 0.163854 0.95442
1305031810.062155 -0.366406 -0.184443 0.050742 0.122179 0.212488 0.168664 0.954711
1305031810.095183 -0.365526 -0.177131 0.0528265 0.113738 0.214719 0.173932 0.95431
1305031810.131056 -0.365634 -0.169287 0.0544507 0.104757 0.216423 0.179218 0.953975
1305031810.161700 -0.364844 -0.161631 0.0553073 0.0947527 0.217926 0.182152 0.954123
1305031810.197185 -0.363909 -0.157128 0.0552234 0.0840226 0.221006 0.184842 0.953903
1305031810.230520 -0.364049 -0.149636 0.0547561 0.075554 0.22436 0.187883 0.953234
1305031810.262762 -0.362887 -0.141136 0.0545788 0.0659282 0.226339 0.190689 0.952923
1305031810.298074 -0.363096 -0.133034 0.054239 0.0537932 0.227577 0.192694 0.952987
1305031810.330937 -0.362293 -0.129108 0.0527527 0.0408611 0.227882 0.1941 0.953271
1305031810.362897 -0.362602 -0.12522 0.0512538 0.0304815 0.229418 0.197556 0.952581
1305031810.396861 -0.361868 -0.116597 0.0490221 0.0225551 0.229791 0.203922 0.951369
1305031810.429920 -0.359599 -0.108353 0.0473926 0.0139454 0.228542 0.210256 0.950456
1305031810.461399 -0.357786 -0.100031 0.0452563 0.00386424 0.227008 0.214003 0.950082
1305031810.496777 -0.355468 -0.0918058 0.0434194 -0.00839752 0.22555 0.218699 0.94933
1305031810.529947 -0.351962 -0.0866356 0.0418067 -0.020198 0.225794 0.223489 0.947978
1305031810.561970 -0.348009 -0.0775877 0.0386353 -0.0288742 0.226695 0.227171 0.946662
1305031810.598116 -0.344809 -0.0691728 0.0363557 -0.0384483 0.228116 0.232212 0.944755
1305031810.630327 -0.341865 -0.0621654 0.0337615 -0.0450616 0.229422 0.236901 0.942981
1305031810.661881 -0.335251 -0.0552065 0.0312671 -0.049013 0.229868 0.243055 0.941107
1305031810.698469 -0.328368 -0.0535249 0.0281323 -0.0511054 0.231799 0.248747 0.939033
1305031810.729616 -0.319782 -0.0528222 0.0235282 -0.0499284 0.234638 0.252696 0.937335
1305031810.762055 -0.3144 -0.0505853 0.0174123 -0.0443421 0.240573 0.256797 0.934994
1305031810.798335 -0.309814 -0.0490134 0.0114517 -0.0371439 0.247669 0.2604 0.932455
1305031810.826635 -0.304013 -0.0517575 0.00458052 -0.0287605 0.255751 0.262481 0.929983
1305031810.859437 -0.300026 -0.0554101 -0.00299627 -0.0173421 0.267269 0.263932 0.92661
1305031810.896721 -0.294781 -0.05462 -0.00952626 -0.00198157 0.280463 0.263856 0.922885
1305031810.931542 -0.290601 -0.0545167 -0.0164478 0.0112894 0.290879 0.263941 0.919564
1305031810.962074 -0.285813 -0.0568042 -0.0237905 0.0266778 0.301782 0.263309 0.915906
1305031810.999156 -0.281732 -0.0564179 -0.0312824 0.0479416 0.314116 0.262132 0.911219
1305031811.030567 -0.282142 -0.0529693 -0.0366453 0.0659135 0.324981 0.263889 0.905762
1305031811.062402 -0.281188 -0.0597734 -0.0427525 0.0785901 0.33386 0.264994 0.901188
1305031811.098594 -0.277749 -0.0688745 -0.0523103 0.0929258 0.342177 0.263206 0.897219
1305031811.130054 -0.279173 -0.0674115 -0.0585885 0.111196 0.351227 0.263732 0.891471
1305031811.163124 -0.279056 -0.0674721 -0.0647028 0.121996 0.359405 0.263594 0.886828
1305031811.196680 -0.279227 -0.0709895 -0.0714103 0.131321 0.367104 0.260732 0.883181
1305031811.226245 -0.27638 -0.0761413 -0.0791924 0.141969 0.374899 0.258516 0.8789
1305031811.258835 -0.273664 -0.0816234 -0.0883746 0.151409 0.383811 0.256499 0.874055
1305031811.297420 -0.271507 -0.0866958 -0.0993616 0.16152 0.393745 0.255055 0.86823
1305031811.330119 -0.273265 -0.0956832 -0.108522 0.173804 0.404598 0.25311 0.86141
1305031811.362347 -0.275895 -0.101075 -0.117603 0.189272 0.41632 0.251356 0.853038
1305031811.399651 -0.279997 -0.109834 -0.125046 0.204625 0.42689 0.248888 0.844955
1305031811.430784 -0.286782 -0.118325 -0.129568 0.221336 0.437329 0.243786 0.836852
1305031811.466212 -0.293829 -0.123246 -0.133291 0.238351 0.447737 0.238077 0.828275
1305031811.497813 -0.298296 -0.133061 -0.142135 0.251622 0.457607 0.233865 0.820115
1305031811.530073 -0.304918 -0.141717 -0.149059 0.261917 0.467496 0.229648 0.812471
1305031811.566308 -0.308387 -0.152342 -0.159913 0.270933 0.476371 0.226435 0.805228
1305031811.598269 -0.314998 -0.165891 -0.167925 0.280459 0.486147 0.221523 0.797453
1305031811.630831 -0.321317 -0.18662 -0.178636 0.29059 0.495292 0.218342 0.789031
1305031811.663366 -0.330321 -0.207456 -0.183259 0.303669 0.50409 0.214364 0.779568
1305031811.698740 -0.34013 -0.21557 -0.182137 0.317387 0.510447 0.21039 0.771003
1305031811.733435 -0.348303 -0.231591 -0.187937 0.328839 0.515588 0.207112 0.763635
1305031811.765703 -0.356098 -0.240543 -0.193074 0.34011 0.520034 0.202463 0.756901
1305031811.799543 -0.365277 -0.255536 -0.196356 0.349359 0.524593 0.20044 0.75005
1305031811.831559 -0.374162 -0.271973 -0.193976 0.358588 0.53072 0.198024 0.741982
1305031811.866219 -0.381855 -0.283593 -0.20397 0.36868 0.532842 0.197106 0.735733
1305031811.899601 -0.390696 -0.28851 -0.209845 0.378602 0.534788 0.194134 0.730051
1305031811.929778 -0.399402 -0.299816 -0.218011 0.386595 0.537538 0.191471 0.724525
1305031811.965910 -0.407482 -0.306416 -0.225212 0.394358 0.540828 0.185938 0.719315
1305031811.997697 -0.411939 -0.309392 -0.240875 0.403711 0.543089 0.180633 0.713753
1305031812.031513 -0.419045 -0.317639 -0.248578 0.413145 0.546389 0.176889 0.70674
1305031812.067293 -0.425717 -0.324388 -0.256868 0.421257 0.548497 0.173177 0.701215
1305031812.097226 -0.428931 -0.325375 -0.269622 0.428851 0.550323 0.16752 0.69654
1305031812.131618 -0.436546 -0.333225 -0.27534 0.436689 0.554496 0.162953 0.689409
1305031812.165747 -0.44521 -0.34024 -0.279087 0.44375 0.561061 0.158084 0.680666
1305031812.194229 -0.453819 -0.349275 -0.284837 0.449625 0.566455 0.154464 0.673133
1305031812.230599 -0.462143 -0.356176 -0.292209 0.45439 0.571665 0.149735 0.666564
1305031812.262258 -0.467908 -0.35977 -0.293758 0.46123 0.575819 0.146927 0.658871
1305031812.295017 -0.473081 -0.366331 -0.300103 0.465794 0.577849 0.147184 0.653807
1305031812.329535 -0.478876 -0.372565 -0.306626 0.468543 0.580075 0.146568 0.649999
1305031812.367033 -0.481992 -0.371222 -0.30956 0.471105 0.584662 0.1434 0.644722
1305031812.398919 -0.48835 -0.374633 -0.319609 0.472014 0.591982 0.141501 0.63776
1305031812.431444 -0.486752 -0.37723 -0.306978 0.476242 0.602057 0.13786 0.625872
1305031812.466128 -0.493589 -0.387507 -0.324858 0.472313 0.607843 0.139186 0.622957
1305031812.499545 -0.494422 -0.383885 -0.328055 0.466792 0.612777 0.139995 0.622102
1305031812.530582 -0.49345 -0.375509 -0.324831 0.460597 0.617432 0.142098 0.62164
1305031812.566690 -0.496415 -0.369301 -0.33062 0.450563 0.621784 0.146501 0.623631
1305031812.599029 -0.495648 -0.364438 -0.337285 0.439583 0.625811 0.154171 0.625587
1305031812.628645 -0.496857 -0.360875 -0.346275 0.426653 0.628583 0.162346 0.629678
1305031812.668061 -0.491489 -0.342484 -0.342438 0.416361 0.631878 0.167659 0.631874
1305031812.698746 -0.480337 -0.312217 -0.330524 0.405117 0.63593 0.171231 0.634156
1305031812.734013 -0.476258 -0.298455 -0.329786 0.393458 0.637052 0.18286 0.637117
1305031812.767275 -0.469722 -0.283794 -0.320667 0.383515 0.638744 0.192054 0.638779
1305031812.799489 -0.464805 -0.264493 -0.322045 0.37116 0.637923 0.201471 0.643975
1305031812.834132 -0.45755 -0.243072 -0.309737 0.360747 0.637787 0.211536 0.646793
1305031812.866016 -0.4524 -0.221401 -0.308722 0.351775 0.634936 0.222688 0.650785
1305031812.898960 -0.448248 -0.207139 -0.306632 0.340614 0.632867 0.234599 0.654542
1305031812.934173 -0.445201 -0.189713 -0.298385 0.330084 0.632099 0.245174 0.656799
1305031812.966151 -0.440237 -0.176432 -0.289694 0.317772 0.631556 0.256559 0.659041
1305031812.999091 -0.438167 -0.16379 -0.285493 0.306805 0.628585 0.270805 0.661375
1305031813.034784 -0.435359 -0.144887 -0.281114 0.296815 0.624404 0.283077 0.664747
1305031813.066289 -0.432409 -0.128337 -0.274819 0.286266 0.620308 0.294888 0.668065
1305031813.098588 -0.43151 -0.108886 -0.267234 0.277161 0.614605 0.307834 0.671328
1305031813.135262 -0.429034 -0.0968925 -0.268874 0.267416 0.607376 0.321194 0.675587
1305031813.166033 -0.425957 -0.0826372 -0.268851 0.257737 0.598861 0.334404 0.680523
1305031813.196373 -0.423994 -0.0699079 -0.265095 0.247079 0.591078 0.346187 0.68537
1305031813.234674 -0.42175 -0.0611324 -0.262193 0.237448 0.583017 0.357395 0.689912
1305031813.267055 -0.420857 -0.0477645 -0.255554 0.228714 0.574643 0.367798 0.694406
1305031813.299198 -0.420138 -0.0385221 -0.250208 0.218945 0.566974 0.378154 0.698286
1305031813.333908 -0.41989 -0.0272104 -0.245457 0.208425 0.56051 0.3867 0.702033
1305031813.365437 -0.419043 -0.0183858 -0.243012 0.197779 0.554762 0.396827 0.704024
1305031813.398657 -0.421392 -0.00588865 -0.2365 0.188334 0.550275 0.40667 0.704519
1305031813.433247 -0.425055 0.00779045 -0.226241 0.178791 0.546845 0.415528 0.704507
1305031813.466220 -0.427998 0.0204446 -0.21702 0.167912 0.541406 0.426663 0.704729
1305031813.498088 -0.42902 0.0300816 -0.211172 0.156807 0.534337 0.43817 0.705622
1305031813.534016 -0.432876 0.0414602 -0.206471 0.146105 0.527868 0.447158 0.707148
1305031813.566769 -0.433886 0.0488911 -0.202481 0.132701 0.522253 0.456311 0.708112
1305031813.598490 -0.436252 0.05576 -0.19837 0.120203 0.517891 0.464894 0.707964
1305031813.631475 -0.440734 0.063813 -0.194533 0.109909 0.513624 0.472081 0.70799
1305031813.661752 -0.444482 0.0689614 -0.187795 0.0994244 0.510706 0.479413 0.706723
1305031813.698286 -0.448583 0.0735436 -0.181629 0.0888291 0.506864 0.486683 0.70593
1305031813.730280 -0.452884 0.0768723 -0.175207 0.0793499 0.502575 0.492818 0.70587
1305031813.764797 -0.457721 0.0795199 -0.167323 0.070179 0.497537 0.499135 0.705972
1305031813.799441 -0.461916 0.0812084 -0.159397 0.0597574 0.492113 0.505309 0.70634
1305031813.833945 -0.469872 0.0857221 -0.149262 0.0493055 0.486119 0.510421 0.707621
1305031813.867772 -0.477165 0.0910927 -0.142106 0.0415405 0.477712 0.519508 0.707232
1305031813.899482 -0.480036 0.0930163 -0.128434 0.0306195 0.469518 0.529916 0.705552
1305031813.934338 -0.485239 0.0958966 -0.117124 0.0192844 0.459999 0.540849 0.703925
1305031813.965926 -0.488778 0.0957878 -0.107757 0.00971572 0.454341 0.549284 0.701261
1305031814.003554 -0.500169 0.10287 -0.101213 0.00233454 0.449548 0.554689 0.700158
1305031814.033924 -0.505382 0.10622 -0.0934347 -0.00545151 0.445135 0.561164 0.697796
1305031814.066026 -0.510435 0.107212 -0.0873822 -0.00886299 0.44155 0.568861 0.693795
1305031814.102320 -0.521454 0.113557 -0.086485 -0.00914759 0.43643 0.573276 0.693397
1305031814.134667 -0.525222 0.114436 -0.0845234 -0.0108507 0.433388 0.575808 0.693183
1305031814.166052 -0.546362 0.120804 -0.0899134 -0.0116274 0.432194 0.577977 0.692109
1305031814.202037 -0.553208 0.124657 -0.0973086 -0.00852362 0.433532 0.575569 0.693324
1305031814.234336 -0.548222 0.120019 -0.100209 -0.00424559 0.439333 0.574523 0.690573
1305031814.265980 -0.541205 0.112036 -0.103275 0.000143079 0.449926 0.57345 0.684632
1305031814.302865 -0.539003 0.106943 -0.107589 0.0131708 0.463489 0.571351 0.677172
1305031814.334123 -0.544827 0.105134 -0.109879 0.0247643 0.47747 0.573259 0.66542
1305031814.365916 -0.535835 0.0958879 -0.116512 0.0331473 0.488622 0.572377 0.657674
1305031814.402137 -0.536977 0.0917817 -0.122826 0.0464439 0.503515 0.570121 0.647516
1305031814.434097 -0.543128 0.0920437 -0.130247 0.0579235 0.517324 0.568717 0.636853
1305031814.466875 -0.546845 0.0909719 -0.139877 0.0681541 0.529893 0.568162 0.625908
1305031814.503242 -0.549408 0.0897452 -0.149599 0.0784202 0.54405 0.565909 0.614497
1305031814.535346 -0.556838 0.0923924 -0.160363 0.0867542 0.55944 0.561951 0.603085
1305031814.567625 -0.561109 0.0921232 -0.170464 0.0945921 0.575105 0.559602 0.589197
1305031814.601706 -0.563652 0.0923483 -0.182211 0.102636 0.589783 0.555829 0.57678
1305031814.635644 -0.562075 0.0888211 -0.196121 0.113136 0.605884 0.551518 0.562078
1305031814.667643 -0.577866 0.0925634 -0.18987 0.122698 0.627669 0.53873 0.548404
1305031814.702775 -0.57852 0.089912 -0.196019 0.129743 0.641172 0.532639 0.536993
1305031814.734657 -0.579605 0.0860957 -0.204469 0.13792 0.654226 0.524797 0.526834
1305031814.766015 -0.586489 0.0866418 -0.204911 0.145678 0.667824 0.513894 0.518366
1305031814.801939 -0.590188 0.0853154 -0.212499 0.151551 0.677939 0.50747 0.509809
1305031814.834141 -0.593342 0.0831737 -0.216954 0.156481 0.687673 0.499811 0.502801
1305031814.866927 -0.596244 0.0820791 -0.22558 0.159513 0.696711 0.492712 0.496371
1305031814.901856 -0.598366 0.0781785 -0.234579 0.163546 0.706978 0.485563 0.487507
1305031814.934189 -0.60196 0.0776538 -0.235747 0.167819 0.717181 0.475744 0.480787
1305031814.966026 -0.603987 0.0747577 -0.241888 0.171776 0.723836 0.46858 0.476432
1305031815.002785 -0.606968 0.0725782 -0.247172 0.177511 0.730463 0.461626 0.470973
1305031815.034070 -0.611012 0.0725612 -0.250564 0.18259 0.73699 0.454914 0.46536
1305031815.066249 -0.612434 0.0696 -0.254603 0.187239 0.741215 0.450755 0.460827
1305031815.098276 -0.61329 0.0657208 -0.25838 0.193163 0.744139 0.446376 0.457924
1305031815.134087 -0.614846 0.0618239 -0.261792 0.199913 0.746195 0.441936 0.455984
1305031815.167703 -0.616421 0.0585036 -0.263792 0.205417 0.748403 0.437639 0.454059
1305031815.200200 -0.616651 0.0528619 -0.267456 0.209752 0.750369 0.433805 0.452508
1305031815.235479 -0.617489 0.0479081 -0.270784 0.213541 0.752777 0.428275 0.452004
1305031815.269898 -0.618549 0.0433405 -0.273581 0.217219 0.756042 0.421959 0.450741
1305031815.303120 -0.6204 0.039365 -0.276124 0.22133 0.760284 0.414222 0.448778
1305031815.335140 -0.622932 0.0357091 -0.279074 0.223401 0.765231 0.406317 0.446565
1305031815.369858 -0.624252 0.0319784 -0.280594 0.224836 0.770694 0.398279 0.443682
1305031815.402087 -0.626047 0.0278937 -0.281805 0.227502 0.776671 0.389161 0.439976
1305031815.435520 -0.629477 0.0263508 -0.280758 0.230645 0.780669 0.382099 0.437446
1305031815.469069 -0.629604 0.0221934 -0.28028 0.233022 0.783202 0.376971 0.436106
1305031815.503584 -0.631197 0.0187716 -0.281894 0.235432 0.785 0.372431 0.435478
1305031815.533867 -0.632671 0.0167665 -0.282811 0.237157 0.786592 0.368808 0.434752
1305031815.570080 -0.632556 0.0132058 -0.285053 0.238075 0.787751 0.366856 0.433803
1305031815.602977 -0.633196 0.00968443 -0.288648 0.239485 0.788236 0.366434 0.432502
1305031815.633580 -0.634438 0.0075237 -0.291787 0.241125 0.788174 0.36656 0.431595
1305031815.669542 -0.636155 0.00815885 -0.293628 0.242122 0.788107 0.366754 0.430994
1305031815.703270 -0.636019 0.0105866 -0.292327 0.242426 0.788113 0.367226 0.43041
1305031815.734736 -0.635095 0.0110753 -0.291754 0.242491 0.787807 0.368143 0.43015
1305031815.770261 -0.634301 0.0120715 -0.291233 0.241258 0.787877 0.368594 0.430329
1305031815.803102 -0.634016 0.0129111 -0.290637 0.240745 0.787701 0.369602 0.430073
