1305031453.374112 0 0 0 0 0 0 1
1305031453.404816 0.00486703 0.00464177 -0.00943709 -0.00133057 0.00620051 0.0102731 0.999927
1305031453.436941 0.00927824 0.00782113 -0.0194177 -0.000617936 0.0100876 0.0196408 0.999756
1305031453.473352 0.0133109 0.0113979 -0.0303061 0.00264333 0.0157903 0.0286285 0.999462
1305031453.505218 0.0173274 0.0154428 -0.0425661 0.00646544 0.022057 0.0375418 0.999031
1305031453.538301 0.0191584 0.0193091 -0.0555796 0.0122761 0.0274675 0.0465495 0.998463
1305031453.574074 0.0209228 0.0248558 -0.0693838 0.0195749 0.0303081 0.0533422 0.997924
1305031453.605314 0.0205413 0.030388 -0.0833094 0.0269968 0.0331939 0.0582531 0.997385
1305031453.636951 0.0191066 0.036906 -0.0975524 0.0341583 0.0347529 0.0621417 0.996877
1305031453.673185 0.0133554 0.044243 -0.111092 0.0424267 0.0328514 0.0619978 0.996633
1305031453.705487 0.00715087 0.0530416 -0.124412 0.0498916 0.0285805 0.0578382 0.996669
1305031453.736856 -0.00144791 0.0610744 -0.137092 0.0547704 0.0247112 0.0535091 0.996758
1305031453.773786 -0.0108282 0.0673686 -0.149507 0.058802 0.0183865 0.047292 0.996979
1305031453.805041 -0.0219743 0.0753918 -0.16128 0.0638593 0.0108993 0.0394814 0.997118
1305031453.840352 -0.0326715 0.0840574 -0.172271 0.067056 0.0043686 0.0326637 0.997205
1305031453.869618 -0.0438263 0.0947889 -0.181348 0.0707182 -0.00519319 0.0265274 0.99713
1305031453.905519 -0.0572793 0.105184 -0.188428 0.0725505 -0.0189562 0.0206967 0.99697
1305031453.940012 -0.0724614 0.11248 -0.195296 0.0711596 -0.0353698 0.0177385 0.99668
1305031453.972592 -0.0857488 0.115103 -0.202087 0.0677249 -0.0505373 0.00903806 0.996382
1305031454.003179 -0.0988643 0.11653 -0.208255 0.0648794 -0.062372 -0.00330598 0.995936
1305031454.040976 -0.115536 0.11836 -0.213749 0.0663848 -0.0720249 -0.0127881 0.995109
1305031454.072690 -0.133296 0.122899 -0.217509 0.0679199 -0.0808117 -0.0232237 0.994141
1305031454.104619 -0.152929 0.124102 -0.221008 0.0674244 -0.0892008 -0.0355693 0.993092
1305031454.141030 -0.170639 0.125657 -0.224268 0.0698615 -0.100407 -0.0493651 0.991262
1305031454.172688 -0.185803 0.131114 -0.225672 0.0713293 -0.11332 -0.0628261 0.989001
1305031454.204626 -0.200991 0.13468 -0.226579 0.0697651 -0.127994 -0.0768629 0.986328
1305031454.240858 -0.218453 0.13126 -0.229721 0.0689659 -0.141556 -0.0920884 0.983222
1305031454.273489 -0.231695 0.134027 -0.230913 0.0742756 -0.153244 -0.108648 0.979385
1305031454.304744 -0.24282 0.138869 -0.231466 0.0735721 -0.159875 -0.120887 0.976941
1305031454.340806 -0.258586 0.139103 -0.23468 0.0735543 -0.167039 -0.134658 0.973938
1305031454.372652 -0.269222 0.141502 -0.23552 0.0795897 -0.177682 -0.150637 0.969228
