1305031526.688356 0 0 0 0 0 0 1
1305031526.721587 0.00470078 -0.00304228 -0.00733329 0.0115266 0.0102526 0.00257736 0.999878
1305031526.755957 0.00809943 -0.00442124 -0.0161151 0.0276641 0.0222198 0.0027157 0.999367
1305031526.788681 0.0125886 -0.0120377 -0.0250136 0.0424225 0.0339555 0.0018672 0.998521
1305031526.822643 0.0145823 -0.0261717 -0.0387729 0.0658083 0.0473382 -0.00164725 0.996707
1305031526.856844 0.0133722 -0.0183836 -0.0501348 0.0904474 0.0585095 -0.00328342 0.994176
1305031526.888465 0.0118231 -0.0202729 -0.0607325 0.108952 0.0679165 -0.00776855 0.991694
1305031526.920578 0.0102966 -0.0188796 -0.071772 0.13058 0.0783968 -0.0109243 0.988273
1305031526.955033 0.00815582 -0.0207047 -0.0824352 0.147591 0.0879429 -0.0125213 0.985051
1305031526.987606 0.00418567 -0.0217388 -0.0931683 0.166231 0.0964948 -0.0144975 0.981247
1305031527.020791 0.00185954 -0.0232088 -0.103052 0.179341 0.103302 -0.0147559 0.978237
1305031527.055070 -0.000304873 -0.0175459 -0.110993 0.196278 0.109451 -0.0151436 0.974303
1305031527.086965 -0.000261669 -0.0195507 -0.122151 0.209482 0.115534 -0.0146165 0.970853
1305031527.119854 -0.00352239 -0.0184357 -0.127979 0.217392 0.120041 -0.0130406 0.968587
1305031527.155465 -0.00445143 -0.0165651 -0.135374 0.228221 0.124598 -0.0142097 0.965499
1305031527.186447 -0.00555742 -0.0136093 -0.140146 0.234703 0.128538 -0.0129434 0.963444
1305031527.222219 -0.00662307 -0.00882929 -0.141025 0.235404 0.130137 -0.0122513 0.963068
1305031527.256275 -0.00644988 -0.00351843 -0.139962 0.232365 0.130757 -0.0121827 0.963722
1305031527.287060 -0.00804706 0.00372267 -0.135502 0.225596 0.1306 -0.00936089 0.965382
1305031527.323213 -0.00865215 0.00671122 -0.13109 0.21627 0.128169 -0.00656026 0.967862
1305031527.355197 -0.00823473 0.011284 -0.126617 0.207304 0.124681 -0.00198253 0.970297
1305031527.388471 -0.0069524 0.0182438 -0.122043 0.19904 0.122835 0.00106264 0.972262
1305031527.422926 -0.00478648 0.0245276 -0.11748 0.190285 0.122409 0.00362701 0.974061
1305031527.455773 -0.00526079 0.0313274 -0.112129 0.181248 0.123209 0.00651666 0.975667
1305031527.486055 -0.00525874 0.0354489 -0.107879 0.172487 0.122806 0.00800434 0.977294
1305031527.522397 -0.00456849 0.042007 -0.103157 0.164011 0.12189 0.00918724 0.978856
1305031527.554573 -0.00556457 0.0489292 -0.097843 0.154565 0.12283 0.0103007 0.980263
1305031527.586987 -0.00684782 0.0532299 -0.0922397 0.141726 0.123383 0.0105893 0.982129
1305031527.622793 -0.0079069 0.0568819 -0.0870637 0.127891 0.123674 0.0112258 0.983983
1305031527.656028 -0.010088 0.0628258 -0.0800075 0.1134 0.122044 0.0109758 0.985964
1305031527.688563 -0.0136478 0.0627541 -0.0743431 0.0945561 0.11687 0.0118843 0.988564
1305031527.721751 -0.017516 0.0645708 -0.0704628 0.0829448 0.109753 0.0129328 0.990408
1305031527.756472 -0.0210068 0.0662531 -0.0673056 0.0733572 0.103618 0.013566 0.991816
1305031527.789333 -0.0266129 0.0703822 -0.0633118 0.066299 0.0992224 0.0147938 0.992744
1305031527.825562 -0.0334038 0.0703818 -0.0597618 0.0571731 0.0930166 0.0158358 0.993896
1305031527.857855 -0.041133 0.0718021 -0.0558426 0.0523777 0.0844758 0.0160598 0.994918
1305031527.887866 -0.0493903 0.0759429 -0.0512003 0.0464518 0.0730053 0.013603 0.996156
1305031527.922214 -0.0596964 0.0755676 -0.0474959 0.0375658 0.0610771 0.00902118 0.997385
1305031527.954490 -0.0714108 0.07071 -0.0444236 0.032872 0.0479423 0.00175386 0.998308
1305031527.987977 -0.0848331 0.071423 -0.0408982 0.0356979 0.0327542 -0.0115205 0.998759
1305031528.025614 -0.0995168 0.0718427 -0.0380166 0.0354932 0.0175657 -0.0266304 0.998861
1305031528.056126 -0.114065 0.0663015 -0.0365002 0.035765 0.00074102 -0.0424197 0.998459
1305031528.085297 -0.129283 0.0655573 -0.0360607 0.0410808 -0.0147398 -0.0582841 0.997346
1305031528.124333 -0.147491 0.0648339 -0.0374095 0.0454409 -0.0282915 -0.0730834 0.995888
1305031528.151873 -0.163177 0.0666862 -0.0403365 0.0500618 -0.0429687 -0.0905036 0.993709
1305031528.186872 -0.177556 0.0674986 -0.0438879 0.052753 -0.0551758 -0.108048 0.991211
1305031528.220887 -0.19001 0.066998 -0.0478094 0.0581132 -0.0643907 -0.125325 0.988317
1305031528.251953 -0.203742 0.0705848 -0.0525433 0.0675868 -0.0716872 -0.140703 0.985137
1305031528.284263 -0.221138 0.0758073 -0.0579357 0.0750156 -0.0815827 -0.15243 0.98208
1305031528.321639 -0.240919 0.0777179 -0.0641696 0.082668 -0.0996371 -0.163871 0.977949
1305031528.355032 -0.259741 0.0830736 -0.0695763 0.0919562 -0.121414 -0.173682 0.972953
1305031528.384839 -0.27834 0.086966 -0.0757537 0.0972323 -0.143186 -0.180328 0.968259
1305031528.424006 -0.298416 0.0898702 -0.0834974 0.101465 -0.168165 -0.18634 0.962654
1305031528.453962 -0.314453 0.0948961 -0.0909848 0.104963 -0.195903 -0.19389 0.955516
1305031528.490720 -0.33051 0.100553 -0.0991856 0.105996 -0.222043 -0.198459 0.948723
1305031528.524649 -0.343545 0.104987 -0.105841 0.106637 -0.251238 -0.202688 0.940439
1305031528.557069 -0.356619 0.112512 -0.112187 0.106301 -0.280484 -0.208004 0.931001
1305031528.592924 -0.371708 0.118352 -0.119671 0.0995935 -0.30588 -0.214155 0.92231
1305031528.623407 -0.385327 0.126442 -0.127304 0.0952726 -0.327958 -0.218468 0.914133
1305031528.654033 -0.395731 0.137844 -0.133044 0.0919569 -0.34594 -0.223681 0.906552
1305031528.692143 -0.404849 0.149174 -0.138249 0.0840338 -0.356196 -0.230735 0.901568
1305031528.725000 -0.412014 0.161665 -0.14302 0.0767817 -0.364061 -0.237963 0.897183
1305031528.756620 -0.417606 0.175794 -0.147561 0.0709346 -0.369463 -0.245896 0.893309
1305031528.792160 -0.422907 0.190871 -0.151916 0.0639909 -0.370538 -0.253774 0.891182
1305031528.824057 -0.429585 0.207188 -0.157204 0.0537683 -0.370423 -0.261194 0.889761
1305031528.856114 -0.436297 0.223678 -0.162147 0.0442907 -0.371614 -0.268768 0.887528
1305031528.892684 -0.442597 0.240381 -0.166059 0.0334979 -0.372256 -0.275964 0.885521
1305031528.924061 -0.44857 0.259331 -0.169648 0.0224866 -0.370846 -0.282562 0.884379
1305031528.956027 -0.459944 0.271187 -0.175739 0.00462365 -0.366748 -0.286586 0.885067
1305031528.991870 -0.468428 0.287372 -0.181443 -0.00603314 -0.364916 -0.284012 0.886644
1305031529.024164 -0.47416 0.309073 -0.184891 -0.0176303 -0.361996 -0.281593 0.888456
1305031529.057246 -0.484355 0.32544 -0.190317 -0.0335419 -0.353438 -0.2801 0.891909
1305031529.092696 -0.495008 0.338972 -0.195441 -0.0477757 -0.34072 -0.272604 0.898507
1305031529.124051 -0.505656 0.355293 -0.201692 -0.0580088 -0.325667 -0.26061 0.907005
1305031529.156187 -0.518115 0.37286 -0.209454 -0.0703487 -0.310443 -0.243713 0.916122
1305031529.192085 -0.530412 0.392676 -0.21732 -0.0828015 -0.295809 -0.224776 0.924725
1305031529.224200 -0.543557 0.413478 -0.226143 -0.0974769 -0.280528 -0.208845 0.931765
1305031529.256728 -0.557481 0.431978 -0.234079 -0.111227 -0.265784 -0.202107 0.936023
1305031529.291235 -0.57388 0.448588 -0.242791 -0.126076 -0.247032 -0.200463 0.939625
1305031529.323356 -0.593147 0.462865 -0.25291 -0.139177 -0.227387 -0.195556 0.94376
1305031529.355813 -0.610388 0.47971 -0.262718 -0.151435 -0.211849 -0.192868 0.946039
1305031529.388855 -0.635138 0.488504 -0.273583 -0.166793 -0.199752 -0.192396 0.946183
1305031529.423010 -0.655777 0.499366 -0.282794 -0.168142 -0.197287 -0.194249 0.946083
1305031529.457448 -0.676584 0.509096 -0.291998 -0.167996 -0.19303 -0.197365 0.946342
1305031529.491343 -0.69697 0.517431 -0.301033 -0.165371 -0.186944 -0.199373 0.947605
1305031529.522171 -0.717811 0.522865 -0.309346 -0.162258 -0.181234 -0.203566 0.948361
1305031529.556350 -0.737438 0.529121 -0.3169 -0.153245 -0.173987 -0.206128 0.950661
1305031529.593324 -0.754801 0.537835 -0.323391 -0.145486 -0.165885 -0.205205 0.953523
1305031529.623772 -0.77269 0.544683 -0.328275 -0.1451 -0.15912 -0.202426 0.955327
1305031529.657753 -0.790563 0.550116 -0.33188 -0.146934 -0.152346 -0.19635 0.957417
1305031529.692840 -0.807188 0.555461 -0.33416 -0.149599 -0.144483 -0.186984 0.960095
1305031529.725566 -0.823547 0.559975 -0.335436 -0.153823 -0.137464 -0.177624 0.962233
1305031529.759598 -0.837957 0.563403 -0.335398 -0.157357 -0.130293 -0.171829 0.96371
1305031529.792805 -0.852718 0.564159 -0.334459 -0.161862 -0.118529 -0.166648 0.965391
1305031529.825293 -0.869071 0.560516 -0.332816 -0.161782 -0.104585 -0.162335 0.967748
1305031529.859548 -0.885252 0.562349 -0.331577 -0.153538 -0.0912645 -0.156295 0.971426
1305031529.891119 -0.90374 0.562118 -0.330495 -0.152595 -0.0807631 -0.145144 0.974231
1305031529.925850 -0.924055 0.559409 -0.328949 -0.150517 -0.0742043 -0.131928 0.976951
1305031529.960102 -0.945194 0.559817 -0.327856 -0.144938 -0.0697366 -0.119273 0.979747
1305031529.992331 -0.965791 0.560336 -0.327162 -0.143257 -0.0641187 -0.10886 0.981588
1305031530.024225 -0.98851 0.55743 -0.327213 -0.146561 -0.0568476 -0.09595 0.982895
1305031530.059982 -1.01157 0.552193 -0.328448 -0.149896 -0.0518625 -0.0811856 0.983997
1305031530.091203 -1.03411 0.547699 -0.331654 -0.152524 -0.0484406 -0.0687977 0.984712
1305031530.125990 -1.05847 0.537278 -0.336363 -0.157937 -0.0444187 -0.0548341 0.984924
1305031530.159636 -1.08081 0.528529 -0.342956 -0.155094 -0.0424086 -0.043619 0.986025
1305031530.191494 -1.10238 0.52094 -0.350867 -0.152267 -0.0402922 -0.0384366 0.986769
1305031530.224007 -1.12488 0.506966 -0.358551 -0.151041 -0.0372167 -0.0332844 0.987266
1305031530.259074 -1.14518 0.496339 -0.36847 -0.142561 -0.0337744 -0.0336875 0.988636
1305031530.292738 -1.16486 0.487124 -0.379137 -0.135637 -0.028926 -0.036829 0.989651
1305031530.324398 -1.18481 0.476393 -0.38932 -0.130686 -0.0228539 -0.0375032 0.990451
1305031530.355958 -1.20169 0.470285 -0.400808 -0.124373 -0.0166246 -0.0398228 0.991297
1305031530.391987 -1.21991 0.463434 -0.411453 -0.12392 -0.00870821 -0.0414993 0.991386
1305031530.423101 -1.24031 0.449928 -0.420261 -0.124416 -0.000333552 -0.0398344 0.99143
1305031530.458850 -1.25884 0.439637 -0.430762 -0.119239 0.00680019 -0.0404301 0.992019
1305031530.492200 -1.27679 0.430062 -0.442087 -0.114828 0.0132429 -0.0395784 0.992508
1305031530.524323 -1.29387 0.418194 -0.453794 -0.110621 0.0211901 -0.0379334 0.992912
1305031530.558716 -1.31051 0.400547 -0.465024 -0.104202 0.0335361 -0.038087 0.993261
1305031530.591301 -1.32517 0.383353 -0.479466 -0.0894992 0.0484779 -0.040693 0.993974
1305031530.623002 -1.33765 0.373193 -0.497178 -0.0712602 0.0656497 -0.0424388 0.99439
1305031530.656445 -1.34881 0.363631 -0.515367 -0.055185 0.0862263 -0.0438449 0.993779
1305031530.691015 -1.36131 0.351021 -0.532675 -0.0399844 0.110733 -0.0437007 0.992084
1305031530.723869 -1.3749 0.341767 -0.552172 -0.0191178 0.13699 -0.040564 0.989557
1305031530.758503 -1.38856 0.34515 -0.572278 -0.000768958 0.162687 -0.0373371 0.985971
1305031530.790818 -1.4062 0.340577 -0.588704 0.0118996 0.189607 -0.0289616 0.981361
1305031530.822584 -1.42612 0.3521 -0.604508 0.0258527 0.212756 -0.0192925 0.976573
1305031530.858371 -1.44765 0.36383 -0.615211 0.0309378 0.230553 -0.00710372 0.972542
1305031530.890688 -1.46855 0.366513 -0.620666 0.029665 0.24103 0.00394119 0.970056
1305031530.923878 -1.49305 0.366157 -0.622155 0.0337441 0.245454 0.012104 0.968745
1305031530.959175 -1.51842 0.3799 -0.619779 0.0414006 0.241617 0.0141088 0.969385
1305031530.988081 -1.54445 0.391435 -0.611833 0.0418694 0.231781 0.0148476 0.971753
1305031531.027310 -1.57146 0.403113 -0.599199 0.0401177 0.217613 0.0169435 0.975063
1305031531.058516 -1.60125 0.415336 -0.58236 0.0351774 0.203656 0.0206102 0.978193
1305031531.091208 -1.629 0.427503 -0.56377 0.0258732 0.187836 0.0233465 0.981582
1305031531.126140 -1.65452 0.428166 -0.543698 0.0127281 0.170424 0.028531 0.984875
1305031531.159520 -1.68003 0.428764 -0.523151 0.00545544 0.154259 0.0340199 0.987429
1305031531.190137 -1.70529 0.438353 -0.502722 0.00191869 0.137645 0.0358551 0.989831
1305031531.228127 -1.73099 0.446963 -0.481009 -0.00487722 0.121172 0.0387099 0.991865
1305031531.259840 -1.75763 0.447286 -0.457716 -0.0130513 0.104381 0.0425537 0.993541
1305031531.290185 -1.78362 0.448043 -0.434989 -0.0154304 0.0911336 0.0451545 0.994695
1305031531.327763 -1.80675 0.451723 -0.413217 -0.0140493 0.0805829 0.0466179 0.995558
1305031531.358509 -1.82846 0.456935 -0.392016 -0.0131637 0.0744897 0.0454077 0.9961
1305031531.389868 -1.84723 0.455374 -0.371218 -0.0140407 0.0750338 0.0447556 0.996077
1305031531.427177 -1.86387 0.458891 -0.352169 -0.0101381 0.0801553 0.0439712 0.99576
1305031531.459698 -1.88043 0.460498 -0.332785 -0.00932708 0.0891803 0.045675 0.994924
1305031531.492107 -1.89899 0.453155 -0.311454 -0.00796194 0.0993651 0.0513957 0.993691
1305031531.527542 -1.91623 0.45598 -0.291931 -0.00275501 0.106884 0.053013 0.992853
1305031531.560506 -1.93332 0.450857 -0.272484 -0.00299468 0.111695 0.0583644 0.992023
1305031531.592018 -1.94866 0.446281 -0.254235 -0.000700306 0.114804 0.0647232 0.991277
1305031531.628037 -1.96404 0.444821 -0.236921 0.000474668 0.119443 0.0673888 0.990551
1305031531.659769 -1.97927 0.438455 -0.220628 -0.00129522 0.125951 0.0709634 0.989494
1305031531.693140 -1.99634 0.43347 -0.205703 0.000751104 0.132159 0.074605 0.988417
1305031531.727762 -2.01467 0.432544 -0.18994 0.00274899 0.136247 0.0740137 0.987902
1305031531.755881 -2.03266 0.425581 -0.174718 0.00121367 0.140846 0.0732053 0.987321
1305031531.790528 -2.04906 0.422719 -0.161521 0.00399544 0.145616 0.0700376 0.986851
1305031531.826931 -2.06728 0.422219 -0.147132 0.00834593 0.149816 0.0686399 0.986293
1305031531.858402 -2.0846 0.430836 -0.131715 0.0109326 0.15132 0.066367 0.986194
1305031531.893291 -2.10044 0.432851 -0.117865 0.00120125 0.152661 0.0678696 0.985945
1305031531.925080 -2.11612 0.432803 -0.105068 -0.00809216 0.155868 0.0703639 0.985235
1305031531.959262 -2.13093 0.436219 -0.091329 -0.016257 0.162056 0.0736664 0.983894
1305031531.990634 -2.14573 0.437218 -0.0775686 -0.0257498 0.168887 0.0794699 0.982089
1305031532.027524 -2.15939 0.444557 -0.0648118 -0.0321368 0.175415 0.0847475 0.980313
1305031532.059872 -2.17301 0.451675 -0.0505727 -0.041965 0.18271 0.0949372 0.977672
1305031532.092096 -2.18665 0.456865 -0.0354066 -0.0548122 0.18995 0.107801 0.974317
1305031532.126073 -2.19924 0.462452 -0.0208073 -0.0674374 0.196567 0.124928 0.970158
1305031532.159926 -2.21104 0.4654 -0.00666851 -0.0777578 0.201725 0.14489 0.96554
1305031532.195623 -2.2242 0.472689 0.00814475 -0.0855516 0.206335 0.163101 0.960991
1305031532.227800 -2.23777 0.476429 0.0229567 -0.094456 0.210481 0.184782 0.955317
1305031532.260079 -2.25257 0.480952 0.0378955 -0.0998185 0.21419 0.20321 0.950192
1305031532.295824 -2.26787 0.484609 0.0530387 -0.107271 0.219547 0.219738 0.944461
1305031532.327833 -2.28298 0.487378 0.0685078 -0.114287 0.225605 0.235296 0.938444
1305031532.356687 -2.29902 0.487389 0.0847493 -0.122965 0.227738 0.25332 0.932118
1305031532.396584 -2.31471 0.485792 0.100775 -0.131097 0.224743 0.2695 0.927186
1305031532.424572 -2.32628 0.478116 0.117093 -0.139325 0.217133 0.278036 0.925277
1305031532.461447 -2.33676 0.46593 0.131871 -0.137866 0.214113 0.281592 0.925124
1305031532.494758 -2.35157 0.453539 0.149465 -0.124278 0.217002 0.276358 0.92795
1305031532.523363 -2.36598 0.443771 0.164505 -0.110283 0.220572 0.27322 0.929805
1305031532.558750 -2.37653 0.430709 0.180273 -0.0975762 0.221313 0.272274 0.931325
1305031532.594713 -2.38826 0.422941 0.195106 -0.0818912 0.223582 0.268169 0.933483
1305031532.626577 -2.4001 0.418327 0.210259 -0.0737234 0.229027 0.26709 0.933153
1305031532.655415 -2.40692 0.409775 0.224853 -0.0724055 0.238815 0.270418 0.929838
1305031532.692281 -2.41213 0.402922 0.238618 -0.0700288 0.254032 0.274151 0.924881
1305031532.725142 -2.4217 0.398142 0.253027 -0.0720291 0.268508 0.28247 0.91811
1305031532.756518 -2.42582 0.390626 0.267314 -0.0799893 0.278027 0.293043 0.911279
1305031532.793593 -2.426 0.380484 0.280145 -0.0857884 0.283826 0.304278 0.905261
1305031532.827589 -2.42499 0.371492 0.292183 -0.0847873 0.290921 0.308947 0.901514
1305031532.860360 -2.42453 0.365775 0.302964 -0.0825578 0.302136 0.312895 0.896657
1305031532.894951 -2.42233 0.35811 0.313252 -0.0805085 0.316439 0.321016 0.889007
1305031532.927108 -2.4224 0.351113 0.325386 -0.0786218 0.329779 0.330211 0.880923
1305031532.958860 -2.41669 0.339604 0.336652 -0.0755115 0.336893 0.34559 0.872564
1305031532.994889 -2.41164 0.332291 0.347058 -0.0669053 0.343678 0.357881 0.865638
1305031533.027007 -2.40631 0.324786 0.356718 -0.058509 0.351593 0.370897 0.857552
1305031533.059895 -2.40122 0.319383 0.363851 -0.0492858 0.359499 0.380395 0.850665
1305031533.095707 -2.40624 0.3217 0.372089 -0.0428519 0.370508 0.387247 0.843165
1305031533.127261 -2.39718 0.306449 0.377613 -0.0468227 0.380034 0.404942 0.830303
1305031533.158865 -2.3878 0.290067 0.377928 -0.0451546 0.387663 0.415306 0.821706
1305031533.194665 -2.39078 0.286286 0.37796 -0.0383364 0.397174 0.411807 0.819267
1305031533.226596 -2.39408 0.279322 0.378651 -0.0392199 0.406118 0.414561 0.81343
1305031533.258719 -2.38742 0.26046 0.373851 -0.0427779 0.41364 0.42279 0.805184
1305031533.294892 -2.38985 0.247617 0.367933 -0.0389654 0.421619 0.421722 0.801791
1305031533.326747 -2.3931 0.234789 0.361396 -0.036059 0.426639 0.423463 0.798347
1305031533.358749 -2.39392 0.217616 0.351192 -0.0308366 0.433839 0.424383 0.794187
1305031533.394869 -2.39904 0.201849 0.343707 -0.0219647 0.442113 0.424264 0.789971
1305031533.428282 -2.40631 0.18732 0.33936 -0.0113118 0.447518 0.424796 0.786859
1305031533.463804 -2.41251 0.173309 0.334159 -0.00287792 0.447876 0.427051 0.78551
1305031533.495077 -2.42047 0.160965 0.330138 0.00833721 0.450459 0.428949 0.782956
1305031533.523787 -2.42908 0.150353 0.326678 0.0156705 0.452652 0.432557 0.779587
1305031533.563866 -2.43419 0.136279 0.321715 0.0243866 0.455533 0.437207 0.775077
1305031533.596729 -2.44515 0.129848 0.321323 0.0343621 0.462976 0.436672 0.770578
1305031533.623714 -2.45355 0.122263 0.320173 0.038614 0.472441 0.438442 0.763595
1305031533.662973 -2.46197 0.114605 0.321697 0.0424498 0.481911 0.441843 0.75547
1305031533.695127 -2.47153 0.110188 0.326292 0.043765 0.489556 0.445886 0.748068
1305031533.727956 -2.4764 0.10101 0.329411 0.0398211 0.499532 0.451152 0.738474
1305031533.763534 -2.48068 0.0915901 0.331604 0.0357415 0.51248 0.453248 0.72846
1305031533.795519 -2.48979 0.0863983 0.341756 0.035043 0.525332 0.454051 0.718774
1305031533.827015 -2.49196 0.0747051 0.346719 0.0324067 0.530006 0.459745 0.711813
1305031533.859819 -2.49515 0.0653709 0.350114 0.0413904 0.528301 0.461665 0.711372
1305031533.895161 -2.50228 0.0652349 0.356345 0.055156 0.513186 0.459065 0.723089
1305031533.926857 -2.50401 0.0506898 0.367217 0.0659525 0.492759 0.458173 0.736828
1305031533.961985 -2.50657 0.0399793 0.38514 0.0817303 0.470898 0.451656 0.75338
1305031533.994392 -2.50742 0.0239874 0.402191 0.0934216 0.448553 0.447375 0.768067
1305031534.026608 -2.50446 0.0027685 0.414899 0.104522 0.429257 0.438183 0.782821
1305031534.062247 -2.50454 -0.0148119 0.43064 0.119665 0.414551 0.424364 0.79608
1305031534.094417 -2.50709 -0.0300089 0.44452 0.132369 0.402529 0.414952 0.805148
1305031534.126412 -2.50527 -0.0522926 0.452363 0.146392 0.39373 0.405296 0.811961
1305031534.162210 -2.51123 -0.0610836 0.467065 0.162383 0.397706 0.383693 0.81746
1305031534.191161 -2.51155 -0.0732252 0.47352 0.170976 0.401791 0.374069 0.818171
1305031534.225977 -2.50859 -0.0923682 0.477297 0.180821 0.403184 0.365358 0.819305
1305031534.262752 -2.51023 -0.0943201 0.485689 0.189607 0.403467 0.353528 0.822363
1305031534.295276 -2.50664 -0.106591 0.489536 0.190642 0.398851 0.351303 0.825324
1305031534.327593 -2.50517 -0.117049 0.49577 0.193914 0.39623 0.347904 0.827262
1305031534.362839 -2.50116 -0.12926 0.498504 0.196653 0.398043 0.342841 0.827859
1305031534.395128 -2.49652 -0.137533 0.499785 0.201427 0.400292 0.335454 0.828652
1305031534.427890 -2.4919 -0.142583 0.501161 0.206162 0.405459 0.328055 0.827937
1305031534.462407 -2.48322 -0.157619 0.49756 0.212528 0.408562 0.324866 0.826057
1305031534.494488 -2.48013 -0.162801 0.50078 0.223643 0.409155 0.315684 0.826389
1305031534.526222 -2.47681 -0.165797 0.505046 0.228039 0.406813 0.312068 0.827717
1305031534.562364 -2.46997 -0.174621 0.504972 0.231964 0.400644 0.312572 0.829443
1305031534.594279 -2.46582 -0.17972 0.508809 0.239878 0.394926 0.30733 0.831889
1305031534.627133 -2.46147 -0.183789 0.513189 0.243857 0.388676 0.302526 0.83543
1305031534.662781 -2.45782 -0.186271 0.518481 0.245023 0.379471 0.300514 0.840034
1305031534.694710 -2.45259 -0.186897 0.522567 0.244925 0.370849 0.298858 0.844492
1305031534.730855 -2.44561 -0.189113 0.5234 0.245976 0.364891 0.297661 0.8472
1305031534.763129 -2.44239 -0.188554 0.526799 0.247188 0.361659 0.293244 0.84977
1305031534.795824 -2.43774 -0.188425 0.528452 0.245173 0.359057 0.288737 0.852994
1305031534.831135 -2.433 -0.190793 0.528288 0.246195 0.354725 0.286799 0.855164
1305031534.862751 -2.42937 -0.192363 0.528574 0.248589 0.349362 0.283767 0.857686
1305031534.894919 -2.42481 -0.197101 0.525556 0.251976 0.343956 0.276739 0.861172
1305031534.930974 -2.42457 -0.192457 0.526679 0.253025 0.342469 0.264198 0.865386
1305031534.962776 -2.42069 -0.18872 0.521525 0.251377 0.348425 0.257326 0.865559
1305031534.994599 -2.41958 -0.191453 0.514544 0.254917 0.357828 0.25218 0.862196
1305031535.030642 -2.42396 -0.194014 0.514013 0.260168 0.361457 0.245707 0.860982
1305031535.062210 -2.43043 -0.194543 0.517185 0.263966 0.358073 0.240338 0.862753
1305031535.094542 -2.4343 -0.189339 0.519498 0.263174 0.351485 0.237301 0.866537
1305031535.129807 -2.43581 -0.189893 0.517827 0.264265 0.347967 0.240531 0.866734
1305031535.158853 -2.44024 -0.189977 0.520015 0.26548 0.342977 0.243887 0.867414
1305031535.193991 -2.44306 -0.194476 0.521256 0.264101 0.332886 0.246115 0.871129
1305031535.230011 -2.44833 -0.194611 0.526034 0.262252 0.320692 0.245962 0.87629
1305031535.261725 -2.44787 -0.198525 0.524865 0.259103 0.30748 0.2468 0.881709
1305031535.295784 -2.44771 -0.200632 0.52223 0.257609 0.295372 0.245385 0.886668
1305031535.329773 -2.44898 -0.202861 0.5209 0.254666 0.286819 0.242266 0.891172
1305031535.361759 -2.44987 -0.207566 0.519492 0.252278 0.278129 0.240227 0.895149
1305031535.392026 -2.45509 -0.211581 0.522131 0.250124 0.269069 0.235143 0.89986
1305031535.431010 -2.45653 -0.217382 0.520953 0.247773 0.26128 0.229751 0.904188
1305031535.462732 -2.46081 -0.225647 0.520019 0.248076 0.254548 0.222762 0.907767
1305031535.495467 -2.46532 -0.235557 0.518515 0.249561 0.248384 0.213547 0.911275
1305031535.530835 -2.46757 -0.239815 0.516915 0.253055 0.242237 0.202046 0.914583
1305031535.562308 -2.47171 -0.245308 0.514888 0.256665 0.239672 0.191692 0.916479
1305031535.594713 -2.47963 -0.244215 0.517158 0.256514 0.241371 0.182566 0.917938
1305031535.630819 -2.48637 -0.241044 0.519737 0.253333 0.243796 0.178956 0.918891
1305031535.662546 -2.48821 -0.240478 0.518506 0.251972 0.245387 0.176221 0.91937
1305031535.694763 -2.48838 -0.230134 0.520768 0.248683 0.244579 0.174279 0.92085
1305031535.730877 -2.48814 -0.220958 0.522133 0.242448 0.243762 0.177223 0.922166
1305031535.759227 -2.48636 -0.214834 0.522295 0.23666 0.243516 0.179952 0.923206
1305031535.794599 -2.48292 -0.200751 0.524447 0.230501 0.244142 0.181036 0.924386
1305031535.831105 -2.47622 -0.19432 0.520433 0.224095 0.245027 0.187926 0.924352
1305031535.859528 -2.47406 -0.184961 0.519702 0.221311 0.245711 0.194112 0.923563
1305031535.898883 -2.46927 -0.176313 0.516618 0.216067 0.245725 0.200316 0.923476
1305031535.930685 -2.4627 -0.165408 0.511755 0.212591 0.248504 0.205085 0.922492
1305031535.959567 -2.46097 -0.150235 0.510019 0.207505 0.255354 0.210647 0.920523
1305031535.998988 -2.45933 -0.135105 0.508148 0.198477 0.262565 0.216304 0.919173
1305031536.031463 -2.45632 -0.120535 0.506013 0.187724 0.2682 0.225611 0.917566
1305031536.062243 -2.45226 -0.107937 0.503036 0.177685 0.27443 0.235405 0.91526
1305031536.099404 -2.45011 -0.095163 0.500721 0.165898 0.281456 0.244748 0.912885
1305031536.131440 -2.44648 -0.0813992 0.49601 0.153174 0.288594 0.256129 0.909752
1305031536.163367 -2.44189 -0.0697025 0.489947 0.142258 0.298233 0.269372 0.904577
1305031536.199777 -2.43852 -0.0564726 0.483923 0.131697 0.30894 0.282515 0.898553
1305031536.231583 -2.43489 -0.0435345 0.477256 0.120817 0.320959 0.29454 0.891984
1305031536.263219 -2.4292 -0.0308094 0.467573 0.109689 0.332502 0.309991 0.883921
1305031536.299512 -2.4245 -0.0184658 0.458977 0.100614 0.344416 0.325267 0.874903
1305031536.331390 -2.42115 -0.00772599 0.449999 0.0939425 0.357148 0.340091 0.864846
1305031536.363006 -2.42067 0.00376539 0.443466 0.088114 0.369562 0.354514 0.854389
1305031536.399605 -2.4184 0.0139884 0.433576 0.0817957 0.381257 0.369966 0.843254
1305031536.431590 -2.41922 0.0246001 0.425081 0.078479 0.393785 0.383033 0.831902
1305031536.463554 -2.42104 0.0331677 0.419627 0.073958 0.405762 0.397064 0.819895
1305031536.499647 -2.4225 0.0405877 0.412531 0.06818 0.413718 0.408493 0.810754
1305031536.531617 -2.4233 0.0467257 0.406347 0.0649165 0.418429 0.418717 0.803355
1305031536.563087 -2.42711 0.0528274 0.40461 0.0636024 0.4202 0.427213 0.798045
1305031536.599164 -2.4292 0.0609894 0.399518 0.061946 0.418137 0.434998 0.795048
1305031536.631797 -2.43098 0.0695154 0.395027 0.0622246 0.418048 0.442436 0.790958
1305031536.663533 -2.43593 0.0780166 0.395198 0.0624011 0.41763 0.449351 0.787258
1305031536.699497 -2.43883 0.0856792 0.392505 0.0599737 0.412722 0.455647 0.786415
1305031536.731424 -2.44113 0.0969908 0.387125 0.0578734 0.409796 0.456778 0.787446
1305031536.761478 -2.44185 0.107928 0.379465 0.0542986 0.410907 0.456796 0.787112
1305031536.796242 -2.44374 0.114075 0.375095 0.0516244 0.412864 0.45456 0.787562
1305031536.828016 -2.44932 0.123401 0.37247 0.0497205 0.412109 0.448223 0.791701
1305031536.859596 -2.45272 0.133141 0.367733 0.0466484 0.410117 0.444907 0.794787
1305031536.895830 -2.45354 0.142333 0.359294 0.0433982 0.408152 0.440705 0.798316
1305031536.927579 -2.45392 0.15307 0.348193 0.0403182 0.408771 0.430488 0.803717
1305031536.962880 -2.45459 0.16279 0.334526 0.0376017 0.412523 0.423291 0.805751
1305031536.996766 -2.45579 0.170266 0.322184 0.0369126 0.414699 0.418166 0.807341
1305031537.028058 -2.4581 0.182555 0.308383 0.0367913 0.416366 0.410002 0.810669
1305031537.060447 -2.45949 0.19334 0.293363 0.0350888 0.418073 0.405119 0.812319
1305031537.095829 -2.45957 0.204085 0.276945 0.0331461 0.417164 0.400237 0.815282
1305031537.129621 -2.45837 0.215625 0.258227 0.0305667 0.41727 0.394441 0.818149
1305031537.167541 -2.45523 0.224544 0.237075 0.0275026 0.418474 0.38807 0.820685
1305031537.195643 -2.45306 0.235792 0.216771 0.0259186 0.417984 0.379242 0.825102
1305031537.230153 -2.44986 0.244426 0.196508 0.0239567 0.415811 0.372026 0.829532
1305031537.265688 -2.44693 0.254506 0.175995 0.0233045 0.412365 0.363124 0.835196
1305031537.298861 -2.44385 0.264568 0.155543 0.0214296 0.408668 0.354993 0.840542
1305031537.330994 -2.43916 0.270895 0.134624 0.018821 0.404733 0.347257 0.845724
1305031537.365736 -2.43555 0.277939 0.114031 0.0174534 0.399477 0.337839 0.852044
1305031537.395624 -2.43164 0.284852 0.0937055 0.0169216 0.393422 0.326824 0.859138
1305031537.429641 -2.42972 0.293065 0.0759134 0.016814 0.386358 0.317361 0.865868
1305031537.464312 -2.42573 0.298743 0.057664 0.0148937 0.37625 0.308256 0.873609
1305031537.497527 -2.42087 0.303695 0.0393356 0.0131243 0.366041 0.297018 0.881829
1305031537.530263 -2.41787 0.31371 0.0223652 0.0118488 0.35819 0.285224 0.888936
1305031537.564476 -2.41106 0.318685 0.005244 0.00673591 0.351641 0.277768 0.893951
1305031537.598276 -2.40186 0.318051 -0.011723 0.00449673 0.346882 0.272625 0.897401
1305031537.630389 -2.39477 0.320581 -0.0272756 0.00722024 0.341076 0.267219 0.901226
1305031537.664114 -2.38712 0.323349 -0.0426647 0.00980398 0.330391 0.259674 0.907367
1305031537.695278 -2.37423 0.321829 -0.0602501 0.012681 0.320469 0.252829 0.912807
1305031537.728342 -2.36388 0.325883 -0.076866 0.0182557 0.316145 0.242063 0.917128
1305031537.766378 -2.35246 0.327103 -0.0918662 0.0216479 0.31273 0.230711 0.921143
1305031537.798725 -2.34065 0.33069 -0.106992 0.0275819 0.308565 0.219847 0.925037
1305031537.830287 -2.32898 0.335868 -0.120984 0.033019 0.303387 0.212238 0.928343
1305031537.866662 -2.31462 0.33818 -0.134785 0.0361796 0.295997 0.203952 0.932459
1305031537.898536 -2.29911 0.343308 -0.149194 0.0396605 0.290206 0.19374 0.936308
1305031537.930243 -2.28372 0.351212 -0.163434 0.0416804 0.28607 0.185409 0.939175
1305031537.966300 -2.26665 0.357129 -0.176766 0.0407728 0.280643 0.178703 0.942148
1305031537.998327 -2.24679 0.358586 -0.190888 0.0395232 0.275379 0.172607 0.944887
1305031538.030606 -2.22855 0.367984 -0.204767 0.0415279 0.270412 0.165386 0.947523
1305031538.066420 -2.20832 0.369663 -0.217328 0.0385644 0.26345 0.163293 0.949969
1305031538.099117 -2.1882 0.365174 -0.22978 0.0382599 0.255123 0.162184 0.952442
1305031538.130778 -2.16918 0.367051 -0.242485 0.0449442 0.242759 0.16423 0.955027
1305031538.167361 -2.14919 0.365098 -0.256402 0.0463294 0.228477 0.165693 0.958226
1305031538.198836 -2.12597 0.355922 -0.273155 0.0469263 0.216189 0.159958 0.962015
1305031538.231674 -2.10466 0.350089 -0.289224 0.0553057 0.209829 0.151737 0.964307
1305031538.267245 -2.08819 0.348532 -0.302859 0.0642811 0.206212 0.14238 0.965957
1305031538.297169 -2.07094 0.34182 -0.317122 0.0708834 0.200629 0.132487 0.968076
1305031538.329631 -2.05559 0.335674 -0.330429 0.081193 0.194739 0.12126 0.969938
1305031538.366671 -2.04223 0.336045 -0.341587 0.0924854 0.187568 0.10958 0.971729
1305031538.395653 -2.02369 0.334822 -0.356183 0.101404 0.177921 0.100994 0.973582
1305031538.434273 -2.00801 0.335484 -0.367806 0.112029 0.170121 0.0958398 0.974332
1305031538.468114 -1.9923 0.336401 -0.379804 0.120433 0.159269 0.0893578 0.975779
1305031538.498490 -1.97504 0.344371 -0.391544 0.128884 0.146933 0.0817793 0.977298
1305031538.534659 -1.96102 0.356063 -0.400914 0.13363 0.135855 0.0765232 0.978688
1305031538.566473 -1.94325 0.367531 -0.411962 0.133061 0.124816 0.0690862 0.980787
1305031538.598497 -1.92384 0.389434 -0.420518 0.130779 0.116168 0.0586412 0.982834
1305031538.634075 -1.89812 0.401589 -0.433222 0.120709 0.109439 0.0535508 0.985183
1305031538.666052 -1.87965 0.409968 -0.444875 0.116274 0.107384 0.050535 0.986101
1305031538.698387 -1.86837 0.437896 -0.449549 0.114312 0.102872 0.0448116 0.987088
1305031538.734584 -1.85107 0.459939 -0.456269 0.0991497 0.0911756 0.0444254 0.98989
1305031538.766510 -1.82815 0.469034 -0.467505 0.0804719 0.0771379 0.0473559 0.992639
1305031538.798755 -1.80779 0.490526 -0.477515 0.0681504 0.0673345 0.0476374 0.99426
1305031538.832497 -1.78613 0.508443 -0.487891 0.0476727 0.0607991 0.044107 0.996035
1305031538.867193 -1.76334 0.51498 -0.497753 0.028603 0.0578163 0.0400871 0.997112
1305031538.899432 -1.73923 0.52759 -0.509315 0.0169024 0.0569854 0.0376629 0.997521
1305031538.936017 -1.7171 0.541708 -0.519316 0.00573685 0.0562972 0.0389459 0.997638
1305031538.967667 -1.69246 0.54951 -0.529191 -0.00710145 0.0545163 0.0404009 0.99767
1305031538.999448 -1.66836 0.558461 -0.538707 -0.0162393 0.0532567 0.0405121 0.997627
1305031539.034977 -1.64387 0.567062 -0.547602 -0.0245092 0.0523143 0.0402403 0.997519
1305031539.067603 -1.61915 0.573568 -0.555438 -0.0325282 0.0517452 0.0386998 0.99738
1305031539.099360 -1.593 0.583204 -0.563415 -0.0382939 0.0498118 0.0351782 0.997404
1305031539.135768 -1.56649 0.592539 -0.570037 -0.0471679 0.0470895 0.0310729 0.997292
1305031539.167546 -1.5405 0.598499 -0.574725 -0.0557542 0.0438441 0.0269404 0.997118
1305031539.199492 -1.51306 0.609116 -0.578918 -0.0650096 0.0374722 0.02182 0.996942
1305031539.235629 -1.48738 0.615885 -0.580629 -0.0794971 0.0285332 0.0179569 0.996265
1305031539.267760 -1.46072 0.619143 -0.582486 -0.0957513 0.0150817 0.0112062 0.995228
1305031539.299592 -1.43175 0.624425 -0.58555 -0.1092 0.00316352 0.00202305 0.994013
1305031539.335706 -1.40497 0.63001 -0.587702 -0.126505 -0.00363132 -0.012166 0.991885
1305031539.367585 -1.37701 0.634511 -0.590581 -0.144173 -0.00780902 -0.0318489 0.989009
1305031539.399501 -1.35064 0.637734 -0.593281 -0.160001 -0.00860995 -0.0528382 0.985664
1305031539.435549 -1.3232 0.640463 -0.596054 -0.179117 -0.00789775 -0.0719556 0.981161
1305031539.467525 -1.29571 0.637759 -0.598075 -0.196201 -0.0107669 -0.0847144 0.976838
1305031539.499639 -1.27162 0.634617 -0.600688 -0.20633 -0.0186308 -0.092389 0.973933
1305031539.535499 -1.24832 0.633134 -0.604374 -0.214478 -0.0302125 -0.0984471 0.971285
1305031539.567517 -1.22162 0.629379 -0.607995 -0.221773 -0.041571 -0.105037 0.968533
1305031539.599060 -1.19743 0.621662 -0.61111 -0.224913 -0.0504341 -0.112607 0.966535
1305031539.635592 -1.17394 0.615684 -0.61566 -0.224234 -0.0584997 -0.12353 0.964903
1305031539.667412 -1.14892 0.605728 -0.618428 -0.224668 -0.0660855 -0.138628 0.962257
1305031539.703794 -1.12453 0.593728 -0.620041 -0.220595 -0.0725339 -0.15303 0.960551
1305031539.735675 -1.1003 0.585661 -0.62197 -0.214001 -0.0810027 -0.165754 0.959254
1305031539.767637 -1.07621 0.579038 -0.6226 -0.210007 -0.0912697 -0.176847 0.957231
1305031539.803605 -1.05083 0.573216 -0.621438 -0.20847 -0.101249 -0.187008 0.954629
1305031539.832088 -1.02915 0.56585 -0.61876 -0.206751 -0.112463 -0.195841 0.951973
1305031539.867127 -1.00477 0.561723 -0.615357 -0.205334 -0.128386 -0.205036 0.948322
1305031539.903594 -0.979815 0.557259 -0.610329 -0.207099 -0.142011 -0.215365 0.943695
1305031539.935437 -0.953962 0.552734 -0.6039 -0.210029 -0.154614 -0.228626 0.93793
1305031539.967652 -0.929619 0.545576 -0.596043 -0.213357 -0.162086 -0.24409 0.932002
1305031540.003691 -0.907619 0.538092 -0.588005 -0.210304 -0.166395 -0.255527 0.928865
1305031540.035614 -0.882408 0.532256 -0.580067 -0.205218 -0.171643 -0.266967 0.925825
1305031540.067782 -0.863738 0.520491 -0.572422 -0.200789 -0.17174 -0.274052 0.924708
1305031540.103651 -0.842637 0.510911 -0.565082 -0.186315 -0.176239 -0.280885 0.924841
1305031540.135787 -0.819124 0.502784 -0.55812 -0.171941 -0.179766 -0.282619 0.926416
1305031540.167625 -0.799889 0.490045 -0.551816 -0.161541 -0.177306 -0.280842 0.929298
1305031540.204012 -0.779257 0.477483 -0.546406 -0.146799 -0.173473 -0.276497 0.933759
1305031540.235943 -0.763471 0.463467 -0.54323 -0.132822 -0.168669 -0.269532 0.938755
1305031540.267794 -0.746966 0.452035 -0.541276 -0.112708 -0.174371 -0.264011 0.941907
1305031540.303627 -0.723545 0.448004 -0.539675 -0.0958258 -0.182393 -0.254929 0.944755
1305031540.335660 -0.709116 0.433842 -0.537766 -0.0856476 -0.185837 -0.247046 0.947152
1305031540.367613 -0.686714 0.42637 -0.535483 -0.0689076 -0.187951 -0.238164 0.950371
1305031540.403545 -0.671552 0.411041 -0.534233 -0.0576657 -0.182032 -0.227128 0.954962
1305031540.435756 -0.655927 0.399653 -0.534956 -0.0413474 -0.180748 -0.213686 0.959145
1305031540.467365 -0.636786 0.393798 -0.536052 -0.0273092 -0.181311 -0.199521 0.962586
1305031540.502953 -0.623143 0.377545 -0.537473 -0.0151359 -0.179004 -0.185069 0.966167
1305031540.535194 -0.602686 0.376702 -0.539702 0.00276088 -0.179501 -0.171558 0.968679
1305031540.563522 -0.585344 0.365215 -0.540798 0.0141438 -0.174866 -0.164271 0.970689
1305031540.603376 -0.567711 0.354337 -0.543305 0.0304334 -0.16502 -0.156322 0.973348
1305031540.635224 -0.547902 0.357753 -0.546839 0.0463251 -0.155097 -0.147549 0.975719
1305031540.667294 -0.529651 0.348107 -0.547796 0.0532402 -0.142683 -0.140587 0.978285
1305031540.703386 -0.509745 0.340834 -0.549553 0.0634695 -0.129008 -0.130144 0.981015
1305031540.735694 -0.489004 0.340979 -0.5508 0.0718477 -0.117135 -0.11965 0.98326
1305031540.767548 -0.470766 0.334411 -0.551667 0.0770554 -0.101306 -0.10986 0.985764
1305031540.803232 -0.452178 0.330295 -0.553007 0.0856088 -0.0829979 -0.0988025 0.987938
1305031540.835181 -0.431903 0.332466 -0.554367 0.0939563 -0.0610752 -0.0882384 0.989776
1305031540.871023 -0.417347 0.328346 -0.557771 0.0988163 -0.0371729 -0.078001 0.991347
1305031540.903222 -0.398159 0.325169 -0.560355 0.104425 -0.0183851 -0.0689015 0.991973
1305031540.935050 -0.381995 0.32716 -0.562503 0.111038 0.00223559 -0.0577323 0.992135
1305031540.971078 -0.370829 0.32452 -0.564758 0.114624 0.0197519 -0.0444579 0.992217
1305031541.003228 -0.360819 0.31689 -0.568635 0.118181 0.0322786 -0.0335311 0.991901
1305031541.034514 -0.349575 0.316718 -0.571245 0.126962 0.0432941 -0.0234866 0.990684
1305031541.070217 -0.341065 0.312221 -0.573038 0.134113 0.0536369 -0.0105353 0.989457
1305031541.099997 -0.336859 0.312136 -0.573125 0.142607 0.0604009 -0.00176249 0.987933
1305031541.135330 -0.32885 0.312253 -0.573561 0.147026 0.0642146 0.0022152 0.987044
1305031541.171574 -0.320767 0.308169 -0.574378 0.150534 0.0721161 0.00797375 0.985939
1305031541.202996 -0.321195 0.309563 -0.571272 0.156007 0.0797851 0.012684 0.984447
1305031541.235198 -0.322336 0.311583 -0.565958 0.154028 0.080628 0.0140618 0.984671
1305031541.267954 -0.321649 0.310912 -0.561019 0.149449 0.0778895 0.0166239 0.985557
1305031541.301672 -0.322735 0.309905 -0.555224 0.143748 0.0731145 0.0194982 0.986717
1305031541.331852 -0.324389 0.307332 -0.549398 0.138144 0.0655628 0.0200536 0.988036
1305031541.371250 -0.32785 0.307418 -0.542439 0.131827 0.0549252 0.0181802 0.989583
1305031541.402022 -0.3296 0.30483 -0.537774 0.123271 0.0438076 0.0148314 0.991295
1305031541.431932 -0.332694 0.300527 -0.532985 0.115437 0.034116 0.00900465 0.992688
1305031541.471366 -0.337778 0.296912 -0.528217 0.11007 0.0236958 0.00102666 0.993641
1305031541.501569 -0.344888 0.297094 -0.522032 0.104255 0.0124997 -0.0108296 0.994413
1305031541.535345 -0.352011 0.293332 -0.516609 0.0959191 0.000846951 -0.0240942 0.995097
1305031541.569819 -0.357432 0.290769 -0.511887 0.0884474 -0.00945381 -0.0379202 0.995314
1305031541.603472 -0.364865 0.287709 -0.50769 0.0803654 -0.0213941 -0.0519519 0.995181
1305031541.635279 -0.373293 0.285394 -0.503897 0.0743587 -0.034638 -0.0659031 0.994448
1305031541.671483 -0.379748 0.282133 -0.500302 0.0686362 -0.0493885 -0.0819505 0.993043
1305031541.703527 -0.386292 0.27874 -0.496961 0.0619634 -0.0638156 -0.101206 0.990881
1305031541.734963 -0.392743 0.275439 -0.492878 0.0560122 -0.0767095 -0.124012 0.987724
1305031541.771656 -0.399552 0.275418 -0.490029 0.0500626 -0.0904458 -0.154439 0.982579
1305031541.803338 -0.405899 0.272297 -0.486244 0.0425073 -0.0993098 -0.189597 0.975901
1305031541.835259 -0.413936 0.269067 -0.482972 0.0323928 -0.104574 -0.222505 0.968765
1305031541.871359 -0.425482 0.263167 -0.482354 0.0237112 -0.114498 -0.247981 0.961683
1305031541.903131 -0.431428 0.260866 -0.479035 0.019897 -0.130027 -0.266539 0.954806
1305031541.932460 -0.437248 0.257434 -0.474796 0.0122858 -0.14988 -0.279921 0.948172
1305031541.969202 -0.446417 0.253267 -0.471953 0.00508902 -0.170038 -0.285855 0.943053
1305031542.000034 -0.452214 0.252295 -0.467496 0.00134204 -0.191164 -0.28706 0.938643
1305031542.032795 -0.457765 0.250896 -0.463093 -0.0033862 -0.214125 -0.289949 0.932775
1305031542.069819 -0.457262 0.251812 -0.456618 -0.00454195 -0.232333 -0.294333 0.927021
1305031542.102573 -0.456708 0.254335 -0.449628 -0.00394209 -0.241743 -0.301964 0.922151
1305031542.139294 -0.458315 0.256008 -0.442189 -0.006426 -0.247742 -0.312524 0.917012
1305031542.170485 -0.464054 0.251463 -0.43525 -0.0113672 -0.252631 -0.321841 0.912396
1305031542.202214 -0.467367 0.254612 -0.428488 -0.0142371 -0.261262 -0.324416 0.909007
1305031542.237243 -0.46972 0.255634 -0.421107 -0.0219497 -0.272811 -0.32815 0.904107
1305031542.269752 -0.469671 0.253154 -0.411945 -0.0269481 -0.28356 -0.331863 0.899296
1305031542.301218 -0.462402 0.256394 -0.399944 -0.0293443 -0.289878 -0.335736 0.895763
1305031542.338812 -0.461564 0.253537 -0.389697 -0.0350322 -0.286822 -0.343494 0.893598
1305031542.371582 -0.460654 0.248377 -0.379244 -0.0383563 -0.282193 -0.348952 0.89282
1305031542.403140 -0.456905 0.246713 -0.368542 -0.042831 -0.280872 -0.348184 0.893333
1305031542.439210 -0.453801 0.241775 -0.35745 -0.0505119 -0.280786 -0.34638 0.89366
1305031542.471527 -0.452482 0.232118 -0.346452 -0.0562582 -0.281167 -0.344419 0.893955
1305031542.503717 -0.447061 0.225661 -0.335039 -0.0587166 -0.284727 -0.338576 0.894902
1305031542.539439 -0.438838 0.218329 -0.322331 -0.0625121 -0.288103 -0.331944 0.896048
1305031542.571672 -0.433501 0.206571 -0.3102 -0.0653864 -0.288737 -0.327199 0.897383
1305031542.603499 -0.425878 0.19648 -0.298332 -0.0645678 -0.290805 -0.320527 0.899181
1305031542.639171 -0.415259 0.188502 -0.285616 -0.0661186 -0.293506 -0.312722 0.900937
1305031542.668866 -0.407754 0.176339 -0.273312 -0.0683094 -0.29522 -0.306899 0.902215
1305031542.702239 -0.397259 0.167554 -0.260321 -0.0660981 -0.297857 -0.303712 0.902591
1305031542.737961 -0.38592 0.161217 -0.247115 -0.0644953 -0.299007 -0.303064 0.902545
1305031542.771170 -0.377228 0.150425 -0.233401 -0.0670216 -0.29678 -0.303076 0.903092
1305031542.803270 -0.370168 0.139066 -0.219761 -0.0681545 -0.298221 -0.304353 0.902102
1305031542.839568 -0.359745 0.133573 -0.205507 -0.0679337 -0.301744 -0.305228 0.900651
1305031542.871198 -0.350676 0.125467 -0.19019 -0.0714065 -0.300348 -0.306105 0.900551
1305031542.903732 -0.343252 0.117063 -0.1753 -0.0742023 -0.298009 -0.306937 0.900818
1305031542.939215 -0.335065 0.10972 -0.159298 -0.0777833 -0.297665 -0.308571 0.900072
1305031542.970866 -0.331179 0.097995 -0.143496 -0.082808 -0.299719 -0.310153 0.898396
1305031543.002677 -0.323274 0.091332 -0.127207 -0.0862121 -0.305109 -0.308276 0.896907
1305031543.039126 -0.317675 0.0815264 -0.109981 -0.0928256 -0.309068 -0.306399 0.895533
1305031543.070710 -0.311749 0.0735415 -0.0937275 -0.096628 -0.314014 -0.30387 0.894271
1305031543.102755 -0.303408 0.0676176 -0.0766533 -0.101381 -0.317949 -0.303011 0.892645
1305031543.139358 -0.296346 0.0593626 -0.0591505 -0.106979 -0.319394 -0.303983 0.891144
1305031543.170265 -0.28957 0.0504261 -0.0417321 -0.112031 -0.319009 -0.304969 0.890324
1305031543.200190 -0.28494 0.0389997 -0.0255465 -0.11772 -0.319669 -0.302115 0.890326
1305031543.238701 -0.278568 0.0309074 -0.0110738 -0.12224 -0.32138 -0.293513 0.891977
1305031543.270923 -0.272913 0.0216902 0.00257462 -0.126475 -0.322628 -0.2852 0.893631
1305031543.302962 -0.2703 0.00957225 0.0142653 -0.126656 -0.324642 -0.279386 0.894712
1305031543.338824 -0.264428 0.00346771 0.0231276 -0.122558 -0.327551 -0.272967 0.896203
1305031543.370800 -0.26119 -0.00493951 0.0303047 -0.121286 -0.329249 -0.268821 0.897006
1305031543.407586 -0.260072 -0.013179 0.0339819 -0.11558 -0.332256 -0.26784 0.896944
1305031543.436408 -0.257658 -0.0187973 0.0366847 -0.10893 -0.337533 -0.268509 0.895605
1305031543.472193 -0.256111 -0.0235541 0.0373083 -0.103565 -0.340689 -0.267232 0.895428
1305031543.507662 -0.256945 -0.0282217 0.0352893 -0.0998161 -0.34429 -0.267837 0.894296
1305031543.539811 -0.260165 -0.0331097 0.0309792 -0.0950262 -0.350787 -0.272148 0.890985
1305031543.572301 -0.261581 -0.0350372 0.0255118 -0.0895392 -0.356367 -0.274771 0.88853
1305031543.607686 -0.267142 -0.0384467 0.0169761 -0.0871121 -0.358952 -0.277402 0.886912
1305031543.639875 -0.271044 -0.0373417 0.00642021 -0.0832792 -0.36724 -0.283584 0.881918
1305031543.671696 -0.278302 -0.0415942 -0.00512276 -0.0861008 -0.371029 -0.288785 0.878366
1305031543.707488 -0.287361 -0.0477635 -0.0191319 -0.0843483 -0.372024 -0.28994 0.877735
1305031543.739759 -0.292287 -0.0489408 -0.0344432 -0.0815677 -0.374743 -0.291064 0.876468
1305031543.771875 -0.300121 -0.0551132 -0.0501839 -0.0828381 -0.3761 -0.291252 0.875705
1305031543.807535 -0.307762 -0.0600658 -0.0680995 -0.0819434 -0.378816 -0.286161 0.876297
1305031543.839894 -0.311389 -0.0624176 -0.0844685 -0.0832444 -0.383321 -0.283105 0.875207
1305031543.871869 -0.317713 -0.0680873 -0.102803 -0.0909176 -0.384479 -0.279606 0.87506
1305031543.907474 -0.322719 -0.0738043 -0.121706 -0.0967757 -0.382758 -0.273674 0.877059
1305031543.939753 -0.327622 -0.078973 -0.142648 -0.103278 -0.378526 -0.268981 0.879603
1305031543.970786 -0.333313 -0.0857764 -0.164572 -0.105717 -0.372706 -0.266517 0.882543
1305031544.007529 -0.337169 -0.0923681 -0.185768 -0.105243 -0.364682 -0.265319 0.886305
1305031544.038948 -0.341882 -0.0981624 -0.208738 -0.101233 -0.352491 -0.26342 0.892251
1305031544.070711 -0.343242 -0.100406 -0.230878 -0.0943632 -0.34023 -0.264535 0.897419
1305031544.106609 -0.348472 -0.103248 -0.254677 -0.0924153 -0.323409 -0.262204 0.904497
1305031544.137311 -0.358481 -0.104957 -0.282857 -0.0865007 -0.30857 -0.254897 0.912321
1305031544.171722 -0.362543 -0.10025 -0.308981 -0.0778983 -0.30138 -0.250111 0.916813
1305031544.206571 -0.3703 -0.0973441 -0.33358 -0.0713646 -0.29114 -0.247042 0.921474
1305031544.238072 -0.377215 -0.0915666 -0.358112 -0.0615496 -0.279459 -0.24548 0.926204
1305031544.267766 -0.385347 -0.0838981 -0.38204 -0.0542363 -0.266089 -0.244528 0.930839
1305031544.303584 -0.39596 -0.0758292 -0.405281 -0.0458332 -0.252087 -0.246614 0.93463
1305031544.338210 -0.408358 -0.0642107 -0.429097 -0.0369361 -0.238734 -0.248903 0.937917
1305031544.367911 -0.417175 -0.0479727 -0.450447 -0.0305077 -0.228828 -0.250954 0.940069
1305031544.405875 -0.423753 -0.0253968 -0.469519 -0.0303641 -0.217879 -0.254394 0.941748
1305031544.437826 -0.443137 -0.0166404 -0.487745 -0.0399669 -0.203873 -0.257241 0.943751
1305031544.469937 -0.460855 -0.00221524 -0.504984 -0.0441159 -0.196218 -0.256734 0.945325
1305031544.505986 -0.479546 0.0121773 -0.52076 -0.0510403 -0.19118 -0.256602 0.946045
1305031544.539003 -0.499945 0.0256043 -0.534874 -0.0553265 -0.189666 -0.259276 0.945379
1305031544.574785 -0.520558 0.0368807 -0.546599 -0.0587507 -0.190766 -0.263122 0.943887
1305031544.607438 -0.534963 0.0540689 -0.556673 -0.0589367 -0.194185 -0.264069 0.942914
1305031544.638925 -0.545171 0.0734111 -0.563542 -0.0653452 -0.19709 -0.26497 0.941635
1305031544.675602 -0.56829 0.0844864 -0.572007 -0.0759912 -0.197323 -0.265441 0.940654
1305031544.703615 -0.584157 0.0980426 -0.577562 -0.0791451 -0.202243 -0.266115 0.939157
1305031544.738977 -0.600705 0.111687 -0.582782 -0.0839808 -0.206211 -0.265547 0.938035
1305031544.775192 -0.618069 0.118415 -0.585149 -0.0853512 -0.208475 -0.267484 0.936859
1305031544.807101 -0.633664 0.129578 -0.588308 -0.0807473 -0.208636 -0.269378 0.936689
1305031544.839027 -0.645899 0.145844 -0.591158 -0.0765349 -0.208771 -0.269064 0.937103
1305031544.875379 -0.65875 0.161666 -0.592743 -0.0786538 -0.208471 -0.27039 0.936612
1305031544.907436 -0.676796 0.168597 -0.591648 -0.0838192 -0.206617 -0.274356 0.935421
1305031544.939009 -0.692347 0.179377 -0.590236 -0.084031 -0.202084 -0.280599 0.93454
1305031544.975561 -0.710853 0.187391 -0.588519 -0.0873659 -0.194866 -0.287162 0.933773
1305031545.007409 -0.731935 0.191632 -0.587516 -0.0928071 -0.190583 -0.289795 0.933319
1305031545.039484 -0.750701 0.194723 -0.585889 -0.0958124 -0.18743 -0.287586 0.934336
1305031545.075213 -0.769215 0.194045 -0.583166 -0.0958383 -0.182195 -0.286158 0.935806
1305031545.107171 -0.784415 0.198561 -0.581634 -0.0916293 -0.176751 -0.281533 0.938671
1305031545.139414 -0.798204 0.202955 -0.579561 -0.0900897 -0.170599 -0.273015 0.942466
1305031545.174984 -0.810799 0.206714 -0.577277 -0.0892325 -0.161674 -0.261025 0.947505
1305031545.207672 -0.824545 0.209472 -0.574417 -0.0892222 -0.151807 -0.249333 0.952275
1305031545.239686 -0.841459 0.207148 -0.570383 -0.0895096 -0.141726 -0.237201 0.95689
1305031545.275412 -0.856249 0.208079 -0.566987 -0.0829737 -0.134958 -0.225151 0.961358
1305031545.306213 -0.865594 0.217638 -0.565521 -0.0765526 -0.130441 -0.214149 0.965021
1305031545.339544 -0.880514 0.220515 -0.561921 -0.0755623 -0.123817 -0.203955 0.968175
1305031545.375555 -0.896609 0.219885 -0.557668 -0.0734815 -0.116043 -0.193694 0.9714
1305031545.407463 -0.912938 0.218482 -0.55397 -0.0689669 -0.108884 -0.180895 0.97502
1305031545.439168 -0.927768 0.218577 -0.550452 -0.0615491 -0.105587 -0.169689 0.97789
1305031545.475453 -0.943694 0.215588 -0.546499 -0.0540289 -0.10277 -0.161066 0.98009
1305031545.507417 -0.961398 0.211888 -0.542658 -0.03941 -0.100756 -0.151616 0.982501
1305031545.539498 -0.975135 0.216794 -0.54087 -0.0239482 -0.101561 -0.143724 0.984101
1305031545.578088 -0.992007 0.215783 -0.537275 -0.0104505 -0.103632 -0.13913 0.984781
1305031545.603778 -1.00611 0.222774 -0.534943 0.00394068 -0.109445 -0.139182 0.984192
1305031545.635945 -1.02025 0.222203 -0.531069 0.0125912 -0.115069 -0.138816 0.98353
1305031545.673535 -1.03196 0.222674 -0.526839 0.0247447 -0.119078 -0.140868 0.98253
1305031545.706561 -1.04459 0.22495 -0.522015 0.0408922 -0.121609 -0.144958 0.981084
1305031545.739007 -1.05093 0.241074 -0.517154 0.0539583 -0.12306 -0.146236 0.980082
1305031545.775565 -1.06077 0.251429 -0.510765 0.0560387 -0.123073 -0.14751 0.979772
1305031545.807492 -1.06981 0.261867 -0.503327 0.055702 -0.125728 -0.150934 0.978932
1305031545.843386 -1.07621 0.274179 -0.495736 0.052512 -0.126795 -0.15338 0.978591
1305031545.875515 -1.08019 0.287988 -0.487294 0.0451145 -0.123843 -0.155749 0.978964
1305031545.907616 -1.08547 0.296253 -0.478669 0.0351368 -0.117202 -0.157814 0.979859
1305031545.943703 -1.08975 0.312428 -0.471548 0.0277462 -0.111511 -0.160827 0.98027
1305031545.975685 -1.09285 0.323969 -0.463635 0.0146415 -0.105178 -0.161639 0.98112
1305031546.007570 -1.09625 0.337994 -0.456835 0.00444673 -0.0987128 -0.160265 0.982116
1305031546.043793 -1.09451 0.355967 -0.450811 -0.00772459 -0.0944653 -0.161649 0.982286
1305031546.075425 -1.09329 0.368964 -0.444637 -0.0226787 -0.0832595 -0.161839 0.983037
1305031546.104074 -1.09439 0.378696 -0.43896 -0.0356554 -0.0700112 -0.15925 0.984107
1305031546.143517 -1.09175 0.390848 -0.434556 -0.0442778 -0.0593641 -0.156009 0.984975
1305031546.175972 -1.08849 0.402101 -0.430339 -0.0529547 -0.0484019 -0.151477 0.985854
1305031546.207525 -1.0835 0.414976 -0.426234 -0.0610853 -0.0400012 -0.146896 0.986453
1305031546.243573 -1.07964 0.422361 -0.4213 -0.0697007 -0.0287326 -0.139379 0.987365
1305031546.276113 -1.07409 0.430423 -0.416578 -0.0718104 -0.0184831 -0.131919 0.988483
1305031546.308117 -1.06283 0.448048 -0.41334 -0.0717007 -0.0120071 -0.124635 0.989536
1305031546.343932 -1.05864 0.455276 -0.408308 -0.078902 -0.00098219 -0.114169 0.990323
1305031546.376105 -1.05302 0.465038 -0.403606 -0.0786679 0.00501623 -0.104989 0.991344
1305031546.407683 -1.04536 0.478022 -0.399031 -0.0772209 0.00774599 -0.0964834 0.992304
1305031546.443985 -1.0398 0.486079 -0.393417 -0.0787979 0.0107482 -0.0885584 0.992891
1305031546.476002 -1.03316 0.500776 -0.388603 -0.0747512 0.0111231 -0.0827016 0.993705
1305031546.507978 -1.02816 0.512139 -0.382959 -0.07899 0.0149356 -0.0775715 0.99374
1305031546.544091 -1.02486 0.51957 -0.377582 -0.0797989 0.0180273 -0.0723946 0.994015
1305031546.576436 -1.02022 0.534957 -0.373333 -0.077848 0.0204237 -0.0690696 0.99436
1305031546.604477 -1.01754 0.546438 -0.368074 -0.0826232 0.0243599 -0.0658199 0.994107
1305031546.644231 -1.01361 0.557825 -0.363007 -0.0887541 0.0264608 -0.0614782 0.993802
1305031546.676019 -1.00973 0.567072 -0.357549 -0.0965994 0.0303554 -0.0592317 0.993096
1305031546.707952 -1.0063 0.575303 -0.352275 -0.102833 0.0338182 -0.0575934 0.992454
1305031546.743907 -1.00226 0.585651 -0.347096 -0.10729 0.0385692 -0.0566692 0.991862
1305031546.775885 -1.00037 0.59191 -0.341007 -0.118002 0.0447234 -0.0564625 0.990398
1305031546.808019 -0.996865 0.596124 -0.335731 -0.125641 0.0470264 -0.0576833 0.98928
1305031546.844098 -0.994833 0.60028 -0.330555 -0.129209 0.048301 -0.05773 0.988756
1305031546.876150 -0.993848 0.603359 -0.325695 -0.132795 0.0471602 -0.057476 0.988351
1305031546.904254 -0.99266 0.60388 -0.321389 -0.13491 0.0456587 -0.0592968 0.988028
1305031546.943871 -0.992512 0.60543 -0.317603 -0.131613 0.0456324 -0.0608243 0.988381
1305031546.975693 -0.992458 0.608821 -0.314072 -0.128809 0.0446376 -0.0627931 0.988672
1305031547.008548 -0.993126 0.608782 -0.310588 -0.130776 0.0427867 -0.0647424 0.98837
1305031547.044236 -0.993104 0.609231 -0.30791 -0.128899 0.0404865 -0.066577 0.988592
1305031547.074033 -0.992764 0.608987 -0.305651 -0.128264 0.0418487 -0.0690752 0.988446
1305031547.109368 -0.992532 0.607464 -0.304222 -0.125813 0.0446752 -0.07108 0.988495
1305031547.143020 -0.992103 0.605931 -0.303707 -0.121488 0.0465558 -0.0724027 0.988853
1305031547.172567 -0.992155 0.605228 -0.304099 -0.117552 0.0475221 -0.0716467 0.989338
1305031547.211605 -0.992648 0.603861 -0.305107 -0.116499 0.045821 -0.0694544 0.989699
1305031547.244133 -0.992638 0.600456 -0.306691 -0.115836 0.042462 -0.0693691 0.989933
1305031547.276566 -0.992835 0.598141 -0.308652 -0.112777 0.0415019 -0.0698771 0.990291
1305031547.312300 -0.993103 0.596791 -0.310676 -0.110356 0.0403174 -0.0703971 0.990576
1305031547.344201 -0.993632 0.595009 -0.312905 -0.108587 0.0389215 -0.0703093 0.990833
1305031547.376783 -0.994282 0.594394 -0.314994 -0.106973 0.0364656 -0.0688996 0.991201
1305031547.412309 -0.994814 0.592629 -0.316578 -0.106771 0.033112 -0.0676849 0.991424
1305031547.444479 -0.995431 0.591361 -0.317802 -0.105445 0.0306086 -0.0676788 0.991647
1305031547.475653 -0.995581 0.589547 -0.318735 -0.103587 0.0291089 -0.0688624 0.991807
1305031547.512129 -0.995152 0.589303 -0.319153 -0.100436 0.0286524 -0.0696035 0.992092
1305031547.543063 -0.99491 0.58888 -0.319046 -0.100073 0.0291739 -0.0705187 0.992049
1305031547.572452 -0.994538 0.587324 -0.318629 -0.0993912 0.0294545 -0.0710768 0.99207
1305031547.610069 -0.993734 0.588708 -0.318074 -0.097529 0.0295724 -0.0699719 0.992329
1305031547.643685 -0.993174 0.587706 -0.317086 -0.0999246 0.0290941 -0.0696384 0.992129
1305031547.675727 -0.99218 0.587091 -0.316191 -0.0986818 0.029422 -0.0689915 0.992288
1305031547.712359 -0.990523 0.589447 -0.315155 -0.0998171 0.0304999 -0.069149 0.992131
1305031547.741819 -0.99019 0.585961 -0.31429 -0.104384 0.031653 -0.0693898 0.991608
1305031547.773659 -0.988697 0.585894 -0.313901 -0.101845 0.0323352 -0.0695226 0.991841
1305031547.812136 -0.987894 0.586399 -0.313608 -0.101983 0.0333747 -0.0707087 0.991709
1305031547.844573 -0.986818 0.585044 -0.313341 -0.102275 0.0346396 -0.0710457 0.991611
1305031547.875313 -0.986171 0.585695 -0.313173 -0.10146 0.0351482 -0.070729 0.991699
1305031547.912229 -0.985264 0.584561 -0.313036 -0.10316 0.0350347 -0.070707 0.99153
1305031547.942674 -0.984512 0.583905 -0.312907 -0.102593 0.0357018 -0.070327 0.991592
1305031547.976525 -0.984203 0.583802 -0.31288 -0.102557 0.0360835 -0.0701669 0.991593
