1305031102.160407 0 0 0 0 0 0 1
1305031102.194330 -0.00264847 0.00242429 0.0120244 -0.000702301 -0.00300096 -0.0020773 0.999993
1305031102.226738 -0.0040239 0.00753016 0.02448 -0.00366364 -0.00614004 -0.0035415 0.999968
1305031102.262886 -0.00666393 0.00925945 0.0367347 -0.00943222 -0.00815173 -0.00287817 0.999918
1305031102.295279 -0.00796923 0.0114594 0.0488139 -0.0139297 -0.0103957 -0.00231401 0.999846
1305031102.329195 -0.00935809 0.0117094 0.0608085 -0.0180478 -0.0117518 -0.00127643 0.999767
1305031102.363013 -0.0106513 0.0134298 0.072361 -0.01984 -0.0132799 0.000132007 0.999715
1305031102.394772 -0.0122937 0.0161757 0.0838074 -0.0212257 -0.0143674 0.000652385 0.999671
1305031102.427815 -0.0133901 0.0189399 0.09577 -0.022934 -0.0172076 -0.000465012 0.999589
1305031102.462395 -0.0135671 0.0246274 0.107538 -0.0269716 -0.0206892 -0.00109229 0.999421
1305031102.494271 -0.014924 0.0259335 0.119682 -0.0337931 -0.021929 -0.00151497 0.999187
1305031102.526330 -0.016261 0.0272032 0.131573 -0.0386129 -0.0203381 -0.00277283 0.999043
1305031102.562224 -0.0170228 0.0266062 0.143803 -0.0433809 -0.0188769 -0.00527241 0.998866
1305031102.594158 -0.0164063 0.0225381 0.156215 -0.0461285 -0.0174408 -0.00690421 0.998759
1305031102.626818 -0.0170677 0.0223673 0.167998 -0.0434089 -0.0148988 -0.00635477 0.998926
1305031102.663273 -0.0185303 0.0286883 0.178962 -0.0404295 -0.0145293 -0.00502981 0.999064
1305031102.695165 -0.0190206 0.0308815 0.191462 -0.0419634 -0.0157592 -0.00445786 0.998985
1305031102.728423 -0.019621 0.0322447 0.204454 -0.042587 -0.0160972 -0.00335416 0.998957
1305031102.763549 -0.0196086 0.0380394 0.216591 -0.0428226 -0.0161692 -0.00197123 0.99895
1305031102.794978 -0.0198151 0.0395184 0.229636 -0.0448675 -0.0137292 -0.00356858 0.998892
1305031102.828537 -0.0199866 0.0427977 0.242021 -0.045996 -0.0106618 -0.00440652 0.998875
1305031102.862808 -0.020695 0.0436968 0.254318 -0.0477824 -0.00672855 -0.00556795 0.99882
1305031102.894167 -0.0213674 0.0455914 0.26605 -0.047587 -0.00433658 -0.00787961 0.998827
1305031102.926851 -0.0225104 0.0486266 0.277278 -0.0471026 -0.0025768 -0.00896525 0.998846
1305031102.962137 -0.0242994 0.0500496 0.289026 -0.0476877 -0.00336577 -0.0104725 0.998802
1305031102.994164 -0.0270291 0.0536302 0.300093 -0.048166 -0.00945611 -0.00964095 0.998748
1305031103.027881 -0.0292398 0.0570642 0.311163 -0.0492081 -0.0147799 -0.00677736 0.998656
1305031103.062273 -0.0307444 0.0600936 0.321628 -0.0508341 -0.0199109 -0.00401973 0.998501
1305031103.094040 -0.0309043 0.0615661 0.331551 -0.0504766 -0.0216761 -0.00209366 0.998488
1305031103.129109 -0.031712 0.0675848 0.34031 -0.0487073 -0.021318 -0.00110279 0.998585
1305031103.162795 -0.0318739 0.069579 0.349393 -0.0505113 -0.0209234 5.06515e-05 0.998504
1305031103.191061 -0.0328875 0.0751073 0.357682 -0.0504849 -0.0192239 0.000604846 0.99854
1305031103.227845 -0.0333735 0.0797006 0.366048 -0.0551288 -0.0194194 0.00190986 0.998289
1305031103.262576 -0.0331436 0.0827078 0.373878 -0.0620768 -0.0196086 0.00479492 0.997867
1305031103.294208 -0.0347823 0.0824733 0.380477 -0.07253 -0.0226451 0.0093763 0.997065
1305031103.327550 -0.0359499 0.0802344 0.384935 -0.0793626 -0.0305789 0.0100574 0.996326
1305031103.362405 -0.0350298 0.0813805 0.386905 -0.0801727 -0.0336954 0.00996715 0.996161
1305031103.394162 -0.0339473 0.0792899 0.387578 -0.0844922 -0.0325796 0.0113983 0.995826
1305031103.428437 -0.0338381 0.0743179 0.386691 -0.0876719 -0.0324112 0.0126774 0.995541
1305031103.463886 -0.0345348 0.0714872 0.383494 -0.0881451 -0.0346127 0.0122808 0.99543
1305031103.494472 -0.0348682 0.0668084 0.378869 -0.0887456 -0.0367762 0.0106069 0.995319
1305031103.531502 -0.0349048 0.060609 0.372713 -0.0876507 -0.0380756 0.00828265 0.995389
1305031103.562651 -0.0348673 0.0544997 0.365063 -0.0846436 -0.0390531 0.00656555 0.995624
1305031103.595310 -0.0352583 0.0508243 0.355729 -0.0807902 -0.040366 0.00763793 0.995884
1305031103.631376 -0.0353376 0.0452716 0.346006 -0.07936 -0.0434256 0.00942453 0.995855
1305031103.663594 -0.0351694 0.0403686 0.335512 -0.0769417 -0.0471586 0.00996317 0.99587
1305031103.694695 -0.0340678 0.0356407 0.324324 -0.074548 -0.0495591 0.00995549 0.995935
1305031103.731542 -0.0331844 0.0308265 0.312545 -0.0725803 -0.050335 0.00991448 0.996042
1305031103.762865 -0.0319354 0.0241286 0.300421 -0.0707802 -0.0501858 0.0085642 0.996192
1305031103.794329 -0.0313802 0.0220372 0.286539 -0.0672113 -0.0496117 0.00540194 0.99649
1305031103.830367 -0.0310207 0.0204648 0.273014 -0.0669431 -0.0483729 0.00204298 0.996581
1305031103.862379 -0.0321873 0.0190997 0.259744 -0.070032 -0.0481236 -5.54175e-05 0.996383
1305031103.894237 -0.0328608 0.00914279 0.247752 -0.077413 -0.0508695 -0.00217268 0.995698
1305031103.930503 -0.0327787 0.00229831 0.234288 -0.07707 -0.0544018 -0.00378466 0.995533
1305031103.962461 -0.0323639 -0.00125829 0.21967 -0.0750175 -0.0567797 -0.0048373 0.995553
1305031103.994365 -0.0319556 -0.0066823 0.205336 -0.0733285 -0.0578235 -0.00562447 0.995614
1305031104.030279 -0.0296851 -0.0136659 0.191307 -0.0697244 -0.0576972 -0.00711224 0.995871
1305031104.062542 -0.0270557 -0.0164545 0.176217 -0.0624088 -0.0550125 -0.00996952 0.996484
1305031104.095305 -0.0232931 -0.0194227 0.161795 -0.0587423 -0.0514224 -0.0133851 0.996858
1305031104.131292 -0.0207242 -0.0256522 0.148312 -0.056231 -0.0458476 -0.0150096 0.997252
1305031104.163440 -0.0185594 -0.030331 0.134652 -0.0518112 -0.0414833 -0.0160708 0.997666
1305031104.194053 -0.0174581 -0.0334682 0.120916 -0.047718 -0.0388158 -0.0166074 0.997968
1305031104.227247 -0.0156252 -0.0376054 0.107845 -0.0437903 -0.0367696 -0.0165957 0.998226
1305031104.263335 -0.0140781 -0.0401904 0.0948556 -0.0390586 -0.034909 -0.0166475 0.998488
1305031104.294957 -0.0121544 -0.0419098 0.0823597 -0.0344554 -0.0329259 -0.0179997 0.998702
1305031104.331403 -0.0107482 -0.0438135 0.070473 -0.0306093 -0.0300919 -0.0185781 0.998906
1305031104.363345 -0.00924977 -0.0447343 0.0590771 -0.0274185 -0.0263387 -0.0193778 0.999089
1305031104.395019 -0.00871547 -0.0457048 0.0483475 -0.0255125 -0.0217743 -0.0189964 0.999257
1305031104.431435 -0.00937235 -0.0458281 0.0379461 -0.0237875 -0.0182013 -0.018121 0.999387
1305031104.463413 -0.0113594 -0.0455053 0.028152 -0.0229461 -0.0168714 -0.0171948 0.999446
1305031104.495673 -0.0141418 -0.0464597 0.0187699 -0.0231315 -0.0176447 -0.0157681 0.999452
1305031104.531450 -0.0156953 -0.0489537 0.00910544 -0.0223521 -0.0196085 -0.0142451 0.999456
1305031104.563149 -0.015542 -0.0508598 -0.000816803 -0.0191945 -0.0210104 -0.0137272 0.999501
1305031104.595033 -0.0140276 -0.0552111 -0.0113258 -0.0149314 -0.0200552 -0.0132574 0.999599
1305031104.631368 -0.01376 -0.059789 -0.022966 -0.00520848 -0.0140762 -0.01187 0.999817
1305031104.659863 -0.010641 -0.0593309 -0.0351276 0.00742878 -0.00719308 -0.0131704 0.99986
1305031104.695185 -0.00953718 -0.0625958 -0.046789 0.0189553 0.00103598 -0.0120312 0.999747
1305031104.730936 -0.00934108 -0.0636734 -0.0582664 0.033223 0.00849264 -0.0101853 0.99936
1305031104.763178 -0.00631562 -0.0633175 -0.0689712 0.0464438 0.0150478 -0.00810736 0.998775
1305031104.799499 -0.00342345 -0.0635711 -0.0784531 0.0583268 0.0211311 -0.00621732 0.998055
1305031104.830961 0.00130364 -0.061528 -0.0860543 0.0691183 0.026494 -0.00353561 0.99725
1305031104.863256 0.0042232 -0.0586001 -0.0916118 0.0773711 0.0315493 -0.000787759 0.996503
1305031104.899165 0.00579839 -0.0541868 -0.0947255 0.0829383 0.0336233 0.0021078 0.995985
1305031104.931091 0.00681259 -0.0501708 -0.0951256 0.0856468 0.0342897 0.00427022 0.995726
1305031104.959750 0.00819078 -0.0471538 -0.0935369 0.0867597 0.0344507 0.00481224 0.995622
1305031104.998342 0.00912825 -0.0394679 -0.0892539 0.0866143 0.033329 0.00574253 0.995668
1305031105.030427 0.00965976 -0.034887 -0.0827888 0.0824535 0.0329 0.00572922 0.996035
1305031105.062445 0.00870434 -0.0311461 -0.0748712 0.0769935 0.0324106 0.0039104 0.996497
1305031105.097639 0.00803636 -0.0279778 -0.0654018 0.0706892 0.0318541 0.00222935 0.996987
1305031105.130269 0.00548373 -0.0271032 -0.0542681 0.064971 0.0312359 0.00101579 0.997398
1305031105.159979 0.0050481 -0.0193371 -0.0412277 0.0591474 0.0279521 -0.00204342 0.997856
1305031105.198212 0.00271317 -0.0156133 -0.0266898 0.0461406 0.0249115 -0.00537678 0.99861
1305031105.228250 -0.00229848 -0.0169377 -0.0123731 0.0342102 0.021607 -0.00686154 0.999158
1305031105.262389 -0.00546408 -0.013576 0.00232699 0.0259064 0.0162303 -0.00839958 0.999497
1305031105.298501 -0.00886384 -0.0113222 0.0172066 0.0153231 0.0105068 -0.00883285 0.999788
1305031105.328878 -0.0130582 -0.0103836 0.0315452 0.00531252 0.0040734 -0.00890256 0.999938
1305031105.362286 -0.0167028 -0.0114571 0.0454534 -0.002723 -0.00094106 -0.00879475 0.999957
1305031105.398191 -0.0206903 -0.00883721 0.0588486 -0.00565573 -0.0046738 -0.00871583 0.999935
1305031105.430336 -0.0228819 -0.0046092 0.072516 -0.0108913 -0.00883437 -0.00993089 0.999852
1305031105.461421 -0.0260577 -0.00451166 0.0863494 -0.0171179 -0.0115268 -0.0098613 0.999738
1305031105.497931 -0.0284474 -0.00180834 0.0999443 -0.020181 -0.0142117 -0.0102734 0.999643
1305031105.529583 -0.0289619 0.000124388 0.113655 -0.0246676 -0.016034 -0.0101324 0.999516
1305031105.562109 -0.0304289 0.000927598 0.127179 -0.0286355 -0.0160004 -0.00883225 0.999423
1305031105.597193 -0.0311442 0.00244662 0.141095 -0.031599 -0.0173118 -0.00872425 0.999313
1305031105.627128 -0.0323411 0.00263586 0.155183 -0.0341404 -0.0173472 -0.00729389 0.99924
1305031105.659104 -0.0333314 0.00555329 0.169084 -0.0344994 -0.0177593 -0.00447674 0.999237
1305031105.698235 -0.0331488 0.00830691 0.182741 -0.035751 -0.0178362 -0.00383325 0.999194
1305031105.730336 -0.0314423 0.00793572 0.197284 -0.0350034 -0.0151883 -0.00443111 0.999262
1305031105.762384 -0.0308002 0.0132603 0.210662 -0.0330091 -0.0112686 -0.00415178 0.999383
1305031105.798056 -0.0284277 0.0131332 0.225341 -0.0337262 -0.00679145 -0.00435223 0.999399
1305031105.830008 -0.0268568 0.0155192 0.239351 -0.0322457 -0.00270598 -0.00306333 0.999472
1305031105.862238 -0.0236424 0.018539 0.253075 -0.0304429 0.000374636 -0.00241054 0.999534
1305031105.898018 -0.0213983 0.0247119 0.266406 -0.0295182 0.00478803 -0.000159547 0.999553
1305031105.929855 -0.0190806 0.0280824 0.279828 -0.032154 0.00789477 0.00393862 0.999444
1305031105.966193 -0.018056 0.0333218 0.292387 -0.034582 0.0106132 0.00620353 0.999326
1305031105.998271 -0.0168266 0.0372839 0.305015 -0.0390601 0.0123018 0.0078811 0.99913
1305031106.030147 -0.0163121 0.0421826 0.317054 -0.0429177 0.0147388 0.00929608 0.998927
1305031106.066060 -0.0159594 0.0455289 0.329126 -0.0478206 0.016415 0.0106301 0.998664
1305031106.096295 -0.0186975 0.0513143 0.340301 -0.0509032 0.0180403 0.0112028 0.998478
1305031106.130445 -0.0194673 0.0566933 0.351385 -0.0560721 0.0178044 0.0121017 0.998195
1305031106.166330 -0.0201803 0.0580928 0.362234 -0.0635147 0.0161938 0.0143978 0.997746
1305031106.195074 -0.0219103 0.0611387 0.371891 -0.0671641 0.0152699 0.015394 0.997506
1305031106.230058 -0.0225999 0.0613773 0.381106 -0.0707612 0.0138034 0.0162961 0.997265
1305031106.265976 -0.0236762 0.0647828 0.388636 -0.0706168 0.0125071 0.0193999 0.997236
1305031106.298174 -0.0244573 0.0691615 0.39517 -0.0718864 0.0108883 0.0201173 0.99715
1305031106.330215 -0.025306 0.0727077 0.40081 -0.0754492 0.0101789 0.0234381 0.996822
1305031106.366158 -0.026238 0.077382 0.404894 -0.0808044 0.00899439 0.0220782 0.996445
1305031106.398281 -0.0258924 0.0767679 0.407757 -0.0905111 0.0102851 0.0150407 0.995729
1305031106.430639 -0.0256182 0.0715401 0.408844 -0.0976175 0.015642 0.00985138 0.995052
1305031106.466046 -0.0261336 0.0679729 0.406907 -0.0993717 0.0181965 0.00627485 0.994864
1305031106.498096 -0.0266424 0.0640446 0.402809 -0.100355 0.0165376 0.00518841 0.994801
1305031106.528267 -0.0270847 0.0582097 0.396929 -0.100099 0.0124963 0.00468823 0.994888
1305031106.564414 -0.027451 0.0543488 0.388385 -0.0975164 0.00870475 0.0025453 0.995193
1305031106.597879 -0.028677 0.0512248 0.378632 -0.0949129 0.00728025 0.00109166 0.995458
1305031106.630776 -0.0303305 0.0484776 0.367807 -0.0952333 0.00456627 -0.00153529 0.995443
1305031106.667282 -0.0308073 0.0411881 0.356872 -0.0962558 0.0021621 -0.0036048 0.995348
1305031106.699110 -0.0319684 0.0393257 0.343736 -0.0940287 -0.00104329 -0.00345033 0.995563
1305031106.729550 -0.0332692 0.0336859 0.330913 -0.0964321 -0.00658039 -0.00320564 0.995313
1305031106.767126 -0.034118 0.0294039 0.31728 -0.0952794 -0.0122604 -0.00252116 0.995372
1305031106.798309 -0.0344732 0.0265341 0.302543 -0.0938629 -0.017349 -0.00283879 0.99543
1305031106.830652 -0.0350625 0.0244437 0.287325 -0.0939715 -0.0206301 -0.00313456 0.995356
1305031106.866893 -0.0358323 0.0161484 0.272421 -0.0951742 -0.0241984 -0.00485775 0.995155
1305031106.897828 -0.0361714 0.01207 0.255329 -0.0890239 -0.0255937 -0.00941455 0.995656
1305031106.930797 -0.0369685 0.0116159 0.237344 -0.0847396 -0.0245425 -0.0140137 0.996002
1305031106.967232 -0.0372463 0.0035793 0.221067 -0.083757 -0.0234218 -0.0184101 0.996041
1305031106.998876 -0.0379194 -0.00287242 0.203851 -0.0778475 -0.0210339 -0.0220325 0.9965
1305031107.030348 -0.0388883 0.000959812 0.184444 -0.0703773 -0.017665 -0.0244547 0.997064
1305031107.066405 -0.0391772 -0.00671363 0.16898 -0.0713157 -0.015448 -0.0262492 0.996989
1305031107.098268 -0.040142 -0.0118453 0.152896 -0.0666895 -0.0150683 -0.0267611 0.997301
1305031107.130308 -0.0398132 -0.0128285 0.136781 -0.0618719 -0.0157885 -0.0275825 0.997578
1305031107.165964 -0.0385735 -0.0146111 0.121934 -0.0599724 -0.0149279 -0.0285352 0.99768
1305031107.198208 -0.0390836 -0.0202266 0.107744 -0.0577471 -0.0126115 -0.028788 0.997836
1305031107.235026 -0.0378082 -0.0237965 0.0935744 -0.0511526 -0.0103224 -0.030351 0.998176
1305031107.267071 -0.0359977 -0.0260081 0.0798027 -0.0451784 -0.00789449 -0.0309509 0.998468
1305031107.299273 -0.0344144 -0.0298638 0.0667423 -0.0396591 -0.00448389 -0.0308163 0.998728
1305031107.334800 -0.0346904 -0.0347252 0.053905 -0.0322642 -0.000437383 -0.0312288 0.998991
1305031107.367183 -0.032051 -0.0374631 0.0418884 -0.0211948 0.00298112 -0.0315656 0.999272
1305031107.399345 -0.0282081 -0.0360355 0.0316158 -0.0119106 0.00678092 -0.032016 0.999393
1305031107.434926 -0.0255522 -0.0366142 0.0236071 -0.00544406 0.0108976 -0.0328585 0.999386
1305031107.467141 -0.0210173 -0.0355333 0.0176582 -0.000140136 0.014128 -0.0330989 0.999352
1305031107.498426 -0.0181172 -0.0340687 0.0135519 0.00339283 0.0182053 -0.0317877 0.999323
1305031107.534830 -0.0134924 -0.0296503 0.0112476 0.00511662 0.0201138 -0.0315977 0.999285
1305031107.567015 -0.00968392 -0.0304367 0.0109262 0.00272103 0.0222231 -0.0292104 0.999323
1305031107.598904 -0.00685105 -0.0309483 0.0109324 0.00318433 0.0238356 -0.026588 0.999357
1305031107.634944 -0.003348 -0.0242102 0.0112552 0.00429275 0.0244986 -0.0254387 0.999367
1305031107.667179 -0.00292015 -0.0230386 0.0130661 0.00153053 0.0259617 -0.0243769 0.999365
1305031107.699390 -0.00251931 -0.0205144 0.0149329 0.000990311 0.0260761 -0.0239493 0.999373
1305031107.735041 -0.00264284 -0.0159659 0.0168823 4.91901e-05 0.0255742 -0.0232509 0.999402
1305031107.767895 -0.00389848 -0.0126034 0.0193747 -0.00289331 0.0242198 -0.0230424 0.999437
1305031107.799544 -0.00462783 -0.0120248 0.0217568 -0.005627 0.0220411 -0.0239391 0.999455
1305031107.835751 -0.00463479 -0.00975571 0.0240408 -0.00759679 0.021065 -0.0233785 0.999476
1305031107.863505 -0.00443861 -0.0090901 0.0259415 -0.00999035 0.0212409 -0.0248875 0.999415
1305031107.899222 -0.00261941 -0.00891296 0.0273472 -0.0100341 0.0233705 -0.028506 0.99927
1305031107.933609 0.000110763 -0.00980748 0.0290951 -0.00938566 0.0263881 -0.0306266 0.999138
1305031107.964840 0.00495985 -0.0099265 0.0302775 -0.00727366 0.0298638 -0.0308742 0.999051
1305031107.998469 0.0114243 -0.0104976 0.0319029 -0.00445836 0.0342379 -0.0312056 0.998916
1305031108.034824 0.0206191 -0.00982283 0.033556 -0.000623951 0.0387294 -0.0330505 0.998703
1305031108.067271 0.0339885 -0.00913408 0.0359639 0.00165476 0.0450098 -0.0301826 0.998529
1305031108.099365 0.0440124 -0.00874316 0.038 0.00369419 0.0534826 -0.0258222 0.998228
1305031108.135281 0.054989 -0.00865748 0.0403485 0.00666922 0.0578003 -0.0259338 0.997969
1305031108.167357 0.0680122 -0.00540073 0.04255 0.00895573 0.0604741 -0.0239478 0.997842
1305031108.199225 0.0809249 -0.00116919 0.0450109 0.0072581 0.0622129 -0.0214302 0.997806
1305031108.235213 0.0927432 -0.00303007 0.0478131 0.00269754 0.0638104 -0.0224755 0.997705
1305031108.267660 0.104919 -0.00506238 0.0506661 0.00231712 0.0675843 -0.0236245 0.997431
1305031108.299547 0.117687 0.000620697 0.0527073 0.00307261 0.0701076 -0.0233702 0.997261
1305031108.335019 0.129203 0.00407969 0.0554754 -0.000594013 0.0696482 -0.0225925 0.997316
1305031108.367285 0.140759 0.00571818 0.0585159 -0.00607322 0.0676773 -0.0197637 0.997493
1305031108.399284 0.152071 0.00766312 0.0611727 -0.011053 0.0641356 -0.0143326 0.997777
1305031108.435023 0.163666 0.00981258 0.0635484 -0.0150571 0.0611382 -0.00813369 0.997983
1305031108.467680 0.175489 0.010459 0.0656542 -0.0193333 0.0601292 -0.00148549 0.998002
1305031108.503548 0.186961 0.0111348 0.0664674 -0.0208423 0.0607271 0.00524382 0.997923
1305031108.534811 0.199914 0.0109198 0.0667227 -0.0185595 0.0664073 0.00822931 0.997586
1305031108.567154 0.212394 0.0113972 0.0672285 -0.0137276 0.0729909 0.00621961 0.997219
1305031108.603547 0.223901 0.0153294 0.0677545 -0.0105504 0.0772267 0.00441973 0.996948
1305031108.634212 0.236833 0.0157376 0.0684542 -0.0105417 0.0832687 0.00526813 0.996457
1305031108.667189 0.249573 0.0186649 0.0690601 -0.0105256 0.0874024 0.0067619 0.996095
1305031108.703346 0.262635 0.021459 0.0696398 -0.012933 0.0928828 0.0105917 0.995537
1305031108.735052 0.273752 0.021862 0.0694933 -0.0159152 0.0990319 0.0142643 0.994855
1305031108.767031 0.282836 0.02231 0.0695299 -0.0165622 0.103206 0.0161865 0.99439
1305031108.803370 0.292738 0.0238589 0.0688131 -0.0173978 0.105636 0.0188284 0.994074
1305031108.835163 0.300161 0.0229043 0.0677089 -0.0184795 0.106775 0.0245165 0.993809
1305031108.867534 0.305435 0.0217264 0.0662077 -0.0173364 0.104849 0.0302879 0.993876
1305031108.903540 0.308319 0.0209757 0.0641714 -0.0155247 0.101335 0.0364428 0.994063
1305031108.935116 0.308654 0.0189103 0.0613126 -0.0124297 0.0983068 0.0408563 0.994239
1305031108.967245 0.306963 0.0184855 0.059134 -0.00747057 0.0942058 0.0406268 0.994695
1305031109.003064 0.302149 0.0200367 0.0577074 -0.00510554 0.0897084 0.038851 0.995197
1305031109.034955 0.296894 0.0195724 0.0559171 -0.00577223 0.0881974 0.0376472 0.995375
1305031109.067091 0.289424 0.020443 0.0551042 -0.00482137 0.0875002 0.0340249 0.995572
1305031109.103294 0.281377 0.023549 0.0545934 -0.00673028 0.08585 0.0294728 0.995849
1305031109.134968 0.272514 0.0229799 0.053951 -0.0101857 0.0849456 0.0271433 0.995964
1305031109.165848 0.260624 0.0240646 0.0539768 -0.0098144 0.0813946 0.0241927 0.99634
1305031109.203388 0.249292 0.0286064 0.0544683 -0.0100727 0.076169 0.0219866 0.996802
1305031109.234324 0.237962 0.0336394 0.0558134 -0.0153756 0.0725945 0.0252152 0.996924
1305031109.266325 0.22449 0.0350796 0.0562539 -0.0219284 0.0706405 0.0311011 0.996776
1305031109.303457 0.208636 0.0364216 0.0562346 -0.0207066 0.0662571 0.0355731 0.996953
1305031109.334602 0.194104 0.0408418 0.0568881 -0.0179894 0.0576531 0.0352949 0.99755
1305031109.364882 0.179023 0.0436223 0.0577668 -0.0205852 0.0499302 0.0346656 0.997939
1305031109.403386 0.161497 0.0446704 0.0581688 -0.0218182 0.0445891 0.033544 0.998204
1305031109.434469 0.146878 0.0476111 0.0584409 -0.0222948 0.039052 0.0281652 0.998591
1305031109.467362 0.131696 0.0486481 0.0586582 -0.0261668 0.0359078 0.0228989 0.99875
1305031109.503193 0.116312 0.0476606 0.0581086 -0.028746 0.0349612 0.0194227 0.998786
1305031109.535715 0.100651 0.0463197 0.0570001 -0.0282179 0.0339582 0.0153642 0.998907
1305031109.567452 0.0879082 0.047192 0.0559164 -0.0261564 0.0327925 0.0131812 0.999033
1305031109.603601 0.0745522 0.0481549 0.0549439 -0.0260748 0.0324616 0.012305 0.999057
1305031109.635323 0.061419 0.0493202 0.0542424 -0.026208 0.0311046 0.00999088 0.999123
1305031109.667570 0.0495444 0.0514706 0.0542444 -0.0267209 0.030413 0.00999564 0.99913
1305031109.703265 0.0370652 0.0534246 0.0550127 -0.0288823 0.0290331 0.0119136 0.99909
1305031109.735059 0.0235706 0.0574473 0.0562324 -0.0309935 0.0263404 0.010829 0.999114
1305031109.767470 0.0101753 0.0586232 0.0578845 -0.0351454 0.0243089 0.0106307 0.99903
1305031109.803396 -0.00332422 0.0601027 0.0597191 -0.0371797 0.0239016 0.0105709 0.998967
1305031109.834910 -0.0175032 0.0634494 0.0616608 -0.0389357 0.0232873 0.00980808 0.998922
1305031109.871271 -0.0324035 0.0663977 0.0646436 -0.0415291 0.0218415 0.00976271 0.998851
1305031109.900535 -0.0495224 0.0679678 0.0680826 -0.0446494 0.0195698 0.00801979 0.998779
1305031109.934960 -0.0657816 0.0701632 0.0719853 -0.044565 0.0158876 0.00318118 0.998875
1305031109.970213 -0.0806307 0.0763097 0.0755734 -0.0458657 0.0144428 -0.000894816 0.998843
1305031109.999657 -0.0963493 0.0763558 0.079993 -0.0499979 0.0134905 -0.00593808 0.998641
1305031110.031356 -0.111109 0.078695 0.0837635 -0.0520535 0.0125879 -0.0127319 0.998484
1305031110.068125 -0.125417 0.0792445 0.0877344 -0.0548075 0.0128518 -0.018796 0.998237
1305031110.101397 -0.138903 0.0817613 0.0913939 -0.0572396 0.0127574 -0.0234655 0.998003
1305031110.132317 -0.152569 0.0795229 0.0954517 -0.0628908 0.0111977 -0.0273126 0.997584
1305031110.168323 -0.164384 0.079465 0.0986562 -0.0638872 0.0076102 -0.0299325 0.997479
1305031110.203162 -0.176139 0.0841627 0.100863 -0.0653388 0.00483868 -0.0315205 0.997353
1305031110.234909 -0.187996 0.0813434 0.103517 -0.0697405 0.00185748 -0.0322796 0.997041
1305031110.271394 -0.199558 0.0808657 0.104969 -0.0698752 -0.00168654 -0.0318815 0.997045
1305031110.303648 -0.210573 0.0808762 0.106034 -0.0681605 -0.00462473 -0.0334721 0.997102
1305031110.331570 -0.221479 0.0828343 0.106632 -0.0655511 -0.00849046 -0.0353841 0.997186
1305031110.371607 -0.233623 0.0846329 0.107243 -0.0648205 -0.0127374 -0.0371882 0.997122
1305031110.403480 -0.246695 0.0860407 0.107947 -0.0639317 -0.0176884 -0.0408253 0.996962
1305031110.435647 -0.258015 0.0925542 0.108034 -0.0635671 -0.0239635 -0.0437758 0.996729
1305031110.470588 -0.272939 0.0938641 0.109337 -0.06824 -0.028471 -0.04793 0.99611
1305031110.502539 -0.288372 0.0925282 0.11095 -0.0713458 -0.0341421 -0.0536981 0.99542
1305031110.534532 -0.300642 0.0953069 0.111759 -0.0716137 -0.0406321 -0.0579532 0.994918
1305031110.571676 -0.312461 0.100474 0.112593 -0.0731285 -0.0461233 -0.0619967 0.994325
1305031110.604289 -0.323414 0.102597 0.113941 -0.0782383 -0.0508768 -0.0667486 0.993396
1305031110.635485 -0.334941 0.0983865 0.115678 -0.0828457 -0.0524487 -0.0701776 0.992704
1305031110.671775 -0.344826 0.0993878 0.116324 -0.0811789 -0.0538289 -0.0730214 0.992562
1305031110.699957 -0.351318 0.104933 0.116122 -0.0812777 -0.0561579 -0.0751716 0.992265
1305031110.735440 -0.358982 0.102561 0.117446 -0.0850562 -0.0570468 -0.0765129 0.991795
1305031110.769734 -0.365144 0.102168 0.117868 -0.0855734 -0.0582232 -0.0776792 0.991591
1305031110.799684 -0.367908 0.10346 0.117697 -0.0857661 -0.0597023 -0.0785593 0.991417
1305031110.835248 -0.370943 0.104554 0.117851 -0.0865652 -0.0602392 -0.0806475 0.991148
1305031110.871293 -0.373001 0.103409 0.118174 -0.0884203 -0.0623839 -0.0823203 0.990714
1305031110.901900 -0.371916 0.104317 0.118117 -0.08821 -0.0641426 -0.0821165 0.990637
1305031110.938668 -0.371297 0.104332 0.118405 -0.0890607 -0.0654602 -0.0824478 0.990447
1305031110.971316 -0.367691 0.105608 0.118452 -0.0885514 -0.0670167 -0.0831818 0.990327
1305031111.003669 -0.360782 0.108642 0.118273 -0.0881976 -0.0654489 -0.0835187 0.990435
1305031111.039669 -0.354084 0.106338 0.118876 -0.0897444 -0.0601425 -0.0816037 0.990792
1305031111.071605 -0.345329 0.108937 0.118133 -0.0881635 -0.0561662 -0.0800311 0.991296
1305031111.103658 -0.336637 0.109369 0.117669 -0.0901589 -0.054429 -0.07746 0.991418
1305031111.139211 -0.328015 0.105543 0.118025 -0.0915042 -0.0521048 -0.0741285 0.991674
1305031111.170937 -0.319766 0.10429 0.117363 -0.0893785 -0.0491569 -0.0735698 0.99206
1305031111.199395 -0.308074 0.104409 0.116346 -0.0864462 -0.0442213 -0.072349 0.992642
1305031111.236670 -0.296815 0.103766 0.115283 -0.0851135 -0.0375019 -0.0700421 0.993199
1305031111.269939 -0.28765 0.0991586 0.114728 -0.0848868 -0.0360398 -0.0695633 0.993306
1305031111.302311 -0.27363 0.0975751 0.113742 -0.0801514 -0.0336532 -0.0675009 0.993925
1305031111.339460 -0.263419 0.102547 0.11272 -0.0764442 -0.0307805 -0.0638507 0.994551
1305031111.370908 -0.25218 0.0983862 0.112444 -0.0811227 -0.0348445 -0.062786 0.994114
1305031111.402911 -0.238814 0.0917655 0.11252 -0.0806049 -0.0363544 -0.0602841 0.994257
1305031111.438948 -0.227565 0.0952607 0.111374 -0.0759398 -0.0393987 -0.0612124 0.994452
1305031111.470919 -0.212246 0.0918512 0.111023 -0.0766544 -0.0426841 -0.0657389 0.993972
1305031111.503531 -0.194942 0.0886202 0.110242 -0.0728749 -0.0347818 -0.0669132 0.994486
1305031111.539482 -0.179823 0.085962 0.108756 -0.069398 -0.026857 -0.0660897 0.995035
1305031111.571320 -0.162916 0.0826845 0.107466 -0.0652354 -0.0213156 -0.0637016 0.995606
1305031111.603391 -0.146975 0.0842568 0.106048 -0.061621 -0.0140847 -0.0570865 0.996366
1305031111.639405 -0.132906 0.0775757 0.105678 -0.0639416 -0.0138686 -0.0504011 0.996584
1305031111.671252 -0.11615 0.0745831 0.104129 -0.0590887 -0.0129833 -0.0429197 0.997245
1305031111.703791 -0.10024 0.0811927 0.101906 -0.0527025 -0.00577103 -0.037163 0.997902
1305031111.739504 -0.0822494 0.0756937 0.100838 -0.0531089 0.00124377 -0.0365034 0.997921
1305031111.771228 -0.06689 0.0765669 0.0984937 -0.0472244 0.0152926 -0.0327307 0.998231
1305031111.800077 -0.0496771 0.0773555 0.0964591 -0.0438836 0.030787 -0.0305135 0.998096
1305031111.839333 -0.0360566 0.0745496 0.0950435 -0.0413162 0.0410973 -0.0306119 0.997831
1305031111.870985 -0.0213075 0.0786044 0.0931455 -0.0372211 0.0486614 -0.0279392 0.99773
1305031111.903356 -0.0070097 0.0753283 0.0930145 -0.0389428 0.0512754 -0.0236721 0.997644
1305031111.939680 0.00610563 0.0714505 0.0929053 -0.0383035 0.0481774 -0.0171757 0.997956
1305031111.971494 0.0199767 0.0726477 0.0914353 -0.0359202 0.0457081 -0.00808492 0.998276
1305031112.003596 0.0353302 0.0741986 0.0898254 -0.0335908 0.0497197 -0.00314917 0.998193
1305031112.039412 0.0480239 0.072771 0.0882228 -0.0307714 0.0579244 -0.00474626 0.997835
1305031112.070731 0.0639172 0.0714398 0.0866335 -0.0274475 0.0660018 -0.00704885 0.997417
1305031112.102495 0.0780608 0.0686002 0.0853062 -0.0258135 0.0765257 -0.00845734 0.996698
1305031112.139107 0.0915826 0.0665078 0.0835464 -0.0245518 0.0809239 -0.0146641 0.99631
1305031112.169345 0.106937 0.065884 0.0825573 -0.0248406 0.0877215 -0.0195898 0.995643
1305031112.207733 0.121214 0.0634843 0.0816307 -0.0274759 0.0996742 -0.0230791 0.994373
1305031112.235657 0.134203 0.0581184 0.0801551 -0.0264252 0.109464 -0.0279906 0.993245
1305031112.269488 0.149053 0.054751 0.0784135 -0.0210023 0.116481 -0.0322851 0.992446
1305031112.303591 0.162065 0.0502095 0.0767703 -0.0173537 0.119353 -0.0353863 0.992069
1305031112.335789 0.174739 0.0459993 0.0751374 -0.0117193 0.119637 -0.0361268 0.992091
1305031112.371231 0.187556 0.043983 0.0736312 -0.00655248 0.118349 -0.0335295 0.992384
1305031112.407491 0.200013 0.0426489 0.0725476 -0.0032582 0.115558 -0.0298421 0.992847
1305031112.439064 0.212116 0.0407465 0.0714161 -0.00167693 0.113356 -0.0251095 0.993236
1305031112.471066 0.223586 0.0389297 0.0699637 0.00104798 0.112409 -0.0176058 0.993505
1305031112.506669 0.233812 0.037989 0.0685998 0.00381054 0.109777 -0.00818157 0.993915
1305031112.538310 0.243102 0.0374911 0.0671751 0.006184 0.106071 -0.00264614 0.994336
1305031112.567470 0.252105 0.037154 0.0662602 0.00876401 0.102853 0.00141258 0.994657
1305031112.606742 0.261192 0.0376903 0.0653681 0.010547 0.10016 0.00704215 0.994891
1305031112.639418 0.27133 0.0401092 0.0643519 0.0103371 0.101849 0.0130603 0.99466
1305031112.671325 0.278564 0.0409416 0.0639169 0.00842047 0.108081 0.0192071 0.993921
1305031112.707325 0.284736 0.0421066 0.0639103 0.00717306 0.112565 0.0215144 0.993386
1305031112.739546 0.289242 0.0459255 0.06475 0.00602486 0.115722 0.0237241 0.99298
1305031112.771523 0.292197 0.0513257 0.066098 0.00149158 0.118705 0.027075 0.992559
1305031112.807539 0.292705 0.0520284 0.0669202 -0.00341465 0.12122 0.0288478 0.992201
1305031112.839560 0.289488 0.0538416 0.069133 -0.00411358 0.119414 0.0277232 0.992449
1305031112.871083 0.287113 0.057604 0.0705026 -0.0064517 0.114758 0.0271092 0.993003
1305031112.907246 0.283361 0.0594321 0.07169 -0.00905376 0.112551 0.029945 0.993153
1305031112.939323 0.277532 0.0597862 0.0728254 -0.011502 0.10903 0.0314537 0.993474
1305031112.971164 0.269491 0.059933 0.0735856 -0.012895 0.104757 0.0300441 0.99396
1305031113.007166 0.261072 0.0606018 0.0738032 -0.0136727 0.101578 0.0292883 0.994302
1305031113.039492 0.252624 0.0615345 0.0740304 -0.016557 0.100194 0.0286763 0.994417
1305031113.071210 0.241567 0.0600681 0.0738797 -0.0206139 0.0999381 0.0258299 0.994445
1305031113.107662 0.229649 0.0591447 0.072928 -0.0195306 0.0970537 0.0200998 0.994884
1305031113.139664 0.218015 0.060566 0.0725928 -0.0190083 0.0933818 0.0158756 0.995322
1305031113.171088 0.206141 0.0612976 0.0723077 -0.0225404 0.092589 0.0159968 0.995321
1305031113.207181 0.191783 0.0602793 0.0717035 -0.0229798 0.0905624 0.0182526 0.995458
1305031113.239732 0.178441 0.0619892 0.071877 -0.0213996 0.0846494 0.0194044 0.995992
1305031113.271470 0.163598 0.0634891 0.0724341 -0.0239368 0.0794006 0.0204706 0.996345
1305031113.307323 0.145796 0.0625264 0.0724057 -0.023425 0.07583 0.0241975 0.996552
1305031113.339396 0.128743 0.0634991 0.0727674 -0.0165307 0.068777 0.0254754 0.99717
1305031113.371377 0.11329 0.0667251 0.0755146 -0.0146198 0.0602216 0.021376 0.997849
1305031113.407351 0.0940621 0.0639684 0.0782038 -0.0189639 0.0536194 0.0198176 0.998185
1305031113.439787 0.0744145 0.0644413 0.0803823 -0.0164526 0.04886 0.0181418 0.998505
1305031113.475657 0.0574513 0.0669677 0.0836384 -0.0163189 0.0426077 0.010702 0.998901
1305031113.507987 0.0402882 0.0663674 0.086739 -0.0210697 0.0372784 0.00694307 0.999059
1305031113.539417 0.0212979 0.0650795 0.0894547 -0.0247761 0.0334698 0.00598386 0.999115
1305031113.574964 0.00130297 0.0650769 0.0913273 -0.0257256 0.0301638 0.00290829 0.99921
1305031113.607216 -0.0159145 0.0680834 0.093275 -0.0262416 0.0273558 -0.00213889 0.999279
1305031113.638418 -0.0321683 0.0693082 0.0952468 -0.0286212 0.0269516 -0.00631297 0.999207
1305031113.674244 -0.0472657 0.0693505 0.0971442 -0.0311208 0.0280435 -0.00967324 0.999075
1305031113.704256 -0.0622598 0.0702552 0.0988332 -0.0317965 0.0292487 -0.0134896 0.998975
1305031113.736263 -0.0756786 0.0713629 0.100534 -0.0313547 0.0307979 -0.0188921 0.998855
1305031113.774168 -0.0897289 0.0719575 0.102407 -0.0310767 0.0342905 -0.0234209 0.998654
1305031113.805795 -0.103532 0.0721297 0.104619 -0.0300795 0.0361686 -0.0267827 0.998534
1305031113.838437 -0.115566 0.0754142 0.106725 -0.0287297 0.037308 -0.0293511 0.998459
1305031113.874200 -0.130068 0.0745887 0.109453 -0.0302396 0.0399785 -0.0330899 0.998195
1305031113.906361 -0.144792 0.0731423 0.112004 -0.0282672 0.0399723 -0.0351708 0.998181
1305031113.938561 -0.156656 0.0761836 0.113666 -0.0251928 0.039633 -0.0367471 0.998221
1305031113.974245 -0.171297 0.0775084 0.115702 -0.0223032 0.042873 -0.0398128 0.998038
1305031114.007082 -0.186141 0.0790462 0.117853 -0.0188948 0.0447715 -0.045511 0.997781
1305031114.038546 -0.200961 0.0804139 0.120504 -0.0165562 0.0446197 -0.049699 0.99763
1305031114.074298 -0.217899 0.0804261 0.123275 -0.015346 0.0414429 -0.0499437 0.997774
1305031114.106402 -0.234429 0.0836699 0.125768 -0.0121185 0.0373529 -0.0513884 0.997906
1305031114.138562 -0.249176 0.0874669 0.128616 -0.0102472 0.0327004 -0.0553259 0.99788
1305031114.174114 -0.263308 0.087067 0.131356 -0.0105306 0.0295522 -0.058352 0.997803
1305031114.206255 -0.27622 0.0904328 0.133898 -0.00648766 0.0288937 -0.0612318 0.997684
1305031114.238473 -0.290939 0.0962292 0.13731 -0.005698 0.028628 -0.0640615 0.997519
1305031114.271075 -0.308106 0.0945531 0.141726 -0.00827631 0.0262898 -0.0666022 0.997399
1305031114.306710 -0.322459 0.0967872 0.145435 -0.00824286 0.0196846 -0.0676362 0.997482
1305031114.338919 -0.334911 0.0985297 0.148303 -0.00995089 0.013207 -0.0693678 0.997454
1305031114.374307 -0.345014 0.0984451 0.150773 -0.0113237 0.00951418 -0.073732 0.997168
1305031114.406591 -0.357145 0.097969 0.153346 -0.0115553 0.0089583 -0.0784839 0.996808
1305031114.438540 -0.370459 0.098828 0.156061 -0.0110949 0.00727772 -0.0816058 0.996576
1305031114.474489 -0.383958 0.0985419 0.158884 -0.0120928 0.00329065 -0.0823992 0.996521
1305031114.506573 -0.395073 0.0989051 0.161146 -0.0125896 -0.00378594 -0.0842852 0.996355
1305031114.539953 -0.401479 0.101398 0.162667 -0.0141744 -0.0105685 -0.0859934 0.996139
1305031114.575185 -0.407007 0.0988389 0.164869 -0.0175563 -0.0130483 -0.0843122 0.996199
1305031114.607560 -0.412634 0.0996878 0.166527 -0.0185718 -0.0134265 -0.0813887 0.996419
1305031114.644150 -0.418786 0.102046 0.168475 -0.0212133 -0.0140439 -0.0789069 0.996557
1305031114.675655 -0.425675 0.0988258 0.170672 -0.0267598 -0.0172824 -0.0785531 0.996401
1305031114.706141 -0.429419 0.0961976 0.171534 -0.0297121 -0.0232217 -0.0784794 0.996202
1305031114.743276 -0.431986 0.0938847 0.171572 -0.030578 -0.0264193 -0.0787774 0.996073
1305031114.774847 -0.433201 0.0921177 0.171068 -0.0301299 -0.0289011 -0.0829843 0.995676
1305031114.807310 -0.432896 0.0952995 0.169684 -0.0277646 -0.0295507 -0.0853525 0.995525
1305031114.842137 -0.432551 0.0960247 0.169328 -0.0281698 -0.0292426 -0.0862716 0.995444
1305031114.875056 -0.429967 0.0985051 0.168416 -0.027429 -0.0300081 -0.0882509 0.995268
1305031114.907504 -0.42662 0.100788 0.167942 -0.0277274 -0.0300733 -0.0877737 0.9953
1305031114.943264 -0.421757 0.104614 0.167786 -0.0282019 -0.0306839 -0.0888245 0.995175
1305031114.975411 -0.414364 0.107032 0.167572 -0.0303618 -0.0294689 -0.0900335 0.99504
1305031115.007179 -0.406446 0.111709 0.167942 -0.0315717 -0.0283517 -0.0909469 0.994951
1305031115.043530 -0.395521 0.113161 0.168255 -0.0361074 -0.0279694 -0.0916959 0.994739
1305031115.071577 -0.385076 0.112505 0.169153 -0.0385414 -0.0253003 -0.0919741 0.994694
1305031115.107074 -0.373037 0.115542 0.169183 -0.0398486 -0.022939 -0.0920653 0.994691
1305031115.143294 -0.357008 0.114276 0.169747 -0.0425027 -0.0176491 -0.0898086 0.994895
1305031115.172642 -0.344037 0.113691 0.170828 -0.0430899 -0.0115508 -0.0879835 0.995122
1305031115.206453 -0.329981 0.112135 0.171971 -0.0448816 -0.0109584 -0.0856236 0.995256
1305031115.240975 -0.311857 0.105749 0.173664 -0.0445336 -0.00883298 -0.0825489 0.995552
1305031115.273468 -0.295253 0.107097 0.174867 -0.0389755 -0.00619849 -0.0794076 0.996061
1305031115.305534 -0.276031 0.106501 0.175978 -0.0390149 -0.00537419 -0.0740096 0.99648
1305031115.343426 -0.255264 0.101533 0.177898 -0.0369705 -0.000343771 -0.0708492 0.996802
1305031115.375054 -0.237154 0.109586 0.178881 -0.0321153 0.005189 -0.0671078 0.997215
1305031115.406164 -0.223461 0.109931 0.1809 -0.0382242 0.00296715 -0.060804 0.997413
1305031115.443040 -0.203968 0.107355 0.182482 -0.0434678 -0.00379352 -0.0578999 0.997368
1305031115.474863 -0.184991 0.107649 0.183649 -0.0460659 -0.00450257 -0.0524185 0.997552
1305031115.507440 -0.167499 0.105747 0.184171 -0.050277 -0.00495359 -0.0468989 0.997621
1305031115.543620 -0.146102 0.102953 0.183568 -0.0514139 0.000738201 -0.0429407 0.997754
1305031115.575290 -0.1249 0.0997518 0.181912 -0.0505941 0.0126685 -0.0373283 0.997941
1305031115.607428 -0.105928 0.0963457 0.179548 -0.0504549 0.0199296 -0.0316925 0.998024
1305031115.643254 -0.0853033 0.0934233 0.177058 -0.0493844 0.0240846 -0.026336 0.998142
1305031115.675106 -0.0663883 0.0898423 0.174445 -0.0481308 0.0283938 -0.0176226 0.998282
1305031115.706301 -0.0494217 0.0894963 0.170953 -0.0463584 0.027923 -0.00685961 0.998511
1305031115.742905 -0.0304224 0.0919615 0.167423 -0.0443039 0.0298676 0.000548728 0.998571
1305031115.774329 -0.011031 0.089037 0.164263 -0.0433686 0.0373703 0.00579561 0.998343
1305031115.806425 0.00648003 0.0891663 0.160634 -0.0411268 0.0452564 0.0130515 0.998043
1305031115.841936 0.0244508 0.0926392 0.157326 -0.0396798 0.0535643 0.0190737 0.997593
1305031115.875347 0.0409425 0.0891404 0.15587 -0.0412835 0.0610627 0.0258601 0.996944
1305031115.910716 0.0552599 0.088561 0.153961 -0.0386343 0.0646186 0.0327121 0.996625
1305031115.942015 0.0702466 0.0925232 0.152434 -0.0356134 0.0695597 0.0384902 0.996199
1305031115.973799 0.0842575 0.0939984 0.152006 -0.0356859 0.0756891 0.0444867 0.995499
1305031116.010843 0.098352 0.096503 0.151625 -0.0362037 0.0817554 0.0495897 0.994759
1305031116.042618 0.113044 0.0978412 0.151738 -0.0377223 0.0922251 0.0519424 0.993667
1305031116.071527 0.126992 0.0992186 0.152133 -0.0403936 0.102762 0.0545828 0.992386
1305031116.108247 0.140956 0.1027 0.152594 -0.044682 0.111789 0.0584272 0.991006
1305031116.143447 0.153521 0.102851 0.153472 -0.0500804 0.12137 0.0627899 0.989353
1305031116.174891 0.165658 0.103028 0.154173 -0.0525048 0.127276 0.0665398 0.988239
1305031116.211320 0.178128 0.105098 0.154364 -0.0544593 0.131332 0.0693295 0.987411
1305031116.242720 0.190073 0.104801 0.154204 -0.058053 0.136376 0.0735335 0.986217
1305031116.274421 0.201869 0.104656 0.152952 -0.0583142 0.142907 0.0771557 0.985
1305031116.310686 0.213017 0.106339 0.150873 -0.0585165 0.151011 0.0799238 0.983557
1305031116.342459 0.222854 0.105359 0.148804 -0.0611491 0.157453 0.0835978 0.98208
1305031116.374490 0.229594 0.101376 0.146897 -0.0599722 0.161536 0.0864968 0.981238
1305031116.409631 0.235458 0.10049 0.144046 -0.054995 0.162812 0.0859294 0.981368
1305031116.442496 0.240716 0.102571 0.141281 -0.0533074 0.162566 0.0904051 0.9811
1305031116.473394 0.241564 0.101182 0.139606 -0.0559783 0.16422 0.0990509 0.97984
1305031116.510576 0.239734 0.100162 0.137958 -0.0547184 0.164956 0.0999295 0.979699
1305031116.542695 0.234773 0.0984307 0.137045 -0.0536847 0.165155 0.0954539 0.980169
1305031116.574389 0.227835 0.0981015 0.13653 -0.0529628 0.16548 0.0910427 0.980573
1305031116.610891 0.217699 0.0976346 0.136922 -0.0537617 0.163235 0.0881341 0.981171
1305031116.642664 0.204782 0.0966096 0.137733 -0.0533094 0.158349 0.0809771 0.982612
1305031116.674523 0.191182 0.0954718 0.138846 -0.0536044 0.152717 0.0726985 0.984134
1305031116.710942 0.175459 0.0940415 0.139985 -0.054705 0.149241 0.0644927 0.985178
1305031116.740575 0.159134 0.0944511 0.141221 -0.0559003 0.146699 0.0540494 0.98612
1305031116.775059 0.142852 0.0953784 0.14208 -0.058457 0.143599 0.0432713 0.98696
1305031116.811343 0.125491 0.0956254 0.142895 -0.0608623 0.141104 0.0343002 0.987527
1305031116.840370 0.106755 0.0966169 0.143689 -0.0598382 0.13611 0.0267039 0.988524
1305031116.871726 0.088753 0.0997521 0.144693 -0.0589206 0.126851 0.0196271 0.989976
1305031116.907955 0.0706436 0.101849 0.146325 -0.0598148 0.118686 0.0148672 0.991017
1305031116.940626 0.0517277 0.106864 0.148262 -0.05826 0.108162 0.0090632 0.992383
1305031116.974656 0.0333093 0.109935 0.150205 -0.0593817 0.0962309 -0.000881264 0.993586
1305031117.008812 0.0160157 0.111817 0.152273 -0.0586781 0.084752 -0.0129345 0.994589
1305031117.042065 -0.000478093 0.115953 0.154531 -0.0575045 0.074357 -0.0205421 0.99536
1305031117.071181 -0.0166606 0.121533 0.156707 -0.0577959 0.0661576 -0.0263264 0.995786
1305031117.110454 -0.033283 0.124371 0.159004 -0.0603196 0.0581191 -0.029616 0.996045
1305031117.142383 -0.0485587 0.129245 0.161263 -0.0612615 0.0491732 -0.0289721 0.996489
1305031117.175059 -0.0617017 0.135496 0.163379 -0.0625969 0.0415684 -0.0311168 0.996687
1305031117.207753 -0.0728228 0.137896 0.165788 -0.0651816 0.0351665 -0.0355992 0.996618
1305031117.241340 -0.0794636 0.142138 0.167575 -0.0665473 0.0313572 -0.0372801 0.996593
1305031117.276516 -0.0842316 0.144815 0.169366 -0.0705361 0.0313992 -0.0405491 0.99619
1305031117.310121 -0.0876891 0.142741 0.171173 -0.075527 0.0334678 -0.0439145 0.995614
1305031117.341044 -0.0909759 0.138606 0.172507 -0.0796467 0.0346126 -0.0444355 0.995231
1305031117.375067 -0.0929687 0.134315 0.172885 -0.081211 0.0345066 -0.045358 0.995066
1305031117.408538 -0.0945898 0.129793 0.172643 -0.0809424 0.0341176 -0.0447205 0.99513
1305031117.442208 -0.0958349 0.124971 0.172066 -0.0792199 0.0322581 -0.0439649 0.995365
1305031117.475651 -0.0970083 0.120983 0.171359 -0.0769416 0.0313057 -0.0424022 0.995641
1305031117.508882 -0.0978305 0.112968 0.171379 -0.0756541 0.0298989 -0.0410735 0.995839
1305031117.539736 -0.0989261 0.106374 0.171127 -0.0717167 0.0289064 -0.0398775 0.996208
1305031117.577860 -0.0998731 0.100998 0.171346 -0.0677684 0.0276685 -0.0409195 0.996478
1305031117.607777 -0.100975 0.0954143 0.172296 -0.0656975 0.0260098 -0.0413686 0.996642
1305031117.643284 -0.101687 0.0866987 0.174619 -0.0654752 0.0240984 -0.0401274 0.996756
1305031117.675483 -0.102386 0.0805883 0.177095 -0.0637121 0.0217582 -0.0390778 0.996966
1305031117.711215 -0.102484 0.0721803 0.180247 -0.0647658 0.0190068 -0.0373843 0.997019
1305031117.742995 -0.10181 0.0620467 0.183849 -0.0655286 0.0162549 -0.0346174 0.997118
1305031117.778969 -0.102173 0.0530129 0.187359 -0.0652386 0.0139096 -0.0318897 0.997263
1305031117.811060 -0.102425 0.0440397 0.190845 -0.0661614 0.0117814 -0.0298462 0.997293
1305031117.843307 -0.102043 0.0315261 0.195074 -0.0664951 0.0104798 -0.0288503 0.997315
1305031117.879467 -0.101639 0.0227324 0.198624 -0.0641132 0.0122865 -0.0294266 0.997433
1305031117.908762 -0.102004 0.0116589 0.202967 -0.0644667 0.014603 -0.0294737 0.997378
1305031117.943272 -0.102747 0.00209082 0.207225 -0.0633391 0.0162994 -0.0294294 0.997425
1305031117.979263 -0.102815 -0.00564465 0.211577 -0.0632386 0.0179959 -0.0300396 0.997384
1305031118.011013 -0.103559 -0.0171859 0.216897 -0.0664775 0.01889 -0.0301248 0.997154
1305031118.043549 -0.104971 -0.0285381 0.221975 -0.0670561 0.0203627 -0.0294646 0.997106
1305031118.079369 -0.105568 -0.0376722 0.226495 -0.0664435 0.0216501 -0.0304674 0.99709
1305031118.110863 -0.104881 -0.0483555 0.231345 -0.0667404 0.0240488 -0.0326388 0.996946
1305031118.142285 -0.105208 -0.0587716 0.235682 -0.0658226 0.0290998 -0.0335561 0.996842
1305031118.178170 -0.105789 -0.0689931 0.239601 -0.065509 0.032374 -0.0356842 0.996688
1305031118.210782 -0.107262 -0.0818378 0.243924 -0.0650098 0.0357231 -0.0353069 0.99662
1305031118.242948 -0.10835 -0.0921265 0.247058 -0.0621145 0.0362563 -0.0340204 0.99683
1305031118.278991 -0.108619 -0.102411 0.250293 -0.0593271 0.0352361 -0.0351623 0.996997
1305031118.310731 -0.109307 -0.113508 0.253669 -0.0550527 0.0355034 -0.0353139 0.997227
1305031118.342079 -0.108262 -0.119833 0.256037 -0.0487701 0.0345965 -0.0373247 0.997513
1305031118.377003 -0.108302 -0.127504 0.259025 -0.0451068 0.0363651 -0.0389598 0.99756
1305031118.408818 -0.109169 -0.133757 0.261905 -0.0416148 0.0356791 -0.0404363 0.997677
1305031118.445703 -0.107399 -0.136818 0.264396 -0.0396995 0.0336168 -0.0395996 0.997861
1305031118.477869 -0.107032 -0.140345 0.267016 -0.0396157 0.0335784 -0.0372815 0.997954
1305031118.510201 -0.106067 -0.142289 0.268802 -0.0384181 0.0326983 -0.0353955 0.998099
1305031118.545199 -0.104002 -0.138719 0.269414 -0.0372225 0.0324212 -0.0361656 0.998126
1305031118.576377 -0.103055 -0.136454 0.270209 -0.0392647 0.0330689 -0.0373426 0.997983
1305031118.610869 -0.10204 -0.132239 0.270308 -0.0401004 0.0348675 -0.0378312 0.99787
1305031118.645331 -0.101025 -0.126451 0.269489 -0.0406283 0.0368602 -0.0411196 0.997647
1305031118.675082 -0.0997436 -0.118524 0.268122 -0.042583 0.0378742 -0.0430165 0.997448
1305031118.710140 -0.100475 -0.113077 0.267076 -0.0452369 0.0388537 -0.0446173 0.997223
1305031118.746801 -0.101051 -0.107591 0.265089 -0.0452257 0.0376012 -0.0450698 0.997251
1305031118.778790 -0.099682 -0.0944087 0.261206 -0.0435862 0.0332811 -0.0454926 0.997458
1305031118.810703 -0.0987138 -0.083791 0.257875 -0.0478461 0.0307008 -0.0467512 0.997288
1305031118.846774 -0.0987084 -0.079443 0.254486 -0.0490738 0.0304768 -0.0454984 0.997293
1305031118.875402 -0.0969352 -0.0625288 0.24756 -0.0431996 0.0313138 -0.0472736 0.997456
1305031118.909608 -0.0963732 -0.0505543 0.242095 -0.0452442 0.0327656 -0.0509154 0.997139
1305031118.947009 -0.0965995 -0.040812 0.236705 -0.0457707 0.0340055 -0.0523642 0.996999
1305031118.979394 -0.0965125 -0.0260252 0.23025 -0.044508 0.0350206 -0.0560519 0.99682
1305031119.009712 -0.097331 -0.0125582 0.224572 -0.0466355 0.0353882 -0.0592262 0.996526
1305031119.047180 -0.098995 -0.00213551 0.219112 -0.0497037 0.0356245 -0.059879 0.996331
1305031119.078966 -0.100574 0.00794272 0.213564 -0.0509205 0.0347843 -0.0597261 0.996308
1305031119.110884 -0.102074 0.0193255 0.207488 -0.0509346 0.0321422 -0.0591994 0.996428
1305031119.147629 -0.1034 0.0315407 0.201476 -0.0501607 0.0291738 -0.0581723 0.996619
1305031119.179262 -0.105127 0.0421781 0.195943 -0.0506398 0.0259988 -0.057465 0.996723
1305031119.210906 -0.105789 0.0517806 0.190394 -0.0489314 0.0231057 -0.0575187 0.996877
1305031119.247660 -0.106555 0.0648814 0.18474 -0.0461401 0.0220708 -0.0564074 0.997097
1305031119.279244 -0.107966 0.0763053 0.179801 -0.0451917 0.0214802 -0.0562083 0.997164
1305031119.310755 -0.108657 0.0863915 0.175416 -0.0449697 0.02159 -0.0547781 0.997252
1305031119.347750 -0.109419 0.0952503 0.171491 -0.0446962 0.0204787 -0.0524264 0.997414
1305031119.378631 -0.11 0.107293 0.167537 -0.0422972 0.0186579 -0.0512267 0.997616
1305031119.411492 -0.109865 0.119085 0.163842 -0.0420893 0.017547 -0.0513017 0.997642
1305031119.447726 -0.109093 0.129793 0.160353 -0.0420877 0.0193623 -0.0513819 0.997604
1305031119.477682 -0.110736 0.139014 0.156919 -0.0417681 0.0224092 -0.0516138 0.997542
1305031119.511258 -0.109983 0.151363 0.153638 -0.0407806 0.0237972 -0.0522308 0.997518
1305031119.547414 -0.111159 0.162332 0.150513 -0.0419133 0.024682 -0.050384 0.997545
1305031119.579569 -0.109919 0.175774 0.147552 -0.0421189 0.0249559 -0.0503327 0.997532
1305031119.615024 -0.110119 0.187836 0.145135 -0.0449274 0.0272738 -0.0501087 0.99736
1305031119.648889 -0.111005 0.199497 0.143018 -0.0470142 0.0288447 -0.0485095 0.997299
1305031119.675566 -0.111265 0.214164 0.140947 -0.0491723 0.0302809 -0.049611 0.997098
1305031119.715249 -0.110501 0.225798 0.139675 -0.0536827 0.0342989 -0.0497564 0.996728
1305031119.744886 -0.110803 0.234419 0.138579 -0.0585586 0.0379293 -0.0445233 0.996569
1305031119.778628 -0.11104 0.245124 0.137248 -0.0608508 0.0374623 -0.0413079 0.996588
1305031119.814571 -0.111133 0.255188 0.136037 -0.0628816 0.0362608 -0.0381444 0.996632
1305031119.847445 -0.11048 0.265863 0.134626 -0.064378 0.0362692 -0.0338073 0.996693
1305031119.879232 -0.11104 0.274161 0.133239 -0.0661751 0.0381986 -0.0315902 0.996576
1305031119.911424 -0.111026 0.283136 0.131541 -0.0647907 0.0399899 -0.0320646 0.996582
1305031119.947462 -0.110976 0.294487 0.129459 -0.0663009 0.0416668 -0.0313093 0.996438
1305031119.979546 -0.111734 0.301021 0.128028 -0.0698226 0.0446362 -0.0318087 0.996053
1305031120.015283 -0.11145 0.310018 0.126763 -0.0708035 0.0481191 -0.0318786 0.995819
1305031120.047310 -0.111833 0.316553 0.125642 -0.077306 0.0505421 -0.0295139 0.995288
1305031120.075690 -0.113351 0.316053 0.125533 -0.0824754 0.0502523 -0.0279378 0.994933
1305031120.115249 -0.113817 0.319802 0.124617 -0.0823963 0.0478947 -0.0256313 0.995118
1305031120.148175 -0.113924 0.321046 0.124332 -0.0842882 0.0465376 -0.0246705 0.995048
1305031120.179261 -0.114527 0.316971 0.124499 -0.0853456 0.0469378 -0.0222904 0.994996
1305031120.215260 -0.114229 0.310345 0.124916 -0.0836724 0.0470998 -0.0208814 0.995161
1305031120.248018 -0.114602 0.305823 0.124768 -0.0793092 0.0468778 -0.0226539 0.995489
1305031120.279441 -0.115153 0.300159 0.125617 -0.0763762 0.0475203 -0.0247053 0.99564
1305031120.315213 -0.115125 0.292169 0.127095 -0.0741912 0.0480018 -0.0267226 0.99573
1305031120.347797 -0.115184 0.282452 0.129505 -0.0719607 0.0483514 -0.0288636 0.995817
1305031120.379446 -0.114311 0.273699 0.132442 -0.0694462 0.0480665 -0.0303397 0.995965
1305031120.415490 -0.113543 0.258818 0.137116 -0.0676495 0.0471199 -0.0308041 0.99612
1305031120.447433 -0.111967 0.247214 0.14047 -0.0607811 0.0457668 -0.0317417 0.996596
1305031120.475582 -0.11069 0.238836 0.144926 -0.0560294 0.044139 -0.0316547 0.996951
1305031120.514877 -0.109901 0.223313 0.150054 -0.0530865 0.0424589 -0.0308701 0.997209
1305031120.547807 -0.108942 0.21211 0.154749 -0.0465706 0.038959 -0.0294645 0.99772
1305031120.579559 -0.108409 0.20454 0.159144 -0.0407884 0.0349928 -0.026801 0.998195
1305031120.615271 -0.108607 0.194369 0.163734 -0.0384381 0.0307611 -0.0233997 0.998513
1305031120.646607 -0.107524 0.183751 0.167905 -0.034496 0.0269951 -0.0225989 0.998785
1305031120.678467 -0.106105 0.176585 0.171903 -0.0299871 0.0244911 -0.0223382 0.999
1305031120.714553 -0.10552 0.166871 0.176187 -0.0283054 0.0236179 -0.0213903 0.999091
1305031120.747396 -0.104764 0.156394 0.180473 -0.0273441 0.0218219 -0.020969 0.999168
1305031120.779908 -0.104305 0.144585 0.18434 -0.0268483 0.0191865 -0.0210365 0.999234
1305031120.814905 -0.10354 0.135053 0.187662 -0.0242569 0.0181082 -0.0214553 0.999311
1305031120.847942 -0.10366 0.127559 0.190545 -0.0233381 0.0175224 -0.0228475 0.999313
1305031120.883454 -0.102764 0.113783 0.194021 -0.0244487 0.0168638 -0.02513 0.999243
1305031120.915454 -0.103285 0.106587 0.196377 -0.0214781 0.0182329 -0.0270021 0.999238
1305031120.947509 -0.103368 0.0967692 0.199056 -0.0220641 0.0186742 -0.0289745 0.999162
1305031120.983390 -0.104399 0.0866697 0.201651 -0.0223478 0.0192004 -0.0309756 0.999086
1305031121.015029 -0.105401 0.0754448 0.204104 -0.0224378 0.0189773 -0.0322927 0.999046
1305031121.047755 -0.105786 0.0677507 0.20598 -0.0207263 0.0186814 -0.0333153 0.999055
1305031121.083117 -0.107939 0.056224 0.208257 -0.0217369 0.0190199 -0.0338624 0.999009
1305031121.114878 -0.108709 0.0453467 0.210251 -0.0201201 0.0175271 -0.0339654 0.999067
1305031121.147355 -0.109082 0.0358092 0.21211 -0.0186235 0.0166186 -0.034413 0.999096
1305031121.183281 -0.110602 0.025599 0.214048 -0.0175161 0.0158301 -0.0352486 0.9991
1305031121.211431 -0.110832 0.0151519 0.215932 -0.0159175 0.0152777 -0.0357222 0.999118
1305031121.247201 -0.111931 0.00646044 0.218265 -0.0131798 0.0167475 -0.0368028 0.999095
1305031121.282822 -0.113434 -0.00334118 0.220698 -0.0133773 0.0165215 -0.0359232 0.999128
1305031121.313588 -0.113494 -0.0157538 0.223669 -0.0129165 0.0159595 -0.0346858 0.999187
1305031121.347540 -0.114627 -0.0253715 0.226335 -0.0105913 0.0156299 -0.0337472 0.999252
1305031121.383248 -0.115149 -0.0357518 0.228982 -0.00992022 0.0139739 -0.0329797 0.999309
1305031121.414328 -0.114988 -0.0467194 0.231509 -0.00683181 0.0143518 -0.0338756 0.9993
1305031121.447024 -0.115588 -0.0551152 0.233674 -0.00417577 0.0145 -0.0349884 0.999274
1305031121.483015 -0.115413 -0.0655489 0.236167 -0.00359255 0.0159086 -0.0335791 0.999303
1305031121.514164 -0.116822 -0.0766962 0.238475 -0.00113712 0.0183098 -0.0324351 0.999305
1305031121.546810 -0.117464 -0.082908 0.240011 -0.000369706 0.0182674 -0.0328261 0.999294
1305031121.583213 -0.117784 -0.0925616 0.242465 -0.00273322 0.0194268 -0.0331717 0.999257
1305031121.614719 -0.119089 -0.102936 0.244794 -0.00303792 0.0214258 -0.0340643 0.999185
1305031121.646966 -0.117972 -0.109749 0.246356 -0.00191369 0.0241514 -0.0367414 0.999031
1305031121.683211 -0.119033 -0.116648 0.248362 -0.00327948 0.0285006 -0.03943 0.99881
1305031121.714528 -0.121548 -0.126111 0.250817 -0.00553748 0.031026 -0.0380124 0.99878
1305031121.746484 -0.121189 -0.131586 0.253085 -0.00619644 0.0308583 -0.0382391 0.998773
1305031121.782871 -0.121263 -0.138248 0.255891 -0.00846305 0.0314118 -0.0363666 0.998809
1305031121.811545 -0.119944 -0.143259 0.258173 -0.00938292 0.0319304 -0.0340375 0.998866
1305031121.846870 -0.11886 -0.147548 0.260175 -0.011154 0.0333436 -0.0323924 0.998857
1305031121.882123 -0.118436 -0.150382 0.261884 -0.0131494 0.0340316 -0.0264863 0.998983
1305031121.914943 -0.118172 -0.151018 0.263246 -0.0146661 0.0329476 -0.0221769 0.999103
1305031121.947318 -0.11857 -0.151788 0.264211 -0.015714 0.0312482 -0.021328 0.999161
1305031121.982935 -0.116713 -0.148687 0.263851 -0.0149767 0.0302549 -0.0223194 0.999181
1305031122.014424 -0.116886 -0.144986 0.263264 -0.0155362 0.030988 -0.0236149 0.99912
1305031122.046908 -0.118298 -0.141233 0.262425 -0.0153967 0.0305933 -0.0263993 0.999065
1305031122.082969 -0.117868 -0.134402 0.260175 -0.0145299 0.0297247 -0.0306447 0.998983
1305031122.114688 -0.11747 -0.125944 0.257629 -0.0133352 0.0295478 -0.0342323 0.998888
1305031122.150748 -0.117327 -0.115536 0.254531 -0.0131112 0.0295048 -0.0390506 0.998715
1305031122.183052 -0.116271 -0.106877 0.251493 -0.0129076 0.0300884 -0.0439452 0.998497
1305031122.214969 -0.116597 -0.089906 0.247261 -0.0113544 0.0315408 -0.0502412 0.998174
1305031122.251355 -0.116476 -0.0785977 0.244588 -0.017139 0.0327484 -0.0539742 0.997858
1305031122.283866 -0.11731 -0.0679076 0.241553 -0.0190679 0.0330167 -0.0552755 0.997743
1305031122.314309 -0.117738 -0.0497113 0.237271 -0.0204459 0.0312419 -0.0596417 0.997521
1305031122.351351 -0.118666 -0.0391145 0.234226 -0.0281922 0.0294418 -0.0623778 0.99722
1305031122.382678 -0.119258 -0.0273207 0.230154 -0.0327673 0.0278883 -0.0631752 0.997074
1305031122.415008 -0.121459 -0.0175069 0.226008 -0.0377425 0.0253328 -0.063075 0.996973
1305031122.451272 -0.123428 -0.00555759 0.220833 -0.0394138 0.0218958 -0.0614568 0.997091
1305031122.483388 -0.125144 0.00667519 0.215839 -0.0416305 0.0181948 -0.0605086 0.997133
1305031122.515135 -0.126989 0.0178216 0.211095 -0.0434166 0.0147806 -0.0615014 0.997053
1305031122.551510 -0.127228 0.0303408 0.205934 -0.0441512 0.0131225 -0.0633895 0.996925
1305031122.583217 -0.128626 0.0413983 0.201238 -0.0454269 0.0147208 -0.0649732 0.996744
1305031122.615017 -0.1293 0.0504287 0.196993 -0.046708 0.0154264 -0.0648707 0.996681
1305031122.648810 -0.130778 0.0603968 0.192496 -0.0458839 0.0142236 -0.0635194 0.996824
1305031122.683420 -0.131496 0.0729406 0.18789 -0.0442753 0.0132507 -0.0625764 0.99697
1305031122.715219 -0.132976 0.0838936 0.184078 -0.043754 0.0118679 -0.0596333 0.99719
1305031122.751309 -0.133834 0.0971491 0.180304 -0.0423188 0.00949139 -0.0584813 0.997346
1305031122.783438 -0.133234 0.112559 0.177217 -0.042474 0.00856972 -0.0596702 0.997277
1305031122.812565 -0.133474 0.123928 0.174771 -0.0467678 0.00948656 -0.0597454 0.997072
1305031122.851486 -0.133068 0.132806 0.172491 -0.0498773 0.0123733 -0.06167 0.996773
1305031122.883775 -0.131177 0.143803 0.169807 -0.0513676 0.017857 -0.0628122 0.996543
1305031122.914585 -0.131956 0.150971 0.167875 -0.0555428 0.0223664 -0.0607461 0.996356
1305031122.951413 -0.132256 0.158345 0.16548 -0.0574056 0.0235534 -0.0602199 0.996255
1305031122.983000 -0.132052 0.167778 0.163 -0.0578319 0.0237765 -0.0574231 0.99639
1305031123.015462 -0.133059 0.176294 0.160623 -0.0599862 0.023333 -0.0535095 0.996491
1305031123.051838 -0.133642 0.183262 0.158191 -0.0604862 0.0235383 -0.052108 0.99653
1305031123.082992 -0.133159 0.193201 0.155455 -0.0586924 0.0242462 -0.0503177 0.996712
1305031123.113939 -0.133135 0.205898 0.152917 -0.0587577 0.0254189 -0.0474973 0.996818
1305031123.150840 -0.132793 0.214911 0.151417 -0.0616516 0.0264552 -0.0467651 0.996651
1305031123.182176 -0.131922 0.225642 0.149924 -0.0630316 0.0273334 -0.046812 0.996538
1305031123.214724 -0.130482 0.238443 0.14848 -0.0651131 0.0310268 -0.0468291 0.996295
1305031123.250641 -0.128924 0.251133 0.147636 -0.0685155 0.03532 -0.0477573 0.99588
1305031123.282363 -0.12695 0.262433 0.146978 -0.0756028 0.0382973 -0.0462013 0.995331
1305031123.320992 -0.125771 0.27273 0.146237 -0.0814399 0.0419942 -0.0436327 0.994837
1305031123.350493 -0.124802 0.282862 0.145685 -0.085611 0.0463338 -0.0431123 0.994316
1305031123.382263 -0.122565 0.293227 0.144572 -0.0890799 0.0500257 -0.0407573 0.993932
1305031123.421343 -0.121925 0.301567 0.143589 -0.0925882 0.0554216 -0.0371235 0.993468
1305031123.451266 -0.120015 0.309993 0.142401 -0.0938735 0.0583519 -0.036216 0.993213
1305031123.483605 -0.118639 0.320076 0.140975 -0.0961709 0.0598316 -0.0321924 0.993043
1305031123.519725 -0.117505 0.327706 0.139749 -0.0994977 0.0618798 -0.027965 0.992718
1305031123.551573 -0.116218 0.334949 0.13847 -0.10117 0.0624842 -0.0257523 0.992571
1305031123.579616 -0.115047 0.343653 0.137082 -0.102614 0.0622729 -0.0224958 0.992515
1305031123.620387 -0.112032 0.35139 0.135905 -0.103033 0.0626118 -0.0205247 0.992493
1305031123.652430 -0.109769 0.361132 0.134564 -0.104797 0.0639727 -0.0205368 0.992221
1305031123.683785 -0.108802 0.368973 0.133629 -0.108119 0.067071 -0.0192126 0.991687
1305031123.719975 -0.107505 0.375884 0.132597 -0.111669 0.0706455 -0.0176996 0.991073
1305031123.751980 -0.106394 0.378661 0.132103 -0.116507 0.0733587 -0.0160217 0.990347
1305031123.784138 -0.105753 0.380647 0.131301 -0.119011 0.0738432 -0.0140669 0.990043
1305031123.819696 -0.105077 0.382222 0.130233 -0.120415 0.0731788 -0.0131529 0.989935
1305031123.851551 -0.104997 0.382121 0.129327 -0.122025 0.0733274 -0.0112629 0.989751
1305031123.883819 -0.105356 0.378984 0.129077 -0.123901 0.0727164 -0.0099181 0.989577
1305031123.915794 -0.10559 0.375453 0.128743 -0.122631 0.0711123 -0.0104975 0.989846
1305031123.951530 -0.106889 0.376026 0.12838 -0.119722 0.0709283 -0.0100944 0.990219
1305031123.983421 -0.106961 0.370457 0.12971 -0.122763 0.0696576 -0.00841155 0.989953
1305031124.019737 -0.106363 0.360768 0.132325 -0.121903 0.0659206 -0.00875135 0.990312
1305031124.051531 -0.107623 0.356771 0.133427 -0.116158 0.0628589 -0.00890971 0.9912
1305031124.083902 -0.107917 0.351813 0.13564 -0.113981 0.0602591 -0.00833158 0.991619
1305031124.119669 -0.106293 0.339202 0.139882 -0.112243 0.0562458 -0.0102599 0.992035
1305031124.147458 -0.107647 0.333446 0.141418 -0.105155 0.0548235 -0.0121779 0.992869
1305031124.182707 -0.107747 0.326376 0.144565 -0.103087 0.0537231 -0.0143065 0.993117
1305031124.217179 -0.108173 0.313705 0.148579 -0.100716 0.0521216 -0.0169271 0.993405
1305031124.249340 -0.109127 0.303884 0.150582 -0.0950941 0.0513798 -0.0183154 0.993973
1305031124.282555 -0.10986 0.296763 0.152569 -0.0929333 0.0486397 -0.0184045 0.994313
1305031124.316782 -0.111305 0.28427 0.156331 -0.0925325 0.044296 -0.0180539 0.99456
1305031124.350371 -0.111161 0.273931 0.158099 -0.0878179 0.0406733 -0.0190451 0.995124
1305031124.382432 -0.111683 0.264877 0.160223 -0.0838358 0.0378585 -0.020487 0.995549
1305031124.418555 -0.112118 0.252145 0.162555 -0.0803715 0.0361438 -0.0214653 0.995878
1305031124.450256 -0.112639 0.23975 0.164307 -0.0749691 0.0346889 -0.0232126 0.996312
1305031124.480126 -0.113062 0.228257 0.166029 -0.0686736 0.033295 -0.0267041 0.996726
1305031124.516737 -0.114379 0.216032 0.167892 -0.0628225 0.0317564 -0.029025 0.997097
1305031124.550503 -0.114947 0.206093 0.170187 -0.0576278 0.0298056 -0.0317532 0.997388
1305031124.584606 -0.11644 0.193526 0.173056 -0.0546039 0.0279515 -0.0342723 0.997528
1305031124.617653 -0.116951 0.179498 0.176232 -0.0513746 0.0251848 -0.0369909 0.997676
1305031124.651313 -0.117791 0.168239 0.179329 -0.0468449 0.0229248 -0.0389714 0.997878
1305031124.685473 -0.118032 0.15436 0.182706 -0.0444792 0.0206482 -0.0412251 0.997946
1305031124.715791 -0.118039 0.142105 0.186327 -0.0401326 0.019735 -0.0433002 0.998061
1305031124.749941 -0.118277 0.130062 0.190126 -0.0376573 0.0195658 -0.0451936 0.998076
1305031124.785178 -0.119096 0.11528 0.19462 -0.0360484 0.0184263 -0.0465539 0.998095
1305031124.816641 -0.119163 0.104579 0.198871 -0.0329585 0.0172699 -0.0466861 0.998216
1305031124.850559 -0.11914 0.0918621 0.203989 -0.0328359 0.0157828 -0.0474368 0.99821
1305031124.883594 -0.118345 0.077112 0.209529 -0.0324492 0.0148285 -0.0483009 0.998195
1305031124.918770 -0.116836 0.0666218 0.214993 -0.0299895 0.0159796 -0.0493063 0.998205
1305031124.950748 -0.116242 0.057011 0.220451 -0.0310796 0.0172869 -0.0495303 0.998139
1305031124.986460 -0.117091 0.039576 0.226863 -0.0336545 0.0188185 -0.0475889 0.998123
1305031125.019467 -0.119696 0.0267832 0.23194 -0.0301073 0.0181566 -0.0452031 0.998359
1305031125.050798 -0.118709 0.019121 0.236234 -0.0263674 0.0147447 -0.0454445 0.99851
1305031125.083480 -0.118374 0.00888111 0.241164 -0.0267615 0.0151049 -0.0433086 0.998589
1305031125.119029 -0.120575 -0.00346769 0.245712 -0.0270477 0.0155831 -0.0403138 0.998699
1305031125.151037 -0.121067 -0.0145275 0.249366 -0.0245744 0.0146922 -0.0421068 0.998703
1305031125.187064 -0.119757 -0.0205772 0.252229 -0.0226353 0.015744 -0.0431643 0.998687
1305031125.219018 -0.122125 -0.0304925 0.255975 -0.0259523 0.0183112 -0.0421966 0.998604
1305031125.250642 -0.125827 -0.0418872 0.259375 -0.0260351 0.0202837 -0.0429508 0.998532
1305031125.286396 -0.127454 -0.0504058 0.261791 -0.0233132 0.0203189 -0.0449528 0.99851
1305031125.319140 -0.128279 -0.0582134 0.264652 -0.0226482 0.0217526 -0.0448708 0.998499
1305031125.348899 -0.130271 -0.0665388 0.267394 -0.0200883 0.0238423 -0.0461925 0.998446
1305031125.386792 -0.129285 -0.0711084 0.269577 -0.0187932 0.0243588 -0.05197 0.998175
1305031125.419574 -0.128226 -0.0782713 0.272489 -0.0195638 0.0292236 -0.0543761 0.997901
1305031125.451232 -0.129669 -0.0826732 0.275132 -0.0213031 0.0354174 -0.0550997 0.997625
1305031125.486999 -0.129857 -0.0923026 0.277985 -0.0232288 0.0398188 -0.0566609 0.997329
1305031125.519354 -0.128652 -0.0950081 0.279076 -0.0218947 0.0427804 -0.0581868 0.997148
1305031125.551050 -0.127904 -0.098234 0.280119 -0.0230029 0.045648 -0.0595202 0.996917
1305031125.585303 -0.12692 -0.10089 0.280613 -0.0246018 0.0486521 -0.0621279 0.996578
1305031125.617870 -0.126978 -0.105801 0.280866 -0.0257078 0.052124 -0.0624593 0.996354
1305031125.650354 -0.129057 -0.109661 0.279572 -0.0230866 0.0537809 -0.0592915 0.996524
1305031125.684602 -0.129114 -0.105516 0.27663 -0.0177735 0.0496438 -0.0583247 0.996904
1305031125.715669 -0.129601 -0.102794 0.273862 -0.0161284 0.044433 -0.057772 0.99721
1305031125.751292 -0.127137 -0.0971508 0.270302 -0.0117151 0.0402333 -0.0561654 0.997542
1305031125.786805 -0.126844 -0.0877797 0.266487 -0.00999904 0.0391618 -0.0590521 0.997436
1305031125.819450 -0.126382 -0.0806259 0.263338 -0.0100575 0.0392818 -0.0608373 0.997324
1305031125.854774 -0.125475 -0.07129 0.260067 -0.0112624 0.0406414 -0.062372 0.997162
1305031125.886645 -0.126301 -0.0638632 0.25732 -0.0121836 0.0408876 -0.0633029 0.997082
1305031125.919334 -0.126717 -0.052322 0.254173 -0.0137971 0.0385624 -0.0624667 0.997206
1305031125.955252 -0.128823 -0.0446017 0.251945 -0.0179918 0.0337472 -0.059437 0.997499
1305031125.987094 -0.128816 -0.0331179 0.24883 -0.0181722 0.0263636 -0.0560956 0.997912
1305031126.019572 -0.127044 -0.0191481 0.245749 -0.0189778 0.0201851 -0.056356 0.998026
1305031126.055038 -0.123671 -0.00574999 0.243227 -0.0210179 0.016947 -0.0574083 0.997986
1305031126.087076 -0.121088 0.00837849 0.241185 -0.0239281 0.0178403 -0.0566651 0.997947
1305031126.119452 -0.120035 0.0206114 0.239471 -0.0276695 0.0191966 -0.0564544 0.997837
1305031126.155000 -0.117099 0.0348825 0.237671 -0.0290857 0.0196703 -0.0555226 0.99784
1305031126.187174 -0.115595 0.0508872 0.235703 -0.0332287 0.0199767 -0.0546036 0.997755
1305031126.219473 -0.11517 0.0615781 0.234272 -0.0391014 0.0200304 -0.0536792 0.997591
1305031126.255236 -0.113344 0.0764916 0.231833 -0.0406162 0.0209633 -0.0537306 0.997509
1305031126.287105 -0.112505 0.0903318 0.229633 -0.0439088 0.0229666 -0.0543375 0.997292
1305031126.319787 -0.11064 0.104632 0.227185 -0.0470445 0.0255748 -0.0563723 0.996973
1305031126.355415 -0.110839 0.115828 0.22513 -0.0518154 0.0300965 -0.0574175 0.99655
1305031126.387483 -0.111035 0.12731 0.222591 -0.0552537 0.0338807 -0.0583161 0.996192
1305031126.419793 -0.110057 0.139008 0.220096 -0.0590479 0.0358012 -0.0602518 0.995792
1305031126.455380 -0.109777 0.147827 0.217376 -0.0643594 0.037739 -0.0598934 0.995413
1305031126.490386 -0.109987 0.156999 0.214291 -0.0672307 0.0386716 -0.0567475 0.995371
1305031126.522321 -0.109555 0.170258 0.211231 -0.0683163 0.0374246 -0.055049 0.995441
1305031126.558209 -0.10811 0.182337 0.208541 -0.0729325 0.0364441 -0.0545321 0.995178
1305031126.590176 -0.107041 0.191896 0.206515 -0.0771286 0.0383231 -0.0526542 0.994892
1305031126.618687 -0.105732 0.201558 0.204353 -0.0813453 0.0404402 -0.050718 0.994573
1305031126.654474 -0.104566 0.20806 0.202277 -0.0860583 0.0423005 -0.048719 0.994199
1305031126.690022 -0.102629 0.213852 0.200161 -0.0879457 0.0441432 -0.0451609 0.994121
1305031126.715770 -0.10123 0.221482 0.197463 -0.0893746 0.0456402 -0.0411956 0.994099
1305031126.755374 -0.100061 0.225004 0.19533 -0.091487 0.0473882 -0.0380022 0.993952
1305031126.787565 -0.0989405 0.2302 0.192574 -0.0905783 0.048352 -0.0347845 0.994106
1305031126.819929 -0.0978217 0.234872 0.189998 -0.0905921 0.0498681 -0.0334287 0.994077
1305031126.858378 -0.0963784 0.238864 0.187371 -0.0904004 0.0531982 -0.0334298 0.993922
1305031126.888154 -0.0949223 0.24138 0.185067 -0.0911101 0.0553825 -0.0330262 0.993751
1305031126.919409 -0.0941955 0.243576 0.183217 -0.0912951 0.0573125 -0.0333342 0.993614
1305031126.955501 -0.0932004 0.244456 0.181797 -0.091761 0.0586829 -0.0327368 0.993511
1305031126.987316 -0.0924615 0.244137 0.180868 -0.0927218 0.0579222 -0.0313159 0.993512
1305031127.019524 -0.0927402 0.243405 0.180236 -0.0919899 0.0570871 -0.0308762 0.993643
1305031127.053318 -0.0923718 0.244029 0.179522 -0.0905641 0.0564003 -0.0301881 0.993834
1305031127.088649 -0.0920778 0.244032 0.179436 -0.0906093 0.0559826 -0.0296516 0.99387
1305031127.120963 -0.0929236 0.241159 0.180164 -0.0914281 0.0546706 -0.0289337 0.993889
1305031127.157692 -0.0938149 0.239019 0.180662 -0.0908463 0.0517157 -0.0279269 0.994129
1305031127.187500 -0.094365 0.237886 0.181025 -0.0887735 0.0489638 -0.0282158 0.994447
1305031127.221831 -0.0948393 0.237062 0.181708 -0.0876961 0.0472819 -0.0284234 0.994618
1305031127.259761 -0.0950731 0.233363 0.183252 -0.0867901 0.0469437 -0.0292051 0.994691
1305031127.287038 -0.0956062 0.231294 0.184163 -0.0844691 0.0468931 -0.0302693 0.994862
1305031127.320468 -0.0960554 0.229199 0.18575 -0.0843082 0.0462774 -0.0310952 0.994879
1305031127.353407 -0.0968266 0.223483 0.188045 -0.0845267 0.0449383 -0.0317973 0.994899
1305031127.383713 -0.0974469 0.221298 0.189172 -0.081851 0.0439544 -0.0320564 0.995159
1305031127.419650 -0.097529 0.219858 0.190791 -0.0811479 0.0428599 -0.0325784 0.995247
1305031127.454246 -0.0982455 0.215762 0.192996 -0.0814521 0.0417895 -0.0331402 0.995249
1305031127.487200 -0.0986717 0.21484 0.194219 -0.0793366 0.0407926 -0.0336411 0.995445
1305031127.521900 -0.0996538 0.214505 0.195905 -0.0796357 0.0401445 -0.0344873 0.995418
1305031127.553725 -0.100253 0.210786 0.198062 -0.0807607 0.0392232 -0.0348835 0.99535
1305031127.586632 -0.100774 0.209696 0.198922 -0.0792386 0.0389175 -0.0348778 0.995485
1305031127.620657 -0.101196 0.2097 0.199939 -0.0789451 0.0384777 -0.0349998 0.995521
1305031127.654656 -0.101136 0.207088 0.201433 -0.0805383 0.0381478 -0.034028 0.99544
1305031127.687110 -0.101143 0.20439 0.202441 -0.0801293 0.0376466 -0.0332226 0.995519
1305031127.723210 -0.101402 0.20564 0.202424 -0.0786064 0.0369393 -0.0334591 0.995659
1305031127.754694 -0.101768 0.204758 0.203083 -0.0797488 0.0365716 -0.0332197 0.99559
1305031127.787641 -0.102389 0.201694 0.203752 -0.0800845 0.0366088 -0.0331621 0.995563
1305031127.820128 -0.102812 0.201406 0.203527 -0.0785255 0.0363087 -0.0342374 0.995662
1305031127.855132 -0.103868 0.201404 0.203692 -0.0784355 0.0365472 -0.0350065 0.995634
1305031127.887122 -0.104685 0.200188 0.20413 -0.0788363 0.0366695 -0.0356224 0.995576
1305031127.922560 -0.105534 0.200023 0.204517 -0.0785718 0.0361902 -0.0360233 0.9956
1305031127.955088 -0.105906 0.200577 0.205138 -0.07889 0.035427 -0.0358853 0.995607
1305031127.987093 -0.106205 0.200194 0.206603 -0.0805064 0.0348349 -0.0356788 0.995506
1305031128.021776 -0.106164 0.200114 0.20815 -0.0816548 0.0346013 -0.0360938 0.995406
1305031128.055718 -0.105625 0.198776 0.210299 -0.0839916 0.0355461 -0.0349469 0.995219
1305031128.087206 -0.104848 0.195113 0.212316 -0.0855314 0.0358241 -0.0342569 0.995102
1305031128.124746 -0.103913 0.193871 0.213496 -0.0849732 0.0352229 -0.0339204 0.995183
1305031128.157782 -0.10299 0.193154 0.214626 -0.0854494 0.034821 -0.0323653 0.995208
1305031128.187221 -0.102604 0.189698 0.216159 -0.0862803 0.0346451 -0.0311529 0.995181
1305031128.225442 -0.102783 0.188923 0.216622 -0.0844715 0.0346929 -0.0308331 0.995344
1305031128.256007 -0.102948 0.189545 0.216834 -0.0841151 0.0344916 -0.0300393 0.995406
1305031128.291275 -0.102995 0.187367 0.21754 -0.085261 0.0340876 -0.0300187 0.995323
1305031128.324170 -0.103286 0.187076 0.217486 -0.0840887 0.0341536 -0.030503 0.995406
1305031128.355206 -0.103648 0.187224 0.217524 -0.0838538 0.0341416 -0.0314751 0.995396
1305031128.391397 -0.104709 0.186116 0.217748 -0.0846091 0.0341266 -0.0328455 0.995288
1305031128.423609 -0.105468 0.185035 0.217884 -0.0844402 0.0341715 -0.0343586 0.99525
1305031128.455499 -0.106303 0.184751 0.217761 -0.0841067 0.0344174 -0.0355737 0.995227
1305031128.489523 -0.107176 0.184254 0.217779 -0.0844207 0.0344908 -0.0365618 0.995162
1305031128.523604 -0.107476 0.182891 0.217875 -0.0846974 0.0346551 -0.0373504 0.995103
1305031128.555639 -0.107862 0.182818 0.217656 -0.0844909 0.0353457 -0.0377576 0.995081
1305031128.591460 -0.107701 0.180609 0.217753 -0.0848947 0.0358495 -0.0383043 0.995008
1305031128.623368 -0.108192 0.179523 0.217394 -0.0840294 0.0361451 -0.0379355 0.995085
1305031128.655554 -0.108552 0.179292 0.217164 -0.0833609 0.0352274 -0.0375661 0.995188
1305031128.690449 -0.108473 0.178177 0.216801 -0.0836068 0.0337157 -0.0380258 0.995202
1305031128.722976 -0.108896 0.177972 0.216437 -0.0825655 0.0336026 -0.0386661 0.995268
1305031128.754646 -0.108982 0.178159 0.216023 -0.0815692 0.0343228 -0.040052 0.995271
