1305031102.160407 0 0 0 0 0 0 1
1305031102.194330 -0.00256623 0.00164744 0.0121106 -0.00103673 -0.00285977 -0.00157352 0.999994
1305031102.226738 -0.00356121 0.00678266 0.0245305 -0.00399919 -0.00623425 -0.0033176 0.999967
1305031102.262886 -0.00674498 0.00864429 0.0367684 -0.00977525 -0.00800797 -0.00249003 0.999917
1305031102.295279 -0.00802538 0.0105425 0.0489179 -0.0144216 -0.010287 -0.00194589 0.999841
1305031102.329195 -0.00979462 0.0106643 0.0608094 -0.0186981 -0.0114659 -0.000485675 0.999759
1305031102.363013 -0.0101031 0.0119225 0.0725266 -0.0206491 -0.0133907 0.000857936 0.999697
1305031102.394772 -0.0120293 0.0146684 0.0839805 -0.0219718 -0.0145171 0.00121895 0.999652
1305031102.427815 -0.0142971 0.0181321 0.0957806 -0.0234897 -0.016915 0.000461381 0.999581
1305031102.462395 -0.0151362 0.0239277 0.107366 -0.0275707 -0.0202052 -0.000108127 0.999416
1305031102.494271 -0.0162324 0.0253138 0.119585 -0.0343539 -0.0216174 -0.000700675 0.999176
1305031102.526330 -0.0169685 0.0273281 0.13127 -0.0388961 -0.0202666 -0.0023724 0.999035
1305031102.562224 -0.017851 0.0268646 0.143328 -0.0437337 -0.0186368 -0.00457745 0.998859
1305031102.594158 -0.017608 0.0231535 0.155698 -0.0464067 -0.0170788 -0.00627463 0.998757
1305031102.626818 -0.0184519 0.0229234 0.16726 -0.0438798 -0.0142273 -0.00528732 0.998922
1305031102.663273 -0.0201726 0.0294336 0.178181 -0.0407719 -0.0136363 -0.00368973 0.999069
1305031102.695165 -0.0210441 0.0316622 0.190715 -0.0423018 -0.0148016 -0.00294834 0.998991
1305031102.728423 -0.0217745 0.0331544 0.203681 -0.0428466 -0.015063 -0.00187953 0.998966
1305031102.763549 -0.0222876 0.0395682 0.215694 -0.042859 -0.0148147 -0.000214013 0.998971
1305031102.794978 -0.022796 0.0413464 0.228759 -0.0447581 -0.0120818 -0.00169976 0.998923
1305031102.828537 -0.0229146 0.0447587 0.241068 -0.0458888 -0.00903472 -0.00259851 0.998902
1305031102.862808 -0.0233961 0.0458458 0.25349 -0.0475031 -0.0051412 -0.00393421 0.99885
1305031102.894167 -0.024154 0.0485183 0.264969 -0.0468572 -0.00272758 -0.00641181 0.998877
1305031102.926851 -0.0259373 0.0520445 0.276164 -0.0461331 -0.000527667 -0.00728849 0.998909
1305031102.962137 -0.0282538 0.0535219 0.287763 -0.0467599 -0.00108325 -0.00855994 0.998869
1305031102.994164 -0.0316305 0.0569467 0.298925 -0.0473822 -0.00695578 -0.00759066 0.998824
1305031103.027881 -0.0335591 0.0603748 0.310048 -0.0483725 -0.0122949 -0.00475269 0.998742
1305031103.062273 -0.0337844 0.0629717 0.320531 -0.0502012 -0.0179406 -0.00208363 0.998576
1305031103.094040 -0.0339894 0.0644492 0.330459 -0.0497771 -0.019717 -0.000340202 0.998566
1305031103.129109 -0.0352704 0.0706427 0.339318 -0.0479242 -0.0189336 0.00115821 0.998671
1305031103.162795 -0.0361602 0.0733378 0.348208 -0.0495101 -0.0180144 0.00289311 0.998607
1305031103.191061 -0.0368264 0.0788721 0.356637 -0.0494887 -0.016559 0.0031831 0.998632
1305031103.227845 -0.0373989 0.0835628 0.365096 -0.0539866 -0.0166896 0.00445647 0.998392
1305031103.262576 -0.0370747 0.0863975 0.37294 -0.0610813 -0.0168968 0.00751171 0.997961
1305031103.294208 -0.0385515 0.0857749 0.379616 -0.0716309 -0.0200678 0.0120688 0.997156
1305031103.327550 -0.0396845 0.0836248 0.383973 -0.0784636 -0.028041 0.0126345 0.996442
1305031103.362405 -0.0385487 0.0847251 0.385997 -0.0792381 -0.0313217 0.0123834 0.996287
1305031103.394162 -0.0376021 0.0826858 0.386551 -0.0835414 -0.0299815 0.0141968 0.995952
1305031103.428437 -0.0379043 0.0781995 0.38554 -0.0863193 -0.0295763 0.0155193 0.995707
1305031103.463886 -0.0385092 0.0753579 0.382368 -0.0868544 -0.0319319 0.014934 0.995597
1305031103.494472 -0.0392089 0.0707932 0.377623 -0.087473 -0.0339049 0.0136067 0.995497
1305031103.531502 -0.0394515 0.0647758 0.371397 -0.0863333 -0.0351355 0.0112635 0.995583
1305031103.562651 -0.0392635 0.0587396 0.363722 -0.0833153 -0.036267 0.00928264 0.99582
1305031103.595310 -0.0396675 0.0550243 0.354375 -0.0794492 -0.0375606 0.0103745 0.996077
1305031103.631376 -0.0398201 0.0492093 0.344811 -0.0781173 -0.0407013 0.0121486 0.996039
1305031103.663594 -0.0398689 0.0444335 0.334234 -0.0755857 -0.0442707 0.0129913 0.996071
1305031103.694695 -0.0387432 0.0396967 0.323061 -0.0732274 -0.046715 0.0130033 0.996136
1305031103.731542 -0.0377794 0.0351052 0.311264 -0.0711803 -0.0474498 0.0128001 0.996252
1305031103.762865 -0.036445 0.0284645 0.29908 -0.0693494 -0.0474361 0.0112986 0.9964
1305031103.794329 -0.0362902 0.0264225 0.285349 -0.0657407 -0.0466431 0.00837348 0.996711
1305031103.830367 -0.0353139 0.0246781 0.272076 -0.0654682 -0.045913 0.00456029 0.996787
1305031103.862379 -0.0357256 0.0232311 0.259012 -0.0685085 -0.0457474 0.00248321 0.996598
1305031103.894237 -0.0375244 0.0147484 0.246452 -0.0753363 -0.047897 0.000970521 0.996007
1305031103.930503 -0.0376003 0.00805185 0.232886 -0.075048 -0.0513745 -0.000552088 0.995855
1305031103.962461 -0.0369234 0.00462099 0.218243 -0.0728726 -0.0539251 -0.00191113 0.995881
1305031103.994365 -0.0367996 -0.000680134 0.203859 -0.0712351 -0.0548733 -0.00248542 0.995946
1305031104.030279 -0.0344638 -0.00748266 0.189877 -0.0675863 -0.054906 -0.00421036 0.996193
1305031104.062542 -0.0317735 -0.0100293 0.174719 -0.0602551 -0.0521281 -0.00702555 0.996796
1305031104.095305 -0.0282553 -0.0126014 0.160347 -0.0564103 -0.0484859 -0.0104509 0.997175
1305031104.131292 -0.0259765 -0.0184797 0.146727 -0.0538696 -0.0428998 -0.0120435 0.997553
1305031104.163440 -0.0244056 -0.0228566 0.132934 -0.0492991 -0.0381151 -0.0129222 0.997973
1305031104.194053 -0.0227804 -0.025677 0.119157 -0.0451657 -0.0356879 -0.0135037 0.998251
1305031104.227247 -0.021269 -0.0299002 0.106007 -0.0413228 -0.0335407 -0.0131526 0.998496
1305031104.263335 -0.0200188 -0.0328703 0.0931496 -0.0367813 -0.0314678 -0.0131387 0.998741
1305031104.294957 -0.0183261 -0.0347202 0.0805865 -0.0322365 -0.0293952 -0.0144056 0.998944
1305031104.331403 -0.0171503 -0.0363879 0.0687274 -0.0283254 -0.0267123 -0.0151968 0.999126
1305031104.363345 -0.0157831 -0.0370539 0.0572567 -0.0250553 -0.0229324 -0.0160551 0.999294
1305031104.395019 -0.0154556 -0.037652 0.0464252 -0.0229645 -0.0183684 -0.0160971 0.999438
1305031104.431435 -0.0166611 -0.0379431 0.0361912 -0.0213378 -0.0147436 -0.0155038 0.999543
1305031104.463413 -0.0193909 -0.036873 0.0263377 -0.0202586 -0.0131468 -0.0145138 0.999603
1305031104.495673 -0.0224382 -0.0377734 0.0170171 -0.0204464 -0.0138597 -0.0130532 0.99961
1305031104.531450 -0.023359 -0.039721 0.00706674 -0.0193824 -0.0161709 -0.0119552 0.99961
1305031104.563149 -0.0236939 -0.0413957 -0.00297241 -0.01612 -0.0174481 -0.0114741 0.999652
1305031104.595033 -0.023112 -0.0449647 -0.0137139 -0.0115619 -0.016257 -0.011302 0.999737
1305031104.631368 -0.0231745 -0.0496245 -0.0253932 -0.00205844 -0.0104966 -0.010369 0.999889
1305031104.659863 -0.020311 -0.0492236 -0.0376883 0.0104962 -0.00364483 -0.0115187 0.999872
1305031104.695185 -0.0202875 -0.052661 -0.0495368 0.0219798 0.00487461 -0.0104423 0.999692
1305031104.730936 -0.0199646 -0.0536712 -0.0611721 0.0361216 0.0123012 -0.00863244 0.999234
1305031104.763178 -0.0166066 -0.0531297 -0.0719058 0.0493402 0.0186421 -0.00684086 0.998585
1305031104.799499 -0.0135322 -0.0530433 -0.0812804 0.0612843 0.0246161 -0.0050819 0.997804
1305031104.830961 -0.00919776 -0.0511647 -0.0890876 0.071984 0.0302287 -0.00257179 0.996944
1305031104.863256 -0.00570078 -0.0490479 -0.0946072 0.0799711 0.0352308 0.000170705 0.996174
1305031104.899165 -0.00428032 -0.0449526 -0.0976371 0.085468 0.037191 0.00301265 0.995642
1305031104.931091 -0.00313344 -0.0410755 -0.0981782 0.0881975 0.0379519 0.00514214 0.995366
1305031104.959750 -0.00187109 -0.0382611 -0.0963331 0.0892523 0.0381366 0.0058909 0.995261
1305031104.998342 -0.000165789 -0.0304661 -0.0921521 0.0890405 0.03686 0.00674561 0.995323
1305031105.030427 0.000159458 -0.0257584 -0.0857036 0.0849247 0.0364696 0.00693328 0.995696
1305031105.062445 -0.000306872 -0.0222054 -0.0775334 0.0793956 0.0358469 0.00516268 0.996185
1305031105.097639 -0.00194271 -0.0186119 -0.0679407 0.0732525 0.0355513 0.00330178 0.996674
1305031105.130269 -0.0048372 -0.0176377 -0.0564395 0.0675625 0.0349054 0.00226873 0.997102
1305031105.159979 -0.00541023 -0.00988879 -0.0433155 0.061785 0.0316725 -0.000974055 0.997586
1305031105.198212 -0.0076227 -0.00678107 -0.0289175 0.0484897 0.0287209 -0.0040901 0.998402
1305031105.228250 -0.0120354 -0.00858895 -0.0145604 0.0363713 0.02526 -0.00527496 0.999005
1305031105.262389 -0.0149828 -0.00518306 8.95812e-05 0.0281843 0.0198787 -0.00697785 0.999381
1305031105.298501 -0.0191178 -0.00260206 0.014995 0.0178297 0.0145374 -0.00731668 0.999709
1305031105.328878 -0.0225512 -0.00194219 0.0293436 0.00766465 0.00811284 -0.00688718 0.999914
1305031105.362286 -0.0267239 -0.00243594 0.0432001 -2.86782e-05 0.00334007 -0.00665541 0.999972
1305031105.398191 -0.0301168 -0.000345953 0.0569148 -0.0031213 -0.000740853 -0.00680747 0.999972
1305031105.430336 -0.0325016 0.0036418 0.0707464 -0.00842394 -0.00480091 -0.00785089 0.999922
1305031105.461421 -0.0356193 0.00395399 0.0845275 -0.0145997 -0.00761821 -0.00798524 0.999833
1305031105.497931 -0.0375837 0.00588621 0.0982399 -0.0179521 -0.0104558 -0.00839601 0.999749
1305031105.529583 -0.0383717 0.00804018 0.111995 -0.0223845 -0.0122416 -0.0083078 0.99964
1305031105.562109 -0.0397749 0.00876049 0.125624 -0.0262569 -0.0122786 -0.00724669 0.999554
1305031105.597193 -0.0403455 0.0105221 0.139435 -0.0291093 -0.0136007 -0.00729406 0.999457
1305031105.627128 -0.0408314 0.01046 0.153535 -0.031798 -0.013771 -0.00588793 0.999382
1305031105.659104 -0.0417906 0.0133628 0.167507 -0.0320635 -0.0141528 -0.00299899 0.999381
1305031105.698235 -0.0410435 0.0157232 0.181368 -0.0334371 -0.0142775 -0.00226855 0.999336
1305031105.730336 -0.0394352 0.0156701 0.195822 -0.0326377 -0.0114799 -0.0029427 0.999397
1305031105.762384 -0.0381555 0.0213849 0.209244 -0.0303118 -0.00784558 -0.00273708 0.999506
1305031105.798056 -0.0352005 0.0212089 0.224079 -0.0309443 -0.00349182 -0.00336813 0.999509
1305031105.830008 -0.0331945 0.0235366 0.237992 -0.0295994 0.000639442 -0.00204754 0.99956
1305031105.862238 -0.0300664 0.0261934 0.251737 -0.0279793 0.0036346 -0.00135536 0.999601
1305031105.898018 -0.0275093 0.0326606 0.264858 -0.0270542 0.00794538 0.00104432 0.999602
1305031105.929855 -0.025358 0.0361425 0.278078 -0.0297548 0.0113464 0.00536332 0.999478
1305031105.966193 -0.0240546 0.0418772 0.290536 -0.0318044 0.0139868 0.00720791 0.99937
1305031105.998271 -0.0227195 0.0462302 0.302996 -0.0360826 0.0156164 0.00889507 0.999187
1305031106.030147 -0.0217773 0.0508411 0.315006 -0.0400236 0.0177645 0.0100403 0.99899
1305031106.066060 -0.0215838 0.0541698 0.3271 -0.0448476 0.0195088 0.0113664 0.998739
1305031106.096295 -0.0245969 0.0597703 0.338279 -0.0479858 0.0214205 0.0122252 0.998543
1305031106.130445 -0.0252948 0.0652628 0.349386 -0.0529655 0.0210973 0.0129237 0.99829
1305031106.166330 -0.0263804 0.0667828 0.360203 -0.0603363 0.0197044 0.0152569 0.997867
1305031106.195074 -0.0275909 0.0699009 0.369913 -0.063812 0.0184697 0.0158557 0.997665
1305031106.230058 -0.0283057 0.0703615 0.378932 -0.0673923 0.0170163 0.0167121 0.997441
1305031106.265976 -0.0296134 0.073782 0.386493 -0.0672536 0.0159521 0.0199023 0.99741
1305031106.298174 -0.030066 0.0778276 0.393161 -0.0687243 0.0141798 0.0207672 0.997319
1305031106.330215 -0.0307899 0.0812755 0.398892 -0.0722534 0.0133958 0.0240199 0.997007
1305031106.366158 -0.0313885 0.0854298 0.403076 -0.0780791 0.0119565 0.0223915 0.996624
1305031106.398281 -0.0305902 0.0848665 0.405837 -0.0877656 0.013119 0.0154574 0.995935
1305031106.430639 -0.0306368 0.0796861 0.406831 -0.0948954 0.018714 0.0105651 0.995255
1305031106.466046 -0.030729 0.0759928 0.40495 -0.0968245 0.020984 0.0067062 0.995058
1305031106.498096 -0.0313623 0.0720934 0.400851 -0.0978146 0.0195619 0.0058022 0.994995
1305031106.528267 -0.0315039 0.0671187 0.394659 -0.0970158 0.0154685 0.00515694 0.995149
1305031106.564414 -0.0315659 0.063345 0.386176 -0.0943153 0.0115212 0.00303519 0.995471
1305031106.597879 -0.0329382 0.0604104 0.376331 -0.0916835 0.0103446 0.00210349 0.995732
1305031106.630776 -0.0341828 0.0576489 0.365583 -0.0919649 0.00750979 -0.000643045 0.995734
1305031106.667282 -0.0350627 0.0510933 0.354341 -0.0926096 0.00524595 -0.00259987 0.995685
1305031106.699110 -0.0360052 0.0489366 0.341281 -0.0906312 0.00185919 -0.00250607 0.99588
1305031106.729550 -0.0376876 0.0433649 0.328423 -0.0930076 -0.00335676 -0.00198889 0.995658
1305031106.767126 -0.0390693 0.0393936 0.314644 -0.0917806 -0.0091039 -0.00138614 0.995737
1305031106.798309 -0.0395414 0.0367571 0.299814 -0.0903833 -0.0142231 -0.00193426 0.995804
1305031106.830652 -0.0402948 0.0341235 0.284687 -0.0909489 -0.017273 -0.00175058 0.995704
1305031106.866893 -0.0404377 0.0257955 0.269694 -0.0919922 -0.0213244 -0.00418451 0.995523
1305031106.897828 -0.0415025 0.0218724 0.252746 -0.0859522 -0.0224889 -0.00880948 0.996006
1305031106.930797 -0.0425681 0.0215553 0.234634 -0.08181 -0.0211873 -0.0130467 0.996337
1305031106.967232 -0.0426182 0.0134754 0.218268 -0.0809955 -0.0201806 -0.0174789 0.996357
1305031106.998876 -0.0431658 0.00729509 0.200927 -0.0750516 -0.017666 -0.0209604 0.996803
1305031107.030348 -0.0440121 0.0107189 0.182049 -0.0676012 -0.014558 -0.0236605 0.997326
1305031107.066405 -0.044584 0.00343687 0.166517 -0.0684964 -0.0122988 -0.0253219 0.997254
1305031107.098268 -0.0457813 -0.00199513 0.150515 -0.0640766 -0.0117867 -0.0257781 0.997542
1305031107.130308 -0.0461703 -0.00190226 0.13432 -0.0587383 -0.0121458 -0.0263616 0.997851
1305031107.165964 -0.0450333 -0.00364019 0.119483 -0.056972 -0.0112878 -0.0271483 0.997943
1305031107.198208 -0.0461083 -0.00892565 0.10536 -0.0547405 -0.00905025 -0.0275624 0.998079
1305031107.235026 -0.0448653 -0.0121605 0.0911677 -0.047946 -0.00675189 -0.0291948 0.9984
1305031107.267071 -0.0429976 -0.0139747 0.0772436 -0.0418544 -0.00434381 -0.0300316 0.998663
1305031107.299273 -0.0413731 -0.0176344 0.0640241 -0.0363989 -0.000923719 -0.0297717 0.998893
1305031107.334800 -0.0416087 -0.0220278 0.0510558 -0.0287922 0.00320355 -0.0303829 0.999118
1305031107.367183 -0.0392784 -0.0242535 0.0389505 -0.017467 0.0065399 -0.0309812 0.999346
1305031107.399345 -0.0359291 -0.0229487 0.0285825 -0.00830549 0.0105319 -0.0315586 0.999412
1305031107.434926 -0.0335166 -0.0233621 0.0205198 -0.00177395 0.0148483 -0.0320331 0.999375
1305031107.467141 -0.0289074 -0.0218759 0.0145734 0.00365882 0.0180255 -0.0322838 0.999309
1305031107.498426 -0.0248754 -0.0212441 0.0105426 0.00690837 0.0214834 -0.0313326 0.999254
1305031107.534830 -0.0197899 -0.0164674 0.00808263 0.00868283 0.0232837 -0.0310057 0.99921
1305031107.567015 -0.0175105 -0.0164821 0.00740925 0.00644332 0.0258459 -0.0284706 0.99924
1305031107.598904 -0.0146953 -0.0168872 0.00730441 0.00683408 0.0273695 -0.0259435 0.999265
1305031107.634944 -0.0112587 -0.00987351 0.00760878 0.00797779 0.0280934 -0.0246326 0.99927
1305031107.667179 -0.0105326 -0.00859131 0.00947579 0.00529709 0.0294623 -0.0238058 0.999268
1305031107.699390 -0.0107349 -0.0055934 0.0111653 0.00474955 0.0298855 -0.0232475 0.999272
1305031107.735041 -0.010794 -0.00100348 0.0133132 0.0039198 0.0293942 -0.022371 0.99931
1305031107.767895 -0.0125039 0.00240625 0.0158453 0.0010074 0.0283214 -0.0221828 0.999352
1305031107.799544 -0.0135454 0.00323493 0.0181041 -0.00170081 0.0262025 -0.0230578 0.999389
1305031107.835751 -0.013544 0.00611937 0.0202371 -0.00334128 0.0251107 -0.022771 0.99942
1305031107.863505 -0.0129889 0.00674031 0.0220784 -0.00574966 0.0254093 -0.0241421 0.999369
1305031107.899222 -0.0113814 0.00642218 0.0238642 -0.00592027 0.0274611 -0.0278119 0.999218
1305031107.933609 -0.0095059 0.00761903 0.0251843 -0.00442773 0.0308484 -0.0302255 0.999057
1305031107.964840 -0.00401565 0.00745586 0.0263252 -0.00233927 0.0341922 -0.0303973 0.99895
1305031107.998469 0.00295889 0.00660068 0.0279602 0.000330675 0.0384972 -0.0306845 0.998787
1305031108.034824 0.0121198 0.00753952 0.0296674 0.00425808 0.042996 -0.0327189 0.99853
1305031108.067271 0.0239255 0.00856059 0.0319477 0.00657571 0.0498907 -0.0293595 0.998301
1305031108.099365 0.0337256 0.00880499 0.0338898 0.00858858 0.0584173 -0.0250035 0.997942
1305031108.135281 0.0442986 0.00900277 0.0359479 0.0115995 0.0628209 -0.0252467 0.997638
1305031108.167357 0.0568118 0.0128345 0.0378808 0.0140066 0.0656839 -0.0229655 0.997478
1305031108.199225 0.0695488 0.0173104 0.0403489 0.0124773 0.0677491 -0.0205625 0.997412
1305031108.235213 0.0808822 0.0154979 0.0431792 0.00779653 0.0696918 -0.0212168 0.997312
1305031108.267660 0.0938686 0.0132652 0.0459347 0.00737673 0.0734005 -0.0220662 0.997031
1305031108.299547 0.106356 0.0175426 0.0480154 0.00742602 0.0761842 -0.0213351 0.996838
1305031108.335019 0.118182 0.0212946 0.0505976 0.00386009 0.0757058 -0.0202775 0.996917
1305031108.367285 0.129002 0.0234186 0.0536213 -0.00147489 0.0740839 -0.0172494 0.997102
1305031108.399284 0.140227 0.0252721 0.0563317 -0.00646361 0.070487 -0.0116315 0.997424
1305031108.435023 0.151907 0.0274638 0.0584313 -0.0104977 0.0674907 -0.00538984 0.99765
1305031108.467680 0.163803 0.0281025 0.0602622 -0.014784 0.0664484 0.00112586 0.99768
1305031108.503548 0.175393 0.028883 0.0608901 -0.0162254 0.0668576 0.00745023 0.997603
1305031108.534811 0.187885 0.0291774 0.060958 -0.0137847 0.0727307 0.0106493 0.997199
1305031108.567154 0.199993 0.0295112 0.0614633 -0.0090242 0.0794349 0.00861458 0.996762
1305031108.603547 0.212118 0.034005 0.061679 -0.0056841 0.0837492 0.00692897 0.996447
1305031108.634212 0.224656 0.034725 0.062257 -0.00556469 0.0896021 0.00761904 0.995933
1305031108.667189 0.23695 0.0379577 0.0630342 -0.00534099 0.094153 0.0092505 0.9955
1305031108.703346 0.24992 0.0402184 0.0635491 -0.00801995 0.0996019 0.0133865 0.994905
1305031108.735052 0.260352 0.0408453 0.0632736 -0.010931 0.106279 0.0169557 0.994132
1305031108.767031 0.270121 0.0422802 0.0628894 -0.0111214 0.110281 0.0187708 0.993661
1305031108.803370 0.28012 0.0439453 0.0619201 -0.0118645 0.112704 0.0216096 0.993323
1305031108.835163 0.287211 0.0437223 0.0606106 -0.0126239 0.114076 0.0272367 0.993018
1305031108.867534 0.291818 0.0420048 0.0590492 -0.0118774 0.112619 0.0330987 0.993016
1305031108.903540 0.294164 0.0409322 0.057108 -0.0101263 0.109136 0.0392932 0.993198
1305031108.935116 0.294259 0.0392919 0.054252 -0.00682108 0.105874 0.0435491 0.993402
1305031108.967245 0.292515 0.0395942 0.0520902 -0.00138765 0.100921 0.0422826 0.993995
1305031109.003064 0.287338 0.0411206 0.0508595 0.000997648 0.0964697 0.0402534 0.994521
1305031109.034955 0.281882 0.0404761 0.0493237 0.000269271 0.0949581 0.0391448 0.994711
1305031109.067091 0.273984 0.0412984 0.0486903 0.00124131 0.0943534 0.0355787 0.994902
1305031109.103294 0.26604 0.0449652 0.0482333 -0.000473329 0.092643 0.0309028 0.99522
1305031109.134968 0.257437 0.0444516 0.0476007 -0.0040371 0.0916239 0.0284772 0.995378
1305031109.165848 0.245296 0.0444324 0.0477922 -0.00434897 0.0879827 0.0253062 0.995791
1305031109.203388 0.233906 0.0493147 0.0484952 -0.00422696 0.08269 0.0229621 0.996302
1305031109.234324 0.22248 0.0538276 0.0499053 -0.00980683 0.0791466 0.0263034 0.996468
1305031109.266325 0.208945 0.0556921 0.0507239 -0.0161024 0.0770578 0.0319603 0.996384
1305031109.303457 0.193083 0.0573188 0.0509193 -0.0145895 0.0726941 0.0362806 0.996587
1305031109.334602 0.178595 0.0614281 0.0517088 -0.0120424 0.0643217 0.0364454 0.997191
1305031109.364882 0.163886 0.0640942 0.0528116 -0.0145788 0.0565225 0.0357525 0.997654
1305031109.403386 0.146364 0.0654511 0.0534961 -0.0156063 0.0510759 0.0342579 0.997985
1305031109.434469 0.131955 0.0682855 0.0541305 -0.016258 0.0457155 0.0288213 0.998406
1305031109.467362 0.116798 0.0695758 0.0543576 -0.0201876 0.0423824 0.0234221 0.998623
1305031109.503193 0.10138 0.0687433 0.0541001 -0.0226556 0.0414065 0.0200528 0.998684
1305031109.535715 0.0862018 0.0674074 0.0531736 -0.0221821 0.0403799 0.0159158 0.998811
1305031109.567452 0.0740285 0.0685592 0.0522087 -0.0199279 0.0389194 0.0134728 0.998953
1305031109.603601 0.0601848 0.0699831 0.0514263 -0.019628 0.0387708 0.0126758 0.998975
1305031109.635323 0.0468713 0.0719284 0.0507832 -0.0194317 0.0372479 0.0101261 0.999066
1305031109.667570 0.0341813 0.0737388 0.0509274 -0.0200952 0.0369008 0.0103121 0.999064
1305031109.703265 0.0217541 0.0760363 0.0517406 -0.0220886 0.035548 0.0119978 0.999052
1305031109.735059 0.00770437 0.0803924 0.0528803 -0.0241237 0.0330531 0.0111053 0.999101
1305031109.767470 -0.00546454 0.0817235 0.0546118 -0.0282414 0.0309498 0.0110992 0.99906
1305031109.803396 -0.0193684 0.0832312 0.0567384 -0.0304052 0.0306288 0.0115593 0.999001
1305031109.834910 -0.0332739 0.0858763 0.0590589 -0.0325196 0.0298015 0.0109389 0.998967
1305031109.871271 -0.0479471 0.0886227 0.0623088 -0.035284 0.0282452 0.010826 0.998919
1305031109.900535 -0.0649131 0.0893606 0.066055 -0.0387469 0.0258899 0.00906957 0.998872
1305031109.934960 -0.0808586 0.0916117 0.0700996 -0.0386476 0.0222716 0.00448896 0.998995
1305031109.970213 -0.0959101 0.0975136 0.0739193 -0.0400883 0.0208613 0.000263854 0.998978
1305031109.999657 -0.111414 0.0972161 0.078621 -0.0442774 0.0198659 -0.00498172 0.998809
1305031110.031356 -0.126333 0.0995604 0.0827292 -0.0462794 0.0191295 -0.0116292 0.998678
1305031110.068125 -0.140738 0.10046 0.086876 -0.0489359 0.0194056 -0.0177997 0.998455
1305031110.101397 -0.153423 0.102803 0.0906927 -0.0515137 0.0190801 -0.0226442 0.998233
1305031110.132317 -0.166728 0.100258 0.0949354 -0.0572918 0.0174209 -0.0264732 0.997854
1305031110.168323 -0.179041 0.100067 0.0984719 -0.0582738 0.0140984 -0.0287598 0.997787
1305031110.203162 -0.190352 0.104154 0.100977 -0.0599489 0.0111417 -0.0303505 0.997678
1305031110.234909 -0.202354 0.101202 0.103806 -0.0644384 0.00817257 -0.031254 0.997399
1305031110.271394 -0.214196 0.10083 0.105428 -0.0645046 0.0048265 -0.0305895 0.997437
1305031110.303648 -0.225241 0.101347 0.106574 -0.0625853 0.00182324 -0.032403 0.997512
1305031110.331570 -0.237481 0.103476 0.107518 -0.0598562 -0.00132617 -0.0335833 0.997641
1305031110.371607 -0.249546 0.105317 0.10844 -0.0590573 -0.0056625 -0.0354353 0.997609
1305031110.403480 -0.261545 0.106772 0.109079 -0.0582159 -0.0109515 -0.039408 0.997466
1305031110.435647 -0.272826 0.113464 0.10939 -0.0577561 -0.0172051 -0.0425648 0.997275
1305031110.470588 -0.287617 0.114753 0.110802 -0.0625624 -0.0216304 -0.0466402 0.996716
1305031110.502539 -0.302947 0.11351 0.112586 -0.065598 -0.027122 -0.0522495 0.996108
1305031110.534532 -0.315822 0.116572 0.113413 -0.0657505 -0.0333694 -0.0564988 0.995676
1305031110.571676 -0.327199 0.12192 0.114356 -0.0672834 -0.0389943 -0.06074 0.99512
1305031110.604289 -0.33812 0.124095 0.115685 -0.0724213 -0.0436998 -0.0658033 0.994241
1305031110.635485 -0.34852 0.120138 0.117561 -0.0769635 -0.0459412 -0.0696721 0.993535
1305031110.671775 -0.357314 0.121113 0.118367 -0.0753466 -0.0477798 -0.073078 0.993328
1305031110.699957 -0.363393 0.12663 0.118194 -0.0754951 -0.0503824 -0.0751635 0.993032
1305031110.735440 -0.370846 0.124256 0.119383 -0.0793674 -0.051348 -0.0764161 0.992585
1305031110.769734 -0.377016 0.123845 0.119975 -0.0798436 -0.0523527 -0.0773704 0.99242
1305031110.799684 -0.379556 0.125149 0.119895 -0.0800134 -0.0538638 -0.0783973 0.992245
1305031110.835248 -0.382894 0.126362 0.120092 -0.0808416 -0.0540733 -0.0803988 0.992006
1305031110.871293 -0.38557 0.125032 0.120556 -0.0827914 -0.0561577 -0.0818243 0.991613
1305031110.901900 -0.384692 0.126207 0.120445 -0.0824825 -0.0580607 -0.0821388 0.991503
1305031110.938668 -0.384187 0.126129 0.120684 -0.0834338 -0.0594056 -0.0825957 0.991306
1305031110.971316 -0.380576 0.12706 0.120613 -0.0830419 -0.0608809 -0.0833361 0.991187
1305031111.003669 -0.373488 0.129847 0.120474 -0.0827581 -0.0593241 -0.0837918 0.991267
1305031111.039669 -0.367354 0.128098 0.121057 -0.0839847 -0.0537563 -0.0814768 0.991675
1305031111.071605 -0.359825 0.130796 0.120579 -0.082121 -0.0493015 -0.0790414 0.992259
1305031111.103658 -0.352161 0.131796 0.120121 -0.083781 -0.0471885 -0.07601 0.99246
1305031111.139211 -0.343329 0.128132 0.12011 -0.0850629 -0.0447781 -0.0722782 0.992741
1305031111.170937 -0.334765 0.12679 0.119405 -0.0830338 -0.0421724 -0.072071 0.993042
1305031111.199395 -0.322511 0.126855 0.118166 -0.080138 -0.0375038 -0.0708758 0.993553
1305031111.236670 -0.311377 0.126364 0.117064 -0.0786774 -0.0306353 -0.0683165 0.994085
1305031111.269939 -0.302149 0.12139 0.116314 -0.0786085 -0.0293214 -0.0683311 0.994129
1305031111.302311 -0.287894 0.120229 0.114863 -0.0736763 -0.0270631 -0.0661853 0.994715
1305031111.339460 -0.275165 0.125133 0.113397 -0.0701565 -0.0256453 -0.0642288 0.995136
1305031111.370908 -0.264315 0.121318 0.112914 -0.0746512 -0.0294547 -0.0629637 0.994784
1305031111.402911 -0.251418 0.115068 0.112945 -0.0738956 -0.0306448 -0.0600059 0.994987
1305031111.438948 -0.238732 0.117806 0.111711 -0.0696067 -0.0344908 -0.0619739 0.99505
1305031111.470919 -0.223935 0.114133 0.111285 -0.0703279 -0.0374804 -0.0665739 0.994594
1305031111.503531 -0.206312 0.110971 0.110213 -0.0665405 -0.0294838 -0.0672241 0.99508
1305031111.539482 -0.191301 0.107954 0.108671 -0.0630948 -0.0215416 -0.0663033 0.99557
1305031111.571320 -0.173483 0.104562 0.107184 -0.0588627 -0.0163154 -0.0643655 0.996055
1305031111.603391 -0.157687 0.106775 0.105345 -0.0550749 -0.00898042 -0.0576625 0.996775
1305031111.639405 -0.143989 0.100456 0.104661 -0.0571847 -0.00870442 -0.0508509 0.99703
1305031111.671252 -0.126879 0.0974453 0.102807 -0.0521912 -0.00802495 -0.0437365 0.997647
1305031111.703791 -0.109844 0.10394 0.100516 -0.0458131 -0.00152908 -0.0387551 0.998197
1305031111.739504 -0.0913487 0.098264 0.0991935 -0.0462091 0.00542386 -0.0384016 0.998179
1305031111.771228 -0.0753887 0.098263 0.0971958 -0.0405601 0.019192 -0.0345118 0.998396
1305031111.800077 -0.0559292 0.0990258 0.0953481 -0.0368964 0.0336059 -0.0334774 0.998193
1305031111.839333 -0.0414548 0.0960642 0.0938419 -0.0342453 0.0438807 -0.0333411 0.997893
1305031111.870985 -0.0266185 0.100222 0.0920086 -0.0298282 0.0512106 -0.0307766 0.997768
1305031111.903356 -0.0123785 0.0969226 0.091742 -0.0315146 0.0536887 -0.0265549 0.997707
1305031111.939680 0.00074823 0.0926457 0.0914677 -0.0309856 0.0505303 -0.020064 0.99804
1305031111.971494 0.0149885 0.0938549 0.0899018 -0.0284747 0.0478686 -0.0113424 0.998383
1305031112.003596 0.0303839 0.0960432 0.0881862 -0.0258903 0.0518708 -0.0062043 0.998299
1305031112.039412 0.0432673 0.0948749 0.0864214 -0.0228183 0.0600551 -0.0079252 0.997903
1305031112.070731 0.0597767 0.093596 0.0848511 -0.0193991 0.0678735 -0.0105971 0.997449
1305031112.102495 0.0735414 0.0907583 0.0834889 -0.0177525 0.0784943 -0.0116136 0.996689
1305031112.139107 0.0868339 0.0880877 0.0818109 -0.0166485 0.0831967 -0.017463 0.996241
1305031112.169345 0.102032 0.087076 0.0807275 -0.017065 0.0900606 -0.0220725 0.995545
1305031112.207733 0.116007 0.0845288 0.0799011 -0.0197567 0.101963 -0.0256724 0.994261
1305031112.235657 0.129346 0.0778573 0.0784798 -0.0192775 0.111995 -0.0303727 0.993057
1305031112.269488 0.144233 0.0741128 0.0764889 -0.0140805 0.118934 -0.0347512 0.992194
1305031112.303591 0.155763 0.0696923 0.0749184 -0.0103441 0.12274 -0.0371002 0.991691
1305031112.335789 0.168721 0.0660685 0.0729923 -0.00445901 0.122897 -0.0378809 0.991686
1305031112.371231 0.181406 0.0641607 0.0713699 0.000816328 0.121482 -0.0355021 0.991958
1305031112.407491 0.194107 0.0626316 0.0700603 0.00401897 0.118421 -0.0320872 0.992437
1305031112.439064 0.206081 0.0604948 0.0687373 0.00554515 0.116142 -0.0276361 0.992833
1305031112.471066 0.217401 0.0587553 0.0670927 0.00824913 0.115142 -0.0203698 0.993106
1305031112.506669 0.227605 0.0579489 0.0657565 0.0111534 0.11238 -0.0109424 0.993542
1305031112.538310 0.237003 0.0573521 0.0643268 0.013572 0.108704 -0.00521962 0.993968
1305031112.567470 0.246301 0.0569564 0.063254 0.0160569 0.10537 -0.00100307 0.994303
1305031112.606742 0.255458 0.0580507 0.0623666 0.0182072 0.102607 0.00471177 0.994544
1305031112.639418 0.265356 0.0603771 0.0615698 0.0180051 0.10444 0.0108964 0.994308
1305031112.671325 0.272893 0.0616434 0.0608995 0.016434 0.110473 0.0171124 0.993596
1305031112.707325 0.279319 0.0632771 0.0606791 0.0154378 0.114717 0.0195397 0.993086
1305031112.739546 0.283875 0.0664689 0.061707 0.0138253 0.118022 0.0217425 0.992677
1305031112.771523 0.287274 0.0722313 0.0628083 0.00942754 0.12112 0.0253673 0.992269
1305031112.807539 0.287001 0.0728075 0.0639821 0.00462281 0.123836 0.0274746 0.991912
1305031112.839560 0.283658 0.0741146 0.0660643 0.00344728 0.121842 0.0260891 0.992201
1305031112.871083 0.280872 0.0771231 0.0677502 0.00068817 0.117825 0.025792 0.992699
1305031112.907246 0.27762 0.078706 0.0688935 -0.00214302 0.115254 0.027995 0.992939
1305031112.939323 0.27177 0.0787172 0.0701495 -0.00477805 0.1119 0.0296266 0.993266
1305031112.971164 0.264214 0.0785146 0.0707821 -0.00647643 0.107187 0.0278832 0.993827
1305031113.007166 0.257674 0.0795734 0.070729 -0.00715222 0.103152 0.0263587 0.994291
1305031113.039492 0.249149 0.0816584 0.0708124 -0.00959029 0.101155 0.0251005 0.994508
1305031113.071210 0.238353 0.0803066 0.0706591 -0.0136474 0.101131 0.022415 0.994527
1305031113.107662 0.226073 0.0792236 0.0699956 -0.0125531 0.0983997 0.0167058 0.994928
1305031113.139664 0.21443 0.0801769 0.0698255 -0.0123495 0.0948192 0.0123323 0.995342
1305031113.171088 0.203005 0.0810696 0.0694123 -0.0158606 0.0936871 0.0120069 0.995403
1305031113.207181 0.188213 0.0811402 0.0688539 -0.0157982 0.0919173 0.0143871 0.995537
1305031113.239732 0.174874 0.0831403 0.0690558 -0.0141828 0.086125 0.0153157 0.996066
1305031113.271470 0.160102 0.0850068 0.0696986 -0.0166147 0.0809413 0.0167508 0.99644
1305031113.307323 0.142878 0.0842861 0.0696836 -0.0161142 0.0771616 0.0203564 0.996681
1305031113.339396 0.125784 0.0858202 0.0701778 -0.00902252 0.0701018 0.0215827 0.997266
1305031113.371377 0.11039 0.0890734 0.0729762 -0.00710129 0.0615125 0.0175345 0.997927
1305031113.407351 0.0914635 0.0862864 0.0756962 -0.011591 0.0550013 0.0160227 0.99829
1305031113.439787 0.0714473 0.0867732 0.0781554 -0.00910046 0.0504093 0.0141793 0.998587
1305031113.475657 0.0544667 0.0893202 0.0814637 -0.00906623 0.0441382 0.00628503 0.998965
1305031113.507987 0.0371901 0.088651 0.0846424 -0.0138275 0.0389038 0.00214486 0.999145
1305031113.539417 0.0176244 0.0879109 0.0874026 -0.0174918 0.0353912 0.00157782 0.999219
1305031113.574964 -0.00198081 0.0881089 0.0893435 -0.0184226 0.0320512 -0.00128732 0.999316
1305031113.607216 -0.0189736 0.0916226 0.091317 -0.0188572 0.0292504 -0.00619336 0.999375
1305031113.638418 -0.0351021 0.0927513 0.0934037 -0.0213715 0.0288585 -0.0103582 0.999301
1305031113.674244 -0.0500888 0.0930348 0.0952495 -0.0238755 0.0300279 -0.0136632 0.99917
1305031113.704256 -0.0653595 0.0941575 0.0970594 -0.0245741 0.0313121 -0.0173969 0.999056
1305031113.736263 -0.0787687 0.0949783 0.098918 -0.024236 0.0329979 -0.0226904 0.998904
1305031113.774168 -0.0921947 0.0957406 0.100894 -0.0237915 0.0361866 -0.0276372 0.998679
1305031113.805795 -0.106383 0.0959614 0.103168 -0.0228722 0.0382227 -0.0308692 0.99853
1305031113.838437 -0.119134 0.0995862 0.105305 -0.0214644 0.0397086 -0.0331549 0.99843
1305031113.874200 -0.134054 0.0989814 0.107904 -0.0229773 0.0425468 -0.0367652 0.998153
1305031113.906361 -0.148502 0.0972658 0.11067 -0.0211676 0.0421845 -0.039297 0.998112
1305031113.938561 -0.161237 0.100622 0.112457 -0.0179881 0.0422436 -0.0406282 0.998119
1305031113.974245 -0.175596 0.102114 0.114636 -0.0149724 0.0453885 -0.0439166 0.997891
1305031114.007082 -0.189786 0.103402 0.11697 -0.01172 0.0470489 -0.0496059 0.997591
1305031114.038546 -0.204927 0.104991 0.119624 -0.00931018 0.0471163 -0.0535528 0.997409
1305031114.074298 -0.221751 0.104815 0.122479 -0.00827416 0.0438706 -0.053902 0.997548
1305031114.106402 -0.237836 0.108032 0.124966 -0.00505367 0.0395821 -0.0557916 0.997645
1305031114.138562 -0.25277 0.111805 0.127883 -0.00320028 0.0351314 -0.0598073 0.997586
1305031114.174114 -0.266706 0.111532 0.130663 -0.0035654 0.0319776 -0.0627283 0.997512
1305031114.206255 -0.27914 0.114627 0.13308 0.000234655 0.0311304 -0.0658518 0.997344
1305031114.238473 -0.293895 0.120277 0.136566 0.000857322 0.0310731 -0.0686562 0.997156
1305031114.271075 -0.310574 0.118345 0.140967 -0.00192256 0.0286384 -0.0711504 0.997053
1305031114.306710 -0.324824 0.120584 0.144523 -0.00203182 0.0219523 -0.0720245 0.997159
1305031114.338919 -0.337002 0.122336 0.147444 -0.00378737 0.0152907 -0.0737224 0.997154
1305031114.374307 -0.347564 0.12252 0.149988 -0.00513295 0.0117484 -0.0779948 0.996871
1305031114.406591 -0.359932 0.122244 0.152568 -0.00530587 0.0112987 -0.0827009 0.996496
1305031114.438540 -0.37294 0.122607 0.155274 -0.00507155 0.00954425 -0.0859076 0.996244
1305031114.474489 -0.38674 0.122775 0.158007 -0.00600135 0.00565838 -0.0865379 0.996214
1305031114.506573 -0.397852 0.123045 0.160484 -0.00659136 -0.00148354 -0.0884836 0.996055
1305031114.539953 -0.404097 0.12501 0.162097 -0.00832278 -0.00826213 -0.0901956 0.995855
1305031114.575185 -0.409674 0.122465 0.164025 -0.0117757 -0.0106488 -0.0884691 0.995952
1305031114.607560 -0.415831 0.123524 0.165973 -0.0126291 -0.0108574 -0.0855237 0.996197
1305031114.644150 -0.421585 0.125683 0.168009 -0.0153834 -0.0116568 -0.0832819 0.996339
1305031114.675655 -0.429215 0.122461 0.170538 -0.0208404 -0.0148141 -0.0828894 0.996231
1305031114.706141 -0.433985 0.119978 0.171479 -0.0238021 -0.0205064 -0.0828165 0.996069
1305031114.743276 -0.436969 0.117852 0.171664 -0.0246016 -0.0236457 -0.083094 0.995957
1305031114.774847 -0.438418 0.116189 0.171215 -0.0240959 -0.0261406 -0.0874013 0.995539
1305031114.807310 -0.438402 0.119198 0.169931 -0.0217603 -0.0266035 -0.0897421 0.995372
1305031114.842137 -0.438358 0.119597 0.16968 -0.0223071 -0.0262654 -0.0909293 0.995261
1305031114.875056 -0.435943 0.122028 0.168727 -0.0215953 -0.0270665 -0.0931287 0.995052
1305031114.907504 -0.432159 0.124832 0.168253 -0.0216846 -0.0273006 -0.0924913 0.995103
1305031114.943264 -0.427336 0.128873 0.168043 -0.0221084 -0.0280217 -0.0937069 0.99496
1305031114.975411 -0.419932 0.131303 0.167628 -0.0242373 -0.0268136 -0.0947079 0.994849
1305031115.007179 -0.412288 0.136247 0.168099 -0.0253299 -0.0255319 -0.0956475 0.994765
1305031115.043530 -0.401319 0.137765 0.168386 -0.0297025 -0.0251595 -0.0962548 0.994595
1305031115.071577 -0.389999 0.136977 0.169049 -0.0321459 -0.0228577 -0.0968865 0.994514
1305031115.107074 -0.377971 0.139937 0.169122 -0.0334309 -0.0206927 -0.0968927 0.994518
1305031115.143294 -0.361985 0.138463 0.169708 -0.0360208 -0.0153459 -0.0946089 0.994744
1305031115.172642 -0.348629 0.137216 0.170883 -0.0366794 -0.00944598 -0.0928676 0.994958
1305031115.206453 -0.334919 0.135818 0.171832 -0.0383927 -0.00874261 -0.0906454 0.995105
1305031115.240975 -0.317389 0.129151 0.173255 -0.0381067 -0.00634311 -0.087846 0.995385
1305031115.273468 -0.300367 0.130367 0.174477 -0.0323848 -0.00390943 -0.0849169 0.995854
1305031115.305534 -0.282338 0.130076 0.175388 -0.0322368 -0.00245024 -0.079336 0.996324
1305031115.343426 -0.262037 0.124965 0.177227 -0.0301614 0.00243507 -0.0758358 0.996661
1305031115.375054 -0.243583 0.132228 0.178248 -0.0253874 0.00788923 -0.0721744 0.997038
1305031115.406164 -0.228776 0.131992 0.1801 -0.0316403 0.00524493 -0.0666384 0.997262
1305031115.443040 -0.209986 0.129313 0.181598 -0.0368332 -0.00121117 -0.0634502 0.997304
1305031115.474863 -0.191674 0.129232 0.182659 -0.0395759 -0.00180346 -0.0578104 0.997541
1305031115.507440 -0.173363 0.126975 0.182976 -0.0438824 -0.00242746 -0.0523454 0.997661
1305031115.543620 -0.151566 0.124392 0.182353 -0.0447657 0.00310844 -0.0479576 0.997841
1305031115.575290 -0.129202 0.120791 0.180614 -0.0439912 0.0140721 -0.043124 0.998002
1305031115.607428 -0.110028 0.116554 0.178237 -0.0441334 0.0212313 -0.0374071 0.998099
1305031115.643254 -0.0895221 0.112803 0.175643 -0.0432959 0.0255148 -0.0316269 0.998236
1305031115.675106 -0.069837 0.108462 0.172932 -0.042253 0.0292621 -0.0232153 0.998408
1305031115.706301 -0.0526525 0.107975 0.169343 -0.0404042 0.0287824 -0.0126629 0.998689
1305031115.742905 -0.0336683 0.11035 0.165825 -0.038306 0.0306821 -0.00518312 0.998781
1305031115.774329 -0.0144665 0.10702 0.162456 -0.0373936 0.0384191 0.000314779 0.998562
1305031115.806425 0.00283839 0.107097 0.158723 -0.0350054 0.0463941 0.00774108 0.99828
1305031115.841936 0.0210476 0.109725 0.155512 -0.0337504 0.0545231 0.0136905 0.997848
1305031115.875347 0.0367978 0.106824 0.153797 -0.0350381 0.0624984 0.0210537 0.997208
1305031115.910716 0.0515478 0.106419 0.151696 -0.0321542 0.0659689 0.0279556 0.996912
1305031115.942015 0.0666559 0.111239 0.149993 -0.0286192 0.0706733 0.0333656 0.99653
1305031115.973799 0.0804683 0.113354 0.149306 -0.028286 0.0767687 0.0396133 0.99586
1305031116.010843 0.0944139 0.115615 0.148904 -0.0287088 0.0828607 0.0449586 0.995132
1305031116.042618 0.108434 0.117392 0.149037 -0.0300206 0.0933338 0.047458 0.99405
1305031116.071527 0.121167 0.119016 0.149445 -0.0325173 0.104252 0.0502751 0.992747
1305031116.108247 0.135123 0.121831 0.15004 -0.0370803 0.113336 0.0544323 0.991371
1305031116.143447 0.147953 0.121881 0.150919 -0.0424317 0.122756 0.0588257 0.989783
1305031116.174891 0.159373 0.122272 0.151604 -0.0448777 0.128771 0.0624257 0.98869
1305031116.211320 0.172139 0.124054 0.151715 -0.0468671 0.132587 0.0652152 0.987912
1305031116.242720 0.183746 0.123333 0.151641 -0.0506106 0.137637 0.0695218 0.986743
1305031116.274421 0.19586 0.123252 0.150342 -0.0507729 0.144101 0.0730248 0.985558
1305031116.310686 0.207301 0.124979 0.148213 -0.0508683 0.151973 0.0757211 0.984166
1305031116.342459 0.216779 0.12458 0.145905 -0.0531172 0.158443 0.0798176 0.982702
1305031116.374490 0.22321 0.120058 0.143894 -0.0524039 0.162514 0.0827036 0.981837
1305031116.409631 0.228364 0.119894 0.140899 -0.0470765 0.164059 0.0828547 0.981837
1305031116.442496 0.233856 0.121367 0.138169 -0.0456604 0.163564 0.0868402 0.981642
1305031116.473394 0.235051 0.120319 0.136439 -0.0480835 0.165043 0.0954791 0.980476
1305031116.510576 0.233173 0.119228 0.134672 -0.0469203 0.16563 0.0962476 0.980358
1305031116.542695 0.228192 0.117561 0.133644 -0.0459826 0.16587 0.0916342 0.980804
1305031116.574389 0.221143 0.117243 0.133197 -0.0452093 0.16637 0.0876433 0.98112
1305031116.610891 0.21124 0.116984 0.13336 -0.0461629 0.1636 0.0843144 0.981833
1305031116.642664 0.198645 0.115969 0.134002 -0.0458396 0.157984 0.0765939 0.983399
1305031116.674523 0.184733 0.115205 0.135141 -0.0460069 0.152633 0.068444 0.984836
1305031116.710942 0.168984 0.114128 0.136013 -0.0473014 0.149175 0.0599953 0.985855
1305031116.740575 0.152876 0.114624 0.137178 -0.0485516 0.146732 0.0495638 0.98674
1305031116.775059 0.136625 0.115942 0.137949 -0.0510108 0.143685 0.0388764 0.987543
1305031116.811343 0.11973 0.116582 0.138696 -0.0533554 0.141192 0.0297374 0.988096
1305031116.840370 0.101289 0.117203 0.139355 -0.0526302 0.136025 0.0219705 0.989062
1305031116.871726 0.0830174 0.121012 0.140549 -0.0514496 0.12745 0.0150174 0.990396
1305031116.907955 0.064025 0.12351 0.142206 -0.0522622 0.119539 0.0101676 0.991401
1305031116.940626 0.0452798 0.12887 0.144108 -0.0507514 0.109017 0.00439885 0.992734
1305031116.974656 0.0268262 0.132183 0.146239 -0.051915 0.096915 -0.00588656 0.99392
1305031117.008812 0.00939818 0.134246 0.148268 -0.0512339 0.0859617 -0.0176171 0.994824
1305031117.042065 -0.0062077 0.13834 0.150534 -0.0502453 0.0752629 -0.0256483 0.995567
1305031117.071181 -0.0223414 0.143803 0.152733 -0.0507743 0.0671453 -0.0313783 0.995956
1305031117.110454 -0.0389853 0.147014 0.155011 -0.0532501 0.0591989 -0.0344251 0.99623
1305031117.142383 -0.0537122 0.151678 0.157297 -0.0543322 0.0502699 -0.0339442 0.996679
1305031117.175059 -0.066771 0.157849 0.159567 -0.0558287 0.0427147 -0.0360412 0.996875
1305031117.207753 -0.0774411 0.160389 0.161825 -0.0584523 0.0362154 -0.0407705 0.9968
1305031117.241340 -0.084364 0.165153 0.163615 -0.0596682 0.0326452 -0.0423227 0.996786
1305031117.276516 -0.0887252 0.167777 0.165442 -0.0637629 0.0326485 -0.0456112 0.996387
1305031117.310121 -0.0919768 0.165815 0.167233 -0.0687173 0.0345617 -0.0491358 0.995826
1305031117.341044 -0.0954259 0.161942 0.168464 -0.0726705 0.0358179 -0.0493935 0.995488
1305031117.375067 -0.097477 0.157887 0.168778 -0.0741488 0.0357453 -0.0504004 0.995331
1305031117.408538 -0.099142 0.153099 0.168412 -0.074131 0.0353694 -0.0497751 0.995377
1305031117.442208 -0.100092 0.14806 0.167737 -0.0726244 0.0333355 -0.049102 0.995592
1305031117.475651 -0.100906 0.144037 0.16694 -0.0703671 0.0322284 -0.0477613 0.995856
1305031117.508882 -0.102188 0.136199 0.166876 -0.0689975 0.0310202 -0.0464112 0.996054
1305031117.539736 -0.103057 0.129459 0.166564 -0.0651232 0.0297248 -0.045458 0.996398
1305031117.577860 -0.104369 0.124154 0.166708 -0.0611242 0.0285918 -0.0464359 0.996639
1305031117.607777 -0.105662 0.118713 0.167722 -0.0589346 0.0270568 -0.0467429 0.9968
1305031117.643284 -0.107041 0.110042 0.169979 -0.05868 0.0256182 -0.0447926 0.996942
1305031117.675483 -0.107733 0.104004 0.172251 -0.0569097 0.0231599 -0.0441054 0.997136
1305031117.711215 -0.107581 0.0954399 0.175171 -0.0580558 0.0204236 -0.0423828 0.997204
1305031117.742995 -0.10757 0.0852915 0.17871 -0.0588088 0.0180666 -0.0391574 0.997337
1305031117.778969 -0.108366 0.0765086 0.18203 -0.0583988 0.0159597 -0.0363025 0.997505
1305031117.811060 -0.108766 0.0672972 0.185584 -0.0593762 0.0136099 -0.0343894 0.99755
1305031117.843307 -0.108432 0.0547272 0.189516 -0.0597418 0.0125689 -0.0328547 0.997594
1305031117.879467 -0.108159 0.0464086 0.192749 -0.0571596 0.0144805 -0.0332112 0.997707
1305031117.908762 -0.109103 0.0355804 0.196967 -0.0573243 0.0171984 -0.0329748 0.997663
1305031117.943272 -0.109815 0.0255979 0.20138 -0.0562547 0.0189166 -0.0330502 0.99769
1305031117.979263 -0.110513 0.0184215 0.205565 -0.0558935 0.0209508 -0.0333929 0.997658
1305031118.011013 -0.111163 0.00681618 0.21079 -0.0590585 0.0216379 -0.0336097 0.997454
1305031118.043549 -0.112114 -0.00457785 0.215744 -0.0597389 0.0227262 -0.0331663 0.997404
1305031118.079369 -0.112164 -0.0140334 0.220187 -0.059257 0.0238603 -0.0341323 0.997374
1305031118.110863 -0.11179 -0.0243781 0.22459 -0.0593901 0.0265481 -0.0360223 0.997231
1305031118.142285 -0.11222 -0.0351322 0.228977 -0.058528 0.031695 -0.0369005 0.9971
1305031118.178170 -0.113411 -0.0447557 0.232607 -0.0578212 0.0353331 -0.0390323 0.996938
1305031118.210782 -0.114763 -0.0571181 0.236774 -0.0570014 0.0384878 -0.0388984 0.996873
1305031118.242948 -0.116651 -0.0670549 0.239808 -0.0539309 0.0392521 -0.0376394 0.997063
1305031118.278991 -0.116939 -0.0772594 0.242963 -0.0511474 0.0383266 -0.0384758 0.997213
1305031118.310731 -0.117795 -0.088564 0.246141 -0.0468022 0.0386939 -0.0387903 0.9974
1305031118.342079 -0.117424 -0.094843 0.248253 -0.0403991 0.0381794 -0.0409253 0.997615
1305031118.377003 -0.11697 -0.102277 0.251 -0.0366966 0.0396476 -0.0425294 0.997634
1305031118.408818 -0.118095 -0.108602 0.253843 -0.0331907 0.0388921 -0.0441046 0.997718
1305031118.445703 -0.116477 -0.111648 0.256133 -0.0313835 0.036814 -0.0432059 0.997894
1305031118.477869 -0.115724 -0.115076 0.258666 -0.0312661 0.0367091 -0.0406848 0.998008
1305031118.510201 -0.114662 -0.117032 0.260552 -0.0300416 0.0356323 -0.0389303 0.998154
1305031118.545199 -0.112682 -0.113463 0.261211 -0.0287476 0.0353946 -0.0397515 0.998169
1305031118.576377 -0.111501 -0.11107 0.261944 -0.0307623 0.0361159 -0.0406996 0.998045
1305031118.610869 -0.110097 -0.106795 0.262072 -0.0314918 0.0377303 -0.0414986 0.997929
1305031118.645331 -0.109384 -0.100908 0.26156 -0.032009 0.0396216 -0.0447622 0.997698
1305031118.675082 -0.108142 -0.0936451 0.260564 -0.03417 0.0405366 -0.0470043 0.997487
1305031118.710140 -0.108967 -0.0876854 0.259528 -0.036652 0.0416512 -0.0485821 0.997277
1305031118.746801 -0.109803 -0.0818416 0.25753 -0.0366444 0.0404753 -0.0490495 0.997303
1305031118.778790 -0.108144 -0.068522 0.253949 -0.0349958 0.0358353 -0.049916 0.997497
1305031118.810703 -0.107293 -0.0577956 0.250736 -0.0392435 0.0334288 -0.0511107 0.997362
1305031118.846774 -0.107924 -0.0535376 0.247327 -0.0405991 0.0331389 -0.0504192 0.997352
1305031118.875402 -0.10588 -0.0368931 0.240882 -0.0347371 0.0339288 -0.0522749 0.997452
1305031118.909608 -0.105555 -0.024572 0.235576 -0.0367141 0.035545 -0.0555856 0.997145
1305031118.947009 -0.105695 -0.0141344 0.230294 -0.0369088 0.036834 -0.0568877 0.997018
1305031118.979394 -0.105169 0.00058427 0.223995 -0.0357272 0.0378183 -0.0604912 0.996812
1305031119.009712 -0.105492 0.0138574 0.218582 -0.0379887 0.0380594 -0.06369 0.99652
1305031119.047180 -0.107432 0.0247263 0.213297 -0.0409659 0.0383417 -0.0643177 0.996351
1305031119.078966 -0.109374 0.0354807 0.20787 -0.0420661 0.0375423 -0.0639828 0.996357
1305031119.110884 -0.110997 0.0468982 0.202042 -0.0420555 0.0350205 -0.0634224 0.996485
1305031119.147629 -0.112339 0.0596638 0.196302 -0.0410964 0.032234 -0.062545 0.996675
1305031119.179262 -0.11387 0.0701961 0.190862 -0.0417071 0.0289779 -0.0620642 0.996779
1305031119.210906 -0.113807 0.0800814 0.185304 -0.0399816 0.0258574 -0.0624652 0.996911
1305031119.247660 -0.114443 0.0933268 0.179863 -0.0371633 0.0249899 -0.0614778 0.997103
1305031119.279244 -0.11533 0.104844 0.175109 -0.0362169 0.0241968 -0.0615606 0.997153
1305031119.310755 -0.115752 0.114663 0.171091 -0.0361345 0.0240667 -0.060218 0.997241
1305031119.347750 -0.116758 0.123703 0.167326 -0.0358115 0.02328 -0.0573858 0.997438
1305031119.378631 -0.117507 0.135867 0.163601 -0.0334401 0.0215329 -0.0561241 0.997631
1305031119.411492 -0.117192 0.147727 0.160132 -0.0332256 0.0204712 -0.0562718 0.997652
1305031119.447726 -0.116458 0.158444 0.156806 -0.0332633 0.0223537 -0.0562371 0.997613
1305031119.477682 -0.118144 0.168097 0.153452 -0.0328296 0.0254507 -0.0563162 0.997548
1305031119.511258 -0.11761 0.180947 0.150269 -0.0317045 0.0268581 -0.0568989 0.997515
1305031119.547414 -0.117721 0.191552 0.147246 -0.0330717 0.0271881 -0.0555751 0.997536
1305031119.579569 -0.117062 0.205137 0.144532 -0.0333407 0.0276518 -0.055352 0.997527
1305031119.615024 -0.117114 0.217422 0.142251 -0.0360826 0.0300062 -0.0551156 0.997377
1305031119.648889 -0.117814 0.228959 0.140365 -0.0381258 0.031503 -0.0537337 0.99733
1305031119.675566 -0.118126 0.243113 0.13883 -0.040561 0.0329547 -0.0546355 0.997138
1305031119.715249 -0.117097 0.254593 0.137809 -0.0450281 0.0368648 -0.0550068 0.996789
1305031119.744886 -0.118059 0.263159 0.136887 -0.049939 0.0407006 -0.0497381 0.996682
1305031119.778628 -0.118257 0.273831 0.135863 -0.0522669 0.0402888 -0.0464103 0.99674
1305031119.814571 -0.118729 0.283836 0.134957 -0.0542674 0.0392323 -0.0432186 0.996819
1305031119.847445 -0.118091 0.294596 0.133647 -0.0557228 0.0393424 -0.0389041 0.996912
1305031119.879232 -0.118314 0.302956 0.132369 -0.0574599 0.0412138 -0.0366888 0.996822
1305031119.911424 -0.11831 0.312002 0.130708 -0.0561021 0.0431438 -0.0370223 0.996805
1305031119.947462 -0.118145 0.323761 0.128612 -0.0574881 0.0448835 -0.0361938 0.99668
1305031119.979546 -0.118365 0.330206 0.12718 -0.0610177 0.0475018 -0.037176 0.996312
1305031120.015283 -0.118332 0.339318 0.126101 -0.0619103 0.0511189 -0.0372739 0.996075
1305031120.047310 -0.118346 0.3461 0.12493 -0.0684038 0.0535082 -0.0351535 0.995601
1305031120.075690 -0.119506 0.345383 0.12484 -0.0736768 0.0531999 -0.0335346 0.995297
1305031120.115249 -0.11998 0.349117 0.124021 -0.0736422 0.0508081 -0.031252 0.995499
1305031120.148175 -0.120733 0.350499 0.123829 -0.0755059 0.0497366 -0.0301278 0.995448
1305031120.179261 -0.121217 0.346607 0.123999 -0.0764651 0.0499824 -0.0279837 0.995425
1305031120.215260 -0.120634 0.339906 0.124254 -0.0748525 0.049881 -0.0267768 0.995586
1305031120.248018 -0.120105 0.3354 0.123896 -0.070457 0.0494468 -0.0289751 0.995867
1305031120.279441 -0.120692 0.329553 0.124693 -0.0675878 0.0500501 -0.0310228 0.995974
1305031120.315213 -0.12074 0.32179 0.126102 -0.0652804 0.0505037 -0.0330559 0.99604
1305031120.347797 -0.120839 0.311837 0.128338 -0.0630982 0.050647 -0.0353036 0.996096
1305031120.379446 -0.120502 0.302842 0.131066 -0.0607555 0.0506737 -0.0362826 0.996205
1305031120.415490 -0.12075 0.287874 0.135465 -0.0591735 0.0498425 -0.03683 0.996322
1305031120.447433 -0.119149 0.276593 0.13866 -0.0520978 0.0483889 -0.0379731 0.996746
1305031120.475582 -0.118143 0.2685 0.143014 -0.0471999 0.046948 -0.0376716 0.99707
1305031120.514877 -0.117898 0.252636 0.147865 -0.0444744 0.0452954 -0.0369009 0.997301
1305031120.547807 -0.116616 0.24161 0.152245 -0.0378377 0.041548 -0.0356884 0.997782
1305031120.579559 -0.116174 0.23397 0.156538 -0.0320994 0.037578 -0.0329654 0.998234
1305031120.615271 -0.11642 0.223596 0.161106 -0.0297626 0.0331934 -0.0297426 0.998563
1305031120.646607 -0.115819 0.212987 0.165285 -0.0257707 0.029395 -0.0291439 0.998811
1305031120.678467 -0.114828 0.205416 0.169237 -0.0214484 0.0270961 -0.0288839 0.998985
1305031120.714553 -0.114031 0.195381 0.17338 -0.0199568 0.0260721 -0.0279405 0.99907
1305031120.747396 -0.113708 0.185157 0.177408 -0.0189087 0.0244116 -0.0276335 0.999141
1305031120.779908 -0.112915 0.17309 0.181095 -0.018487 0.0217552 -0.0275676 0.999212
1305031120.814905 -0.112305 0.163652 0.18421 -0.0158987 0.0205723 -0.0279906 0.99927
1305031120.847942 -0.112496 0.156129 0.186996 -0.0150383 0.0198069 -0.0294209 0.999258
1305031120.883454 -0.111469 0.142538 0.190023 -0.0161342 0.0190024 -0.0316468 0.999188
1305031120.915454 -0.11166 0.134932 0.192217 -0.0133586 0.0203582 -0.0333172 0.999148
1305031120.947509 -0.112108 0.125312 0.19487 -0.0137772 0.0210881 -0.0351266 0.999065
1305031120.983390 -0.112842 0.115678 0.197156 -0.0138742 0.0215698 -0.0371933 0.998979
1305031121.015029 -0.114012 0.104991 0.199408 -0.0136834 0.0214151 -0.0384622 0.998937
1305031121.047755 -0.114362 0.0967118 0.201217 -0.0121755 0.0212507 -0.0394293 0.998922
1305031121.083117 -0.115912 0.0853552 0.203255 -0.013117 0.0212157 -0.0402679 0.998878
1305031121.114878 -0.116808 0.0747216 0.204988 -0.011404 0.0196758 -0.0404967 0.998921
1305031121.147355 -0.117549 0.0653556 0.206678 -0.00979025 0.0187824 -0.0410428 0.998933
1305031121.183281 -0.119579 0.0551931 0.208339 -0.00872438 0.0180024 -0.0421619 0.99891
1305031121.211431 -0.120372 0.0450556 0.210054 -0.00696509 0.0175958 -0.0425434 0.998915
1305031121.247201 -0.121344 0.0365431 0.212058 -0.0042357 0.0190607 -0.0434515 0.998865
1305031121.282822 -0.123372 0.0268252 0.214291 -0.00440853 0.0188505 -0.0428304 0.998895
1305031121.313588 -0.123606 0.0147663 0.217107 -0.00375908 0.0181832 -0.0415678 0.998963
1305031121.347540 -0.124919 0.00552338 0.219512 -0.00124282 0.0177473 -0.0411627 0.998994
1305031121.383248 -0.126041 -0.00445387 0.221978 -0.000358468 0.0161505 -0.0401599 0.999063
1305031121.414328 -0.126418 -0.0155163 0.22432 0.00271578 0.0165624 -0.0412115 0.999009
1305031121.447024 -0.127199 -0.0237929 0.226326 0.00539208 0.0167155 -0.0423562 0.998948
1305031121.483015 -0.127055 -0.0345085 0.228498 0.0058466 0.0180635 -0.0412006 0.99897
1305031121.514164 -0.128499 -0.0455563 0.230466 0.00840023 0.0204037 -0.0404694 0.998937
1305031121.546810 -0.129434 -0.0523032 0.232146 0.00908386 0.020548 -0.0408066 0.998914
1305031121.583213 -0.129669 -0.0619275 0.234406 0.00680699 0.0217574 -0.0413601 0.998884
1305031121.614719 -0.13039 -0.0720399 0.236496 0.00667298 0.0235322 -0.0423238 0.998804
1305031121.646966 -0.128822 -0.0792633 0.237861 0.00760602 0.0260173 -0.0450488 0.998617
1305031121.683211 -0.129161 -0.0856686 0.239742 0.00661312 0.030297 -0.0478542 0.998373
1305031121.714528 -0.131858 -0.0955531 0.241959 0.00421083 0.0329654 -0.0463642 0.998372
1305031121.746484 -0.131908 -0.100629 0.244087 0.00369701 0.0328815 -0.0465293 0.998369
1305031121.782871 -0.132317 -0.10768 0.246944 0.00129633 0.0333704 -0.0446805 0.998443
1305031121.811545 -0.131085 -0.112869 0.249118 0.000325213 0.033905 -0.0420147 0.998541
1305031121.846870 -0.12955 -0.116985 0.251068 -0.00129583 0.0351523 -0.0403694 0.998565
1305031121.882123 -0.129023 -0.12019 0.252864 -0.00337486 0.0356502 -0.0347528 0.998754
1305031121.914943 -0.128607 -0.12114 0.254118 -0.00500268 0.0344937 -0.0306097 0.998924
1305031121.947318 -0.128557 -0.121887 0.255079 -0.00602823 0.0326327 -0.0298523 0.999003
1305031121.982935 -0.127172 -0.118597 0.254849 -0.00529425 0.0316319 -0.0309075 0.999008
1305031122.014424 -0.126821 -0.115195 0.254224 -0.00600036 0.0324323 -0.0319079 0.998946
1305031122.046908 -0.127168 -0.111803 0.253337 -0.00597984 0.0318971 -0.034768 0.998868
1305031122.082969 -0.127109 -0.104484 0.251306 -0.00497407 0.0312705 -0.038964 0.998739
1305031122.114688 -0.125886 -0.0961562 0.248838 -0.00389619 0.0309962 -0.0424861 0.998609
1305031122.150748 -0.124473 -0.0859821 0.245894 -0.00375839 0.03064 -0.0475001 0.998394
1305031122.183052 -0.123696 -0.0768836 0.242967 -0.00347189 0.0313231 -0.0525115 0.998123
1305031122.214969 -0.1234 -0.0598608 0.239003 -0.00199663 0.0327759 -0.0593283 0.997698
1305031122.251355 -0.12285 -0.048251 0.236392 -0.0076265 0.0340039 -0.0631491 0.997395
1305031122.283866 -0.123281 -0.0376208 0.233596 -0.00958709 0.0341575 -0.0644872 0.997288
1305031122.314309 -0.123294 -0.0199737 0.229881 -0.0112016 0.0325075 -0.0684896 0.997059
1305031122.351351 -0.124449 -0.00881859 0.227079 -0.0187656 0.0309189 -0.0714977 0.996785
1305031122.382678 -0.125092 0.00325524 0.22337 -0.0232442 0.0296426 -0.0717881 0.996708
1305031122.415008 -0.126882 0.0131238 0.219443 -0.0283361 0.0270859 -0.0713866 0.996678
1305031122.451272 -0.128689 0.0246066 0.214756 -0.0301498 0.0235428 -0.0701922 0.9968
1305031122.483388 -0.130137 0.0373299 0.210042 -0.0322117 0.0198267 -0.0690847 0.996893
1305031122.515135 -0.131783 0.0487815 0.205485 -0.0339027 0.0164907 -0.0701215 0.996826
1305031122.551510 -0.131317 0.0609416 0.200569 -0.0347409 0.0146838 -0.0724364 0.99666
1305031122.583217 -0.132376 0.0718409 0.196137 -0.0362017 0.0163698 -0.0737779 0.996483
1305031122.615017 -0.133575 0.0812447 0.192039 -0.0374047 0.0175871 -0.0730861 0.996469
1305031122.648810 -0.134449 0.0912419 0.187608 -0.0366507 0.0162151 -0.0718511 0.99661
1305031122.683420 -0.134839 0.103898 0.18318 -0.0349993 0.0151623 -0.0712129 0.996732
1305031122.715219 -0.135085 0.114488 0.179545 -0.0348032 0.0131627 -0.0687544 0.996939
1305031122.751309 -0.134969 0.127764 0.175902 -0.0334077 0.0103417 -0.0679911 0.997073
1305031122.783438 -0.133981 0.143025 0.173002 -0.0336103 0.00928389 -0.0695765 0.996967
1305031122.812565 -0.133804 0.154612 0.170657 -0.0378505 0.0100908 -0.0699881 0.996778
1305031122.851486 -0.1333 0.163415 0.168681 -0.0409372 0.0129669 -0.0719131 0.996486
1305031122.883775 -0.131325 0.174162 0.166285 -0.0425294 0.0183977 -0.0730867 0.996249
1305031122.914585 -0.131334 0.181544 0.164349 -0.0465707 0.0226985 -0.0710659 0.996125
1305031122.951413 -0.131468 0.188468 0.162222 -0.0485701 0.024013 -0.070051 0.996071
1305031122.983000 -0.130539 0.197973 0.159844 -0.0489393 0.0240049 -0.0675221 0.996228
1305031123.015462 -0.130979 0.206419 0.15762 -0.0510504 0.0234682 -0.0637952 0.99638
1305031123.051838 -0.130821 0.213558 0.155214 -0.0515534 0.0234795 -0.0625224 0.996435
1305031123.082992 -0.129589 0.223098 0.152571 -0.0499902 0.0238605 -0.0609574 0.996602
1305031123.113939 -0.128867 0.235912 0.150151 -0.0500758 0.0247989 -0.0583955 0.996728
1305031123.150840 -0.128313 0.245182 0.14862 -0.0529193 0.0259003 -0.0575891 0.9966
1305031123.182176 -0.127095 0.25588 0.147283 -0.054321 0.0266726 -0.0575718 0.996506
1305031123.214724 -0.125241 0.268602 0.146048 -0.0563484 0.0303339 -0.0575069 0.996292
1305031123.250641 -0.123654 0.281253 0.145409 -0.0597184 0.0347332 -0.0583336 0.995904
1305031123.282363 -0.1213 0.292665 0.14496 -0.0666193 0.0376557 -0.057111 0.995431
1305031123.320992 -0.120161 0.30275 0.144447 -0.0725575 0.0416397 -0.0543586 0.995011
1305031123.350493 -0.118735 0.312941 0.144036 -0.0766807 0.0459745 -0.054064 0.994527
1305031123.382263 -0.116349 0.322976 0.143178 -0.0803059 0.0498485 -0.0512105 0.994205
1305031123.421343 -0.11551 0.331371 0.14228 -0.0837902 0.0553284 -0.0473943 0.993817
1305031123.451266 -0.113833 0.339949 0.141182 -0.0849276 0.0584536 -0.0462427 0.993596
1305031123.483605 -0.112284 0.350214 0.139861 -0.0871539 0.0599542 -0.0420717 0.993499
1305031123.519725 -0.111111 0.35809 0.138634 -0.0904267 0.0620092 -0.0378026 0.993252
1305031123.551573 -0.10995 0.36574 0.137543 -0.0918663 0.0627081 -0.035342 0.993166
1305031123.579616 -0.108142 0.374627 0.136241 -0.0931978 0.0622567 -0.0322067 0.993177
1305031123.620387 -0.105247 0.382451 0.135099 -0.0936639 0.0626871 -0.0300762 0.993173
1305031123.652430 -0.10354 0.392242 0.134002 -0.095405 0.0643197 -0.0296198 0.992917
1305031123.683785 -0.102059 0.400082 0.133268 -0.0986605 0.0673606 -0.0281979 0.992438
1305031123.719975 -0.100236 0.407366 0.132307 -0.101926 0.0707706 -0.0267837 0.99191
1305031123.751980 -0.0992746 0.410547 0.131912 -0.106494 0.0736524 -0.0249055 0.991269
1305031123.784138 -0.0986811 0.4123 0.131112 -0.109083 0.0740582 -0.0227929 0.991008
1305031123.819696 -0.0978351 0.413942 0.129992 -0.110508 0.0733149 -0.021879 0.990926
1305031123.851551 -0.0972022 0.414649 0.129015 -0.111698 0.0731538 -0.0201844 0.99084
1305031123.883819 -0.0975324 0.411403 0.128662 -0.11367 0.0724558 -0.0188218 0.990694
1305031123.915794 -0.0981795 0.407692 0.128301 -0.112486 0.0710253 -0.019306 0.990924
1305031123.951530 -0.0991156 0.408883 0.127682 -0.109316 0.0707509 -0.0189539 0.991305
1305031123.983421 -0.0995148 0.403458 0.128958 -0.112229 0.0694777 -0.016867 0.991107
1305031124.019737 -0.0997322 0.393276 0.131621 -0.11159 0.0659025 -0.0171645 0.991418
1305031124.051531 -0.1015 0.388978 0.132743 -0.106005 0.0628455 -0.0173058 0.992227
1305031124.083902 -0.101909 0.384179 0.134797 -0.103816 0.0603009 -0.0167796 0.992625
1305031124.119669 -0.101498 0.37128 0.13879 -0.102398 0.0565858 -0.0180356 0.992969
1305031124.147458 -0.102065 0.364721 0.140485 -0.0955517 0.0546886 -0.0205154 0.993709
1305031124.182707 -0.102807 0.357234 0.143538 -0.093735 0.0537329 -0.0225223 0.993891
1305031124.217179 -0.103368 0.3438 0.147215 -0.091976 0.0520956 -0.0251321 0.99408
1305031124.249340 -0.103277 0.333922 0.148794 -0.08637 0.0508338 -0.027234 0.994593
1305031124.282555 -0.103681 0.326755 0.150742 -0.0841625 0.0477944 -0.0274577 0.994926
1305031124.316782 -0.105308 0.313915 0.154303 -0.0840009 0.0435144 -0.0271918 0.995144
1305031124.350371 -0.105393 0.303108 0.155915 -0.0795084 0.03985 -0.0282723 0.995636
1305031124.382432 -0.106581 0.293738 0.158116 -0.0756113 0.0373153 -0.0292008 0.996011
1305031124.418555 -0.107764 0.281295 0.160283 -0.0721217 0.0357686 -0.0298743 0.996306
1305031124.450256 -0.1082 0.268628 0.161864 -0.0667944 0.0341302 -0.0318727 0.996673
1305031124.480126 -0.109056 0.257638 0.163419 -0.0602316 0.032801 -0.0350954 0.997028
1305031124.516737 -0.110336 0.24506 0.165053 -0.054565 0.0311955 -0.0374365 0.99732
1305031124.550503 -0.111383 0.235163 0.167167 -0.0493261 0.0293291 -0.0401833 0.997543
1305031124.584606 -0.113113 0.222895 0.169743 -0.0461689 0.0274714 -0.0427845 0.997639
1305031124.617653 -0.1136 0.20887 0.172607 -0.0430008 0.0246156 -0.0454357 0.997738
1305031124.651313 -0.114673 0.197468 0.175671 -0.0385858 0.0221895 -0.0473537 0.997886
1305031124.685473 -0.115303 0.183208 0.178993 -0.036341 0.0200351 -0.0495631 0.997909
1305031124.715791 -0.115529 0.170908 0.182269 -0.0320587 0.0191619 -0.0517362 0.997962
1305031124.749941 -0.11604 0.159014 0.185757 -0.0295088 0.0189535 -0.0537019 0.997941
1305031124.785178 -0.117117 0.144263 0.190008 -0.0278393 0.0178647 -0.0548549 0.997946
1305031124.816641 -0.117545 0.133079 0.194119 -0.0250226 0.0165244 -0.055089 0.998031
1305031124.850559 -0.117525 0.120585 0.198864 -0.0248216 0.0150583 -0.0556623 0.998027
1305031124.883594 -0.117421 0.105676 0.204252 -0.0243761 0.0142361 -0.0563507 0.998012
1305031124.918770 -0.115421 0.0951129 0.209501 -0.0219183 0.0151956 -0.057693 0.997978
1305031124.950748 -0.114959 0.0852162 0.21484 -0.0231016 0.0165406 -0.0577598 0.997926
1305031124.986460 -0.115822 0.0670827 0.22115 -0.0259423 0.017971 -0.0557214 0.997947
1305031125.019467 -0.118301 0.0536398 0.226245 -0.0226184 0.0170146 -0.0535627 0.998163
1305031125.050798 -0.11667 0.0456415 0.23042 -0.0190265 0.0132666 -0.0538226 0.998281
1305031125.083480 -0.116277 0.0352184 0.235238 -0.0194718 0.0134815 -0.0517109 0.998381
1305031125.119029 -0.119413 0.0227704 0.239621 -0.0197712 0.0142636 -0.0484679 0.998527
1305031125.151037 -0.119964 0.0113268 0.243215 -0.0174031 0.0132685 -0.0503621 0.998491
1305031125.187064 -0.118784 0.00553408 0.246009 -0.0153557 0.014379 -0.0515005 0.998451
1305031125.219018 -0.121149 -0.00470511 0.249582 -0.0187376 0.0169053 -0.0504871 0.998406
1305031125.250642 -0.124832 -0.0155448 0.25262 -0.0186973 0.0186668 -0.0514255 0.998327
1305031125.286396 -0.126605 -0.0235936 0.254699 -0.0158036 0.0185874 -0.0535734 0.998266
1305031125.319140 -0.127733 -0.0308401 0.257322 -0.0148975 0.0199362 -0.0537362 0.998245
1305031125.348899 -0.129335 -0.0395258 0.259743 -0.0123883 0.0218187 -0.0557174 0.998131
1305031125.386792 -0.128968 -0.0441193 0.261868 -0.0108456 0.0227423 -0.0617681 0.997772
1305031125.419574 -0.128676 -0.0511828 0.264695 -0.0116062 0.0279377 -0.0636481 0.997514
1305031125.451232 -0.129409 -0.0556987 0.267177 -0.0132288 0.0339258 -0.0643782 0.997261
1305031125.486999 -0.130113 -0.0650383 0.270144 -0.0150264 0.0381857 -0.0656744 0.996997
1305031125.519354 -0.128962 -0.0679829 0.271252 -0.0136631 0.0410604 -0.0672834 0.996795
1305031125.551050 -0.128223 -0.0713144 0.272372 -0.0146932 0.0439954 -0.0685937 0.996566
1305031125.585303 -0.127571 -0.0738316 0.273033 -0.0161199 0.047136 -0.071058 0.996227
1305031125.617870 -0.128338 -0.0782025 0.273084 -0.0169698 0.0508892 -0.0714884 0.995998
1305031125.650354 -0.130231 -0.0815817 0.271787 -0.0141715 0.0523294 -0.068405 0.996183
1305031125.684602 -0.130858 -0.0776361 0.269041 -0.00908571 0.0484144 -0.0670621 0.996532
1305031125.715669 -0.131082 -0.0746473 0.266317 -0.00745637 0.043133 -0.0665446 0.996823
1305031125.751292 -0.128946 -0.0691152 0.26282 -0.00310295 0.0389567 -0.0654411 0.997091
1305031125.786805 -0.127564 -0.0590295 0.259111 -0.00113016 0.0374088 -0.0685526 0.996945
1305031125.819450 -0.127053 -0.052185 0.256127 -0.00129788 0.0375576 -0.0705851 0.996798
1305031125.854774 -0.125563 -0.0429432 0.253004 -0.00248198 0.0387974 -0.0722561 0.996628
1305031125.886645 -0.126411 -0.0352695 0.250479 -0.00329377 0.0391051 -0.0729702 0.996562
1305031125.919334 -0.126242 -0.0233577 0.247572 -0.00477561 0.0366291 -0.0720152 0.996719
1305031125.955252 -0.128297 -0.0157882 0.245498 -0.00925522 0.0318723 -0.0687179 0.997084
1305031125.987094 -0.127269 -0.0044911 0.242489 -0.00953729 0.0244118 -0.0657231 0.997494
1305031126.019572 -0.124634 0.00911235 0.239618 -0.0105806 0.017834 -0.066457 0.997574
1305031126.055038 -0.120835 0.022362 0.237434 -0.0126757 0.014692 -0.0674101 0.997537
1305031126.087076 -0.118216 0.0362165 0.235659 -0.015766 0.0157162 -0.0665267 0.997536
1305031126.119452 -0.117144 0.0484221 0.234274 -0.0194351 0.0172153 -0.0663687 0.997457
1305031126.155000 -0.113721 0.0624054 0.232881 -0.0209049 0.017733 -0.0651514 0.997499
1305031126.187174 -0.111924 0.0783787 0.231401 -0.0248988 0.0181336 -0.0641554 0.997464
1305031126.219473 -0.112068 0.0895418 0.230125 -0.03056 0.0187469 -0.0630079 0.997369
1305031126.255236 -0.110151 0.10472 0.227947 -0.0319976 0.0197539 -0.0631019 0.997298
1305031126.287105 -0.108965 0.118298 0.226048 -0.0353483 0.0216825 -0.0636994 0.997107
1305031126.319787 -0.1074 0.133031 0.224009 -0.0382891 0.0245886 -0.0656156 0.996807
1305031126.355415 -0.107439 0.144356 0.222075 -0.043031 0.029328 -0.0664674 0.996429
1305031126.387483 -0.107764 0.156478 0.219505 -0.0462245 0.0334118 -0.0672248 0.996106
1305031126.419793 -0.106641 0.168266 0.217238 -0.0499866 0.0353619 -0.069218 0.995721
1305031126.455380 -0.106738 0.177109 0.214692 -0.0553057 0.0375305 -0.068712 0.995395
1305031126.490386 -0.10727 0.186452 0.211863 -0.0580966 0.0386576 -0.0651792 0.995431
1305031126.522321 -0.106878 0.20019 0.209034 -0.0589542 0.0375368 -0.0634353 0.995536
1305031126.558209 -0.105922 0.212261 0.206639 -0.0636102 0.036939 -0.0625583 0.995327
1305031126.590176 -0.104721 0.221567 0.204751 -0.0680188 0.038829 -0.0605701 0.995086
1305031126.618687 -0.102912 0.230848 0.202904 -0.0723061 0.0408515 -0.0587178 0.994814
1305031126.654474 -0.1016 0.236987 0.201058 -0.0771886 0.0427079 -0.0567708 0.994482
1305031126.690022 -0.09928 0.242763 0.198996 -0.0790903 0.044353 -0.0532141 0.994458
1305031126.715770 -0.0973709 0.250425 0.196373 -0.0804905 0.0456792 -0.0494947 0.994477
1305031126.755374 -0.09607 0.253482 0.194314 -0.082907 0.047425 -0.0465975 0.994337
1305031126.787565 -0.0947098 0.258399 0.191718 -0.0820902 0.0481807 -0.0437754 0.994497
1305031126.819929 -0.0935183 0.263096 0.189291 -0.0821332 0.0496086 -0.0421634 0.994493
1305031126.858378 -0.0921724 0.267114 0.186839 -0.0818667 0.0529924 -0.0420769 0.994344
1305031126.888154 -0.0903749 0.269019 0.184669 -0.0827476 0.0551629 -0.0415724 0.994174
1305031126.919409 -0.0897804 0.271127 0.18293 -0.0829586 0.0570975 -0.0418 0.994037
1305031126.955501 -0.0884379 0.27211 0.181421 -0.083441 0.0583727 -0.0414668 0.993937
1305031126.987316 -0.0877154 0.272441 0.180346 -0.0841488 0.0576288 -0.039652 0.993995
1305031127.019524 -0.0874831 0.271978 0.179605 -0.083306 0.056588 -0.0395878 0.994128
1305031127.053318 -0.0873136 0.272504 0.178892 -0.0819739 0.0559299 -0.0388692 0.994304
1305031127.088649 -0.0870689 0.272462 0.178859 -0.0819757 0.0556416 -0.0383861 0.994339
1305031127.120963 -0.0876929 0.269458 0.179542 -0.0828323 0.0542665 -0.0380968 0.994355
1305031127.157692 -0.0882542 0.267593 0.179937 -0.0820774 0.0512254 -0.037061 0.994618
1305031127.187500 -0.0881575 0.266421 0.180051 -0.080142 0.0481006 -0.037732 0.994907
1305031127.221831 -0.0886903 0.265581 0.180729 -0.0790904 0.0464073 -0.0379457 0.995063
1305031127.259761 -0.0886406 0.262023 0.181984 -0.0781725 0.0459534 -0.0389892 0.995117
1305031127.287038 -0.0887828 0.259782 0.182731 -0.0759367 0.0457972 -0.0404338 0.995239
1305031127.320468 -0.08878 0.257358 0.184229 -0.0758821 0.0450329 -0.0413449 0.995241
1305031127.353407 -0.0900066 0.251612 0.186554 -0.0760977 0.0438089 -0.0421123 0.995247
1305031127.383713 -0.0908516 0.249405 0.187658 -0.0734453 0.0427793 -0.0423461 0.995481
1305031127.419650 -0.0914308 0.247905 0.189321 -0.072841 0.0417775 -0.0429359 0.995543
1305031127.454246 -0.0924695 0.243951 0.191447 -0.0731693 0.0407443 -0.0435271 0.995536
1305031127.487200 -0.09254 0.242941 0.192521 -0.0711154 0.0394288 -0.0446634 0.995687
1305031127.521900 -0.0929052 0.242224 0.194179 -0.0716451 0.0384038 -0.0457655 0.995639
1305031127.553725 -0.0934453 0.238057 0.196331 -0.0729832 0.0374352 -0.0461425 0.995562
1305031127.586632 -0.0940643 0.236877 0.197308 -0.0714548 0.0370351 -0.0462561 0.995682
1305031127.620657 -0.0939525 0.236997 0.198213 -0.071177 0.0363213 -0.0466697 0.995709
1305031127.654656 -0.093942 0.234349 0.199627 -0.0727966 0.0359856 -0.0458513 0.995642
1305031127.687110 -0.0934883 0.2316 0.20059 -0.0723438 0.0352599 -0.0452348 0.995729
1305031127.723210 -0.093825 0.232734 0.200627 -0.0709115 0.034572 -0.0452544 0.995856
1305031127.754694 -0.0942194 0.231677 0.20126 -0.0721495 0.0342259 -0.0450613 0.995787
1305031127.787641 -0.0946175 0.228539 0.201896 -0.0725501 0.034073 -0.0451368 0.99576
1305031127.820128 -0.0951171 0.228397 0.201497 -0.0709493 0.0338302 -0.0461678 0.995836
1305031127.855132 -0.0956652 0.228046 0.20168 -0.0710258 0.0338388 -0.0471508 0.995785
1305031127.887122 -0.0965978 0.226858 0.202144 -0.0714335 0.0338769 -0.0477105 0.995728
1305031127.922560 -0.097587 0.226576 0.202566 -0.0711875 0.03342 -0.0481356 0.99574
1305031127.955088 -0.097555 0.227507 0.203062 -0.0713615 0.0324529 -0.0483071 0.995751
1305031127.987093 -0.0978319 0.227308 0.20441 -0.0729012 0.0318987 -0.0481015 0.995668
1305031128.021776 -0.097813 0.227196 0.206016 -0.0740219 0.0317488 -0.0482726 0.995582
1305031128.055718 -0.0973384 0.22591 0.20816 -0.0763269 0.0326319 -0.0471186 0.995434
1305031128.087206 -0.0965085 0.222116 0.210244 -0.0778687 0.03291 -0.0462961 0.995344
1305031128.124746 -0.0958962 0.220686 0.211518 -0.0774329 0.032425 -0.0458488 0.995415
1305031128.157782 -0.0952935 0.219782 0.212758 -0.077982 0.0321629 -0.0441523 0.995457
1305031128.187221 -0.0953765 0.216336 0.214285 -0.0787702 0.032212 -0.0427342 0.995455
1305031128.225442 -0.0959346 0.215566 0.214783 -0.0769061 0.0325145 -0.0420727 0.995619
1305031128.256007 -0.0962261 0.21612 0.215099 -0.0765245 0.0322645 -0.0413185 0.995689
1305031128.291275 -0.0961343 0.213826 0.215822 -0.0776856 0.0318634 -0.041264 0.995614
1305031128.324170 -0.0963207 0.213623 0.215821 -0.076446 0.0317841 -0.0418204 0.995689
1305031128.355206 -0.0969779 0.213821 0.215814 -0.0762228 0.0320096 -0.0426253 0.995665
1305031128.391397 -0.0977458 0.212391 0.216126 -0.0770905 0.031945 -0.0440014 0.99554
1305031128.423609 -0.0983259 0.21137 0.216105 -0.0769288 0.0319526 -0.0455986 0.995481
1305031128.455499 -0.0992604 0.211078 0.215978 -0.076555 0.0323728 -0.0467176 0.995444
1305031128.489523 -0.0994201 0.210119 0.215973 -0.0770507 0.0321878 -0.0480047 0.995351
1305031128.523604 -0.0994799 0.208734 0.216055 -0.0772723 0.0322524 -0.0489961 0.995283
1305031128.555639 -0.0999304 0.208688 0.215842 -0.0770283 0.0328647 -0.0492007 0.995272
1305031128.591460 -0.100239 0.206588 0.215898 -0.0774266 0.0335321 -0.0497414 0.995192
1305031128.623368 -0.100382 0.205373 0.215585 -0.0765858 0.033543 -0.0497118 0.995258
1305031128.655554 -0.100861 0.205113 0.215428 -0.075944 0.0326397 -0.0491599 0.995364
1305031128.690449 -0.100982 0.20405 0.215123 -0.0761922 0.0310712 -0.0496046 0.995374
1305031128.722976 -0.101236 0.203888 0.214606 -0.0752129 0.0308008 -0.0504354 0.995415
1305031128.754646 -0.101872 0.204099 0.214328 -0.0741457 0.0317158 -0.0516634 0.995403
