1305031790.640468 0 0 0 0 0 0 1
1305031790.672866 0 0 0 0 0 0 1
1305031790.709421 0 0 0 0 0 0 1
1305031790.739530 0.0043076 0.00647872 0.00121638 -0.00993517 1.21095e-05 0.00321065 0.999945
1305031790.773548 0.0043076 0.00647872 0.00121638 -0.00993517 1.21095e-05 0.00321065 0.999945
1305031790.809521 0.0043076 0.00647872 0.00121638 -0.00993517 1.21095e-05 0.00321065 0.999945
1305031790.839363 0.0043076 0.00647872 0.00121638 -0.00993517 1.21095e-05 0.00321065 0.999945
1305031790.871606 0.0043076 0.00647872 0.00121638 -0.00993517 1.21095e-05 0.00321065 0.999945
1305031790.909436 0.0043076 0.00647872 0.00121638 -0.00993517 1.21095e-05 0.00321065 0.999945
1305031790.941495 0.0043076 0.00647872 0.00121638 -0.00993517 1.21095e-05 0.00321065 0.999945
1305031790.973696 0.0043076 0.00647872 0.00121638 -0.00993517 1.21095e-05 0.00321065 0.999945
1305031791.009486 0.0043076 0.00647872 0.00121638 -0.00993517 1.21095e-05 0.00321065 0.999945
1305031791.041197 0.0043076 0.00647872 0.00121638 -0.00993517 1.21095e-05 0.00321065 0.999945
1305031791.073525 0.0043076 0.00647872 0.00121638 -0.00993517 1.21095e-05 0.00321065 0.999945
1305031791.109452 0.0043076 0.00647872 0.00121638 -0.00993517 1.21095e-05 0.00321065 0.999945
1305031791.141330 0.0043076 0.00647872 0.00121638 -0.00993517 1.21095e-05 0.00321065 0.999945
1305031791.173227 0.0043076 0.00647872 0.00121638 -0.00993517 1.21095e-05 0.00321065 0.999945
1305031791.209506 0.00574464 -0.00524007 -0.00825738 0.0137968 0.0189833 0.00626472 0.999705
1305031791.241091 0.00326607 -0.0137028 -0.0211734 0.0467263 0.0385207 0.00819256 0.998131
1305031791.273558 0.0029664 -0.00896189 -0.032846 0.0773996 0.056525 0.012975 0.995312
1305031791.309764 0.000660872 -0.0183282 -0.0446378 0.102305 0.0756738 0.0186293 0.991696
1305031791.341415 -0.0043851 -0.0248934 -0.0555597 0.135097 0.0957584 0.0254503 0.985866
1305031791.373525 -0.0101514 -0.0187647 -0.0640992 0.163024 0.113186 0.0326546 0.979564
1305031791.409609 -0.017203 -0.0224758 -0.0737869 0.187523 0.128729 0.0433015 0.972825
1305031791.441538 -0.0232965 -0.0361632 -0.0856684 0.214481 0.138545 0.0539024 0.965349
1305031791.473230 -0.0281546 -0.0459591 -0.0970196 0.235838 0.147285 0.0635475 0.958462
1305031791.509595 -0.0344451 -0.060177 -0.10914 0.253011 0.153928 0.0696854 0.952594
1305031791.541450 -0.0426748 -0.07012 -0.117784 0.273438 0.159238 0.0730175 0.945803
1305031791.574034 -0.0492911 -0.0743871 -0.12489 0.291802 0.164649 0.0770409 0.939046
1305031791.609401 -0.0545771 -0.0908123 -0.138416 0.303431 0.170708 0.0785678 0.934139
1305031791.641229 -0.0624713 -0.0957327 -0.147816 0.32028 0.176946 0.076684 0.927486
1305031791.677621 -0.0686442 -0.101077 -0.158014 0.340233 0.182266 0.0743645 0.919506
1305031791.709275 -0.0719178 -0.109153 -0.172493 0.359693 0.188621 0.07454 0.910762
1305031791.741364 -0.0719178 -0.109153 -0.172493 0.359693 0.188621 0.07454 0.910762
1305031791.776668 -0.0806498 -0.114213 -0.18496 0.377855 0.197747 0.074954 0.90139
1305031791.808429 -0.0806498 -0.114213 -0.18496 0.377855 0.197747 0.074954 0.90139
1305031791.840375 -0.0806498 -0.114213 -0.18496 0.377855 0.197747 0.074954 0.90139
1305031791.876494 -0.0806498 -0.114213 -0.18496 0.377855 0.197747 0.074954 0.90139
1305031791.908433 -0.0806498 -0.114213 -0.18496 0.377855 0.197747 0.074954 0.90139
1305031791.944357 -0.0806498 -0.114213 -0.18496 0.377855 0.197747 0.074954 0.90139
1305031791.977200 -0.0806498 -0.114213 -0.18496 0.377855 0.197747 0.074954 0.90139
1305031792.005506 -0.0806498 -0.114213 -0.18496 0.377855 0.197747 0.074954 0.90139
1305031792.041730 -0.0806498 -0.114213 -0.18496 0.377855 0.197747 0.074954 0.90139
1305031792.076713 -0.0806498 -0.114213 -0.18496 0.377855 0.197747 0.074954 0.90139
1305031792.109497 -0.0806498 -0.114213 -0.18496 0.377855 0.197747 0.074954 0.90139
1305031792.141484 -0.0806498 -0.114213 -0.18496 0.377855 0.197747 0.074954 0.90139
1305031792.177376 -0.0806498 -0.114213 -0.18496 0.377855 0.197747 0.074954 0.90139
1305031792.209274 -0.0806498 -0.114213 -0.18496 0.377855 0.197747 0.074954 0.90139
1305031792.241751 -0.0806498 -0.114213 -0.18496 0.377855 0.197747 0.074954 0.90139
1305031792.277507 -0.0806498 -0.114213 -0.18496 0.377855 0.197747 0.074954 0.90139
1305031792.309357 -0.0806498 -0.114213 -0.18496 0.377855 0.197747 0.074954 0.90139
1305031792.341029 -0.0806498 -0.114213 -0.18496 0.377855 0.197747 0.074954 0.90139
1305031792.377088 -0.0806498 -0.114213 -0.18496 0.377855 0.197747 0.074954 0.90139
1305031792.409323 -0.0806498 -0.114213 -0.18496 0.377855 0.197747 0.074954 0.90139
1305031792.441590 -0.0806498 -0.114213 -0.18496 0.377855 0.197747 0.074954 0.90139
1305031792.477100 -0.0806498 -0.114213 -0.18496 0.377855 0.197747 0.074954 0.90139
1305031792.509589 -0.0806498 -0.114213 -0.18496 0.377855 0.197747 0.074954 0.90139
1305031792.541061 -0.0806498 -0.114213 -0.18496 0.377855 0.197747 0.074954 0.90139
1305031792.577055 -0.0806498 -0.114213 -0.18496 0.377855 0.197747 0.074954 0.90139
1305031792.609388 -0.0806498 -0.114213 -0.18496 0.377855 0.197747 0.074954 0.90139
1305031792.641219 -0.0752061 -0.108651 -0.181194 0.360137 0.2004 0.0763514 0.907916
1305031792.677662 -0.0695374 -0.0977484 -0.168946 0.345121 0.203023 0.0801583 0.912824
1305031792.709219 -0.0602931 -0.0968658 -0.173484 0.326758 0.204353 0.0849188 0.918835
1305031792.741510 -0.0489403 -0.082602 -0.165456 0.310717 0.203772 0.0892292 0.924105
1305031792.777507 -0.0489403 -0.082602 -0.165456 0.310717 0.203772 0.0892292 0.924105
1305031792.809440 -0.0437818 -0.0791066 -0.159882 0.293152 0.204348 0.0936981 0.92926
1305031792.845359 -0.0437818 -0.0791066 -0.159882 0.293152 0.204348 0.0936981 0.92926
1305031792.877574 -0.0437818 -0.0791066 -0.159882 0.293152 0.204348 0.0936981 0.92926
1305031792.909293 -0.0437818 -0.0791066 -0.159882 0.293152 0.204348 0.0936981 0.92926
1305031792.945340 -0.0344196 -0.069781 -0.153517 0.279019 0.20288 0.102042 0.933046
1305031792.977564 -0.0244317 -0.0589852 -0.14684 0.265017 0.198977 0.113034 0.936695
1305031793.009530 -0.0180602 -0.051467 -0.14028 0.248867 0.196101 0.122816 0.940492
1305031793.045243 -0.0180602 -0.051467 -0.14028 0.248867 0.196101 0.122816 0.940492
1305031793.077518 -0.0180602 -0.051467 -0.14028 0.248867 0.196101 0.122816 0.940492
1305031793.109651 -0.0180602 -0.051467 -0.14028 0.248867 0.196101 0.122816 0.940492
1305031793.145401 -0.0125186 -0.0440336 -0.136657 0.238753 0.200968 0.131236 0.940949
1305031793.177537 -0.00949557 -0.0370729 -0.133483 0.22955 0.206624 0.137304 0.941149
1305031793.209609 -0.00648007 -0.0277187 -0.127961 0.220713 0.213063 0.142311 0.941083
1305031793.245617 -0.00132957 -0.0170053 -0.123735 0.211133 0.219382 0.147289 0.941063
1305031793.277180 0.00235086 -0.00515479 -0.117627 0.202175 0.225744 0.152182 0.940747
1305031793.309399 0.00944042 0.00625439 -0.113029 0.192963 0.230791 0.157068 0.940654
1305031793.345594 0.00944042 0.00625439 -0.113029 0.192963 0.230791 0.157068 0.940654
1305031793.377232 0.00916358 0.0165657 -0.105125 0.184288 0.235416 0.164815 0.939922
1305031793.405708 0.00916358 0.0165657 -0.105125 0.184288 0.235416 0.164815 0.939922
1305031793.442259 0.00916358 0.0165657 -0.105125 0.184288 0.235416 0.164815 0.939922
1305031793.474150 0.00916358 0.0165657 -0.105125 0.184288 0.235416 0.164815 0.939922
1305031793.507244 0.00916358 0.0165657 -0.105125 0.184288 0.235416 0.164815 0.939922
1305031793.545400 0.00916358 0.0165657 -0.105125 0.184288 0.235416 0.164815 0.939922
1305031793.577186 0.00916358 0.0165657 -0.105125 0.184288 0.235416 0.164815 0.939922
1305031793.609703 0.00916358 0.0165657 -0.105125 0.184288 0.235416 0.164815 0.939922
1305031793.645429 0.00916358 0.0165657 -0.105125 0.184288 0.235416 0.164815 0.939922
1305031793.677435 0.00916358 0.0165657 -0.105125 0.184288 0.235416 0.164815 0.939922
1305031793.709532 0.00916358 0.0165657 -0.105125 0.184288 0.235416 0.164815 0.939922
1305031793.745574 0.00916358 0.0165657 -0.105125 0.184288 0.235416 0.164815 0.939922
1305031793.777364 0.00916358 0.0165657 -0.105125 0.184288 0.235416 0.164815 0.939922
1305031793.809469 0.00916358 0.0165657 -0.105125 0.184288 0.235416 0.164815 0.939922
1305031793.844756 0.00916358 0.0165657 -0.105125 0.184288 0.235416 0.164815 0.939922
1305031793.876455 0.00916358 0.0165657 -0.105125 0.184288 0.235416 0.164815 0.939922
1305031793.908753 0.00916358 0.0165657 -0.105125 0.184288 0.235416 0.164815 0.939922
1305031793.946431 0.00916358 0.0165657 -0.105125 0.184288 0.235416 0.164815 0.939922
1305031793.976745 0.00916358 0.0165657 -0.105125 0.184288 0.235416 0.164815 0.939922
1305031794.009162 0.00916358 0.0165657 -0.105125 0.184288 0.235416 0.164815 0.939922
1305031794.044747 0.00916358 0.0165657 -0.105125 0.184288 0.235416 0.164815 0.939922
1305031794.076455 0.00916358 0.0165657 -0.105125 0.184288 0.235416 0.164815 0.939922
1305031794.112475 0.00916358 0.0165657 -0.105125 0.184288 0.235416 0.164815 0.939922
1305031794.145599 0.00916358 0.0165657 -0.105125 0.184288 0.235416 0.164815 0.939922
1305031794.177734 0.00916358 0.0165657 -0.105125 0.184288 0.235416 0.164815 0.939922
1305031794.213866 0.00916358 0.0165657 -0.105125 0.184288 0.235416 0.164815 0.939922
1305031794.245539 0.00916358 0.0165657 -0.105125 0.184288 0.235416 0.164815 0.939922
1305031794.277346 0.00916358 0.0165657 -0.105125 0.184288 0.235416 0.164815 0.939922
1305031794.313708 0.00916358 0.0165657 -0.105125 0.184288 0.235416 0.164815 0.939922
1305031794.345350 0.00916358 0.0165657 -0.105125 0.184288 0.235416 0.164815 0.939922
1305031794.377641 0.00916358 0.0165657 -0.105125 0.184288 0.235416 0.164815 0.939922
1305031794.414154 0.00916358 0.0165657 -0.105125 0.184288 0.235416 0.164815 0.939922
1305031794.445415 0.00916358 0.0165657 -0.105125 0.184288 0.235416 0.164815 0.939922
1305031794.477731 0.00931711 0.0130292 -0.119352 0.195473 0.237053 0.160517 0.937993
1305031794.513643 0.00931711 0.0130292 -0.119352 0.195473 0.237053 0.160517 0.937993
1305031794.545650 0.00649694 0.0143503 -0.13061 0.210014 0.238486 0.159791 0.934604
1305031794.577340 -0.000452459 0.00975989 -0.141542 0.22218 0.243756 0.157559 0.930803
1305031794.613627 0.00180136 0.00287659 -0.157177 0.235607 0.24914 0.156139 0.926304
1305031794.645569 0.0016244 0.000200951 -0.170185 0.251456 0.257877 0.154972 0.91992
1305031794.677507 0.00327683 -0.00131737 -0.183497 0.267539 0.269353 0.15233 0.912506
1305031794.713599 0.00455361 0.0022695 -0.193615 0.284713 0.282169 0.148859 0.903969
1305031794.745368 0.00807761 -0.00499639 -0.214665 0.299144 0.295924 0.147546 0.895082
1305031794.776816 0.00637639 -0.0101674 -0.235934 0.317977 0.314001 0.147213 0.882396
1305031794.813463 0.00251831 -0.014494 -0.254955 0.337586 0.333263 0.145249 0.868259
1305031794.846026 -0.00101513 -0.0108807 -0.269337 0.358148 0.351814 0.139949 0.853447
1305031794.873764 -0.00419712 -0.012045 -0.286707 0.376714 0.368817 0.13565 0.838844
1305031794.910108 -0.00999486 -0.0151307 -0.305559 0.39583 0.384073 0.130934 0.82381
1305031794.945596 -0.0164408 -0.0179752 -0.32077 0.413738 0.397154 0.125963 0.809459
1305031794.977250 -0.020003 -0.0160966 -0.33771 0.428941 0.407878 0.121223 0.796838
1305031795.013538 -0.0287616 -0.012873 -0.342452 0.443154 0.418504 0.117942 0.783938
1305031795.045683 -0.0348814 -0.0144105 -0.355523 0.452945 0.425073 0.117622 0.774803
1305031795.077205 -0.0401704 -0.0147971 -0.368727 0.459784 0.429952 0.119269 0.767799
1305031795.113230 -0.0476043 -0.0189877 -0.372763 0.468373 0.437126 0.120871 0.758247
1305031795.145139 -0.0592299 -0.025885 -0.383393 0.483916 0.444539 0.120681 0.744074
1305031795.177574 -0.0684789 -0.0301321 -0.392824 0.497899 0.452871 0.118606 0.730026
1305031795.213517 -0.0781754 -0.0347043 -0.39986 0.509638 0.459357 0.120356 0.717478
1305031795.245440 -0.0859739 -0.0384707 -0.412962 0.5213 0.462998 0.12173 0.706443
1305031795.277594 -0.0962903 -0.0453642 -0.424077 0.531681 0.467237 0.12151 0.695874
1305031795.312820 -0.103652 -0.0477561 -0.44088 0.539828 0.471828 0.12026 0.68666
1305031795.345404 -0.110974 -0.0522939 -0.45261 0.547188 0.478781 0.11841 0.676264
1305031795.381033 -0.110974 -0.0522939 -0.45261 0.547188 0.478781 0.11841 0.676264
1305031795.413248 -0.110974 -0.0522939 -0.45261 0.547188 0.478781 0.11841 0.676264
1305031795.444944 -0.110974 -0.0522939 -0.45261 0.547188 0.478781 0.11841 0.676264
1305031795.480855 -0.110974 -0.0522939 -0.45261 0.547188 0.478781 0.11841 0.676264
1305031795.509058 -0.110974 -0.0522939 -0.45261 0.547188 0.478781 0.11841 0.676264
1305031795.543822 -0.110974 -0.0522939 -0.45261 0.547188 0.478781 0.11841 0.676264
1305031795.580571 -0.110974 -0.0522939 -0.45261 0.547188 0.478781 0.11841 0.676264
1305031795.612694 -0.110974 -0.0522939 -0.45261 0.547188 0.478781 0.11841 0.676264
1305031795.644499 -0.110974 -0.0522939 -0.45261 0.547188 0.478781 0.11841 0.676264
1305031795.680455 -0.110974 -0.0522939 -0.45261 0.547188 0.478781 0.11841 0.676264
1305031795.713145 -0.110974 -0.0522939 -0.45261 0.547188 0.478781 0.11841 0.676264
1305031795.745356 -0.110974 -0.0522939 -0.45261 0.547188 0.478781 0.11841 0.676264
1305031795.781187 -0.110974 -0.0522939 -0.45261 0.547188 0.478781 0.11841 0.676264
1305031795.812774 -0.110974 -0.0522939 -0.45261 0.547188 0.478781 0.11841 0.676264
1305031795.844570 -0.110974 -0.0522939 -0.45261 0.547188 0.478781 0.11841 0.676264
1305031795.880527 -0.110974 -0.0522939 -0.45261 0.547188 0.478781 0.11841 0.676264
1305031795.909127 -0.112393 -0.0569102 -0.438054 0.537415 0.480663 0.130357 0.680555
1305031795.944316 -0.112098 -0.0610072 -0.42794 0.527307 0.483007 0.14127 0.684612
1305031795.980897 -0.112098 -0.0610072 -0.42794 0.527307 0.483007 0.14127 0.684612
1305031796.012654 -0.100297 -0.050196 -0.422732 0.513731 0.487868 0.151064 0.68938
1305031796.045068 -0.0912781 -0.0446473 -0.418278 0.501513 0.490967 0.164289 0.693141
1305031796.081241 -0.0912781 -0.0446473 -0.418278 0.501513 0.490967 0.164289 0.693141
1305031796.113736 -0.0912781 -0.0446473 -0.418278 0.501513 0.490967 0.164289 0.693141
1305031796.145545 -0.0912781 -0.0446473 -0.418278 0.501513 0.490967 0.164289 0.693141
1305031796.179196 -0.0912781 -0.0446473 -0.418278 0.501513 0.490967 0.164289 0.693141
1305031796.212249 -0.0700555 -0.00877676 -0.421322 0.490818 0.492691 0.178324 0.696099
1305031796.244465 -0.0597394 0.0125098 -0.422667 0.47937 0.495887 0.191559 0.698288
1305031796.280467 -0.053948 0.0295328 -0.417945 0.470945 0.499779 0.20539 0.697314
1305031796.312376 -0.0504978 0.0444972 -0.406982 0.462729 0.502476 0.218759 0.69681
1305031796.342290 -0.0483183 0.057982 -0.397053 0.452957 0.503503 0.232254 0.698121
1305031796.380122 -0.0484061 0.0666456 -0.390652 0.443526 0.503851 0.245033 0.699556
1305031796.411800 -0.0479526 0.0745494 -0.380404 0.43423 0.504709 0.257672 0.700227
1305031796.444268 -0.0475047 0.0817074 -0.373136 0.422562 0.503926 0.272158 0.702445
1305031796.481198 -0.0480679 0.0874067 -0.364832 0.412968 0.503676 0.283506 0.703841
1305031796.512896 -0.0474272 0.0950602 -0.352429 0.404414 0.505151 0.291614 0.704438
1305031796.544633 -0.0469093 0.102463 -0.337778 0.393793 0.506668 0.302124 0.704937
1305031796.581150 -0.0468891 0.109845 -0.328372 0.383741 0.506251 0.313041 0.706016
1305031796.613198 -0.0468164 0.11688 -0.316462 0.374959 0.504519 0.324119 0.706975
1305031796.649045 -0.0469145 0.124187 -0.306585 0.364205 0.499671 0.335116 0.710901
1305031796.679446 -0.0477682 0.129827 -0.2983 0.352655 0.494025 0.345948 0.715467
1305031796.712815 -0.0488498 0.134965 -0.289458 0.34246 0.489456 0.356371 0.718438
1305031796.749489 -0.049986 0.14186 -0.280496 0.334122 0.485205 0.366969 0.719911
1305031796.781421 -0.0510875 0.149978 -0.271051 0.325061 0.480842 0.375951 0.722348
1305031796.813561 -0.0530395 0.157241 -0.261412 0.316052 0.475483 0.386626 0.724256
1305031796.849638 -0.0547285 0.163854 -0.255488 0.308614 0.469094 0.397119 0.725951
1305031796.877643 -0.0589387 0.172043 -0.243973 0.302255 0.463662 0.405014 0.727752
1305031796.913380 -0.062308 0.180823 -0.233808 0.293261 0.456789 0.413472 0.731015
1305031796.949604 -0.0649347 0.185344 -0.227844 0.28436 0.449197 0.423811 0.733311
1305031796.980992 -0.0698061 0.192686 -0.217367 0.277636 0.443643 0.430491 0.735375
1305031797.013555 -0.0746361 0.198176 -0.208441 0.268951 0.438497 0.437976 0.737267
1305031797.049352 -0.0799405 0.203091 -0.199308 0.261147 0.435524 0.444676 0.737824
1305031797.081428 -0.0799405 0.203091 -0.199308 0.261147 0.435524 0.444676 0.737824
1305031797.112264 -0.0871761 0.206856 -0.190083 0.253541 0.433652 0.451035 0.73772
1305031797.149559 -0.0871761 0.206856 -0.190083 0.253541 0.433652 0.451035 0.73772
1305031797.181442 -0.0956264 0.213382 -0.183625 0.248024 0.428719 0.460115 0.736871
1305031797.213717 -0.103085 0.21895 -0.177417 0.24374 0.422965 0.469474 0.735721
1305031797.249736 -0.103085 0.21895 -0.177417 0.24374 0.422965 0.469474 0.735721
1305031797.281280 -0.113429 0.225372 -0.172836 0.238218 0.414462 0.477477 0.737217
1305031797.313591 -0.12361 0.23027 -0.167598 0.23441 0.407496 0.48326 0.738552
1305031797.349653 -0.131754 0.235148 -0.162564 0.230234 0.403432 0.487532 0.739289
1305031797.381725 -0.131754 0.235148 -0.162564 0.230234 0.403432 0.487532 0.739289
1305031797.413444 -0.131754 0.235148 -0.162564 0.230234 0.403432 0.487532 0.739289
1305031797.449459 -0.131754 0.235148 -0.162564 0.230234 0.403432 0.487532 0.739289
1305031797.481250 -0.131754 0.235148 -0.162564 0.230234 0.403432 0.487532 0.739289
1305031797.511821 -0.149007 0.237959 -0.160399 0.230844 0.401752 0.492345 0.736819
1305031797.549595 -0.161468 0.240722 -0.162197 0.232183 0.400651 0.495732 0.734724
1305031797.577492 -0.170145 0.239274 -0.166569 0.237415 0.402627 0.497013 0.731097
1305031797.613482 -0.170145 0.239274 -0.166569 0.237415 0.402627 0.497013 0.731097
1305031797.649463 -0.1767 0.237311 -0.173097 0.247723 0.41054 0.496967 0.723266
1305031797.681494 -0.1767 0.237311 -0.173097 0.247723 0.41054 0.496967 0.723266
1305031797.711478 -0.1767 0.237311 -0.173097 0.247723 0.41054 0.496967 0.723266
1305031797.749330 -0.1767 0.237311 -0.173097 0.247723 0.41054 0.496967 0.723266
1305031797.781348 -0.187628 0.237527 -0.180882 0.256443 0.42803 0.487219 0.71669
1305031797.815855 -0.187628 0.237527 -0.180882 0.256443 0.42803 0.487219 0.71669
1305031797.849306 -0.194721 0.231843 -0.193186 0.263308 0.441749 0.482924 0.708739
1305031797.877576 -0.194721 0.231843 -0.193186 0.263308 0.441749 0.482924 0.708739
1305031797.917116 -0.194721 0.231843 -0.193186 0.263308 0.441749 0.482924 0.708739
1305031797.949871 -0.194721 0.231843 -0.193186 0.263308 0.441749 0.482924 0.708739
1305031797.981971 -0.201624 0.22182 -0.20311 0.275501 0.461286 0.478436 0.69456
1305031798.015269 -0.206289 0.215485 -0.213587 0.288196 0.480962 0.474287 0.678727
1305031798.049495 -0.210789 0.211765 -0.224503 0.300653 0.498056 0.47056 0.663416
1305031798.081417 -0.214619 0.204799 -0.235372 0.311756 0.51359 0.46757 0.648392
1305031798.114860 -0.218098 0.197966 -0.247711 0.322224 0.530212 0.462527 0.633337
1305031798.149092 -0.221756 0.191875 -0.257906 0.332199 0.544978 0.459325 0.617789
1305031798.180856 -0.224274 0.185244 -0.266159 0.34142 0.557462 0.457152 0.603059
1305031798.216938 -0.226001 0.179303 -0.275585 0.347607 0.568319 0.454316 0.591421
1305031798.249843 -0.228476 0.173487 -0.28862 0.352728 0.58025 0.451061 0.579169
1305031798.277285 -0.231119 0.165152 -0.296186 0.358215 0.594898 0.447697 0.563335
1305031798.317008 -0.231997 0.155612 -0.303847 0.362609 0.608277 0.444875 0.54827
1305031798.349326 -0.231693 0.146563 -0.314036 0.367349 0.620429 0.440853 0.534576
1305031798.381412 -0.230823 0.137896 -0.319814 0.372111 0.632571 0.435716 0.521094
1305031798.417238 -0.22862 0.129618 -0.326113 0.374903 0.645127 0.430856 0.507565
1305031798.449066 -0.225819 0.122847 -0.33436 0.378628 0.656552 0.426991 0.493213
1305031798.481517 -0.224118 0.116943 -0.337199 0.385349 0.667638 0.422641 0.476593
1305031798.517491 -0.221984 0.110287 -0.343268 0.390469 0.679128 0.416064 0.461746
1305031798.548782 -0.219706 0.10333 -0.349777 0.392921 0.690318 0.411058 0.447331
1305031798.581190 -0.219747 0.0971092 -0.357266 0.397382 0.700331 0.406978 0.431269
1305031798.616969 -0.218728 0.0855551 -0.366911 0.402334 0.709252 0.403259 0.415297
1305031798.649387 -0.218881 0.0792398 -0.373865 0.406567 0.717208 0.400255 0.40014
1305031798.681173 -0.214802 0.0684806 -0.37682 0.411549 0.724391 0.399174 0.382812
1305031798.717545 -0.210887 0.0626286 -0.378113 0.419085 0.730928 0.397067 0.363938
1305031798.749417 -0.211013 0.0538208 -0.388137 0.425503 0.737412 0.39412 0.346179
1305031798.780379 -0.209505 0.0449627 -0.394206 0.429154 0.745031 0.388387 0.331529
1305031798.816718 -0.211 0.0345225 -0.406113 0.430351 0.753214 0.381458 0.319307
1305031798.848499 -0.210148 0.0231186 -0.410992 0.4316 0.762639 0.372516 0.305508
1305031798.880461 -0.212644 0.014294 -0.416487 0.432357 0.770111 0.365258 0.294251
1305031798.916769 -0.213515 0.00213621 -0.42301 0.434913 0.776054 0.35772 0.283949
1305031798.948386 -0.212725 -0.0056488 -0.424205 0.433843 0.782616 0.349413 0.277855
1305031798.977548 -0.214965 -0.0166302 -0.431347 0.433481 0.787678 0.343874 0.27094
1305031799.016423 -0.218176 -0.0315447 -0.440457 0.433427 0.792775 0.338016 0.263428
1305031799.048165 -0.219096 -0.0401536 -0.44053 0.430882 0.799452 0.330562 0.256799
1305031799.084229 -0.22211 -0.0478189 -0.443047 0.426267 0.805948 0.325466 0.250631
1305031799.116275 -0.224218 -0.0581287 -0.443595 0.42159 0.811545 0.322881 0.243729
1305031799.148353 -0.219911 -0.0649565 -0.4401 0.417625 0.816976 0.319868 0.236273
1305031799.184133 -0.224035 -0.0664005 -0.43749 0.415616 0.820284 0.318015 0.23079
1305031799.216330 -0.228978 -0.0699945 -0.43562 0.416568 0.820936 0.318733 0.225709
1305031799.248919 -0.231914 -0.072177 -0.429796 0.415084 0.821887 0.320187 0.222906
1305031799.282109 -0.230446 -0.0723764 -0.420646 0.411998 0.823894 0.32168 0.219039
1305031799.317052 -0.237004 -0.0730624 -0.417092 0.408691 0.825123 0.325181 0.21541
1305031799.345225 -0.236853 -0.0743443 -0.41012 0.403968 0.827055 0.32889 0.211238
1305031799.385836 -0.244705 -0.0698739 -0.40288 0.399873 0.828779 0.331493 0.208179
1305031799.417030 -0.251282 -0.0731755 -0.399324 0.397144 0.828507 0.337343 0.205066
1305031799.449416 -0.255559 -0.0661906 -0.388619 0.395987 0.826659 0.343431 0.204656
1305031799.485270 -0.261882 -0.0601851 -0.376383 0.392513 0.824225 0.351917 0.206739
1305031799.517032 -0.267073 -0.0554009 -0.365317 0.387118 0.821666 0.361846 0.209933
1305031799.548193 -0.268927 -0.0488038 -0.349912 0.38192 0.819193 0.371314 0.21257
1305031799.581386 -0.269719 -0.0485779 -0.339506 0.376528 0.815525 0.383485 0.214673
1305031799.617188 -0.272065 -0.0418154 -0.327767 0.37236 0.810783 0.395733 0.217656
1305031799.649673 -0.277186 -0.0340609 -0.316118 0.368909 0.8059 0.40702 0.220829
1305031799.685493 -0.279772 -0.0281579 -0.304116 0.366129 0.800342 0.418803 0.223621
1305031799.717286 -0.282686 -0.0171749 -0.288314 0.36264 0.794409 0.430395 0.228398
1305031799.749321 -0.283834 -0.00949726 -0.275123 0.359938 0.788156 0.442088 0.231976
1305031799.785018 -0.283834 -0.00949726 -0.275123 0.359938 0.788156 0.442088 0.231976
1305031799.814639 -0.28672 0.000557476 -0.256708 0.357201 0.781652 0.453291 0.236548
1305031799.849553 -0.287806 0.00595329 -0.247121 0.35498 0.77372 0.466408 0.240438
1305031799.885163 -0.286192 0.0168202 -0.227975 0.353648 0.766671 0.477507 0.243177
1305031799.916952 -0.28338 0.0268151 -0.212662 0.350022 0.759877 0.488784 0.24731
1305031799.949350 -0.283304 0.0323915 -0.206964 0.344203 0.752197 0.502739 0.250954
1305031799.985260 -0.281564 0.038895 -0.197452 0.341386 0.743961 0.516187 0.252048
1305031800.017573 -0.278943 0.0480088 -0.188371 0.33852 0.735228 0.528985 0.254989
1305031800.049428 -0.277814 0.056111 -0.180625 0.33452 0.726429 0.541682 0.258802
1305031800.085033 -0.277397 0.0654411 -0.169874 0.331172 0.718475 0.552795 0.261793
1305031800.117205 -0.275102 0.0751837 -0.157723 0.327604 0.710931 0.56368 0.263662
1305031800.149430 -0.275354 0.0838354 -0.149126 0.32074 0.703756 0.575276 0.26629
1305031800.185401 -0.275155 0.0926995 -0.143444 0.314352 0.697034 0.587068 0.265852
1305031800.217472 -0.273111 0.100876 -0.130667 0.309731 0.68992 0.598662 0.263971
1305031800.249376 -0.271665 0.111833 -0.117248 0.307307 0.679682 0.611727 0.263409
1305031800.285574 -0.269546 0.119183 -0.109734 0.302606 0.668714 0.625164 0.26537
1305031800.317706 -0.268815 0.129142 -0.0986649 0.298388 0.658957 0.636826 0.266819
1305031800.353570 -0.266429 0.13733 -0.0916221 0.292311 0.649434 0.649193 0.267092
1305031800.386128 -0.263486 0.144289 -0.0830378 0.286149 0.639927 0.661739 0.265922
1305031800.417282 -0.260949 0.150795 -0.0765589 0.280546 0.630212 0.67417 0.26386
1305031800.453754 -0.259059 0.159679 -0.0710703 0.275937 0.619615 0.686645 0.261639
1305031800.485575 -0.257649 0.165719 -0.0664102 0.271648 0.609504 0.698298 0.259023
1305031800.517739 -0.256981 0.17347 -0.0625215 0.269188 0.599131 0.709177 0.256221
1305031800.553340 -0.256514 0.180232 -0.0599812 0.266691 0.588502 0.720148 0.252839
1305031800.585490 -0.256154 0.185955 -0.057006 0.263442 0.579054 0.729803 0.250363
1305031800.617831 -0.255969 0.190636 -0.0531663 0.25911 0.5714 0.738228 0.247757
1305031800.653624 -0.256585 0.195848 -0.0470377 0.256146 0.563587 0.746034 0.245343
1305031800.685405 -0.256585 0.195848 -0.0470377 0.256146 0.563587 0.746034 0.245343
1305031800.713947 -0.254431 0.198156 -0.045266 0.254447 0.555411 0.754084 0.241106
1305031800.753166 -0.254431 0.198156 -0.045266 0.254447 0.555411 0.754084 0.241106
1305031800.784054 -0.253261 0.204412 -0.0489984 0.254167 0.549206 0.759894 0.237348
1305031800.816096 -0.253261 0.204412 -0.0489984 0.254167 0.549206 0.759894 0.237348
1305031800.853919 -0.253261 0.204412 -0.0489984 0.254167 0.549206 0.759894 0.237348
1305031800.885396 -0.253261 0.204412 -0.0489984 0.254167 0.549206 0.759894 0.237348
1305031800.917427 -0.253261 0.204412 -0.0489984 0.254167 0.549206 0.759894 0.237348
1305031800.953700 -0.253261 0.204412 -0.0489984 0.254167 0.549206 0.759894 0.237348
1305031800.985467 -0.253261 0.204412 -0.0489984 0.254167 0.549206 0.759894 0.237348
1305031801.017256 -0.275537 0.216003 -0.0643417 0.259129 0.568143 0.748766 0.222294
1305031801.053202 -0.289715 0.225446 -0.0759245 0.264312 0.585959 0.738293 0.204241
1305031801.085709 -0.300486 0.225932 -0.091667 0.266217 0.605149 0.726488 0.187452
1305031801.117929 -0.311151 0.224988 -0.0982818 0.266987 0.624176 0.713375 0.173834
1305031801.149557 -0.319724 0.221355 -0.110774 0.263735 0.642118 0.701629 0.160763
1305031801.183875 -0.330629 0.215199 -0.127006 0.260631 0.660634 0.688648 0.146282
1305031801.213176 -0.340825 0.207168 -0.137175 0.258994 0.67943 0.674056 0.130175
1305031801.253746 -0.353059 0.198813 -0.149658 0.257977 0.695586 0.660432 0.115923
1305031801.285341 -0.355687 0.184167 -0.159779 0.256565 0.710175 0.647591 0.102234
1305031801.318014 -0.355687 0.184167 -0.159779 0.256565 0.710175 0.647591 0.102234
1305031801.353094 -0.355687 0.184167 -0.159779 0.256565 0.710175 0.647591 0.102234
1305031801.385194 -0.368683 0.168765 -0.169444 0.254281 0.722024 0.636873 0.0917376
1305031801.417407 -0.377177 0.151812 -0.186599 0.251468 0.731524 0.628336 0.0826382
1305031801.453727 -0.377177 0.151812 -0.186599 0.251468 0.731524 0.628336 0.0826382
1305031801.485350 -0.385911 0.136758 -0.192842 0.251518 0.740667 0.618653 0.0736196
1305031801.521131 -0.392284 0.122877 -0.205782 0.252067 0.749152 0.609042 0.0655905
1305031801.550374 -0.39906 0.1147 -0.207627 0.254796 0.758261 0.597184 0.0590894
1305031801.585137 -0.403256 0.106159 -0.211356 0.255393 0.767846 0.585055 0.0538384
1305031801.621227 -0.406428 0.0974843 -0.215225 0.257068 0.777001 0.572682 0.0471245
1305031801.653135 -0.40826 0.087316 -0.222044 0.258777 0.786378 0.559562 0.0391773
1305031801.685234 -0.410416 0.0761583 -0.231089 0.259686 0.79666 0.544931 0.0307495
1305031801.721833 -0.413057 0.066786 -0.236151 0.25848 0.808067 0.528825 0.0236732
1305031801.752492 -0.416378 0.0577037 -0.241251 0.25873 0.818216 0.513145 0.0162378
1305031801.785189 -0.419434 0.0434814 -0.251788 0.256785 0.827605 0.499027 0.0101813
1305031801.821431 -0.422231 0.0322097 -0.257274 0.252316 0.836723 0.486013 0.00467246
1305031801.851024 -0.425604 0.0220688 -0.261418 0.249929 0.844906 0.472929 -0.00288564
1305031801.885594 -0.429257 0.00933895 -0.267853 0.248608 0.852559 0.459593 -0.0105693
1305031801.921490 -0.428402 -1.80336e-05 -0.270666 0.247313 0.859588 0.446799 -0.0177379
1305031801.953537 -0.430691 -0.00691789 -0.269194 0.246944 0.865431 0.43541 -0.0215627
1305031801.985210 -0.432447 -0.0125837 -0.268671 0.247887 0.870047 0.425424 -0.0241792
1305031802.019644 -0.438429 -0.0225879 -0.272386 0.250685 0.872872 0.417711 -0.0277394
1305031802.053402 -0.439857 -0.0315908 -0.274554 0.252382 0.876238 0.409161 -0.0331171
1305031802.085036 -0.444836 -0.0398046 -0.276002 0.250961 0.880163 0.401057 -0.0385441
1305031802.121342 -0.450836 -0.0492062 -0.277344 0.249114 0.884762 0.391143 -0.0463143
1305031802.153506 -0.453048 -0.057982 -0.277051 0.243091 0.890441 0.380751 -0.055229
1305031802.184646 -0.453634 -0.0637271 -0.273272 0.237968 0.894472 0.37282 -0.0655504
1305031802.219780 -0.45884 -0.0692898 -0.270284 0.232942 0.896396 0.369891 -0.0734326
1305031802.253201 -0.462775 -0.0719079 -0.263184 0.228024 0.897507 0.368673 -0.0810349
1305031802.285410 -0.467709 -0.0737539 -0.253264 0.225636 0.897038 0.36946 -0.0889336
1305031802.321392 -0.467028 -0.0730793 -0.242861 0.223299 0.895951 0.371843 -0.095614
1305031802.353673 -0.467806 -0.0730845 -0.23549 0.219929 0.894329 0.376676 -0.0996115
1305031802.385256 -0.472876 -0.0747161 -0.230163 0.215442 0.893133 0.38115 -0.103072
1305031802.421381 -0.474798 -0.0742204 -0.221284 0.211166 0.892654 0.383244 -0.108179
1305031802.449815 -0.476457 -0.0749954 -0.216239 0.207129 0.890767 0.388582 -0.112408
1305031802.485366 -0.475453 -0.072569 -0.208589 0.203103 0.889142 0.393402 -0.115806
1305031802.521559 -0.476225 -0.0728828 -0.206168 0.200602 0.886522 0.399663 -0.118769
1305031802.553684 -0.476132 -0.0664836 -0.196831 0.19719 0.88302 0.408678 -0.119893
1305031802.585533 -0.477914 -0.0632362 -0.191952 0.19247 0.877405 0.422677 -0.120249
1305031802.621150 -0.478242 -0.0554288 -0.179936 0.187983 0.871406 0.436649 -0.121039
1305031802.651432 -0.474968 -0.0472893 -0.171862 0.182214 0.861863 0.45708 -0.12275
1305031802.685539 -0.475606 -0.0353799 -0.157441 0.180005 0.850737 0.477859 -0.124478
1305031802.721583 -0.476293 -0.0248541 -0.147217 0.179914 0.839028 0.498189 -0.124386
1305031802.751226 -0.47371 -0.0132146 -0.136016 0.176422 0.828395 0.517156 -0.123234
1305031802.789007 -0.474749 -0.000101142 -0.124358 0.175488 0.816068 0.536739 -0.123077
1305031802.821805 -0.472495 0.0173574 -0.108703 0.174259 0.804719 0.553234 -0.126466
1305031802.853857 -0.469108 0.0298347 -0.0978252 0.173092 0.792855 0.568843 -0.133557
1305031802.890975 -0.470336 0.0441576 -0.0844423 0.172995 0.781254 0.583097 -0.140402
1305031802.921571 -0.472007 0.054501 -0.0770768 0.172051 0.770188 0.596649 -0.145668
1305031802.954186 -0.468188 0.0677759 -0.0612998 0.170025 0.760942 0.607311 -0.152422
1305031802.989730 -0.464689 0.0795819 -0.0532554 0.167228 0.751345 0.617618 -0.161444
1305031803.021911 -0.464714 0.0901693 -0.0455047 0.163077 0.741513 0.628196 -0.170097
1305031803.053859 -0.468229 0.101935 -0.0341445 0.159235 0.731313 0.638671 -0.178674
1305031803.089624 -0.464562 0.110696 -0.0246352 0.156803 0.721495 0.647349 -0.189199
1305031803.122288 -0.459598 0.120103 -0.0103297 0.154828 0.712065 0.655136 -0.199469
1305031803.153738 -0.461048 0.128439 -0.000578628 0.154126 0.700893 0.664686 -0.207814
1305031803.189456 -0.462355 0.134481 0.00705 0.155698 0.689783 0.672855 -0.217312
1305031803.222097 -0.461938 0.139719 0.0172448 0.157199 0.679525 0.679933 -0.22633
1305031803.253833 -0.457522 0.144047 0.0274578 0.156662 0.668749 0.688163 -0.233803
1305031803.289513 -0.455339 0.148467 0.0349001 0.157293 0.657629 0.69591 -0.241852
1305031803.317616 -0.449348 0.152717 0.0425897 0.157276 0.647207 0.702854 -0.249767
1305031803.353839 -0.445417 0.158682 0.0497805 0.157272 0.636534 0.710498 -0.255506
1305031803.393279 -0.439965 0.164067 0.0559972 0.157514 0.625583 0.717977 -0.261428
1305031803.421427 -0.435998 0.16762 0.0617196 0.159351 0.615669 0.723777 -0.26778
1305031803.449958 -0.432801 0.170437 0.0685934 0.160423 0.607627 0.728421 -0.272867
1305031803.489758 -0.427937 0.173885 0.0746724 0.160201 0.599332 0.73351 -0.277669
1305031803.517807 -0.423042 0.177506 0.0797338 0.161067 0.590585 0.738107 -0.283665
1305031803.553175 -0.41839 0.179837 0.0853794 0.162669 0.583114 0.741671 -0.288862
1305031803.588621 -0.41334 0.182616 0.0909322 0.165268 0.576172 0.744511 -0.293965
1305031803.617801 -0.409428 0.185673 0.0954825 0.168381 0.569222 0.748274 -0.296176
1305031803.654299 -0.40505 0.188939 0.101255 0.170143 0.562732 0.752861 -0.295946
1305031803.686328 -0.403572 0.19179 0.106376 0.171545 0.555483 0.75793 -0.295893
1305031803.721631 -0.400623 0.193408 0.11116 0.173594 0.546664 0.763069 -0.297909
1305031803.754202 -0.394882 0.195419 0.11743 0.177997 0.537217 0.768424 -0.298732
1305031803.789665 -0.394882 0.195419 0.11743 0.177997 0.537217 0.768424 -0.298732
1305031803.822228 -0.394882 0.195419 0.11743 0.177997 0.537217 0.768424 -0.298732
1305031803.854272 -0.394882 0.195419 0.11743 0.177997 0.537217 0.768424 -0.298732
1305031803.894274 -0.394882 0.195419 0.11743 0.177997 0.537217 0.768424 -0.298732
1305031803.922306 -0.394882 0.195419 0.11743 0.177997 0.537217 0.768424 -0.298732
1305031803.953878 -0.394882 0.195419 0.11743 0.177997 0.537217 0.768424 -0.298732
1305031803.986986 -0.394882 0.195419 0.11743 0.177997 0.537217 0.768424 -0.298732
1305031804.021991 -0.394882 0.195419 0.11743 0.177997 0.537217 0.768424 -0.298732
1305031804.057867 -0.394882 0.195419 0.11743 0.177997 0.537217 0.768424 -0.298732
1305031804.090568 -0.394882 0.195419 0.11743 0.177997 0.537217 0.768424 -0.298732
1305031804.121807 -0.394882 0.195419 0.11743 0.177997 0.537217 0.768424 -0.298732
1305031804.159547 -0.394882 0.195419 0.11743 0.177997 0.537217 0.768424 -0.298732
1305031804.190025 -0.394882 0.195419 0.11743 0.177997 0.537217 0.768424 -0.298732
1305031804.221943 -0.394882 0.195419 0.11743 0.177997 0.537217 0.768424 -0.298732
1305031804.257543 -0.394882 0.195419 0.11743 0.177997 0.537217 0.768424 -0.298732
1305031804.289105 -0.394882 0.195419 0.11743 0.177997 0.537217 0.768424 -0.298732
1305031804.322186 -0.394882 0.195419 0.11743 0.177997 0.537217 0.768424 -0.298732
1305031804.357487 -0.394882 0.195419 0.11743 0.177997 0.537217 0.768424 -0.298732
1305031804.388583 -0.394882 0.195419 0.11743 0.177997 0.537217 0.768424 -0.298732
1305031804.420347 -0.394882 0.195419 0.11743 0.177997 0.537217 0.768424 -0.298732
1305031804.458421 -0.394882 0.195419 0.11743 0.177997 0.537217 0.768424 -0.298732
1305031804.488618 -0.394882 0.195419 0.11743 0.177997 0.537217 0.768424 -0.298732
1305031804.520334 -0.394882 0.195419 0.11743 0.177997 0.537217 0.768424 -0.298732
1305031804.553325 -0.394882 0.195419 0.11743 0.177997 0.537217 0.768424 -0.298732
1305031804.588603 -0.390764 0.167734 0.122568 0.169392 0.552145 0.756991 -0.305626
1305031804.620878 -0.390764 0.167734 0.122568 0.169392 0.552145 0.756991 -0.305626
1305031804.657048 -0.390764 0.167734 0.122568 0.169392 0.552145 0.756991 -0.305626
1305031804.689811 -0.389315 0.138028 0.127433 0.157603 0.565548 0.747708 -0.31024
1305031804.721742 -0.392236 0.113871 0.126184 0.145848 0.578305 0.737586 -0.316637
1305031804.761864 -0.395586 0.0930161 0.121526 0.132333 0.591943 0.725589 -0.324981
1305031804.794542 -0.395545 0.0759289 0.114847 0.115287 0.606433 0.712616 -0.333357
1305031804.822160 -0.400735 0.0585898 0.107857 0.0981812 0.621943 0.698612 -0.339835
1305031804.857799 -0.403943 0.0452423 0.0964178 0.0798421 0.635839 0.683514 -0.349488
1305031804.889635 -0.406499 0.0328544 0.0860231 0.0605002 0.651197 0.665839 -0.359083
1305031804.921987 -0.412007 0.0197365 0.0768471 0.0462464 0.664733 0.648406 -0.368186
1305031804.958018 -0.414787 0.00965196 0.0659786 0.0341619 0.674711 0.634257 -0.37592
1305031804.989454 -0.420286 -7.82731e-06 0.054326 0.024296 0.683736 0.621126 -0.382253
1305031805.021251 -0.423301 -0.00910736 0.0401105 0.0165644 0.691636 0.607301 -0.390577
1305031805.053799 -0.425289 -0.0164889 0.0310708 0.00988101 0.699375 0.592405 -0.399792
1305031805.088981 -0.43112 -0.0233445 0.0160019 0.00428717 0.705441 0.579474 -0.408099
1305031805.120822 -0.439017 -0.0309885 0.00556286 0.000875358 0.712118 0.566484 -0.414708
1305031805.156816 -0.442362 -0.0355595 -0.0046831 -0.00373476 0.718277 0.554753 -0.419898
1305031805.188114 -0.449183 -0.0427355 -0.00891638 -0.0076881 0.723796 0.545012 -0.423109
1305031805.224830 -0.449183 -0.0427355 -0.00891638 -0.0076881 0.723796 0.545012 -0.423109
1305031805.256506 -0.452777 -0.0480667 -0.0148121 -0.0135069 0.727853 0.536104 -0.427365
1305031805.288719 -0.458646 -0.0553253 -0.0285149 -0.0169094 0.730687 0.527882 -0.432609
1305031805.324692 -0.465699 -0.059594 -0.0403633 -0.0245507 0.733592 0.520073 -0.436766
1305031805.360488 -0.470086 -0.0661968 -0.0491934 -0.0363418 0.736655 0.51094 -0.441541
1305031805.392685 -0.470086 -0.0661968 -0.0491934 -0.0363418 0.736655 0.51094 -0.441541
1305031805.426082 -0.471922 -0.070732 -0.0597459 -0.0481072 0.740928 0.497201 -0.448891
1305031805.455941 -0.481596 -0.0880586 -0.0789438 -0.0595249 0.744693 0.486545 -0.452949
1305031805.488250 -0.477852 -0.0841771 -0.0919566 -0.0776231 0.747825 0.475147 -0.457129
1305031805.524339 -0.477852 -0.0841771 -0.0919566 -0.0776231 0.747825 0.475147 -0.457129
1305031805.555936 -0.477852 -0.0841771 -0.0919566 -0.0776231 0.747825 0.475147 -0.457129
1305031805.587800 -0.477852 -0.0841771 -0.0919566 -0.0776231 0.747825 0.475147 -0.457129
1305031805.626288 -0.477852 -0.0841771 -0.0919566 -0.0776231 0.747825 0.475147 -0.457129
1305031805.653600 -0.477852 -0.0841771 -0.0919566 -0.0776231 0.747825 0.475147 -0.457129
1305031805.688826 -0.477852 -0.0841771 -0.0919566 -0.0776231 0.747825 0.475147 -0.457129
1305031805.724499 -0.477852 -0.0841771 -0.0919566 -0.0776231 0.747825 0.475147 -0.457129
1305031805.756662 -0.477852 -0.0841771 -0.0919566 -0.0776231 0.747825 0.475147 -0.457129
1305031805.788800 -0.477852 -0.0841771 -0.0919566 -0.0776231 0.747825 0.475147 -0.457129
1305031805.825010 -0.477852 -0.0841771 -0.0919566 -0.0776231 0.747825 0.475147 -0.457129
1305031805.856722 -0.477852 -0.0841771 -0.0919566 -0.0776231 0.747825 0.475147 -0.457129
1305031805.888558 -0.467349 -0.1017 -0.0665144 -0.0653616 0.736151 0.489539 -0.462776
1305031805.924334 -0.461036 -0.112625 -0.0471931 -0.0536813 0.724747 0.502326 -0.468538
1305031805.956398 -0.456834 -0.116214 -0.0287476 -0.0432259 0.713952 0.513551 -0.473994
1305031805.990628 -0.456834 -0.116214 -0.0287476 -0.0432259 0.713952 0.513551 -0.473994
1305031806.026273 -0.448965 -0.120515 -0.012116 -0.0355294 0.703314 0.522987 -0.480179
1305031806.056329 -0.443649 -0.125028 0.00675201 -0.0295642 0.69312 0.531483 -0.486042
1305031806.091003 -0.437101 -0.126087 0.0164568 -0.0258318 0.682244 0.539269 -0.493016
1305031806.126194 -0.428686 -0.124829 0.0341249 -0.0240954 0.672052 0.547361 -0.498158
1305031806.160305 -0.420184 -0.123171 0.0521382 0.0197108 -0.661937 -0.554217 0.504276
1305031806.186461 -0.410242 -0.11855 0.0670453 0.0146747 -0.650579 -0.562277 0.510271
1305031806.226737 -0.401158 -0.111662 0.0790611 0.00766839 -0.637371 -0.572041 0.516205
1305031806.256407 -0.395914 -0.107613 0.0918698 0.00139085 -0.625364 -0.581724 0.520111
1305031806.292064 -0.38885 -0.103376 0.105918 -0.00343404 -0.613399 -0.59118 0.523675
1305031806.324430 -0.383012 -0.100151 0.119045 -0.0119927 -0.600662 -0.598917 0.52949
1305031806.356698 -0.375539 -0.0927313 0.129918 -0.0196118 -0.588315 -0.606227 0.53478
1305031806.388772 -0.367382 -0.0882297 0.145337 -0.029175 -0.577135 -0.613388 0.538349
1305031806.428086 -0.360226 -0.0818739 0.156232 -0.0401073 -0.564853 -0.619993 0.543085
1305031806.458170 -0.35657 -0.0757425 0.163559 -0.0490169 -0.554148 -0.624377 0.548334
1305031806.493660 -0.348373 -0.0712319 0.176411 -0.0514892 -0.545503 -0.629877 0.550482
1305031806.531887 -0.340927 -0.0655447 0.187732 -0.0539827 -0.534111 -0.635072 0.555423
1305031806.556751 -0.331639 -0.0592509 0.199213 -0.05954 -0.523313 -0.637705 0.562077
1305031806.594170 -0.32221 -0.0522504 0.211358 -0.0663101 -0.51233 -0.643414 0.564924
1305031806.625910 -0.317018 -0.0446518 0.218453 -0.0736407 -0.498858 -0.650858 0.56754
1305031806.660594 -0.311134 -0.0388097 0.226392 -0.0811457 -0.486556 -0.655217 0.572162
1305031806.695601 -0.305345 -0.0321102 0.233045 -0.0905424 -0.473793 -0.657281 0.579055
1305031806.725479 -0.305345 -0.0321102 0.233045 -0.0905424 -0.473793 -0.657281 0.579055
1305031806.757877 -0.305345 -0.0321102 0.233045 -0.0905424 -0.473793 -0.657281 0.579055
1305031806.793755 -0.305345 -0.0321102 0.233045 -0.0905424 -0.473793 -0.657281 0.579055
1305031806.821694 -0.29566 -0.0234305 0.23576 -0.0986988 -0.465049 -0.659355 0.582442
1305031806.857332 -0.287325 -0.0159033 0.240218 -0.10425 -0.455309 -0.661847 0.586331
1305031806.893667 -0.287325 -0.0159033 0.240218 -0.10425 -0.455309 -0.661847 0.586331
1305031806.925528 -0.287325 -0.0159033 0.240218 -0.10425 -0.455309 -0.661847 0.586331
1305031806.957342 -0.278264 -0.0052872 0.240951 -0.112713 -0.445773 -0.662247 0.591617
1305031806.994718 -0.278264 -0.0052872 0.240951 -0.112713 -0.445773 -0.662247 0.591617
1305031807.025349 -0.278264 -0.0052872 0.240951 -0.112713 -0.445773 -0.662247 0.591617
1305031807.057482 -0.270861 0.00396694 0.240135 -0.117838 -0.437816 -0.661334 0.597553
1305031807.094797 -0.270861 0.00396694 0.240135 -0.117838 -0.437816 -0.661334 0.597553
1305031807.125639 -0.265725 0.0136085 0.237142 -0.121368 -0.431133 -0.659586 0.603606
1305031807.158021 -0.263872 0.0213831 0.234016 -0.123565 -0.424716 -0.656184 0.611368
1305031807.193815 -0.26433 0.0265273 0.232142 -0.124737 -0.419854 -0.651745 0.619186
1305031807.226069 -0.266022 0.0301375 0.230786 -0.124819 -0.415666 -0.64673 0.627202
1305031807.258189 -0.269877 0.033115 0.228182 -0.123556 -0.411083 -0.641251 0.636036
1305031807.294600 -0.275876 0.0321557 0.226102 -0.120991 -0.407264 -0.635138 0.645056
1305031807.325779 -0.281766 0.0296259 0.223786 -0.116658 -0.404154 -0.626865 0.655813
1305031807.356999 -0.281766 0.0296259 0.223786 -0.116658 -0.404154 -0.626865 0.655813
1305031807.394901 -0.281766 0.0296259 0.223786 -0.116658 -0.404154 -0.626865 0.655813
1305031807.425389 -0.281766 0.0296259 0.223786 -0.116658 -0.404154 -0.626865 0.655813
1305031807.456981 -0.281766 0.0296259 0.223786 -0.116658 -0.404154 -0.626865 0.655813
1305031807.493776 -0.281766 0.0296259 0.223786 -0.116658 -0.404154 -0.626865 0.655813
1305031807.525569 -0.308086 0.000568253 0.235851 -0.0900463 -0.413944 -0.609584 0.670037
1305031807.558514 -0.318653 -0.0134177 0.238634 -0.0693562 -0.420124 -0.594705 0.681918
1305031807.593758 -0.327189 -0.0257339 0.237 -0.0486722 -0.424195 -0.580345 0.693461
1305031807.625726 -0.330381 -0.0373173 0.234233 -0.0248948 -0.428654 -0.567015 0.702944
1305031807.657923 -0.332844 -0.0459607 0.229913 -0.00712003 -0.430933 -0.555655 0.710981
1305031807.695218 -0.337843 -0.0545517 0.223027 0.00869054 -0.433468 -0.543409 0.718844
1305031807.725763 -0.343646 -0.0665015 0.215323 0.0274592 -0.438127 -0.529727 0.725727
1305031807.763921 -0.345717 -0.0765593 0.209703 0.0446884 -0.441469 -0.515902 0.732771
1305031807.794370 -0.350645 -0.0883145 0.201034 0.0610222 -0.445267 -0.502353 0.738685
1305031807.825649 -0.353475 -0.0996483 0.192655 0.0751067 -0.451277 -0.487485 0.743685
1305031807.862767 -0.354641 -0.108865 0.184583 0.0897583 -0.45663 -0.475757 0.746383
1305031807.895051 -0.357679 -0.117821 0.175861 0.103705 -0.459664 -0.466111 0.748796
1305031807.922091 -0.361058 -0.128429 0.167387 0.116306 -0.463245 -0.455169 0.751464
1305031807.960371 -0.362439 -0.137487 0.158425 0.12976 -0.467241 -0.444456 0.753198
1305031807.990310 -0.364645 -0.147371 0.148485 0.142128 -0.471717 -0.434102 0.754213
1305031808.025493 -0.366023 -0.156764 0.138875 0.152899 -0.4769 -0.421815 0.755818
1305031808.060837 -0.368603 -0.165799 0.128035 0.163581 -0.482234 -0.409811 0.7568
1305031808.094509 -0.370319 -0.176178 0.11685 0.174761 -0.488147 -0.3984 0.756603
1305031808.124869 -0.370589 -0.187617 0.107654 0.187186 -0.494553 -0.388663 0.754533
1305031808.160774 -0.371666 -0.19771 0.0952655 0.199126 -0.50001 -0.377778 0.753407
1305031808.193540 -0.374619 -0.213681 0.0780605 0.212504 -0.505589 -0.368215 0.750759
1305031808.224541 -0.374797 -0.224378 0.063306 0.227229 -0.510874 -0.359563 0.747053
1305031808.259528 -0.376748 -0.23527 0.0482731 0.236969 -0.515711 -0.353313 0.743679
1305031808.292602 -0.379642 -0.245983 0.0342729 0.24528 -0.519989 -0.347305 0.74083
1305031808.324524 -0.37801 -0.265409 0.0217385 0.25428 -0.524792 -0.339721 0.737919
1305031808.362374 -0.376216 -0.278949 0.0066458 0.264731 -0.528674 -0.330885 0.735484
1305031808.394090 -0.376803 -0.283041 -0.00868858 0.275778 -0.531898 -0.321227 0.733379
1305031808.427040 -0.378371 -0.29402 -0.0213968 0.285288 -0.535009 -0.314072 0.730572
1305031808.462622 -0.3774 -0.291833 -0.0339581 0.295474 -0.536853 -0.304478 0.72923
1305031808.493893 -0.3774 -0.291833 -0.0339581 0.295474 -0.536853 -0.304478 0.72923
1305031808.524551 -0.3774 -0.291833 -0.0339581 0.295474 -0.536853 -0.304478 0.72923
1305031808.561866 -0.3774 -0.291833 -0.0339581 0.295474 -0.536853 -0.304478 0.72923
1305031808.590231 -0.3774 -0.291833 -0.0339581 0.295474 -0.536853 -0.304478 0.72923
1305031808.624717 -0.3774 -0.291833 -0.0339581 0.295474 -0.536853 -0.304478 0.72923
1305031808.661004 -0.3774 -0.291833 -0.0339581 0.295474 -0.536853 -0.304478 0.72923
1305031808.692608 -0.3774 -0.291833 -0.0339581 0.295474 -0.536853 -0.304478 0.72923
1305031808.724581 -0.3774 -0.291833 -0.0339581 0.295474 -0.536853 -0.304478 0.72923
1305031808.761035 -0.3774 -0.291833 -0.0339581 0.295474 -0.536853 -0.304478 0.72923
1305031808.792909 -0.3774 -0.291833 -0.0339581 0.295474 -0.536853 -0.304478 0.72923
1305031808.824645 -0.3774 -0.291833 -0.0339581 0.295474 -0.536853 -0.304478 0.72923
1305031808.860603 -0.358071 -0.291846 -0.0507025 0.302791 -0.523761 -0.300106 0.737515
1305031808.894236 -0.358071 -0.291846 -0.0507025 0.302791 -0.523761 -0.300106 0.737515
1305031808.924712 -0.358071 -0.291846 -0.0507025 0.302791 -0.523761 -0.300106 0.737515
1305031808.960766 -0.358071 -0.291846 -0.0507025 0.302791 -0.523761 -0.300106 0.737515
1305031808.994453 -0.358071 -0.291846 -0.0507025 0.302791 -0.523761 -0.300106 0.737515
1305031809.029773 -0.358071 -0.291846 -0.0507025 0.302791 -0.523761 -0.300106 0.737515
1305031809.063418 -0.358071 -0.291846 -0.0507025 0.302791 -0.523761 -0.300106 0.737515
1305031809.097271 -0.358071 -0.291846 -0.0507025 0.302791 -0.523761 -0.300106 0.737515
1305031809.131663 -0.267515 -0.249505 -0.0801971 0.299478 -0.501887 -0.305292 0.751811
1305031809.161507 -0.267515 -0.249505 -0.0801971 0.299478 -0.501887 -0.305292 0.751811
1305031809.194288 -0.262231 -0.237565 -0.0788015 0.293444 -0.481075 -0.303583 0.768307
1305031809.229538 -0.26025 -0.230545 -0.068419 0.286105 -0.464209 -0.303284 0.781455
1305031809.261343 -0.254207 -0.218934 -0.0543985 0.276286 -0.450637 -0.303699 0.792691
1305031809.294460 -0.249678 -0.209447 -0.0454811 0.26499 -0.435858 -0.305564 0.804014
1305031809.330064 -0.241842 -0.205545 -0.0362476 0.254222 -0.424317 -0.307021 0.813059
1305031809.359534 -0.234482 -0.192852 -0.0308246 0.244651 -0.412452 -0.307149 0.822003
1305031809.393838 -0.230179 -0.182971 -0.0244403 0.233918 -0.401281 -0.309148 0.82987
1305031809.428411 -0.228099 -0.172374 -0.0181037 0.223254 -0.391438 -0.311842 0.836474
1305031809.462164 -0.227401 -0.162957 -0.0135919 0.214078 -0.382352 -0.314544 0.842045
1305031809.493873 -0.231089 -0.155786 -0.0105287 0.204243 -0.373953 -0.314818 0.848136
1305031809.530074 -0.233846 -0.147209 -0.00509813 0.195603 -0.366968 -0.314492 0.853328
1305031809.563364 -0.236686 -0.141483 0.000801154 0.187415 -0.360281 -0.316641 0.857212
1305031809.594021 -0.24216 -0.135295 0.00409734 0.18004 -0.351467 -0.32047 0.86102
1305031809.631035 -0.246067 -0.130657 0.00881066 0.173739 -0.342954 -0.322551 0.864961
1305031809.662949 -0.24847 -0.124388 0.0144025 0.168402 -0.335252 -0.32336 0.868726
1305031809.693782 -0.251195 -0.11824 0.0193309 0.161655 -0.328111 -0.324425 0.87233
1305031809.731309 -0.254877 -0.110094 0.0224619 0.154016 -0.320256 -0.324951 0.876426
1305031809.758942 -0.258467 -0.104252 0.0278598 0.145709 -0.313766 -0.325315 0.880051
1305031809.793369 -0.26071 -0.0984526 0.0331782 0.136674 -0.30728 -0.324781 0.883978
1305031809.830391 -0.263053 -0.090255 0.0370408 0.127776 -0.299428 -0.322653 0.88877
1305031809.861943 -0.265004 -0.0823128 0.0419102 0.119104 -0.292134 -0.322099 0.892594
1305031809.895169 -0.26758 -0.0769664 0.0460218 0.109658 -0.283769 -0.322637 0.896301
1305031809.929860 -0.26933 -0.0704554 0.0503126 0.101723 -0.27462 -0.322293 0.900202
1305031809.963228 -0.26919 -0.0620121 0.0538228 0.0937826 -0.26562 -0.320424 0.904422
1305031809.994224 -0.27041 -0.0548242 0.0571039 0.0850302 -0.256946 -0.320049 0.907919
1305031810.030062 -0.270564 -0.0477192 0.0608112 0.0750679 -0.248707 -0.319555 0.91126
1305031810.062155 -0.27217 -0.0447056 0.0624675 0.0649074 -0.240373 -0.31936 0.91434
1305031810.095183 -0.27006 -0.0374802 0.0641477 0.0576065 -0.232348 -0.316533 0.917879
1305031810.131056 -0.268077 -0.0302905 0.0657189 0.0494969 -0.225319 -0.314451 0.920816
1305031810.161700 -0.267052 -0.0249962 0.0668101 0.0412335 -0.217803 -0.315771 0.922578
1305031810.197185 -0.266789 -0.0204881 0.0657619 0.0336852 -0.208718 -0.316937 0.924583
1305031810.230520 -0.262735 -0.0138496 0.0659762 0.0280836 -0.201149 -0.316782 0.926499
1305031810.262762 -0.260149 -0.00705549 0.0652088 0.0202392 -0.193321 -0.317477 0.92813
1305031810.298074 -0.260149 -0.00705549 0.0652088 0.0202392 -0.193321 -0.317477 0.92813
1305031810.330937 -0.260823 -0.000177936 0.0611339 0.00983925 -0.186194 -0.320333 0.928774
1305031810.362897 -0.260317 0.00546714 0.0581766 0.00121361 -0.179457 -0.320541 0.930079
1305031810.396861 -0.256544 0.011186 0.0559139 -0.00770812 -0.173743 -0.317494 0.932176
1305031810.429920 -0.256544 0.011186 0.0559139 -0.00770812 -0.173743 -0.317494 0.932176
1305031810.461399 -0.256544 0.011186 0.0559139 -0.00770812 -0.173743 -0.317494 0.932176
1305031810.496777 -0.256544 0.011186 0.0559139 -0.00770812 -0.173743 -0.317494 0.932176
1305031810.529947 -0.256544 0.011186 0.0559139 -0.00770812 -0.173743 -0.317494 0.932176
1305031810.561970 -0.247563 0.0278557 0.0464569 -0.0152489 -0.168248 -0.315603 0.933732
1305031810.598116 -0.247563 0.0278557 0.0464569 -0.0152489 -0.168248 -0.315603 0.933732
1305031810.630327 -0.247563 0.0278557 0.0464569 -0.0152489 -0.168248 -0.315603 0.933732
1305031810.661881 -0.247563 0.0278557 0.0464569 -0.0152489 -0.168248 -0.315603 0.933732
1305031810.698469 -0.247563 0.0278557 0.0464569 -0.0152489 -0.168248 -0.315603 0.933732
1305031810.729616 -0.247563 0.0278557 0.0464569 -0.0152489 -0.168248 -0.315603 0.933732
1305031810.762055 -0.226438 0.04584 0.0283177 -0.00981747 -0.164317 -0.307346 0.937252
1305031810.798335 -0.214684 0.0556217 0.0149381 -0.00244873 -0.159351 -0.298094 0.941138
1305031810.826635 -0.20839 0.0575762 0.00510552 0.00717244 -0.154747 -0.289437 0.944578
1305031810.859437 -0.20322 0.0538886 -0.0024989 0.0208481 -0.149555 -0.281045 0.947741
1305031810.896721 -0.195371 0.0520649 -0.00823165 0.0387447 -0.14426 -0.271878 0.950668
1305031810.931542 -0.191217 0.0517096 -0.0155128 0.0547238 -0.138284 -0.262788 0.953323
1305031810.962074 -0.185891 0.0492942 -0.0207605 0.0723931 -0.13516 -0.253619 0.955075
1305031810.999156 -0.180733 0.0475402 -0.0263658 0.0953399 -0.132948 -0.242132 0.956351
1305031811.030567 -0.175283 0.0520355 -0.0332359 0.113764 -0.130455 -0.230052 0.957662
1305031811.062402 -0.175865 0.0498014 -0.0407729 0.127889 -0.127573 -0.221068 0.958383
1305031811.098594 -0.176585 0.0445007 -0.0502576 0.144336 -0.124966 -0.213073 0.958202
1305031811.130054 -0.173452 0.0453043 -0.0568077 0.162157 -0.123582 -0.201376 0.958061
1305031811.163124 -0.172148 0.0416623 -0.0611953 0.174271 -0.11985 -0.194376 0.957854
1305031811.196680 -0.171479 0.0366314 -0.0686862 0.185508 -0.116071 -0.189688 0.957148
1305031811.226245 -0.17339 0.0323711 -0.0761917 0.198478 -0.111441 -0.183909 0.956224
1305031811.258835 -0.170493 0.0289289 -0.080886 0.211681 -0.106493 -0.176843 0.955289
1305031811.297420 -0.168356 0.0212481 -0.0900354 0.224858 -0.10007 -0.17124 0.953993
1305031811.330119 -0.16992 0.0143104 -0.100968 0.240412 -0.0938154 -0.164013 0.952103
1305031811.362347 -0.169593 0.00879771 -0.110838 0.258531 -0.0879759 -0.155659 0.949312
1305031811.399651 -0.174811 0.00175147 -0.121727 0.275991 -0.0829486 -0.147226 0.946189
1305031811.430784 -0.174811 0.00175147 -0.121727 0.275991 -0.0829486 -0.147226 0.946189
1305031811.466212 -0.174811 0.00175147 -0.121727 0.275991 -0.0829486 -0.147226 0.946189
1305031811.497813 -0.174811 0.00175147 -0.121727 0.275991 -0.0829486 -0.147226 0.946189
1305031811.530073 -0.174811 0.00175147 -0.121727 0.275991 -0.0829486 -0.147226 0.946189
1305031811.566308 -0.174811 0.00175147 -0.121727 0.275991 -0.0829486 -0.147226 0.946189
1305031811.598269 -0.174811 0.00175147 -0.121727 0.275991 -0.0829486 -0.147226 0.946189
1305031811.630831 -0.174811 0.00175147 -0.121727 0.275991 -0.0829486 -0.147226 0.946189
1305031811.663366 -0.174811 0.00175147 -0.121727 0.275991 -0.0829486 -0.147226 0.946189
1305031811.698740 -0.174811 0.00175147 -0.121727 0.275991 -0.0829486 -0.147226 0.946189
1305031811.733435 -0.174811 0.00175147 -0.121727 0.275991 -0.0829486 -0.147226 0.946189
1305031811.765703 -0.174811 0.00175147 -0.121727 0.275991 -0.0829486 -0.147226 0.946189
1305031811.799543 -0.174811 0.00175147 -0.121727 0.275991 -0.0829486 -0.147226 0.946189
1305031811.831559 -0.174811 0.00175147 -0.121727 0.275991 -0.0829486 -0.147226 0.946189
1305031811.866219 -0.196798 -0.0324246 -0.102077 0.286978 -0.078961 -0.138326 0.944603
1305031811.899601 -0.21202 -0.040138 -0.0954801 0.298976 -0.0743864 -0.131568 0.942216
1305031811.929778 -0.21972 -0.0533094 -0.0983787 0.309838 -0.0713562 -0.12598 0.939701
1305031811.965910 -0.227346 -0.065568 -0.107726 0.320998 -0.0672982 -0.123374 0.936595
1305031811.997697 -0.235987 -0.0726414 -0.114955 0.33435 -0.0627557 -0.119406 0.932745
1305031812.031513 -0.242283 -0.0827633 -0.123188 0.345732 -0.0594966 -0.114067 0.929472
1305031812.067293 -0.242283 -0.0827633 -0.123188 0.345732 -0.0594966 -0.114067 0.929472
1305031812.097226 -0.242283 -0.0827633 -0.123188 0.345732 -0.0594966 -0.114067 0.929472
1305031812.131618 -0.242283 -0.0827633 -0.123188 0.345732 -0.0594966 -0.114067 0.929472
1305031812.165747 -0.242283 -0.0827633 -0.123188 0.345732 -0.0594966 -0.114067 0.929472
1305031812.194229 -0.242283 -0.0827633 -0.123188 0.345732 -0.0594966 -0.114067 0.929472
1305031812.230599 -0.242283 -0.0827633 -0.123188 0.345732 -0.0594966 -0.114067 0.929472
1305031812.262258 -0.242283 -0.0827633 -0.123188 0.345732 -0.0594966 -0.114067 0.929472
1305031812.295017 -0.242283 -0.0827633 -0.123188 0.345732 -0.0594966 -0.114067 0.929472
1305031812.329535 -0.242283 -0.0827633 -0.123188 0.345732 -0.0594966 -0.114067 0.929472
1305031812.367033 -0.242283 -0.0827633 -0.123188 0.345732 -0.0594966 -0.114067 0.929472
1305031812.398919 -0.242283 -0.0827633 -0.123188 0.345732 -0.0594966 -0.114067 0.929472
1305031812.431444 -0.242283 -0.0827633 -0.123188 0.345732 -0.0594966 -0.114067 0.929472
1305031812.466128 -0.242283 -0.0827633 -0.123188 0.345732 -0.0594966 -0.114067 0.929472
1305031812.499545 -0.242283 -0.0827633 -0.123188 0.345732 -0.0594966 -0.114067 0.929472
1305031812.530582 -0.242283 -0.0827633 -0.123188 0.345732 -0.0594966 -0.114067 0.929472
1305031812.566690 -0.242283 -0.0827633 -0.123188 0.345732 -0.0594966 -0.114067 0.929472
1305031812.599029 -0.242283 -0.0827633 -0.123188 0.345732 -0.0594966 -0.114067 0.929472
1305031812.628645 -0.242283 -0.0827633 -0.123188 0.345732 -0.0594966 -0.114067 0.929472
1305031812.668061 -0.242283 -0.0827633 -0.123188 0.345732 -0.0594966 -0.114067 0.929472
1305031812.698746 -0.242283 -0.0827633 -0.123188 0.345732 -0.0594966 -0.114067 0.929472
1305031812.734013 -0.242283 -0.0827633 -0.123188 0.345732 -0.0594966 -0.114067 0.929472
1305031812.767275 -0.242283 -0.0827633 -0.123188 0.345732 -0.0594966 -0.114067 0.929472
1305031812.799489 -0.284158 0.0517814 -0.248299 0.337939 -0.0138245 -0.102094 0.935512
1305031812.834132 -0.254595 0.0162279 -0.19199 0.325664 0.00541219 -0.096767 0.940505
1305031812.866016 -0.246391 0.0370611 -0.186234 0.313613 0.0188732 -0.0914745 0.944946
1305031812.898960 -0.242023 0.0493375 -0.183828 0.300141 0.0317112 -0.0875089 0.949343
1305031812.934173 -0.236726 0.0587297 -0.183788 0.285823 0.0430363 -0.0831148 0.953701
1305031812.966151 -0.230625 0.0730887 -0.179213 0.271531 0.0541656 -0.0788532 0.957663
1305031812.999091 -0.226406 0.0838936 -0.178891 0.255279 0.0632909 -0.0730146 0.962027
1305031813.034784 -0.21719 0.100273 -0.176135 0.239898 0.0692762 -0.0671865 0.965989
1305031813.066289 -0.21284 0.119756 -0.172061 0.224902 0.0749255 -0.061371 0.969556
1305031813.098588 -0.208564 0.137452 -0.170701 0.209084 0.0792983 -0.0557289 0.973083
1305031813.135262 -0.206325 0.148508 -0.171003 0.192715 0.0824508 -0.049992 0.976506
1305031813.166033 -0.203968 0.156221 -0.172114 0.174546 0.0843963 -0.0434706 0.980062
1305031813.196373 -0.200797 0.167138 -0.171225 0.15683 0.0860546 -0.0388837 0.983101
1305031813.234674 -0.198846 0.180428 -0.168648 0.141507 0.0869972 -0.0337201 0.98553
1305031813.267055 -0.195225 0.189983 -0.165933 0.124615 0.0869925 -0.0285096 0.987973
1305031813.299198 -0.191532 0.207025 -0.161299 0.11033 0.0872917 -0.0239795 0.989764
1305031813.333908 -0.192353 0.222246 -0.156244 0.0965652 0.0894767 -0.0213967 0.991066
1305031813.365437 -0.192523 0.231883 -0.151112 0.0822484 0.0931713 -0.0176546 0.99209
1305031813.398657 -0.188934 0.244837 -0.14764 0.0686607 0.0969916 -0.0128509 0.992831
1305031813.433247 -0.189374 0.267677 -0.141378 0.0581073 0.101497 -0.00969933 0.99309
1305031813.466220 -0.191762 0.284971 -0.135206 0.0437759 0.105624 -0.0045227 0.993432
1305031813.498088 -0.192715 0.297375 -0.130534 0.0277518 0.10746 0.000812875 0.993822
1305031813.534016 -0.195492 0.308638 -0.126295 0.013249 0.110079 0.00554788 0.993819
1305031813.566769 -0.198652 0.316881 -0.122648 -0.00346383 0.114621 0.00881184 0.993364
1305031813.598490 -0.201875 0.32676 -0.12029 -0.0178393 0.119599 0.011918 0.99259
1305031813.631475 -0.205341 0.33406 -0.117871 -0.0311603 0.124117 0.015016 0.991665
1305031813.661752 -0.210688 0.344102 -0.112805 -0.0429158 0.129357 0.0174982 0.990514
1305031813.698286 -0.214966 0.348456 -0.108054 -0.0560936 0.133641 0.0207522 0.989223
1305031813.730280 -0.218944 0.354372 -0.10489 -0.0682186 0.135979 0.022478 0.988105
1305031813.764797 -0.224394 0.360248 -0.100343 -0.0803268 0.138404 0.0248679 0.9868
1305031813.799441 -0.229947 0.364211 -0.0946119 -0.0936538 0.140263 0.026629 0.985315
1305031813.833945 -0.235151 0.372497 -0.0894668 -0.106574 0.140908 0.027961 0.983872
1305031813.867772 -0.235151 0.372497 -0.0894668 -0.106574 0.140908 0.027961 0.983872
1305031813.899482 -0.235151 0.372497 -0.0894668 -0.106574 0.140908 0.027961 0.983872
1305031813.934338 -0.235151 0.372497 -0.0894668 -0.106574 0.140908 0.027961 0.983872
1305031813.965926 -0.235151 0.372497 -0.0894668 -0.106574 0.140908 0.027961 0.983872
1305031814.003554 -0.235151 0.372497 -0.0894668 -0.106574 0.140908 0.027961 0.983872
1305031814.033924 -0.235151 0.372497 -0.0894668 -0.106574 0.140908 0.027961 0.983872
1305031814.066026 -0.235151 0.372497 -0.0894668 -0.106574 0.140908 0.027961 0.983872
1305031814.102320 -0.235151 0.372497 -0.0894668 -0.106574 0.140908 0.027961 0.983872
1305031814.134667 -0.235151 0.372497 -0.0894668 -0.106574 0.140908 0.027961 0.983872
1305031814.166052 -0.235151 0.372497 -0.0894668 -0.106574 0.140908 0.027961 0.983872
1305031814.202037 -0.235151 0.372497 -0.0894668 -0.106574 0.140908 0.027961 0.983872
1305031814.234336 -0.235151 0.372497 -0.0894668 -0.106574 0.140908 0.027961 0.983872
1305031814.265980 -0.235151 0.372497 -0.0894668 -0.106574 0.140908 0.027961 0.983872
1305031814.302865 -0.235151 0.372497 -0.0894668 -0.106574 0.140908 0.027961 0.983872
1305031814.334123 -0.235151 0.372497 -0.0894668 -0.106574 0.140908 0.027961 0.983872
1305031814.365916 -0.235151 0.372497 -0.0894668 -0.106574 0.140908 0.027961 0.983872
1305031814.402137 -0.235151 0.372497 -0.0894668 -0.106574 0.140908 0.027961 0.983872
1305031814.434097 -0.235151 0.372497 -0.0894668 -0.106574 0.140908 0.027961 0.983872
1305031814.466875 -0.235151 0.372497 -0.0894668 -0.106574 0.140908 0.027961 0.983872
1305031814.503242 -0.235151 0.372497 -0.0894668 -0.106574 0.140908 0.027961 0.983872
1305031814.535346 -0.235151 0.372497 -0.0894668 -0.106574 0.140908 0.027961 0.983872
1305031814.567625 -0.310445 0.372804 -0.0672593 -0.079812 0.187929 0.0657636 0.976723
1305031814.601706 -0.278573 0.369668 -0.0893128 -0.0600885 0.210413 0.0785143 0.9726
1305031814.635644 -0.278573 0.369668 -0.0893128 -0.0600885 0.210413 0.0785143 0.9726
1305031814.667643 -0.278573 0.369668 -0.0893128 -0.0600885 0.210413 0.0785143 0.9726
1305031814.702775 -0.278573 0.369668 -0.0893128 -0.0600885 0.210413 0.0785143 0.9726
1305031814.734657 -0.288427 0.400295 -0.147472 -0.0356474 0.242377 0.0963415 0.964728
1305031814.766015 -0.290123 0.391536 -0.135152 -0.0136713 0.262037 0.101613 0.959596
1305031814.801939 -0.292944 0.387469 -0.140788 0.00180756 0.277792 0.107816 0.95457
1305031814.834141 -0.296047 0.386372 -0.146977 0.0163983 0.29104 0.110073 0.950216
1305031814.866927 -0.297843 0.383052 -0.154561 0.0283962 0.303154 0.110894 0.946041
1305031814.901856 -0.300715 0.378737 -0.163095 0.0419862 0.316709 0.111552 0.941004
1305031814.934189 -0.305221 0.380579 -0.168002 0.0564323 0.327677 0.109851 0.936684
1305031814.966026 -0.307949 0.376556 -0.17175 0.0672144 0.335694 0.10895 0.933232
1305031815.002785 -0.310422 0.374351 -0.177786 0.0792572 0.342751 0.10915 0.929692
1305031815.034070 -0.313861 0.374064 -0.181967 0.0906171 0.350376 0.109169 0.925801
1305031815.066249 -0.316955 0.370838 -0.183831 0.0996598 0.356361 0.110901 0.922375
1305031815.098276 -0.319356 0.366116 -0.18672 0.108424 0.359394 0.113056 0.919945
1305031815.134087 -0.321287 0.36253 -0.18944 0.117825 0.361376 0.114959 0.917774
1305031815.167703 -0.323156 0.360063 -0.192068 0.125977 0.363055 0.115633 0.915942
1305031815.200200 -0.324759 0.353167 -0.194027 0.132494 0.365498 0.116772 0.913904
1305031815.235479 -0.326153 0.348122 -0.196405 0.13989 0.367363 0.115819 0.912174
1305031815.269898 -0.327374 0.343444 -0.199003 0.147642 0.369758 0.113647 0.910255
1305031815.303120 -0.328841 0.340027 -0.20111 0.157035 0.372941 0.110416 0.90778
1305031815.335140 -0.33048 0.335972 -0.203276 0.165253 0.377011 0.106373 0.905118
1305031815.369858 -0.331582 0.332622 -0.203186 0.173318 0.38224 0.101812 0.901936
1305031815.402087 -0.333405 0.330252 -0.203648 0.183666 0.387673 0.0972944 0.898059
1305031815.435520 -0.33478 0.322475 -0.206321 0.189856 0.391176 0.0950589 0.895488
1305031815.469069 -0.336235 0.315823 -0.207375 0.194642 0.393126 0.094244 0.893691
1305031815.503584 -0.336471 0.310899 -0.210486 0.19937 0.394282 0.0928353 0.892286
1305031815.533867 -0.337376 0.308078 -0.211499 0.203101 0.396406 0.0913173 0.890659
1305031815.570080 -0.337343 0.302752 -0.214948 0.205393 0.39815 0.0917613 0.889309
1305031815.602977 -0.337302 0.300922 -0.215846 0.207469 0.4003 0.0917576 0.887861
1305031815.633580 -0.337703 0.298311 -0.217041 0.208759 0.402125 0.0927285 0.886632
1305031815.669542 -0.336998 0.298674 -0.219641 0.209175 0.403238 0.093374 0.885961
1305031815.703270 -0.33736 0.300224 -0.220591 0.209241 0.404834 0.0953365 0.885008
1305031815.734736 -0.337168 0.30276 -0.219489 0.209006 0.406139 0.0960156 0.884392
1305031815.770261 -0.337302 0.30437 -0.219582 0.208028 0.407538 0.0964402 0.883932
1305031815.803102 -0.337511 0.306439 -0.218626 0.207458 0.409051 0.097561 0.883244
