1305031790.640468 0 0 0 0 0 0 1
1305031790.672866 0.00522 0.00795145 0.00147716 -0.0092325 0.000336939 0.0025607 0.999954
1305031790.709421 0.00954329 0.015601 0.0027916 -0.0195271 0.000454651 0.00544894 0.999794
1305031790.739530 0.0136927 0.022295 0.00370551 -0.0294102 0.000535205 0.00876549 0.999529
1305031790.773548 0.0136927 0.022295 0.00370551 -0.0294102 0.000535205 0.00876549 0.999529
1305031790.809521 0.0136927 0.022295 0.00370551 -0.0294102 0.000535205 0.00876549 0.999529
1305031790.839363 0.0136927 0.022295 0.00370551 -0.0294102 0.000535205 0.00876549 0.999529
1305031790.871606 0.0136927 0.022295 0.00370551 -0.0294102 0.000535205 0.00876549 0.999529
1305031790.909436 0.0136927 0.022295 0.00370551 -0.0294102 0.000535205 0.00876549 0.999529
1305031790.941495 0.0136927 0.022295 0.00370551 -0.0294102 0.000535205 0.00876549 0.999529
1305031790.973696 0.0136927 0.022295 0.00370551 -0.0294102 0.000535205 0.00876549 0.999529
1305031791.009486 0.0136927 0.022295 0.00370551 -0.0294102 0.000535205 0.00876549 0.999529
1305031791.041197 0.0136927 0.022295 0.00370551 -0.0294102 0.000535205 0.00876549 0.999529
1305031791.073525 0.0136927 0.022295 0.00370551 -0.0294102 0.000535205 0.00876549 0.999529
1305031791.109452 0.0136927 0.022295 0.00370551 -0.0294102 0.000535205 0.00876549 0.999529
1305031791.141330 0.0136927 0.022295 0.00370551 -0.0294102 0.000535205 0.00876549 0.999529
1305031791.173227 0.0136927 0.022295 0.00370551 -0.0294102 0.000535205 0.00876549 0.999529
1305031791.209506 0.0151043 0.0103713 -0.00555859 -0.00589799 0.0197432 0.011622 0.99972
1305031791.241091 0.0124996 0.00143978 -0.0181552 0.0269528 0.0395046 0.0131891 0.998769
1305031791.273558 0.0116744 0.00547663 -0.0301596 0.0574513 0.0579455 0.0175011 0.996512
1305031791.309764 0.00929981 -0.00446173 -0.0415743 0.0822253 0.0772959 0.0228151 0.99335
1305031791.341415 0.00423775 -0.0119082 -0.0523409 0.114797 0.0976994 0.0289763 0.988148
1305031791.373525 -0.00154387 -0.00704259 -0.0609995 0.142419 0.115235 0.0355038 0.982434
1305031791.409609 -0.00843192 -0.0112579 -0.0704501 0.166972 0.131094 0.0457978 0.976134
1305031791.441538 -0.0129158 -0.0243963 -0.0811337 0.194493 0.140766 0.0562858 0.969118
1305031791.473230 -0.0178566 -0.0347386 -0.0919705 0.215878 0.149919 0.0656099 0.962609
1305031791.509595 -0.0242138 -0.0492238 -0.103243 0.233225 0.156888 0.0716131 0.957008
1305031791.541450 -0.032592 -0.0595728 -0.111123 0.253766 0.162415 0.074637 0.950607
1305031791.574034 -0.0392951 -0.0637738 -0.117661 0.27239 0.168002 0.078537 0.944145
1305031791.609401 -0.0447357 -0.0808117 -0.13037 0.28408 0.174168 0.0799662 0.939452
1305031791.641229 -0.0526818 -0.0862977 -0.139566 0.301028 0.180504 0.0779543 0.933126
1305031791.677621 -0.0586452 -0.0923406 -0.14981 0.32108 0.185869 0.0754002 0.925568
1305031791.709275 -0.061049 -0.101303 -0.164385 0.340595 0.192142 0.0753942 0.917274
1305031791.741364 -0.061049 -0.101303 -0.164385 0.340595 0.192142 0.0753942 0.917274
1305031791.776668 -0.0705884 -0.106887 -0.175976 0.358878 0.20157 0.0756475 0.908215
1305031791.808429 -0.0705884 -0.106887 -0.175976 0.358878 0.20157 0.0756475 0.908215
1305031791.840375 -0.0705884 -0.106887 -0.175976 0.358878 0.20157 0.0756475 0.908215
1305031791.876494 -0.0705884 -0.106887 -0.175976 0.358878 0.20157 0.0756475 0.908215
1305031791.908433 -0.0705884 -0.106887 -0.175976 0.358878 0.20157 0.0756475 0.908215
1305031791.944357 -0.0705884 -0.106887 -0.175976 0.358878 0.20157 0.0756475 0.908215
1305031791.977200 -0.0705884 -0.106887 -0.175976 0.358878 0.20157 0.0756475 0.908215
1305031792.005506 -0.0705884 -0.106887 -0.175976 0.358878 0.20157 0.0756475 0.908215
1305031792.041730 -0.0705884 -0.106887 -0.175976 0.358878 0.20157 0.0756475 0.908215
1305031792.076713 -0.0705884 -0.106887 -0.175976 0.358878 0.20157 0.0756475 0.908215
1305031792.109497 -0.0705884 -0.106887 -0.175976 0.358878 0.20157 0.0756475 0.908215
1305031792.141484 -0.0705884 -0.106887 -0.175976 0.358878 0.20157 0.0756475 0.908215
1305031792.177376 -0.0705884 -0.106887 -0.175976 0.358878 0.20157 0.0756475 0.908215
1305031792.209274 -0.0705884 -0.106887 -0.175976 0.358878 0.20157 0.0756475 0.908215
1305031792.241751 -0.0705884 -0.106887 -0.175976 0.358878 0.20157 0.0756475 0.908215
1305031792.277507 -0.0705884 -0.106887 -0.175976 0.358878 0.20157 0.0756475 0.908215
1305031792.309357 -0.0705884 -0.106887 -0.175976 0.358878 0.20157 0.0756475 0.908215
1305031792.341029 -0.0705884 -0.106887 -0.175976 0.358878 0.20157 0.0756475 0.908215
1305031792.377088 -0.0705884 -0.106887 -0.175976 0.358878 0.20157 0.0756475 0.908215
1305031792.409323 -0.0705884 -0.106887 -0.175976 0.358878 0.20157 0.0756475 0.908215
1305031792.441590 -0.0705884 -0.106887 -0.175976 0.358878 0.20157 0.0756475 0.908215
1305031792.477100 -0.0705884 -0.106887 -0.175976 0.358878 0.20157 0.0756475 0.908215
1305031792.509589 -0.0705884 -0.106887 -0.175976 0.358878 0.20157 0.0756475 0.908215
1305031792.541061 -0.0705884 -0.106887 -0.175976 0.358878 0.20157 0.0756475 0.908215
1305031792.577055 -0.0581842 -0.0943586 -0.172616 0.342631 0.199138 0.0829983 0.914363
1305031792.609388 -0.0581842 -0.0943586 -0.172616 0.342631 0.199138 0.0829983 0.914363
1305031792.641219 -0.0526489 -0.0877577 -0.169029 0.324663 0.201489 0.0842389 0.920272
1305031792.677662 -0.0477966 -0.0755031 -0.156768 0.309804 0.20381 0.0882902 0.924493
1305031792.709219 -0.0391641 -0.0749445 -0.161131 0.291294 0.205059 0.0931034 0.929747
1305031792.741510 -0.028664 -0.0606215 -0.154368 0.274798 0.204475 0.0975135 0.934434
1305031792.777507 -0.028664 -0.0606215 -0.154368 0.274798 0.204475 0.0975135 0.934434
1305031792.809440 -0.0236482 -0.0566692 -0.149075 0.257006 0.204923 0.101938 0.938916
1305031792.845359 -0.0236482 -0.0566692 -0.149075 0.257006 0.204923 0.101938 0.938916
1305031792.877574 -0.0236482 -0.0566692 -0.149075 0.257006 0.204923 0.101938 0.938916
1305031792.909293 -0.016418 -0.0501422 -0.143837 0.241716 0.206224 0.107247 0.942095
1305031792.945340 -0.0070592 -0.0403428 -0.138765 0.227202 0.20474 0.115534 0.945046
1305031792.977564 0.00228598 -0.0283831 -0.13302 0.213031 0.201049 0.126631 0.947714
1305031793.009530 0.00771901 -0.020502 -0.127291 0.196548 0.198444 0.136312 0.950478
1305031793.045243 0.00771901 -0.020502 -0.127291 0.196548 0.198444 0.136312 0.950478
1305031793.077518 0.00771901 -0.020502 -0.127291 0.196548 0.198444 0.136312 0.950478
1305031793.109651 0.00771901 -0.020502 -0.127291 0.196548 0.198444 0.136312 0.950478
1305031793.145401 0.012472 -0.0133091 -0.12433 0.186058 0.203564 0.144504 0.950296
1305031793.177537 0.0149329 -0.0063545 -0.12182 0.176606 0.209335 0.150221 0.94996
1305031793.209609 0.0172471 0.00327815 -0.117058 0.167542 0.215802 0.154836 0.949413
1305031793.245617 0.0221802 0.0138119 -0.114105 0.157611 0.222014 0.159601 0.948892
1305031793.277180 0.0250644 0.0264212 -0.108823 0.148531 0.22843 0.164072 0.948071
1305031793.309399 0.0314966 0.038332 -0.105126 0.139157 0.233506 0.168602 0.947462
1305031793.345594 0.0314966 0.038332 -0.105126 0.139157 0.233506 0.168602 0.947462
1305031793.377232 0.0306435 0.0493488 -0.0980177 0.130406 0.238268 0.17601 0.946173
1305031793.405708 0.0306435 0.0493488 -0.0980177 0.130406 0.238268 0.17601 0.946173
1305031793.442259 0.0306435 0.0493488 -0.0980177 0.130406 0.238268 0.17601 0.946173
1305031793.474150 0.0306435 0.0493488 -0.0980177 0.130406 0.238268 0.17601 0.946173
1305031793.507244 0.0306435 0.0493488 -0.0980177 0.130406 0.238268 0.17601 0.946173
1305031793.545400 0.0306435 0.0493488 -0.0980177 0.130406 0.238268 0.17601 0.946173
1305031793.577186 0.0306435 0.0493488 -0.0980177 0.130406 0.238268 0.17601 0.946173
1305031793.609703 0.0306435 0.0493488 -0.0980177 0.130406 0.238268 0.17601 0.946173
1305031793.645429 0.0306435 0.0493488 -0.0980177 0.130406 0.238268 0.17601 0.946173
1305031793.677435 0.0306435 0.0493488 -0.0980177 0.130406 0.238268 0.17601 0.946173
1305031793.709532 0.0306435 0.0493488 -0.0980177 0.130406 0.238268 0.17601 0.946173
1305031793.745574 0.0306435 0.0493488 -0.0980177 0.130406 0.238268 0.17601 0.946173
1305031793.777364 0.0306435 0.0493488 -0.0980177 0.130406 0.238268 0.17601 0.946173
1305031793.809469 0.0306435 0.0493488 -0.0980177 0.130406 0.238268 0.17601 0.946173
1305031793.844756 0.0306435 0.0493488 -0.0980177 0.130406 0.238268 0.17601 0.946173
1305031793.876455 0.0306435 0.0493488 -0.0980177 0.130406 0.238268 0.17601 0.946173
1305031793.908753 0.0306435 0.0493488 -0.0980177 0.130406 0.238268 0.17601 0.946173
1305031793.946431 0.0306435 0.0493488 -0.0980177 0.130406 0.238268 0.17601 0.946173
1305031793.976745 0.0306435 0.0493488 -0.0980177 0.130406 0.238268 0.17601 0.946173
1305031794.009162 0.0306435 0.0493488 -0.0980177 0.130406 0.238268 0.17601 0.946173
1305031794.044747 0.0306435 0.0493488 -0.0980177 0.130406 0.238268 0.17601 0.946173
1305031794.076455 0.0306435 0.0493488 -0.0980177 0.130406 0.238268 0.17601 0.946173
1305031794.112475 0.0306435 0.0493488 -0.0980177 0.130406 0.238268 0.17601 0.946173
1305031794.145599 0.0306435 0.0493488 -0.0980177 0.130406 0.238268 0.17601 0.946173
1305031794.177734 0.0306435 0.0493488 -0.0980177 0.130406 0.238268 0.17601 0.946173
1305031794.213866 0.0306435 0.0493488 -0.0980177 0.130406 0.238268 0.17601 0.946173
1305031794.245539 0.0306435 0.0493488 -0.0980177 0.130406 0.238268 0.17601 0.946173
1305031794.277346 0.0306435 0.0493488 -0.0980177 0.130406 0.238268 0.17601 0.946173
1305031794.313708 0.0306435 0.0493488 -0.0980177 0.130406 0.238268 0.17601 0.946173
1305031794.345350 0.0306435 0.0493488 -0.0980177 0.130406 0.238268 0.17601 0.946173
1305031794.377641 0.0306435 0.0493488 -0.0980177 0.130406 0.238268 0.17601 0.946173
1305031794.414154 0.0306435 0.0493488 -0.0980177 0.130406 0.238268 0.17601 0.946173
1305031794.445415 0.0306435 0.0493488 -0.0980177 0.130406 0.238268 0.17601 0.946173
1305031794.477731 0.0287736 0.0406665 -0.110192 0.141655 0.240003 0.171808 0.944888
1305031794.513643 0.0287736 0.0406665 -0.110192 0.141655 0.240003 0.171808 0.944888
1305031794.545650 0.024358 0.0380017 -0.120202 0.156333 0.241761 0.171062 0.942257
1305031794.577340 0.0163615 0.0297118 -0.129698 0.168596 0.24719 0.168595 0.939174
1305031794.613627 0.0175869 0.0194211 -0.143628 0.182107 0.252837 0.16693 0.935438
1305031794.645569 0.0166025 0.0143094 -0.155552 0.198164 0.261848 0.165143 0.929997
1305031794.677507 0.0169769 0.0095987 -0.168039 0.214153 0.273656 0.161985 0.923586
1305031794.713599 0.0170624 0.0116052 -0.177908 0.231568 0.286742 0.157801 0.916108
1305031794.745368 0.0205039 0.00170338 -0.197776 0.246137 0.300793 0.155677 0.908133
1305031794.776816 0.0184768 -0.0061194 -0.218408 0.265153 0.319328 0.15431 0.896611
1305031794.813463 0.0141637 -0.0122446 -0.236565 0.285095 0.339133 0.151065 0.883679
1305031794.846026 0.0098689 -0.00971354 -0.250988 0.30616 0.357951 0.144729 0.870167
1305031794.873764 0.00623224 -0.012327 -0.268258 0.325059 0.37529 0.139344 0.856783
1305031794.910108 0.000274342 -0.016571 -0.286973 0.344609 0.390888 0.133486 0.84299
1305031794.945596 -0.00636167 -0.0203552 -0.302515 0.362901 0.40417 0.127664 0.82985
1305031794.977250 -0.0100631 -0.0191262 -0.320771 0.378645 0.414871 0.12231 0.81826
1305031795.013538 -0.0188911 -0.0157695 -0.327928 0.393088 0.425437 0.118373 0.806519
1305031795.045683 -0.0255491 -0.0176817 -0.341062 0.403263 0.432277 0.117691 0.797913
1305031795.077205 -0.0310775 -0.0179281 -0.352549 0.41019 0.437974 0.1186 0.791112
1305031795.113230 -0.0391802 -0.023593 -0.358393 0.419058 0.445261 0.120228 0.782099
1305031795.145139 -0.0505526 -0.0303673 -0.368351 0.435032 0.453225 0.119394 0.768817
1305031795.177574 -0.0597859 -0.0344727 -0.377847 0.449369 0.461988 0.116531 0.755682
1305031795.213517 -0.0704019 -0.0400723 -0.386716 0.461616 0.46872 0.118212 0.7438
1305031795.245440 -0.0786987 -0.0446885 -0.39983 0.473669 0.47287 0.119383 0.733335
1305031795.277594 -0.0890957 -0.052112 -0.411198 0.484408 0.477382 0.118897 0.723407
1305031795.312820 -0.0966192 -0.0551881 -0.428347 0.492918 0.482122 0.1174 0.714708
1305031795.345404 -0.103691 -0.0592246 -0.440255 0.500729 0.489192 0.114994 0.704797
1305031795.381033 -0.112328 -0.0635891 -0.450974 0.507337 0.499516 0.110886 0.693396
1305031795.413248 -0.112328 -0.0635891 -0.450974 0.507337 0.499516 0.110886 0.693396
1305031795.444944 -0.112328 -0.0635891 -0.450974 0.507337 0.499516 0.110886 0.693396
1305031795.480855 -0.112328 -0.0635891 -0.450974 0.507337 0.499516 0.110886 0.693396
1305031795.509058 -0.112328 -0.0635891 -0.450974 0.507337 0.499516 0.110886 0.693396
1305031795.543822 -0.112328 -0.0635891 -0.450974 0.507337 0.499516 0.110886 0.693396
1305031795.580571 -0.112328 -0.0635891 -0.450974 0.507337 0.499516 0.110886 0.693396
1305031795.612694 -0.112328 -0.0635891 -0.450974 0.507337 0.499516 0.110886 0.693396
1305031795.644499 -0.112328 -0.0635891 -0.450974 0.507337 0.499516 0.110886 0.693396
1305031795.680455 -0.112328 -0.0635891 -0.450974 0.507337 0.499516 0.110886 0.693396
1305031795.713145 -0.112328 -0.0635891 -0.450974 0.507337 0.499516 0.110886 0.693396
1305031795.745356 -0.112328 -0.0635891 -0.450974 0.507337 0.499516 0.110886 0.693396
1305031795.781187 -0.112328 -0.0635891 -0.450974 0.507337 0.499516 0.110886 0.693396
1305031795.812774 -0.112328 -0.0635891 -0.450974 0.507337 0.499516 0.110886 0.693396
1305031795.844570 -0.112328 -0.0635891 -0.450974 0.507337 0.499516 0.110886 0.693396
1305031795.880527 -0.112328 -0.0635891 -0.450974 0.507337 0.499516 0.110886 0.693396
1305031795.909127 -0.112046 -0.064944 -0.438345 0.497403 0.501208 0.12278 0.697356
1305031795.944316 -0.111355 -0.0680026 -0.427651 0.487199 0.503457 0.13354 0.700953
1305031795.980897 -0.111355 -0.0680026 -0.427651 0.487199 0.503457 0.13354 0.700953
1305031796.012654 -0.10095 -0.0581285 -0.421779 0.473575 0.508093 0.143303 0.705005
1305031796.045068 -0.0921682 -0.0524491 -0.41717 0.461301 0.511029 0.156311 0.70825
1305031796.081241 -0.0921682 -0.0524491 -0.41717 0.461301 0.511029 0.156311 0.70825
1305031796.113736 -0.0921682 -0.0524491 -0.41717 0.461301 0.511029 0.156311 0.70825
1305031796.145545 -0.0921682 -0.0524491 -0.41717 0.461301 0.511029 0.156311 0.70825
1305031796.179196 -0.0921682 -0.0524491 -0.41717 0.461301 0.511029 0.156311 0.70825
1305031796.212249 -0.0747748 -0.0205669 -0.420125 0.450762 0.512557 0.169917 0.710793
1305031796.244465 -0.0657615 -0.000472176 -0.421995 0.439477 0.51554 0.182952 0.712466
1305031796.280467 -0.0601967 0.0168841 -0.418047 0.43121 0.519436 0.19638 0.711111
1305031796.312376 -0.0568536 0.0332159 -0.407807 0.423362 0.521975 0.209428 0.710244
1305031796.342290 -0.054859 0.0473295 -0.398169 0.413776 0.523006 0.222738 0.711086
1305031796.380122 -0.0550518 0.0559884 -0.392044 0.404448 0.52332 0.235514 0.712103
1305031796.411800 -0.054717 0.064416 -0.381279 0.395354 0.524342 0.247969 0.71223
1305031796.444268 -0.0543601 0.0715917 -0.374029 0.383848 0.523609 0.26256 0.713832
1305031796.481198 -0.0550244 0.077479 -0.365884 0.374313 0.523344 0.273897 0.71483
1305031796.512896 -0.0546616 0.0855895 -0.353615 0.365915 0.52474 0.281916 0.715037
1305031796.544633 -0.0543159 0.0932826 -0.339066 0.355379 0.526283 0.292323 0.715038
1305031796.581150 -0.0543852 0.100609 -0.329847 0.345412 0.525911 0.303205 0.715664
1305031796.613198 -0.054355 0.107774 -0.317906 0.336753 0.524308 0.314242 0.716206
1305031796.649045 -0.0544687 0.115077 -0.308073 0.326048 0.519565 0.325437 0.719608
1305031796.679446 -0.0552285 0.120878 -0.300102 0.314518 0.513878 0.336474 0.723736
1305031796.712815 -0.056466 0.125853 -0.291129 0.304421 0.509384 0.347197 0.726161
1305031796.749489 -0.0576557 0.132795 -0.282346 0.296194 0.505235 0.357934 0.727248
1305031796.781421 -0.0588385 0.140938 -0.273113 0.287195 0.500921 0.367105 0.729267
1305031796.813561 -0.0609638 0.148238 -0.263342 0.27835 0.495705 0.378054 0.730666
1305031796.849638 -0.0626467 0.154728 -0.257462 0.271012 0.489473 0.388761 0.732007
1305031796.877643 -0.0669672 0.163237 -0.246169 0.26469 0.484125 0.396752 0.733587
1305031796.913380 -0.070307 0.171793 -0.236099 0.255759 0.477249 0.405696 0.736364
1305031796.949604 -0.0728351 0.17615 -0.230082 0.246934 0.469775 0.416335 0.738241
1305031796.980992 -0.0778015 0.183653 -0.219758 0.240226 0.464265 0.423177 0.740048
1305031797.013555 -0.0826605 0.189087 -0.210861 0.23159 0.459172 0.430891 0.741526
1305031797.049352 -0.0880511 0.193979 -0.20179 0.223836 0.45623 0.437728 0.741718
1305031797.081428 -0.0931325 0.198102 -0.193136 0.215462 0.454105 0.443698 0.741954
1305031797.112264 -0.0982425 0.201333 -0.183813 0.20809 0.452191 0.450077 0.741386
1305031797.149559 -0.101873 0.204754 -0.177982 0.200612 0.448524 0.458359 0.7406
1305031797.181442 -0.10699 0.209559 -0.171383 0.195281 0.443658 0.467354 0.739333
1305031797.213717 -0.112255 0.213893 -0.165095 0.191181 0.43804 0.476737 0.737762
1305031797.249736 -0.117205 0.218003 -0.160407 0.186004 0.430329 0.48524 0.73808
1305031797.281280 -0.123184 0.222034 -0.155683 0.180593 0.421713 0.493238 0.739094
1305031797.313591 -0.130588 0.22533 -0.150391 0.176937 0.414642 0.499082 0.740056
1305031797.349653 -0.13705 0.229418 -0.145538 0.172759 0.410325 0.503145 0.740697
1305031797.381725 -0.144047 0.232545 -0.140252 0.16916 0.406894 0.507494 0.740454
1305031797.413444 -0.150041 0.233175 -0.136164 0.166732 0.403671 0.514905 0.737647
1305031797.449459 -0.155523 0.233658 -0.132659 0.165387 0.401135 0.519669 0.73599
1305031797.481250 -0.160171 0.234614 -0.131194 0.165043 0.398985 0.524175 0.734038
1305031797.511821 -0.16424 0.234711 -0.130291 0.165758 0.397338 0.528584 0.731605
1305031797.549595 -0.168379 0.235336 -0.132562 0.167246 0.39629 0.531584 0.729658
1305031797.577492 -0.171237 0.232357 -0.136952 0.172534 0.398501 0.532496 0.726551
1305031797.613482 -0.174019 0.230723 -0.142581 0.180521 0.403866 0.531304 0.72251
1305031797.649463 -0.176329 0.228428 -0.149596 0.190678 0.41229 0.530569 0.715651
1305031797.681494 -0.176329 0.228428 -0.149596 0.190678 0.41229 0.530569 0.715651
1305031797.711478 -0.180622 0.227034 -0.159104 0.200795 0.425279 0.522876 0.710929
1305031797.749330 -0.183006 0.226404 -0.171801 0.210051 0.437559 0.517724 0.704544
1305031797.781348 -0.191707 0.226691 -0.180152 0.21817 0.454636 0.506621 0.699316
1305031797.815855 -0.191707 0.226691 -0.180152 0.21817 0.454636 0.506621 0.699316
1305031797.849306 -0.196567 0.221264 -0.192887 0.224707 0.467877 0.501136 0.692431
1305031797.877576 -0.196567 0.221264 -0.192887 0.224707 0.467877 0.501136 0.692431
1305031797.917116 -0.196567 0.221264 -0.192887 0.224707 0.467877 0.501136 0.692431
1305031797.949871 -0.200716 0.213019 -0.202282 0.236014 0.485066 0.497033 0.679681
1305031797.981971 -0.204798 0.205991 -0.214013 0.247831 0.503255 0.490065 0.667196
1305031798.015269 -0.208783 0.200767 -0.225167 0.260285 0.521726 0.483571 0.652849
1305031798.049495 -0.213162 0.197976 -0.236951 0.272509 0.537641 0.477628 0.639181
1305031798.081417 -0.216955 0.191318 -0.248139 0.283561 0.551959 0.472788 0.625624
1305031798.114860 -0.220766 0.184331 -0.26026 0.293957 0.567546 0.465914 0.611887
1305031798.149092 -0.224872 0.178232 -0.270366 0.303998 0.581352 0.461037 0.597544
1305031798.180856 -0.227825 0.171538 -0.278499 0.313368 0.592974 0.45741 0.583916
1305031798.216938 -0.230077 0.165611 -0.287886 0.319728 0.602957 0.45339 0.573284
1305031798.249843 -0.232871 0.15958 -0.300869 0.32497 0.61405 0.448937 0.561955
1305031798.277285 -0.235558 0.151312 -0.308241 0.330507 0.627869 0.4441 0.547102
1305031798.317008 -0.236878 0.141555 -0.315489 0.335098 0.640425 0.440106 0.532796
1305031798.349326 -0.237118 0.132096 -0.325428 0.339929 0.651826 0.43503 0.519923
1305031798.381412 -0.236658 0.123086 -0.33111 0.344724 0.663225 0.428907 0.507284
1305031798.417238 -0.235022 0.114641 -0.337572 0.347572 0.675039 0.423035 0.494528
1305031798.449066 -0.23264 0.10815 -0.345734 0.35152 0.685814 0.418052 0.480963
1305031798.481517 -0.231287 0.102609 -0.348352 0.358651 0.696244 0.412639 0.465127
1305031798.517491 -0.229384 0.095701 -0.354398 0.363884 0.707115 0.405136 0.451046
1305031798.548782 -0.227153 0.0886671 -0.360819 0.36656 0.717692 0.399312 0.437152
1305031798.581190 -0.227396 0.0823399 -0.368701 0.371298 0.727057 0.394464 0.421811
1305031798.616969 -0.225797 0.0721151 -0.375864 0.377045 0.735515 0.389674 0.406214
1305031798.649387 -0.226142 0.066352 -0.382782 0.38187 0.742969 0.38584 0.391536
1305031798.681173 -0.222682 0.0566834 -0.385795 0.387426 0.749686 0.383899 0.374825
1305031798.717545 -0.220344 0.0507387 -0.388514 0.395206 0.755878 0.380939 0.356857
1305031798.749417 -0.222069 0.0422275 -0.398569 0.40223 0.76169 0.377439 0.339969
1305031798.780379 -0.221492 0.033131 -0.404328 0.406287 0.768734 0.371115 0.325964
1305031798.816718 -0.223171 0.0218808 -0.415563 0.407974 0.776343 0.363669 0.313995
1305031798.848499 -0.221188 0.0106574 -0.418781 0.409498 0.785273 0.354112 0.300437
1305031798.880461 -0.2246 0.00134711 -0.426216 0.410178 0.79213 0.346687 0.289987
1305031798.916769 -0.225956 -0.0109836 -0.433181 0.412843 0.797631 0.338792 0.280296
1305031798.948386 -0.225964 -0.0190043 -0.435874 0.411883 0.803547 0.33045 0.274713
1305031798.977548 -0.228576 -0.0305735 -0.443655 0.411724 0.808131 0.324758 0.268214
1305031799.016423 -0.231785 -0.0457228 -0.452573 0.411831 0.812827 0.318618 0.261132
1305031799.048165 -0.232741 -0.0534986 -0.452434 0.409495 0.819031 0.310802 0.254762
1305031799.084229 -0.236143 -0.0612637 -0.455743 0.405082 0.824998 0.305572 0.248822
1305031799.116275 -0.23784 -0.0715582 -0.456407 0.400693 0.830219 0.302828 0.241819
1305031799.148353 -0.232559 -0.0788692 -0.452975 0.396896 0.835339 0.299633 0.234313
1305031799.184133 -0.23652 -0.0806828 -0.451104 0.394916 0.838426 0.297719 0.229013
1305031799.216330 -0.24226 -0.0838205 -0.450536 0.396063 0.838843 0.298443 0.22452
1305031799.248919 -0.244367 -0.085628 -0.444704 0.394834 0.839677 0.299794 0.221746
1305031799.282109 -0.242195 -0.0843016 -0.435141 0.392074 0.841522 0.30103 0.217945
1305031799.317052 -0.248699 -0.0850244 -0.43195 0.389016 0.842606 0.304505 0.214381
1305031799.345225 -0.248376 -0.0858672 -0.425085 0.384537 0.844389 0.308155 0.210186
1305031799.385836 -0.256087 -0.0812185 -0.418083 0.3806 0.845996 0.310655 0.20719
1305031799.417030 -0.262503 -0.0843681 -0.414374 0.378191 0.845692 0.316473 0.204013
1305031799.449416 -0.266835 -0.0775489 -0.404911 0.377092 0.843867 0.322787 0.203714
1305031799.485270 -0.27269 -0.0711414 -0.392883 0.373796 0.84152 0.331388 0.205675
1305031799.517032 -0.277296 -0.0662477 -0.381966 0.3685 0.839076 0.341495 0.208663
1305031799.548193 -0.278747 -0.059138 -0.366742 0.363442 0.836675 0.351131 0.211169
1305031799.581386 -0.279498 -0.0598311 -0.357484 0.358162 0.833037 0.363754 0.213194
1305031799.617188 -0.282089 -0.0531293 -0.345893 0.354024 0.828529 0.376151 0.216141
1305031799.649673 -0.286871 -0.046323 -0.334721 0.350797 0.823734 0.38783 0.219068
1305031799.685493 -0.289201 -0.0403594 -0.322235 0.348279 0.818367 0.399782 0.221703
1305031799.717286 -0.291723 -0.0298145 -0.306876 0.344546 0.812775 0.411624 0.226385
1305031799.749321 -0.292987 -0.0218718 -0.293876 0.342099 0.806654 0.423594 0.229883
1305031799.785018 -0.297288 -0.0149115 -0.281439 0.341161 0.799962 0.435292 0.232789
1305031799.814639 -0.299569 -0.00397672 -0.262404 0.338512 0.793637 0.446276 0.237462
1305031799.849553 -0.300207 0.000782585 -0.253253 0.336386 0.785686 0.459675 0.24133
1305031799.885163 -0.298025 0.0114595 -0.233503 0.335092 0.778767 0.470866 0.243969
1305031799.916952 -0.294704 0.0209657 -0.218123 0.331428 0.771992 0.482384 0.24797
1305031799.949350 -0.293916 0.0260852 -0.21136 0.325642 0.7644 0.496447 0.251377
1305031799.985260 -0.291695 0.0323409 -0.201154 0.323069 0.756309 0.509969 0.252103
1305031800.017573 -0.288887 0.0412295 -0.191954 0.320316 0.747641 0.52296 0.254838
1305031800.049428 -0.287416 0.0495855 -0.182898 0.316593 0.739014 0.535638 0.2583
1305031800.085033 -0.286874 0.0587683 -0.172183 0.313302 0.731132 0.546923 0.261081
1305031800.117205 -0.28452 0.0685099 -0.159988 0.309807 0.723632 0.557968 0.26277
1305031800.149430 -0.284801 0.076949 -0.151279 0.30308 0.71643 0.569723 0.265116
1305031800.185401 -0.284533 0.085593 -0.145538 0.2968 0.709762 0.581571 0.264429
1305031800.217472 -0.282339 0.0936068 -0.132556 0.292286 0.702732 0.593295 0.262178
1305031800.249376 -0.280973 0.104693 -0.119078 0.290022 0.69265 0.606466 0.261388
1305031800.285574 -0.278656 0.11208 -0.111313 0.285507 0.681788 0.620049 0.263039
1305031800.317706 -0.277828 0.121773 -0.100642 0.281184 0.672074 0.631961 0.264344
1305031800.353570 -0.275425 0.129862 -0.0933204 0.275211 0.662654 0.644411 0.264356
1305031800.386128 -0.272406 0.136863 -0.0845553 0.269145 0.653269 0.656999 0.262969
1305031800.417282 -0.269816 0.143439 -0.0778914 0.263763 0.643617 0.669517 0.260641
1305031800.453754 -0.267911 0.152232 -0.0721808 0.259377 0.633144 0.682071 0.258131
1305031800.485575 -0.266324 0.158324 -0.0676475 0.25517 0.623071 0.693853 0.255419
1305031800.517739 -0.265694 0.165986 -0.0636941 0.252926 0.612783 0.704845 0.252426
1305031800.553340 -0.265222 0.172865 -0.0613782 0.250606 0.602199 0.715945 0.248947
1305031800.585490 -0.264993 0.17857 -0.0581417 0.247623 0.592832 0.725673 0.246235
1305031800.617831 -0.264836 0.183248 -0.0541672 0.243479 0.585225 0.734128 0.243485
1305031800.653624 -0.265378 0.188274 -0.0481011 0.240657 0.577372 0.742134 0.240755
1305031800.685405 -0.265378 0.188274 -0.0481011 0.240657 0.577372 0.742134 0.240755
1305031800.713947 -0.263158 0.190421 -0.0461562 0.239102 0.56928 0.750254 0.236369
1305031800.753166 -0.263158 0.190421 -0.0461562 0.239102 0.56928 0.750254 0.236369
1305031800.784054 -0.261883 0.19629 -0.0498886 0.238916 0.563163 0.756127 0.232462
1305031800.816096 -0.262269 0.201739 -0.0565815 0.239666 0.558601 0.761084 0.226442
1305031800.853919 -0.262269 0.201739 -0.0565815 0.239666 0.558601 0.761084 0.226442
1305031800.885396 -0.262269 0.201739 -0.0565815 0.239666 0.558601 0.761084 0.226442
1305031800.917427 -0.262269 0.201739 -0.0565815 0.239666 0.558601 0.761084 0.226442
1305031800.953700 -0.262269 0.201739 -0.0565815 0.239666 0.558601 0.761084 0.226442
1305031800.985467 -0.262269 0.201739 -0.0565815 0.239666 0.558601 0.761084 0.226442
1305031801.017256 -0.28181 0.208916 -0.0698915 0.24435 0.577439 0.749596 0.212042
1305031801.053202 -0.295401 0.217111 -0.081276 0.249383 0.59511 0.738719 0.194796
1305031801.085709 -0.305882 0.216827 -0.0967743 0.251126 0.614141 0.726529 0.178669
1305031801.117929 -0.316552 0.215748 -0.103639 0.251723 0.632998 0.713097 0.165654
1305031801.149557 -0.325297 0.212234 -0.116492 0.248399 0.650679 0.701044 0.153141
1305031801.183875 -0.335897 0.206005 -0.132676 0.245101 0.669137 0.687602 0.13923
1305031801.213176 -0.346276 0.198194 -0.143532 0.243399 0.687682 0.672707 0.123758
1305031801.253746 -0.359761 0.190293 -0.156867 0.24252 0.703474 0.6589 0.110271
1305031801.285341 -0.362999 0.17538 -0.167697 0.241338 0.71761 0.64605 0.09701
1305031801.318014 -0.362999 0.17538 -0.167697 0.241338 0.71761 0.64605 0.09701
1305031801.353094 -0.377168 0.163965 -0.179897 0.241368 0.729055 0.634498 0.0873686
1305031801.385194 -0.384669 0.149767 -0.190608 0.239112 0.740315 0.623462 0.0778052
1305031801.417407 -0.390449 0.13317 -0.207785 0.236426 0.749349 0.614614 0.0694828
1305031801.453727 -0.399006 0.121878 -0.216357 0.23638 0.758274 0.604341 0.062581
1305031801.485350 -0.403241 0.109299 -0.224429 0.236583 0.766627 0.594398 0.0547999
1305031801.521131 -0.407071 0.0963871 -0.237434 0.23719 0.774574 0.584367 0.0478667
1305031801.550374 -0.412569 0.0886156 -0.240555 0.239905 0.782995 0.572329 0.0424694
1305031801.585137 -0.416306 0.0805145 -0.244476 0.240548 0.79193 0.559935 0.0381592
1305031801.621227 -0.419467 0.0720633 -0.24841 0.242282 0.800452 0.547282 0.0325363
1305031801.653135 -0.420958 0.061626 -0.255037 0.244059 0.809201 0.533832 0.0255319
1305031801.685234 -0.422997 0.0501912 -0.263644 0.245083 0.81881 0.518808 0.0179801
1305031801.721833 -0.425434 0.0407181 -0.268537 0.243933 0.829462 0.502347 0.0116801
1305031801.752492 -0.428861 0.0316488 -0.273513 0.244218 0.838946 0.486313 0.00510449
1305031801.785189 -0.432176 0.0173805 -0.283555 0.242534 0.84764 0.471894 -0.000293743
1305031801.821431 -0.435487 0.0063601 -0.289176 0.237912 0.856179 0.458619 -0.00495473
1305031801.851024 -0.438859 -0.00370358 -0.293302 0.235602 0.863788 0.44522 -0.0119125
1305031801.885594 -0.442766 -0.0164245 -0.299598 0.234735 0.870766 0.431628 -0.0190668
1305031801.921490 -0.44183 -0.0255919 -0.302547 0.233711 0.877213 0.418589 -0.0257005
1305031801.953537 -0.444164 -0.0326071 -0.301704 0.2335 0.882499 0.407231 -0.028915
1305031801.985210 -0.445879 -0.0382806 -0.301523 0.234548 0.886693 0.397245 -0.0309737
1305031802.019644 -0.451714 -0.0485018 -0.305203 0.237532 0.889225 0.389491 -0.0339675
1305031802.053402 -0.453115 -0.057292 -0.307315 0.239441 0.892273 0.380808 -0.0387717
1305031802.085036 -0.457992 -0.0652829 -0.308739 0.23824 0.895845 0.372538 -0.0437984
1305031802.121342 -0.463722 -0.0748745 -0.31071 0.236671 0.89994 0.362586 -0.051247
1305031802.153506 -0.465998 -0.0835865 -0.310868 0.230745 0.905088 0.352118 -0.0598781
1305031802.184646 -0.466381 -0.0890838 -0.307201 0.226012 0.908694 0.34393 -0.0700375
1305031802.219780 -0.471531 -0.0946116 -0.304338 0.2214 0.910314 0.340966 -0.0777981
1305031802.253201 -0.475389 -0.0971852 -0.297987 0.216749 0.911189 0.339823 -0.0852951
1305031802.285410 -0.480321 -0.0991822 -0.288848 0.214778 0.910532 0.340789 -0.0930803
1305031802.321392 -0.479718 -0.0983928 -0.279131 0.212848 0.909345 0.343308 -0.0996348
1305031802.353673 -0.480588 -0.0988213 -0.272302 0.209928 0.907672 0.348334 -0.103559
1305031802.385256 -0.485379 -0.100597 -0.266611 0.205737 0.906494 0.352837 -0.106989
1305031802.421381 -0.487214 -0.100199 -0.25785 0.201719 0.905935 0.35503 -0.112007
1305031802.449815 -0.488688 -0.101374 -0.25314 0.197871 0.904082 0.360547 -0.116145
1305031802.485366 -0.487032 -0.0987427 -0.245242 0.194256 0.902476 0.365344 -0.119688
1305031802.521559 -0.487315 -0.099246 -0.242475 0.191951 0.899973 0.371699 -0.122651
1305031802.553684 -0.487033 -0.0926296 -0.233271 0.188739 0.896646 0.380884 -0.123814
1305031802.585533 -0.488488 -0.0894934 -0.228344 0.184271 0.891319 0.395129 -0.124365
1305031802.621150 -0.488777 -0.0816376 -0.216689 0.180015 0.885594 0.409408 -0.125312
1305031802.651432 -0.48543 -0.073566 -0.208738 0.174575 0.87649 0.430227 -0.127252
1305031802.685539 -0.486063 -0.0615785 -0.194484 0.172781 0.86588 0.451356 -0.129135
1305031802.721583 -0.485692 -0.0501157 -0.182881 0.173257 0.85485 0.471651 -0.129458
1305031802.751226 -0.483086 -0.0385969 -0.17229 0.169673 0.844675 0.491194 -0.128313
1305031802.789007 -0.484164 -0.0253494 -0.160479 0.169086 0.83282 0.511254 -0.128219
1305031802.821805 -0.482051 -0.00700317 -0.143402 0.167892 0.822106 0.527933 -0.131303
1305031802.853857 -0.478335 0.00550192 -0.13209 0.167154 0.810655 0.543806 -0.138463
1305031802.890975 -0.479469 0.0199199 -0.118057 0.167594 0.799437 0.558276 -0.145397
1305031802.921571 -0.48111 0.0308507 -0.107535 0.167392 0.788972 0.571661 -0.150689
1305031802.954186 -0.477003 0.0443939 -0.0918588 0.16575 0.779942 0.582609 -0.15743
1305031802.989730 -0.472888 0.0561286 -0.0836507 0.163309 0.770559 0.593158 -0.166531
1305031803.021911 -0.473505 0.0670026 -0.0746804 0.159584 0.761229 0.603726 -0.174867
1305031803.053859 -0.477048 0.0786386 -0.0632955 0.156117 0.75124 0.61449 -0.183489
1305031803.089624 -0.474154 0.0874018 -0.0537654 0.153921 0.74161 0.623505 -0.193817
1305031803.122288 -0.469408 0.0967743 -0.0392471 0.15247 0.732299 0.63154 -0.20408
1305031803.153738 -0.470374 0.104869 -0.0289286 0.151887 0.721499 0.641296 -0.212391
1305031803.189456 -0.471171 0.110978 -0.0211421 0.153644 0.710617 0.649756 -0.221888
1305031803.222097 -0.471162 0.116252 -0.0106946 0.155513 0.700613 0.657031 -0.230797
1305031803.253833 -0.46667 0.120654 0.000382895 0.155182 0.690342 0.665328 -0.238087
1305031803.289513 -0.464834 0.125098 0.00770587 0.156293 0.679401 0.673345 -0.246155
1305031803.317616 -0.458998 0.129392 0.0154959 0.156619 0.669173 0.680583 -0.25394
1305031803.353839 -0.455245 0.135332 0.0226987 0.156943 0.658708 0.688517 -0.259646
1305031803.393279 -0.44974 0.140781 0.0289629 0.157414 0.648022 0.696263 -0.265528
1305031803.421427 -0.44578 0.144279 0.0348362 0.159546 0.638301 0.702314 -0.271793
1305031803.449958 -0.442611 0.147103 0.0418476 0.160813 0.630398 0.707208 -0.276759
1305031803.489758 -0.437841 0.150541 0.048016 0.160818 0.622234 0.71253 -0.281538
1305031803.517807 -0.43306 0.153861 0.0533778 0.161979 0.613678 0.717358 -0.28733
1305031803.553175 -0.428368 0.156102 0.0592455 0.163805 0.606346 0.721124 -0.292389
1305031803.588621 -0.423362 0.158859 0.0648864 0.166636 0.599504 0.724163 -0.297347
1305031803.617801 -0.419441 0.161867 0.0694634 0.169864 0.592681 0.728151 -0.299453
1305031803.654299 -0.415071 0.165205 0.0752205 0.171648 0.586332 0.732979 -0.299155
1305031803.686328 -0.413679 0.168008 0.0803083 0.173152 0.579254 0.738278 -0.299047
1305031803.721631 -0.410849 0.169675 0.0850837 0.175384 0.570626 0.743648 -0.301023
1305031803.754202 -0.405171 0.171803 0.0914103 0.179839 0.561409 0.749329 -0.301635
1305031803.789665 -0.404617 0.173256 0.0970504 0.186921 0.550545 0.756941 -0.298331
1305031803.822228 -0.404617 0.173256 0.0970504 0.186921 0.550545 0.756941 -0.298331
1305031803.854272 -0.398679 0.173942 0.10507 0.191599 0.541047 0.7643 -0.293946
1305031803.894274 -0.398679 0.173942 0.10507 0.191599 0.541047 0.7643 -0.293946
1305031803.922306 -0.398679 0.173942 0.10507 0.191599 0.541047 0.7643 -0.293946
1305031803.953878 -0.398679 0.173942 0.10507 0.191599 0.541047 0.7643 -0.293946
1305031803.986986 -0.398679 0.173942 0.10507 0.191599 0.541047 0.7643 -0.293946
1305031804.021991 -0.398679 0.173942 0.10507 0.191599 0.541047 0.7643 -0.293946
1305031804.057867 -0.398679 0.173942 0.10507 0.191599 0.541047 0.7643 -0.293946
1305031804.090568 -0.398679 0.173942 0.10507 0.191599 0.541047 0.7643 -0.293946
1305031804.121807 -0.398679 0.173942 0.10507 0.191599 0.541047 0.7643 -0.293946
1305031804.159547 -0.384884 0.168296 0.116882 0.195681 0.533936 0.768195 -0.294104
1305031804.190025 -0.384884 0.168296 0.116882 0.195681 0.533936 0.768195 -0.294104
1305031804.221943 -0.384884 0.168296 0.116882 0.195681 0.533936 0.768195 -0.294104
1305031804.257543 -0.384884 0.168296 0.116882 0.195681 0.533936 0.768195 -0.294104
1305031804.289105 -0.384884 0.168296 0.116882 0.195681 0.533936 0.768195 -0.294104
1305031804.322186 -0.384884 0.168296 0.116882 0.195681 0.533936 0.768195 -0.294104
1305031804.357487 -0.384884 0.168296 0.116882 0.195681 0.533936 0.768195 -0.294104
1305031804.388583 -0.384884 0.168296 0.116882 0.195681 0.533936 0.768195 -0.294104
1305031804.420347 -0.384884 0.168296 0.116882 0.195681 0.533936 0.768195 -0.294104
1305031804.458421 -0.384884 0.168296 0.116882 0.195681 0.533936 0.768195 -0.294104
1305031804.488618 -0.384884 0.168296 0.116882 0.195681 0.533936 0.768195 -0.294104
1305031804.520334 -0.384884 0.168296 0.116882 0.195681 0.533936 0.768195 -0.294104
1305031804.553325 -0.384884 0.168296 0.116882 0.195681 0.533936 0.768195 -0.294104
1305031804.588603 -0.386221 0.143131 0.118942 0.187476 0.548627 0.75701 -0.301325
1305031804.620878 -0.386221 0.143131 0.118942 0.187476 0.548627 0.75701 -0.301325
1305031804.657048 -0.386221 0.143131 0.118942 0.187476 0.548627 0.75701 -0.301325
1305031804.689811 -0.388957 0.116112 0.121005 0.175851 0.561892 0.747834 -0.306755
1305031804.721742 -0.394606 0.0937 0.118161 0.164158 0.574662 0.73786 -0.313653
1305031804.761864 -0.400233 0.0740671 0.1121 0.150774 0.58822 0.726148 -0.322449
1305031804.794542 -0.401494 0.0576714 0.104666 0.133745 0.602862 0.71345 -0.331147
1305031804.822160 -0.407934 0.0409145 0.0969594 0.11672 0.618402 0.699746 -0.338099
1305031804.857799 -0.412042 0.0279519 0.0848171 0.0984853 0.63229 0.684969 -0.348322
1305031804.889635 -0.41551 0.0154998 0.074092 0.079302 0.64767 0.667659 -0.358422
1305031804.921987 -0.421376 0.00221134 0.0646011 0.0649646 0.661093 0.650639 -0.367974
1305031804.958018 -0.423973 -0.00796142 0.0535482 0.0529199 0.671065 0.636678 -0.376181
1305031804.989454 -0.429399 -0.0175029 0.0418345 0.0429275 0.680146 0.623726 -0.382785
1305031805.021251 -0.432634 -0.0267132 0.0280858 0.0351935 0.688137 0.609955 -0.391386
1305031805.053799 -0.433587 -0.033766 0.0188998 0.0284272 0.695905 0.59517 -0.400851
1305031805.088981 -0.439333 -0.0403562 0.00355305 0.022681 0.701874 0.582377 -0.409505
1305031805.120822 -0.447291 -0.0480522 -0.00625351 0.0190921 0.70866 0.569453 -0.416124
1305031805.156816 -0.450459 -0.0521897 -0.0176123 0.0142869 0.714577 0.558017 -0.421654
1305031805.188114 -0.454492 -0.0583368 -0.0250249 0.010091 0.71937 0.548546 -0.426032
1305031805.224830 -0.454492 -0.0583368 -0.0250249 0.010091 0.71937 0.548546 -0.426032
1305031805.256506 -0.458964 -0.0630646 -0.0316995 0.0041729 0.723378 0.539721 -0.43059
1305031805.288719 -0.46547 -0.0698322 -0.0455057 0.000571309 0.726154 0.531637 -0.43596
1305031805.324692 -0.47312 -0.0740767 -0.0576332 -0.00716765 0.729061 0.52401 -0.440264
1305031805.360488 -0.477582 -0.0804583 -0.0674857 -0.0193175 0.73205 0.515239 -0.445262
1305031805.392685 -0.477582 -0.0804583 -0.0674857 -0.0193175 0.73205 0.515239 -0.445262
1305031805.426082 -0.479276 -0.0843409 -0.0796594 -0.0312896 0.736182 0.501728 -0.453129
1305031805.455941 -0.489543 -0.100732 -0.0984352 -0.0428256 0.740075 0.491089 -0.457479
1305031805.488250 -0.48572 -0.096576 -0.111469 -0.0611278 0.743343 0.479899 -0.461953
1305031805.524339 -0.48572 -0.096576 -0.111469 -0.0611278 0.743343 0.479899 -0.461953
1305031805.555936 -0.48572 -0.096576 -0.111469 -0.0611278 0.743343 0.479899 -0.461953
1305031805.587800 -0.48572 -0.096576 -0.111469 -0.0611278 0.743343 0.479899 -0.461953
1305031805.626288 -0.48572 -0.096576 -0.111469 -0.0611278 0.743343 0.479899 -0.461953
1305031805.653600 -0.48572 -0.096576 -0.111469 -0.0611278 0.743343 0.479899 -0.461953
1305031805.688826 -0.48572 -0.096576 -0.111469 -0.0611278 0.743343 0.479899 -0.461953
1305031805.724499 -0.48572 -0.096576 -0.111469 -0.0611278 0.743343 0.479899 -0.461953
1305031805.756662 -0.48572 -0.096576 -0.111469 -0.0611278 0.743343 0.479899 -0.461953
1305031805.788800 -0.48572 -0.096576 -0.111469 -0.0611278 0.743343 0.479899 -0.461953
1305031805.825010 -0.48572 -0.096576 -0.111469 -0.0611278 0.743343 0.479899 -0.461953
1305031805.856722 -0.48572 -0.096576 -0.111469 -0.0611278 0.743343 0.479899 -0.461953
1305031805.888558 -0.474062 -0.114591 -0.0867742 -0.0487371 0.731483 0.493993 -0.46747
1305031805.924334 -0.467438 -0.125729 -0.0679107 -0.0369803 0.719912 0.506556 -0.473034
1305031805.956398 -0.463223 -0.129115 -0.0508741 -0.0266233 0.708823 0.517777 -0.478297
1305031805.990628 -0.463223 -0.129115 -0.0508741 -0.0266233 0.708823 0.517777 -0.478297
1305031806.026273 -0.457264 -0.13405 -0.034213 -0.0191466 0.697991 0.527279 -0.484168
1305031806.056329 -0.453018 -0.139031 -0.0151127 -0.0132251 0.687683 0.535662 -0.489881
1305031806.091003 -0.447104 -0.140522 -0.00554323 -0.0094341 0.676714 0.543345 -0.496734
1305031806.126194 -0.438997 -0.139308 0.0115507 0.00772033 -0.666348 -0.551491 0.501775
1305031806.160305 -0.431328 -0.137821 0.0286572 0.00322241 -0.65591 -0.558462 0.50783
1305031806.186461 -0.421433 -0.133238 0.0434417 -0.00168401 -0.64441 -0.56647 0.513658
1305031806.226737 -0.412906 -0.126642 0.0552113 -0.0087167 -0.630946 -0.576289 0.519348
1305031806.256407 -0.407911 -0.122777 0.0681343 -0.0149456 -0.618857 -0.586022 0.522849
1305031806.292064 -0.400728 -0.118592 0.0823817 -0.0196789 -0.606898 -0.595421 0.526081
1305031806.324430 -0.394989 -0.115289 0.0955929 -0.0282119 -0.594016 -0.603018 0.531713
1305031806.356698 -0.387523 -0.107923 0.106397 -0.0357881 -0.581555 -0.61024 0.536768
1305031806.388772 -0.379428 -0.1035 0.121733 -0.0453592 -0.570228 -0.617318 0.540093
1305031806.428086 -0.372329 -0.0972316 0.1326 -0.0562501 -0.557785 -0.62387 0.544516
1305031806.458170 -0.368695 -0.0910575 0.139914 -0.0650059 -0.546889 -0.628224 0.549565
1305031806.493660 -0.360554 -0.0865851 0.152624 -0.0674486 -0.538184 -0.633735 0.551533
1305031806.531887 -0.353093 -0.0808627 0.163925 -0.0698617 -0.526734 -0.638889 0.556319
1305031806.556751 -0.34386 -0.0744159 0.175155 -0.0752865 -0.515806 -0.641538 0.562765
1305031806.594170 -0.334498 -0.0676019 0.187341 -0.0820751 -0.504817 -0.647202 0.56529
1305031806.625910 -0.329359 -0.0600539 0.194547 -0.0894062 -0.49131 -0.654541 0.567623
1305031806.660594 -0.323532 -0.0541678 0.202485 -0.0968685 -0.47888 -0.658843 0.572028
1305031806.695601 -0.317731 -0.047455 0.209146 -0.106111 -0.465967 -0.660867 0.578679
1305031806.725479 -0.312174 -0.0424367 0.21606 -0.116924 -0.455027 -0.662876 0.582987
1305031806.757877 -0.312174 -0.0424367 0.21606 -0.116924 -0.455027 -0.662876 0.582987
1305031806.793755 -0.312174 -0.0424367 0.21606 -0.116924 -0.455027 -0.662876 0.582987
1305031806.821694 -0.304583 -0.0346261 0.219322 -0.124946 -0.446167 -0.664801 0.585972
1305031806.857332 -0.29748 -0.0276237 0.224052 -0.130417 -0.436322 -0.667201 0.589455
1305031806.893667 -0.29748 -0.0276237 0.224052 -0.130417 -0.436322 -0.667201 0.589455
1305031806.925528 -0.290896 -0.0193143 0.226446 -0.13686 -0.426727 -0.668309 0.593748
1305031806.957342 -0.285382 -0.0110638 0.228848 -0.14515 -0.417008 -0.668539 0.598408
1305031806.994718 -0.285382 -0.0110638 0.228848 -0.14515 -0.417008 -0.668539 0.598408
1305031807.025349 -0.281533 -0.00355459 0.229734 -0.151108 -0.408255 -0.668722 0.602748
1305031807.057482 -0.278151 0.00231249 0.231672 -0.155908 -0.400192 -0.667859 0.607868
1305031807.094797 -0.275318 0.00828916 0.232174 -0.16059 -0.392449 -0.666512 0.613153
1305031807.125639 -0.273813 0.0146854 0.231993 -0.163716 -0.385723 -0.664903 0.61832
1305031807.158021 -0.274151 0.020898 0.230203 -0.165489 -0.379066 -0.661796 0.625259
1305031807.193815 -0.275751 0.0252459 0.229131 -0.16617 -0.374043 -0.65773 0.632354
1305031807.226069 -0.278107 0.0285261 0.228201 -0.165753 -0.369723 -0.653164 0.639693
1305031807.258189 -0.282531 0.0316537 0.225801 -0.163947 -0.364944 -0.648181 0.647918
1305031807.294600 -0.289132 0.0310784 0.223901 -0.160808 -0.360951 -0.642663 0.656384
1305031807.325779 -0.295704 0.029087 0.221502 -0.155786 -0.357583 -0.635116 0.666703
1305031807.356999 -0.295704 0.029087 0.221502 -0.155786 -0.357583 -0.635116 0.666703
1305031807.394901 -0.295704 0.029087 0.221502 -0.155786 -0.357583 -0.635116 0.666703
1305031807.425389 -0.295704 0.029087 0.221502 -0.155786 -0.357583 -0.635116 0.666703
1305031807.456981 -0.295704 0.029087 0.221502 -0.155786 -0.357583 -0.635116 0.666703
1305031807.493776 -0.295704 0.029087 0.221502 -0.155786 -0.357583 -0.635116 0.666703
1305031807.525569 -0.319351 0.00105857 0.231467 -0.128289 -0.368034 -0.620426 0.680562
1305031807.558514 -0.330677 -0.0143885 0.234639 -0.106817 -0.37467 -0.60748 0.692229
1305031807.593758 -0.340378 -0.0278743 0.234041 -0.0853308 -0.379339 -0.594966 0.703446
1305031807.625726 -0.344359 -0.0402916 0.231865 -0.0610217 -0.384608 -0.583384 0.712752
1305031807.657923 -0.347164 -0.0495804 0.227832 -0.0427265 -0.387482 -0.573522 0.720489
1305031807.695218 -0.352436 -0.0583694 0.221223 -0.0263668 -0.390533 -0.562588 0.728206
1305031807.725763 -0.358524 -0.070273 0.213724 -0.00702472 -0.395834 -0.550243 0.735186
1305031807.763921 -0.360489 -0.0806213 0.208038 0.010901 -0.399787 -0.537725 0.742229
1305031807.794370 -0.365759 -0.0924283 0.199531 0.0277618 -0.404123 -0.525363 0.74827
1305031807.825649 -0.368689 -0.103796 0.191127 0.0423951 -0.410643 -0.511404 0.753685
1305031807.862767 -0.369754 -0.113246 0.182988 0.057533 -0.416653 -0.500637 0.756606
1305031807.895051 -0.372885 -0.122335 0.174252 0.071873 -0.420268 -0.491924 0.759092
1305031807.922091 -0.376367 -0.132983 0.165951 0.0849779 -0.424415 -0.481819 0.761906
1305031807.960371 -0.377886 -0.142077 0.156807 0.0987982 -0.428906 -0.471814 0.763983
1305031807.990310 -0.380249 -0.151914 0.146995 0.111555 -0.433976 -0.462101 0.765299
1305031808.025493 -0.381817 -0.161463 0.13748 0.122784 -0.439693 -0.450465 0.767252
1305031808.060837 -0.384547 -0.170701 0.126775 0.13385 -0.445575 -0.439126 0.76858
1305031808.094509 -0.386854 -0.181671 0.114996 0.145242 -0.451977 -0.428448 0.7688
1305031808.124869 -0.386905 -0.193172 0.10607 0.158008 -0.459129 -0.419242 0.767118
1305031808.160774 -0.388142 -0.203654 0.0938272 0.170263 -0.465233 -0.408851 0.766427
1305031808.193540 -0.391453 -0.218772 0.0771949 0.184121 -0.471537 -0.399961 0.764057
1305031808.224541 -0.391869 -0.229505 0.0622422 0.199023 -0.477575 -0.392042 0.760668
1305031808.259528 -0.393524 -0.241605 0.047866 0.208677 -0.48341 -0.386376 0.757286
1305031808.292602 -0.395743 -0.252329 0.0338183 0.216917 -0.488279 -0.380558 0.754789
1305031808.324524 -0.394055 -0.272404 0.0206507 0.226012 -0.493706 -0.373463 0.752129
1305031808.362374 -0.392147 -0.286427 0.00535116 0.236704 -0.498202 -0.365049 0.750004
1305031808.394090 -0.392025 -0.290603 -0.0100801 0.248063 -0.502062 -0.355864 0.748171
1305031808.427040 -0.392276 -0.301335 -0.0210608 0.257929 -0.506033 -0.348973 0.7454
1305031808.462622 -0.390234 -0.298967 -0.0338842 0.268666 -0.508344 -0.339905 0.744224
1305031808.493893 -0.390234 -0.298967 -0.0338842 0.268666 -0.508344 -0.339905 0.744224
1305031808.524551 -0.390234 -0.298967 -0.0338842 0.268666 -0.508344 -0.339905 0.744224
1305031808.561866 -0.390234 -0.298967 -0.0338842 0.268666 -0.508344 -0.339905 0.744224
1305031808.590231 -0.390234 -0.298967 -0.0338842 0.268666 -0.508344 -0.339905 0.744224
1305031808.624717 -0.390234 -0.298967 -0.0338842 0.268666 -0.508344 -0.339905 0.744224
1305031808.661004 -0.390234 -0.298967 -0.0338842 0.268666 -0.508344 -0.339905 0.744224
1305031808.692608 -0.390234 -0.298967 -0.0338842 0.268666 -0.508344 -0.339905 0.744224
1305031808.724581 -0.390234 -0.298967 -0.0338842 0.268666 -0.508344 -0.339905 0.744224
1305031808.761035 -0.390234 -0.298967 -0.0338842 0.268666 -0.508344 -0.339905 0.744224
1305031808.792909 -0.390234 -0.298967 -0.0338842 0.268666 -0.508344 -0.339905 0.744224
1305031808.824645 -0.390234 -0.298967 -0.0338842 0.268666 -0.508344 -0.339905 0.744224
1305031808.860603 -0.361417 -0.308413 -0.0479511 0.276454 -0.495419 -0.335627 0.75199
1305031808.894236 -0.361417 -0.308413 -0.0479511 0.276454 -0.495419 -0.335627 0.75199
1305031808.924712 -0.361417 -0.308413 -0.0479511 0.276454 -0.495419 -0.335627 0.75199
1305031808.960766 -0.361417 -0.308413 -0.0479511 0.276454 -0.495419 -0.335627 0.75199
1305031808.994453 -0.361417 -0.308413 -0.0479511 0.276454 -0.495419 -0.335627 0.75199
1305031809.029773 -0.361417 -0.308413 -0.0479511 0.276454 -0.495419 -0.335627 0.75199
1305031809.063418 -0.361417 -0.308413 -0.0479511 0.276454 -0.495419 -0.335627 0.75199
1305031809.097271 -0.361417 -0.308413 -0.0479511 0.276454 -0.495419 -0.335627 0.75199
1305031809.131663 -0.277936 -0.266886 -0.0774241 0.27305 -0.474092 -0.340626 0.764627
1305031809.161507 -0.277936 -0.266886 -0.0774241 0.27305 -0.474092 -0.340626 0.764627
1305031809.194288 -0.267493 -0.252335 -0.0777864 0.267314 -0.454075 -0.338977 0.779393
1305031809.229538 -0.263802 -0.244029 -0.067474 0.260164 -0.437538 -0.338152 0.791536
1305031809.261343 -0.257169 -0.232403 -0.053796 0.250529 -0.423946 -0.338189 0.801956
1305031809.294460 -0.252354 -0.22262 -0.0447997 0.239486 -0.409055 -0.339576 0.812409
1305031809.330064 -0.244567 -0.218563 -0.0357137 0.22896 -0.397269 -0.340532 0.820848
1305031809.359534 -0.237334 -0.205377 -0.0303735 0.219786 -0.385117 -0.340279 0.82921
1305031809.393838 -0.232683 -0.195337 -0.0234218 0.209384 -0.373898 -0.341819 0.836372
1305031809.428411 -0.230536 -0.184548 -0.0171249 0.198843 -0.363824 -0.344063 0.842445
1305031809.462164 -0.229863 -0.174983 -0.0126377 0.189836 -0.354533 -0.346389 0.847516
1305031809.493873 -0.233933 -0.167491 -0.00935068 0.180182 -0.34586 -0.346284 0.85323
1305031809.530074 -0.236604 -0.158894 -0.00397504 0.171717 -0.33864 -0.345595 0.858138
1305031809.563364 -0.23919 -0.153141 0.00210124 0.163646 -0.331874 -0.347293 0.861665
1305031809.594021 -0.244993 -0.146533 0.00531282 0.156331 -0.322864 -0.350698 0.865061
1305031809.631035 -0.249101 -0.142164 0.00995139 0.150086 -0.314229 -0.352552 0.868586
1305031809.662949 -0.251599 -0.135994 0.0152386 0.144917 -0.306328 -0.35317 0.872028
1305031809.693782 -0.254351 -0.130031 0.0201761 0.138297 -0.299045 -0.353982 0.875296
1305031809.731309 -0.257991 -0.121959 0.0233506 0.130848 -0.291033 -0.35426 0.879021
1305031809.758942 -0.261418 -0.116098 0.0287932 0.122723 -0.284375 -0.354306 0.882347
1305031809.793369 -0.263759 -0.110412 0.033985 0.113802 -0.277631 -0.353469 0.886019
1305031809.830391 -0.265994 -0.102256 0.0377893 0.105226 -0.269475 -0.351071 0.890539
1305031809.861943 -0.267983 -0.0940242 0.0424528 0.0967938 -0.261795 -0.349997 0.894201
1305031809.895169 -0.270802 -0.0887666 0.0466783 0.0875404 -0.253188 -0.350246 0.89753
1305031809.929860 -0.272592 -0.0823116 0.0510022 0.0798468 -0.243818 -0.349635 0.901073
1305031809.963228 -0.272389 -0.0739101 0.0544035 0.0722343 -0.234599 -0.347501 0.90498
1305031809.994224 -0.27368 -0.0667032 0.0576837 0.0636957 -0.22569 -0.346784 0.908156
1305031810.030062 -0.274053 -0.0596068 0.0611985 0.0539614 -0.217083 -0.345955 0.911196
1305031810.062155 -0.275934 -0.0565627 0.063129 0.0440445 -0.208541 -0.345377 0.913939
1305031810.095183 -0.273836 -0.0493946 0.0646128 0.0370357 -0.20031 -0.342285 0.917249
1305031810.131056 -0.271935 -0.0421624 0.0659423 0.029161 -0.193009 -0.339858 0.919997
1305031810.161700 -0.271114 -0.0368899 0.0671066 0.0210034 -0.185354 -0.340797 0.921445
1305031810.197185 -0.271262 -0.0323869 0.0661788 0.013593 -0.176 -0.341598 0.92312
1305031810.230520 -0.2673 -0.0259973 0.0661124 0.00815047 -0.168277 -0.341265 0.924746
1305031810.262762 -0.26481 -0.0192888 0.0652905 0.000501028 -0.160262 -0.341691 0.926047
1305031810.298074 -0.26481 -0.0192888 0.0652905 0.000501028 -0.160262 -0.341691 0.926047
1305031810.330937 -0.265788 -0.0119955 0.0613467 -0.00984332 -0.152817 -0.344023 0.92639
1305031810.362897 -0.265366 -0.00630929 0.0587159 -0.0182799 -0.145947 -0.343895 0.927417
1305031810.396861 -0.261645 -0.000465656 0.0563558 -0.0269024 -0.139981 -0.340392 0.929416
1305031810.429920 -0.256208 0.00676643 0.0547249 -0.0363841 -0.13557 -0.33673 0.93108
1305031810.461399 -0.252159 0.0142479 0.0521295 -0.0465282 -0.130801 -0.335852 0.931628
1305031810.496777 -0.248144 0.0219971 0.0496627 -0.0586216 -0.124716 -0.334756 0.932174
1305031810.529947 -0.248087 0.0270098 0.0462081 -0.0704648 -0.116552 -0.333336 0.932919
1305031810.561970 -0.239374 0.0335695 0.0445316 -0.0777058 -0.111129 -0.331251 0.933748
1305031810.598116 -0.237129 0.0440552 0.0398309 -0.0857037 -0.102202 -0.327528 0.93538
1305031810.630327 -0.237129 0.0440552 0.0398309 -0.0857037 -0.102202 -0.327528 0.93538
1305031810.661881 -0.237129 0.0440552 0.0398309 -0.0857037 -0.102202 -0.327528 0.93538
1305031810.698469 -0.237129 0.0440552 0.0398309 -0.0857037 -0.102202 -0.327528 0.93538
1305031810.729616 -0.237129 0.0440552 0.0398309 -0.0857037 -0.102202 -0.327528 0.93538
1305031810.762055 -0.222615 0.0470161 0.0331614 -0.0793913 -0.0990098 -0.321092 0.938506
1305031810.798335 -0.212997 0.0507349 0.0242073 -0.0711284 -0.0947366 -0.313775 0.942078
1305031810.826635 -0.207159 0.0507953 0.0160154 -0.0607436 -0.0908537 -0.307008 0.945411
1305031810.859437 -0.202411 0.046575 0.00924898 -0.0463149 -0.0864371 -0.300761 0.948645
1305031810.896721 -0.194772 0.0449651 0.00307542 -0.0275715 -0.0817725 -0.293837 0.951952
1305031810.931542 -0.191482 0.0449589 -0.00462716 -0.0108501 -0.0761969 -0.286643 0.954941
1305031810.962074 -0.185887 0.042328 -0.00973784 0.00763517 -0.0739057 -0.279496 0.957268
1305031810.999156 -0.180857 0.0400008 -0.0154726 0.0313531 -0.0725022 -0.2703 0.95953
1305031811.030567 -0.174564 0.0440467 -0.0231901 0.0506328 -0.0707381 -0.260096 0.961656
1305031811.062402 -0.175036 0.042005 -0.0303499 0.0655299 -0.0685348 -0.252756 0.962872
1305031811.098594 -0.176142 0.0369482 -0.0393845 0.0827159 -0.0668195 -0.246512 0.963289
1305031811.130054 -0.172753 0.038055 -0.0468901 0.101493 -0.0660977 -0.236395 0.964079
1305031811.163124 -0.171414 0.0349102 -0.0512138 0.114398 -0.0629658 -0.230683 0.964227
1305031811.196680 -0.171205 0.0300381 -0.058281 0.126223 -0.059957 -0.227151 0.963782
1305031811.226245 -0.173888 0.0257713 -0.0655108 0.139747 -0.0560813 -0.222674 0.963194
1305031811.258835 -0.170725 0.022201 -0.0706732 0.153651 -0.0519018 -0.216941 0.962618
1305031811.297420 -0.170247 0.0150107 -0.0792105 0.167644 -0.0461961 -0.212403 0.961585
1305031811.330119 -0.172399 0.00770132 -0.0895737 0.183926 -0.0407742 -0.206653 0.960106
1305031811.362347 -0.172105 0.00281466 -0.0992986 0.203176 -0.0358315 -0.199755 0.95788
1305031811.399651 -0.178009 -0.00359012 -0.109526 0.2216 -0.0315955 -0.192846 0.955356
1305031811.430784 -0.178009 -0.00359012 -0.109526 0.2216 -0.0315955 -0.192846 0.955356
1305031811.466212 -0.178009 -0.00359012 -0.109526 0.2216 -0.0315955 -0.192846 0.955356
1305031811.497813 -0.178009 -0.00359012 -0.109526 0.2216 -0.0315955 -0.192846 0.955356
1305031811.530073 -0.178009 -0.00359012 -0.109526 0.2216 -0.0315955 -0.192846 0.955356
1305031811.566308 -0.178009 -0.00359012 -0.109526 0.2216 -0.0315955 -0.192846 0.955356
1305031811.598269 -0.178009 -0.00359012 -0.109526 0.2216 -0.0315955 -0.192846 0.955356
1305031811.630831 -0.178009 -0.00359012 -0.109526 0.2216 -0.0315955 -0.192846 0.955356
1305031811.663366 -0.178009 -0.00359012 -0.109526 0.2216 -0.0315955 -0.192846 0.955356
1305031811.698740 -0.178009 -0.00359012 -0.109526 0.2216 -0.0315955 -0.192846 0.955356
1305031811.733435 -0.178009 -0.00359012 -0.109526 0.2216 -0.0315955 -0.192846 0.955356
1305031811.765703 -0.178009 -0.00359012 -0.109526 0.2216 -0.0315955 -0.192846 0.955356
1305031811.799543 -0.178009 -0.00359012 -0.109526 0.2216 -0.0315955 -0.192846 0.955356
1305031811.831559 -0.178009 -0.00359012 -0.109526 0.2216 -0.0315955 -0.192846 0.955356
1305031811.866219 -0.181707 -0.0423281 -0.0940566 0.233208 -0.0289642 -0.184257 0.954371
1305031811.899601 -0.190764 -0.0526788 -0.0877754 0.245807 -0.0256939 -0.178137 0.952463
1305031811.929778 -0.19677 -0.066991 -0.0894943 0.25716 -0.0237648 -0.17296 0.950468
1305031811.965910 -0.204243 -0.0803825 -0.0980506 0.268645 -0.0208448 -0.170722 0.94776
1305031811.997697 -0.212668 -0.087848 -0.104901 0.282503 -0.017419 -0.1674 0.944386
1305031812.031513 -0.218872 -0.0981311 -0.112361 0.294526 -0.0151114 -0.162552 0.941596
1305031812.067293 -0.218872 -0.0981311 -0.112361 0.294526 -0.0151114 -0.162552 0.941596
1305031812.097226 -0.218872 -0.0981311 -0.112361 0.294526 -0.0151114 -0.162552 0.941596
1305031812.131618 -0.218872 -0.0981311 -0.112361 0.294526 -0.0151114 -0.162552 0.941596
1305031812.165747 -0.218872 -0.0981311 -0.112361 0.294526 -0.0151114 -0.162552 0.941596
1305031812.194229 -0.218872 -0.0981311 -0.112361 0.294526 -0.0151114 -0.162552 0.941596
1305031812.230599 -0.218872 -0.0981311 -0.112361 0.294526 -0.0151114 -0.162552 0.941596
1305031812.262258 -0.218872 -0.0981311 -0.112361 0.294526 -0.0151114 -0.162552 0.941596
1305031812.295017 -0.218872 -0.0981311 -0.112361 0.294526 -0.0151114 -0.162552 0.941596
1305031812.329535 -0.218872 -0.0981311 -0.112361 0.294526 -0.0151114 -0.162552 0.941596
1305031812.367033 -0.218872 -0.0981311 -0.112361 0.294526 -0.0151114 -0.162552 0.941596
1305031812.398919 -0.218872 -0.0981311 -0.112361 0.294526 -0.0151114 -0.162552 0.941596
1305031812.431444 -0.218872 -0.0981311 -0.112361 0.294526 -0.0151114 -0.162552 0.941596
1305031812.466128 -0.218872 -0.0981311 -0.112361 0.294526 -0.0151114 -0.162552 0.941596
1305031812.499545 -0.218872 -0.0981311 -0.112361 0.294526 -0.0151114 -0.162552 0.941596
1305031812.530582 -0.218872 -0.0981311 -0.112361 0.294526 -0.0151114 -0.162552 0.941596
1305031812.566690 -0.218872 -0.0981311 -0.112361 0.294526 -0.0151114 -0.162552 0.941596
1305031812.599029 -0.218872 -0.0981311 -0.112361 0.294526 -0.0151114 -0.162552 0.941596
1305031812.628645 -0.218872 -0.0981311 -0.112361 0.294526 -0.0151114 -0.162552 0.941596
1305031812.668061 -0.218872 -0.0981311 -0.112361 0.294526 -0.0151114 -0.162552 0.941596
1305031812.698746 -0.218872 -0.0981311 -0.112361 0.294526 -0.0151114 -0.162552 0.941596
1305031812.734013 -0.218872 -0.0981311 -0.112361 0.294526 -0.0151114 -0.162552 0.941596
1305031812.767275 -0.218872 -0.0981311 -0.112361 0.294526 -0.0151114 -0.162552 0.941596
1305031812.799489 -0.254285 0.035452 -0.225073 0.286459 0.01949 -0.151775 0.945794
1305031812.834132 -0.231198 0.0110518 -0.18468 0.275175 0.0390783 -0.145145 0.949571
1305031812.866016 -0.222786 0.0314722 -0.179352 0.263736 0.0531396 -0.138862 0.953067
1305031812.898960 -0.218517 0.0436469 -0.176934 0.250729 0.0663609 -0.13388 0.956455
1305031812.934173 -0.213681 0.0529097 -0.177181 0.23687 0.0782305 -0.128636 0.959805
1305031812.966151 -0.20781 0.0647464 -0.175253 0.222765 0.0896578 -0.123508 0.962851
1305031812.999091 -0.203767 0.0758558 -0.175191 0.207007 0.0994285 -0.116804 0.96624
1305031813.034784 -0.194435 0.0924671 -0.173186 0.192051 0.10603 -0.110157 0.969402
1305031813.066289 -0.189914 0.112158 -0.16927 0.177433 0.11229 -0.103516 0.97221
1305031813.098588 -0.186009 0.129345 -0.168183 0.161857 0.117317 -0.0969865 0.975004
1305031813.135262 -0.184037 0.140708 -0.168012 0.145808 0.121086 -0.0903786 0.977706
1305031813.166033 -0.182213 0.148497 -0.16868 0.127942 0.123766 -0.0827791 0.980541
1305031813.196373 -0.179023 0.15979 -0.167644 0.110486 0.126086 -0.0771989 0.98282
1305031813.234674 -0.1766 0.173574 -0.165245 0.0955016 0.127476 -0.0711546 0.984666
1305031813.267055 -0.173145 0.184139 -0.162203 0.0790348 0.128052 -0.0650637 0.98647
1305031813.299198 -0.169393 0.201193 -0.158041 0.0649545 0.12885 -0.0596495 0.987735
1305031813.333908 -0.170408 0.216184 -0.152965 0.0513033 0.131415 -0.0565127 0.988385
1305031813.365437 -0.170542 0.225479 -0.147763 0.0371762 0.135438 -0.052006 0.988721
1305031813.398657 -0.167085 0.238503 -0.144646 0.0239418 0.13971 -0.0467259 0.9888
1305031813.433247 -0.167324 0.261178 -0.139115 0.0136792 0.144547 -0.0430543 0.988466
1305031813.466220 -0.169744 0.278046 -0.13309 -0.000341129 0.149144 -0.0372255 0.988114
1305031813.498088 -0.170863 0.290497 -0.128407 -0.0159749 0.151432 -0.0311624 0.987847
1305031813.534016 -0.174153 0.301879 -0.123685 -0.0301551 0.154511 -0.0258496 0.987192
1305031813.566769 -0.177573 0.310218 -0.119369 -0.0465111 0.159482 -0.0219061 0.985861
1305031813.598490 -0.180944 0.319915 -0.116805 -0.0605541 0.16477 -0.0181969 0.984303
1305031813.631475 -0.184611 0.327199 -0.114107 -0.0736156 0.169564 -0.0147332 0.982655
1305031813.661752 -0.189732 0.337384 -0.109069 -0.0850737 0.174974 -0.0118606 0.980819
1305031813.698286 -0.194131 0.341897 -0.104033 -0.0978802 0.179565 -0.0079661 0.978832
1305031813.730280 -0.198302 0.347743 -0.100811 -0.109794 0.182107 -0.00570061 0.977113
1305031813.764797 -0.203956 0.353825 -0.0960757 -0.121598 0.184771 -0.0027244 0.975226
1305031813.799441 -0.209582 0.357863 -0.0899245 -0.134633 0.186898 -0.000204846 0.97311
1305031813.833945 -0.214717 0.366279 -0.0852723 -0.147417 0.187612 0.00151259 0.971117
1305031813.867772 -0.214717 0.366279 -0.0852723 -0.147417 0.187612 0.00151259 0.971117
1305031813.899482 -0.214717 0.366279 -0.0852723 -0.147417 0.187612 0.00151259 0.971117
1305031813.934338 -0.214717 0.366279 -0.0852723 -0.147417 0.187612 0.00151259 0.971117
1305031813.965926 -0.214717 0.366279 -0.0852723 -0.147417 0.187612 0.00151259 0.971117
1305031814.003554 -0.214717 0.366279 -0.0852723 -0.147417 0.187612 0.00151259 0.971117
1305031814.033924 -0.214717 0.366279 -0.0852723 -0.147417 0.187612 0.00151259 0.971117
1305031814.066026 -0.214717 0.366279 -0.0852723 -0.147417 0.187612 0.00151259 0.971117
1305031814.102320 -0.214717 0.366279 -0.0852723 -0.147417 0.187612 0.00151259 0.971117
1305031814.134667 -0.214717 0.366279 -0.0852723 -0.147417 0.187612 0.00151259 0.971117
1305031814.166052 -0.214717 0.366279 -0.0852723 -0.147417 0.187612 0.00151259 0.971117
1305031814.202037 -0.214717 0.366279 -0.0852723 -0.147417 0.187612 0.00151259 0.971117
1305031814.234336 -0.214717 0.366279 -0.0852723 -0.147417 0.187612 0.00151259 0.971117
1305031814.265980 -0.214717 0.366279 -0.0852723 -0.147417 0.187612 0.00151259 0.971117
1305031814.302865 -0.214717 0.366279 -0.0852723 -0.147417 0.187612 0.00151259 0.971117
1305031814.334123 -0.214717 0.366279 -0.0852723 -0.147417 0.187612 0.00151259 0.971117
1305031814.365916 -0.214717 0.366279 -0.0852723 -0.147417 0.187612 0.00151259 0.971117
1305031814.402137 -0.214717 0.366279 -0.0852723 -0.147417 0.187612 0.00151259 0.971117
1305031814.434097 -0.214717 0.366279 -0.0852723 -0.147417 0.187612 0.00151259 0.971117
1305031814.466875 -0.214717 0.366279 -0.0852723 -0.147417 0.187612 0.00151259 0.971117
1305031814.503242 -0.214717 0.366279 -0.0852723 -0.147417 0.187612 0.00151259 0.971117
1305031814.535346 -0.214717 0.366279 -0.0852723 -0.147417 0.187612 0.00151259 0.971117
1305031814.567625 -0.2934 0.386189 -0.0735656 -0.119529 0.227878 0.0351888 0.965684
1305031814.601706 -0.262761 0.37445 -0.0898983 -0.0983876 0.249892 0.0480739 0.962062
1305031814.635644 -0.262761 0.37445 -0.0898983 -0.0983876 0.249892 0.0480739 0.962062
1305031814.667643 -0.262761 0.37445 -0.0898983 -0.0983876 0.249892 0.0480739 0.962062
1305031814.702775 -0.262761 0.37445 -0.0898983 -0.0983876 0.249892 0.0480739 0.962062
1305031814.734657 -0.272263 0.406691 -0.150261 -0.0728501 0.279082 0.0650853 0.955285
1305031814.766015 -0.274281 0.397703 -0.138585 -0.0502117 0.297364 0.069896 0.950877
1305031814.801939 -0.277447 0.393552 -0.143618 -0.034013 0.312369 0.0758075 0.94632
1305031814.834141 -0.280402 0.392253 -0.149706 -0.018911 0.324809 0.0777653 0.942387
1305031814.866927 -0.282325 0.388799 -0.157163 -0.00649802 0.33619 0.0782716 0.938514
1305031814.901856 -0.285341 0.384356 -0.165246 0.00761851 0.349061 0.0785017 0.933775
1305031814.934189 -0.289433 0.386123 -0.170455 0.022329 0.359232 0.0763536 0.929852
1305031814.966026 -0.292125 0.382256 -0.17394 0.0333446 0.366646 0.0750813 0.926726
1305031815.002785 -0.294625 0.379973 -0.180012 0.045676 0.373132 0.0749927 0.923614
1305031815.034070 -0.297976 0.379731 -0.184214 0.0573131 0.380265 0.0746225 0.920079
1305031815.066249 -0.301003 0.376798 -0.185881 0.0667909 0.38591 0.0762303 0.916952
1305031815.098276 -0.303415 0.372192 -0.188493 0.0757668 0.388655 0.0782843 0.91492
1305031815.134087 -0.305326 0.368666 -0.191214 0.0853411 0.390339 0.0800988 0.913201
1305031815.167703 -0.307162 0.366143 -0.193885 0.0936132 0.39172 0.0807199 0.911744
1305031815.200200 -0.308807 0.359476 -0.195597 0.100304 0.393903 0.0817598 0.909997
1305031815.235479 -0.310222 0.354594 -0.198118 0.107797 0.395355 0.080793 0.908596
1305031815.269898 -0.31154 0.350047 -0.200739 0.115587 0.397389 0.0784748 0.906953
1305031815.303120 -0.313149 0.346438 -0.203015 0.125044 0.400051 0.075237 0.9048
1305031815.335140 -0.31488 0.342354 -0.205093 0.133336 0.403659 0.0710471 0.902349
1305031815.369858 -0.315947 0.338993 -0.204994 0.141508 0.408399 0.0663355 0.899325
1305031815.402087 -0.317612 0.336633 -0.205609 0.152001 0.413196 0.061613 0.89575
1305031815.435520 -0.319153 0.328606 -0.207935 0.158312 0.416354 0.0593757 0.893343
1305031815.469069 -0.320513 0.321968 -0.208971 0.163164 0.418035 0.0585902 0.891735
1305031815.503584 -0.320614 0.31707 -0.212502 0.167923 0.418868 0.0572036 0.89055
1305031815.533867 -0.321528 0.314527 -0.213856 0.171817 0.420714 0.0557569 0.889027
1305031815.570080 -0.321672 0.309149 -0.216837 0.174426 0.422397 0.0563812 0.887681
1305031815.602977 -0.321432 0.307433 -0.21795 0.176598 0.424408 0.056408 0.88629
1305031815.633580 -0.321656 0.30505 -0.219329 0.178241 0.426047 0.0577256 0.885089
1305031815.669542 -0.321041 0.304984 -0.222506 0.178648 0.427071 0.0585231 0.884461
1305031815.703270 -0.32143 0.306393 -0.22389 0.17881 0.42865 0.0606214 0.883522
1305031815.734736 -0.321203 0.309309 -0.223047 0.178671 0.429962 0.061321 0.882864
1305031815.770261 -0.32136 0.310821 -0.223233 0.177748 0.431284 0.0618943 0.882366
1305031815.803102 -0.321545 0.312995 -0.222389 0.177294 0.432772 0.0631349 0.88164
