1305031453.374112 0 0 0 0 0 0 1
1305031453.404816 0.00438704 0.0049281 -0.00926789 -0.000706611 0.00576732 0.0107441 0.999925
1305031453.436941 0.00870058 0.00723989 -0.0185314 -2.53345e-06 0.00979846 0.0199996 0.999752
1305031453.473352 0.0132783 0.0119895 -0.0291102 0.0037556 0.0155179 0.0285892 0.999464
1305031453.505218 0.0188751 0.0154518 -0.0410996 0.00738161 0.0208937 0.0381331 0.999027
1305031453.538301 0.0202229 0.0203073 -0.0540899 0.013792 0.0261623 0.0468699 0.998463
1305031453.574074 0.0203753 0.0246577 -0.0684635 0.020547 0.0295524 0.053362 0.997926
1305031453.605314 0.0215217 0.0316807 -0.0829688 0.0282447 0.031908 0.0577379 0.997422
1305031453.636951 0.0155149 0.0376873 -0.0980393 0.0351575 0.0346434 0.0614481 0.996889
1305031453.673185 0.0062241 0.0445672 -0.112182 0.0430848 0.0336165 0.0605189 0.99667
1305031453.705487 -0.00127852 0.0541369 -0.126934 0.0503726 0.0297229 0.0561266 0.996709
1305031453.736856 -0.0101634 0.0644115 -0.140547 0.0557407 0.0256982 0.0518154 0.996769
1305031453.773786 -0.0233202 0.0702595 -0.152713 0.0599431 0.0199906 0.0447892 0.996996
1305031453.805041 -0.0301185 0.0811814 -0.165368 0.0655848 0.0105428 0.0371286 0.9971
1305031453.840352 -0.0396241 0.0892241 -0.177704 0.0685044 0.00344821 0.0306914 0.997173
1305031453.869618 -0.054736 0.0989958 -0.18891 0.0714448 -0.00592266 0.0243975 0.997129
1305031453.905519 -0.0698901 0.108287 -0.196264 0.0724585 -0.0196786 0.0177011 0.99702
1305031453.940012 -0.0802368 0.11289 -0.203046 0.0699393 -0.0376398 0.0135051 0.996749
1305031453.972592 -0.0937158 0.119642 -0.206907 0.0683426 -0.0533501 0.00577771 0.996218
1305031454.003179 -0.104792 0.120581 -0.211218 0.0658829 -0.0653846 -0.00585318 0.995666
1305031454.040976 -0.118572 0.121172 -0.21688 0.0671045 -0.0764644 -0.0159697 0.994683
1305031454.072690 -0.132527 0.127278 -0.219343 0.0691044 -0.0868999 -0.0273831 0.99344
1305031454.104619 -0.147971 0.127345 -0.224302 0.0683897 -0.0967986 -0.0408261 0.992112
1305031454.141030 -0.162131 0.128004 -0.227886 0.070735 -0.109293 -0.0545506 0.989988
1305031454.172688 -0.176753 0.13528 -0.231199 0.0725686 -0.12238 -0.0666162 0.987582
1305031454.204626 -0.190577 0.137694 -0.233111 0.0703981 -0.137241 -0.0802304 0.98477
1305031454.240858 -0.205438 0.131519 -0.232864 0.0691763 -0.152367 -0.0963141 0.981184
1305031454.273489 -0.213533 0.13585 -0.231588 0.0755373 -0.166274 -0.113392 0.976621
1305031454.304744 -0.222757 0.141567 -0.231193 0.0752986 -0.173815 -0.126237 0.973747
1305031454.340806 -0.239063 0.136864 -0.235534 0.07356 -0.180987 -0.14097 0.970546
1305031454.372652 -0.247073 0.140973 -0.234881 0.0801077 -0.192218 -0.155729 0.9656
1305031454.401962 -0.255265 0.148858 -0.236188 0.0832013 -0.199754 -0.168562 0.961646
1305031454.437248 -0.268257 0.152426 -0.237926 0.08427 -0.209747 -0.182726 0.956826
1305031454.470741 -0.271769 0.156158 -0.234342 0.0875496 -0.220825 -0.198567 0.950864
1305031454.503859 -0.27894 0.161786 -0.235909 0.0894925 -0.224869 -0.214591 0.946243
1305031454.538424 -0.284478 0.170687 -0.236999 0.0902607 -0.230205 -0.230309 0.941178
1305031454.570323 -0.291314 0.180103 -0.238992 0.0883074 -0.234716 -0.242925 0.937069
1305031454.602019 -0.299297 0.187113 -0.24189 0.0856962 -0.24304 -0.259535 0.930714
1305031454.639284 -0.302917 0.193323 -0.241809 0.0839254 -0.255322 -0.272321 0.923909
1305031454.669573 -0.302606 0.203461 -0.242822 0.0795094 -0.267365 -0.278963 0.918898
1305031454.702030 -0.305144 0.210649 -0.24367 0.0730837 -0.280143 -0.285758 0.913521
1305031454.740764 -0.300478 0.214531 -0.242206 0.0686678 -0.294254 -0.290495 0.907916
1305031454.772865 -0.293731 0.219408 -0.23967 0.0633691 -0.30213 -0.287498 0.906668
1305031454.802574 -0.290503 0.226764 -0.240339 0.0588433 -0.304541 -0.280143 0.908467
1305031454.840500 -0.28408 0.235689 -0.23888 0.0551511 -0.306464 -0.273303 0.910134
1305031454.870269 -0.277755 0.242183 -0.237251 0.0499359 -0.304966 -0.267422 0.912681
1305031454.901065 -0.271673 0.249491 -0.236563 0.0465966 -0.301351 -0.261337 0.915816
1305031454.940240 -0.26997 0.259859 -0.237988 0.0434494 -0.295403 -0.254563 0.919808
1305031454.973081 -0.271434 0.269505 -0.241612 0.0401901 -0.289103 -0.248166 0.923698
1305031455.010759 -0.275349 0.27917 -0.247328 0.0374113 -0.284338 -0.241643 0.927017
1305031455.040446 -0.276371 0.291192 -0.250065 0.0377028 -0.283486 -0.238347 0.928119
1305031455.074282 -0.278528 0.297624 -0.252483 0.0363129 -0.281052 -0.23772 0.929075
1305031455.110340 -0.283028 0.306549 -0.256947 0.0385758 -0.277309 -0.237651 0.930125
1305031455.142700 -0.287051 0.317539 -0.260386 0.0406808 -0.273263 -0.237074 0.93138
1305031455.172771 -0.295773 0.327678 -0.265967 0.0397676 -0.267795 -0.232941 0.934046
1305031455.210307 -0.305698 0.337606 -0.270188 0.0368482 -0.263332 -0.227025 0.936888
1305031455.240960 -0.316098 0.344636 -0.275125 0.0356253 -0.259093 -0.220918 0.939573
1305031455.273001 -0.323824 0.358996 -0.278194 0.0351707 -0.254713 -0.214408 0.942292
1305031455.310303 -0.335305 0.363035 -0.28236 0.0262676 -0.24863 -0.205992 0.946076
1305031455.342381 -0.347299 0.37254 -0.288338 0.020744 -0.244911 -0.194867 0.949534
1305031455.374120 -0.354976 0.383487 -0.290057 0.0138874 -0.243303 -0.187742 0.951506
1305031455.409213 -0.367369 0.384748 -0.293732 0.00271268 -0.235654 -0.18084 0.95486
1305031455.442380 -0.381485 0.388223 -0.301103 -0.0054943 -0.22719 -0.170503 0.958793
1305031455.473168 -0.381485 0.388223 -0.301103 -0.0054943 -0.22719 -0.170503 0.958793
1305031455.509397 -0.381485 0.388223 -0.301103 -0.0054943 -0.22719 -0.170503 0.958793
1305031455.540835 -0.398267 0.387674 -0.31066 -0.0116432 -0.222308 -0.157908 0.962033
1305031455.572996 -0.415963 0.390872 -0.321697 -0.013969 -0.220918 -0.144484 0.964429
1305031455.608802 -0.430867 0.397142 -0.332514 -0.015783 -0.220937 -0.130489 0.96639
1305031455.641333 -0.448529 0.394716 -0.342347 -0.0219382 -0.217837 -0.11773 0.96861
1305031455.672887 -0.465937 0.392167 -0.354163 -0.0204459 -0.214495 -0.111898 0.970079
1305031455.707680 -0.482145 0.394462 -0.366422 -0.0160966 -0.211681 -0.112783 0.970676
1305031455.742005 -0.498125 0.393258 -0.378325 -0.0138834 -0.207388 -0.117692 0.971054
1305031455.773667 -0.513866 0.392598 -0.390613 -0.0121038 -0.201013 -0.12083 0.972032
1305031455.809109 -0.530701 0.384992 -0.403839 -0.0121282 -0.194561 -0.119683 0.973486
1305031455.838364 -0.545797 0.38465 -0.4184 -0.00877825 -0.190217 -0.119328 0.974424
1305031455.872220 -0.558445 0.381134 -0.430767 -0.00869179 -0.18791 -0.120507 0.974727
1305031455.908418 -0.570285 0.378126 -0.442712 -0.00850376 -0.184838 -0.121216 0.975228
1305031455.939606 -0.581732 0.373573 -0.453746 -0.00944036 -0.180936 -0.122342 0.97581
1305031455.973594 -0.592178 0.373799 -0.464574 -0.00788522 -0.176965 -0.124843 0.976235
1305031456.008998 -0.603392 0.373168 -0.473943 -0.00908591 -0.171419 -0.127355 0.97689
1305031456.041930 -0.612848 0.377016 -0.482483 -0.0118511 -0.164831 -0.131871 0.977395
1305031456.073846 -0.627793 0.370486 -0.489787 -0.0218937 -0.15742 -0.139268 0.977417
1305031456.108963 -0.641876 0.361126 -0.495971 -0.0290478 -0.151651 -0.144402 0.977398
1305031456.140836 -0.654595 0.355246 -0.501636 -0.0309606 -0.146341 -0.145892 0.977927
1305031456.173198 -0.665483 0.34585 -0.505556 -0.0331041 -0.140605 -0.146535 0.978602
1305031456.208934 -0.676979 0.337654 -0.509302 -0.0291798 -0.132339 -0.14433 0.980206
1305031456.240996 -0.684725 0.34438 -0.513398 -0.0223585 -0.122567 -0.141696 0.982039
1305031456.277928 -0.696124 0.337821 -0.513716 -0.0237843 -0.110912 -0.139173 0.98375
1305031456.310040 -0.710036 0.329539 -0.513735 -0.0222821 -0.0989266 -0.13429 0.98574
1305031456.341659 -0.721277 0.324817 -0.512678 -0.017799 -0.0882521 -0.127531 0.98774
1305031456.377115 -0.729992 0.333494 -0.512672 -0.00979244 -0.0765607 -0.122223 0.989497
1305031456.409172 -0.745327 0.322803 -0.507551 -0.0112812 -0.0626931 -0.117848 0.990986
1305031456.440717 -0.76095 0.326436 -0.503264 -0.00304375 -0.0509691 -0.11076 0.992535
1305031456.476027 -0.775938 0.339044 -0.499221 0.000769169 -0.0444952 -0.103929 0.993589
1305031456.508911 -0.792622 0.340931 -0.491719 -0.00530683 -0.0424146 -0.0980966 0.994258
1305031456.541832 -0.807544 0.340512 -0.483494 -0.0117781 -0.042392 -0.0926818 0.994723
1305031456.576087 -0.822194 0.332746 -0.473745 -0.0169763 -0.0406199 -0.0880812 0.99514
1305031456.607930 -0.831612 0.3452 -0.466024 -0.0132016 -0.0369569 -0.0819716 0.995862
1305031456.640699 -0.841823 0.355594 -0.457006 -0.0229059 -0.0311649 -0.0763314 0.996332
1305031456.675835 -0.862633 0.341328 -0.44466 -0.0387163 -0.0218668 -0.0702517 0.996538
1305031456.709099 -0.877862 0.343523 -0.435704 -0.0369122 -0.016981 -0.0599426 0.997375
1305031456.740863 -0.893021 0.357585 -0.427658 -0.0379494 -0.0144234 -0.0503044 0.997908
1305031456.777218 -0.911504 0.34518 -0.41681 -0.0484963 -0.0154102 -0.0421037 0.997817
1305031456.808986 -0.924405 0.349347 -0.406676 -0.043558 -0.0221193 -0.0344318 0.998212
1305031456.841050 -0.933221 0.365681 -0.396521 -0.0409214 -0.0256353 -0.026638 0.998478
1305031456.878006 -0.944899 0.364796 -0.384882 -0.0485808 -0.0236364 -0.0194721 0.99835
1305031456.909883 -0.956146 0.359909 -0.373884 -0.0525404 -0.020267 -0.0146947 0.998305
1305031456.942298 -0.968137 0.366062 -0.365609 -0.0467545 -0.014222 -0.0086955 0.998767
1305031456.977139 -0.980833 0.379398 -0.36008 -0.0452468 -0.00773593 -0.0042908 0.998937
1305031457.006193 -0.994841 0.377316 -0.351539 -0.054044 -0.00159543 -0.00182721 0.998536
1305031457.042512 -1.00791 0.378019 -0.346397 -0.0559396 0.00361156 0.00209956 0.998425
1305031457.076011 -1.02004 0.386944 -0.344352 -0.0574614 0.0092206 0.00704679 0.99828
1305031457.108053 -1.03247 0.383502 -0.341394 -0.0675778 0.015552 0.0117106 0.997524
1305031457.142120 -1.04431 0.37583 -0.339865 -0.0728671 0.022272 0.0167356 0.996952
1305031457.177463 -1.05674 0.375373 -0.34212 -0.071428 0.0297563 0.0231941 0.996732
1305031457.209336 -1.06989 0.378557 -0.34641 -0.0696218 0.0374822 0.0286587 0.996457
1305031457.240792 -1.08477 0.375099 -0.350274 -0.0738756 0.0454125 0.0347916 0.995625
1305031457.277247 -1.09741 0.36314 -0.354163 -0.074905 0.0524049 0.0416432 0.994942
1305031457.309693 -1.11204 0.365639 -0.362634 -0.0656667 0.0613316 0.0469688 0.994847
1305031457.342954 -1.12674 0.369689 -0.371524 -0.0610982 0.0717197 0.0514239 0.994223
1305031457.376037 -1.14163 0.362625 -0.378997 -0.0626597 0.0832169 0.0567605 0.992939
1305031457.407980 -1.15794 0.358143 -0.387528 -0.0571597 0.095083 0.0646471 0.991722
1305031457.441357 -1.17717 0.358166 -0.39736 -0.0529818 0.104436 0.0719739 0.990508
1305031457.476577 -1.19438 0.351993 -0.406158 -0.0533045 0.108659 0.0775103 0.989618
1305031457.508603 -1.20855 0.342774 -0.415171 -0.0535274 0.110773 0.0814381 0.989056
1305031457.543946 -1.22219 0.336086 -0.424935 -0.0500295 0.114295 0.0845412 0.988578
1305031457.576581 -1.23733 0.332222 -0.434365 -0.0460256 0.119753 0.0881213 0.987813
1305031457.607246 -1.25635 0.330905 -0.442586 -0.0421433 0.125661 0.0914933 0.986946
1305031457.643534 -1.27115 0.321643 -0.448843 -0.04253 0.128352 0.0947886 0.986272
1305031457.675414 -1.28864 0.323693 -0.456054 -0.0376071 0.131572 0.0988217 0.985651
1305031457.707739 -1.30365 0.317787 -0.461575 -0.0426194 0.13254 0.101813 0.985013
1305031457.745071 -1.31609 0.30035 -0.465065 -0.0470601 0.13408 0.101656 0.984619
1305031457.773518 -1.33087 0.288865 -0.470257 -0.0451606 0.137062 0.100404 0.984426
1305031457.807824 -1.34064 0.271494 -0.475594 -0.0405866 0.141177 0.0996931 0.984115
1305031457.842853 -1.35681 0.273762 -0.483237 -0.028284 0.149789 0.0992487 0.983317
1305031457.875920 -1.37223 0.264835 -0.487178 -0.0259918 0.158785 0.0995715 0.981935
1305031457.906126 -1.38795 0.2452 -0.487971 -0.0214839 0.167374 0.100516 0.980521
1305031457.942604 -1.40864 0.242677 -0.489898 -0.00704082 0.173755 0.10381 0.979277
1305031457.976744 -1.43176 0.233993 -0.488972 0.00280399 0.177046 0.108314 0.97822
1305031458.009019 -1.44433 0.221819 -0.486413 0.00865203 0.180081 0.109669 0.977481
1305031458.046303 -1.45873 0.221197 -0.484756 0.0185537 0.184542 0.110258 0.976444
1305031458.077315 -1.47587 0.22301 -0.478182 0.0243187 0.190561 0.111845 0.97498
1305031458.108896 -1.49164 0.218407 -0.468714 0.0242642 0.19591 0.113355 0.973746
1305031458.144808 -1.5075 0.208142 -0.457051 0.0233616 0.200346 0.114315 0.972753
1305031458.178039 -1.52629 0.206373 -0.443895 0.0251761 0.20349 0.117234 0.971707
1305031458.209384 -1.54385 0.203647 -0.429085 0.0222658 0.203972 0.120172 0.971318
1305031458.245729 -1.55718 0.184338 -0.412375 0.0148621 0.203016 0.120444 0.971626
1305031458.277447 -1.57226 0.17008 -0.398609 0.0161861 0.201182 0.119433 0.972111
1305031458.308343 -1.58859 0.164916 -0.381322 0.0214724 0.198574 0.120554 0.972406
1305031458.343898 -1.60049 0.151156 -0.363275 0.0247491 0.195431 0.122184 0.972762
1305031458.376213 -1.61026 0.144925 -0.348134 0.0338128 0.192412 0.123544 0.972919
1305031458.407856 -1.61935 0.145046 -0.331025 0.045097 0.191959 0.128652 0.971888
1305031458.443957 -1.62274 0.14276 -0.314926 0.0561928 0.194064 0.134809 0.970056
1305031458.476034 -1.62598 0.137275 -0.300206 0.071793 0.201743 0.135794 0.967319
1305031458.508869 -1.63083 0.146555 -0.280852 0.09357 0.211737 0.134669 0.963471
1305031458.544401 -1.64056 0.159079 -0.257039 0.110066 0.22309 0.131514 0.959594
1305031458.576178 -1.64964 0.162358 -0.234891 0.119361 0.232133 0.12631 0.957034
1305031458.608421 -1.65924 0.180385 -0.207924 0.128984 0.237075 0.11989 0.955398
1305031458.643659 -1.66878 0.191468 -0.179095 0.130408 0.237764 0.117659 0.955311
1305031458.676991 -1.67391 0.192828 -0.154189 0.124901 0.230435 0.114961 0.958167
1305031458.707780 -1.66977 0.188259 -0.133649 0.119697 0.216232 0.108041 0.962935
1305031458.744924 -1.6711 0.186884 -0.117783 0.120219 0.203216 0.0976037 0.966811
1305031458.773802 -1.66911 0.192567 -0.102456 0.122715 0.18762 0.0877679 0.970586
1305031458.810621 -1.66584 0.194845 -0.085891 0.119353 0.176094 0.0823133 0.973638
1305031458.842919 -1.6582 0.187099 -0.0739713 0.11517 0.168102 0.0798753 0.975755
1305031458.875889 -1.6559 0.186193 -0.0671609 0.117981 0.166204 0.0742221 0.97619
1305031458.910599 -1.65977 0.191187 -0.0580528 0.121317 0.170189 0.0724749 0.975226
1305031458.943997 -1.66456 0.189393 -0.0481721 0.117991 0.176038 0.08227 0.973817
1305031458.976007 -1.67185 0.172195 -0.0386484 0.112791 0.181856 0.0911242 0.972575
1305031459.012560 -1.68865 0.1582 -0.0287376 0.116218 0.185824 0.0925188 0.971289
1305031459.044413 -1.70779 0.146485 -0.0173262 0.124788 0.183381 0.0973812 0.970215
1305031459.073657 -1.73104 0.130814 -0.00245417 0.133759 0.175407 0.107272 0.96945
1305031459.112711 -1.75601 0.117093 0.00999264 0.145243 0.158332 0.114968 0.969855
1305031459.144497 -1.77254 0.110265 0.0297211 0.156571 0.136181 0.116495 0.971272
1305031459.176463 -1.78801 0.102222 0.0397774 0.162836 0.116779 0.11998 0.972344
1305031459.208791 -1.79482 0.0996929 0.0535899 0.167378 0.101227 0.126698 0.972464
1305031459.244159 -1.79523 0.0995596 0.0688897 0.169324 0.0921235 0.135229 0.971883
1305031459.274941 -1.79573 0.105445 0.0795634 0.16949 0.0942958 0.143792 0.970415
1305031459.311921 -1.7997 0.107602 0.0911931 0.1684 0.108928 0.158563 0.966765
1305031459.344169 -1.807 0.112285 0.100651 0.171147 0.129585 0.176736 0.960563
1305031459.374084 -1.81583 0.127611 0.106634 0.174235 0.151667 0.199951 0.952186
1305031459.408831 -1.82003 0.140392 0.115647 0.169506 0.17758 0.228128 0.942173
1305031459.443181 -1.82298 0.148195 0.111232 0.163693 0.204452 0.264426 0.928161
1305031459.473401 -1.84018 0.159595 0.117706 0.163613 0.232124 0.300113 0.910649
1305031459.510267 -1.85177 0.170679 0.125784 0.158201 0.249459 0.328616 0.897081
1305031459.544431 -1.86354 0.167765 0.131961 0.149656 0.265333 0.357368 0.882887
1305031459.576817 -1.87957 0.167135 0.138295 0.147344 0.275693 0.376798 0.871955
1305031459.611939 -1.89138 0.16807 0.144105 0.145919 0.278962 0.389434 0.86558
1305031459.643453 -1.90363 0.167831 0.150477 0.144806 0.283581 0.394256 0.862076
1305031459.675678 -1.91906 0.164462 0.159054 0.142114 0.293519 0.397088 0.857888
1305031459.711531 -1.93176 0.152785 0.162853 0.134901 0.302773 0.401866 0.8536
1305031459.743425 -1.94484 0.138624 0.165142 0.130935 0.310341 0.402946 0.850987
1305031459.776577 -1.96133 0.12355 0.170286 0.130093 0.31712 0.400508 0.849767
1305031459.812562 -1.97646 0.110931 0.17703 0.129575 0.319941 0.397798 0.850062
1305031459.844736 -1.99198 0.0973519 0.184562 0.126626 0.320937 0.396291 0.850834
1305031459.877006 -2.00292 0.0837985 0.192299 0.122205 0.31865 0.39736 0.851841
1305031459.911472 -2.01135 0.0683227 0.199329 0.119254 0.3158 0.400798 0.85171
1305031459.943616 -2.02119 0.0549321 0.207454 0.118426 0.314381 0.403614 0.85102
1305031459.979430 -2.02952 0.0413115 0.214766 0.116019 0.313217 0.40714 0.850101
1305031460.011909 -2.0348 0.0259695 0.220595 0.113187 0.312519 0.411316 0.848728
1305031460.043717 -2.04224 0.00967491 0.226565 0.112248 0.313368 0.414232 0.84712
1305031460.079449 -2.05044 -0.00683091 0.233478 0.113406 0.311786 0.418272 0.845563
1305031460.111951 -2.05553 -0.024289 0.243196 0.117781 0.305678 0.426556 0.843053
1305031460.144204 -2.06018 -0.0378237 0.250665 0.124352 0.297739 0.434162 0.841066
1305031460.178730 -2.06389 -0.0482786 0.261244 0.128137 0.291269 0.439521 0.839979
1305031460.208637 -2.06046 -0.0574364 0.265446 0.127959 0.28698 0.443766 0.83925
1305031460.243467 -2.05764 -0.0683846 0.268401 0.127981 0.290035 0.44538 0.837339
1305031460.279164 -2.05763 -0.078105 0.271727 0.128073 0.297921 0.444415 0.835066
1305031460.311712 -2.05601 -0.0871473 0.274497 0.127969 0.305562 0.44441 0.832319
1305031460.342879 -2.05672 -0.097398 0.280645 0.127716 0.314407 0.446136 0.82813
1305031460.377806 -2.05631 -0.106077 0.287143 0.125629 0.323713 0.448659 0.823487
1305031460.409883 -2.05379 -0.117083 0.291205 0.122719 0.333027 0.453403 0.817593
1305031460.444036 -2.05171 -0.124632 0.296822 0.12091 0.343686 0.457049 0.811398
1305031460.479856 -2.05199 -0.13152 0.301509 0.116654 0.35565 0.46174 0.804177
1305031460.508966 -2.05009 -0.141212 0.30568 0.10994 0.366147 0.470074 0.795537
1305031460.544245 -2.0479 -0.152541 0.309602 0.102855 0.375267 0.477432 0.787816
1305031460.579561 -2.04731 -0.162981 0.313151 0.0972377 0.384122 0.480397 0.782441
1305031460.612190 -2.04625 -0.173615 0.317723 0.0936557 0.392213 0.482755 0.777396
1305031460.644011 -2.04739 -0.185085 0.323614 0.090626 0.400697 0.483441 0.77299
1305031460.679350 -2.05019 -0.196023 0.33223 0.0881089 0.407769 0.483667 0.769433
1305031460.711684 -2.05014 -0.205357 0.339371 0.0841852 0.410941 0.484591 0.767601
1305031460.743767 -2.0488 -0.21637 0.346083 0.0795918 0.414949 0.484439 0.766029
1305031460.779201 -2.04917 -0.228748 0.354724 0.075928 0.420305 0.483657 0.763973
1305031460.811318 -2.04891 -0.237483 0.364122 0.0723473 0.423653 0.481892 0.763587
1305031460.843836 -2.04693 -0.246879 0.372476 0.066226 0.426796 0.48023 0.763438
1305031460.879093 -2.04423 -0.259125 0.381324 0.0582596 0.431514 0.478632 0.762439
1305031460.911313 -2.04097 -0.271107 0.390028 0.0513913 0.434879 0.478191 0.761297
1305031460.943375 -2.03475 -0.28255 0.396238 0.046399 0.435594 0.48005 0.760038
1305031460.979083 -2.02763 -0.295513 0.400748 0.0439487 0.437345 0.48165 0.758163
1305031461.011290 -2.02202 -0.307712 0.406962 0.0442161 0.440259 0.482235 0.756086
1305031461.043398 -2.01775 -0.318213 0.413928 0.0462902 0.44237 0.4824 0.754623
1305031461.079602 -2.01338 -0.325692 0.421992 0.0469561 0.442289 0.481867 0.75497
1305031461.111961 -2.00512 -0.334499 0.426496 0.044285 0.4408 0.48149 0.756242
1305031461.144098 -1.99612 -0.347262 0.431213 0.0424374 0.441695 0.480707 0.756324
1305031461.179883 -1.99048 -0.35395 0.436386 0.0442849 0.442973 0.477337 0.757604
1305031461.211180 -1.98562 -0.359886 0.442022 0.0451167 0.444594 0.474178 0.758588
1305031461.246864 -1.97955 -0.36747 0.447434 0.0451762 0.445972 0.47172 0.759308
1305031461.278888 -1.97425 -0.371713 0.452071 0.0462973 0.446988 0.467032 0.761537
1305031461.311240 -1.96837 -0.373345 0.45776 0.0474976 0.449008 0.461701 0.763523
1305031461.346875 -1.96674 -0.37306 0.466837 0.0463862 0.453473 0.456661 0.763984
1305031461.378850 -1.95752 -0.377508 0.472223 0.0395897 0.454378 0.456624 0.763851
1305031461.411130 -1.94816 -0.38208 0.474399 0.0349154 0.454018 0.457139 0.763985
1305031461.447015 -1.94344 -0.381867 0.478322 0.033276 0.454217 0.457231 0.763884
1305031461.478901 -1.93227 -0.38732 0.477969 0.0279273 0.452975 0.459966 0.763194
1305031461.512120 -1.92618 -0.390718 0.477454 0.0284354 0.453823 0.459942 0.762686
1305031461.547338 -1.92172 -0.387483 0.473784 0.0300706 0.454453 0.456766 0.764155
1305031461.578847 -1.91877 -0.385594 0.471377 0.0287424 0.459449 0.452977 0.763474
1305031461.609662 -1.91642 -0.382466 0.469745 0.0268149 0.465566 0.451073 0.760961
1305031461.646970 -1.91361 -0.378098 0.467377 0.0244837 0.469976 0.450972 0.758385
1305031461.676203 -1.91206 -0.371553 0.465128 0.0236624 0.472516 0.453443 0.755353
1305031461.711212 -1.90793 -0.365219 0.46134 0.0223184 0.472489 0.458993 0.752052
1305031461.746919 -1.90723 -0.356949 0.456673 0.0218397 0.472964 0.462656 0.749518
1305031461.778616 -1.9073 -0.345931 0.452833 0.0209341 0.47415 0.465577 0.746981
1305031461.811319 -1.90608 -0.336352 0.447747 0.0185868 0.476111 0.469675 0.743221
1305031461.847090 -1.90933 -0.322571 0.445313 0.0196223 0.479889 0.473973 0.738018
1305031461.879162 -1.91416 -0.309399 0.447342 0.0192109 0.483159 0.481701 0.730858
1305031461.911121 -1.91645 -0.29457 0.44356 0.0175884 0.480744 0.492368 0.725362
1305031461.947264 -1.91709 -0.279184 0.433861 0.0147958 0.478451 0.499353 0.722158
1305031461.979223 -1.92664 -0.267068 0.437193 0.0109067 0.485257 0.502295 0.715616
1305031462.011791 -1.92972 -0.260935 0.440634 0.00270312 0.487385 0.511429 0.707735
1305031462.047463 -1.93179 -0.252954 0.440303 -0.00129128 0.482803 0.524223 0.701491
1305031462.079285 -1.93541 -0.240936 0.437537 -5.26266e-05 0.475415 0.536028 0.697606
1305031462.112081 -1.94002 -0.230776 0.435637 -0.00051773 0.470002 0.545341 0.694047
1305031462.147634 -1.94423 -0.224207 0.435085 -0.00308293 0.46693 0.55282 0.690187
1305031462.179358 -1.95002 -0.215498 0.433925 -0.00536329 0.464876 0.5556 0.689326
1305031462.212836 -1.95641 -0.209458 0.435505 -0.010672 0.464832 0.556101 0.68889
1305031462.248986 -1.96242 -0.203975 0.437988 -0.0170791 0.464361 0.556268 0.688944
1305031462.280774 -1.96872 -0.198136 0.440616 -0.0238426 0.462438 0.554715 0.691284
1305031462.311931 -1.97555 -0.190351 0.441384 -0.0302792 0.459229 0.551824 0.695473
1305031462.347816 -1.98404 -0.184 0.446235 -0.0377875 0.458776 0.547245 0.699013
1305031462.379950 -1.99306 -0.176916 0.452099 -0.0455246 0.456493 0.543067 0.703292
1305031462.413016 -2.00116 -0.170788 0.456991 -0.0541707 0.451549 0.540687 0.707691
1305031462.448295 -2.01009 -0.163463 0.461228 -0.0614079 0.445137 0.537726 0.713395
1305031462.480843 -2.0191 -0.157017 0.463257 -0.0698027 0.437216 0.535276 0.71934
1305031462.517041 -2.02602 -0.153061 0.46429 -0.0780912 0.429142 0.533764 0.724455
1305031462.548959 -2.03304 -0.148002 0.461464 -0.0833169 0.419785 0.530537 0.731689
1305031462.581088 -2.03304 -0.148002 0.461464 -0.0833169 0.419785 0.530537 0.731689
1305031462.617123 -2.03304 -0.148002 0.461464 -0.0833169 0.419785 0.530537 0.731689
1305031462.648708 -2.04011 -0.143763 0.457278 -0.0862504 0.417937 0.52188 0.7386
1305031462.680788 -2.04893 -0.14076 0.453522 -0.0868794 0.41729 0.512867 0.745177
1305031462.716812 -2.04893 -0.14076 0.453522 -0.0868794 0.41729 0.512867 0.745177
1305031462.748732 -2.05938 -0.131874 0.446178 -0.0866906 0.410334 0.502794 0.755849
1305031462.780885 -2.0688 -0.123913 0.438314 -0.0873264 0.404684 0.4949 0.763989
1305031462.816821 -2.07888 -0.115562 0.429752 -0.0884258 0.39953 0.488947 0.770381
1305031462.848525 -2.08811 -0.10216 0.42038 -0.0893004 0.394423 0.483203 0.776512
1305031462.880471 -2.08811 -0.10216 0.42038 -0.0893004 0.394423 0.483203 0.776512
1305031462.916800 -2.09372 -0.0933958 0.407513 -0.08964 0.393248 0.481491 0.778131
1305031462.947939 -2.09883 -0.0851778 0.395082 -0.0885996 0.391166 0.479761 0.780364
1305031462.979943 -2.10176 -0.0759465 0.381905 -0.0852258 0.387923 0.476463 0.784369
1305031463.016121 -2.10366 -0.0700433 0.366946 -0.0815046 0.384691 0.471712 0.789213
1305031463.050783 -2.10366 -0.0700433 0.366946 -0.0815046 0.384691 0.471712 0.789213
1305031463.076870 -2.11063 -0.0583036 0.353414 -0.0783182 0.380676 0.462136 0.797109
1305031463.116806 -2.11063 -0.0583036 0.353414 -0.0783182 0.380676 0.462136 0.797109
1305031463.148565 -2.11505 -0.0497007 0.338093 -0.0746347 0.379418 0.452079 0.803801
1305031463.180505 -2.12161 -0.0386663 0.323992 -0.0722976 0.378431 0.442663 0.809699
1305031463.217123 -2.12161 -0.0386663 0.323992 -0.0722976 0.378431 0.442663 0.809699
1305031463.248719 -2.12161 -0.0386663 0.323992 -0.0722976 0.378431 0.442663 0.809699
1305031463.278737 -2.12161 -0.0386663 0.323992 -0.0722976 0.378431 0.442663 0.809699
1305031463.317110 -2.12083 -0.0261122 0.311265 -0.0702695 0.375139 0.437637 0.81413
1305031463.348740 -2.12083 -0.0261122 0.311265 -0.0702695 0.375139 0.437637 0.81413
1305031463.380514 -2.12083 -0.0261122 0.311265 -0.0702695 0.375139 0.437637 0.81413
1305031463.416326 -2.11905 -0.0122842 0.298476 -0.0673933 0.371196 0.432801 0.818752
1305031463.444773 -2.11905 -0.0122842 0.298476 -0.0673933 0.371196 0.432801 0.818752
1305031463.480415 -2.11366 0.000538026 0.284192 -0.0670646 0.370126 0.430862 0.820285
1305031463.516994 -2.1055 0.00999387 0.270525 -0.0684605 0.371949 0.429239 0.820196
1305031463.548505 -2.10143 0.0165669 0.256571 -0.0672926 0.375526 0.428363 0.81912
1305031463.580684 -2.10143 0.0165669 0.256571 -0.0672926 0.375526 0.428363 0.81912
1305031463.616671 -2.10143 0.0165669 0.256571 -0.0672926 0.375526 0.428363 0.81912
1305031463.646147 -2.09173 0.0208818 0.237339 -0.0638901 0.37489 0.426566 0.82062
1305031463.683908 -2.08875 0.0304172 0.220473 -0.0567613 0.376401 0.422452 0.822578
1305031463.716110 -2.08875 0.0304172 0.220473 -0.0567613 0.376401 0.422452 0.822578
1305031463.747849 -2.07388 0.0296654 0.196638 -0.0580798 0.375287 0.41942 0.824544
1305031463.783912 -2.06624 0.033676 0.177275 -0.0539474 0.378855 0.410832 0.827512
1305031463.815883 -2.06624 0.033676 0.177275 -0.0539474 0.378855 0.410832 0.827512
1305031463.848094 -2.05431 0.0326467 0.153905 -0.0562468 0.378739 0.40194 0.831768
1305031463.883817 -2.04581 0.0339335 0.133145 -0.0545014 0.380429 0.392959 0.835396
1305031463.917433 -2.03828 0.0332372 0.11253 -0.0541046 0.380148 0.385882 0.838842
1305031463.944435 -2.02842 0.0309848 0.0919146 -0.0535198 0.376616 0.381281 0.842568
1305031463.983748 -2.01911 0.0268615 0.0710646 -0.0520786 0.373248 0.375121 0.846911
1305031464.015867 -2.01345 0.0262354 0.0507553 -0.0498614 0.370576 0.367351 0.85161
1305031464.047778 -2.00495 0.0222188 0.0297611 -0.0508871 0.368199 0.359575 0.855889
1305031464.083152 -1.99732 0.0163027 0.00994004 -0.0510626 0.368575 0.350697 0.859393
1305031464.115837 -1.99438 0.0111097 -0.00674095 -0.0490801 0.369693 0.343854 0.861791
1305031464.147663 -1.98969 0.00389245 -0.022595 -0.0455615 0.367625 0.341099 0.86396
1305031464.183566 -1.98471 -0.0058366 -0.038075 -0.0382043 0.363416 0.338604 0.867074
1305031464.212447 -1.98615 -0.00864231 -0.0516473 -0.026185 0.35795 0.333501 0.871759
1305031464.247602 -1.98894 -0.00830919 -0.0647626 -0.0150924 0.34844 0.330042 0.877174
1305031464.283694 -1.98668 -0.00756926 -0.0774525 -0.00801763 0.334482 0.326989 0.883819
1305031464.315699 -1.97821 -0.0067515 -0.0949313 -0.0041992 0.31908 0.322517 0.891153
1305031464.347553 -1.96652 -0.00730598 -0.114687 -0.00106232 0.306715 0.317053 0.897442
1305031464.383465 -1.9569 -0.00467814 -0.135347 0.00370101 0.298834 0.309918 0.902572
1305031464.415539 -1.95078 -0.00130921 -0.152748 0.00627341 0.296538 0.300399 0.906524
1305031464.444269 -1.94225 -0.00191336 -0.17055 0.00623535 0.294433 0.291227 0.910196
1305031464.487561 -1.93277 -0.000229986 -0.189997 0.00812225 0.291152 0.284062 0.913495
1305031464.513688 -1.92692 0.00165366 -0.210514 0.00895092 0.290062 0.276865 0.91604
1305031464.548007 -1.91926 0.00417332 -0.229807 0.00732822 0.288017 0.267191 0.919566
1305031464.584260 -1.89642 -0.00217278 -0.258072 0.00353474 0.284547 0.257889 0.923317
1305031464.615688 -1.88274 -0.00679463 -0.282752 0.00623168 0.291297 0.247128 0.92414
1305031464.648851 -1.87521 -0.00967101 -0.30422 0.011521 0.303399 0.234051 0.9236
1305031464.684318 -1.86551 -0.0223958 -0.324787 0.0156434 0.314933 0.21773 0.92367
1305031464.716305 -1.86063 -0.0342818 -0.334551 0.0250915 0.325966 0.198975 0.923865
1305031464.748588 -1.86128 -0.0322117 -0.342303 0.0374757 0.330939 0.1782 0.925915
1305031464.784268 -1.85766 -0.037608 -0.343595 0.0429649 0.329975 0.158191 0.929648
1305031464.816195 -1.85405 -0.046607 -0.342168 0.0492962 0.323652 0.141983 0.934163
1305031464.848283 -1.85058 -0.0466325 -0.343007 0.0573725 0.311103 0.127801 0.939995
1305031464.884177 -1.83869 -0.0425676 -0.341999 0.058713 0.295229 0.110931 0.947147
1305031464.916391 -1.82074 -0.050474 -0.343014 0.0531232 0.281078 0.0922446 0.953763
1305031464.952471 -1.79839 -0.0589842 -0.346855 0.0500192 0.27086 0.0729781 0.958544
1305031464.984257 -1.77725 -0.0590469 -0.349708 0.0520127 0.265932 0.0543709 0.961051
1305031465.015390 -1.76194 -0.054558 -0.342574 0.0538708 0.264902 0.0334195 0.962189
1305031465.048430 -1.75349 -0.043525 -0.329147 0.057279 0.262535 0.0128125 0.963136
1305031465.083338 -1.74285 -0.014855 -0.312717 0.0597046 0.253593 -0.00254942 0.965463
1305031465.115475 -1.72498 0.0070585 -0.299697 0.0485202 0.239051 -0.0152716 0.969674
1305031465.151558 -1.70536 0.0154113 -0.285924 0.0308697 0.224585 -0.0231461 0.97369
1305031465.183558 -1.68466 0.023323 -0.272365 0.0168539 0.21118 -0.028402 0.976889
1305031465.215832 -1.66608 0.0389479 -0.262019 0.00649269 0.199632 -0.0330012 0.979294
1305031465.251788 -1.64738 0.0499638 -0.249219 -0.00420813 0.189005 -0.0340046 0.981378
1305031465.283737 -1.62858 0.0608524 -0.240708 -0.0096077 0.17837 -0.0276224 0.983529
1305031465.315985 -1.61053 0.0790304 -0.2327 -0.0111801 0.165959 -0.0152526 0.985951
1305031465.351729 -1.59519 0.0879152 -0.225022 -0.0140009 0.151708 -0.00189577 0.988324
1305031465.383701 -1.57273 0.0962466 -0.222758 -0.0122692 0.133894 0.0105818 0.990863
1305031465.416543 -1.54745 0.109785 -0.225488 -0.00687816 0.117088 0.0211694 0.992872
1305031465.452401 -1.52648 0.128757 -0.229867 -7.04509e-05 0.104133 0.032393 0.994036
1305031465.483803 -1.50854 0.152112 -0.235231 0.00492859 0.092884 0.0432179 0.994726
1305031465.516043 -1.48915 0.161557 -0.239399 0.00356002 0.0824203 0.0486437 0.995403
1305031465.551838 -1.467 0.173453 -0.245966 0.00808665 0.0720677 0.0538212 0.995914
1305031465.583570 -1.44403 0.193253 -0.255344 0.0165418 0.0637477 0.0598317 0.996034
1305031465.615685 -1.42756 0.212763 -0.265024 0.0235369 0.059046 0.0671146 0.995718
1305031465.651645 -1.41083 0.230989 -0.273459 0.0302342 0.0511708 0.0760464 0.995331
1305031465.684759 -1.38663 0.251654 -0.282884 0.0380424 0.0405282 0.0833953 0.994965
1305031465.716279 -1.36576 0.273029 -0.292084 0.0465874 0.0344004 0.0894555 0.994306
1305031465.753153 -1.34731 0.297389 -0.300525 0.0564362 0.0296441 0.0973542 0.993206
1305031465.784387 -1.32751 0.321438 -0.308571 0.0644882 0.0248676 0.103873 0.992186
1305031465.816591 -1.30789 0.340405 -0.315448 0.0722272 0.0213401 0.108936 0.991192
1305031465.852860 -1.28742 0.367987 -0.323903 0.0848356 0.0181443 0.113534 0.989739
1305031465.884370 -1.26726 0.401298 -0.330846 0.094032 0.0180498 0.115582 0.988672
1305031465.912828 -1.24577 0.421624 -0.336328 0.0973692 0.022434 0.116131 0.988195
1305031465.952840 -1.22881 0.443265 -0.343585 0.105674 0.0301433 0.116039 0.987147
1305031465.984183 -1.21765 0.470479 -0.350301 0.11497 0.0380945 0.112935 0.986193
1305031466.016599 -1.20582 0.496502 -0.356873 0.121522 0.0419062 0.110577 0.98552
1305031466.052655 -1.19522 0.526606 -0.363105 0.125019 0.0432177 0.110618 0.985021
1305031466.083913 -1.18591 0.549855 -0.367873 0.122538 0.0423057 0.112242 0.985189
1305031466.116400 -1.178 0.570221 -0.374494 0.118418 0.0388212 0.113431 0.9857
1305031466.152540 -1.17085 0.5888 -0.384154 0.113716 0.0337607 0.114986 0.986259
1305031466.184186 -1.16482 0.608346 -0.395408 0.108593 0.0263415 0.116933 0.986833
1305031466.220477 -1.15534 0.624531 -0.40715 0.0998192 0.0165357 0.115449 0.988147
1305031466.252491 -1.13737 0.631805 -0.420223 0.0917134 0.00870515 0.109252 0.989736
1305031466.284389 -1.12168 0.643776 -0.438016 0.0911375 0.00973573 0.0990004 0.990857
1305031466.320055 -1.10996 0.657924 -0.453652 0.0910378 0.0172273 0.0879612 0.991806
1305031466.352082 -1.09908 0.671328 -0.468368 0.0869464 0.0256029 0.080342 0.992638
1305031466.384479 -1.08948 0.67155 -0.483608 0.0807637 0.0313428 0.0770099 0.993259
1305031466.420844 -1.08352 0.679204 -0.499084 0.0839578 0.0333767 0.0740081 0.993157
1305031466.452369 -1.07199 0.696244 -0.512572 0.0879297 0.0289154 0.0692889 0.993293
1305031466.483315 -1.05538 0.710731 -0.522467 0.0864477 0.0228338 0.0670037 0.993738
1305031466.519548 -1.03417 0.719974 -0.531772 0.083456 0.0200255 0.0660958 0.994115
1305031466.552219 -1.01712 0.732972 -0.541226 0.0822033 0.0224474 0.0649651 0.994243
1305031466.584438 -0.998762 0.749145 -0.548379 0.0775042 0.0219092 0.0628366 0.994769
1305031466.620424 -0.975717 0.752819 -0.553549 0.0685198 0.0208388 0.0595868 0.995651
1305031466.648654 -0.960402 0.756345 -0.56048 0.0690246 0.0250086 0.055185 0.995773
1305031466.684412 -0.943402 0.774586 -0.567837 0.0742515 0.0249512 0.0492262 0.995711
1305031466.719744 -0.9226 0.786295 -0.573464 0.0702608 0.0208332 0.0400126 0.996508
1305031466.748734 -0.903479 0.785822 -0.578575 0.0665307 0.0197033 0.0310473 0.997107
1305031466.784300 -0.890947 0.793501 -0.585624 0.0716437 0.0210723 0.0243573 0.99691
1305031466.819502 -0.873163 0.807283 -0.592432 0.0737923 0.0163148 0.0205225 0.996929
1305031466.851527 -0.859347 0.810954 -0.596827 0.071037 0.0110015 0.0200546 0.997211
1305031466.883430 -0.848645 0.814767 -0.602122 0.07323 0.00274948 0.0203041 0.997105
1305031466.919411 -0.832155 0.821251 -0.609432 0.0759723 -0.0113864 0.0175406 0.996891
1305031466.952451 -0.816275 0.825087 -0.617225 0.0768332 -0.0232108 0.0155584 0.996652
1305031466.984027 -0.799006 0.829828 -0.623752 0.0782829 -0.0303931 0.0128092 0.996385
1305031467.020424 -0.782655 0.83467 -0.629365 0.0791617 -0.0353211 0.00842671 0.9962
1305031467.052391 -0.766244 0.838864 -0.636048 0.0792524 -0.039071 0.00431557 0.996079
1305031467.084130 -0.749816 0.84579 -0.640411 0.0787929 -0.0415125 -0.000123338 0.996026
1305031467.120528 -0.737166 0.849011 -0.644174 0.0778398 -0.0433909 -0.00893964 0.995981
1305031467.152363 -0.725029 0.851604 -0.648517 0.0785817 -0.0459501 -0.0178755 0.995688
1305031467.184216 -0.713262 0.856291 -0.65258 0.0803301 -0.0497046 -0.0233553 0.995254
1305031467.220466 -0.699418 0.860403 -0.656977 0.081522 -0.056153 -0.0290469 0.994664
1305031467.252275 -0.686594 0.863289 -0.661935 0.0829186 -0.0618223 -0.0345734 0.994036
1305031467.284258 -0.673815 0.867194 -0.666691 0.0852525 -0.0669201 -0.0408285 0.993271
1305031467.318028 -0.660195 0.872792 -0.671519 0.0874605 -0.0725044 -0.0468118 0.992423
1305031467.349355 -0.647203 0.880859 -0.676575 0.0875992 -0.0788523 -0.0496337 0.991789
1305031467.383844 -0.633086 0.886634 -0.681011 0.0836256 -0.0865188 -0.0534966 0.991292
1305031467.420160 -0.618352 0.888827 -0.685062 0.0806303 -0.0936498 -0.0582717 0.990622
1305031467.452057 -0.605552 0.8919 -0.691838 0.0804345 -0.0997492 -0.0604045 0.989915
1305031467.484357 -0.590854 0.899336 -0.699733 0.0788984 -0.107036 -0.0643253 0.98903
1305031467.520535 -0.576881 0.906096 -0.703314 0.0750106 -0.112029 -0.0705825 0.988353
1305031467.552164 -0.564605 0.905024 -0.707037 0.0723213 -0.113612 -0.0740663 0.988117
1305031467.584354 -0.552543 0.906595 -0.71056 0.0724244 -0.114827 -0.0733344 0.988024
1305031467.618680 -0.541117 0.903149 -0.711934 0.0721903 -0.118195 -0.0712711 0.987795
1305031467.651977 -0.528558 0.897988 -0.713769 0.0765495 -0.123255 -0.0690317 0.987007
1305031467.686044 -0.515397 0.898392 -0.715016 0.0817823 -0.12729 -0.0694275 0.986047
1305031467.718326 -0.500977 0.894626 -0.710344 0.0853399 -0.130537 -0.074364 0.984961
1305031467.752580 -0.491247 0.886494 -0.707128 0.089752 -0.131914 -0.0777289 0.984125
1305031467.788562 -0.481681 0.88119 -0.702374 0.0943731 -0.133922 -0.0803528 0.98321
1305031467.820454 -0.472414 0.872541 -0.694949 0.0979448 -0.136219 -0.0818904 0.982418
1305031467.852678 -0.465173 0.862426 -0.686065 0.103951 -0.139227 -0.0802666 0.981513
1305031467.888472 -0.458342 0.857239 -0.676204 0.110631 -0.144851 -0.0785862 0.980104
1305031467.920800 -0.451228 0.850237 -0.664435 0.114721 -0.151468 -0.0801791 0.978503
1305031467.952485 -0.444535 0.838016 -0.652193 0.119348 -0.156257 -0.0813983 0.977095
1305031467.988523 -0.434529 0.834444 -0.639261 0.125337 -0.159361 -0.0831605 0.975694
1305031468.020491 -0.4229 0.824654 -0.623574 0.124274 -0.161664 -0.0862116 0.975186
1305031468.052668 -0.41323 0.809613 -0.609722 0.126201 -0.163782 -0.0895565 0.974284
1305031468.088379 -0.403571 0.801035 -0.596355 0.130048 -0.167233 -0.0916399 0.972997
1305031468.120522 -0.393424 0.78902 -0.581828 0.128961 -0.170455 -0.0928223 0.97247
1305031468.152356 -0.38329 0.775352 -0.568548 0.129296 -0.173048 -0.0954645 0.971712
1305031468.188327 -0.371158 0.762953 -0.555006 0.129215 -0.175253 -0.099056 0.970967
1305031468.220648 -0.358602 0.746639 -0.541538 0.126832 -0.176537 -0.100357 0.970915
1305031468.252517 -0.344004 0.730508 -0.528984 0.125515 -0.177366 -0.0997985 0.970993
1305031468.288361 -0.329817 0.713351 -0.517553 0.123777 -0.177222 -0.0999987 0.971222
1305031468.320522 -0.316136 0.690074 -0.507284 0.12194 -0.177015 -0.0999059 0.971502
1305031468.352594 -0.303974 0.674144 -0.501481 0.124359 -0.175153 -0.0973711 0.97179
1305031468.384700 -0.291904 0.662089 -0.493306 0.124034 -0.175089 -0.0954677 0.972032
1305031468.420595 -0.280495 0.641316 -0.486887 0.118577 -0.176088 -0.096015 0.972478
1305031468.452605 -0.270106 0.622865 -0.481722 0.11613 -0.177376 -0.0949907 0.97264
1305031468.488646 -0.259666 0.605283 -0.476636 0.113125 -0.178207 -0.0943812 0.972902
1305031468.520786 -0.251757 0.583069 -0.472112 0.11011 -0.177628 -0.0990808 0.972886
1305031468.552701 -0.247243 0.560507 -0.470498 0.112308 -0.176982 -0.107606 0.971846
1305031468.588614 -0.247128 0.547595 -0.469984 0.116572 -0.176471 -0.114135 0.970692
1305031468.620590 -0.246448 0.532187 -0.466719 0.11285 -0.177823 -0.116681 0.970582
1305031468.656644 -0.247481 0.507791 -0.465511 0.1076 -0.180527 -0.118681 0.970437
1305031468.688643 -0.251884 0.484698 -0.46516 0.108281 -0.184909 -0.121515 0.969184
1305031468.720560 -0.257249 0.466395 -0.46483 0.111712 -0.189456 -0.123466 0.967669
1305031468.756725 -0.262131 0.449455 -0.463195 0.113029 -0.193383 -0.123773 0.966699
1305031468.788562 -0.265793 0.429618 -0.461653 0.114246 -0.195673 -0.126546 0.965736
1305031468.817997 -0.270365 0.411641 -0.460922 0.120146 -0.196262 -0.133303 0.96399
1305031468.854887 -0.269666 0.402843 -0.457058 0.1253 -0.196987 -0.137905 0.962537
1305031468.889220 -0.267939 0.392422 -0.451734 0.12417 -0.194709 -0.141354 0.962647
1305031468.920539 -0.266806 0.383193 -0.447507 0.120981 -0.190565 -0.141137 0.963913
1305031468.956482 -0.268915 0.380496 -0.444657 0.116523 -0.185072 -0.136481 0.966201
1305031468.986011 -0.269891 0.387213 -0.438389 0.108456 -0.182188 -0.135837 0.967778
1305031469.020731 -0.274973 0.378603 -0.431467 0.0897998 -0.17976 -0.141226 0.96937
1305031469.056318 -0.280844 0.36747 -0.426037 0.0733275 -0.177773 -0.147229 0.970229
1305031469.088069 -0.281003 0.362172 -0.416095 0.0618064 -0.178242 -0.155386 0.969673
1305031469.119984 -0.279911 0.353642 -0.40466 0.0487623 -0.175047 -0.166043 0.969232
1305031469.155046 -0.281547 0.344873 -0.393601 0.0365416 -0.167543 -0.174178 0.969668
1305031469.184648 -0.284025 0.335408 -0.383131 0.0259997 -0.158912 -0.179897 0.970416
1305031469.219541 -0.289225 0.330195 -0.373502 0.0193465 -0.151131 -0.183151 0.971206
1305031469.256002 -0.291392 0.328075 -0.362379 0.0145431 -0.14798 -0.18646 0.971145
1305031469.288263 -0.294045 0.325985 -0.350231 0.00929407 -0.144127 -0.189396 0.971221
1305031469.319772 -0.296873 0.326973 -0.338227 0.00431822 -0.140435 -0.190649 0.971551
1305031469.356116 -0.293945 0.324877 -0.324783 -0.00280336 -0.138221 -0.194035 0.971204
1305031469.388556 -0.294738 0.321284 -0.311196 -0.0079039 -0.129261 -0.199403 0.971323
1305031469.420278 -0.297223 0.325989 -0.298561 -0.00773172 -0.116761 -0.204451 0.971857
1305031469.456563 -0.300536 0.331277 -0.285228 -0.00826889 -0.106151 -0.210808 0.971712
1305031469.488520 -0.307735 0.336973 -0.270126 -0.00939188 -0.098181 -0.21518 0.971581
1305031469.520417 -0.310042 0.34391 -0.25629 -0.0116862 -0.0971596 -0.215652 0.971554
1305031469.556139 -0.310334 0.351396 -0.242727 -0.016669 -0.0987127 -0.215595 0.971338
1305031469.588500 -0.31093 0.359655 -0.228844 -0.0236812 -0.099961 -0.214519 0.971303
1305031469.620563 -0.312221 0.368358 -0.214506 -0.0322959 -0.0998369 -0.213794 0.971227
1305031469.656279 -0.316314 0.376898 -0.199705 -0.0392656 -0.0966557 -0.213038 0.971458
1305031469.687925 -0.319343 0.385869 -0.186989 -0.0439739 -0.0930485 -0.211523 0.971939
1305031469.718943 -0.323387 0.395781 -0.173924 -0.0491185 -0.0887795 -0.209752 0.972476
1305031469.756754 -0.328021 0.407633 -0.161485 -0.0544908 -0.0844422 -0.206188 0.973338
1305031469.784733 -0.334018 0.422151 -0.149059 -0.0596837 -0.0821657 -0.201924 0.974122
1305031469.820544 -0.341155 0.43389 -0.138226 -0.0654797 -0.0823696 -0.198378 0.974461
1305031469.854359 -0.349944 0.44871 -0.127733 -0.0706599 -0.0833788 -0.194782 0.974738
1305031469.885343 -0.360194 0.461664 -0.118016 -0.0762963 -0.0839076 -0.192012 0.974818
1305031469.921773 -0.370857 0.476505 -0.108645 -0.0795848 -0.0847306 -0.187946 0.975276
1305031469.953180 -0.383503 0.489487 -0.10055 -0.0819381 -0.0862781 -0.185661 0.975383
1305031469.985327 -0.396208 0.502251 -0.093554 -0.0838674 -0.0878053 -0.183585 0.975476
1305031470.024714 -0.408595 0.515653 -0.0880193 -0.0857099 -0.0894054 -0.181814 0.975502
1305031470.057400 -0.423002 0.528535 -0.0831121 -0.0879763 -0.0895102 -0.18125 0.975396
1305031470.088874 -0.437126 0.540852 -0.0797497 -0.0899162 -0.0887732 -0.179418 0.975625
1305031470.124820 -0.450676 0.552898 -0.0774886 -0.0930313 -0.0882665 -0.176765 0.975863
1305031470.156744 -0.46457 0.565463 -0.0753797 -0.0963327 -0.0884879 -0.173634 0.976085
1305031470.188876 -0.479834 0.576507 -0.0752819 -0.0989762 -0.0887871 -0.170381 0.976366
1305031470.224776 -0.493945 0.587156 -0.074762 -0.10204 -0.089149 -0.167405 0.976533
1305031470.253015 -0.507688 0.59797 -0.0748801 -0.106045 -0.0889015 -0.163899 0.976723
1305031470.287867 -0.521516 0.608328 -0.0750349 -0.110967 -0.0882072 -0.160895 0.976739
1305031470.324266 -0.535827 0.619239 -0.0741908 -0.11653 -0.0876344 -0.15744 0.976705
1305031470.356871 -0.550405 0.628328 -0.0742824 -0.122495 -0.0880676 -0.153015 0.97664
1305031470.388056 -0.565064 0.637372 -0.0746714 -0.126505 -0.0890181 -0.14935 0.97661
1305031470.424090 -0.565064 0.637372 -0.0746714 -0.126505 -0.0890181 -0.14935 0.97661
1305031470.455875 -0.579374 0.643345 -0.0762094 -0.127462 -0.0897708 -0.149745 0.976356
1305031470.487958 -0.593695 0.64923 -0.0779521 -0.127097 -0.0901612 -0.148261 0.976594
1305031470.524431 -0.606942 0.654606 -0.0796971 -0.126936 -0.0904306 -0.147406 0.97672
1305031470.556484 -0.619058 0.659956 -0.0808239 -0.127607 -0.0898799 -0.146708 0.976788
1305031470.588797 -0.631012 0.663806 -0.0810567 -0.129447 -0.0891332 -0.144405 0.976957
1305031470.624535 -0.631012 0.663806 -0.0810567 -0.129447 -0.0891332 -0.144405 0.976957
1305031470.656787 -0.641879 0.667783 -0.0810766 -0.131711 -0.0885637 -0.139781 0.977379
1305031470.688640 -0.653 0.672158 -0.0810276 -0.133708 -0.0880067 -0.135319 0.977786
1305031470.724461 -0.653 0.672158 -0.0810276 -0.133708 -0.0880067 -0.135319 0.977786
1305031470.755944 -0.653 0.672158 -0.0810276 -0.133708 -0.0880067 -0.135319 0.977786
1305031470.788407 -0.653 0.672158 -0.0810276 -0.133708 -0.0880067 -0.135319 0.977786
1305031470.820633 -0.661755 0.673679 -0.0804523 -0.133096 -0.0860307 -0.132111 0.978484
1305031470.855509 -0.661755 0.673679 -0.0804523 -0.133096 -0.0860307 -0.132111 0.978484
1305031470.886079 -0.661755 0.673679 -0.0804523 -0.133096 -0.0860307 -0.132111 0.978484
1305031470.924410 -0.671891 0.673366 -0.0815423 -0.129535 -0.0870296 -0.126725 0.979585
1305031470.956439 -0.671891 0.673366 -0.0815423 -0.129535 -0.0870296 -0.126725 0.979585
1305031470.988276 -0.682101 0.671354 -0.0845431 -0.120913 -0.0872272 -0.124404 0.980966
1305031471.024309 -0.691491 0.667697 -0.0865495 -0.114183 -0.0851979 -0.122438 0.982198
1305031471.056616 -0.700637 0.664457 -0.0887309 -0.105723 -0.0818544 -0.118805 0.983874
1305031471.088440 -0.709305 0.662084 -0.0916196 -0.0973959 -0.0793147 -0.112469 0.985684
1305031471.123837 -0.717612 0.659805 -0.09349 -0.090851 -0.0784307 -0.106022 0.987094
1305031471.155886 -0.724359 0.658348 -0.0958311 -0.0845916 -0.0777224 -0.099648 0.988369
1305031471.192698 -0.730586 0.657527 -0.0976932 -0.0805209 -0.0753086 -0.0936849 0.989479
1305031471.224404 -0.737872 0.656552 -0.0988051 -0.079535 -0.0712919 -0.0882133 0.990359
1305031471.256397 -0.744744 0.654799 -0.0986951 -0.0801943 -0.0685188 -0.0844251 0.990831
1305031471.288603 -0.751414 0.651484 -0.0987803 -0.0807777 -0.0659077 -0.0805876 0.99128
1305031471.324440 -0.756194 0.649626 -0.0998848 -0.0782034 -0.062503 -0.0771719 0.991979
1305031471.356569 -0.760063 0.650368 -0.101587 -0.0751339 -0.0559981 -0.0749678 0.992773
1305031471.392751 -0.766497 0.645605 -0.102177 -0.0771956 -0.0474502 -0.0707425 0.99337
1305031471.424494 -0.772771 0.643717 -0.104509 -0.0743892 -0.0424476 -0.0639808 0.994269
1305031471.456975 -0.777551 0.643632 -0.106762 -0.0716909 -0.0414143 -0.0578535 0.994886
1305031471.492705 -0.777551 0.643632 -0.106762 -0.0716909 -0.0414143 -0.0578535 0.994886
1305031471.524343 -0.782329 0.642135 -0.108772 -0.0725554 -0.0402293 -0.0533525 0.995124
1305031471.556561 -0.785423 0.641591 -0.111145 -0.0727087 -0.0390903 -0.0507862 0.995292
1305031471.592606 -0.789041 0.640557 -0.11385 -0.073435 -0.0351815 -0.0488273 0.995483
1305031471.624486 -0.792041 0.640248 -0.116482 -0.0730327 -0.0304561 -0.0472306 0.995745
1305031471.656831 -0.79548 0.638977 -0.11933 -0.0725583 -0.0250434 -0.0448189 0.996042
1305031471.693182 -0.798342 0.639694 -0.122458 -0.0701399 -0.0202775 -0.0404792 0.996509
1305031471.724753 -0.800786 0.64183 -0.125345 -0.068819 -0.0162466 -0.0357519 0.996856
1305031471.753002 -0.801563 0.640753 -0.126885 -0.0709378 -0.0126927 -0.0303256 0.996939
1305031471.792706 -0.802912 0.642959 -0.129135 -0.0695664 -0.00689186 -0.0231521 0.997285
1305031471.823821 -0.805181 0.647844 -0.130677 -0.069084 -0.00115056 -0.0156145 0.997488
1305031471.855793 -0.807122 0.648687 -0.130905 -0.0734248 0.00241751 -0.0087852 0.997259
1305031471.892838 -0.80973 0.651846 -0.131653 -0.0757042 0.00648624 -0.00219563 0.997107
1305031471.924928 -0.811868 0.653864 -0.131472 -0.0807149 0.011002 0.00310902 0.996672
1305031471.957162 -0.814611 0.653039 -0.130248 -0.0855573 0.0173845 0.0049673 0.996169
1305031471.993177 -0.81806 0.659684 -0.131288 -0.0824521 0.02491 0.00761151 0.996255
1305031472.024660 -0.82232 0.664046 -0.130346 -0.0862324 0.0315724 0.0114231 0.995709
1305031472.058063 -0.82232 0.664046 -0.130346 -0.0862324 0.0315724 0.0114231 0.995709
1305031472.092883 -0.827201 0.667575 -0.130572 -0.0852337 0.0370239 0.0162774 0.99554
1305031472.124760 -0.832318 0.672575 -0.129319 -0.0865583 0.0411623 0.0209537 0.995175
1305031472.156982 -0.832318 0.672575 -0.129319 -0.0865583 0.0411623 0.0209537 0.995175
1305031472.192890 -0.836267 0.671101 -0.12901 -0.0860633 0.0426144 0.0242492 0.995082
1305031472.224678 -0.839846 0.671625 -0.129521 -0.0829077 0.0442831 0.0276644 0.995188
1305031472.256642 -0.842626 0.669066 -0.128914 -0.0824192 0.0461749 0.0287087 0.995113
1305031472.293139 -0.844079 0.66662 -0.129804 -0.0780716 0.0480557 0.0300907 0.995334
1305031472.324844 -0.844079 0.66662 -0.129804 -0.0780716 0.0480557 0.0300907 0.995334
1305031472.360912 -0.846038 0.667296 -0.130441 -0.0755251 0.0490413 0.0316568 0.995434
1305031472.392956 -0.847702 0.665622 -0.12981 -0.0759747 0.0483045 0.0336713 0.99537
1305031472.424694 -0.848132 0.661929 -0.130138 -0.0758282 0.0457461 0.0345283 0.995472
1305031472.460919 -0.847506 0.659643 -0.130653 -0.0742069 0.0437592 0.0336046 0.995715
1305031472.492972 -0.846956 0.657956 -0.131096 -0.073658 0.0444819 0.0324955 0.995761
1305031472.524781 -0.845925 0.65226 -0.130464 -0.0759984 0.0462066 0.0329925 0.99549
1305031472.561296 -0.845149 0.64806 -0.131 -0.0731953 0.0464159 0.0344923 0.99564
1305031472.592968 -0.844122 0.64668 -0.132551 -0.0679062 0.0455064 0.0366156 0.995981
1305031472.624647 -0.842054 0.644993 -0.132676 -0.0663537 0.0442273 0.0388696 0.996057
1305031472.660836 -0.840088 0.641241 -0.132013 -0.0667294 0.0433129 0.0403582 0.996013
1305031472.693008 -0.838156 0.637292 -0.131485 -0.0660393 0.0425515 0.0419535 0.996026
1305031472.724752 -0.836067 0.633272 -0.130982 -0.0647039 0.041686 0.0422424 0.996138
1305031472.760654 -0.833728 0.631157 -0.130467 -0.0623169 0.041193 0.0409407 0.996365
1305031472.792775 -0.832256 0.62804 -0.129361 -0.0611917 0.0421283 0.039241 0.996464
1305031472.824692 -0.831446 0.625417 -0.128537 -0.0591523 0.043297 0.038891 0.996551
1305031472.860936 -0.8308 0.623881 -0.127491 -0.0568732 0.0435924 0.0395719 0.996644
1305031472.892944 -0.830416 0.62344 -0.126478 -0.0554413 0.0428099 0.0417092 0.996671
1305031472.924814 -0.829226 0.621788 -0.125033 -0.0559033 0.0414484 0.0433278 0.996634
1305031472.961213 -0.828494 0.620841 -0.123886 -0.0557105 0.0412408 0.044673 0.996594
1305031472.992815 -0.828318 0.620568 -0.122856 -0.0557696 0.0409512 0.0458042 0.996551
1305031473.024564 -0.828575 0.620145 -0.121904 -0.0563425 0.0399584 0.0460477 0.996548
1305031473.060795 -0.827643 0.618706 -0.120945 -0.0576515 0.0387717 0.0451964 0.996559
1305031473.092012 -0.827326 0.617607 -0.120437 -0.058026 0.0392896 0.0433607 0.996599
1305031473.124072 -0.827257 0.616619 -0.119674 -0.0584135 0.0403144 0.041786 0.996602
1305031473.158420 -0.82828 0.615466 -0.119377 -0.0582568 0.0408401 0.0413622 0.996608
1305031473.190828 -0.827861 0.614715 -0.119549 -0.0572429 0.0400208 0.0409635 0.996716
