1305031453.374112 0 0 0 0 0 0 1
1305031453.404816 0.00423468 0.00492283 -0.00930496 -0.000710191 0.00585444 0.0108531 0.999924
1305031453.436941 0.0085295 0.00713192 -0.0185194 9.63494e-06 0.00981569 0.0199169 0.999753
1305031453.473352 0.0132563 0.0118774 -0.0290814 0.0037862 0.0154637 0.0284289 0.999469
1305031453.505218 0.0186586 0.0157393 -0.0410207 0.00758797 0.0209869 0.0379896 0.999029
1305031453.538301 0.0199034 0.0207381 -0.0538752 0.014055 0.0262581 0.0467261 0.998464
1305031453.574074 0.020377 0.0249854 -0.0682773 0.020792 0.0294407 0.0531014 0.997938
1305031453.605314 0.0211248 0.0321649 -0.0826337 0.0286198 0.0318088 0.0573202 0.997438
1305031453.636951 0.0149866 0.0378421 -0.0976889 0.0353593 0.0346683 0.0611146 0.996902
1305031453.673185 0.00634327 0.0448391 -0.111984 0.0433232 0.033494 0.0601848 0.996684
1305031453.705487 -0.00135485 0.0545017 -0.126719 0.0506346 0.0296211 0.0558004 0.996717
1305031453.736856 -0.0104018 0.0645419 -0.140364 0.0558799 0.0256219 0.0514408 0.996782
1305031453.773786 -0.0229352 0.0703819 -0.15232 0.0600886 0.0196854 0.0443886 0.997011
1305031453.805041 -0.0300829 0.0811818 -0.165195 0.0656443 0.0103659 0.0368682 0.997108
1305031453.840352 -0.0397522 0.0892825 -0.177601 0.0685616 0.00332025 0.030518 0.997174
1305031453.869618 -0.0552372 0.0988241 -0.188536 0.0714572 -0.00598911 0.0242033 0.997132
1305031453.905519 -0.0706835 0.107621 -0.1962 0.0722097 -0.0194794 0.0177156 0.997042
1305031453.940012 -0.0814441 0.112484 -0.203085 0.06983 -0.0370961 0.0136661 0.996775
1305031453.972592 -0.0949582 0.11912 -0.206657 0.0682307 -0.052712 0.0058241 0.996259
1305031454.003179 -0.106076 0.120384 -0.210306 0.0659409 -0.0647244 -0.00588399 0.995705
1305031454.040976 -0.120203 0.121639 -0.215531 0.0675172 -0.0756862 -0.0157906 0.994718
1305031454.072690 -0.134015 0.127994 -0.218178 0.0695793 -0.0861399 -0.0269502 0.993485
1305031454.104619 -0.148312 0.127546 -0.222179 0.0688226 -0.0963716 -0.0403858 0.992142
1305031454.141030 -0.163025 0.128719 -0.225602 0.071408 -0.108692 -0.0541486 0.990028
1305031454.172688 -0.177625 0.13583 -0.229077 0.0731647 -0.121578 -0.0661419 0.987669
1305031454.204626 -0.192422 0.138647 -0.229741 0.0712683 -0.135906 -0.0799088 0.984919
1305031454.240858 -0.207002 0.133105 -0.229173 0.0704454 -0.151033 -0.0959689 0.981334
1305031454.273489 -0.214641 0.136999 -0.227939 0.0766809 -0.164943 -0.1129 0.976815
1305031454.304744 -0.223818 0.142299 -0.227553 0.0761675 -0.172456 -0.125654 0.973996
1305031454.340806 -0.240388 0.137988 -0.231574 0.0745615 -0.179471 -0.140264 0.970854
1305031454.372652 -0.247857 0.14211 -0.230651 0.0812399 -0.190908 -0.155075 0.965871
1305031454.401962 -0.255919 0.149276 -0.232092 0.0839874 -0.19842 -0.167686 0.962007
1305031454.437248 -0.269257 0.152557 -0.234417 0.0851464 -0.208431 -0.18264 0.957052
1305031454.470741 -0.271911 0.155929 -0.232203 0.0882267 -0.219259 -0.198206 0.951239
1305031454.503859 -0.278647 0.161124 -0.233961 0.0900662 -0.223399 -0.214427 0.946574
1305031454.538424 -0.283362 0.16942 -0.235222 0.0905565 -0.229046 -0.230237 0.94145
1305031454.570323 -0.290206 0.17871 -0.236814 0.0886528 -0.23368 -0.243118 0.937245
1305031454.602019 -0.297971 0.185518 -0.238935 0.0860208 -0.24221 -0.25993 0.930791
1305031454.639284 -0.301222 0.19138 -0.23856 0.0842319 -0.25474 -0.273038 0.92383
1305031454.669573 -0.300489 0.201203 -0.2392 0.0798006 -0.267054 -0.279844 0.918696
1305031454.702030 -0.302592 0.208233 -0.239886 0.0733424 -0.280032 -0.286776 0.913215
1305031454.740764 -0.297877 0.212125 -0.238443 0.0689489 -0.294186 -0.291643 0.907549
1305031454.772865 -0.291161 0.216986 -0.235841 0.0636744 -0.302114 -0.288782 0.906244
1305031454.802574 -0.287635 0.224274 -0.236253 0.0591881 -0.304643 -0.281518 0.907985
1305031454.840500 -0.281196 0.233227 -0.234832 0.0554893 -0.306502 -0.274658 0.909693
1305031454.870269 -0.275387 0.239977 -0.233434 0.0502833 -0.304777 -0.268584 0.912384
1305031454.901065 -0.268967 0.247268 -0.232473 0.0471275 -0.301484 -0.262847 0.915313
1305031454.940240 -0.264601 0.256242 -0.232276 0.0441025 -0.297072 -0.257597 0.918394
1305031454.973081 -0.265838 0.265829 -0.235782 0.040889 -0.290874 -0.251328 0.922255
1305031455.010759 -0.269561 0.275646 -0.241519 0.0381525 -0.286114 -0.244653 0.92565
1305031455.040446 -0.270536 0.287785 -0.244235 0.0384708 -0.285253 -0.241329 0.926775
1305031455.074282 -0.273605 0.29486 -0.247224 0.0371584 -0.282301 -0.240233 0.928016
1305031455.110340 -0.278225 0.304068 -0.251795 0.0394971 -0.278435 -0.240017 0.929142
1305031455.142700 -0.283821 0.316033 -0.256272 0.0415548 -0.273429 -0.238399 0.930954
1305031455.172771 -0.292632 0.326048 -0.261856 0.0405441 -0.26792 -0.234194 0.933664
1305031455.210307 -0.302899 0.336149 -0.266244 0.0376053 -0.263265 -0.228107 0.936613
1305031455.240960 -0.313001 0.343159 -0.270964 0.0364666 -0.25915 -0.222129 0.939239
1305031455.273001 -0.320298 0.357385 -0.27379 0.0359847 -0.254949 -0.215722 0.941897
1305031455.310303 -0.331975 0.361454 -0.278027 0.0270546 -0.248811 -0.207242 0.945733
1305031455.342381 -0.343695 0.37093 -0.283803 0.0215918 -0.245269 -0.196297 0.949128
1305031455.374120 -0.351327 0.381929 -0.285562 0.0148194 -0.243594 -0.189288 0.951111
1305031455.409213 -0.363573 0.382988 -0.28912 0.00358003 -0.236003 -0.182478 0.954459
1305031455.442380 -0.37769 0.386454 -0.296446 -0.00459902 -0.227567 -0.172214 0.958402
1305031455.473168 -0.37769 0.386454 -0.296446 -0.00459902 -0.227567 -0.172214 0.958402
1305031455.509397 -0.37769 0.386454 -0.296446 -0.00459902 -0.227567 -0.172214 0.958402
1305031455.540835 -0.394513 0.385982 -0.305959 -0.0107102 -0.222749 -0.159671 0.961651
1305031455.572996 -0.412241 0.389124 -0.31704 -0.0131166 -0.22137 -0.146292 0.964065
1305031455.608802 -0.427038 0.395359 -0.327854 -0.0149973 -0.221353 -0.13228 0.966064
1305031455.641333 -0.444745 0.392891 -0.337709 -0.0211576 -0.218223 -0.119634 0.968307
1305031455.672887 -0.462415 0.39057 -0.349605 -0.0195852 -0.214809 -0.113825 0.969803
1305031455.707680 -0.478604 0.392954 -0.361962 -0.015243 -0.211994 -0.11479 0.970386
1305031455.742005 -0.494698 0.391874 -0.373976 -0.0130118 -0.20761 -0.119676 0.970776
1305031455.773667 -0.510411 0.391219 -0.386277 -0.0112881 -0.201181 -0.122719 0.971771
1305031455.809109 -0.527151 0.383775 -0.399459 -0.0112277 -0.194833 -0.121575 0.973208
1305031455.838364 -0.542448 0.383619 -0.414078 -0.00786658 -0.190416 -0.121118 0.974172
1305031455.872220 -0.555231 0.380215 -0.426444 -0.00777095 -0.188078 -0.122254 0.974485
1305031455.908418 -0.567337 0.377361 -0.438571 -0.00756621 -0.184838 -0.122815 0.975036
1305031455.939606 -0.579818 0.372772 -0.449877 -0.00862635 -0.180428 -0.12356 0.975758
1305031455.973594 -0.5909 0.373148 -0.460878 -0.00707967 -0.176237 -0.125914 0.976236
1305031456.008998 -0.601893 0.372586 -0.470218 -0.0082527 -0.170831 -0.128707 0.976823
1305031456.041930 -0.61145 0.376525 -0.478835 -0.0110388 -0.164219 -0.133244 0.977321
1305031456.073846 -0.626157 0.37017 -0.486025 -0.0209848 -0.156905 -0.140668 0.977319
1305031456.108963 -0.640416 0.360957 -0.492105 -0.0280034 -0.151159 -0.145689 0.977314
1305031456.140836 -0.65326 0.355227 -0.497751 -0.0298254 -0.145746 -0.147055 0.977877
1305031456.173198 -0.664217 0.345806 -0.501661 -0.0319616 -0.139939 -0.147617 0.978573
1305031456.208934 -0.675532 0.337611 -0.505257 -0.0279806 -0.131747 -0.145317 0.980175
1305031456.240996 -0.683357 0.34449 -0.509473 -0.0211574 -0.121935 -0.142707 0.981997
1305031456.277928 -0.694765 0.337861 -0.50977 -0.0225666 -0.110249 -0.140094 0.983722
1305031456.310040 -0.708619 0.329767 -0.509659 -0.0209535 -0.0983567 -0.135208 0.985701
1305031456.341659 -0.719833 0.325076 -0.508554 -0.0164259 -0.0876869 -0.128426 0.987698
1305031456.377115 -0.728349 0.333779 -0.508633 -0.00844262 -0.0760405 -0.123207 0.989427
1305031456.409172 -0.743843 0.322946 -0.503404 -0.00991896 -0.0621633 -0.118771 0.990924
1305031456.440717 -0.759435 0.326668 -0.499104 -0.00164425 -0.0505552 -0.111602 0.992465
1305031456.476027 -0.774116 0.339243 -0.495359 0.00209968 -0.0442536 -0.104734 0.993513
1305031456.508911 -0.790736 0.341058 -0.487875 -0.00402361 -0.0422354 -0.0988613 0.994196
1305031456.541832 -0.80559 0.340684 -0.479603 -0.0104568 -0.0422374 -0.0934542 0.994672
1305031456.576087 -0.820146 0.332856 -0.469796 -0.0155972 -0.0403794 -0.0888334 0.995105
1305031456.607930 -0.829495 0.345417 -0.462179 -0.0118507 -0.0366907 -0.082691 0.995829
1305031456.640699 -0.839981 0.355939 -0.453316 -0.0215743 -0.0307617 -0.0770709 0.996317
1305031456.675835 -0.860829 0.341895 -0.440624 -0.0371202 -0.0215504 -0.0708716 0.996562
1305031456.709099 -0.875834 0.344406 -0.431605 -0.0351377 -0.0167919 -0.0604344 0.997412
1305031456.740863 -0.891177 0.358327 -0.423541 -0.0363158 -0.014148 -0.050631 0.997957
1305031456.777218 -0.909604 0.345566 -0.412508 -0.0468842 -0.0152362 -0.0426021 0.997875
1305031456.808986 -0.922203 0.349859 -0.402363 -0.0418602 -0.0220717 -0.0349915 0.998267
1305031456.841050 -0.930778 0.366383 -0.392334 -0.0391934 -0.0255612 -0.0275269 0.998525
1305031456.878006 -0.942661 0.365491 -0.380617 -0.0468106 -0.0234159 -0.0204251 0.99842
1305031456.909883 -0.953818 0.360597 -0.369579 -0.050701 -0.0200297 -0.0157053 0.998389
1305031456.942298 -0.965723 0.366788 -0.361274 -0.0448719 -0.0140255 -0.00970243 0.998847
1305031456.977139 -0.978515 0.380183 -0.3558 -0.0434179 -0.00756539 -0.00538354 0.999014
1305031457.006193 -0.992597 0.377946 -0.347225 -0.0522667 -0.00136804 -0.00288056 0.998628
1305031457.042512 -1.00571 0.378721 -0.342068 -0.0541133 0.00387362 0.00110959 0.998527
1305031457.076011 -1.01785 0.38745 -0.339995 -0.0557154 0.00946271 0.00607013 0.998383
1305031457.108053 -1.03037 0.384016 -0.337013 -0.0658073 0.0158552 0.0107699 0.997648
1305031457.142120 -1.04228 0.376428 -0.335493 -0.0710097 0.0226132 0.0158393 0.997093
1305031457.177463 -1.05464 0.376041 -0.337716 -0.0695435 0.0300488 0.0223019 0.996877
1305031457.209336 -1.06784 0.379258 -0.342042 -0.0677591 0.0377616 0.0277776 0.9966
1305031457.240792 -1.08284 0.375762 -0.345873 -0.0720353 0.0457473 0.0339761 0.995773
1305031457.277247 -1.09551 0.363921 -0.349822 -0.0729797 0.052765 0.0408487 0.995099
1305031457.309693 -1.11012 0.36649 -0.358287 -0.0637363 0.0616582 0.0461491 0.994991
1305031457.342954 -1.12489 0.370436 -0.367191 -0.0592727 0.0720629 0.0506175 0.99435
1305031457.376037 -1.13982 0.363431 -0.374649 -0.0607923 0.0835849 0.0560316 0.993065
1305031457.407980 -1.15604 0.35904 -0.383188 -0.0552814 0.0953319 0.0639021 0.991853
1305031457.441357 -1.17512 0.359164 -0.39304 -0.051124 0.104497 0.0711169 0.990661
1305031457.476577 -1.1923 0.353118 -0.401858 -0.051425 0.108657 0.0766476 0.989785
1305031457.508603 -1.20661 0.344033 -0.410855 -0.0516054 0.110876 0.0806457 0.989212
1305031457.543946 -1.22021 0.337471 -0.420655 -0.048097 0.114399 0.0837415 0.98873
1305031457.576581 -1.23544 0.333627 -0.430046 -0.0440963 0.119894 0.0873775 0.98795
1305031457.607246 -1.25439 0.332438 -0.438316 -0.0402032 0.125686 0.0907509 0.987092
1305031457.643534 -1.26905 0.323354 -0.444754 -0.0404821 0.128285 0.0940829 0.986434
1305031457.675414 -1.28611 0.325538 -0.452058 -0.0356048 0.131318 0.0979973 0.985842
1305031457.707739 -1.30108 0.319609 -0.457589 -0.0406791 0.132246 0.100933 0.985225
1305031457.745071 -1.31367 0.302167 -0.460969 -0.0450684 0.133904 0.100852 0.984818
1305031457.773518 -1.32846 0.290583 -0.466101 -0.0431867 0.136938 0.0996503 0.984608
1305031457.807824 -1.33836 0.273397 -0.471367 -0.0384587 0.141137 0.0989047 0.984286
1305031457.842853 -1.35449 0.275827 -0.479225 -0.0261956 0.149706 0.0985575 0.983457
1305031457.875920 -1.36959 0.266749 -0.483402 -0.0240204 0.158548 0.0987483 0.982107
1305031457.906126 -1.38468 0.246971 -0.484185 -0.019506 0.166906 0.0996933 0.980726
1305031457.942604 -1.40501 0.244812 -0.486421 -0.00502844 0.173005 0.102873 0.979521
1305031457.976744 -1.42779 0.235977 -0.485826 0.0047189 0.176142 0.1075 0.978466
1305031458.009019 -1.44038 0.22429 -0.483344 0.0107059 0.179096 0.108536 0.977768
1305031458.046303 -1.4545 0.224003 -0.481841 0.0206755 0.183399 0.109063 0.976751
1305031458.077315 -1.47167 0.22622 -0.475617 0.0264594 0.189402 0.11075 0.975275
1305031458.108896 -1.48774 0.220978 -0.466008 0.0261806 0.194887 0.112322 0.974021
1305031458.144808 -1.50366 0.210745 -0.45435 0.025352 0.199353 0.113378 0.973016
1305031458.178039 -1.52245 0.209373 -0.44104 0.0273427 0.202526 0.116438 0.971945
1305031458.209384 -1.54006 0.206658 -0.426367 0.0244139 0.202988 0.119368 0.971572
1305031458.245729 -1.55334 0.186659 -0.409921 0.016773 0.201961 0.119622 0.971916
1305031458.277447 -1.56832 0.172376 -0.396143 0.0181169 0.200055 0.118609 0.97241
1305031458.308343 -1.58459 0.167699 -0.379107 0.0235174 0.19745 0.119801 0.972681
1305031458.343898 -1.59648 0.154052 -0.361387 0.0268196 0.194243 0.121251 0.973061
1305031458.376213 -1.60624 0.148336 -0.346313 0.0361224 0.191154 0.122507 0.973215
1305031458.407856 -1.61518 0.148692 -0.329563 0.0473901 0.190582 0.12768 0.972178
1305031458.443957 -1.61854 0.145935 -0.313338 0.0583627 0.192658 0.13393 0.97033
1305031458.476034 -1.62197 0.14027 -0.298567 0.0739578 0.200388 0.134681 0.967593
1305031458.508869 -1.62715 0.149825 -0.279161 0.095907 0.210479 0.133491 0.963681
1305031458.544401 -1.63688 0.162236 -0.255687 0.112234 0.221737 0.130354 0.959815
1305031458.576178 -1.64548 0.165366 -0.23396 0.121368 0.230464 0.124872 0.957373
1305031458.608421 -1.65509 0.183467 -0.20692 0.131065 0.235259 0.118384 0.955751
1305031458.643659 -1.66382 0.19534 -0.179322 0.132375 0.235327 0.116005 0.955846
1305031458.676991 -1.66941 0.196282 -0.154103 0.126858 0.228113 0.113438 0.958647
1305031458.707780 -1.66549 0.19223 -0.133284 0.121889 0.213951 0.106377 0.963354
1305031458.744924 -1.66621 0.190973 -0.117379 0.122548 0.200882 0.0960415 0.967163
1305031458.773802 -1.66476 0.196279 -0.102139 0.124903 0.185357 0.0863697 0.970867
1305031458.810621 -1.66125 0.198815 -0.0860507 0.121415 0.173732 0.0806345 0.973947
1305031458.842919 -1.65363 0.190798 -0.0744381 0.117126 0.165726 0.0783147 0.976055
1305031458.875889 -1.65167 0.189766 -0.0673244 0.120016 0.164012 0.0724541 0.976446
1305031458.910599 -1.65579 0.194843 -0.0584544 0.123218 0.168009 0.0705312 0.975508
1305031458.943997 -1.66066 0.193196 -0.0489527 0.119815 0.173756 0.0808793 0.974121
1305031458.976007 -1.66787 0.175544 -0.0391966 0.11452 0.179559 0.0895452 0.972947
1305031459.012560 -1.68496 0.161619 -0.0289364 0.118176 0.183525 0.0909389 0.971639
1305031459.044413 -1.70434 0.150122 -0.0177553 0.126849 0.180889 0.0958429 0.970568
1305031459.073657 -1.72791 0.134412 -0.00268237 0.135916 0.17276 0.106052 0.96976
1305031459.112711 -1.75229 0.120949 0.0097805 0.147346 0.155327 0.113659 0.970177
1305031459.144497 -1.76937 0.114688 0.0287919 0.158543 0.133144 0.114837 0.97157
1305031459.176463 -1.78386 0.108261 0.0385426 0.164898 0.113098 0.117166 0.972774
1305031459.208791 -1.79124 0.104939 0.0518175 0.169048 0.0978038 0.124075 0.972863
1305031459.244159 -1.79291 0.105719 0.0684044 0.171274 0.0894138 0.132613 0.972154
1305031459.274941 -1.79469 0.110916 0.0793606 0.171267 0.0924774 0.141414 0.970627
1305031459.311921 -1.79895 0.113225 0.0910252 0.170337 0.107294 0.156344 0.966969
1305031459.344169 -1.80633 0.117921 0.101104 0.173416 0.128095 0.174727 0.960723
1305031459.374084 -1.81454 0.132889 0.107337 0.176546 0.14994 0.198269 0.952386
1305031459.408831 -1.81923 0.146202 0.116417 0.172007 0.175793 0.226103 0.942543
1305031459.443181 -1.82207 0.154049 0.112262 0.166118 0.202686 0.26217 0.928757
1305031459.473401 -1.83805 0.165978 0.117084 0.1659 0.229469 0.297424 0.91179
1305031459.510267 -1.84977 0.176638 0.126042 0.160515 0.246886 0.326246 0.898246
1305031459.544431 -1.86132 0.173004 0.132758 0.151945 0.262838 0.355243 0.884099
1305031459.576817 -1.87735 0.172909 0.139247 0.149883 0.272858 0.374524 0.873393
1305031459.611939 -1.88922 0.173665 0.145024 0.148437 0.276043 0.387324 0.867034
1305031459.643453 -1.90135 0.173387 0.151612 0.147396 0.280693 0.391983 0.863618
1305031459.675678 -1.91665 0.170456 0.159909 0.144723 0.290512 0.39465 0.859598
1305031459.711531 -1.92928 0.15871 0.163725 0.1375 0.299771 0.399605 0.855305
1305031459.743425 -1.94241 0.144503 0.16599 0.13354 0.307346 0.4007 0.852728
1305031459.776577 -1.95906 0.129768 0.170889 0.132773 0.314079 0.398185 0.851572
1305031459.812562 -1.97436 0.117043 0.177594 0.132255 0.31695 0.395705 0.851745
1305031459.844736 -1.99008 0.103677 0.184918 0.129323 0.317945 0.394115 0.852561
1305031459.877006 -2.0011 0.0898818 0.1927 0.124854 0.315699 0.395302 0.853512
1305031459.911472 -2.00971 0.0743679 0.199599 0.121878 0.312977 0.398832 0.853302
1305031459.943616 -2.01971 0.0608813 0.207712 0.121015 0.311607 0.401681 0.852589
1305031459.979430 -2.02828 0.0470682 0.214975 0.118533 0.310493 0.405252 0.851654
1305031460.011909 -2.03384 0.0316867 0.220723 0.115705 0.309888 0.409509 0.850226
1305031460.043717 -2.04135 0.0156062 0.226324 0.114752 0.310635 0.412398 0.848684
1305031460.079449 -2.04952 -0.000668819 0.232888 0.115872 0.308922 0.41635 0.847227
1305031460.111951 -2.05469 -0.0181454 0.242468 0.120204 0.302735 0.424679 0.844719
1305031460.144204 -2.05943 -0.0316789 0.249831 0.126752 0.29466 0.432307 0.842746
1305031460.178730 -2.06332 -0.0421195 0.260305 0.130487 0.28819 0.437622 0.841669
1305031460.208637 -2.05996 -0.0515406 0.264696 0.130249 0.283993 0.441793 0.840953
1305031460.243467 -2.05698 -0.0621892 0.267345 0.130342 0.286985 0.443413 0.839068
1305031460.279164 -2.05686 -0.0719234 0.270416 0.130398 0.294777 0.442473 0.836852
1305031460.311712 -2.05516 -0.0811732 0.27292 0.13018 0.302375 0.442607 0.834099
1305031460.342879 -2.05606 -0.0916955 0.279279 0.129961 0.311295 0.444497 0.829836
1305031460.377806 -2.05564 -0.100622 0.285579 0.127732 0.320675 0.447101 0.825199
1305031460.409883 -2.05306 -0.111821 0.289322 0.124659 0.329946 0.451909 0.819374
1305031460.444036 -2.05079 -0.119371 0.295052 0.122865 0.340594 0.45558 0.813232
1305031460.479856 -2.05167 -0.126947 0.300471 0.118631 0.352968 0.460465 0.805799
1305031460.508966 -2.0498 -0.136772 0.30467 0.111884 0.363451 0.468846 0.797225
1305031460.544245 -2.04764 -0.148596 0.30858 0.104617 0.372677 0.476326 0.789481
1305031460.579561 -2.04724 -0.159026 0.312248 0.0990768 0.381602 0.479271 0.784132
1305031460.612190 -2.04621 -0.169594 0.316644 0.0954924 0.389635 0.481635 0.779162
1305031460.644011 -2.0473 -0.181132 0.322367 0.0924593 0.398046 0.482377 0.774805
1305031460.679350 -2.05011 -0.192136 0.330793 0.0898765 0.405017 0.482574 0.771366
1305031460.711684 -2.05039 -0.201585 0.338251 0.0859573 0.408345 0.483402 0.769537
1305031460.743767 -2.04901 -0.212645 0.34482 0.0813409 0.412322 0.48324 0.76802
1305031460.779201 -2.04957 -0.225097 0.353561 0.0777586 0.417738 0.482459 0.765952
1305031460.811318 -2.04948 -0.233782 0.363021 0.0742343 0.421125 0.480692 0.765557
1305031460.843836 -2.04741 -0.243109 0.371103 0.0680383 0.424127 0.478934 0.765578
1305031460.879093 -2.04487 -0.255338 0.379834 0.0600682 0.428934 0.477312 0.764578
1305031460.911313 -2.04167 -0.26731 0.388521 0.0532669 0.432296 0.476889 0.763453
1305031460.943375 -2.0355 -0.278729 0.394712 0.048319 0.433003 0.478785 0.762193
1305031460.979083 -2.02851 -0.29163 0.399184 0.0459076 0.434809 0.480387 0.760304
1305031461.011290 -2.02298 -0.303838 0.405212 0.0462216 0.437728 0.481031 0.7582
1305031461.043398 -2.01885 -0.314424 0.412216 0.0483111 0.439881 0.481243 0.756687
1305031461.079602 -2.01466 -0.321807 0.420406 0.0490125 0.439921 0.480707 0.75696
1305031461.111961 -2.00634 -0.330735 0.42475 0.0462424 0.438437 0.480348 0.758222
1305031461.144098 -1.99742 -0.343546 0.42945 0.044403 0.439348 0.479526 0.758325
1305031461.179883 -1.99196 -0.350371 0.434893 0.046317 0.440722 0.476159 0.759534
1305031461.211180 -1.98707 -0.356479 0.440451 0.0470978 0.442344 0.473089 0.760461
1305031461.246864 -1.98097 -0.364071 0.445696 0.0471258 0.443667 0.470672 0.761188
1305031461.278888 -1.97569 -0.368378 0.450345 0.048241 0.444702 0.465963 0.763408
1305031461.311240 -1.9698 -0.369936 0.455908 0.0494798 0.446682 0.460675 0.76538
1305031461.346875 -1.96822 -0.36975 0.465073 0.0483768 0.451221 0.455715 0.765756
1305031461.378850 -1.95903 -0.374419 0.47045 0.041508 0.452076 0.455715 0.765655
1305031461.411130 -1.94964 -0.379093 0.472676 0.0368782 0.451708 0.456246 0.765794
1305031461.447015 -1.94494 -0.378765 0.476578 0.0353094 0.451896 0.456246 0.765756
1305031461.478901 -1.93378 -0.384303 0.476304 0.0299421 0.450633 0.459057 0.765049
1305031461.512120 -1.92757 -0.38756 0.47558 0.0304972 0.451382 0.458975 0.764635
1305031461.547338 -1.92312 -0.384186 0.471873 0.032174 0.452003 0.45577 0.766115
1305031461.578847 -1.92011 -0.382248 0.469381 0.0308303 0.456983 0.451969 0.765468
1305031461.609662 -1.9178 -0.379102 0.467862 0.0289984 0.463167 0.450112 0.762912
1305031461.646970 -1.91491 -0.374722 0.465402 0.0266047 0.467545 0.45002 0.760379
1305031461.676203 -1.91332 -0.368263 0.463182 0.0257906 0.470081 0.452517 0.757355
1305031461.711212 -1.90914 -0.362148 0.459716 0.0244206 0.470155 0.458164 0.753952
1305031461.746919 -1.90832 -0.354068 0.455104 0.023913 0.47061 0.461836 0.75144
1305031461.778616 -1.90846 -0.343012 0.451284 0.0230414 0.471825 0.46479 0.74888
1305031461.811319 -1.9072 -0.333427 0.446253 0.0207192 0.473823 0.468953 0.745081
1305031461.847090 -1.91034 -0.319682 0.443899 0.0217583 0.477603 0.473338 0.739846
1305031461.879162 -1.91507 -0.306504 0.445915 0.0212897 0.480831 0.481125 0.732712
1305031461.911121 -1.91703 -0.292053 0.442521 0.0194249 0.478468 0.49178 0.727217
1305031461.947264 -1.9175 -0.276676 0.43298 0.0166014 0.476194 0.498703 0.724057
1305031461.979223 -1.92736 -0.264695 0.436136 0.0126818 0.483098 0.501681 0.717476
1305031462.011791 -1.93059 -0.257239 0.440305 0.00481728 0.485306 0.510496 0.709823
1305031462.047463 -1.93261 -0.249332 0.44011 0.000815248 0.480717 0.523283 0.703623
1305031462.079285 -1.93616 -0.237305 0.437437 0.0019993 0.473323 0.535019 0.699797
1305031462.112081 -1.94075 -0.227092 0.435663 0.00155933 0.467932 0.544306 0.696253
1305031462.147634 -1.94489 -0.220479 0.435109 -0.00102691 0.464783 0.551669 0.692558
1305031462.179358 -1.95068 -0.21168 0.433989 -0.00331788 0.462733 0.554348 0.691784
1305031462.212836 -1.95705 -0.205601 0.435621 -0.00861191 0.462721 0.554818 0.691369
1305031462.248986 -1.96301 -0.200089 0.438191 -0.0150109 0.462274 0.554927 0.691472
1305031462.280774 -1.96932 -0.194128 0.440923 -0.0216948 0.460391 0.553275 0.693871
1305031462.311931 -1.97611 -0.186217 0.441714 -0.0280772 0.457188 0.550329 0.698089
1305031462.347816 -1.98453 -0.180234 0.446678 -0.0357371 0.456834 0.54574 0.701565
1305031462.379950 -1.99352 -0.173168 0.452649 -0.0434444 0.454609 0.541535 0.705821
1305031462.413016 -2.00156 -0.167043 0.457634 -0.0520711 0.449732 0.539116 0.710199
1305031462.448295 -2.01046 -0.159728 0.461942 -0.0593017 0.44336 0.536101 0.715899
1305031462.480843 -2.01935 -0.153115 0.464016 -0.0676895 0.435468 0.533622 0.721826
1305031462.517041 -2.02634 -0.148967 0.465212 -0.0758785 0.427505 0.53198 0.726966
1305031462.548959 -2.0331 -0.144024 0.462384 -0.0810734 0.418127 0.528868 0.734095
1305031462.581088 -2.0331 -0.144024 0.462384 -0.0810734 0.418127 0.528868 0.734095
1305031462.617123 -2.0331 -0.144024 0.462384 -0.0810734 0.418127 0.528868 0.734095
1305031462.648708 -2.04012 -0.139805 0.45828 -0.0840248 0.416348 0.520203 0.740934
1305031462.680788 -2.04897 -0.136662 0.454472 -0.0846075 0.415676 0.511136 0.747526
1305031462.716812 -2.04897 -0.136662 0.454472 -0.0846075 0.415676 0.511136 0.747526
1305031462.748732 -2.05936 -0.127685 0.447045 -0.0844162 0.408649 0.500997 0.75821
1305031462.780885 -2.06865 -0.119798 0.439271 -0.0851384 0.403062 0.493103 0.766252
1305031462.816821 -2.07851 -0.111145 0.430545 -0.086113 0.397802 0.487199 0.772642
1305031462.848525 -2.08775 -0.097633 0.421258 -0.0868979 0.392725 0.481324 0.778809
1305031462.880471 -2.08775 -0.097633 0.421258 -0.0868979 0.392725 0.481324 0.778809
1305031462.916800 -2.09338 -0.0886787 0.408355 -0.0871798 0.391558 0.47964 0.780402
1305031462.947939 -2.0984 -0.0803981 0.395909 -0.0861635 0.389455 0.477895 0.782634
1305031462.979943 -2.10122 -0.0711274 0.382803 -0.0827908 0.386206 0.474607 0.7866
1305031463.016121 -2.10312 -0.06504 0.367827 -0.079004 0.382946 0.4698 0.791453
1305031463.050783 -2.10312 -0.06504 0.367827 -0.079004 0.382946 0.4698 0.791453
1305031463.076870 -2.10997 -0.0529355 0.354265 -0.0756788 0.378885 0.460146 0.799365
1305031463.116806 -2.10997 -0.0529355 0.354265 -0.0756788 0.378885 0.460146 0.799365
1305031463.148565 -2.10997 -0.0529355 0.354265 -0.0756788 0.378885 0.460146 0.799365
1305031463.180505 -2.11678 -0.0424379 0.340337 -0.0735202 0.378039 0.45089 0.80522
1305031463.217123 -2.11678 -0.0424379 0.340337 -0.0735202 0.378039 0.45089 0.80522
1305031463.248719 -2.11678 -0.0424379 0.340337 -0.0735202 0.378039 0.45089 0.80522
1305031463.278737 -2.11678 -0.0424379 0.340337 -0.0735202 0.378039 0.45089 0.80522
1305031463.317110 -2.11622 -0.0299263 0.327746 -0.0714965 0.374773 0.445909 0.80969
1305031463.348740 -2.11622 -0.0299263 0.327746 -0.0714965 0.374773 0.445909 0.80969
1305031463.380514 -2.11593 -0.0187724 0.315132 -0.0658472 0.371406 0.44128 0.814244
1305031463.416326 -2.11593 -0.0187724 0.315132 -0.0658472 0.371406 0.44128 0.814244
1305031463.444773 -2.11593 -0.0187724 0.315132 -0.0658472 0.371406 0.44128 0.814244
1305031463.480415 -2.11082 -0.00570264 0.301018 -0.0654362 0.370406 0.439419 0.815738
1305031463.516994 -2.10289 0.00415981 0.287343 -0.0667683 0.372132 0.437712 0.815762
1305031463.548505 -2.09895 0.0110741 0.273384 -0.0655821 0.375645 0.436836 0.814718
1305031463.580684 -2.09895 0.0110741 0.273384 -0.0655821 0.375645 0.436836 0.814718
1305031463.616671 -2.09895 0.0110741 0.273384 -0.0655821 0.375645 0.436836 0.814718
1305031463.646147 -2.08943 0.0157593 0.254304 -0.0621521 0.375148 0.434999 0.816196
1305031463.683908 -2.08685 0.0254603 0.237544 -0.0550048 0.376778 0.430853 0.818156
1305031463.716110 -2.08685 0.0254603 0.237544 -0.0550048 0.376778 0.430853 0.818156
1305031463.747849 -2.07211 0.0251268 0.213658 -0.0562501 0.375707 0.427935 0.820093
1305031463.783912 -2.06478 0.0298159 0.194462 -0.0519718 0.379418 0.419237 0.823154
1305031463.815883 -2.06478 0.0298159 0.194462 -0.0519718 0.379418 0.419237 0.823154
1305031463.848094 -2.05294 0.029033 0.171112 -0.0542933 0.379365 0.410508 0.827416
1305031463.883817 -2.04484 0.0304082 0.150235 -0.0526225 0.381173 0.401558 0.831077
1305031463.917433 -2.03772 0.0301177 0.129445 -0.0521929 0.380848 0.394474 0.834638
1305031463.944435 -2.02793 0.0282717 0.108716 -0.0515326 0.377263 0.389902 0.838447
1305031463.983748 -2.0188 0.0244918 0.0878498 -0.050038 0.374017 0.383698 0.842842
1305031464.015867 -2.0134 0.0241657 0.0675641 -0.0477773 0.371475 0.37593 0.847585
1305031464.047778 -2.00553 0.0205543 0.0472838 -0.0487179 0.369526 0.368067 0.851824
1305031464.083152 -1.99794 0.0149614 0.0274934 -0.048826 0.370036 0.359218 0.855366
1305031464.115837 -1.99511 0.0100991 0.0105596 -0.0468289 0.37115 0.352429 0.857816
1305031464.147663 -1.99031 0.00315076 -0.00553167 -0.043264 0.368959 0.349762 0.860037
1305031464.183566 -1.98512 -0.00640826 -0.0210414 -0.0358336 0.364777 0.34714 0.863219
1305031464.212447 -1.9867 -0.00906621 -0.0345676 -0.0236995 0.359451 0.342005 0.867909
1305031464.247602 -1.98957 -0.00840274 -0.0478194 -0.0124878 0.349989 0.338661 0.873304
1305031464.283694 -1.9874 -0.0071654 -0.0609184 -0.00530935 0.33596 0.335428 0.880108
1305031464.315699 -1.97905 -0.00594018 -0.0783906 -0.00127406 0.320722 0.330889 0.887495
1305031464.347553 -1.96802 -0.00734165 -0.0971331 0.00186682 0.309196 0.325932 0.8934
1305031464.383465 -1.95885 -0.0042185 -0.117831 0.00668945 0.301483 0.318565 0.898654
1305031464.415539 -1.95306 -0.000320481 -0.135128 0.00934937 0.299427 0.309125 0.902606
1305031464.444269 -1.94497 -0.000728307 -0.152854 0.00933704 0.297477 0.300045 0.906308
1305031464.487561 -1.93568 0.00137503 -0.172363 0.0112626 0.294274 0.292969 0.90964
1305031464.513688 -1.92978 0.00348741 -0.19294 0.0120564 0.293207 0.285826 0.912243
1305031464.548007 -1.92253 0.0061863 -0.212038 0.0103472 0.291287 0.276041 0.915886
1305031464.584260 -1.89942 0.000676519 -0.241057 0.00642778 0.287601 0.266428 0.919924
1305031464.615688 -1.88614 -0.00437443 -0.264807 0.00900122 0.295053 0.256096 0.920477
1305031464.648851 -1.87881 -0.00721773 -0.28626 0.0140798 0.307368 0.2431 0.919907
1305031464.684318 -1.86835 -0.0194137 -0.307543 0.0179851 0.3187 0.226526 0.920214
1305031464.716305 -1.86277 -0.0316894 -0.316883 0.0272023 0.329838 0.207686 0.920507
1305031464.748588 -1.8638 -0.0295831 -0.324827 0.0392967 0.334863 0.186584 0.922772
1305031464.784268 -1.86024 -0.0345906 -0.326917 0.0445505 0.333842 0.166534 0.926732
1305031464.816195 -1.85727 -0.0434638 -0.325268 0.0511331 0.327859 0.15085 0.931203
1305031464.848283 -1.85334 -0.0423599 -0.327019 0.0594548 0.315043 0.136609 0.93731
1305031464.884177 -1.84151 -0.0367176 -0.327443 0.060856 0.299054 0.11954 0.944761
1305031464.916391 -1.82375 -0.0435383 -0.329552 0.0552675 0.284882 0.100674 0.951658
1305031464.952471 -1.80141 -0.0514166 -0.333543 0.052289 0.274799 0.0813187 0.956629
1305031464.984257 -1.78012 -0.0510535 -0.33658 0.0542906 0.269983 0.0625922 0.959293
1305031465.015390 -1.76515 -0.0459008 -0.329563 0.0561331 0.269144 0.0414487 0.960569
1305031465.048430 -1.75725 -0.0346238 -0.31564 0.0595303 0.267019 0.0208266 0.961625
1305031465.083338 -1.74614 -0.00644693 -0.301352 0.0617687 0.257747 0.0059674 0.964218
1305031465.115475 -1.72833 0.0166363 -0.288868 0.0507577 0.243103 -0.0064551 0.96865
1305031465.151558 -1.70928 0.0251056 -0.275009 0.0332681 0.228747 -0.014087 0.972815
1305031465.183558 -1.68888 0.0335214 -0.261168 0.0196033 0.21539 -0.019161 0.976143
1305031465.215832 -1.6709 0.0494042 -0.250588 0.00939273 0.204052 -0.0235833 0.978631
1305031465.251788 -1.65239 0.0605698 -0.237929 -0.00126124 0.193447 -0.0242759 0.98081
1305031465.283737 -1.63443 0.0714645 -0.228526 -0.00635672 0.183158 -0.0173103 0.982911
1305031465.315985 -1.61685 0.0898131 -0.220403 -0.00773391 0.17071 -0.00455608 0.98528
1305031465.351729 -1.60161 0.0987136 -0.212792 -0.0104621 0.156299 0.00869502 0.987616
1305031465.383701 -1.57917 0.107745 -0.210657 -0.00833787 0.138397 0.0209229 0.990121
1305031465.416543 -1.55386 0.122064 -0.213836 -0.00270422 0.121579 0.031183 0.992088
1305031465.452401 -1.53371 0.141306 -0.21812 0.00421147 0.108972 0.0425178 0.993126
1305031465.483803 -1.51579 0.165222 -0.223817 0.00929653 0.0974853 0.0529442 0.993784
1305031465.516043 -1.49659 0.174876 -0.228298 0.00785814 0.0870161 0.0581586 0.994477
1305031465.551838 -1.47502 0.187577 -0.234826 0.0127422 0.0768449 0.0632344 0.994954
1305031465.583570 -1.45302 0.208167 -0.244159 0.0214635 0.0688441 0.0692819 0.994987
1305031465.615685 -1.43796 0.227393 -0.253407 0.0284087 0.0647529 0.0770192 0.994519
1305031465.651645 -1.42227 0.245567 -0.261682 0.0350937 0.0570641 0.0858386 0.994054
1305031465.684759 -1.39809 0.267318 -0.271362 0.043305 0.0461291 0.0928046 0.993672
1305031465.716279 -1.37813 0.289257 -0.280485 0.0520124 0.0403109 0.0988771 0.992921
1305031465.753153 -1.36112 0.313883 -0.288825 0.0619946 0.0361161 0.107239 0.991641
1305031465.784387 -1.34169 0.338642 -0.29691 0.0701593 0.0311897 0.113537 0.990563
1305031465.816591 -1.3225 0.358347 -0.303785 0.0781142 0.0277136 0.118531 0.989485
1305031465.852860 -1.30259 0.38628 -0.312327 0.0906611 0.0245961 0.122792 0.987977
1305031465.884370 -1.28275 0.41974 -0.319583 0.0996229 0.0244095 0.124627 0.986888
1305031465.912828 -1.26103 0.440257 -0.325293 0.102759 0.0285253 0.125072 0.986399
1305031465.952840 -1.2437 0.46301 -0.332555 0.111222 0.0359044 0.124694 0.985288
1305031465.984183 -1.23337 0.490228 -0.339321 0.120291 0.0439907 0.12164 0.984276
1305031466.016599 -1.22262 0.516236 -0.34569 0.126682 0.0478939 0.119709 0.983528
1305031466.052655 -1.21291 0.546443 -0.351596 0.130079 0.0491551 0.119974 0.98299
1305031466.083913 -1.20379 0.570213 -0.356531 0.127528 0.0480706 0.12153 0.983187
1305031466.116400 -1.19487 0.590871 -0.363385 0.123239 0.0437987 0.122106 0.983862
1305031466.152540 -1.18836 0.609666 -0.372783 0.1186 0.0388467 0.123869 0.984419
1305031466.184186 -1.18299 0.629307 -0.383973 0.1135 0.0314885 0.125847 0.985032
1305031466.220477 -1.17387 0.645636 -0.395713 0.104749 0.0216402 0.124298 0.986463
1305031466.252491 -1.15569 0.653145 -0.408877 0.0966085 0.0137176 0.117993 0.988209
1305031466.284389 -1.1401 0.665464 -0.426532 0.0960376 0.0147782 0.107336 0.989463
1305031466.320055 -1.12824 0.680914 -0.441897 0.096214 0.0221922 0.0962261 0.99045
1305031466.352082 -1.11806 0.694655 -0.456657 0.0919878 0.0306015 0.0889096 0.991311
1305031466.384479 -1.10894 0.694852 -0.472141 0.0856537 0.0363047 0.0855396 0.991982
1305031466.420844 -1.10273 0.703338 -0.487353 0.089181 0.0380258 0.082287 0.991882
1305031466.452369 -1.09142 0.720996 -0.500954 0.0931486 0.0334294 0.0774189 0.992075
1305031466.483315 -1.07493 0.735582 -0.510846 0.0915607 0.0272341 0.0751375 0.992587
1305031466.519548 -1.05475 0.745006 -0.52015 0.0885593 0.0248353 0.0744509 0.992974
1305031466.552219 -1.03818 0.758761 -0.52961 0.0874468 0.0274181 0.073345 0.993087
1305031466.584438 -1.02044 0.77528 -0.536727 0.0826717 0.0267819 0.0714385 0.993652
1305031466.620424 -0.997475 0.779087 -0.542107 0.073595 0.0256492 0.0680414 0.994634
1305031466.648654 -0.982611 0.783482 -0.548909 0.0744512 0.0299545 0.0634778 0.994751
1305031466.684412 -0.965435 0.802065 -0.556386 0.0795822 0.0296311 0.057487 0.994728
1305031466.719744 -0.945244 0.813901 -0.562032 0.075386 0.0255484 0.0485272 0.995645
1305031466.748734 -0.926277 0.813851 -0.567206 0.0717293 0.0244761 0.0393536 0.996347
1305031466.784300 -0.914519 0.82272 -0.574021 0.0772625 0.0260193 0.0326769 0.996135
1305031466.819502 -0.897003 0.836765 -0.58098 0.0791968 0.0212309 0.0290888 0.996208
1305031466.851527 -0.883063 0.840484 -0.58565 0.0763136 0.0158322 0.0286273 0.996547
1305031466.883430 -0.872291 0.844943 -0.590481 0.0789117 0.00739312 0.0286042 0.996444
1305031466.919411 -0.856057 0.851482 -0.597863 0.0816066 -0.0066838 0.0258093 0.996308
1305031466.952451 -0.840215 0.855723 -0.605746 0.0825319 -0.0185259 0.0237575 0.996133
1305031466.984027 -0.823205 0.861188 -0.612374 0.084096 -0.0255684 0.0208988 0.99591
1305031467.020424 -0.807138 0.866065 -0.618101 0.0848696 -0.0303337 0.0164276 0.995795
1305031467.052391 -0.791008 0.870816 -0.624881 0.0850238 -0.0340595 0.0122886 0.995721
1305031467.084130 -0.775066 0.877907 -0.629374 0.084452 -0.0363813 0.00791408 0.995732
1305031467.120528 -0.762255 0.881518 -0.633129 0.0835677 -0.0383579 -0.00111211 0.995763
1305031467.152363 -0.749653 0.884683 -0.637474 0.0844642 -0.0409837 -0.0101986 0.995531
1305031467.184216 -0.737361 0.889874 -0.641356 0.0863252 -0.0448793 -0.015724 0.995131
1305031467.220466 -0.723776 0.893925 -0.645867 0.0873847 -0.0513321 -0.0214798 0.994619
1305031467.252275 -0.711145 0.89727 -0.650925 0.0888453 -0.056929 -0.0269532 0.994052
1305031467.284258 -0.698116 0.901393 -0.655741 0.091148 -0.0621291 -0.0333795 0.993337
1305031467.318028 -0.684819 0.907479 -0.660556 0.0934502 -0.0676442 -0.039399 0.992542
1305031467.349355 -0.671988 0.916015 -0.665629 0.09363 -0.0739367 -0.0422479 0.991959
1305031467.383844 -0.658143 0.921717 -0.670171 0.0894947 -0.0816114 -0.0461193 0.991566
1305031467.420160 -0.643285 0.924648 -0.674297 0.0867359 -0.088793 -0.0509926 0.990955
1305031467.452057 -0.630969 0.928549 -0.681136 0.0867531 -0.0947834 -0.0530697 0.99029
1305031467.484357 -0.617083 0.936001 -0.689156 0.0850647 -0.101836 -0.0569027 0.989523
1305031467.520535 -0.603203 0.942592 -0.69281 0.0809829 -0.106802 -0.0631154 0.988965
1305031467.552164 -0.590692 0.942333 -0.696274 0.07867 -0.108387 -0.0666202 0.988749
1305031467.584354 -0.578538 0.944259 -0.699699 0.0788612 -0.109634 -0.0659242 0.988643
1305031467.618680 -0.566375 0.941395 -0.700733 0.0788331 -0.113289 -0.0641269 0.988351
1305031467.651977 -0.553931 0.937024 -0.702283 0.0836177 -0.118349 -0.0619665 0.987503
1305031467.686044 -0.54036 0.937369 -0.703566 0.0887621 -0.122508 -0.0626829 0.986501
1305031467.718326 -0.526838 0.933339 -0.699322 0.092116 -0.1254 -0.067512 0.985511
1305031467.752580 -0.516024 0.925942 -0.696061 0.0967988 -0.126935 -0.0710832 0.984614
1305031467.788562 -0.506587 0.920948 -0.691642 0.101377 -0.128835 -0.073669 0.983716
1305031467.820454 -0.496828 0.912417 -0.684503 0.104894 -0.131044 -0.0750926 0.982947
1305031467.852678 -0.489252 0.902577 -0.675653 0.111099 -0.134041 -0.0734951 0.981982
1305031467.888472 -0.482042 0.897213 -0.665738 0.117797 -0.139775 -0.0720247 0.98051
1305031467.920800 -0.474258 0.889827 -0.65433 0.121647 -0.146534 -0.0738021 0.978919
1305031467.952485 -0.466928 0.877332 -0.642176 0.126307 -0.151377 -0.0752919 0.977478
1305031467.988523 -0.456652 0.873031 -0.629202 0.132083 -0.15462 -0.0772783 0.976051
1305031468.020491 -0.444813 0.863461 -0.613466 0.131078 -0.156958 -0.0802218 0.975575
1305031468.052668 -0.435357 0.84821 -0.600221 0.132804 -0.158789 -0.0834591 0.974774
1305031468.088379 -0.424919 0.839774 -0.586732 0.136715 -0.16234 -0.0856616 0.973456
1305031468.120522 -0.414456 0.82745 -0.572345 0.135593 -0.16561 -0.0869099 0.972951
1305031468.152356 -0.403633 0.813128 -0.559059 0.135748 -0.168339 -0.0897978 0.972199
1305031468.188327 -0.391316 0.800604 -0.545668 0.135666 -0.17051 -0.0935212 0.971481
1305031468.220648 -0.378993 0.784024 -0.532546 0.133151 -0.171717 -0.0948816 0.971484
1305031468.252517 -0.363769 0.767531 -0.519989 0.131796 -0.172662 -0.094419 0.971547
1305031468.288361 -0.349211 0.750375 -0.508723 0.13007 -0.172596 -0.0947033 0.971763
1305031468.320522 -0.335201 0.727077 -0.498548 0.128217 -0.172409 -0.0947582 0.972037
1305031468.352594 -0.322721 0.711151 -0.49288 0.130642 -0.17055 -0.0923175 0.972277
1305031468.384700 -0.310476 0.699223 -0.484932 0.130371 -0.17038 -0.090407 0.972523
1305031468.420595 -0.299895 0.677806 -0.479186 0.124557 -0.171187 -0.0909187 0.973095
1305031468.452605 -0.289867 0.658678 -0.474303 0.121885 -0.172458 -0.0899732 0.973297
1305031468.488646 -0.279281 0.641182 -0.469394 0.118924 -0.173317 -0.0894238 0.973561
1305031468.520786 -0.271195 0.617908 -0.465266 0.115524 -0.172729 -0.0943695 0.973608
1305031468.552701 -0.267778 0.595383 -0.464157 0.117874 -0.171732 -0.103077 0.97262
1305031468.588614 -0.267489 0.582857 -0.463657 0.1222 -0.171202 -0.109686 0.971456
1305031468.620590 -0.266592 0.56724 -0.460524 0.118307 -0.172577 -0.112056 0.971424
1305031468.656644 -0.26839 0.541629 -0.459853 0.112589 -0.175178 -0.114079 0.971402
1305031468.688643 -0.272948 0.519047 -0.459698 0.11355 -0.179456 -0.116943 0.970168
1305031468.720560 -0.277236 0.501535 -0.459134 0.117286 -0.18418 -0.118846 0.968606
1305031468.756725 -0.281227 0.484741 -0.457508 0.118605 -0.188126 -0.119042 0.967663
1305031468.788562 -0.283941 0.464728 -0.455954 0.119813 -0.190522 -0.122032 0.966672
1305031468.817997 -0.288127 0.446827 -0.455301 0.125783 -0.191066 -0.128785 0.964928
1305031468.854887 -0.286713 0.439612 -0.451371 0.131272 -0.191856 -0.13335 0.963419
1305031468.889220 -0.285146 0.428322 -0.446236 0.129793 -0.189535 -0.136819 0.963593
1305031468.920539 -0.285218 0.417133 -0.442308 0.125909 -0.185114 -0.136276 0.965043
1305031468.956482 -0.287289 0.413443 -0.439223 0.121207 -0.179721 -0.131649 0.967304
1305031468.986011 -0.288239 0.420822 -0.433293 0.11336 -0.176914 -0.131136 0.968842
1305031469.020731 -0.293774 0.411229 -0.426649 0.0942411 -0.174517 -0.136434 0.970592
1305031469.056318 -0.300337 0.399729 -0.42125 0.0776659 -0.172386 -0.14222 0.971609
1305031469.088069 -0.300554 0.395295 -0.411349 0.0665566 -0.17289 -0.150624 0.971078
1305031469.119984 -0.299188 0.386586 -0.400056 0.0533814 -0.16972 -0.161179 0.970756
1305031469.155046 -0.300691 0.377661 -0.389159 0.0410139 -0.162299 -0.169358 0.971234
1305031469.184648 -0.302895 0.368302 -0.378893 0.0304722 -0.153702 -0.174985 0.972022
1305031469.219541 -0.308227 0.363038 -0.369197 0.0238447 -0.145908 -0.1781 0.972843
1305031469.256002 -0.310051 0.360633 -0.357911 0.0189718 -0.142988 -0.181526 0.97275
1305031469.288263 -0.312447 0.358277 -0.345653 0.0136413 -0.139211 -0.184403 0.972846
1305031469.319772 -0.315125 0.359067 -0.333524 0.00864224 -0.135596 -0.185664 0.973174
1305031469.356116 -0.31199 0.357146 -0.319784 0.00159612 -0.133469 -0.18897 0.972869
1305031469.388556 -0.312695 0.353513 -0.306292 -0.00354196 -0.124551 -0.194348 0.972987
1305031469.420278 -0.315491 0.358071 -0.293591 -0.00350905 -0.111982 -0.199347 0.973503
1305031469.456563 -0.319101 0.363211 -0.280214 -0.00423422 -0.10115 -0.205497 0.973407
1305031469.488520 -0.32638 0.368665 -0.265013 -0.00547749 -0.0931391 -0.209726 0.973299
1305031469.520417 -0.328871 0.375528 -0.251143 -0.0078198 -0.0920735 -0.21007 0.97331
1305031469.556139 -0.329165 0.382883 -0.237528 -0.0128462 -0.0936208 -0.209974 0.97313
1305031469.588500 -0.329869 0.391094 -0.223657 -0.0199553 -0.0948615 -0.20872 0.973159
1305031469.620563 -0.331276 0.399771 -0.209298 -0.0285493 -0.0947175 -0.207951 0.973124
1305031469.656279 -0.335334 0.408172 -0.194429 -0.0354847 -0.091584 -0.207163 0.973364
1305031469.687925 -0.33826 0.417108 -0.181574 -0.0401644 -0.088051 -0.20562 0.973835
1305031469.718943 -0.342479 0.426715 -0.16839 -0.0454079 -0.0837745 -0.203862 0.974351
1305031469.756754 -0.347152 0.438264 -0.15574 -0.0508526 -0.0795182 -0.200307 0.975176
1305031469.784733 -0.353321 0.452579 -0.143139 -0.0561183 -0.0772843 -0.195996 0.975942
1305031469.820544 -0.360679 0.464137 -0.132145 -0.0619117 -0.0775066 -0.192408 0.976288
1305031469.854359 -0.369671 0.478849 -0.121478 -0.0671055 -0.078504 -0.188703 0.976589
1305031469.885343 -0.379936 0.491683 -0.111525 -0.0726584 -0.0790987 -0.185932 0.976675
1305031469.921773 -0.390726 0.506403 -0.101892 -0.0759401 -0.0799563 -0.181767 0.977139
1305031469.953180 -0.403608 0.519433 -0.0936935 -0.0782452 -0.0814318 -0.179202 0.977309
1305031469.985327 -0.41674 0.532139 -0.0864084 -0.0801562 -0.0828578 -0.177001 0.977435
1305031470.024714 -0.429402 0.545342 -0.0806565 -0.0820313 -0.0844122 -0.175216 0.977469
1305031470.057400 -0.444019 0.558089 -0.0755151 -0.084341 -0.0845358 -0.174567 0.977377
1305031470.088874 -0.458381 0.570246 -0.0718745 -0.0863069 -0.0837636 -0.172661 0.977611
1305031470.124820 -0.472151 0.582166 -0.0694583 -0.0893955 -0.0832184 -0.169943 0.977856
1305031470.156744 -0.486122 0.594636 -0.0671311 -0.0926401 -0.083531 -0.166702 0.978085
1305031470.188876 -0.501511 0.60547 -0.0667429 -0.0952737 -0.0838775 -0.163506 0.978342
1305031470.224776 -0.515751 0.61598 -0.0660118 -0.0983585 -0.0842859 -0.160355 0.978523
1305031470.253015 -0.529597 0.626575 -0.0658357 -0.102378 -0.0841128 -0.156847 0.978694
1305031470.287867 -0.543629 0.636718 -0.0657267 -0.107362 -0.0834831 -0.153809 0.978697
1305031470.324266 -0.558146 0.647495 -0.0647072 -0.112897 -0.0829499 -0.150257 0.978671
1305031470.356871 -0.573119 0.656555 -0.0646402 -0.118807 -0.0833133 -0.145653 0.978636
1305031470.388056 -0.588102 0.665522 -0.0648254 -0.122776 -0.0842578 -0.141879 0.97862
1305031470.424090 -0.588102 0.665522 -0.0648254 -0.122776 -0.0842578 -0.141879 0.97862
1305031470.455875 -0.602657 0.671276 -0.066111 -0.123782 -0.0850115 -0.142128 0.978392
1305031470.487958 -0.61711 0.676962 -0.0676459 -0.123409 -0.0854261 -0.140726 0.978606
1305031470.524431 -0.630444 0.682191 -0.0692095 -0.123251 -0.0857383 -0.139915 0.978714
1305031470.556484 -0.630444 0.682191 -0.0692095 -0.123251 -0.0857383 -0.139915 0.978714
1305031470.588797 -0.642646 0.685955 -0.0693437 -0.125057 -0.0850243 -0.137619 0.978873
1305031470.624535 -0.653686 0.690821 -0.0695398 -0.126559 -0.0844125 -0.133382 0.979319
1305031470.656787 -0.664594 0.694615 -0.0693904 -0.12877 -0.0839359 -0.128893 0.979673
1305031470.688640 -0.67572 0.698628 -0.0689089 -0.130859 -0.0836255 -0.124644 0.979973
1305031470.724461 -0.67572 0.698628 -0.0689089 -0.130859 -0.0836255 -0.124644 0.979973
1305031470.755944 -0.685071 0.698198 -0.0693125 -0.133158 -0.0815377 -0.122659 0.980089
1305031470.788407 -0.685071 0.698198 -0.0693125 -0.133158 -0.0815377 -0.122659 0.980089
1305031470.820633 -0.685071 0.698198 -0.0693125 -0.133158 -0.0815377 -0.122659 0.980089
1305031470.855509 -0.69501 0.697374 -0.0699668 -0.130155 -0.0806392 -0.118469 0.981082
1305031470.886079 -0.70514 0.697431 -0.0709949 -0.126021 -0.0800563 -0.113125 0.9823
1305031470.924410 -0.715202 0.696761 -0.0718869 -0.122399 -0.0810525 -0.107799 0.983274
1305031470.956439 -0.715202 0.696761 -0.0718869 -0.122399 -0.0810525 -0.107799 0.983274
1305031470.988276 -0.715202 0.696761 -0.0718869 -0.122399 -0.0810525 -0.107799 0.983274
1305031471.024309 -0.724611 0.693006 -0.0737083 -0.115536 -0.0788275 -0.105871 0.984494
1305031471.056616 -0.733659 0.689511 -0.0757418 -0.107083 -0.0753683 -0.102259 0.986101
1305031471.088440 -0.742397 0.68683 -0.0784734 -0.0987953 -0.0726235 -0.095976 0.987803
1305031471.123837 -0.750666 0.684187 -0.0801254 -0.0922859 -0.0716382 -0.0896292 0.9891
1305031471.155886 -0.757289 0.682261 -0.0822284 -0.0861932 -0.0709531 -0.0832352 0.990257
1305031471.192698 -0.763617 0.681163 -0.0839662 -0.0821817 -0.0684005 -0.0773605 0.991253
1305031471.224404 -0.770923 0.680128 -0.0849685 -0.0810929 -0.0643048 -0.0719172 0.992027
1305031471.256397 -0.777738 0.678182 -0.0847288 -0.081762 -0.0615353 -0.0681339 0.992414
1305031471.288603 -0.784342 0.674674 -0.0846763 -0.0823577 -0.0589127 -0.0642433 0.992784
1305031471.324440 -0.789077 0.672681 -0.0856902 -0.0798032 -0.0554352 -0.0608884 0.993404
1305031471.356569 -0.79304 0.673296 -0.0873369 -0.0768354 -0.0488542 -0.0587345 0.994113
1305031471.392751 -0.799356 0.66847 -0.0877543 -0.0789073 -0.0403146 -0.0544819 0.994575
1305031471.424494 -0.805674 0.666419 -0.0899619 -0.0761011 -0.035226 -0.0477023 0.995335
1305031471.456975 -0.81051 0.666213 -0.0921282 -0.0733597 -0.0341351 -0.0415546 0.995855
1305031471.492705 -0.81051 0.666213 -0.0921282 -0.0733597 -0.0341351 -0.0415546 0.995855
1305031471.524343 -0.815271 0.664559 -0.094048 -0.0742198 -0.0329611 -0.0370356 0.996009
1305031471.556561 -0.818397 0.66395 -0.0963565 -0.0743523 -0.0317952 -0.034421 0.996131
1305031471.592606 -0.82204 0.662802 -0.098976 -0.0751208 -0.0278498 -0.0324835 0.996256
1305031471.624486 -0.825125 0.662429 -0.101559 -0.0747634 -0.0230823 -0.0308441 0.996457
1305031471.656831 -0.828578 0.661078 -0.104333 -0.0743311 -0.0176525 -0.0284237 0.996672
1305031471.693182 -0.831552 0.661748 -0.107424 -0.0719279 -0.0128156 -0.0240162 0.997038
1305031471.724753 -0.834013 0.663816 -0.110266 -0.0706243 -0.00880121 -0.0193518 0.997276
1305031471.753002 -0.834769 0.662755 -0.111753 -0.0727352 -0.00527941 -0.0139152 0.99724
1305031471.792706 -0.836169 0.664936 -0.113984 -0.0713877 0.000549476 -0.00674623 0.997426
1305031471.823821 -0.838583 0.669755 -0.115501 -0.0709375 0.00629962 0.000782517 0.997461
1305031471.855793 -0.840645 0.670532 -0.115689 -0.0752842 0.00984791 0.00764472 0.997084
1305031471.892838 -0.843347 0.673509 -0.11638 -0.0776407 0.0138785 0.0141852 0.996784
1305031471.924928 -0.845626 0.67551 -0.116186 -0.0826542 0.0183565 0.0194745 0.996219
1305031471.957162 -0.848287 0.674555 -0.114906 -0.0875981 0.0246305 0.0212713 0.995624
1305031471.993177 -0.85197 0.681101 -0.115898 -0.0845792 0.0322133 0.0238876 0.995609
1305031472.024660 -0.856323 0.685431 -0.114922 -0.088391 0.0387906 0.0276906 0.994945
1305031472.058063 -0.856323 0.685431 -0.114922 -0.088391 0.0387906 0.0276906 0.994945
1305031472.092883 -0.861242 0.688904 -0.115048 -0.0873593 0.044202 0.0324366 0.994667
1305031472.124760 -0.866586 0.693759 -0.113733 -0.0887249 0.048371 0.0371027 0.994189
1305031472.156982 -0.866586 0.693759 -0.113733 -0.0887249 0.048371 0.0371027 0.994189
1305031472.192890 -0.870443 0.692167 -0.113318 -0.0882043 0.0498453 0.0404516 0.994032
1305031472.224678 -0.874128 0.692618 -0.113788 -0.08503 0.0516228 0.0438932 0.994072
1305031472.256642 -0.876792 0.689669 -0.113101 -0.0847978 0.0534855 0.0449634 0.993945
1305031472.293139 -0.878259 0.687274 -0.113935 -0.0804009 0.0554514 0.0462633 0.994143
1305031472.324844 -0.878259 0.687274 -0.113935 -0.0804009 0.0554514 0.0462633 0.994143
1305031472.360912 -0.880283 0.687926 -0.11453 -0.0778435 0.0564904 0.0478373 0.994214
1305031472.392956 -0.881904 0.686188 -0.113858 -0.0782839 0.0557363 0.0498525 0.994123
1305031472.424694 -0.882205 0.682358 -0.114156 -0.0781762 0.0531788 0.0506568 0.994231
1305031472.460919 -0.881572 0.680173 -0.114666 -0.0764685 0.0512307 0.0497343 0.994512
1305031472.492972 -0.881023 0.678519 -0.115107 -0.0759343 0.051977 0.0486073 0.99457
1305031472.524781 -0.879759 0.672948 -0.114453 -0.0782533 0.0536227 0.0491006 0.994279
1305031472.561296 -0.878821 0.668784 -0.114997 -0.0754298 0.0538499 0.050565 0.994411
1305031472.592968 -0.877651 0.668253 -0.116419 -0.0695014 0.0529154 0.0525984 0.994788
1305031472.624647 -0.875568 0.666656 -0.116578 -0.0679131 0.0516822 0.0548326 0.994842
1305031472.660836 -0.873469 0.662995 -0.115907 -0.068235 0.0507351 0.0562972 0.994787
1305031472.693008 -0.871419 0.659102 -0.11538 -0.0675264 0.0499861 0.0578989 0.994781
1305031472.724752 -0.869228 0.655171 -0.11489 -0.0661759 0.0491482 0.0581861 0.994897
1305031472.760654 -0.866853 0.653095 -0.114412 -0.0638271 0.0487118 0.0568483 0.995149
1305031472.792775 -0.865228 0.650036 -0.11332 -0.0627382 0.0496344 0.0551379 0.995269
1305031472.824692 -0.864335 0.647424 -0.112503 -0.0607473 0.0508257 0.0547557 0.995353
1305031472.860936 -0.86363 0.645953 -0.111435 -0.0584403 0.0511656 0.0554064 0.995438
1305031472.892944 -0.863227 0.64555 -0.110402 -0.0569631 0.0504101 0.0575146 0.995443
1305031472.924814 -0.861981 0.643932 -0.108964 -0.057405 0.0490593 0.0591472 0.995389
1305031472.961213 -0.861219 0.643114 -0.107801 -0.0571355 0.0488614 0.0604761 0.995334
1305031472.992815 -0.861034 0.64288 -0.106773 -0.057173 0.0485693 0.0616217 0.995276
1305031473.024564 -0.861251 0.642545 -0.105797 -0.0576676 0.0475484 0.0618475 0.995283
1305031473.060795 -0.860494 0.641192 -0.104864 -0.0589136 0.0464864 0.0609733 0.995314
1305031473.092012 -0.860166 0.640111 -0.104346 -0.059314 0.0470088 0.0591484 0.995376
1305031473.124072 -0.860155 0.639075 -0.10359 -0.0597753 0.0480966 0.0576845 0.995382
1305031473.158420 -0.861148 0.637861 -0.103287 -0.059656 0.0486346 0.0572579 0.995388
1305031473.190828 -0.860662 0.63713 -0.103431 -0.0586322 0.0478054 0.0568287 0.995514
