1305032354.009456 0 0 0 0 0 0 1
1305032354.045335 0.000341454 -0.010226 0.00175601 -0.00966685 0.00169505 -0.00288712 0.999948
1305032354.076940 -0.000254523 -0.0237138 0.000298791 -0.0193615 0.000740403 -0.00383675 0.999805
1305032354.109860 0.00108815 -0.035562 -0.00447854 -0.0313879 0.000363642 -0.0067236 0.999485
1305032354.145200 0.00233159 -0.0461375 -0.00335622 -0.0460195 0.00296309 -0.00831941 0.998902
1305032354.177151 0.00274861 -0.060932 -0.0041884 -0.0621628 0.00517572 -0.0032598 0.998047
1305032354.209651 0.00344026 -0.0781977 -0.00624291 -0.0777284 0.00713184 0.00197939 0.996947
1305032354.244910 0.00416245 -0.0932961 -0.00631085 -0.092857 0.00943236 0.00457495 0.995624
1305032354.277122 0.00432215 -0.111584 -0.0058394 -0.103647 0.0115396 0.00422345 0.994538
1305032354.309733 0.0043341 -0.130405 -0.00782805 -0.10925 0.0116578 0.00191999 0.993944
1305032354.345124 0.00464822 -0.149871 -0.00983853 -0.114917 0.0113661 -0.00209619 0.993308
1305032354.377091 0.00496022 -0.16913 -0.0110162 -0.119606 0.0111029 -0.00667811 0.992737
1305032354.407556 0.00611659 -0.189521 -0.0130949 -0.123791 0.0101689 -0.0115142 0.992189
1305032354.445200 0.00741525 -0.20816 -0.0175964 -0.130267 0.0100754 -0.0158761 0.991301
1305032354.477221 0.0100998 -0.225455 -0.0198901 -0.139985 0.0108281 -0.0186409 0.989919
1305032354.510161 0.0134876 -0.241716 -0.0227059 -0.150862 0.0131848 -0.0184566 0.988295
1305032354.545622 0.0167632 -0.256271 -0.0264419 -0.165 0.0173016 -0.015183 0.986025
1305032354.577445 0.019027 -0.26963 -0.0269492 -0.18172 0.0216946 -0.00920681 0.983068
1305032354.610249 0.02025 -0.284353 -0.0258632 -0.196739 0.0259954 -0.00120522 0.980111
1305032354.645613 0.0204138 -0.29821 -0.0258952 -0.209316 0.0295548 0.00563972 0.977385
1305032354.677651 0.0194319 -0.311224 -0.026298 -0.220644 0.0318505 0.0114934 0.974767
1305032354.709984 0.0194797 -0.323609 -0.0254528 -0.231779 0.0311883 0.0151319 0.972151
1305032354.745813 0.0191096 -0.335962 -0.0238617 -0.242483 0.0286892 0.0164085 0.969592
1305032354.777561 0.0196661 -0.35056 -0.0212388 -0.25108 0.0252016 0.0140005 0.967537
1305032354.813526 0.0213772 -0.365866 -0.0196688 -0.257467 0.0209057 0.00902494 0.966019
1305032354.845896 0.0226815 -0.380636 -0.0197367 -0.263507 0.0172 0.00412098 0.964495
1305032354.877727 0.0242023 -0.393461 -0.0191786 -0.270108 0.0133135 -0.000912446 0.962738
1305032354.913596 0.026426 -0.407719 -0.0202217 -0.277259 0.00860277 -0.00536953 0.960742
1305032354.946029 0.0278672 -0.420004 -0.0190727 -0.287262 0.00314948 -0.0119565 0.957772
1305032354.977691 0.0306747 -0.434946 -0.0180856 -0.294931 -0.00202893 -0.02061 0.955294
1305032355.013557 0.0340788 -0.447006 -0.01995 -0.304126 -0.00721206 -0.0288538 0.952167
1305032355.045678 0.035006 -0.458819 -0.0144169 -0.317973 -0.0133751 -0.0404631 0.947141
1305032355.077711 0.0354279 -0.474479 -0.00792334 -0.328105 -0.0206159 -0.0512038 0.943027
1305032355.113721 0.0369497 -0.48693 -0.00282346 -0.335633 -0.0309724 -0.0607238 0.939523
1305032355.145771 0.0381078 -0.499366 -0.000258595 -0.344858 -0.0428198 -0.0677128 0.93523
1305032355.177863 0.0372104 -0.511436 0.00548964 -0.356527 -0.0550226 -0.0736463 0.929751
1305032355.213995 0.0384727 -0.525452 0.013327 -0.366768 -0.0682701 -0.0788801 0.924445
1305032355.246379 0.0357127 -0.538514 0.021833 -0.375266 -0.0826795 -0.0831941 0.919466
1305032355.278991 0.0321297 -0.551918 0.0311441 -0.381144 -0.0988774 -0.0862422 0.915158
1305032355.312689 0.031041 -0.566662 0.0366762 -0.384979 -0.114764 -0.0880814 0.911516
1305032355.347016 0.0344033 -0.575436 0.0431922 -0.389391 -0.129904 -0.0884248 0.907569
1305032355.379246 0.0390162 -0.583741 0.0529985 -0.392336 -0.146281 -0.0906785 0.903577
1305032355.415084 0.0439241 -0.5934 0.0616284 -0.393089 -0.160742 -0.0952454 0.900318
1305032355.446636 0.0483034 -0.603501 0.0703848 -0.392622 -0.172078 -0.10023 0.897881
1305032355.479127 0.0529972 -0.615362 0.0769452 -0.390225 -0.184196 -0.103256 0.896178
1305032355.514371 0.058433 -0.622265 0.0832709 -0.386874 -0.197709 -0.103857 0.894681
1305032355.546522 0.0660946 -0.63045 0.0882424 -0.384223 -0.209668 -0.103324 0.893161
1305032355.578354 0.0760068 -0.636997 0.0941575 -0.382808 -0.219238 -0.102324 0.891584
1305032355.614298 0.0874936 -0.644826 0.104291 -0.381303 -0.226129 -0.101955 0.89055
1305032355.646429 0.101486 -0.656158 0.112171 -0.37803 -0.231606 -0.102593 0.890465
1305032355.679021 0.114015 -0.667028 0.11819 -0.374345 -0.237433 -0.102917 0.890449
1305032355.715171 0.126119 -0.676287 0.126073 -0.370203 -0.244422 -0.101457 0.890457
1305032355.747547 0.140342 -0.685676 0.13113 -0.364429 -0.250041 -0.0988826 0.891568
1305032355.779172 0.15751 -0.689239 0.130918 -0.360579 -0.25197 -0.0977598 0.892713
1305032355.815082 0.172954 -0.692185 0.148394 -0.358284 -0.252129 -0.100088 0.893334
1305032355.847746 0.186831 -0.710938 0.160512 -0.343871 -0.250846 -0.107146 0.898526
1305032355.879256 0.202961 -0.713969 0.158355 -0.322628 -0.250815 -0.11533 0.905374
1305032355.914958 0.219312 -0.716637 0.148421 -0.313111 -0.249328 -0.120723 0.908418
1305032355.947516 0.231256 -0.716838 0.146443 -0.315113 -0.247123 -0.120645 0.908339
1305032355.979562 0.243366 -0.718701 0.145994 -0.324293 -0.24541 -0.114992 0.906303
1305032356.015124 0.251025 -0.724828 0.149914 -0.336356 -0.247092 -0.107695 0.902337
1305032356.047385 0.250274 -0.735158 0.155686 -0.344477 -0.252606 -0.0994601 0.898684
1305032356.083040 0.258308 -0.741901 0.157036 -0.343896 -0.262926 -0.0923021 0.896708
1305032356.114352 0.273029 -0.742543 0.156462 -0.341843 -0.274605 -0.0907949 0.894143
1305032356.146404 0.284776 -0.740173 0.158517 -0.342747 -0.284065 -0.0946751 0.890431
1305032356.182442 0.289764 -0.738836 0.164825 -0.341825 -0.291725 -0.104103 0.887251
1305032356.214279 0.294063 -0.744736 0.173805 -0.335485 -0.299707 -0.115029 0.88566
1305032356.246658 0.300671 -0.746745 0.177373 -0.322885 -0.3081 -0.123127 0.886375
1305032356.282363 0.312563 -0.743314 0.174095 -0.313093 -0.313777 -0.125248 0.887598
1305032356.314238 0.320136 -0.737009 0.177397 -0.310789 -0.316892 -0.121775 0.887784
1305032356.346442 0.320421 -0.734949 0.184331 -0.308002 -0.320112 -0.116236 0.888342
1305032356.382453 0.323079 -0.732859 0.193719 -0.296853 -0.327297 -0.110634 0.890233
1305032356.414237 0.328621 -0.726461 0.197204 -0.280518 -0.335958 -0.105825 0.892885
1305032356.446755 0.335931 -0.713866 0.201037 -0.264722 -0.344432 -0.103692 0.894727
1305032356.482444 0.345118 -0.703223 0.209895 -0.250125 -0.35113 -0.103633 0.896329
1305032356.514490 0.354679 -0.690905 0.216984 -0.2344 -0.353911 -0.106963 0.89909
1305032356.546721 0.364694 -0.677021 0.220947 -0.216995 -0.354884 -0.114897 0.902092
1305032356.582446 0.377603 -0.665982 0.218255 -0.202054 -0.354038 -0.124091 0.904673
1305032356.614314 0.388125 -0.650337 0.22362 -0.194187 -0.352419 -0.132254 0.90587
1305032356.646374 0.394586 -0.637322 0.230075 -0.186045 -0.349732 -0.139125 0.907589
1305032356.683322 0.404875 -0.622298 0.23309 -0.175165 -0.348101 -0.138837 0.910421
1305032356.715172 0.415298 -0.605104 0.236621 -0.16604 -0.34657 -0.134441 0.913371
1305032356.743534 0.42803 -0.58685 0.239064 -0.156194 -0.345096 -0.128261 0.916548
1305032356.782372 0.439542 -0.566452 0.242174 -0.147833 -0.343622 -0.122923 0.919217
1305032356.814985 0.44576 -0.55338 0.247599 -0.139259 -0.343459 -0.116823 0.921409
1305032356.846535 0.456568 -0.532243 0.246913 -0.127611 -0.344871 -0.10645 0.923822
1305032356.882068 0.466731 -0.510147 0.247835 -0.12185 -0.347123 -0.097364 0.924759
1305032356.914707 0.474862 -0.491459 0.249897 -0.120396 -0.348913 -0.0874227 0.925269
1305032356.947460 0.481364 -0.473221 0.252004 -0.120353 -0.351734 -0.0748391 0.925309
1305032356.982294 0.487761 -0.453874 0.252361 -0.1208 -0.354519 -0.0625789 0.925099
1305032357.014261 0.493492 -0.437192 0.2534 -0.12147 -0.357158 -0.0524567 0.924625
1305032357.046550 0.497284 -0.420798 0.254918 -0.118513 -0.360855 -0.0436745 0.92403
1305032357.082118 0.500049 -0.405053 0.25431 -0.114397 -0.366512 -0.0350645 0.922688
1305032357.114108 0.503625 -0.390024 0.256412 -0.110081 -0.373869 -0.0273856 0.920518
1305032357.146528 0.511287 -0.373929 0.254893 -0.104486 -0.379629 -0.0209326 0.918981
1305032357.182108 0.516189 -0.358456 0.258584 -0.102938 -0.383456 -0.0155027 0.917673
1305032357.214184 0.520257 -0.343095 0.261649 -0.0980353 -0.388707 -0.00827941 0.916094
1305032357.250098 0.527989 -0.327059 0.262621 -0.088254 -0.3931 -0.000774165 0.91525
1305032357.282087 0.53524 -0.311909 0.261842 -0.0806969 -0.3924 0.00766302 0.916216
1305032357.314085 0.540286 -0.296306 0.258831 -0.0770893 -0.390746 0.0172058 0.917103
1305032357.350168 0.546172 -0.28011 0.257235 -0.0724519 -0.390562 0.0265226 0.917338
1305032357.382141 0.55347 -0.263666 0.253245 -0.0690474 -0.390249 0.0323352 0.917547
1305032357.414454 0.55632 -0.246842 0.252075 -0.0712268 -0.388846 0.0369934 0.9178
1305032357.450340 0.561279 -0.230582 0.248792 -0.0743475 -0.387493 0.0447603 0.917779
1305032357.482241 0.565247 -0.216046 0.246981 -0.0817104 -0.38576 0.053385 0.917422
1305032357.513987 0.568833 -0.199337 0.243497 -0.0885282 -0.383125 0.0602157 0.917471
1305032357.549979 0.572383 -0.186553 0.241194 -0.0938868 -0.380639 0.0659635 0.917577
1305032357.582946 0.575209 -0.174437 0.238148 -0.0973905 -0.379007 0.0699307 0.917594
1305032357.611057 0.579953 -0.163144 0.233225 -0.101117 -0.377345 0.0711155 0.917785
1305032357.650783 0.583044 -0.14979 0.231729 -0.106451 -0.375439 0.0693433 0.918099
1305032357.683024 0.586219 -0.138296 0.230661 -0.111446 -0.3726 0.0675776 0.918794
1305032357.710979 0.591906 -0.129294 0.228957 -0.115639 -0.369093 0.0667328 0.919752
1305032357.750457 0.596708 -0.118151 0.228025 -0.119711 -0.364553 0.0644327 0.921205
1305032357.783108 0.601025 -0.10903 0.22879 -0.122691 -0.360232 0.0619226 0.922684
1305032357.814444 0.608609 -0.100521 0.226532 -0.123797 -0.356235 0.0588616 0.924287
1305032357.850329 0.614184 -0.0914099 0.225208 -0.12659 -0.350902 0.0535418 0.92627
1305032357.882357 0.615881 -0.0839865 0.226617 -0.128473 -0.344132 0.0515261 0.928662
1305032357.914168 0.617955 -0.0784448 0.224077 -0.126633 -0.336094 0.0515968 0.931849
1305032357.948987 0.615813 -0.0720029 0.220422 -0.123161 -0.328929 0.0529419 0.934791
1305032357.982077 0.614806 -0.0658221 0.218025 -0.118662 -0.324701 0.053016 0.936845
1305032358.010855 0.611319 -0.061799 0.217719 -0.112398 -0.321534 0.0534925 0.93868
1305032358.050220 0.607899 -0.0567199 0.216867 -0.101515 -0.318766 0.0573912 0.940632
1305032358.082211 0.603649 -0.0519365 0.217062 -0.0923771 -0.316971 0.0590148 0.942079
1305032358.115784 0.598255 -0.0470434 0.219073 -0.0797211 -0.316904 0.0599288 0.943199
1305032358.150676 0.59177 -0.0457701 0.22132 -0.065943 -0.31775 0.0608383 0.94392
1305032358.183396 0.583845 -0.0431953 0.223444 -0.0542755 -0.318898 0.0614367 0.944237
1305032358.214748 0.575136 -0.0406084 0.227385 -0.0422408 -0.321683 0.062631 0.943829
1305032358.251221 0.566417 -0.0376722 0.23116 -0.0305624 -0.32492 0.0681283 0.942789
1305032358.283060 0.557671 -0.0327136 0.235195 -0.0236799 -0.32805 0.0712916 0.941669
1305032358.314611 0.548298 -0.0272215 0.239422 -0.0161218 -0.331789 0.0768885 0.940077
1305032358.350749 0.540196 -0.0227208 0.243211 -0.0098166 -0.33574 0.0835936 0.938187
1305032358.381865 0.531827 -0.0154504 0.247407 -0.00859519 -0.341356 0.086985 0.935861
1305032358.414355 0.521984 -0.0101965 0.250879 -0.00684891 -0.348732 0.0883781 0.933021
1305032358.447967 0.515937 -0.00585945 0.253734 -0.00369165 -0.35462 0.0887909 0.930778
1305032358.481387 0.512519 0.000723114 0.255936 -0.00665691 -0.3569 0.0892671 0.929844
1305032358.517650 0.510799 0.0120931 0.258053 -0.0105028 -0.357381 0.0898474 0.929568
1305032358.548167 0.511434 0.019119 0.258978 -0.0136745 -0.356638 0.0895532 0.92984
1305032358.582146 0.513308 0.0243575 0.258912 -0.0165789 -0.355365 0.0902946 0.930208
1305032358.616710 0.515118 0.0281356 0.259057 -0.0200603 -0.354798 0.0894705 0.930436
1305032358.649112 0.516125 0.0309041 0.258586 -0.0217875 -0.354615 0.0885417 0.930556
1305032358.681202 0.518076 0.0299222 0.256894 -0.0230023 -0.354807 0.0885726 0.93045
1305032358.716920 0.518776 0.0269564 0.255879 -0.024314 -0.354977 0.0889836 0.930313
1305032358.746598 0.52071 0.0214638 0.254371 -0.0230936 -0.356291 0.0899671 0.929747
1305032358.779352 0.521651 0.0111541 0.253325 -0.0211511 -0.358877 0.0892912 0.928863
1305032358.817050 0.524593 0.000879411 0.250384 -0.0189945 -0.363741 0.0873065 0.927205
1305032358.849277 0.525983 -0.0116265 0.248797 -0.0163259 -0.369731 0.0836453 0.925222
1305032358.882669 0.53231 -0.0248847 0.246982 -0.013047 -0.374923 0.0818347 0.923345
1305032358.917982 0.536695 -0.039282 0.244762 -0.0132826 -0.378755 0.0802427 0.921916
1305032358.951038 0.54066 -0.0520421 0.240881 -0.014629 -0.382577 0.0756453 0.920705
1305032358.983085 0.546861 -0.0656517 0.236083 -0.0164007 -0.386822 0.070173 0.919334
1305032359.019148 0.554239 -0.0772668 0.232784 -0.0219907 -0.390673 0.0610206 0.918241
1305032359.051225 0.561948 -0.0892764 0.232502 -0.0304268 -0.392608 0.048932 0.917899
1305032359.082899 0.571087 -0.102345 0.231745 -0.0389731 -0.393169 0.0385157 0.917832
1305032359.118855 0.579144 -0.116168 0.231222 -0.0477694 -0.392728 0.0304352 0.917909
1305032359.151254 0.58981 -0.12977 0.230338 -0.0567482 -0.390525 0.0214123 0.918592
1305032359.183363 0.601113 -0.144685 0.229853 -0.066575 -0.388033 0.0124201 0.919154
1305032359.219267 0.609264 -0.158065 0.229589 -0.0788565 -0.38512 0.00419953 0.919482
1305032359.251063 0.619508 -0.171794 0.229168 -0.0948571 -0.380374 -0.00266288 0.919952
1305032359.283123 0.626891 -0.18375 0.229754 -0.111071 -0.374535 -0.00961321 0.920486
1305032359.319238 0.632808 -0.200136 0.229885 -0.124245 -0.37105 -0.0196608 0.920054
1305032359.350945 0.638361 -0.217119 0.228916 -0.137671 -0.367868 -0.0294654 0.919158
1305032359.383033 0.642203 -0.233531 0.230781 -0.151885 -0.364334 -0.0367734 0.918063
1305032359.418684 0.645493 -0.250836 0.23315 -0.163415 -0.362096 -0.0442992 0.916635
1305032359.450700 0.648154 -0.268962 0.235376 -0.171646 -0.360955 -0.0542373 0.915045
1305032359.482630 0.651247 -0.28617 0.238513 -0.18136 -0.359924 -0.0637888 0.912959
1305032359.517271 0.650572 -0.306975 0.243947 -0.190585 -0.358901 -0.0701553 0.911013
1305032359.549406 0.652922 -0.323826 0.248389 -0.195599 -0.359108 -0.0727311 0.909666
1305032359.580783 0.656684 -0.336905 0.252231 -0.205593 -0.357998 -0.0766783 0.907573
1305032359.618509 0.656875 -0.353745 0.260793 -0.220703 -0.355054 -0.079448 0.904939
1305032359.648297 0.657294 -0.370427 0.267902 -0.23355 -0.352716 -0.0812427 0.902466
1305032359.682616 0.655269 -0.386019 0.27787 -0.245125 -0.352111 -0.0857381 0.899211
1305032359.717507 0.651475 -0.402211 0.287167 -0.253051 -0.354447 -0.0915832 0.895514
1305032359.747140 0.649242 -0.417972 0.294853 -0.260621 -0.359298 -0.096463 0.890885
1305032359.784467 0.644941 -0.432825 0.303785 -0.268683 -0.361763 -0.102666 0.88679
1305032359.814695 0.643311 -0.449148 0.315415 -0.274851 -0.364055 -0.109798 0.8831
1305032359.847549 0.640822 -0.462856 0.326631 -0.281804 -0.366641 -0.11657 0.878961
1305032359.886136 0.637614 -0.478735 0.338175 -0.289396 -0.368653 -0.122605 0.874822
1305032359.915265 0.634336 -0.492631 0.349879 -0.295656 -0.372008 -0.129791 0.87026
1305032359.947309 0.631901 -0.505497 0.361474 -0.302018 -0.376618 -0.138212 0.864778
1305032359.984090 0.629608 -0.517965 0.372578 -0.309368 -0.381957 -0.146814 0.858398
1305032360.018877 0.627038 -0.526272 0.383048 -0.318166 -0.387499 -0.157011 0.85086
1305032360.051651 0.621659 -0.538227 0.395069 -0.328756 -0.392671 -0.168412 0.842239
1305032360.087324 0.615478 -0.547148 0.406563 -0.3389 -0.39844 -0.17991 0.833081
1305032360.119052 0.609017 -0.554821 0.419521 -0.348659 -0.404942 -0.190481 0.823514
1305032360.151201 0.600578 -0.56266 0.433709 -0.356865 -0.412656 -0.200075 0.813838
1305032360.187139 0.593148 -0.572943 0.448801 -0.363013 -0.421614 -0.209777 0.804025
1305032360.218935 0.585424 -0.58124 0.463625 -0.366928 -0.429345 -0.219496 0.795517
1305032360.251170 0.576301 -0.588292 0.478875 -0.369488 -0.437224 -0.227849 0.787654
1305032360.285679 0.564743 -0.597749 0.494529 -0.37 -0.447545 -0.233922 0.779798
1305032360.318280 0.552481 -0.60808 0.510405 -0.3658 -0.459818 -0.240426 0.772628
1305032360.347303 0.542116 -0.62033 0.524464 -0.358976 -0.471489 -0.246535 0.766847
1305032360.387567 0.535346 -0.628585 0.536532 -0.352696 -0.483891 -0.252375 0.760107
1305032360.419307 0.527926 -0.637587 0.548672 -0.348467 -0.495514 -0.261323 0.751496
1305032360.447080 0.517084 -0.645242 0.558614 -0.344965 -0.502679 -0.271811 0.744601
1305032360.487302 0.507858 -0.654624 0.570243 -0.340422 -0.509216 -0.281192 0.738744
1305032360.516084 0.497763 -0.661578 0.581319 -0.336779 -0.515069 -0.288954 0.733341
1305032360.550452 0.48617 -0.669272 0.592178 -0.33421 -0.519823 -0.294142 0.729087
1305032360.585577 0.474823 -0.67692 0.602495 -0.330167 -0.524402 -0.298838 0.725733
1305032360.616453 0.461111 -0.682139 0.611574 -0.323778 -0.529722 -0.30424 0.722496
1305032360.651196 0.445286 -0.689682 0.621326 -0.312463 -0.538798 -0.310654 0.718023
1305032360.683724 0.428988 -0.69616 0.628612 -0.296705 -0.548636 -0.317029 0.714463
1305032360.716902 0.412925 -0.703387 0.635339 -0.279115 -0.558163 -0.321266 0.712276
1305032360.750823 0.39924 -0.708347 0.639164 -0.264082 -0.567472 -0.320765 0.710877
1305032360.787088 0.387779 -0.710552 0.642011 -0.253561 -0.576584 -0.31507 0.709921
1305032360.817705 0.37849 -0.711723 0.645373 -0.248798 -0.58464 -0.305713 0.709109
1305032360.851074 0.370652 -0.710514 0.649732 -0.246004 -0.592232 -0.298597 0.706812
1305032360.887553 0.36509 -0.707857 0.654147 -0.243934 -0.598723 -0.297679 0.702435
1305032360.919281 0.355647 -0.704346 0.658804 -0.241876 -0.60399 -0.302466 0.696567
1305032360.951273 0.343917 -0.705238 0.663479 -0.237721 -0.610149 -0.306868 0.69068
1305032360.983341 0.340231 -0.703467 0.666753 -0.233781 -0.617362 -0.307096 0.685494
1305032361.019684 0.339591 -0.695828 0.670693 -0.2343 -0.623716 -0.306557 0.679782
1305032361.055112 0.336377 -0.690447 0.675749 -0.238096 -0.628627 -0.309209 0.672702
1305032361.083402 0.330819 -0.686181 0.681956 -0.237859 -0.634677 -0.31432 0.664689
1305032361.118826 0.325158 -0.684498 0.688026 -0.233057 -0.642235 -0.317335 0.65766
1305032361.155055 0.322827 -0.681645 0.69477 -0.223293 -0.652504 -0.316142 0.651485
1305032361.187451 0.323183 -0.680181 0.702097 -0.210177 -0.663111 -0.312898 0.646687
1305032361.214912 0.326174 -0.677419 0.711099 -0.195116 -0.673045 -0.308749 0.643129
1305032361.250889 0.333619 -0.671697 0.720816 -0.181644 -0.682476 -0.302493 0.640101
1305032361.283006 0.344605 -0.663798 0.731363 -0.169726 -0.691973 -0.296034 0.636185
1305032361.318300 0.35866 -0.652826 0.743697 -0.161993 -0.699831 -0.291064 0.631884
1305032361.353596 0.368497 -0.641029 0.75584 -0.158831 -0.706019 -0.288461 0.626977
1305032361.385885 0.380305 -0.630208 0.767496 -0.155637 -0.712862 -0.285634 0.621304
1305032361.418314 0.393873 -0.619014 0.780108 -0.151689 -0.719421 -0.28499 0.614983
1305032361.454287 0.40406 -0.60998 0.793861 -0.147079 -0.724355 -0.286167 0.609743
1305032361.482980 0.418955 -0.600768 0.80817 -0.141994 -0.728369 -0.284561 0.606911
1305032361.517186 0.431739 -0.590931 0.820189 -0.137985 -0.732501 -0.28248 0.603828
1305032361.554410 0.443795 -0.583257 0.832876 -0.129834 -0.738903 -0.278631 0.599608
1305032361.586249 0.458683 -0.576345 0.846008 -0.117141 -0.74517 -0.274251 0.596479
1305032361.614853 0.472372 -0.567223 0.858966 -0.105308 -0.749783 -0.269075 0.59526
1305032361.654354 0.487158 -0.560886 0.8729 -0.0937673 -0.753357 -0.261676 0.595976
1305032361.683032 0.500159 -0.549518 0.885839 -0.0822804 -0.755067 -0.250529 0.600282
1305032361.715384 0.514163 -0.538967 0.897407 -0.0738781 -0.755952 -0.237988 0.605343
1305032361.754316 0.528665 -0.528618 0.909422 -0.0707977 -0.754948 -0.226279 0.611423
1305032361.782986 0.540937 -0.515561 0.924048 -0.0748418 -0.750968 -0.215105 0.619819
1305032361.819589 0.553586 -0.502428 0.935869 -0.081727 -0.744792 -0.206242 0.629341
1305032361.855109 0.564761 -0.488119 0.944282 -0.0888288 -0.738346 -0.200955 0.63763
1305032361.886775 0.573324 -0.474566 0.950021 -0.0946324 -0.733736 -0.196661 0.643428
1305032361.919175 0.577114 -0.461082 0.95254 -0.0983875 -0.730471 -0.191783 0.648037
1305032361.955033 0.582307 -0.448396 0.956386 -0.0974999 -0.730003 -0.178923 0.652361
1305032361.987135 0.593719 -0.43148 0.961772 -0.0993542 -0.731011 -0.165877 0.654398
1305032362.019273 0.599224 -0.413517 0.967735 -0.105434 -0.730789 -0.163797 0.654218
1305032362.054809 0.601555 -0.399196 0.97342 -0.110017 -0.728559 -0.160631 0.656731
1305032362.086432 0.605054 -0.38196 0.98047 -0.116464 -0.726442 -0.149998 0.660468
1305032362.118268 0.610122 -0.365936 0.987188 -0.123136 -0.72495 -0.137732 0.663563
1305032362.154488 0.61444 -0.346454 0.992962 -0.127826 -0.723355 -0.126058 0.666729
1305032362.186946 0.618701 -0.328017 0.998061 -0.130164 -0.7241 -0.118383 0.666874
1305032362.223302 0.623961 -0.311267 1.00459 -0.131383 -0.725961 -0.112982 0.665547
1305032362.254745 0.626369 -0.290519 1.01039 -0.135059 -0.727458 -0.106498 0.664246
1305032362.286962 0.629045 -0.272989 1.01566 -0.139198 -0.729651 -0.100815 0.661868
1305032362.322988 0.630608 -0.255342 1.02208 -0.139933 -0.733488 -0.0948084 0.65835
1305032362.355069 0.633575 -0.236568 1.02935 -0.13954 -0.738713 -0.0882372 0.653488
1305032362.386153 0.634278 -0.218048 1.03672 -0.139088 -0.744636 -0.0824337 0.647593
1305032362.421202 0.633988 -0.200833 1.04602 -0.136094 -0.750935 -0.0765375 0.641652
1305032362.452718 0.634964 -0.183181 1.05781 -0.132471 -0.756752 -0.0701034 0.636288
1305032362.487094 0.635598 -0.163936 1.0667 -0.131876 -0.761237 -0.0646589 0.631622
1305032362.523226 0.634009 -0.148196 1.07387 -0.130721 -0.765799 -0.0610482 0.626687
1305032362.554152 0.631879 -0.133502 1.08051 -0.126668 -0.769971 -0.059222 0.62257
1305032362.586874 0.629024 -0.119132 1.08513 -0.123623 -0.772984 -0.0531721 0.619988
1305032362.623276 0.629694 -0.104069 1.09075 -0.122878 -0.775103 -0.0464572 0.618028
1305032362.655272 0.628587 -0.0874703 1.09379 -0.125355 -0.776696 -0.0430045 0.615775
1305032362.687068 0.625277 -0.0722251 1.09507 -0.128708 -0.779063 -0.0401881 0.612275
1305032362.723139 0.623118 -0.0590856 1.09593 -0.13201 -0.781733 -0.0379853 0.608296
1305032362.752501 0.619053 -0.0483295 1.09641 -0.134585 -0.783826 -0.0350134 0.605209
1305032362.786189 0.615387 -0.0383162 1.09558 -0.136099 -0.784984 -0.0285385 0.603707
1305032362.822975 0.613552 -0.028808 1.09588 -0.135538 -0.786164 -0.020771 0.602615
1305032362.854747 0.612005 -0.0186425 1.09714 -0.134438 -0.787252 -0.0129258 0.601659
1305032362.887079 0.610257 -0.00922908 1.09733 -0.13276 -0.78872 -0.00610527 0.600215
1305032362.922917 0.608067 -0.0012753 1.09704 -0.127313 -0.790696 -0.00227343 0.59882
1305032362.955254 0.604453 0.005016 1.09814 -0.120517 -0.79165 0.00194754 0.598968
1305032362.987432 0.601553 0.0108971 1.09922 -0.114684 -0.791304 0.0124819 0.600441
1305032363.023019 0.599656 0.0161348 1.1012 -0.105668 -0.790864 0.0246539 0.602296
1305032363.050785 0.599018 0.0225798 1.10422 -0.096493 -0.788834 0.0332559 0.606073
1305032363.087129 0.598372 0.0303433 1.10469 -0.0915713 -0.785556 0.0461228 0.610237
1305032363.121871 0.59903 0.0356512 1.10518 -0.0841754 -0.78409 0.0601437 0.611964
1305032363.152039 0.600455 0.0435955 1.105 -0.076579 -0.782484 0.0685946 0.614124
1305032363.186339 0.599709 0.0506254 1.10276 -0.0717684 -0.780397 0.0772388 0.616331
1305032363.223545 0.601526 0.0566123 1.10192 -0.0692921 -0.779587 0.0880197 0.616194
1305032363.254897 0.603299 0.0643493 1.10013 -0.0662942 -0.779343 0.0932273 0.616067
1305032363.286746 0.602185 0.0692737 1.09926 -0.0621709 -0.779507 0.0957118 0.615908
1305032363.323009 0.603547 0.0718148 1.10005 -0.058481 -0.778631 0.0989404 0.616867
1305032363.351268 0.605438 0.0781969 1.10086 -0.0565023 -0.775116 0.104528 0.620546
1305032363.387226 0.607171 0.0842556 1.09999 -0.0553669 -0.771722 0.113448 0.623305
1305032363.423169 0.612871 0.0922724 1.10183 -0.0550524 -0.770203 0.118246 0.624319
1305032363.454680 0.612366 0.101711 1.10274 -0.0561312 -0.768659 0.118169 0.626138
1305032363.490519 0.613747 0.109616 1.10504 -0.0565602 -0.767497 0.120069 0.627162
1305032363.522372 0.618204 0.121789 1.10778 -0.0611388 -0.766897 0.121066 0.627276
1305032363.554139 0.616802 0.134747 1.10723 -0.0688742 -0.765822 0.121011 0.627798
1305032363.589728 0.615084 0.142377 1.10508 -0.075064 -0.765469 0.124308 0.626873
1305032363.622073 0.616789 0.149475 1.10446 -0.0787598 -0.766243 0.12655 0.625023
1305032363.653876 0.615086 0.156197 1.10289 -0.0815775 -0.767345 0.128111 0.622988
1305032363.689996 0.615436 0.1591 1.10141 -0.0831374 -0.769941 0.130284 0.619116
1305032363.721151 0.61404 0.160301 1.10225 -0.0824276 -0.773917 0.130068 0.61428
1305032363.754688 0.611657 0.160056 1.10499 -0.0776973 -0.777523 0.131211 0.610086
1305032363.789766 0.609722 0.157793 1.10935 -0.0721578 -0.779974 0.134732 0.606862
1305032363.820015 0.609023 0.155019 1.11531 -0.0659104 -0.780675 0.140501 0.605361
1305032363.850926 0.606314 0.150565 1.12036 -0.0595077 -0.780113 0.147294 0.605134
1305032363.889635 0.60664 0.149403 1.1262 -0.0551587 -0.780309 0.156776 0.602907
1305032363.918945 0.604374 0.149019 1.12836 -0.0535441 -0.783017 0.158286 0.599135
1305032363.953919 0.60048 0.143319 1.13163 -0.0464379 -0.78678 0.156082 0.595365
1305032363.989477 0.600553 0.139224 1.1352 -0.0398408 -0.788859 0.155441 0.593256
1305032364.021974 0.599225 0.134731 1.13559 -0.0378312 -0.790243 0.155094 0.591635
1305032364.051316 0.599529 0.128621 1.13635 -0.0338277 -0.79238 0.154674 0.589123
1305032364.089983 0.601612 0.121086 1.13626 -0.0321758 -0.794836 0.154499 0.585944
1305032364.121945 0.600426 0.115465 1.137 -0.0309905 -0.798627 0.152921 0.581249
1305032364.154479 0.600555 0.107722 1.1379 -0.029906 -0.804627 0.150197 0.573692
1305032364.187829 0.601263 0.100905 1.13919 -0.0296252 -0.812015 0.142646 0.565161
1305032364.220131 0.598639 0.0924956 1.14121 -0.0310912 -0.820343 0.130443 0.555927
1305032364.254427 0.596574 0.0810435 1.14298 -0.0325142 -0.82902 0.118785 0.545489
1305032364.287208 0.595966 0.0676529 1.14581 -0.0325089 -0.836821 0.107028 0.535928
1305032364.321001 0.596299 0.0558541 1.15011 -0.0334176 -0.844245 0.0942311 0.526549
1305032364.353803 0.594911 0.0417541 1.15442 -0.0351128 -0.851329 0.078776 0.517495
1305032364.390393 0.59304 0.0282969 1.15854 -0.0360788 -0.857251 0.061059 0.509992
1305032364.422934 0.590495 0.0132352 1.16323 -0.037175 -0.86336 0.0428714 0.501387
1305032364.454973 0.587186 -0.00240499 1.16907 0.0378412 0.869423 -0.0230945 -0.492076
1305032364.490909 0.581554 -0.0203445 1.17544 0.0378294 0.874239 -0.00235716 -0.484014
1305032364.523222 0.575878 -0.0395765 1.18147 0.0360915 0.878393 0.0161722 -0.476299
1305032364.555371 0.571121 -0.0592506 1.18904 0.0325684 0.882087 0.0352012 -0.468639
1305032364.590015 0.565213 -0.0805822 1.19754 0.0267412 0.883897 0.0530465 -0.463893
1305032364.622240 0.558145 -0.102935 1.20594 0.0224552 0.884428 0.0668219 -0.461321
1305032364.654940 0.552186 -0.12362 1.21487 0.0213677 0.88492 0.0785618 -0.458571
1305032364.691021 0.54612 -0.141939 1.22295 0.0197653 0.88436 0.0939843 -0.456819
1305032364.723145 0.539003 -0.160772 1.23003 0.0186375 0.88314 0.111673 -0.455242
1305032364.758771 0.531724 -0.179765 1.23732 0.0228321 0.881665 0.130829 -0.452802
1305032364.790576 0.52218 -0.201012 1.24403 0.0240292 0.879203 0.14983 -0.451637
1305032364.822800 0.511814 -0.220569 1.24519 0.0214392 0.876825 0.162926 -0.451855
1305032364.858509 0.502946 -0.24265 1.24778 0.0167442 0.877479 0.172749 -0.44711
1305032364.889427 0.494508 -0.264359 1.25377 0.0146646 0.878527 0.181831 -0.44149
1305032364.923105 0.483983 -0.282929 1.25604 0.0155539 0.878401 0.191178 -0.437745
1305032364.956761 0.472323 -0.302411 1.25739 0.0174386 0.879017 0.200951 -0.432023
1305032364.991437 0.460999 -0.322547 1.25932 0.0192376 0.880121 0.208222 -0.426216
1305032365.022936 0.451264 -0.340309 1.26291 0.0219228 0.880931 0.213947 -0.421552
1305032365.059290 0.439604 -0.355337 1.26554 0.0232876 0.881367 0.220348 -0.417248
1305032365.087143 0.42916 -0.369276 1.26958 0.0217583 0.881664 0.228324 -0.412386
1305032365.123256 0.417321 -0.38107 1.27335 0.0214047 0.881708 0.238385 -0.406577
1305032365.159298 0.404632 -0.394284 1.2743 0.0207497 0.881602 0.249419 -0.400172
1305032365.191271 0.392144 -0.407021 1.27447 0.0154926 0.881811 0.258274 -0.394289
1305032365.223463 0.380752 -0.417472 1.27548 0.00839863 0.882584 0.26561 -0.387848
1305032365.256958 0.370194 -0.428788 1.2762 0.00282344 0.883558 0.272935 -0.380557
1305032365.290273 0.360791 -0.438801 1.27846 0.000521972 0.884494 0.279871 -0.373285
1305032365.323458 0.350039 -0.448864 1.27703 -0.00227629 0.885204 0.287127 -0.366014
1305032365.359591 0.341842 -0.460017 1.27752 -0.00761415 0.886361 0.291569 -0.359574
1305032365.391371 0.334143 -0.466779 1.28176 -0.0113808 0.887389 0.295853 -0.353387
1305032365.423267 0.324782 -0.473597 1.28115 -0.0142685 0.887744 0.302114 -0.347036
1305032365.459383 0.317827 -0.481085 1.28042 -0.0169086 0.889027 0.305666 -0.34046
1305032365.491152 0.312128 -0.487052 1.28141 -0.0170767 0.890801 0.308192 -0.333465
1305032365.523217 0.307068 -0.493949 1.28081 -0.0168579 0.892279 0.310627 -0.327207
1305032365.558893 0.302855 -0.501132 1.27985 -0.018533 0.894304 0.310783 -0.321388
1305032365.591436 0.29961 -0.507335 1.27888 -0.02105 0.897446 0.308939 -0.314173
1305032365.623205 0.296726 -0.512779 1.28044 -0.023156 0.900837 0.307268 -0.305848
1305032365.659377 0.292174 -0.518127 1.28249 -0.0253558 0.903211 0.307606 -0.298238
1305032365.691155 0.288773 -0.521757 1.28149 -0.0274154 0.904572 0.308718 -0.292731
1305032365.723383 0.285611 -0.527172 1.27692 -0.0293092 0.906481 0.308504 -0.286807
1305032365.759259 0.282095 -0.533414 1.27569 -0.0322537 0.910024 0.304696 -0.279242
1305032365.791166 0.277238 -0.536671 1.27641 -0.0337013 0.912727 0.301229 -0.273961
1305032365.823223 0.273942 -0.540153 1.27298 -0.0344093 0.914419 0.298783 -0.270892
1305032365.859634 0.270544 -0.544766 1.26832 -0.0329483 0.916734 0.294068 -0.268398
1305032365.889504 0.266056 -0.547809 1.26691 -0.0298185 0.920021 0.286961 -0.265188
1305032365.927362 0.259734 -0.550151 1.26606 -0.0248269 0.922713 0.280358 -0.263407
1305032365.959313 0.252391 -0.553773 1.26269 -0.0187002 0.924839 0.27336 -0.263812
1305032365.991061 0.246784 -0.556792 1.25928 -0.0123439 0.927372 0.264681 -0.264146
1305032366.026870 0.241314 -0.560882 1.25531 -0.00579581 0.929329 0.258856 -0.263264
1305032366.059164 0.235085 -0.56836 1.2501 -0.00163915 0.931067 0.252513 -0.263342
1305032366.091112 0.2315 -0.569928 1.25225 0.00265197 0.931817 0.248603 -0.264399
1305032366.127026 0.224527 -0.576075 1.24982 0.0027474 0.929592 0.259081 -0.262162
1305032366.159365 0.219238 -0.588649 1.24104 -0.00946065 0.927112 0.269946 -0.259813
1305032366.190979 0.216303 -0.59945 1.23596 -0.0253591 0.925764 0.275079 -0.258167
1305032366.227205 0.213572 -0.60357 1.23049 -0.0333382 0.924366 0.281558 -0.255268
1305032366.259172 0.211206 -0.611206 1.21864 -0.0359112 0.922835 0.290398 -0.25051
1305032366.291401 0.208463 -0.618551 1.21179 -0.0354196 0.922804 0.296631 -0.243285
1305032366.327121 0.202598 -0.624808 1.20687 -0.0332285 0.921653 0.306016 -0.236233
1305032366.359097 0.197396 -0.63171 1.19609 -0.0353329 0.919551 0.315658 -0.231382
1305032366.391043 0.193334 -0.637301 1.18812 -0.039576 0.918337 0.322013 -0.226713
1305032366.427242 0.19034 -0.640664 1.18249 -0.044106 0.917193 0.328174 -0.221614
1305032366.459233 0.18635 -0.642771 1.17554 -0.0474663 0.916008 0.334623 -0.216111
1305032366.491285 0.182704 -0.646322 1.16724 -0.0510122 0.915817 0.338441 -0.210084
1305032366.526997 0.181068 -0.647938 1.16199 -0.0559194 0.916618 0.339834 -0.202969
1305032366.559109 0.180722 -0.647251 1.15519 -0.0617816 0.917585 0.341144 -0.19453
1305032366.591375 0.180323 -0.646318 1.15077 -0.066808 0.919298 0.341405 -0.184038
1305032366.626920 0.180524 -0.641734 1.15006 -0.0701997 0.920676 0.343133 -0.172302
1305032366.655039 0.178632 -0.640083 1.1473 -0.0735388 0.920874 0.347985 -0.159655
1305032366.687461 0.177033 -0.640814 1.14286 -0.0769827 0.92081 0.35185 -0.149611
1305032366.727328 0.177261 -0.638977 1.13965 -0.0778845 0.922193 0.350755 -0.143053
1305032366.759333 0.176689 -0.63698 1.14078 -0.0744498 0.924134 0.349363 -0.135572
1305032366.790587 0.174916 -0.636709 1.14098 -0.072162 0.925435 0.349799 -0.126506
1305032366.826895 0.172283 -0.637235 1.14184 -0.0745766 0.926842 0.348674 -0.117596
1305032366.859205 0.170326 -0.636008 1.1452 -0.0779112 0.9282 0.346923 -0.10963
1305032366.888643 0.168648 -0.632485 1.1507 -0.0793039 0.929116 0.346413 -0.102233
1305032366.926959 0.165888 -0.630266 1.1539 -0.0797992 0.929314 0.34771 -0.0954244
1305032366.958281 0.164 -0.631409 1.1543 -0.0811345 0.93027 0.346262 -0.0901005
1305032366.990487 0.162315 -0.632205 1.15886 -0.0822154 0.932934 0.339705 -0.086458
1305032367.026585 0.159004 -0.629409 1.16798 -0.0815739 0.935993 0.331968 -0.0840233
1305032367.058683 0.155312 -0.626616 1.17712 -0.0793303 0.938961 0.324204 -0.0833705
1305032367.087523 0.150934 -0.623929 1.18872 -0.0763322 0.942014 0.315884 -0.0836719
1305032367.126868 0.146066 -0.619627 1.20117 -0.0738279 0.944723 0.307815 -0.0854313
1305032367.158939 0.139785 -0.615298 1.21451 -0.0721119 0.947424 0.299149 -0.0877353
1305032367.191850 0.133735 -0.610381 1.22948 -0.0709272 0.9495 0.291246 -0.0927064
1305032367.226101 0.128173 -0.603969 1.24087 -0.0696665 0.951226 0.283798 -0.098864
1305032367.257578 0.123993 -0.598922 1.25316 -0.0694375 0.953521 0.274192 -0.103901
1305032367.293991 0.116391 -0.589703 1.27132 -0.0672723 0.955785 0.265375 -0.107359
1305032367.326110 0.108801 -0.583258 1.28164 -0.0675856 0.956076 0.26326 -0.109755
1305032367.358269 0.106841 -0.580409 1.28698 -0.0739196 0.957499 0.254616 -0.113589
1305032367.394011 0.102988 -0.572302 1.30125 -0.0785973 0.960629 0.239511 -0.116825
1305032367.425982 0.0984685 -0.564018 1.31146 -0.0791334 0.96273 0.230174 -0.117939
1305032367.458337 0.0957491 -0.557753 1.31796 -0.0790009 0.965257 0.219392 -0.117918
1305032367.494794 0.0937052 -0.551151 1.32519 -0.0776333 0.968354 0.206201 -0.117235
1305032367.525123 0.0899682 -0.542527 1.33281 -0.0777733 0.971077 0.194603 -0.114416
1305032367.558998 0.085233 -0.532373 1.34206 -0.0763897 0.973271 0.185493 -0.111806
1305032367.594540 0.0795632 -0.521961 1.34906 -0.0735734 0.974382 0.181678 -0.110272
1305032367.627313 0.0757347 -0.513757 1.35207 -0.0733699 0.975301 0.178301 -0.107771
1305032367.659071 0.0697238 -0.504836 1.35892 -0.0767464 0.976238 0.173514 -0.1047
1305032367.694516 0.0647719 -0.493272 1.36446 -0.0798407 0.976795 0.170169 -0.102663
1305032367.727182 0.061087 -0.482867 1.36891 -0.0799563 0.977513 0.167682 -0.0997929
1305032367.759159 0.056242 -0.471467 1.3744 -0.0772715 0.978685 0.163977 -0.0965164
1305032367.794852 0.0480602 -0.458896 1.38088 -0.0735028 0.979825 0.160938 -0.0929514
1305032367.826871 0.0403935 -0.447561 1.38608 -0.0706328 0.980883 0.157637 -0.0896156
1305032367.858142 0.0327361 -0.436045 1.39188 -0.0680163 0.982423 0.151262 -0.08567
1305032367.894056 0.0228745 -0.42438 1.39973 -0.065158 0.983919 0.144973 -0.0814925
1305032367.925922 0.0119854 -0.411774 1.40503 -0.0644614 0.985207 0.13766 -0.0791279
1305032367.957958 0.00182836 -0.39862 1.4098 -0.064709 0.986779 0.127904 -0.0756383
1305032367.994884 -0.0064382 -0.385519 1.41445 -0.0660545 0.988474 0.116907 -0.0699216
1305032368.025983 -0.0137638 -0.372383 1.42096 -0.0653227 0.990291 0.105538 -0.0626017
1305032368.058921 -0.0217832 -0.36341 1.42663 -0.0655477 0.991855 0.0943558 -0.05499
1305032368.094710 -0.0298763 -0.350516 1.43243 -0.0656935 0.99351 0.079634 -0.0477661
1305032368.126824 -0.0370959 -0.337022 1.43761 -0.0662018 0.994799 0.0667602 -0.0391735
1305032368.156667 -0.042879 -0.32392 1.44243 -0.0675352 0.995844 0.0534538 -0.0296145
1305032368.190798 -0.0490475 -0.310651 1.44586 -0.0673837 0.996647 0.0420932 -0.0195746
1305032368.226380 -0.0540884 -0.298276 1.44807 -0.0684296 0.997192 0.028826 -0.00973864
1305032368.258177 -0.0584922 -0.284616 1.45102 -0.0696906 0.997424 0.0168327 -0.00215768
1305032368.293455 -0.0621862 -0.27087 1.45297 -0.0679774 0.997645 0.0080954 0.00412379
1305032368.326215 -0.0667067 -0.25979 1.45335 -0.0668857 0.997711 -0.000282098 0.00991305
1305032368.358554 -0.0689619 -0.245759 1.45249 -0.0687137 0.997512 -0.0106325 0.0116584
1305032368.393756 -0.0695662 -0.230141 1.45341 -0.0706675 0.997222 -0.0194539 0.0132928
1305032368.425949 -0.0709555 -0.216126 1.44989 -0.0731523 0.996881 -0.0249791 0.0159321
1305032368.462413 -0.0725093 -0.208569 1.44759 -0.0779716 0.996326 -0.0315298 0.0161281
1305032368.494411 -0.0704194 -0.203857 1.44177 -0.0802114 0.995495 -0.0482339 0.0151624
1305032368.526548 -0.0744175 -0.190524 1.44286 -0.079472 0.994238 -0.0701857 0.0157926
1305032368.561964 -0.0790013 -0.171672 1.43977 -0.0790859 0.993041 -0.0867952 0.00899923
1305032368.594201 -0.0856373 -0.157788 1.43552 -0.0748622 0.992086 -0.100796 -0.000493493
1305032368.626418 -0.0871829 -0.144203 1.4323 -0.0666081 0.990807 -0.117458 -0.00832194
1305032368.662780 -0.0893425 -0.120858 1.43484 -0.0553413 0.989615 -0.131833 -0.0148402
1305032368.692306 -0.0938714 -0.102712 1.43054 -0.0406751 0.989004 -0.140824 -0.019623
1305032368.726391 -0.0951034 -0.085771 1.43165 -0.0276405 0.988111 -0.149806 -0.0207395
1305032368.762429 -0.089689 -0.0658779 1.42981 -0.0146087 0.987477 -0.155981 -0.0185771
1305032368.794488 -0.0869217 -0.0483386 1.42766 -0.00416709 0.987272 -0.158416 -0.0134612
1305032368.826920 -0.0817487 -0.033722 1.42096 0.0061102 0.986955 -0.160685 -0.00786449
1305032368.862385 -0.077781 -0.0212436 1.41695 0.0100382 0.986486 -0.163531 -0.00173613
1305032368.894079 -0.0780349 -0.0110595 1.41282 0.0121181 0.985957 -0.166541 0.00243964
1305032368.926364 -0.0802574 -0.000150525 1.40833 0.0161408 0.984892 -0.172358 0.00443369
1305032368.959769 -0.0830583 0.0117765 1.40681 0.0230244 0.983592 -0.178862 0.0051171
1305032368.992519 -0.0891108 0.0250393 1.40424 0.0277941 0.982195 -0.185716 0.00549399
1305032369.026559 -0.0936953 0.0334467 1.40144 0.0323442 0.980553 -0.193519 0.00437912
1305032369.062508 -0.0959345 0.0426365 1.40257 0.0387352 0.978462 -0.202744 0.0025747
1305032369.092465 -0.0994643 0.051131 1.39821 0.0462587 0.976923 -0.208523 -0.000168205
1305032369.126422 -0.105887 0.0582477 1.39373 0.0528509 0.975714 -0.212573 0.00096149
1305032369.162529 -0.111481 0.0594754 1.39783 0.0587988 0.975128 -0.213643 0.00495255
1305032369.194429 -0.113446 0.0633991 1.39587 0.0636242 0.974638 -0.214416 0.0077181
1305032369.226184 -0.114214 0.0678386 1.39175 0.0688204 0.973982 -0.215643 0.0109841
1305032369.262275 -0.115864 0.0717542 1.39298 0.0729755 0.973593 -0.215853 0.01412
1305032369.294549 -0.117733 0.0743982 1.3926 0.0752995 0.973273 -0.216442 0.0149164
1305032369.325603 -0.120588 0.0773668 1.39174 0.0800855 0.972489 -0.218174 0.0158876
1305032369.361711 -0.12225 0.0729726 1.39103 0.0859333 0.97171 -0.219215 0.0184109
1305032369.393865 -0.125274 0.0730183 1.39089 0.0907626 0.969319 -0.227517 0.0204708
1305032369.425788 -0.126371 0.0745928 1.3908 0.0927694 0.967985 -0.232093 0.023055
1305032369.461699 -0.123028 0.0731915 1.38962 0.0929169 0.968522 -0.229543 0.0253436
1305032369.493663 -0.120713 0.0733014 1.39115 0.0975612 0.968596 -0.226781 0.0295606
1305032369.526387 -0.115799 0.074377 1.3894 0.101296 0.968846 -0.223519 0.0333978
1305032369.561511 -0.11396 0.0764322 1.38987 0.101354 0.969739 -0.218957 0.0372928
1305032369.590662 -0.110109 0.079227 1.39124 0.101069 0.971422 -0.210995 0.0400791
1305032369.629343 -0.112969 0.080247 1.39348 0.0998022 0.973673 -0.200421 0.0427897
1305032369.661976 -0.117326 0.0815426 1.39959 0.100942 0.974849 -0.193779 0.0439412
1305032369.694117 -0.117591 0.0790624 1.40195 0.0998068 0.976239 -0.187245 0.0439866
1305032369.730214 -0.1176 0.0717043 1.40803 0.0928081 0.978244 -0.180519 0.0428826
1305032369.762462 -0.119347 0.0674398 1.41805 0.0875334 0.979831 -0.174905 0.0409511
1305032369.794288 -0.119406 0.0620228 1.42676 0.0820116 0.981527 -0.168971 0.0364472
1305032369.830464 -0.120397 0.0599567 1.4385 0.0775669 0.983058 -0.16304 0.0315824
1305032369.862646 -0.121683 0.0588026 1.44564 0.0743503 0.984547 -0.156408 0.0259752
1305032369.894378 -0.123825 0.0582791 1.45479 0.0701316 0.986008 -0.150037 0.0189398
1305032369.930439 -0.12384 0.0566452 1.46485 0.0669857 0.987215 -0.1441 0.0124113
1305032369.962123 -0.123622 0.0568389 1.4719 0.0635801 0.98847 -0.137237 0.00707077
1305032369.994406 -0.123809 0.0575936 1.47728 0.0620433 0.989548 -0.130132 0.00330126
1305032370.029452 -0.121656 0.05523 1.48289 0.0583981 0.990484 -0.124623 0.0005895
1305032370.062431 -0.120806 0.0541104 1.49194 0.0549233 0.991247 -0.120046 -0.000965355
1305032370.094141 -0.120842 0.0559898 1.50185 0.0536124 0.992149 -0.112972 -0.00177535
1305032370.131075 -0.119122 0.0571931 1.50928 0.0511561 0.993298 -0.103586 -0.00340108
1305032370.163765 -0.118109 0.0581143 1.51767 0.0505944 0.994177 -0.0950183 -0.00479244
1305032370.191957 -0.115679 0.0589087 1.52464 0.050755 0.994867 -0.087237 -0.0072821
1305032370.227691 -0.113672 0.057381 1.53293 0.0507558 0.99538 -0.0808703 -0.0101295
1305032370.260069 -0.112681 0.0571039 1.54174 0.0510862 0.995828 -0.0746154 -0.012257
1305032370.292473 -0.110077 0.0580976 1.54872 0.0512041 0.996256 -0.0681904 -0.0142194
1305032370.330184 -0.10823 0.0583358 1.55485 0.0508325 0.996561 -0.063796 -0.01457
1305032370.362216 -0.106996 0.0574379 1.56173 0.0491883 0.996964 -0.0585036 -0.0148216
1305032370.393732 -0.105238 0.0567675 1.5654 0.0471171 0.997314 -0.0535147 -0.0167792
1305032370.429519 -0.104596 0.0556141 1.57028 0.046552 0.997376 -0.0518573 -0.0196018
1305032370.462719 -0.109576 0.0560515 1.57598 0.0463808 0.997442 -0.0496234 -0.0222584
1305032370.494226 -0.108314 0.0573795 1.57992 0.0453648 0.997534 -0.0464649 -0.0266403
1305032370.530396 -0.107413 0.0580613 1.58465 0.0447225 0.997609 -0.043736 -0.0293715
1305032370.559254 -0.107471 0.06053 1.59009 0.0419653 0.997882 -0.0387247 -0.0311614
1305032370.594716 -0.107975 0.0641085 1.59355 0.0372339 0.998308 -0.0301491 -0.0329665
1305032370.630635 -0.108348 0.0650373 1.59428 0.0337635 0.99861 -0.0215182 -0.0342774
1305032370.662528 -0.108824 0.0647994 1.59673 0.0304771 0.998777 -0.0140899 -0.0362874
1305032370.694786 -0.110559 0.0646849 1.59836 0.0260709 0.998831 -0.00670495 -0.0401394
1305032370.730482 -0.111537 0.0623729 1.59924 0.025039 0.998726 -0.00266664 -0.0437241
1305032370.762399 -0.114132 0.0594433 1.60272 0.0245343 0.998628 0.000355157 -0.0462541
1305032370.794226 -0.116946 0.05732 1.60539 0.0220626 0.998526 0.00666858 -0.0491395
1305032370.830572 -0.11712 0.0546738 1.60459 0.0215253 0.998459 0.0127327 -0.0495408
1305032370.862608 -0.117962 0.0474884 1.6068 0.0201149 0.998602 0.0180779 -0.0454092
1305032370.898515 -0.120745 0.0408538 1.6108 0.0162924 0.998648 0.0255195 -0.0422444
1305032370.930670 -0.124142 0.0310054 1.61098 0.0130986 0.998405 0.0368509 -0.0407245
1305032370.962798 -0.128085 0.0196774 1.6125 0.0105957 0.998053 0.0476513 -0.0388174
1305032370.998569 -0.132977 0.00704507 1.61424 0.0076882 0.99752 0.0592398 -0.0372306
1305032371.030841 -0.139897 -0.00500771 1.61594 0.00622127 0.996524 0.0738725 -0.0379887
1305032371.063015 -0.147204 -0.0189625 1.61551 0.00732021 0.995157 0.089753 -0.039413
1305032371.098694 -0.153999 -0.0366808 1.61391 0.00467955 0.993805 0.103289 -0.0407482
1305032371.127227 -0.161041 -0.0573891 1.61389 -0.00196809 0.992234 0.116841 -0.0426064
1305032371.163393 -0.171059 -0.079027 1.61176 -0.00929015 0.990396 0.130148 -0.045735
1305032371.199223 -0.176253 -0.103408 1.60581 -0.0194061 0.988971 0.138531 -0.0486809
1305032371.231580 -0.183243 -0.130518 1.60295 -0.0319256 0.988184 0.14178 -0.0487015
1305032371.263109 -0.19047 -0.155703 1.59933 -0.0435809 0.987163 0.145714 -0.04875
1305032371.298947 -0.19715 -0.180128 1.59401 -0.0538452 0.985944 0.150402 -0.0489233
1305032371.331335 -0.202062 -0.207239 1.5875 -0.0645417 0.984693 0.155046 -0.0466294
1305032371.362306 -0.207741 -0.23322 1.58133 -0.0767013 0.983246 0.160102 -0.0413637
1305032371.399028 -0.215789 -0.258194 1.57767 -0.0875633 0.981402 0.167076 -0.0356127
1305032371.429259 -0.222413 -0.280949 1.57009 -0.0983134 0.978904 0.176506 -0.0304538
1305032371.461631 -0.228363 -0.304346 1.56252 -0.110485 0.975687 0.187596 -0.0252003
1305032371.500366 -0.234762 -0.324969 1.55457 -0.120161 0.97235 0.199253 -0.0198919
1305032371.528780 -0.242265 -0.345364 1.54635 -0.130591 0.968481 0.21167 -0.0136119
1305032371.563035 -0.248555 -0.365397 1.53503 -0.144272 0.963823 0.224004 -0.00732312
1305032371.594845 -0.254837 -0.382964 1.52369 -0.155952 0.959382 0.235081 -0.00130254
1305032371.627278 -0.261981 -0.399793 1.51171 -0.163524 0.955433 0.245733 0.00487757
1305032371.661699 -0.268423 -0.415639 1.49782 -0.168881 0.951838 0.255653 0.0112082
1305032371.698085 -0.274341 -0.431918 1.4828 -0.178827 0.947515 0.264351 0.0188233
1305032371.726894 -0.284902 -0.447957 1.47149 -0.189526 0.943001 0.272318 0.025916
1305032371.763078 -0.295466 -0.458076 1.45569 -0.195824 0.938433 0.282979 0.0303232
1305032371.798775 -0.303038 -0.470937 1.43507 -0.199249 0.934801 0.292056 0.0339092
1305032371.830728 -0.312747 -0.481234 1.41696 -0.199394 0.932734 0.297862 0.0390769
1305032371.862988 -0.318879 -0.491866 1.39433 -0.200996 0.930903 0.301312 0.0472407
1305032371.898658 -0.329749 -0.505151 1.37731 -0.204211 0.929039 0.302696 0.0596664
1305032371.930961 -0.338179 -0.518162 1.35798 -0.212038 0.925464 0.305744 0.0712485
1305032371.960332 -0.344142 -0.531149 1.33638 -0.223343 0.921285 0.307469 0.0825526
1305032371.999011 -0.34891 -0.543164 1.31512 -0.234409 0.917673 0.306929 0.093396
1305032372.030867 -0.352333 -0.556047 1.29327 -0.243722 0.914585 0.305569 0.103736
1305032372.058918 -0.355973 -0.572511 1.27275 -0.253838 0.911512 0.302977 0.113653
1305032372.098264 -0.360082 -0.585333 1.2563 -0.263707 0.908125 0.302036 0.120592
1305032372.127609 -0.354397 -0.590266 1.2323 -0.274003 0.904446 0.301619 0.126196
1305032372.166169 -0.349216 -0.602382 1.21244 -0.283076 0.901868 0.296141 0.137123
1305032372.198119 -0.345417 -0.612942 1.19538 -0.291761 0.89914 0.289643 0.150099
1305032372.230071 -0.338009 -0.620783 1.17681 -0.301353 0.895556 0.283992 0.162831
1305032372.266126 -0.33004 -0.630524 1.15964 -0.310292 0.891847 0.278165 0.175933
1305032372.297790 -0.323861 -0.63868 1.14423 -0.317634 0.88785 0.274319 0.188628
1305032372.329039 -0.314894 -0.648096 1.12963 -0.328835 0.88211 0.27149 0.200108
1305032372.366292 -0.307838 -0.658539 1.1168 -0.340329 0.876666 0.269114 0.207872
1305032372.398337 -0.297788 -0.663061 1.10503 -0.350794 0.872232 0.267633 0.211015
1305032372.430932 -0.28828 -0.667892 1.09564 -0.358942 0.868072 0.267052 0.215163
1305032372.466079 -0.279694 -0.67551 1.08669 -0.366556 0.862958 0.269903 0.219299
1305032372.498135 -0.2659 -0.677887 1.0757 -0.376168 0.857101 0.273364 0.221694
1305032372.530492 -0.247789 -0.682455 1.06659 -0.38499 0.852635 0.272212 0.22516
1305032372.570271 -0.238629 -0.690328 1.05963 -0.388155 0.850135 0.270761 0.230857
1305032372.597861 -0.22676 -0.697196 1.05062 -0.392509 0.845951 0.274257 0.234705
1305032372.629218 -0.211206 -0.702143 1.04096 -0.398121 0.842213 0.276213 0.236398
1305032372.664108 -0.19844 -0.707025 1.03418 -0.401454 0.840201 0.276015 0.238145
1305032372.698696 -0.187233 -0.709295 1.02818 -0.403985 0.837833 0.276674 0.24142
1305032372.728994 -0.17411 -0.71339 1.02118 -0.407425 0.834006 0.277544 0.247809
1305032372.766505 -0.158455 -0.71775 1.01387 -0.410705 0.830605 0.277277 0.254034
1305032372.797997 -0.142807 -0.721993 1.00522 -0.411091 0.828994 0.275001 0.261051
1305032372.831463 -0.12693 -0.725938 0.997256 -0.408222 0.829907 0.269081 0.26871
1305032372.866969 -0.119122 -0.734011 0.991149 -0.40147 0.832225 0.26246 0.278098
1305032372.898841 -0.109637 -0.736199 0.984219 -0.39646 0.833207 0.257687 0.286677
1305032372.930454 -0.101726 -0.737787 0.977877 -0.390928 0.834234 0.252652 0.295629
1305032372.966691 -0.0953826 -0.734196 0.975452 -0.385041 0.835121 0.248152 0.304528
1305032372.998926 -0.0890616 -0.728149 0.970785 -0.381433 0.832843 0.247523 0.315618
1305032373.030611 -0.0803574 -0.726869 0.964952 -0.382901 0.826728 0.247887 0.329332
1305032373.066897 -0.0740414 -0.724062 0.96068 -0.384523 0.821064 0.249404 0.340285
1305032373.099775 -0.0695391 -0.716657 0.957026 -0.383899 0.81614 0.256563 0.347437
1305032373.127898 -0.0633579 -0.709401 0.951237 -0.383478 0.80987 0.267348 0.354373
1305032373.166377 -0.0569726 -0.703274 0.945522 -0.384613 0.801922 0.278375 0.362629
1305032373.198404 -0.0503197 -0.698882 0.938771 -0.389969 0.792336 0.287055 0.371115
1305032373.230484 -0.0455444 -0.693583 0.933354 -0.395127 0.784168 0.294208 0.377355
1305032373.266752 -0.0392764 -0.688449 0.929558 -0.399085 0.776798 0.301712 0.382474
1305032373.298845 -0.0320704 -0.682693 0.925254 -0.402056 0.769438 0.309275 0.388156
1305032373.331228 -0.023591 -0.678531 0.92021 -0.402478 0.763369 0.315403 0.394714
1305032373.366882 -0.0187634 -0.676498 0.91689 -0.399133 0.759444 0.321001 0.401118
1305032373.399055 -0.0124377 -0.674807 0.911897 -0.397466 0.754673 0.327764 0.406276
1305032373.434622 -0.00560641 -0.673783 0.906416 -0.398226 0.74972 0.330156 0.412714
1305032373.465659 -0.00205792 -0.673086 0.903142 -0.397032 0.746722 0.332195 0.417634
1305032373.498970 0.00262121 -0.672567 0.899304 -0.39223 0.744845 0.338529 0.420428
1305032373.534678 0.00541237 -0.671202 0.895247 -0.388057 0.742309 0.343926 0.424386
1305032373.566786 0.00756083 -0.669785 0.890543 -0.385998 0.739634 0.34857 0.427138
1305032373.598786 0.00908736 -0.668376 0.884572 -0.385551 0.73698 0.352757 0.428689
1305032373.635967 0.0106042 -0.665548 0.877118 -0.387563 0.734935 0.354592 0.42887
1305032373.663912 0.0141928 -0.665204 0.869307 -0.389941 0.735499 0.352803 0.427221
1305032373.697914 0.0142826 -0.66628 0.866437 -0.390511 0.738644 0.347792 0.425379
1305032373.734507 0.0167384 -0.667349 0.864569 -0.390785 0.740773 0.344915 0.423763
1305032373.766443 0.0181097 -0.668504 0.864991 -0.386387 0.744214 0.339812 0.425885
1305032373.795838 0.0111221 -0.670165 0.869611 -0.379338 0.746664 0.337816 0.429506
1305032373.834934 0.00316562 -0.666436 0.870017 -0.378847 0.744278 0.340143 0.432236
1305032373.867293 0.000101349 -0.668413 0.867819 -0.380757 0.743027 0.338033 0.43436
1305032373.899270 -0.00892671 -0.671564 0.869995 -0.381108 0.746702 0.33035 0.433661
1305032373.935073 -0.017875 -0.674794 0.872876 -0.381954 0.749963 0.325009 0.431317
1305032373.967085 -0.0248128 -0.677892 0.876435 -0.383147 0.751688 0.318819 0.431878
1305032373.999199 -0.0362409 -0.680071 0.881202 -0.382351 0.754604 0.311049 0.433162
1305032374.031187 -0.0509002 -0.680113 0.885202 -0.382479 0.757284 0.303637 0.433631
1305032374.066725 -0.0656314 -0.679726 0.886897 -0.388078 0.759041 0.292281 0.433386
1305032374.098933 -0.0762031 -0.683454 0.895329 -0.394526 0.761474 0.278752 0.432208
1305032374.134653 -0.0905639 -0.683868 0.902998 -0.396135 0.763308 0.267231 0.434771
1305032374.165256 -0.107522 -0.680252 0.90964 -0.391393 0.767784 0.257906 0.436811
1305032374.198931 -0.124795 -0.67847 0.918569 -0.384784 0.771452 0.250555 0.440482
1305032374.234571 -0.144817 -0.673446 0.92447 -0.377953 0.771944 0.242893 0.449729
1305032374.266232 -0.16532 -0.668472 0.930584 -0.370472 0.772711 0.235234 0.458621
1305032374.295091 -0.188521 -0.659098 0.938031 -0.362603 0.772636 0.230533 0.46734
1305032374.334758 -0.207541 -0.651927 0.939286 -0.356826 0.771025 0.225313 0.476896
1305032374.364907 -0.228208 -0.645587 0.942509 -0.351486 0.770023 0.214238 0.487468
1305032374.399126 -0.251969 -0.636659 0.946764 -0.345367 0.768245 0.198403 0.501156
1305032374.434942 -0.281729 -0.620832 0.954624 -0.338437 0.767155 0.18397 0.512923
1305032374.465697 -0.305756 -0.61132 0.954821 -0.332073 0.766258 0.17565 0.521271
1305032374.498778 -0.332792 -0.600726 0.956811 -0.319503 0.767792 0.165945 0.529978
1305032374.534408 -0.368095 -0.582338 0.961871 -0.306976 0.768101 0.158786 0.539048
1305032374.565648 -0.397243 -0.564042 0.959782 -0.298606 0.768614 0.157816 0.543288
1305032374.605154 -0.425948 -0.54863 0.95566 -0.291059 0.772093 0.157211 0.542625
1305032374.634454 -0.450594 -0.536384 0.953092 -0.285146 0.775897 0.154857 0.541012
1305032374.666026 -0.475935 -0.522893 0.95058 -0.275505 0.77948 0.148204 0.542718
1305032374.699355 -0.505093 -0.504927 0.948362 -0.262464 0.784099 0.141194 0.544395
1305032374.733811 -0.530372 -0.487371 0.945238 -0.250672 0.789265 0.138461 0.543187
1305032374.764278 -0.552717 -0.473429 0.941321 -0.238116 0.794373 0.132579 0.542858
1305032374.799002 -0.57805 -0.45337 0.939433 -0.227788 0.799345 0.123013 0.542243
1305032374.833082 -0.598453 -0.435135 0.938613 -0.22171 0.803434 0.117853 0.539861
1305032374.865385 -0.617879 -0.416972 0.937086 -0.214824 0.806616 0.113522 0.538826
1305032374.902777 -0.637463 -0.396901 0.935973 -0.208658 0.810023 0.112275 0.536395
1305032374.934055 -0.652971 -0.380688 0.932397 -0.202931 0.813684 0.113103 0.532864
1305032374.963033 -0.669003 -0.360923 0.932263 -0.191934 0.818279 0.113919 0.529719
1305032375.002817 -0.684473 -0.340454 0.93028 -0.181007 0.822096 0.121839 0.52588
1305032375.033887 -0.69483 -0.325608 0.927889 -0.169766 0.826591 0.131096 0.520327
1305032375.063190 -0.705519 -0.306624 0.927109 -0.158572 0.831477 0.136179 0.514739
1305032375.102173 -0.71611 -0.287981 0.925711 -0.150585 0.835798 0.142136 0.508492
1305032375.133604 -0.721008 -0.27484 0.925728 -0.14466 0.839411 0.145026 0.503418
1305032375.165423 -0.726812 -0.261904 0.925087 -0.140978 0.842976 0.137963 0.500483
1305032375.200434 -0.735069 -0.246876 0.926122 -0.138735 0.847339 0.126366 0.49679
1305032375.233840 -0.741188 -0.230535 0.92881 -0.137507 0.850382 0.117594 0.494079
1305032375.266195 -0.74612 -0.215428 0.930187 -0.134895 0.853041 0.109075 0.492166
1305032375.301769 -0.750174 -0.200079 0.9335 -0.131347 0.854286 0.103307 0.49221
1305032375.333732 -0.753054 -0.186933 0.935876 -0.129112 0.85407 0.0990139 0.494056
1305032375.365885 -0.754672 -0.176939 0.937704 -0.126606 0.854026 0.0929548 0.495954
1305032375.402005 -0.753133 -0.166854 0.942466 -0.121825 0.852944 0.0827907 0.50079
1305032375.434228 -0.755924 -0.156286 0.94525 -0.116429 0.849623 0.0676447 0.50991
1305032375.465844 -0.758626 -0.146494 0.947734 -0.114326 0.846089 0.0567065 0.51754
1305032375.499846 -0.758266 -0.139133 0.948489 -0.111245 0.842663 0.0463519 0.524781
1305032375.532923 -0.759266 -0.132955 0.9496 -0.104608 0.839864 0.0332898 0.531581
1305032375.564754 -0.76019 -0.124865 0.950878 -0.0973541 0.837075 0.0254864 0.537753
1305032375.601530 -0.760684 -0.116595 0.95061 -0.0916955 0.834439 0.0195666 0.543066
1305032375.633994 -0.762479 -0.107649 0.949483 -0.0889493 0.832904 0.0145018 0.54603
1305032375.665634 -0.763504 -0.101158 0.9469 -0.0835807 0.832356 0.00931415 0.547824
1305032375.701032 -0.767198 -0.0920548 0.943077 -0.0756952 0.832538 0.00476895 0.548752
1305032375.733424 -0.770617 -0.0820291 0.939934 -0.0700621 0.833259 0.0026347 0.54842
1305032375.765813 -0.772681 -0.0726362 0.935706 -0.0674206 0.833185 0.000429617 0.548868
1305032375.801369 -0.775333 -0.0619542 0.93139 -0.0642029 0.832626 -0.00320113 0.550093
1305032375.833207 -0.778994 -0.0521959 0.926634 -0.060039 0.832268 -0.00588065 0.551081
1305032375.871496 -0.78221 -0.0440501 0.921489 -0.0557175 0.832067 -0.0082721 0.551808
1305032375.901646 -0.783362 -0.0396946 0.918485 -0.0475524 0.831507 -0.0122531 0.55334
1305032375.933407 -0.788968 -0.0285621 0.916297 -0.0337288 0.829595 -0.0189712 0.557023
1305032375.970923 -0.794476 -0.0168268 0.913524 -0.0251108 0.827463 -0.0190722 0.560635
1305032375.998893 -0.797614 -0.00710361 0.911414 -0.0173367 0.825464 -0.0189118 0.563871
1305032376.032870 -0.805019 0.00367797 0.909534 -0.00386258 0.823546 -0.0187082 0.566927
1305032376.071463 -0.813634 0.0180968 0.904593 0.00872342 0.822949 -0.0158664 0.567826
1305032376.102191 -0.820218 0.029587 0.899594 0.0149692 0.823984 -0.0118594 0.566291
1305032376.133788 -0.823905 0.0349756 0.895521 0.0224912 0.824534 -0.00858359 0.5653
1305032376.169914 -0.832244 0.0433884 0.891278 0.0301347 0.825124 -0.00610068 0.564114
1305032376.199876 -0.839161 0.0532992 0.886827 0.0347089 0.827138 -0.00262361 0.560919
1305032376.230465 -0.842532 0.0583243 0.883176 0.0400992 0.829136 0.000448323 0.557606
1305032376.273911 -0.848648 0.066246 0.881085 0.0481761 0.830161 0.00485489 0.555416
1305032376.301938 -0.852287 0.0782908 0.87862 0.0496348 0.831519 0.00859915 0.553208
1305032376.333881 -0.853629 0.0855759 0.876904 0.0524168 0.832265 0.011084 0.551783
1305032376.373272 -0.855436 0.0937727 0.876591 0.0572247 0.832233 0.0141673 0.551283
1305032376.401634 -0.855604 0.0993425 0.875305 0.0598055 0.832693 0.0138378 0.550322
1305032376.433772 -0.854699 0.101863 0.874825 0.0646777 0.833079 0.0129086 0.549208
1305032376.470927 -0.854984 0.106653 0.874145 0.0730352 0.833474 0.00929597 0.547632
1305032376.502274 -0.855595 0.111164 0.873503 0.0843714 0.834841 0.0040477 0.543973
1305032376.534012 -0.855895 0.114698 0.87384 0.0967648 0.835812 -0.00285422 0.540414
1305032376.570435 -0.856026 0.120895 0.875697 0.106954 0.835501 -0.010417 0.538879
1305032376.602018 -0.855038 0.127596 0.87769 0.11222 0.835221 -0.017828 0.538047
1305032376.633878 -0.853661 0.133301 0.879998 0.119433 0.83455 -0.0248173 0.537258
1305032376.670038 -0.852064 0.141885 0.883416 0.126262 0.832979 -0.030368 0.537849
1305032376.702106 -0.850218 0.150716 0.885473 0.129029 0.831269 -0.0343526 0.539595
1305032376.734286 -0.846579 0.156833 0.887998 0.131845 0.829554 -0.037398 0.541349
1305032376.770230 -0.844061 0.161968 0.891652 0.135198 0.82722 -0.039517 0.543936
1305032376.802346 -0.840928 0.169786 0.893308 0.13683 0.825732 -0.0425946 0.545555
1305032376.833992 -0.838034 0.174918 0.894174 0.138825 0.824743 -0.0458069 0.546287
1305032376.870589 -0.835446 0.181014 0.895479 0.142793 0.822997 -0.0492287 0.547596
1305032376.901913 -0.832732 0.187256 0.895268 0.1449 0.822022 -0.051376 0.54831
1305032376.933692 -0.828098 0.193683 0.89413 0.146041 0.821506 -0.0533468 0.548594
1305032376.970386 -0.826179 0.196921 0.894449 0.148556 0.820169 -0.056741 0.549576
1305032376.999115 -0.823666 0.198718 0.892743 0.151707 0.819557 -0.0610182 0.54917
1305032377.033983 -0.821585 0.201061 0.891271 0.154071 0.818862 -0.0641722 0.549189
1305032377.070323 -0.818614 0.203674 0.890823 0.157758 0.816944 -0.0663416 0.550739
1305032377.102669 -0.816607 0.2054 0.890711 0.160626 0.815161 -0.0688876 0.552238
1305032377.138244 -0.81346 0.209366 0.88916 0.162193 0.81437 -0.0678005 0.55308
1305032377.170226 -0.810583 0.214102 0.888617 0.163364 0.813312 -0.0664199 0.554459
1305032377.201999 -0.809107 0.218506 0.889614 0.163261 0.81283 -0.0646202 0.555407
1305032377.240571 -0.806321 0.223012 0.888387 0.16266 0.81303 -0.0631541 0.55546
1305032377.270905 -0.804676 0.223648 0.888306 0.165493 0.811994 -0.0622117 0.556244
1305032377.301796 -0.803804 0.221161 0.888505 0.166659 0.810651 -0.060365 0.558055
1305032377.340942 -0.801267 0.221679 0.888935 0.16332 0.810671 -0.0582116 0.559241
1305032377.370316 -0.798054 0.219657 0.889048 0.1606 0.809718 -0.0569044 0.561539
1305032377.401804 -0.798089 0.214481 0.889841 0.158965 0.80852 -0.0556707 0.56385
1305032377.439875 -0.796554 0.210654 0.890488 0.152625 0.808948 -0.0547222 0.565079
1305032377.472533 -0.795578 0.203924 0.890255 0.147557 0.808781 -0.0542572 0.566707
1305032377.501559 -0.797025 0.192952 0.891545 0.1433 0.808214 -0.0539083 0.568639
1305032377.537201 -0.797694 0.18392 0.891013 0.135591 0.808997 -0.0536199 0.569442
1305032377.569572 -0.796951 0.173899 0.890426 0.127783 0.80931 -0.0526854 0.570888
1305032377.602349 -0.79894 0.157205 0.888626 0.121017 0.808216 -0.0502883 0.57412
1305032377.640524 -0.80102 0.144581 0.886582 0.112133 0.808693 -0.0488126 0.575377
1305032377.669877 -0.801818 0.129448 0.883412 0.101954 0.809548 -0.0459177 0.576306
1305032377.701705 -0.802086 0.110194 0.879724 0.0923636 0.80898 -0.0434529 0.578907
1305032377.737307 -0.804035 0.0949485 0.874551 0.0812362 0.808895 -0.0417586 0.580815
1305032377.769318 -0.802724 0.0799413 0.869403 0.0691685 0.809879 -0.0413277 0.581036
1305032377.801678 -0.803184 0.0634224 0.865495 0.059175 0.809664 -0.0415778 0.582421
1305032377.837451 -0.805039 0.048066 0.859944 0.0485024 0.809475 -0.0404549 0.583747
1305032377.869348 -0.804179 0.0336826 0.853052 0.0353501 0.809768 -0.039159 0.584374
1305032377.901238 -0.802271 0.0154931 0.846796 0.0217395 0.808983 -0.0369974 0.586263
1305032377.940265 -0.801863 -0.00124242 0.842164 0.00901144 0.807942 -0.0340584 0.588208
1305032377.969308 -0.800639 -0.0177192 0.836115 -0.00450101 0.807019 -0.0303966 0.589725
1305032378.001243 -0.797054 -0.0351344 0.830146 -0.0184682 0.805624 -0.0275402 0.591498
1305032378.040183 -0.795097 -0.0521289 0.825294 -0.0328722 0.803597 -0.0264638 0.593675
1305032378.068725 -0.79538 -0.0677752 0.818896 -0.0472624 0.801697 -0.0230303 0.595413
1305032378.101420 -0.792254 -0.0845012 0.812021 -0.0599357 0.800569 -0.018345 0.595953
1305032378.139924 -0.787614 -0.10038 0.805281 -0.0670066 0.799369 -0.0165568 0.596863
1305032378.169193 -0.784781 -0.114139 0.801383 -0.0739892 0.79697 -0.0143809 0.599298
1305032378.202266 -0.778972 -0.130231 0.794923 -0.084594 0.79317 -0.0112269 0.602992
1305032378.237421 -0.774173 -0.146095 0.788359 -0.0968838 0.788874 -0.00824127 0.606814
1305032378.269616 -0.767702 -0.161388 0.78275 -0.109891 0.782964 -0.00270009 0.612278
1305032378.306182 -0.761007 -0.176588 0.778289 -0.121269 0.775418 0.00116431 0.619693
1305032378.340777 -0.756342 -0.191259 0.771858 -0.13296 0.766189 0.0040909 0.628696
1305032378.367690 -0.755375 -0.204388 0.763124 -0.150205 0.757054 0.0087136 0.635792
1305032378.406284 -0.75085 -0.217934 0.754407 -0.167509 0.748561 0.0189248 0.641279
1305032378.438513 -0.743902 -0.234893 0.745549 -0.181301 0.740083 0.0302436 0.64691
1305032378.470434 -0.738633 -0.252522 0.737007 -0.195821 0.731527 0.0389211 0.651926
1305032378.504807 -0.731939 -0.270848 0.729526 -0.21282 0.723202 0.0448524 0.655496
1305032378.539167 -0.723777 -0.291806 0.724623 -0.229458 0.713444 0.0443069 0.660593
1305032378.570470 -0.717767 -0.313242 0.719697 -0.246472 0.70293 0.04227 0.665849
1305032378.607040 -0.71227 -0.333072 0.714252 -0.264135 0.693608 0.0434923 0.668767
1305032378.640593 -0.7068 -0.352178 0.708858 -0.280929 0.684658 0.0479027 0.670841
1305032378.674045 -0.699874 -0.37353 0.703181 -0.299173 0.676931 0.054256 0.67031
1305032378.708133 -0.68785 -0.396914 0.701404 -0.315148 0.671356 0.0574885 0.668324
1305032378.741855 -0.677156 -0.418124 0.701341 -0.321436 0.668052 0.0593492 0.668478
1305032378.774289 -0.667482 -0.436186 0.702283 -0.323734 0.665845 0.0635917 0.669181
1305032378.811244 -0.654657 -0.454746 0.704106 -0.323765 0.663872 0.0663282 0.670858
1305032378.840101 -0.646885 -0.470237 0.705072 -0.322339 0.661686 0.0663045 0.6737
1305032378.871857 -0.636992 -0.481072 0.70854 -0.32363 0.658654 0.0667631 0.676004
1305032378.907789 -0.625681 -0.49298 0.714869 -0.326492 0.652061 0.0624733 0.681408
1305032378.938846 -0.616605 -0.501952 0.718455 -0.332097 0.64037 0.0519541 0.690608
1305032378.971348 -0.606394 -0.511098 0.720979 -0.343105 0.626658 0.0381777 0.698657
1305032379.007038 -0.596197 -0.520558 0.721346 -0.355359 0.612608 0.0224807 0.705639
1305032379.038668 -0.588726 -0.526901 0.717365 -0.365749 0.601348 0.0116728 0.710262
1305032379.071271 -0.576478 -0.532653 0.716635 -0.3763 0.594859 0.0124776 0.710201
1305032379.106727 -0.563597 -0.540939 0.715461 -0.380415 0.591285 0.0179166 0.710876
1305032379.138937 -0.552257 -0.549127 0.712296 -0.37993 0.590461 0.0286821 0.711468
1305032379.170930 -0.541347 -0.558176 0.707211 -0.379518 0.59116 0.0427412 0.710401
1305032379.206680 -0.528112 -0.569574 0.703901 -0.382254 0.592575 0.0564089 0.706792
1305032379.238614 -0.513597 -0.582245 0.70387 -0.382896 0.593576 0.064183 0.704939
1305032379.271270 -0.503021 -0.594687 0.704507 -0.380101 0.594457 0.068444 0.705308
1305032379.310742 -0.490544 -0.606537 0.709111 -0.378423 0.593316 0.0702023 0.706996
1305032379.342450 -0.477678 -0.620241 0.713261 -0.378257 0.586687 0.0638272 0.713194
1305032379.373747 -0.465611 -0.631428 0.716249 -0.380337 0.578562 0.050358 0.719774
1305032379.406812 -0.456385 -0.640806 0.718266 -0.385048 0.571726 0.0360497 0.72358
1305032379.440732 -0.446902 -0.647838 0.721921 -0.392384 0.565872 0.0262302 0.724662
1305032379.472994 -0.436703 -0.655271 0.727254 -0.399355 0.559921 0.0173266 0.725744
1305032379.507528 -0.426238 -0.662896 0.738431 -0.403698 0.552983 0.00550841 0.728839
1305032379.539852 -0.417004 -0.664037 0.749721 -0.402047 0.541528 -0.00874396 0.738261
1305032379.575545 -0.411822 -0.669432 0.75615 -0.398431 0.528973 -0.0183833 0.749068
1305032379.607089 -0.407266 -0.673143 0.75825 -0.393633 0.520986 -0.0209179 0.757092
1305032379.641416 -0.402875 -0.676611 0.759314 -0.391435 0.515054 -0.0208534 0.762275
1305032379.676703 -0.403276 -0.68006 0.755364 -0.389611 0.511641 -0.0238346 0.765414
1305032379.707878 -0.404444 -0.68154 0.74997 -0.392039 0.50832 -0.0290034 0.766208
1305032379.738599 -0.405964 -0.685181 0.743062 -0.396475 0.503891 -0.0393199 0.766391
1305032379.775239 -0.411029 -0.689844 0.728271 -0.400343 0.502037 -0.0479936 0.765102
1305032379.807815 -0.414372 -0.690043 0.714821 -0.407174 0.504905 -0.0492811 0.759508
1305032379.839500 -0.417544 -0.689507 0.703469 -0.414055 0.507984 -0.0465487 0.753886
1305032379.875565 -0.419936 -0.688562 0.692714 -0.420216 0.509599 -0.0437018 0.749545
1305032379.903833 -0.423166 -0.688996 0.679619 -0.42488 0.510684 -0.0404793 0.746351
1305032379.940009 -0.425177 -0.690448 0.668095 -0.429773 0.511586 -0.0376606 0.743072
1305032379.976659 -0.427043 -0.691252 0.656945 -0.433394 0.513419 -0.0379029 0.739685
1305032380.007756 -0.430908 -0.689114 0.644549 -0.435845 0.516727 -0.0375817 0.735949
1305032380.040494 -0.43353 -0.684898 0.636426 -0.439207 0.518851 -0.0367461 0.732489
1305032380.076762 -0.437314 -0.680644 0.630004 -0.440881 0.520202 -0.0366231 0.730528
1305032380.107291 -0.440903 -0.673731 0.624988 -0.441362 0.519881 -0.0358417 0.730506
1305032380.140050 -0.444701 -0.667487 0.623661 -0.441824 0.517221 -0.0357735 0.732116
1305032380.176572 -0.448086 -0.663026 0.624559 -0.440952 0.512397 -0.0382738 0.735898
1305032380.207110 -0.451228 -0.657433 0.623097 -0.43723 0.505902 -0.0445901 0.74223
1305032380.239460 -0.453907 -0.651776 0.618597 -0.432521 0.500989 -0.0496998 0.747974
1305032380.276664 -0.457143 -0.644105 0.615048 -0.425396 0.49911 -0.0515005 0.753177
1305032380.307734 -0.461823 -0.636058 0.609188 -0.415302 0.498986 -0.0453489 0.759263
1305032380.339866 -0.465778 -0.626585 0.602356 -0.405897 0.49967 -0.0322179 0.764551
1305032380.375602 -0.46633 -0.615722 0.600867 -0.395298 0.501315 -0.0199243 0.769432
1305032380.407488 -0.468629 -0.600605 0.599765 -0.378551 0.502118 -0.0111718 0.777465
1305032380.439180 -0.471792 -0.584791 0.59382 -0.362323 0.499471 -0.00152286 0.786924
1305032380.473087 -0.472519 -0.576374 0.589024 -0.348636 0.494756 0.00338051 0.796026
1305032380.507283 -0.477807 -0.562533 0.582437 -0.32746 0.492215 0.000304099 0.806532
1305032380.539774 -0.484195 -0.545146 0.569326 -0.316723 0.490724 0.00298552 0.811707
1305032380.576395 -0.485675 -0.529429 0.561553 -0.318416 0.491249 0.00557037 0.810713
1305032380.609316 -0.486539 -0.513819 0.553737 -0.315906 0.494785 0.0023555 0.809559
1305032380.639507 -0.489512 -0.493597 0.542612 -0.313013 0.499113 -0.00237535 0.808024
1305032380.675545 -0.487289 -0.476632 0.543358 -0.309806 0.50165 -0.0113901 0.807612
1305032380.707658 -0.490542 -0.455668 0.535875 -0.296523 0.501303 -0.0238904 0.812526
1305032380.739529 -0.490656 -0.435304 0.529661 -0.28479 0.500468 -0.0352187 0.816815
1305032380.776434 -0.492016 -0.413958 0.521381 -0.266076 0.499029 -0.0426435 0.823623
1305032380.803780 -0.493877 -0.389843 0.507079 -0.257016 0.497972 -0.0410985 0.827211
1305032380.843621 -0.491578 -0.372512 0.500058 -0.25515 0.500158 -0.0377246 0.82663
1305032380.876451 -0.492401 -0.355806 0.491979 -0.242602 0.50185 -0.0383525 0.829349
1305032380.906774 -0.495898 -0.340775 0.477806 -0.2307 0.503034 -0.0381813 0.832031
1305032380.944580 -0.49736 -0.327859 0.465325 -0.221039 0.508315 -0.036722 0.83151
1305032380.976235 -0.50054 -0.313227 0.451381 -0.206765 0.51716 -0.034377 0.829827
1305032381.010534 -0.505045 -0.298023 0.436296 -0.195823 0.526182 -0.0333874 0.826844
1305032381.043413 -0.509831 -0.281597 0.421834 -0.185373 0.536012 -0.0306261 0.823037
1305032381.075126 -0.517425 -0.266303 0.410487 -0.175614 0.545141 -0.0232689 0.819414
1305032381.107139 -0.523657 -0.250025 0.400679 -0.166683 0.552983 -0.014506 0.816221
1305032381.143098 -0.530836 -0.232896 0.390148 -0.158897 0.5614 -0.00111846 0.812146
1305032381.175951 -0.538793 -0.21837 0.383741 -0.150693 0.571028 0.0148905 0.806844
1305032381.206840 -0.549286 -0.201768 0.379434 -0.14226 0.579626 0.0319546 0.801732
1305032381.244183 -0.558313 -0.188711 0.376648 -0.138159 0.583767 0.0465164 0.798727
1305032381.275997 -0.566074 -0.181265 0.37356 -0.136467 0.586997 0.0532092 0.796229
1305032381.309728 -0.577238 -0.174194 0.37164 -0.129335 0.592325 0.0594103 0.793028
1305032381.341217 -0.590119 -0.167514 0.369284 -0.119061 0.596662 0.0674011 0.790744
1305032381.373199 -0.602134 -0.161148 0.364281 -0.111555 0.601003 0.0752827 0.787835
1305032381.408681 -0.615193 -0.157989 0.356521 -0.108413 0.607493 0.0799479 0.78282
1305032381.444067 -0.626286 -0.155976 0.347841 -0.105849 0.615717 0.085689 0.776109
1305032381.474756 -0.636082 -0.159133 0.337216 -0.101645 0.625588 0.0901191 0.768236
1305032381.508685 -0.647473 -0.160702 0.326894 -0.0948874 0.639263 0.0921905 0.757522
1305032381.545353 -0.656683 -0.162398 0.320867 -0.0895808 0.651776 0.0926978 0.747376
1305032381.576827 -0.666406 -0.166428 0.316335 -0.081778 0.661528 0.0884072 0.740187
1305032381.608397 -0.67767 -0.168825 0.310119 -0.0723712 0.671065 0.0855868 0.732877
1305032381.644906 -0.686365 -0.171163 0.309733 -0.0640373 0.68024 0.0868962 0.724998
1305032381.675936 -0.69499 -0.17672 0.305836 -0.0543928 0.687778 0.0839139 0.719001
1305032381.707240 -0.703368 -0.179193 0.305071 -0.0423218 0.693968 0.0789954 0.714406
1305032381.744570 -0.711882 -0.180456 0.302208 -0.0314897 0.695361 0.0740527 0.714141
1305032381.776694 -0.716633 -0.181606 0.297765 -0.0240112 0.695813 0.0706973 0.714332
1305032381.810015 -0.717982 -0.188305 0.292715 -0.0145553 0.694911 0.0676281 0.715761
1305032381.843860 -0.719673 -0.195033 0.286008 0.00141144 0.694053 0.0648869 0.716992
1305032381.876540 -0.722047 -0.200132 0.277171 0.0146485 0.693222 0.0653848 0.717602
1305032381.907470 -0.722349 -0.205005 0.265501 0.0278099 0.694722 0.0634247 0.715937
1305032381.943636 -0.72298 -0.212877 0.258826 0.0419723 0.698253 0.0557101 0.712445
1305032381.975700 -0.724349 -0.216982 0.250108 0.0565895 0.699814 0.0466105 0.710553
1305032382.007016 -0.727736 -0.217316 0.240345 0.0679081 0.703145 0.0404211 0.706641
1305032382.043778 -0.729949 -0.22197 0.231144 0.0781578 0.706751 0.0371129 0.702152
1305032382.076551 -0.730911 -0.224803 0.221788 0.0889755 0.709753 0.0352526 0.697919
1305032382.112595 -0.732334 -0.225068 0.211776 0.0998351 0.711512 0.035161 0.694657
1305032382.142801 -0.734801 -0.222115 0.203314 0.105878 0.713594 0.0356668 0.691593
1305032382.175194 -0.736225 -0.218235 0.194339 0.108024 0.715038 0.0395622 0.689555
1305032382.212343 -0.735236 -0.215047 0.186745 0.104879 0.71507 0.045803 0.689622
1305032382.244823 -0.734171 -0.212721 0.18007 0.0986444 0.715114 0.0501728 0.690191
1305032382.275045 -0.728184 -0.20886 0.170921 0.0875442 0.713369 0.0554601 0.693083
1305032382.311569 -0.718646 -0.215739 0.164036 0.0728853 0.709881 0.0612323 0.697859
1305032382.343035 -0.706377 -0.220981 0.157081 0.058063 0.703895 0.0658441 0.704858
1305032382.375765 -0.693483 -0.223888 0.150107 0.0388644 0.696263 0.0694639 0.71336
1305032382.411673 -0.677687 -0.229416 0.14452 0.0202206 0.68669 0.0749744 0.722791
1305032382.445108 -0.659139 -0.231268 0.139127 4.86936e-05 0.67484 0.0822982 0.733361
1305032382.476983 -0.636848 -0.23753 0.132645 -0.0199595 0.661941 0.090189 0.743842
1305032382.512630 -0.613367 -0.241596 0.130207 -0.0406012 0.648375 0.0947062 0.754316
1305032382.545000 -0.588869 -0.247148 0.127268 -0.0645064 0.632376 0.100161 0.765446
1305032382.577082 -0.559849 -0.259507 0.123276 -0.0825656 0.61689 0.100131 0.776276
1305032382.614372 -0.533566 -0.267682 0.123159 -0.100085 0.603284 0.0989849 0.785005
1305032382.644837 -0.505026 -0.27799 0.125806 -0.120467 0.586941 0.10446 0.793773
1305032382.675979 -0.475596 -0.293881 0.127206 -0.136344 0.569422 0.104185 0.803937
1305032382.713425 -0.445259 -0.313241 0.127957 -0.148059 0.556233 0.0986378 0.81176
1305032382.744674 -0.418089 -0.329619 0.132217 -0.159856 0.544356 0.0899228 0.818557
1305032382.776770 -0.390121 -0.350401 0.137661 -0.177992 0.530039 0.0797333 0.825239
1305032382.812185 -0.364509 -0.375256 0.145936 -0.190889 0.517816 0.0643812 0.831434
1305032382.844824 -0.342529 -0.396017 0.155957 -0.200869 0.505717 0.0520857 0.837371
1305032382.875189 -0.321609 -0.418195 0.169631 -0.213897 0.491923 0.0417731 0.84292
1305032382.913733 -0.302539 -0.441601 0.187992 -0.223546 0.476689 0.0310075 0.849608
1305032382.943823 -0.284458 -0.466469 0.20334 -0.229308 0.458036 0.0210582 0.85859
1305032382.975989 -0.267504 -0.487641 0.213283 -0.234471 0.439557 0.0165359 0.866914
1305032383.012820 -0.251915 -0.506458 0.223158 -0.241014 0.421374 0.0156422 0.874135
1305032383.044130 -0.236473 -0.524426 0.23311 -0.248882 0.40277 0.015724 0.880674
1305032383.077761 -0.222131 -0.541779 0.241076 -0.254851 0.386428 0.0141134 0.886299
1305032383.113060 -0.211294 -0.555697 0.253359 -0.258677 0.37302 0.00922409 0.890987
1305032383.144756 -0.202413 -0.566635 0.261552 -0.257099 0.3589 0.00345235 0.897262
1305032383.177793 -0.195389 -0.573025 0.260976 -0.262413 0.34389 0.00511651 0.901583
1305032383.213287 -0.183835 -0.583593 0.263495 -0.277592 0.326677 0.001404 0.903451
1305032383.243505 -0.175211 -0.591223 0.269622 -0.292996 0.314815 -0.0088096 0.902755
1305032383.279376 -0.169201 -0.596345 0.279974 -0.304394 0.305306 -0.0212356 0.902043
1305032383.311447 -0.166714 -0.60447 0.287835 -0.310001 0.294017 -0.0313853 0.903586
1305032383.341434 -0.163032 -0.610132 0.295489 -0.311377 0.279225 -0.038215 0.907534
1305032383.379477 -0.158781 -0.618722 0.298362 -0.311646 0.263204 -0.0432023 0.911994
1305032383.411502 -0.152863 -0.628222 0.301298 -0.314156 0.247058 -0.0494091 0.915329
1305032383.443669 -0.147714 -0.635029 0.303655 -0.315468 0.23293 -0.0570166 0.918135
1305032383.479196 -0.14374 -0.642152 0.304963 -0.318586 0.219222 -0.0638904 0.91998
1305032383.511381 -0.13824 -0.651587 0.305002 -0.321012 0.208458 -0.0705043 0.921155
1305032383.544691 -0.135876 -0.658307 0.301936 -0.32521 0.201964 -0.0747645 0.920793
1305032383.579562 -0.139544 -0.669177 0.308141 -0.32748 0.194896 -0.0823735 0.920862
1305032383.613124 -0.142333 -0.675947 0.306276 -0.320556 0.185598 -0.0832316 0.925132
1305032383.644735 -0.144954 -0.679292 0.304066 -0.319498 0.175329 -0.0777345 0.927975
1305032383.679654 -0.147996 -0.685022 0.304609 -0.321001 0.162102 -0.077368 0.92989
1305032383.712037 -0.151851 -0.68956 0.303416 -0.323325 0.147067 -0.0810291 0.931272
1305032383.742653 -0.15407 -0.692489 0.302004 -0.329988 0.13248 -0.082642 0.930982
1305032383.778285 -0.156421 -0.696444 0.306366 -0.338772 0.119909 -0.084298 0.929381
1305032383.812039 -0.158431 -0.701096 0.308198 -0.344318 0.108831 -0.0856727 0.92858
1305032383.843925 -0.160651 -0.702898 0.311295 -0.346906 0.0976132 -0.087937 0.928652
1305032383.878906 -0.161269 -0.70286 0.311238 -0.348842 0.0870137 -0.0892651 0.928854
1305032383.911427 -0.159832 -0.703659 0.312325 -0.35114 0.0796031 -0.0889584 0.928682
1305032383.943289 -0.158659 -0.702113 0.311871 -0.351389 0.0759692 -0.087284 0.929051
1305032383.979220 -0.157375 -0.698817 0.309098 -0.351662 0.0744268 -0.0823115 0.929526
1305032384.011402 -0.153615 -0.695675 0.308334 -0.35312 0.0729631 -0.0755171 0.929667
1305032384.042763 -0.150427 -0.692644 0.307727 -0.352935 0.0729627 -0.0681443 0.930306
1305032384.079025 -0.147012 -0.688159 0.305325 -0.352252 0.0724062 -0.0612264 0.931089
1305032384.112211 -0.143942 -0.684838 0.304696 -0.352289 0.0711497 -0.0561073 0.931495
1305032384.143402 -0.141209 -0.682841 0.304608 -0.351116 0.0697055 -0.0509688 0.932341
1305032384.179113 -0.13687 -0.68066 0.303141 -0.348543 0.0687036 -0.0446525 0.933704
1305032384.211262 -0.134784 -0.679588 0.303307 -0.345351 0.0690842 -0.04205 0.934982
1305032384.241759 -0.133638 -0.678514 0.301954 -0.340905 0.0681656 -0.040993 0.936727
1305032384.278407 -0.1311 -0.677471 0.301687 -0.336663 0.0673031 -0.0391276 0.938402
1305032384.308313 -0.129558 -0.677934 0.302216 -0.328858 0.0663712 -0.0372705 0.941307
1305032384.341175 -0.127726 -0.674499 0.298506 -0.318949 0.0639274 -0.034077 0.944999
1305032384.375647 -0.124071 -0.667387 0.293048 -0.311237 0.0617711 -0.0306054 0.947829
1305032384.411880 -0.1201 -0.660216 0.287926 -0.30749 0.0618165 -0.0288177 0.949104
1305032384.444075 -0.116052 -0.651638 0.284146 -0.305597 0.0607401 -0.0308638 0.94972
1305032384.479096 -0.112973 -0.64195 0.28011 -0.304228 0.0578554 -0.0355594 0.950176
1305032384.512157 -0.109881 -0.630735 0.274743 -0.303568 0.0551068 -0.0388411 0.950421
1305032384.544929 -0.105591 -0.619396 0.271037 -0.302919 0.0535591 -0.039669 0.950683
1305032384.580765 -0.102576 -0.606188 0.263753 -0.301661 0.0511424 -0.0403064 0.951189
1305032384.613105 -0.097827 -0.591509 0.258187 -0.302617 0.0492414 -0.0404723 0.950978
1305032384.647706 -0.0924457 -0.579572 0.254702 -0.30151 0.0490854 -0.0384379 0.951423
1305032384.679303 -0.0885332 -0.567505 0.249155 -0.29784 0.0500261 -0.0322024 0.95276
1305032384.712109 -0.0854375 -0.554182 0.243295 -0.293745 0.0494966 -0.0233264 0.954317
1305032384.746434 -0.0788961 -0.542544 0.23918 -0.288129 0.0485922 -0.0148826 0.956242
1305032384.778315 -0.0730088 -0.530087 0.232792 -0.278092 0.050547 -0.00786415 0.959191
1305032384.811269 -0.0686018 -0.519103 0.227182 -0.266753 0.0499967 -0.00202482 0.962465
1305032384.846699 -0.0634185 -0.506068 0.219943 -0.249715 0.0477591 -0.000160318 0.967141
1305032384.879179 -0.0581659 -0.493331 0.210422 -0.231541 0.0459554 0.00139384 0.971738
1305032384.911051 -0.051221 -0.479357 0.200539 -0.214429 0.0439626 0.00375711 0.975743
1305032384.947623 -0.0424994 -0.464908 0.190279 -0.198352 0.0434442 0.0065054 0.979146
1305032384.979039 -0.0362087 -0.449957 0.178501 -0.183033 0.0440004 0.00870774 0.982083
1305032385.011611 -0.0283228 -0.434893 0.167284 -0.169267 0.0454825 0.0107516 0.984461
1305032385.047788 -0.0212105 -0.421095 0.155864 -0.156583 0.0486813 0.0124864 0.986385
1305032385.079238 -0.0170977 -0.40688 0.144299 -0.143814 0.0506007 0.0158571 0.988183
1305032385.110028 -0.00923809 -0.391313 0.132511 -0.135267 0.0529174 0.0195201 0.989202
1305032385.147955 -0.00230166 -0.377158 0.122675 -0.126607 0.0571965 0.0222132 0.990053
1305032385.180315 0.00425361 -0.362727 0.11098 -0.116603 0.0610448 0.0253009 0.990978
1305032385.212521 0.0115106 -0.346953 0.100891 -0.109814 0.065977 0.0280987 0.991362
1305032385.247861 0.0189383 -0.333474 0.0929668 -0.101559 0.0683485 0.0293203 0.992046
1305032385.279278 0.0281313 -0.319429 0.0843959 -0.0909412 0.0707438 0.0265499 0.992985
1305032385.313088 0.0350342 -0.302445 0.0758133 -0.0829647 0.0749108 0.021675 0.993497
1305032385.347825 0.0417966 -0.28807 0.0681319 -0.0775684 0.0777209 0.0149798 0.99384
1305032385.379172 0.0467742 -0.274327 0.0628805 -0.0708785 0.0791377 0.00896308 0.9943
1305032385.411331 0.0517371 -0.260594 0.0577408 -0.0612704 0.0773724 -6.98015e-05 0.995118
1305032385.446560 0.0567179 -0.245436 0.0531402 -0.0521771 0.0762762 -0.0089266 0.995681
1305032385.478895 0.0599162 -0.231654 0.0509999 -0.0461805 0.0738849 -0.0153539 0.996079
1305032385.512276 0.0636582 -0.22172 0.0502874 -0.0358688 0.0691752 -0.0240273 0.99667
1305032385.546621 0.0655939 -0.209748 0.0476553 -0.0220689 0.0642746 -0.0285938 0.997278
1305032385.579100 0.0691948 -0.192406 0.0455093 -0.0132853 0.0576199 -0.0315552 0.997751
1305032385.611944 0.0717637 -0.174534 0.0452798 -0.0113261 0.0532092 -0.0351735 0.997899
1305032385.647972 0.0718763 -0.159364 0.04813 -0.0123004 0.0500358 -0.0340163 0.998092
1305032385.677687 0.0749149 -0.146005 0.0492455 -0.00943686 0.0427915 -0.0289175 0.998621
1305032385.708060 0.0783865 -0.130071 0.0486215 -0.00680226 0.0359574 -0.0235495 0.999053
1305032385.743325 0.0799557 -0.117052 0.0502331 -0.00869984 0.0302635 -0.0162865 0.999371
1305032385.779209 0.0811712 -0.106506 0.0524398 -0.00783028 0.0250968 -0.00822919 0.99962
1305032385.816091 0.0851149 -0.0928453 0.0525496 -0.00679896 0.0244455 0.00294672 0.999674
1305032385.846913 0.0904016 -0.0821094 0.0528345 -0.00673493 0.0255454 0.0148898 0.99954
1305032385.879571 0.0934636 -0.0739725 0.0559104 0.00169495 0.0270207 0.0263987 0.999285
1305032385.915659 0.0967183 -0.0628112 0.0545355 0.0100299 0.0274614 0.0411584 0.998725
1305032385.943376 0.101574 -0.0523564 0.0559337 0.0128087 0.0274093 0.0523632 0.99817
1305032385.980099 0.107093 -0.045381 0.0580696 0.0171911 0.0279302 0.0575778 0.997802
1305032386.014821 0.111048 -0.0382889 0.0607913 0.0226552 0.0295178 0.0616997 0.997401
1305032386.048023 0.115278 -0.0306743 0.06249 0.0281083 0.0311215 0.0691488 0.996725
1305032386.080071 0.120317 -0.0216508 0.0657387 0.0304126 0.0332029 0.0790497 0.995853
1305032386.115561 0.123021 -0.0128582 0.0689043 0.0330953 0.033136 0.0884526 0.994979
1305032386.148299 0.1242 -0.00628428 0.0723928 0.0351126 0.027349 0.0941184 0.994566
1305032386.179328 0.126675 0.00136001 0.0753627 0.0325803 0.0205559 0.0982498 0.994416
1305032386.215559 0.129573 0.00801619 0.0807997 0.02713 0.0118198 0.10358 0.994181
1305032386.243605 0.132661 0.0132229 0.0853688 0.022409 0.00136773 0.108797 0.99381
1305032386.278957 0.136715 0.0176168 0.0893429 0.016124 -0.0111145 0.110606 0.993671
1305032386.315386 0.14015 0.0224667 0.0942149 0.0073907 -0.0218076 0.111215 0.99353
1305032386.346831 0.143092 0.0236294 0.099215 -0.000502356 -0.0332774 0.113716 0.992956
1305032386.379033 0.147788 0.0266536 0.100847 -0.0105691 -0.0450676 0.11211 0.992617
1305032386.415310 0.151266 0.0274213 0.103766 -0.0240048 -0.0553022 0.107195 0.992409
1305032386.447187 0.154692 0.0219696 0.106819 -0.0355571 -0.0662069 0.10201 0.991941
1305032386.479658 0.160153 0.0163278 0.107854 -0.0442588 -0.0761431 0.0918893 0.991867
1305032386.514929 0.165087 0.0085328 0.11094 -0.0542505 -0.0861292 0.0841367 0.991241
1305032386.547514 0.169778 -0.00326389 0.112603 -0.0606448 -0.0986079 0.0753041 0.990418
1305032386.578838 0.175757 -0.0138358 0.114031 -0.0655464 -0.109323 0.0645091 0.989743
1305032386.614264 0.182478 -0.0248431 0.114715 -0.0720928 -0.119133 0.0566819 0.988634
1305032386.646315 0.188909 -0.0377154 0.117228 -0.0753975 -0.128516 0.0481707 0.987663
1305032386.678968 0.196899 -0.0487661 0.116244 -0.0756818 -0.133671 0.0403065 0.987309
1305032386.714163 0.205359 -0.0600325 0.115814 -0.0796526 -0.137814 0.0354769 0.986612
1305032386.746448 0.214137 -0.0708015 0.116749 -0.085623 -0.143405 0.0294958 0.985512
1305032386.778959 0.222967 -0.0792554 0.117127 -0.0942424 -0.148079 0.0211527 0.984248
1305032386.814157 0.232073 -0.0889201 0.118695 -0.103479 -0.151613 0.0139246 0.98291
1305032386.846480 0.240132 -0.0988532 0.118291 -0.116162 -0.154379 0.00722682 0.981133
1305032386.878932 0.24904 -0.107019 0.117462 -0.131343 -0.155963 -0.00208983 0.978989
1305032386.915107 0.2575 -0.115361 0.119292 -0.149675 -0.156818 -0.00872673 0.976181
1305032386.947042 0.264319 -0.12506 0.12037 -0.167152 -0.159097 -0.0149828 0.972895
1305032386.979534 0.272181 -0.133725 0.120941 -0.186787 -0.160133 -0.0237322 0.968971
1305032387.015340 0.284113 -0.15011 0.126834 -0.215553 -0.160628 -0.0277216 0.962791
1305032387.047204 0.289357 -0.164708 0.129696 -0.228269 -0.160239 -0.0272272 0.959935
1305032387.083123 0.295764 -0.180264 0.133476 -0.234629 -0.161563 -0.0309414 0.958065
1305032387.115144 0.302109 -0.197164 0.136082 -0.242314 -0.163506 -0.0390143 0.955525
1305032387.146938 0.307934 -0.212358 0.140461 -0.252491 -0.164753 -0.0502527 0.952145
1305032387.183366 0.316077 -0.229696 0.146174 -0.261852 -0.164634 -0.0605727 0.949031
1305032387.211762 0.32628 -0.248135 0.15174 -0.267161 -0.162941 -0.0689694 0.947269
1305032387.243500 0.336762 -0.26661 0.157855 -0.271009 -0.160973 -0.0764425 0.945938
1305032387.283242 0.346451 -0.284445 0.163602 -0.274409 -0.159922 -0.0864576 0.944272
1305032387.315110 0.355858 -0.300552 0.168673 -0.279384 -0.158832 -0.096945 0.941976
1305032387.347681 0.363302 -0.315361 0.173689 -0.288689 -0.156879 -0.103995 0.93874
1305032387.382764 0.368102 -0.329653 0.181139 -0.297812 -0.155293 -0.110734 0.935377
1305032387.414331 0.376272 -0.346991 0.187046 -0.304133 -0.156516 -0.117059 0.932364
1305032387.443532 0.381953 -0.361107 0.19314 -0.3107 -0.158006 -0.122996 0.929178
1305032387.482745 0.387726 -0.3745 0.200972 -0.317409 -0.159146 -0.129444 0.925834
1305032387.511705 0.393438 -0.389354 0.209505 -0.321574 -0.161381 -0.136448 0.923
1305032387.543542 0.398161 -0.40408 0.216236 -0.323998 -0.166614 -0.143117 0.920208
1305032387.583132 0.400369 -0.418166 0.222418 -0.326931 -0.173443 -0.150186 0.916776
1305032387.614697 0.401307 -0.431686 0.229277 -0.330493 -0.180522 -0.158734 0.912683
1305032387.646620 0.402121 -0.443149 0.235805 -0.333175 -0.188143 -0.167742 0.908548
1305032387.682795 0.403391 -0.455407 0.243733 -0.335862 -0.197173 -0.176104 0.90405
1305032387.715088 0.405491 -0.467514 0.250799 -0.339949 -0.205565 -0.181664 0.899542
1305032387.746770 0.410015 -0.478825 0.258171 -0.346135 -0.212968 -0.186352 0.894488
1305032387.782837 0.414425 -0.487383 0.264833 -0.353986 -0.218835 -0.191784 0.888833
1305032387.815294 0.418432 -0.494016 0.272389 -0.364152 -0.223718 -0.196833 0.882383
1305032387.846872 0.420977 -0.501011 0.281708 -0.375081 -0.226851 -0.198722 0.876563
1305032387.883126 0.42528 -0.509896 0.290955 -0.385879 -0.228279 -0.195463 0.872227
1305032387.914658 0.429127 -0.515772 0.299719 -0.398195 -0.227669 -0.18921 0.86822
1305032387.947098 0.433811 -0.524527 0.309564 -0.409198 -0.228819 -0.186803 0.86331
1305032387.983846 0.437487 -0.532129 0.319647 -0.415943 -0.230704 -0.188517 0.859202
1305032388.015687 0.442846 -0.543113 0.329843 -0.419242 -0.233814 -0.193962 0.855538
1305032388.047380 0.447626 -0.5525 0.338929 -0.420624 -0.236629 -0.201048 0.852444
1305032388.083777 0.452427 -0.561275 0.349112 -0.420378 -0.239505 -0.207634 0.850181
1305032388.115961 0.455851 -0.571385 0.360069 -0.418896 -0.2427 -0.211295 0.849104
1305032388.148173 0.459681 -0.581719 0.370156 -0.415682 -0.247966 -0.213188 0.848689
1305032388.184052 0.464322 -0.594657 0.378946 -0.412396 -0.252724 -0.213427 0.848828
1305032388.212538 0.469333 -0.603481 0.386506 -0.409785 -0.255829 -0.212034 0.849511
1305032388.250425 0.474497 -0.613028 0.394375 -0.409227 -0.258521 -0.209404 0.849618
1305032388.283226 0.477404 -0.621169 0.402289 -0.409851 -0.260227 -0.205713 0.849698
1305032388.315193 0.479341 -0.6299 0.41149 -0.409794 -0.262087 -0.200967 0.850289
1305032388.350541 0.480736 -0.639853 0.421114 -0.408317 -0.264115 -0.196041 0.851521
1305032388.383342 0.483466 -0.648028 0.429092 -0.406457 -0.265821 -0.190417 0.853155
1305032388.414973 0.484474 -0.656031 0.436901 -0.405008 -0.266416 -0.184928 0.854864
1305032388.450875 0.484541 -0.663348 0.445307 -0.403398 -0.26687 -0.181062 0.85631
1305032388.483696 0.483731 -0.671403 0.453878 -0.400587 -0.268721 -0.180193 0.857234
1305032388.515455 0.48095 -0.678754 0.463311 -0.397177 -0.271906 -0.180821 0.857684
1305032388.551418 0.477966 -0.686941 0.471381 -0.39452 -0.276669 -0.181862 0.857166
1305032388.581086 0.472393 -0.693316 0.479212 -0.39248 -0.281758 -0.184396 0.855903
1305032388.615087 0.467993 -0.700392 0.488347 -0.389307 -0.287755 -0.189972 0.854136
1305032388.650929 0.464338 -0.706904 0.495238 -0.386893 -0.292378 -0.196415 0.852203
1305032388.684041 0.461553 -0.708415 0.501658 -0.387172 -0.296786 -0.204419 0.848663
1305032388.713169 0.456818 -0.711425 0.509193 -0.389702 -0.300255 -0.214003 0.843909
1305032388.751435 0.450756 -0.714395 0.51718 -0.392698 -0.303304 -0.222404 0.839245
1305032388.783449 0.444095 -0.717012 0.526209 -0.395653 -0.306598 -0.229255 0.834804
1305032388.814824 0.436928 -0.719348 0.534678 -0.398022 -0.310139 -0.233556 0.83117
1305032388.847513 0.43046 -0.721949 0.543337 -0.399358 -0.313951 -0.235843 0.828448
1305032388.882983 0.424787 -0.724276 0.550884 -0.399009 -0.3183 -0.238204 0.826278
1305032388.914716 0.418849 -0.725668 0.559368 -0.397828 -0.323732 -0.240724 0.824004
1305032388.950492 0.41303 -0.728439 0.567728 -0.396694 -0.328382 -0.241976 0.822342
1305032388.983354 0.408292 -0.729792 0.574977 -0.395067 -0.332597 -0.241893 0.821456
1305032389.015302 0.404758 -0.730457 0.581572 -0.394003 -0.337485 -0.241905 0.819968
1305032389.050498 0.401093 -0.730346 0.588334 -0.392553 -0.343462 -0.244157 0.81751
1305032389.083544 0.398915 -0.731114 0.595716 -0.389353 -0.35048 -0.249065 0.814577
1305032389.114834 0.39804 -0.730843 0.602615 -0.386446 -0.356775 -0.254183 0.811642
1305032389.150563 0.398206 -0.7292 0.60863 -0.385211 -0.361618 -0.258101 0.808844
1305032389.183847 0.397873 -0.728935 0.616517 -0.382279 -0.367232 -0.262691 0.806224
1305032389.215520 0.398855 -0.729146 0.621653 -0.377118 -0.37303 -0.267765 0.804321
1305032389.251042 0.40185 -0.726907 0.62482 -0.372981 -0.379238 -0.271663 0.802037
1305032389.283231 0.404503 -0.724157 0.628446 -0.369635 -0.386702 -0.275506 0.798704
1305032389.315296 0.409729 -0.723714 0.633079 -0.366714 -0.394093 -0.278178 0.795505
1305032389.351461 0.417059 -0.720781 0.635956 -0.36475 -0.399355 -0.2799 0.793177
1305032389.383520 0.425251 -0.716881 0.639042 -0.364764 -0.403097 -0.281027 0.790875
1305032389.415851 0.432116 -0.713527 0.643257 -0.364539 -0.407481 -0.28215 0.788329
1305032389.447191 0.440041 -0.712213 0.647358 -0.362412 -0.41273 -0.282362 0.786501
1305032389.484520 0.451063 -0.709698 0.649144 -0.361121 -0.417197 -0.281582 0.785016
1305032389.519411 0.461393 -0.70692 0.651577 -0.361233 -0.420569 -0.282284 0.78291
1305032389.551432 0.470636 -0.704605 0.654529 -0.36055 -0.422762 -0.283675 0.781539
1305032389.583908 0.480677 -0.70253 0.656014 -0.359574 -0.425501 -0.284407 0.780236
1305032389.619179 0.490959 -0.699596 0.656451 -0.359807 -0.428482 -0.283898 0.778681
1305032389.651751 0.499041 -0.697607 0.658353 -0.359804 -0.430974 -0.282792 0.777709
1305032389.683655 0.507827 -0.696043 0.661163 -0.357362 -0.432745 -0.279462 0.779054
1305032389.719141 0.518672 -0.693716 0.661786 -0.353842 -0.434721 -0.275369 0.781016
1305032389.751256 0.528806 -0.688832 0.661906 -0.350555 -0.436406 -0.271453 0.782927
1305032389.783396 0.536516 -0.685377 0.663193 -0.346466 -0.437879 -0.267197 0.785385
1305032389.815171 0.545393 -0.682398 0.663821 -0.341533 -0.439359 -0.26062 0.788921
1305032389.850251 0.555277 -0.677379 0.663331 -0.337153 -0.440328 -0.253541 0.792563
1305032389.883751 0.562194 -0.670395 0.663431 -0.330734 -0.44231 -0.247988 0.795914
1305032389.915433 0.565921 -0.663993 0.661937 -0.320167 -0.447211 -0.244675 0.798517
1305032389.950745 0.571418 -0.658351 0.658573 -0.30733 -0.455061 -0.241072 0.80022
1305032389.982637 0.575989 -0.6505 0.654567 -0.295405 -0.463239 -0.236093 0.801502
1305032390.019198 0.580108 -0.642381 0.651039 -0.282082 -0.473039 -0.231757 0.801843
1305032390.053174 0.586805 -0.635004 0.648576 -0.270352 -0.481451 -0.227576 0.802075
1305032390.081015 0.592961 -0.624227 0.645615 -0.262667 -0.485128 -0.223732 0.803493
1305032390.118347 0.595431 -0.614771 0.643245 -0.256892 -0.486635 -0.219427 0.805633
1305032390.149354 0.598699 -0.605799 0.640885 -0.250295 -0.487929 -0.212915 0.808669
1305032390.183538 0.603495 -0.595455 0.637914 -0.244077 -0.488968 -0.206952 0.811485
1305032390.219241 0.604394 -0.585594 0.637253 -0.23738 -0.489435 -0.202755 0.814245
1305032390.251134 0.608227 -0.576562 0.635286 -0.228733 -0.488982 -0.195403 0.818777
1305032390.282589 0.612636 -0.565824 0.633299 -0.221485 -0.488066 -0.185709 0.823558
1305032390.314979 0.61612 -0.555352 0.631204 -0.21527 -0.48648 -0.176167 0.828228
1305032390.350267 0.620317 -0.545419 0.629399 -0.21077 -0.485292 -0.166162 0.832141
1305032390.382610 0.622336 -0.536031 0.626937 -0.206696 -0.485401 -0.156631 0.834943
1305032390.415081 0.624269 -0.527736 0.62576 -0.201412 -0.487136 -0.147713 0.836847
1305032390.451519 0.627858 -0.51903 0.624469 -0.195293 -0.489093 -0.140516 0.838394
1305032390.479658 0.630046 -0.510087 0.62368 -0.190873 -0.490515 -0.134029 0.839642
1305032390.514929 0.631558 -0.502978 0.624513 -0.186745 -0.492002 -0.127084 0.840779
1305032390.550339 0.635376 -0.494528 0.625418 -0.180416 -0.493588 -0.119352 0.842364
1305032390.582772 0.639756 -0.485705 0.625513 -0.174554 -0.494517 -0.111181 0.84417
1305032390.618377 0.643713 -0.477873 0.628117 -0.169239 -0.495249 -0.103491 0.845799
1305032390.650434 0.650092 -0.468098 0.629319 -0.161733 -0.494918 -0.0954701 0.848401
1305032390.682873 0.655464 -0.457162 0.630086 -0.15543 -0.494245 -0.0890124 0.85067
1305032390.718194 0.660708 -0.447227 0.632316 -0.151503 -0.494942 -0.083733 0.851509
1305032390.750175 0.666095 -0.436812 0.634725 -0.14904 -0.495149 -0.078716 0.852302
1305032390.786274 0.672542 -0.425167 0.637732 -0.148536 -0.495233 -0.0745194 0.852718
1305032390.818507 0.676431 -0.413012 0.640999 -0.148812 -0.495405 -0.0711526 0.852858
1305032390.850437 0.681066 -0.402604 0.645029 -0.147696 -0.496266 -0.0670543 0.852883
1305032390.886597 0.687503 -0.391273 0.650081 -0.145933 -0.498008 -0.0629662 0.852483
1305032390.918398 0.691549 -0.379646 0.655365 -0.143716 -0.499343 -0.0595431 0.852324
1305032390.950305 0.695686 -0.3685 0.660165 -0.138141 -0.501394 -0.0555182 0.852314
1305032390.987238 0.701475 -0.355054 0.664973 -0.129039 -0.50536 -0.0501422 0.851731
1305032391.019268 0.708768 -0.34115 0.670415 -0.122537 -0.509371 -0.0464778 0.850509
1305032391.051279 0.714432 -0.328422 0.675185 -0.121556 -0.510928 -0.0442057 0.849836
1305032391.087153 0.716054 -0.313639 0.678675 -0.121904 -0.511648 -0.039854 0.849569
1305032391.118251 0.717159 -0.301937 0.681918 -0.119313 -0.514295 -0.0351841 0.848544
1305032391.150434 0.722361 -0.290272 0.685245 -0.114755 -0.517506 -0.0310092 0.847383
1305032391.186761 0.72568 -0.277177 0.689507 -0.112734 -0.519159 -0.0271609 0.846775
1305032391.218382 0.727466 -0.264178 0.692223 -0.112829 -0.519695 -0.0209525 0.846609
1305032391.250262 0.729934 -0.252227 0.693691 -0.11209 -0.520696 -0.014605 0.846226
1305032391.286409 0.731835 -0.239624 0.695747 -0.11176 -0.522293 -0.0095891 0.845356
1305032391.318198 0.733389 -0.227231 0.697218 -0.112793 -0.523793 -0.00419453 0.844335
1305032391.350223 0.735214 -0.215487 0.698391 -0.114083 -0.525098 0.00174378 0.843359
1305032391.386404 0.736846 -0.203655 0.698744 -0.115838 -0.526273 0.00710755 0.842359
1305032391.418275 0.73786 -0.192568 0.699189 -0.118385 -0.528265 0.0114915 0.840708
1305032391.450231 0.739338 -0.18175 0.699567 -0.121383 -0.530414 0.0165887 0.83884
1305032391.483296 0.740486 -0.171811 0.700509 -0.125768 -0.531371 0.0208699 0.837491
1305032391.518579 0.739701 -0.162562 0.701559 -0.128864 -0.530966 0.025677 0.837144
1305032391.548166 0.739883 -0.154536 0.702145 -0.130875 -0.530789 0.0329345 0.83669
1305032391.584774 0.7401 -0.146814 0.701121 -0.133883 -0.530913 0.0400167 0.835826
1305032391.617070 0.738616 -0.137278 0.699308 -0.137095 -0.531015 0.0461207 0.834926
1305032391.647210 0.736191 -0.129132 0.696357 -0.139981 -0.531976 0.0510285 0.833548
1305032391.683817 0.734592 -0.121026 0.692759 -0.143911 -0.534042 0.0556084 0.831262
1305032391.719489 0.732099 -0.111404 0.688868 -0.148618 -0.536083 0.057258 0.829005
1305032391.748029 0.727779 -0.103119 0.68695 -0.151957 -0.537311 0.056088 0.827683
1305032391.784539 0.725281 -0.0961328 0.684312 -0.155543 -0.536788 0.0575775 0.827255
1305032391.815353 0.72309 -0.0881985 0.681467 -0.161106 -0.533484 0.0595153 0.828189
1305032391.850480 0.718038 -0.0817491 0.679451 -0.164324 -0.528532 0.0591919 0.830752
1305032391.884688 0.715261 -0.0768843 0.676076 -0.163973 -0.524117 0.0599919 0.833555
1305032391.921342 0.712831 -0.0709736 0.672093 -0.164304 -0.520476 0.061071 0.835691
1305032391.953133 0.708662 -0.0646422 0.669523 -0.164849 -0.518891 0.0591559 0.836706
1305032391.983420 0.703422 -0.062053 0.668272 -0.160973 -0.518976 0.0543986 0.83773
