1305032354.009456 0 0 0 0 0 0 1
1305032354.045335 -0.000924862 -0.00745317 -0.000961703 -0.00952243 0.00296907 -0.00641086 0.99993
1305032354.076940 -0.000924862 -0.00745317 -0.000961703 -0.00952243 0.00296907 -0.00641086 0.99993
1305032354.109860 -0.00111784 -0.0153109 -0.00262756 -0.0175789 0.000985193 -0.00914975 0.999803
1305032354.145200 0.00207613 -0.0262584 -0.0033971 -0.03038 0.0022671 -0.0140908 0.999437
1305032354.177151 0.00305284 -0.0416724 -0.004382 -0.0476994 0.00537875 -0.011228 0.998784
1305032354.209651 0.00309581 -0.0594852 -0.00556308 -0.0641734 0.00745689 -0.0062867 0.997891
1305032354.244910 0.00483961 -0.0707865 -0.00698813 -0.078014 0.00959909 -5.44536e-05 0.996906
1305032354.277122 0.00638825 -0.0907696 -0.00821544 -0.0925745 0.0122543 -0.000427836 0.99563
1305032354.309733 0.00958176 -0.10925 -0.0102093 -0.0985345 0.01288 -0.000423065 0.99505
1305032354.345124 0.0113505 -0.126675 -0.013013 -0.103026 0.0122005 -0.00229423 0.994601
1305032354.377091 0.0113505 -0.126675 -0.013013 -0.103026 0.0122005 -0.00229423 0.994601
1305032354.407556 0.0121494 -0.145901 -0.0149899 -0.106535 0.0116717 -0.00648563 0.994219
1305032354.445200 0.0121494 -0.145901 -0.0149899 -0.106535 0.0116717 -0.00648563 0.994219
1305032354.477221 0.0157635 -0.157607 -0.0184431 -0.112528 0.0115894 -0.0101479 0.993529
1305032354.510161 0.0198292 -0.167389 -0.0239718 -0.120607 0.0128526 -0.00949535 0.992572
1305032354.545622 0.0226046 -0.177641 -0.0280434 -0.131124 0.016142 -0.00665808 0.991212
1305032354.577445 0.025819 -0.189412 -0.0309046 -0.147122 0.0205632 3.30514e-06 0.988905
1305032354.610249 0.0278326 -0.204468 -0.0334868 -0.164486 0.0246077 0.00656835 0.986051
1305032354.645613 0.0278695 -0.222334 -0.0341683 -0.179349 0.028574 0.0132064 0.983282
1305032354.677651 0.0303495 -0.23446 -0.0351728 -0.190815 0.0310597 0.0196889 0.980937
1305032354.709984 0.0287345 -0.248058 -0.0350554 -0.202589 0.0329193 0.0253906 0.978381
1305032354.745813 0.0287314 -0.260724 -0.0337956 -0.213954 0.0310934 0.0292182 0.975911
1305032354.777561 0.0306745 -0.27687 -0.0317251 -0.224829 0.0267996 0.0283764 0.973616
1305032354.813526 0.0332024 -0.293112 -0.0304003 -0.232225 0.0227747 0.0241543 0.972095
1305032354.845896 0.0340056 -0.307871 -0.0304008 -0.237541 0.0190222 0.0197341 0.970991
1305032354.877727 0.0346217 -0.320618 -0.0313366 -0.244016 0.0159155 0.0151899 0.969522
1305032354.913596 0.0365183 -0.335372 -0.0316799 -0.251233 0.0123821 0.00989027 0.967797
1305032354.946029 0.0364397 -0.345351 -0.0333614 -0.258658 0.0079844 0.00633394 0.965915
1305032354.977691 0.0394266 -0.363258 -0.0304019 -0.270408 0.00204116 -0.00284525 0.962739
1305032355.013557 0.0394266 -0.363258 -0.0304019 -0.270408 0.00204116 -0.00284525 0.962739
1305032355.045678 0.042584 -0.374365 -0.0307415 -0.284596 -0.0040338 -0.0130869 0.95855
1305032355.077711 0.0452903 -0.394935 -0.0252252 -0.298189 -0.0103638 -0.0254408 0.954111
1305032355.113721 0.0455583 -0.410674 -0.0210492 -0.306553 -0.0188147 -0.0363724 0.950972
1305032355.145771 0.0462266 -0.425349 -0.0159477 -0.315383 -0.0292806 -0.0449179 0.947448
1305032355.177863 0.0462266 -0.425349 -0.0159477 -0.315383 -0.0292806 -0.0449179 0.947448
1305032355.213995 0.0462266 -0.425349 -0.0159477 -0.315383 -0.0292806 -0.0449179 0.947448
1305032355.246379 0.0462266 -0.425349 -0.0159477 -0.315383 -0.0292806 -0.0449179 0.947448
1305032355.278991 0.0462266 -0.425349 -0.0159477 -0.315383 -0.0292806 -0.0449179 0.947448
1305032355.312689 0.0462266 -0.425349 -0.0159477 -0.315383 -0.0292806 -0.0449179 0.947448
1305032355.347016 0.0508735 -0.435427 -0.0116793 -0.319885 -0.0448482 -0.0454525 0.945302
1305032355.379246 0.0508735 -0.435427 -0.0116793 -0.319885 -0.0448482 -0.0454525 0.945302
1305032355.415084 0.0508735 -0.435427 -0.0116793 -0.319885 -0.0448482 -0.0454525 0.945302
1305032355.446636 0.0508735 -0.435427 -0.0116793 -0.319885 -0.0448482 -0.0454525 0.945302
1305032355.479127 0.0508735 -0.435427 -0.0116793 -0.319885 -0.0448482 -0.0454525 0.945302
1305032355.514371 0.0508735 -0.435427 -0.0116793 -0.319885 -0.0448482 -0.0454525 0.945302
1305032355.546522 0.0508735 -0.435427 -0.0116793 -0.319885 -0.0448482 -0.0454525 0.945302
1305032355.578354 0.0508735 -0.435427 -0.0116793 -0.319885 -0.0448482 -0.0454525 0.945302
1305032355.614298 0.0508735 -0.435427 -0.0116793 -0.319885 -0.0448482 -0.0454525 0.945302
1305032355.646429 0.06714 -0.447763 -0.00918376 -0.317461 -0.0502184 -0.0468571 0.945781
1305032355.679021 0.06714 -0.447763 -0.00918376 -0.317461 -0.0502184 -0.0468571 0.945781
1305032355.715171 0.0745632 -0.460873 -0.00811926 -0.314742 -0.0537291 -0.0465256 0.946513
1305032355.747547 0.0861733 -0.476376 -0.00601392 -0.310283 -0.0588635 -0.0444491 0.947779
1305032355.779172 0.0861733 -0.476376 -0.00601392 -0.310283 -0.0588635 -0.0444491 0.947779
1305032355.815082 0.0861733 -0.476376 -0.00601392 -0.310283 -0.0588635 -0.0444491 0.947779
1305032355.847746 0.0861733 -0.476376 -0.00601392 -0.310283 -0.0588635 -0.0444491 0.947779
1305032355.879256 0.101769 -0.483382 -0.0113251 -0.286806 -0.0566148 -0.0576858 0.954573
1305032355.914958 0.101769 -0.483382 -0.0113251 -0.286806 -0.0566148 -0.0576858 0.954573
1305032355.947516 0.101769 -0.483382 -0.0113251 -0.286806 -0.0566148 -0.0576858 0.954573
1305032355.979562 0.114931 -0.482871 -0.0158584 -0.292283 -0.0552189 -0.0539561 0.95321
1305032356.015124 0.124304 -0.484821 -0.0179329 -0.303019 -0.0550838 -0.0453219 0.950311
1305032356.047385 0.123997 -0.492737 -0.0144599 -0.31236 -0.0582647 -0.0346084 0.947544
1305032356.083040 0.128939 -0.503673 -0.011933 -0.314143 -0.0667744 -0.0240034 0.94672
1305032356.114352 0.128939 -0.503673 -0.011933 -0.314143 -0.0667744 -0.0240034 0.94672
1305032356.146404 0.125137 -0.502814 -0.0114337 -0.315456 -0.0719401 -0.0245437 0.945891
1305032356.182442 0.125137 -0.502814 -0.0114337 -0.315456 -0.0719401 -0.0245437 0.945891
1305032356.214279 0.127262 -0.512226 -0.00506627 -0.315683 -0.0776407 -0.0362712 0.944987
1305032356.246658 0.127262 -0.512226 -0.00506627 -0.315683 -0.0776407 -0.0362712 0.944987
1305032356.282363 0.127262 -0.512226 -0.00506627 -0.315683 -0.0776407 -0.0362712 0.944987
1305032356.314238 0.127262 -0.512226 -0.00506627 -0.315683 -0.0776407 -0.0362712 0.944987
1305032356.346442 0.126407 -0.512885 2.78052e-05 -0.314711 -0.0782012 -0.0315255 0.945435
1305032356.382453 0.126407 -0.512885 2.78052e-05 -0.314711 -0.0782012 -0.0315255 0.945435
1305032356.414237 0.130188 -0.510835 0.00599164 -0.297827 -0.084912 -0.0304186 0.950349
1305032356.446755 0.132783 -0.501712 0.00652474 -0.281421 -0.0919684 -0.0313694 0.954652
1305032356.482444 0.139288 -0.494061 0.0103916 -0.268181 -0.0981929 -0.0338386 0.957754
1305032356.514490 0.151369 -0.482894 0.0134938 -0.25323 -0.102472 -0.0400544 0.961129
1305032356.546721 0.151369 -0.482894 0.0134938 -0.25323 -0.102472 -0.0400544 0.961129
1305032356.582446 0.169321 -0.470766 0.0117771 -0.239173 -0.103635 -0.0535263 0.963946
1305032356.614314 0.187417 -0.450216 0.00835086 -0.229856 -0.103872 -0.0644998 0.965514
1305032356.646374 0.187417 -0.450216 0.00835086 -0.229856 -0.103872 -0.0644998 0.965514
1305032356.683322 0.196757 -0.436618 0.00689841 -0.220376 -0.0999086 -0.0701653 0.967744
1305032356.715172 0.210144 -0.417414 0.00259293 -0.209263 -0.0972912 -0.0699753 0.970488
1305032356.743534 0.222873 -0.401045 -0.0013482 -0.199367 -0.0943134 -0.067165 0.97306
1305032356.782372 0.237322 -0.378777 -0.00640431 -0.187652 -0.0925851 -0.0641561 0.975756
1305032356.814985 0.251348 -0.368911 -0.00423017 -0.182098 -0.091832 -0.0609405 0.977084
1305032356.846535 0.251348 -0.368911 -0.00423017 -0.182098 -0.091832 -0.0609405 0.977084
1305032356.882068 0.262785 -0.35133 -0.00565584 -0.172039 -0.0933948 -0.0516886 0.97929
1305032356.914707 0.269162 -0.332302 -0.00732314 -0.167919 -0.0939291 -0.0435921 0.980347
1305032356.947460 0.272822 -0.316841 -0.00842871 -0.165315 -0.0938246 -0.0320966 0.981243
1305032356.982294 0.274047 -0.29802 -0.0116553 -0.162438 -0.0940489 -0.019203 0.982039
1305032357.014261 0.276446 -0.277655 -0.0144846 -0.15992 -0.0949265 -0.00774443 0.982525
1305032357.046550 0.277787 -0.265297 -0.0151231 -0.157655 -0.0960195 -0.000197222 0.982815
1305032357.082118 0.2794 -0.252432 -0.0153525 -0.151644 -0.0991362 0.00673337 0.983428
1305032357.114108 0.281117 -0.237095 -0.0158733 -0.146035 -0.104166 0.013417 0.983689
1305032357.146528 0.280558 -0.226062 -0.0163728 -0.139609 -0.109887 0.0194491 0.983898
1305032357.182108 0.288129 -0.208786 -0.0175792 -0.134909 -0.114046 0.0241791 0.983976
1305032357.214184 0.288129 -0.208786 -0.0175792 -0.134909 -0.114046 0.0241791 0.983976
1305032357.250098 0.292309 -0.197333 -0.0205652 -0.125904 -0.119525 0.0285966 0.984401
1305032357.282087 0.300034 -0.184967 -0.0232364 -0.115233 -0.121525 0.0330506 0.985323
1305032357.314085 0.305234 -0.167669 -0.0280784 -0.107594 -0.119445 0.0407878 0.98615
1305032357.350168 0.311522 -0.151309 -0.0342465 -0.101429 -0.118637 0.0491175 0.986522
1305032357.382141 0.315243 -0.134191 -0.0391628 -0.0943477 -0.118056 0.054503 0.987011
1305032357.414454 0.317625 -0.116283 -0.0427921 -0.0932848 -0.116982 0.0588888 0.986988
1305032357.450340 0.320874 -0.099588 -0.0455811 -0.0941542 -0.11578 0.0649146 0.986669
1305032357.482241 0.322795 -0.0808502 -0.0495745 -0.0957948 -0.11419 0.0748507 0.985993
1305032357.513987 0.326311 -0.0577997 -0.0551451 -0.0987077 -0.112553 0.0836485 0.985186
1305032357.549979 0.330781 -0.0398916 -0.0595245 -0.101557 -0.110666 0.0905666 0.984498
1305032357.582946 0.334083 -0.0246317 -0.063108 -0.103371 -0.109271 0.0955199 0.983997
1305032357.611057 0.336217 -0.0111574 -0.0674782 -0.105339 -0.107799 0.098866 0.98362
1305032357.650783 0.339472 0.0106165 -0.0744416 -0.107862 -0.106586 0.0990392 0.983461
1305032357.683024 0.343257 0.0303802 -0.081386 -0.112099 -0.104483 0.0979891 0.983319
1305032357.710979 0.343257 0.0303802 -0.081386 -0.112099 -0.104483 0.0979891 0.983319
1305032357.750457 0.351876 0.0459413 -0.0861002 -0.115015 -0.101926 0.0972791 0.983321
1305032357.783108 0.35972 0.0569024 -0.0899958 -0.119167 -0.0977055 0.0954651 0.983432
1305032357.814444 0.365907 0.0640503 -0.0930552 -0.121521 -0.093383 0.0930907 0.983792
1305032357.850329 0.374082 0.075688 -0.0972677 -0.124221 -0.0893057 0.0890683 0.984205
1305032357.882357 0.378776 0.0835141 -0.100881 -0.128287 -0.0828766 0.0863851 0.984485
1305032357.914168 0.38121 0.0903587 -0.102593 -0.126849 -0.075241 0.085175 0.98539
1305032357.948987 0.376429 0.095944 -0.105327 -0.123683 -0.0662413 0.0831599 0.98661
1305032357.982077 0.374933 0.102174 -0.106076 -0.119331 -0.0605816 0.0829073 0.98753
1305032358.010855 0.374933 0.102174 -0.106076 -0.119331 -0.0605816 0.0829073 0.98753
1305032358.050220 0.371303 0.103924 -0.102295 -0.10988 -0.0578924 0.0797338 0.989049
1305032358.082211 0.371303 0.103924 -0.102295 -0.10988 -0.0578924 0.0797338 0.989049
1305032358.115784 0.36574 0.107579 -0.0982327 -0.100564 -0.0559621 0.0773758 0.990337
1305032358.150676 0.357796 0.103155 -0.0918241 -0.088273 -0.0549521 0.071346 0.992017
1305032358.183396 0.350787 0.105678 -0.0851923 -0.0759004 -0.0549875 0.0688927 0.993212
1305032358.214748 0.345447 0.107016 -0.0758024 -0.065692 -0.0567582 0.0652737 0.994084
1305032358.251221 0.338046 0.103651 -0.0656941 -0.0547748 -0.0591642 0.0623178 0.994794
1305032358.283060 0.333012 0.110609 -0.0566435 -0.0435867 -0.0629527 0.0627364 0.995089
1305032358.314611 0.333012 0.110609 -0.0566435 -0.0435867 -0.0629527 0.0627364 0.995089
1305032358.350749 0.327881 0.109064 -0.0472929 -0.0369147 -0.0673592 0.0660702 0.994854
1305032358.381865 0.322002 0.120277 -0.039302 -0.030875 -0.0711583 0.0695399 0.994559
1305032358.414355 0.322002 0.120277 -0.039302 -0.030875 -0.0711583 0.0695399 0.994559
1305032358.447967 0.318345 0.120919 -0.0335958 -0.0305578 -0.0768298 0.0732805 0.993878
1305032358.481387 0.316677 0.131708 -0.0307942 -0.0279873 -0.080143 0.0751614 0.993551
1305032358.517650 0.316346 0.151137 -0.02941 -0.0295582 -0.0811463 0.0776928 0.99323
1305032358.548167 0.319567 0.160336 -0.0281457 -0.0329638 -0.0818645 0.0794061 0.992928
1305032358.582146 0.322947 0.168458 -0.0283146 -0.0347259 -0.081475 0.0800208 0.992851
1305032358.616710 0.326235 0.176661 -0.0287262 -0.0363604 -0.0810607 0.081019 0.992745
1305032358.649112 0.326993 0.184525 -0.0305064 -0.0380487 -0.0804615 0.0794683 0.992856
1305032358.681202 0.327781 0.183962 -0.0312495 -0.0394972 -0.0801537 0.0800986 0.992774
1305032358.716920 0.32761 0.181831 -0.0316107 -0.0407715 -0.0799084 0.0804333 0.992715
1305032358.746598 0.327503 0.176307 -0.03122 -0.0418272 -0.0799415 0.080708 0.992646
1305032358.779352 0.327503 0.176307 -0.03122 -0.0418272 -0.0799415 0.080708 0.992646
1305032358.817050 0.325134 0.161098 -0.0307485 -0.0423122 -0.0817984 0.080161 0.992518
1305032358.849277 0.324856 0.144367 -0.0308399 -0.0428418 -0.0876609 0.0780592 0.992163
1305032358.882669 0.328214 0.128971 -0.0312933 -0.0420585 -0.0939783 0.0757493 0.991797
1305032358.917982 0.328214 0.128971 -0.0312933 -0.0420585 -0.0939783 0.0757493 0.991797
1305032358.951038 0.328627 0.115548 -0.0338865 -0.0444254 -0.0977513 0.0726279 0.991563
1305032358.983085 0.32732 0.0968471 -0.0360848 -0.0482292 -0.101155 0.0682046 0.991357
1305032359.019148 0.331007 0.0849231 -0.039712 -0.0530328 -0.106017 0.0631177 0.990941
1305032359.051225 0.337869 0.0754711 -0.0422895 -0.0633227 -0.109358 0.054135 0.990505
1305032359.082899 0.346219 0.0606791 -0.0440796 -0.075373 -0.110946 0.0451192 0.989936
1305032359.118855 0.346219 0.0606791 -0.0440796 -0.075373 -0.110946 0.0451192 0.989936
1305032359.151254 0.358868 0.0461528 -0.0475404 -0.0866166 -0.110553 0.0394832 0.989301
1305032359.183363 0.371191 0.0289058 -0.0508399 -0.0990501 -0.1084 0.0340542 0.988574
1305032359.219267 0.377824 0.0156649 -0.0562588 -0.111791 -0.105472 0.0287163 0.987701
1305032359.251063 0.385994 0.00606687 -0.0623415 -0.127083 -0.101097 0.0271941 0.986352
1305032359.283123 0.39694 -0.00136384 -0.0678032 -0.143298 -0.0959057 0.0259043 0.984681
1305032359.319238 0.403186 -0.0140659 -0.0713836 -0.158909 -0.0911723 0.0215718 0.982838
1305032359.350945 0.406147 -0.0299506 -0.0735786 -0.173989 -0.087235 0.0161975 0.980742
1305032359.383033 0.406147 -0.0299506 -0.0735786 -0.173989 -0.087235 0.0161975 0.980742
1305032359.418684 0.411116 -0.0470936 -0.0730682 -0.188057 -0.0848903 0.0130095 0.978396
1305032359.450700 0.41367 -0.067789 -0.0700348 -0.200185 -0.084034 0.00614026 0.976128
1305032359.482630 0.417994 -0.0864306 -0.0654574 -0.211997 -0.0838396 -0.00133904 0.973666
1305032359.517271 0.422715 -0.107557 -0.0594737 -0.22497 -0.0836831 -0.0059637 0.970747
1305032359.549406 0.422715 -0.107557 -0.0594737 -0.22497 -0.0836831 -0.0059637 0.970747
1305032359.580783 0.426621 -0.123547 -0.0541589 -0.233792 -0.0837769 -0.00706742 0.968645
1305032359.618509 0.433863 -0.137795 -0.0481445 -0.248948 -0.0821596 -0.00619852 0.965006
1305032359.648297 0.436964 -0.153619 -0.0398417 -0.262314 -0.0788921 -0.00343213 0.961746
1305032359.682616 0.440227 -0.169018 -0.0310818 -0.275092 -0.0769689 -0.00190538 0.95833
1305032359.717507 0.440268 -0.185241 -0.0211358 -0.28589 -0.0766392 -0.00495661 0.95518
1305032359.747140 0.440268 -0.185241 -0.0211358 -0.28589 -0.0766392 -0.00495661 0.95518
1305032359.784467 0.442758 -0.200026 -0.0106599 -0.295827 -0.0817499 -0.00576674 0.95172
1305032359.814695 0.451956 -0.216071 0.00180494 -0.304611 -0.0861004 -0.011193 0.948511
1305032359.847549 0.451956 -0.216071 0.00180494 -0.304611 -0.0861004 -0.011193 0.948511
1305032359.886136 0.460554 -0.231986 0.0150217 -0.314452 -0.0908982 -0.0147318 0.944797
1305032359.915265 0.47104 -0.247145 0.0290381 -0.322391 -0.0964452 -0.019512 0.941479
1305032359.947309 0.477736 -0.260357 0.0409453 -0.330948 -0.102351 -0.025631 0.937732
1305032359.984090 0.483953 -0.272613 0.0539125 -0.33966 -0.109176 -0.0319622 0.933643
1305032360.018877 0.489622 -0.281366 0.065239 -0.349948 -0.117206 -0.0382481 0.928621
1305032360.051651 0.489622 -0.281366 0.065239 -0.349948 -0.117206 -0.0382481 0.928621
1305032360.087324 0.489622 -0.281366 0.065239 -0.349948 -0.117206 -0.0382481 0.928621
1305032360.119052 0.495824 -0.292582 0.0830943 -0.36442 -0.127027 -0.0465103 0.921357
1305032360.151201 0.495824 -0.292582 0.0830943 -0.36442 -0.127027 -0.0465103 0.921357
1305032360.187139 0.495824 -0.292582 0.0830943 -0.36442 -0.127027 -0.0465103 0.921357
1305032360.218935 0.495824 -0.292582 0.0830943 -0.36442 -0.127027 -0.0465103 0.921357
1305032360.251170 0.495824 -0.292582 0.0830943 -0.36442 -0.127027 -0.0465103 0.921357
1305032360.285679 0.495824 -0.292582 0.0830943 -0.36442 -0.127027 -0.0465103 0.921357
1305032360.318280 0.495824 -0.292582 0.0830943 -0.36442 -0.127027 -0.0465103 0.921357
1305032360.347303 0.495824 -0.292582 0.0830943 -0.36442 -0.127027 -0.0465103 0.921357
1305032360.387567 0.500725 -0.307734 0.113449 -0.360258 -0.13827 -0.0541391 0.920958
1305032360.419307 0.500725 -0.307734 0.113449 -0.360258 -0.13827 -0.0541391 0.920958
1305032360.447080 0.500725 -0.307734 0.113449 -0.360258 -0.13827 -0.0541391 0.920958
1305032360.487302 0.500725 -0.307734 0.113449 -0.360258 -0.13827 -0.0541391 0.920958
1305032360.516084 0.500725 -0.307734 0.113449 -0.360258 -0.13827 -0.0541391 0.920958
1305032360.550452 0.500725 -0.307734 0.113449 -0.360258 -0.13827 -0.0541391 0.920958
1305032360.585577 0.500725 -0.307734 0.113449 -0.360258 -0.13827 -0.0541391 0.920958
1305032360.616453 0.500725 -0.307734 0.113449 -0.360258 -0.13827 -0.0541391 0.920958
1305032360.651196 0.496034 -0.333521 0.178185 -0.35539 -0.14551 -0.0654968 0.920997
1305032360.683724 0.496034 -0.333521 0.178185 -0.35539 -0.14551 -0.0654968 0.920997
1305032360.716902 0.496034 -0.333521 0.178185 -0.35539 -0.14551 -0.0654968 0.920997
1305032360.750823 0.496034 -0.333521 0.178185 -0.35539 -0.14551 -0.0654968 0.920997
1305032360.787088 0.496034 -0.333521 0.178185 -0.35539 -0.14551 -0.0654968 0.920997
1305032360.817705 0.496034 -0.333521 0.178185 -0.35539 -0.14551 -0.0654968 0.920997
1305032360.851074 0.496034 -0.333521 0.178185 -0.35539 -0.14551 -0.0654968 0.920997
1305032360.887553 0.469841 -0.339802 0.251907 -0.350019 -0.151739 -0.0628385 0.922233
1305032360.919281 0.469841 -0.339802 0.251907 -0.350019 -0.151739 -0.0628385 0.922233
1305032360.951273 0.469841 -0.339802 0.251907 -0.350019 -0.151739 -0.0628385 0.922233
1305032360.983341 0.469841 -0.339802 0.251907 -0.350019 -0.151739 -0.0628385 0.922233
1305032361.019684 0.469841 -0.339802 0.251907 -0.350019 -0.151739 -0.0628385 0.922233
1305032361.055112 0.469841 -0.339802 0.251907 -0.350019 -0.151739 -0.0628385 0.922233
1305032361.083402 0.435567 -0.350714 0.35046 -0.354336 -0.16109 -0.0661679 0.918759
1305032361.118826 0.408226 -0.362401 0.432304 -0.355127 -0.170927 -0.0730729 0.916149
1305032361.155055 0.385335 -0.371665 0.497985 -0.3489 -0.181482 -0.078975 0.916022
1305032361.187451 0.385335 -0.371665 0.497985 -0.3489 -0.181482 -0.078975 0.916022
1305032361.214912 0.385335 -0.371665 0.497985 -0.3489 -0.181482 -0.078975 0.916022
1305032361.250889 0.385335 -0.371665 0.497985 -0.3489 -0.181482 -0.078975 0.916022
1305032361.283006 0.357938 -0.369853 0.563251 -0.33413 -0.19017 -0.0811065 0.919573
1305032361.318300 0.357938 -0.369853 0.563251 -0.33413 -0.19017 -0.0811065 0.919573
1305032361.353596 0.357938 -0.369853 0.563251 -0.33413 -0.19017 -0.0811065 0.919573
1305032361.385885 0.34353 -0.367427 0.619597 -0.331249 -0.197773 -0.0812555 0.918998
1305032361.418314 0.341237 -0.356548 0.658135 -0.325371 -0.207968 -0.0806353 0.918902
1305032361.454287 0.34602 -0.349676 0.691358 -0.322637 -0.217792 -0.0839134 0.917295
1305032361.482980 0.34602 -0.349676 0.691358 -0.322637 -0.217792 -0.0839134 0.917295
1305032361.517186 0.34602 -0.349676 0.691358 -0.322637 -0.217792 -0.0839134 0.917295
1305032361.554410 0.34602 -0.349676 0.691358 -0.322637 -0.217792 -0.0839134 0.917295
1305032361.586249 0.34602 -0.349676 0.691358 -0.322637 -0.217792 -0.0839134 0.917295
1305032361.614853 0.34602 -0.349676 0.691358 -0.322637 -0.217792 -0.0839134 0.917295
1305032361.654354 0.34602 -0.349676 0.691358 -0.322637 -0.217792 -0.0839134 0.917295
1305032361.683032 0.384546 -0.340811 0.744182 -0.307246 -0.218821 -0.0841539 0.922299
1305032361.715384 0.41348 -0.331064 0.779199 -0.292016 -0.216635 -0.0823748 0.927906
1305032361.754316 0.437975 -0.318999 0.803095 -0.278777 -0.214573 -0.0768156 0.932921
1305032361.782986 0.437975 -0.318999 0.803095 -0.278777 -0.214573 -0.0768156 0.932921
1305032361.819589 0.465546 -0.302518 0.819228 -0.277168 -0.203718 -0.0661326 0.936645
1305032361.855109 0.487245 -0.283963 0.830272 -0.27769 -0.192698 -0.0575222 0.939386
1305032361.886775 0.487245 -0.283963 0.830272 -0.27769 -0.192698 -0.0575222 0.939386
1305032361.919175 0.510235 -0.268454 0.842995 -0.278363 -0.187695 -0.0515658 0.940545
1305032361.955033 0.510235 -0.268454 0.842995 -0.278363 -0.187695 -0.0515658 0.940545
1305032361.987135 0.526988 -0.25008 0.849958 -0.267532 -0.184672 -0.038517 0.944902
1305032362.019273 0.526988 -0.25008 0.849958 -0.267532 -0.184672 -0.038517 0.944902
1305032362.054809 0.552246 -0.233524 0.858065 -0.270668 -0.183989 -0.0346476 0.944292
1305032362.086432 0.572637 -0.218471 0.86795 -0.270315 -0.179887 -0.0260939 0.945457
1305032362.118268 0.588746 -0.202461 0.875788 -0.268963 -0.176019 -0.0122574 0.946851
1305032362.154488 0.602755 -0.183649 0.882818 -0.265893 -0.172427 0.000192006 0.948457
1305032362.186946 0.612697 -0.166712 0.890801 -0.263623 -0.17042 0.00871255 0.949412
1305032362.223302 0.618495 -0.150736 0.895942 -0.261484 -0.17237 0.0135948 0.949595
1305032362.254745 0.624828 -0.132472 0.899541 -0.259813 -0.174176 0.0193005 0.949625
1305032362.286962 0.630251 -0.114306 0.901165 -0.259728 -0.175684 0.0269617 0.949184
1305032362.322988 0.635162 -0.0999405 0.903249 -0.258818 -0.178874 0.0319983 0.94868
1305032362.355069 0.639565 -0.0846082 0.905829 -0.25512 -0.183679 0.0360555 0.948618
1305032362.386153 0.646546 -0.0681266 0.909307 -0.251952 -0.19146 0.0403567 0.947752
1305032362.421202 0.654443 -0.0536188 0.915206 -0.247677 -0.199921 0.0437259 0.946982
1305032362.452718 0.663065 -0.0367462 0.923149 -0.240759 -0.208558 0.045524 0.946819
1305032362.487094 0.669067 -0.0161451 0.927946 -0.23521 -0.215517 0.0491736 0.946473
1305032362.523226 0.672801 0.00081279 0.934259 -0.232272 -0.221466 0.0518996 0.945679
1305032362.554152 0.675416 0.0165821 0.940119 -0.228049 -0.227901 0.0527185 0.945133
1305032362.586874 0.675159 0.0283441 0.946999 -0.223443 -0.232528 0.0529505 0.945093
1305032362.623276 0.675324 0.0406407 0.951526 -0.218137 -0.23573 0.0571345 0.945295
1305032362.655272 0.673126 0.0560286 0.951487 -0.217288 -0.237047 0.0610891 0.944914
1305032362.687068 0.672709 0.0704149 0.95376 -0.218557 -0.239647 0.0651837 0.943691
1305032362.723139 0.671599 0.0850345 0.956085 -0.219706 -0.243781 0.0697344 0.942039
1305032362.752501 0.670558 0.0958522 0.959101 -0.220851 -0.248084 0.0736124 0.940351
1305032362.786189 0.667117 0.103421 0.959534 -0.219868 -0.249511 0.0781343 0.939839
1305032362.822975 0.665053 0.108565 0.960964 -0.217105 -0.250697 0.0826817 0.939777
1305032362.854747 0.662616 0.113837 0.961381 -0.21309 -0.251533 0.085326 0.940236
1305032362.887079 0.659621 0.118994 0.960703 -0.209303 -0.252221 0.0880264 0.940653
1305032362.922917 0.657404 0.123291 0.959423 -0.204841 -0.25438 0.0882923 0.941029
1305032362.955254 0.658223 0.128299 0.961456 -0.19849 -0.257357 0.0863902 0.941757
1305032362.987432 0.658044 0.131754 0.962026 -0.190102 -0.256845 0.0862061 0.943642
1305032363.023019 0.658311 0.135023 0.962454 -0.176981 -0.255518 0.0917641 0.946027
1305032363.050785 0.661294 0.142753 0.963225 -0.16281 -0.254247 0.0934374 0.948747
1305032363.087129 0.659766 0.148281 0.962616 -0.15212 -0.248255 0.0959643 0.951851
1305032363.121871 0.658182 0.149431 0.961698 -0.13983 -0.24405 0.104291 0.953945
1305032363.152039 0.658825 0.157155 0.960372 -0.126247 -0.242753 0.10758 0.955803
1305032363.186339 0.659067 0.166771 0.958787 -0.117003 -0.239938 0.109126 0.957513
1305032363.223545 0.656937 0.169769 0.957014 -0.109131 -0.237528 0.114941 0.958363
1305032363.254897 0.656669 0.181528 0.952684 -0.101609 -0.237411 0.122201 0.958321
1305032363.286746 0.656669 0.181528 0.952684 -0.101609 -0.237411 0.122201 0.958321
1305032363.323009 0.657413 0.178505 0.95297 -0.0983183 -0.237643 0.120777 0.958787
1305032363.351268 0.662597 0.18833 0.950457 -0.0929551 -0.234844 0.121549 0.959913
1305032363.387226 0.6656 0.195362 0.949077 -0.087779 -0.229056 0.125746 0.961258
1305032363.423169 0.665844 0.201556 0.947018 -0.0820496 -0.226184 0.132261 0.961569
1305032363.454680 0.671019 0.212264 0.948558 -0.0811431 -0.224986 0.134723 0.961586
1305032363.490519 0.676648 0.219538 0.952475 -0.081436 -0.223715 0.135799 0.961706
1305032363.522372 0.676648 0.219538 0.952475 -0.081436 -0.223715 0.135799 0.961706
1305032363.554139 0.679898 0.237812 0.953926 -0.0840465 -0.223106 0.13889 0.961181
1305032363.589728 0.679898 0.237812 0.953926 -0.0840465 -0.223106 0.13889 0.961181
1305032363.622073 0.680069 0.244401 0.953293 -0.0860135 -0.224261 0.14554 0.959753
1305032363.653876 0.680069 0.244401 0.953293 -0.0860135 -0.224261 0.14554 0.959753
1305032363.689996 0.680069 0.244401 0.953293 -0.0860135 -0.224261 0.14554 0.959753
1305032363.721151 0.680069 0.244401 0.953293 -0.0860135 -0.224261 0.14554 0.959753
1305032363.754688 0.680069 0.244401 0.953293 -0.0860135 -0.224261 0.14554 0.959753
1305032363.789766 0.68535 0.239603 0.955193 -0.081798 -0.22932 0.142718 0.95935
1305032363.820015 0.69327 0.234313 0.959605 -0.076272 -0.232805 0.142152 0.95905
1305032363.850926 0.699777 0.231307 0.966313 -0.0686526 -0.233905 0.143992 0.959084
1305032363.889635 0.701584 0.228019 0.97171 -0.0586063 -0.234348 0.14825 0.958993
1305032363.918945 0.700614 0.228427 0.975957 -0.0525367 -0.237922 0.153431 0.957649
1305032363.953919 0.698628 0.219749 0.982105 -0.0527265 -0.244573 0.148392 0.956757
1305032363.989477 0.695516 0.209551 0.984414 -0.0469946 -0.249208 0.140739 0.957016
1305032364.021974 0.690045 0.202259 0.983952 -0.0451378 -0.251035 0.13885 0.956904
1305032364.051316 0.686015 0.191838 0.982272 -0.0446907 -0.253497 0.136454 0.95662
1305032364.089983 0.679906 0.177493 0.978126 -0.0432136 -0.25654 0.133408 0.956306
1305032364.121945 0.6765 0.166686 0.975467 -0.0440606 -0.261158 0.132491 0.955145
1305032364.154479 0.6765 0.166686 0.975467 -0.0440606 -0.261158 0.132491 0.955145
1305032364.187829 0.674127 0.15393 0.973426 -0.0472093 -0.272281 0.12995 0.952233
1305032364.220131 0.673625 0.145823 0.973405 -0.055293 -0.284459 0.122867 0.949173
1305032364.254427 0.671638 0.132075 0.974666 -0.0657682 -0.297392 0.115922 0.945407
1305032364.287208 0.670656 0.119041 0.974711 -0.0731398 -0.311522 0.10834 0.941205
1305032364.321001 0.670596 0.105209 0.977549 -0.0818649 -0.324816 0.0996726 0.936941
1305032364.353803 0.670596 0.105209 0.977549 -0.0818649 -0.324816 0.0996726 0.936941
1305032364.390393 0.668319 0.0926435 0.980373 -0.0932164 -0.336143 0.0883165 0.933016
1305032364.422934 0.668319 0.0926435 0.980373 -0.0932164 -0.336143 0.0883165 0.933016
1305032364.454973 0.663854 0.0767739 0.98998 -0.10682 -0.348674 0.0760394 0.928027
1305032364.490909 0.660674 0.0599153 0.999588 -0.120026 -0.360401 0.0612778 0.923011
1305032364.523222 0.656406 0.0386527 1.01088 -0.132476 -0.370409 0.0468737 0.918178
1305032364.555371 0.650444 0.0189696 1.01833 -0.142555 -0.380815 0.0319724 0.913037
1305032364.590015 0.645744 -0.0034696 1.02924 -0.150729 -0.389248 0.0146816 0.908598
1305032364.622240 0.642341 -0.0253851 1.04143 -0.156227 -0.394473 -0.000555962 0.90553
1305032364.654940 0.642341 -0.0253851 1.04143 -0.156227 -0.394473 -0.000555962 0.90553
1305032364.691021 0.632951 -0.0401486 1.05584 -0.162994 -0.398251 -0.0119216 0.9026
1305032364.723145 0.624572 -0.0560786 1.07066 -0.171298 -0.40097 -0.0270038 0.899528
1305032364.758771 0.614523 -0.0723371 1.08378 -0.184915 -0.403392 -0.0392335 0.895289
1305032364.790576 0.605892 -0.0919056 1.09867 -0.199487 -0.405619 -0.0529435 0.890436
1305032364.822800 0.595288 -0.113686 1.113 -0.208326 -0.40547 -0.0661996 0.887588
1305032364.858509 0.580947 -0.137145 1.12385 -0.212129 -0.408275 -0.0775742 0.884475
1305032364.889427 0.566556 -0.158344 1.13027 -0.214921 -0.414388 -0.0862465 0.880144
1305032364.923105 0.556289 -0.176769 1.13939 -0.220438 -0.418713 -0.0940672 0.875921
1305032364.956761 0.556289 -0.176769 1.13939 -0.220438 -0.418713 -0.0940672 0.875921
1305032364.991437 0.53714 -0.196452 1.14898 -0.226584 -0.424025 -0.0994827 0.871187
1305032365.022936 0.519986 -0.214171 1.15624 -0.231838 -0.428548 -0.102278 0.867258
1305032365.059290 0.506756 -0.228716 1.16446 -0.236795 -0.432776 -0.105993 0.863365
1305032365.087143 0.49298 -0.241858 1.1717 -0.24033 -0.437028 -0.112606 0.8594
1305032365.123256 0.480453 -0.25249 1.1782 -0.244486 -0.441898 -0.121025 0.854579
1305032365.159298 0.467442 -0.264044 1.186 -0.251219 -0.447114 -0.130206 0.848543
1305032365.191271 0.45258 -0.277678 1.19181 -0.254501 -0.452572 -0.139761 0.843134
1305032365.223463 0.438641 -0.288957 1.19612 -0.253517 -0.458079 -0.15002 0.838682
1305032365.256958 0.423866 -0.300389 1.19798 -0.252847 -0.464011 -0.160353 0.833696
1305032365.290273 0.410377 -0.310584 1.20113 -0.253983 -0.470706 -0.167906 0.828092
1305032365.323458 0.398663 -0.320078 1.20448 -0.256885 -0.477509 -0.175254 0.821755
1305032365.359591 0.398663 -0.320078 1.20448 -0.256885 -0.477509 -0.175254 0.821755
1305032365.391371 0.382117 -0.327931 1.20654 -0.254993 -0.483717 -0.181491 0.817348
1305032365.423267 0.367999 -0.335689 1.20938 -0.256748 -0.489259 -0.188801 0.811825
1305032365.459383 0.353273 -0.34599 1.21019 -0.257023 -0.495319 -0.195032 0.806574
1305032365.491152 0.343131 -0.35186 1.211 -0.256729 -0.502561 -0.197428 0.801589
1305032365.523217 0.343131 -0.35186 1.211 -0.256729 -0.502561 -0.197428 0.801589
1305032365.558893 0.329573 -0.360313 1.21155 -0.256191 -0.508409 -0.198905 0.797699
1305032365.591436 0.317605 -0.368371 1.20925 -0.253827 -0.514868 -0.199148 0.794244
1305032365.623205 0.317605 -0.368371 1.20925 -0.253827 -0.514868 -0.199148 0.794244
1305032365.659377 0.308111 -0.371817 1.2076 -0.251284 -0.523473 -0.199942 0.789212
1305032365.691155 0.298719 -0.376278 1.20514 -0.250009 -0.529318 -0.20218 0.785137
1305032365.723383 0.289342 -0.383403 1.20352 -0.249575 -0.534293 -0.204383 0.781326
1305032365.759259 0.289342 -0.383403 1.20352 -0.249575 -0.534293 -0.204383 0.781326
1305032365.791166 0.281642 -0.385183 1.20083 -0.244758 -0.541745 -0.201595 0.778438
1305032365.823223 0.281642 -0.385183 1.20083 -0.244758 -0.541745 -0.201595 0.778438
1305032365.859634 0.281642 -0.385183 1.20083 -0.244758 -0.541745 -0.201595 0.778438
1305032365.889504 0.281642 -0.385183 1.20083 -0.244758 -0.541745 -0.201595 0.778438
1305032365.927362 0.268173 -0.38636 1.19221 -0.243913 -0.545558 -0.192843 0.778258
1305032365.959313 0.256796 -0.389476 1.1879 -0.244541 -0.547255 -0.184255 0.778949
1305032365.991061 0.256796 -0.389476 1.1879 -0.244541 -0.547255 -0.184255 0.778949
1305032366.026870 0.256796 -0.389476 1.1879 -0.244541 -0.547255 -0.184255 0.778949
1305032366.059164 0.256796 -0.389476 1.1879 -0.244541 -0.547255 -0.184255 0.778949
1305032366.091112 0.245502 -0.390985 1.17692 -0.244085 -0.547651 -0.175719 0.780784
1305032366.127026 0.245502 -0.390985 1.17692 -0.244085 -0.547651 -0.175719 0.780784
1305032366.159365 0.245502 -0.390985 1.17692 -0.244085 -0.547651 -0.175719 0.780784
1305032366.190979 0.226884 -0.404339 1.1699 -0.236103 -0.549957 -0.191312 0.777947
1305032366.227205 0.226884 -0.404339 1.1699 -0.236103 -0.549957 -0.191312 0.777947
1305032366.259172 0.203149 -0.412822 1.15951 -0.239251 -0.55255 -0.201516 0.772553
1305032366.291401 0.203149 -0.412822 1.15951 -0.239251 -0.55255 -0.201516 0.772553
1305032366.327121 0.203149 -0.412822 1.15951 -0.239251 -0.55255 -0.201516 0.772553
1305032366.359097 0.179838 -0.421105 1.14808 -0.246 -0.556182 -0.210792 0.765318
1305032366.391043 0.179838 -0.421105 1.14808 -0.246 -0.556182 -0.210792 0.765318
1305032366.427242 0.16019 -0.422836 1.13669 -0.245413 -0.56128 -0.218526 0.759595
1305032366.459233 0.146944 -0.423464 1.12966 -0.245918 -0.566093 -0.225919 0.753674
1305032366.491285 0.133773 -0.429547 1.12159 -0.246418 -0.570724 -0.233396 0.747716
1305032366.526997 0.133773 -0.429547 1.12159 -0.246418 -0.570724 -0.233396 0.747716
1305032366.559109 0.133773 -0.429547 1.12159 -0.246418 -0.570724 -0.233396 0.747716
1305032366.591375 0.121565 -0.430425 1.1019 -0.242493 -0.578886 -0.237853 0.741292
1305032366.626920 0.121565 -0.430425 1.1019 -0.242493 -0.578886 -0.237853 0.741292
1305032366.655039 0.121565 -0.430425 1.1019 -0.242493 -0.578886 -0.237853 0.741292
1305032366.687461 0.117303 -0.429588 1.08483 -0.241744 -0.58979 -0.24445 0.73072
1305032366.727328 0.117303 -0.429588 1.08483 -0.241744 -0.58979 -0.24445 0.73072
1305032366.759333 0.117303 -0.429588 1.08483 -0.241744 -0.58979 -0.24445 0.73072
1305032366.790587 0.118651 -0.427141 1.0692 -0.242954 -0.598871 -0.243288 0.723283
1305032366.826895 0.116729 -0.428245 1.06268 -0.24101 -0.608136 -0.244548 0.715738
1305032366.859205 0.118345 -0.426541 1.05921 -0.236438 -0.616293 -0.245675 0.709876
1305032366.888643 0.121316 -0.422279 1.05948 -0.232626 -0.624349 -0.24692 0.703637
1305032366.926959 0.123285 -0.418718 1.06283 -0.232367 -0.631088 -0.248333 0.697183
1305032366.958281 0.121466 -0.42155 1.06573 -0.231604 -0.636947 -0.249848 0.691544
1305032366.990487 0.120894 -0.423429 1.06899 -0.226057 -0.643163 -0.247214 0.688567
1305032367.026585 0.124462 -0.420017 1.07498 -0.219894 -0.6489 -0.241337 0.687264
1305032367.058683 0.126403 -0.417615 1.08242 -0.215631 -0.652847 -0.235272 0.68698
1305032367.087523 0.128155 -0.414767 1.09063 -0.211584 -0.6558 -0.227677 0.687984
1305032367.126868 0.130714 -0.409658 1.10231 -0.207737 -0.658129 -0.220052 0.689412
1305032367.158939 0.131415 -0.405932 1.11511 -0.203357 -0.659825 -0.213491 0.691157
1305032367.191850 0.133986 -0.399682 1.12959 -0.198638 -0.659828 -0.206726 0.694575
1305032367.226101 0.134006 -0.392875 1.14381 -0.194412 -0.657485 -0.201037 0.699644
1305032367.257578 0.133267 -0.389359 1.15601 -0.189129 -0.655799 -0.195486 0.704232
1305032367.293991 0.135497 -0.378881 1.17178 -0.182346 -0.655627 -0.187273 0.708401
1305032367.326110 0.135358 -0.369925 1.18637 -0.180936 -0.655063 -0.184796 0.709933
1305032367.358269 0.130724 -0.370754 1.19656 -0.173999 -0.653757 -0.185298 0.712735
1305032367.394011 0.130816 -0.365139 1.20695 -0.159989 -0.653509 -0.178531 0.717953
1305032367.425982 0.132774 -0.353418 1.21783 -0.151493 -0.653961 -0.170831 0.72125
1305032367.458337 0.130639 -0.350539 1.22725 -0.145361 -0.655705 -0.165171 0.722246
1305032367.494794 0.129249 -0.34603 1.23581 -0.13831 -0.65835 -0.154495 0.723587
1305032367.525123 0.129249 -0.34603 1.23581 -0.13831 -0.65835 -0.154495 0.723587
1305032367.558998 0.129249 -0.34603 1.23581 -0.13831 -0.65835 -0.154495 0.723587
1305032367.594540 0.130385 -0.333579 1.24855 -0.137184 -0.661124 -0.147208 0.72279
1305032367.627313 0.127811 -0.328264 1.25365 -0.137575 -0.662902 -0.145231 0.721486
1305032367.659071 0.126529 -0.323482 1.25831 -0.13309 -0.666012 -0.143715 0.719764
1305032367.694516 0.126591 -0.314451 1.26523 -0.12833 -0.668578 -0.142984 0.718395
1305032367.727182 0.125352 -0.30534 1.26855 -0.125562 -0.671199 -0.142478 0.716537
1305032367.759159 0.125352 -0.30534 1.26855 -0.125562 -0.671199 -0.142478 0.716537
1305032367.794852 0.127835 -0.293428 1.27435 -0.125916 -0.674255 -0.137337 0.714607
1305032367.826871 0.129221 -0.28269 1.28047 -0.126995 -0.676969 -0.133801 0.712519
1305032367.858142 0.129221 -0.28269 1.28047 -0.126995 -0.676969 -0.133801 0.712519
1305032367.894056 0.130681 -0.267928 1.294 -0.125506 -0.68197 -0.12534 0.709546
1305032367.925922 0.128111 -0.253194 1.30792 -0.122165 -0.685885 -0.119137 0.707421
1305032367.957958 0.128111 -0.253194 1.30792 -0.122165 -0.685885 -0.119137 0.707421
1305032367.994884 0.119321 -0.242472 1.3198 -0.114955 -0.691271 -0.112482 0.704469
1305032368.025983 0.111942 -0.231791 1.32492 -0.108018 -0.696902 -0.104136 0.701296
1305032368.058921 0.106842 -0.220105 1.33039 -0.101237 -0.703527 -0.0955022 0.696908
1305032368.094710 0.106842 -0.220105 1.33039 -0.101237 -0.703527 -0.0955022 0.696908
1305032368.126824 0.106842 -0.220105 1.33039 -0.101237 -0.703527 -0.0955022 0.696908
1305032368.156667 0.106842 -0.220105 1.33039 -0.101237 -0.703527 -0.0955022 0.696908
1305032368.190798 0.106842 -0.220105 1.33039 -0.101237 -0.703527 -0.0955022 0.696908
1305032368.226380 0.106842 -0.220105 1.33039 -0.101237 -0.703527 -0.0955022 0.696908
1305032368.258177 0.106842 -0.220105 1.33039 -0.101237 -0.703527 -0.0955022 0.696908
1305032368.293455 0.106842 -0.220105 1.33039 -0.101237 -0.703527 -0.0955022 0.696908
1305032368.326215 0.119793 -0.209149 1.3313 -0.0982161 -0.70988 -0.0870084 0.691993
1305032368.358554 0.119793 -0.209149 1.3313 -0.0982161 -0.70988 -0.0870084 0.691993
1305032368.393756 0.125564 -0.194944 1.33565 -0.0893807 -0.714157 -0.0808777 0.689529
1305032368.425949 0.125564 -0.194944 1.33565 -0.0893807 -0.714157 -0.0808777 0.689529
1305032368.462413 0.125564 -0.194944 1.33565 -0.0893807 -0.714157 -0.0808777 0.689529
1305032368.494411 0.12452 -0.210219 1.32681 -0.083592 -0.715501 -0.0789078 0.689089
1305032368.526548 0.12452 -0.210219 1.32681 -0.083592 -0.715501 -0.0789078 0.689089
1305032368.561964 0.12452 -0.210219 1.32681 -0.083592 -0.715501 -0.0789078 0.689089
1305032368.594201 0.12452 -0.210219 1.32681 -0.083592 -0.715501 -0.0789078 0.689089
1305032368.626418 0.12452 -0.210219 1.32681 -0.083592 -0.715501 -0.0789078 0.689089
1305032368.662780 0.12452 -0.210219 1.32681 -0.083592 -0.715501 -0.0789078 0.689089
1305032368.692306 0.12452 -0.210219 1.32681 -0.083592 -0.715501 -0.0789078 0.689089
1305032368.726391 0.12452 -0.210219 1.32681 -0.083592 -0.715501 -0.0789078 0.689089
1305032368.762429 0.12452 -0.210219 1.32681 -0.083592 -0.715501 -0.0789078 0.689089
1305032368.794488 0.12452 -0.210219 1.32681 -0.083592 -0.715501 -0.0789078 0.689089
1305032368.826920 0.12452 -0.210219 1.32681 -0.083592 -0.715501 -0.0789078 0.689089
1305032368.862385 0.12452 -0.210219 1.32681 -0.083592 -0.715501 -0.0789078 0.689089
1305032368.894079 0.12452 -0.210219 1.32681 -0.083592 -0.715501 -0.0789078 0.689089
1305032368.926364 0.158612 -0.226441 1.29573 -0.0849209 -0.716821 -0.0729389 0.688212
1305032368.959769 0.158612 -0.226441 1.29573 -0.0849209 -0.716821 -0.0729389 0.688212
1305032368.992519 0.181733 -0.219637 1.29184 -0.0842463 -0.718418 -0.0618217 0.687718
1305032369.026559 0.181733 -0.219637 1.29184 -0.0842463 -0.718418 -0.0618217 0.687718
1305032369.062508 0.181733 -0.219637 1.29184 -0.0842463 -0.718418 -0.0618217 0.687718
1305032369.092465 0.181733 -0.219637 1.29184 -0.0842463 -0.718418 -0.0618217 0.687718
1305032369.126422 0.181733 -0.219637 1.29184 -0.0842463 -0.718418 -0.0618217 0.687718
1305032369.162529 0.181733 -0.219637 1.29184 -0.0842463 -0.718418 -0.0618217 0.687718
1305032369.194429 0.177277 -0.220864 1.28084 -0.08886 -0.719722 -0.0559976 0.686271
1305032369.226184 0.177277 -0.220864 1.28084 -0.08886 -0.719722 -0.0559976 0.686271
1305032369.262275 0.178832 -0.220766 1.27065 -0.0920944 -0.721135 -0.0513784 0.684722
1305032369.294549 0.181529 -0.218528 1.2715 -0.0939759 -0.722773 -0.0479002 0.682988
1305032369.325603 0.181097 -0.215896 1.27501 -0.096446 -0.723859 -0.0430712 0.681814
1305032369.361711 0.181097 -0.215896 1.27501 -0.096446 -0.723859 -0.0430712 0.681814
1305032369.393865 0.179846 -0.219542 1.2709 -0.100694 -0.724857 -0.0323278 0.680734
1305032369.425788 0.179846 -0.219542 1.2709 -0.100694 -0.724857 -0.0323278 0.680734
1305032369.461699 0.179846 -0.219542 1.2709 -0.100694 -0.724857 -0.0323278 0.680734
1305032369.493663 0.179846 -0.219542 1.2709 -0.100694 -0.724857 -0.0323278 0.680734
1305032369.526387 0.179846 -0.219542 1.2709 -0.100694 -0.724857 -0.0323278 0.680734
1305032369.561511 0.179846 -0.219542 1.2709 -0.100694 -0.724857 -0.0323278 0.680734
1305032369.590662 0.179846 -0.219542 1.2709 -0.100694 -0.724857 -0.0323278 0.680734
1305032369.629343 0.179846 -0.219542 1.2709 -0.100694 -0.724857 -0.0323278 0.680734
1305032369.661976 0.204219 -0.219005 1.28124 -0.106999 -0.726857 -0.0366955 0.677409
1305032369.694117 0.212518 -0.217671 1.28847 -0.110698 -0.728734 -0.0386673 0.674683
1305032369.730214 0.218101 -0.220222 1.29616 -0.112667 -0.730286 -0.0464677 0.672182
1305032369.762462 0.217853 -0.224492 1.29938 -0.111492 -0.731082 -0.0539708 0.670951
1305032369.794288 0.217853 -0.224492 1.29938 -0.111492 -0.731082 -0.0539708 0.670951
1305032369.830464 0.217853 -0.224492 1.29938 -0.111492 -0.731082 -0.0539708 0.670951
1305032369.862646 0.218288 -0.225868 1.31306 -0.113423 -0.728919 -0.0624239 0.672247
1305032369.894378 0.218288 -0.225868 1.31306 -0.113423 -0.728919 -0.0624239 0.672247
1305032369.930439 0.218288 -0.225868 1.31306 -0.113423 -0.728919 -0.0624239 0.672247
1305032369.962123 0.218288 -0.225868 1.31306 -0.113423 -0.728919 -0.0624239 0.672247
1305032369.994406 0.218288 -0.225868 1.31306 -0.113423 -0.728919 -0.0624239 0.672247
1305032370.029452 0.218288 -0.225868 1.31306 -0.113423 -0.728919 -0.0624239 0.672247
1305032370.062431 0.218288 -0.225868 1.31306 -0.113423 -0.728919 -0.0624239 0.672247
1305032370.094141 0.218288 -0.225868 1.31306 -0.113423 -0.728919 -0.0624239 0.672247
1305032370.131075 0.218288 -0.225868 1.31306 -0.113423 -0.728919 -0.0624239 0.672247
1305032370.163765 0.218288 -0.225868 1.31306 -0.113423 -0.728919 -0.0624239 0.672247
1305032370.191957 0.218288 -0.225868 1.31306 -0.113423 -0.728919 -0.0624239 0.672247
1305032370.227691 0.218288 -0.225868 1.31306 -0.113423 -0.728919 -0.0624239 0.672247
1305032370.260069 0.218288 -0.225868 1.31306 -0.113423 -0.728919 -0.0624239 0.672247
1305032370.292473 0.226348 -0.220731 1.3437 -0.117764 -0.727324 -0.0642764 0.673053
1305032370.330184 0.230509 -0.219855 1.36706 -0.121336 -0.726709 -0.0680164 0.672715
1305032370.362216 0.234734 -0.217919 1.38593 -0.123355 -0.7267 -0.0709297 0.672056
1305032370.393732 0.234734 -0.217919 1.38593 -0.123355 -0.7267 -0.0709297 0.672056
1305032370.429519 0.234734 -0.217919 1.38593 -0.123355 -0.7267 -0.0709297 0.672056
1305032370.462719 0.234734 -0.217919 1.38593 -0.123355 -0.7267 -0.0709297 0.672056
1305032370.494226 0.234734 -0.217919 1.38593 -0.123355 -0.7267 -0.0709297 0.672056
1305032370.530396 0.234734 -0.217919 1.38593 -0.123355 -0.7267 -0.0709297 0.672056
1305032370.559254 0.232988 -0.214376 1.40554 -0.124654 -0.725244 -0.0746737 0.672983
1305032370.594716 0.232988 -0.214376 1.40554 -0.124654 -0.725244 -0.0746737 0.672983
1305032370.630635 0.232988 -0.214376 1.40554 -0.124654 -0.725244 -0.0746737 0.672983
1305032370.662528 0.232988 -0.214376 1.40554 -0.124654 -0.725244 -0.0746737 0.672983
1305032370.694786 0.229406 -0.211914 1.42579 -0.124648 -0.723749 -0.0845486 0.673425
1305032370.730482 0.229406 -0.211914 1.42579 -0.124648 -0.723749 -0.0845486 0.673425
1305032370.762399 0.224257 -0.212221 1.44392 -0.125938 -0.722613 -0.0864355 0.674165
1305032370.794226 0.224257 -0.212221 1.44392 -0.125938 -0.722613 -0.0864355 0.674165
1305032370.830572 0.217781 -0.213916 1.45609 -0.128404 -0.721481 -0.0932394 0.674006
1305032370.862608 0.212152 -0.219968 1.46423 -0.131684 -0.723304 -0.0975575 0.6708
1305032370.898515 0.212152 -0.219968 1.46423 -0.131684 -0.723304 -0.0975575 0.6708
1305032370.930670 0.207557 -0.223594 1.47767 -0.13592 -0.724486 -0.104864 0.66757
1305032370.962798 0.200651 -0.23262 1.48882 -0.142135 -0.724983 -0.113121 0.664381
1305032370.998569 0.193345 -0.243061 1.49812 -0.147604 -0.725679 -0.122418 0.66077
1305032371.030841 0.193345 -0.243061 1.49812 -0.147604 -0.725679 -0.122418 0.66077
1305032371.063015 0.182449 -0.257183 1.50809 -0.158231 -0.72268 -0.135517 0.659038
1305032371.098694 0.16972 -0.275162 1.51486 -0.164768 -0.720147 -0.149299 0.657229
1305032371.127227 0.157483 -0.292958 1.52204 -0.16815 -0.717942 -0.163461 0.655413
1305032371.163393 0.143482 -0.312424 1.53065 -0.171243 -0.714737 -0.178724 0.654129
1305032371.199223 0.143482 -0.312424 1.53065 -0.171243 -0.714737 -0.178724 0.654129
1305032371.231580 0.124276 -0.339044 1.53603 -0.164567 -0.715662 -0.189825 0.6517
1305032371.263109 0.107111 -0.362777 1.54194 -0.157619 -0.717203 -0.199838 0.648723
1305032371.298947 0.0907248 -0.384631 1.54666 -0.152815 -0.717921 -0.209443 0.646042
1305032371.331335 0.0733224 -0.407673 1.54608 -0.147616 -0.719013 -0.218881 0.642901
1305032371.362306 0.0733224 -0.407673 1.54608 -0.147616 -0.719013 -0.218881 0.642901
1305032371.399028 0.0547102 -0.42853 1.54228 -0.143114 -0.722306 -0.229778 0.636392
1305032371.429259 0.0357573 -0.448837 1.5397 -0.140977 -0.724958 -0.242684 0.62902
1305032371.461631 0.0187258 -0.46857 1.53436 -0.139052 -0.726541 -0.257099 0.621854
1305032371.500366 0.00195774 -0.48667 1.53018 -0.138833 -0.727962 -0.27142 0.614107
1305032371.528780 -0.0146076 -0.504524 1.52524 -0.139386 -0.729576 -0.28685 0.604985
1305032371.563035 -0.0322418 -0.522389 1.51923 -0.137515 -0.731114 -0.304225 0.594987
1305032371.594845 -0.051294 -0.539757 1.51358 -0.13463 -0.732546 -0.321686 0.58461
1305032371.627278 -0.0704518 -0.555701 1.50761 -0.134985 -0.734209 -0.335569 0.574552
1305032371.661699 -0.0883892 -0.569731 1.49826 -0.137818 -0.735454 -0.346096 0.565979
1305032371.698085 -0.108103 -0.583943 1.48822 -0.137493 -0.73782 -0.358013 0.555468
1305032371.726894 -0.125038 -0.595398 1.479 -0.133615 -0.740047 -0.370649 0.545066
1305032371.763078 -0.141808 -0.60194 1.47173 -0.134092 -0.740537 -0.381906 0.536444
1305032371.798775 -0.163163 -0.614684 1.45841 -0.137599 -0.739364 -0.39316 0.528992
1305032371.830728 -0.163163 -0.614684 1.45841 -0.137599 -0.739364 -0.39316 0.528992
1305032371.862988 -0.163163 -0.614684 1.45841 -0.137599 -0.739364 -0.39316 0.528992
1305032371.898658 -0.163163 -0.614684 1.45841 -0.137599 -0.739364 -0.39316 0.528992
1305032371.930961 -0.163163 -0.614684 1.45841 -0.137599 -0.739364 -0.39316 0.528992
1305032371.960332 -0.163163 -0.614684 1.45841 -0.137599 -0.739364 -0.39316 0.528992
1305032371.999011 -0.163163 -0.614684 1.45841 -0.137599 -0.739364 -0.39316 0.528992
1305032372.030867 -0.163163 -0.614684 1.45841 -0.137599 -0.739364 -0.39316 0.528992
1305032372.058918 -0.2319 -0.622408 1.37202 -0.128836 -0.745936 -0.39675 0.519201
1305032372.098264 -0.2319 -0.622408 1.37202 -0.128836 -0.745936 -0.39675 0.519201
1305032372.127609 -0.285285 -0.632065 1.29607 -0.121499 -0.749162 -0.404902 0.50995
1305032372.166169 -0.312115 -0.645332 1.2385 -0.11044 -0.754252 -0.410156 0.500678
1305032372.198119 -0.327088 -0.653325 1.20355 0.098766 0.763546 0.409681 -0.489289
1305032372.230071 -0.337378 -0.661912 1.17418 0.0872403 0.772002 0.411306 -0.476685
1305032372.266126 -0.345006 -0.671834 1.14744 0.0757853 0.780404 0.412689 -0.463587
1305032372.297790 -0.34746 -0.678209 1.12433 0.0664444 0.788754 0.412522 -0.450863
1305032372.329039 -0.34856 -0.68742 1.10116 0.0562665 0.794854 0.41689 -0.437314
1305032372.366292 -0.347775 -0.696343 1.0799 0.0450432 0.798968 0.422165 -0.425908
1305032372.398337 -0.343831 -0.704003 1.0606 0.0354412 0.800061 0.428231 -0.418645
1305032372.430932 -0.33754 -0.710371 1.04246 0.026784 0.800975 0.433925 -0.41162
1305032372.466079 -0.33754 -0.710371 1.04246 0.026784 0.800975 0.433925 -0.41162
1305032372.498135 -0.328978 -0.717466 1.01947 0.0215724 0.800276 0.44321 -0.403309
1305032372.530492 -0.319934 -0.730864 0.99151 0.0130442 0.799591 0.452577 -0.394536
1305032372.570271 -0.319934 -0.730864 0.99151 0.0130442 0.799591 0.452577 -0.394536
1305032372.597861 -0.305887 -0.737756 0.972806 0.01177 0.801792 0.455388 -0.386798
1305032372.629218 -0.29528 -0.747004 0.95215 0.0080167 0.801361 0.462099 -0.379765
1305032372.664108 -0.282958 -0.75473 0.935775 0.00413227 0.801647 0.464869 -0.375821
1305032372.698696 -0.270282 -0.760809 0.922094 0.0017044 0.80235 0.467107 -0.371541
1305032372.728994 -0.257493 -0.767436 0.908379 -0.000363729 0.803302 0.470517 -0.365129
1305032372.766505 -0.257493 -0.767436 0.908379 -0.000363729 0.803302 0.470517 -0.365129
1305032372.797997 -0.257493 -0.767436 0.908379 -0.000363729 0.803302 0.470517 -0.365129
1305032372.831463 -0.257493 -0.767436 0.908379 -0.000363729 0.803302 0.470517 -0.365129
1305032372.866969 -0.257493 -0.767436 0.908379 -0.000363729 0.803302 0.470517 -0.365129
1305032372.898841 -0.257493 -0.767436 0.908379 -0.000363729 0.803302 0.470517 -0.365129
1305032372.930454 -0.213476 -0.774458 0.87003 -0.00152059 0.811228 0.463047 -0.357064
1305032372.966691 -0.185551 -0.77423 0.849238 -0.0026906 0.818845 0.454711 -0.35032
1305032372.998926 -0.185551 -0.77423 0.849238 -0.0026906 0.818845 0.454711 -0.35032
1305032373.030611 -0.166673 -0.774442 0.834629 -0.00353215 0.825735 0.454184 -0.334465
1305032373.066897 -0.166673 -0.774442 0.834629 -0.00353215 0.825735 0.454184 -0.334465
1305032373.099775 -0.147766 -0.767497 0.825058 -0.000614317 0.829355 0.45636 -0.322344
1305032373.127898 -0.147766 -0.767497 0.825058 -0.000614317 0.829355 0.45636 -0.322344
1305032373.166377 -0.136902 -0.760766 0.814342 0.00592171 0.830721 0.463343 -0.308515
1305032373.198404 -0.131087 -0.756677 0.807176 0.00781437 0.831569 0.472729 -0.291477
1305032373.230484 -0.126257 -0.751706 0.800254 0.00792075 0.831672 0.480862 -0.277542
1305032373.266752 -0.121527 -0.746658 0.792836 0.00881131 0.831084 0.488795 -0.265142
1305032373.298845 -0.115942 -0.742738 0.784175 0.0107342 0.830193 0.496631 -0.253027
1305032373.331228 -0.115942 -0.742738 0.784175 0.0107342 0.830193 0.496631 -0.253027
1305032373.366882 -0.115942 -0.742738 0.784175 0.0107342 0.830193 0.496631 -0.253027
1305032373.399055 -0.115942 -0.742738 0.784175 0.0107342 0.830193 0.496631 -0.253027
1305032373.434622 -0.115942 -0.742738 0.784175 0.0107342 0.830193 0.496631 -0.253027
1305032373.465659 -0.115942 -0.742738 0.784175 0.0107342 0.830193 0.496631 -0.253027
1305032373.498970 -0.107849 -0.740893 0.762427 0.0162885 0.831077 0.498274 -0.246514
1305032373.534678 -0.107849 -0.740893 0.762427 0.0162885 0.831077 0.498274 -0.246514
1305032373.566786 -0.107849 -0.740893 0.762427 0.0162885 0.831077 0.498274 -0.246514
1305032373.598786 -0.107849 -0.740893 0.762427 0.0162885 0.831077 0.498274 -0.246514
1305032373.635967 -0.107849 -0.740893 0.762427 0.0162885 0.831077 0.498274 -0.246514
1305032373.663912 -0.112556 -0.740271 0.741339 0.0106818 0.831438 0.500013 -0.24204
1305032373.697914 -0.113838 -0.741134 0.731015 0.00370204 0.833151 0.49796 -0.240585
1305032373.734507 -0.113281 -0.741794 0.725897 -0.00116464 0.834391 0.496326 -0.239688
1305032373.766443 -0.113281 -0.741794 0.725897 -0.00116464 0.834391 0.496326 -0.239688
1305032373.795838 -0.113281 -0.741794 0.725897 -0.00116464 0.834391 0.496326 -0.239688
1305032373.834934 -0.113281 -0.741794 0.725897 -0.00116464 0.834391 0.496326 -0.239688
1305032373.867293 -0.113281 -0.741794 0.725897 -0.00116464 0.834391 0.496326 -0.239688
1305032373.899270 -0.113281 -0.741794 0.725897 -0.00116464 0.834391 0.496326 -0.239688
1305032373.935073 -0.113281 -0.741794 0.725897 -0.00116464 0.834391 0.496326 -0.239688
1305032373.967085 -0.113281 -0.741794 0.725897 -0.00116464 0.834391 0.496326 -0.239688
1305032373.999199 -0.113281 -0.741794 0.725897 -0.00116464 0.834391 0.496326 -0.239688
1305032374.031187 -0.113281 -0.741794 0.725897 -0.00116464 0.834391 0.496326 -0.239688
1305032374.066725 -0.128867 -0.74331 0.754691 -0.0132349 0.837174 0.492306 -0.237908
1305032374.098933 -0.128867 -0.74331 0.754691 -0.0132349 0.837174 0.492306 -0.237908
1305032374.134653 -0.128867 -0.74331 0.754691 -0.0132349 0.837174 0.492306 -0.237908
1305032374.165256 -0.128867 -0.74331 0.754691 -0.0132349 0.837174 0.492306 -0.237908
1305032374.198931 -0.150195 -0.738965 0.7923 -0.0159286 0.843372 0.482148 -0.236651
1305032374.234571 -0.150195 -0.738965 0.7923 -0.0159286 0.843372 0.482148 -0.236651
1305032374.266232 -0.175619 -0.731592 0.828116 -0.0181431 0.852048 0.470938 -0.227822
1305032374.295091 -0.18998 -0.716664 0.854034 -0.0184961 0.860561 0.458885 -0.220265
1305032374.334758 -0.21234 -0.708667 0.869748 -0.0178456 0.867273 0.45147 -0.209031
1305032374.364907 -0.21234 -0.708667 0.869748 -0.0178456 0.867273 0.45147 -0.209031
1305032374.399126 -0.240076 -0.698967 0.888545 -0.0249801 0.877327 0.437061 -0.196596
1305032374.434942 -0.240076 -0.698967 0.888545 -0.0249801 0.877327 0.437061 -0.196596
1305032374.465697 -0.240076 -0.698967 0.888545 -0.0249801 0.877327 0.437061 -0.196596
1305032374.498778 -0.296157 -0.683373 0.92497 -0.024714 0.886297 0.421974 -0.189222
1305032374.534408 -0.313703 -0.660266 0.952655 -0.021929 0.895509 0.404789 -0.183653
1305032374.565648 -0.313703 -0.660266 0.952655 -0.021929 0.895509 0.404789 -0.183653
1305032374.605154 -0.313703 -0.660266 0.952655 -0.021929 0.895509 0.404789 -0.183653
1305032374.634454 -0.384376 -0.637253 0.990997 -0.0207169 0.898967 0.398189 -0.181314
1305032374.666026 -0.423732 -0.619337 1.00642 -0.0200988 0.90414 0.38757 -0.178653
1305032374.699355 -0.447551 -0.596023 1.0197 -0.0178715 0.910748 0.371926 -0.178578
1305032374.733811 -0.472644 -0.572132 1.03266 -0.013783 0.915308 0.360079 -0.179903
1305032374.764278 -0.499838 -0.554588 1.03942 -0.00858694 0.919662 0.348273 -0.181257
1305032374.799002 -0.518575 -0.529787 1.04842 -0.00843195 0.925059 0.332567 -0.183284
1305032374.833082 -0.535999 -0.502329 1.05833 -0.00984547 0.928312 0.32206 -0.18552
1305032374.865385 -0.555174 -0.478079 1.06646 -0.00850395 0.930943 0.31348 -0.187089
1305032374.902777 -0.570227 -0.44688 1.07768 -0.0076628 0.933475 0.304838 -0.188787
1305032374.934055 -0.591585 -0.427341 1.08092 -0.00295299 0.933826 0.302269 -0.191296
1305032374.963033 -0.605058 -0.40679 1.08302 0.00329021 0.935131 0.295773 -0.195032
1305032375.002817 -0.617464 -0.379964 1.08999 0.0137286 0.935612 0.291682 -0.198403
1305032375.033887 -0.634162 -0.359227 1.09337 0.0279132 0.934839 0.290287 -0.20256
1305032375.063190 -0.646391 -0.338864 1.09457 0.0400886 0.93427 0.286598 -0.20831
1305032375.102173 -0.655984 -0.313824 1.09869 0.0488037 0.933318 0.283951 -0.21426
1305032375.133604 -0.663484 -0.296374 1.09774 0.0565292 0.932124 0.281921 -0.220158
1305032375.165423 -0.670335 -0.283075 1.09704 0.0572257 0.933022 0.275984 -0.22367
1305032375.200434 -0.675173 -0.267956 1.09907 0.0497409 0.935055 0.267206 -0.227593
1305032375.233840 -0.676225 -0.250733 1.10223 0.0433888 0.936605 0.260015 -0.230825
1305032375.266195 -0.678894 -0.23579 1.10514 0.0381691 0.938321 0.252966 -0.232607
1305032375.301769 -0.677963 -0.216625 1.11058 0.034691 0.940565 0.244639 -0.232994
1305032375.333732 -0.678476 -0.20427 1.11285 0.0342778 0.94218 0.240226 -0.231114
1305032375.365885 -0.680991 -0.197764 1.11337 0.0340553 0.943828 0.235941 -0.228825
1305032375.402005 -0.680991 -0.197764 1.11337 0.0340553 0.943828 0.235941 -0.228825
1305032375.434228 -0.680288 -0.192022 1.11536 0.0299864 0.949553 0.222465 -0.218994
1305032375.465844 -0.680288 -0.192022 1.11536 0.0299864 0.949553 0.222465 -0.218994
1305032375.499846 -0.680352 -0.188263 1.11657 0.0269051 0.953739 0.214076 -0.209355
1305032375.532923 -0.681542 -0.18989 1.1151 0.0254033 0.958119 0.20205 -0.201341
1305032375.564754 -0.679788 -0.187157 1.11526 0.0269743 0.961609 0.19185 -0.194357
1305032375.601530 -0.679788 -0.187157 1.11526 0.0269743 0.961609 0.19185 -0.194357
1305032375.633994 -0.679788 -0.187157 1.11526 0.0269743 0.961609 0.19185 -0.194357
1305032375.665634 -0.681971 -0.184576 1.11575 0.0282094 0.963608 0.185593 -0.190316
1305032375.701032 -0.685918 -0.181238 1.11566 0.0320224 0.965435 0.178043 -0.187643
1305032375.733424 -0.690119 -0.177001 1.11347 0.0365296 0.966276 0.173868 -0.186405
1305032375.765813 -0.692642 -0.169539 1.11078 0.0382747 0.967098 0.170838 -0.184581
1305032375.801369 -0.695095 -0.164198 1.10711 0.0390306 0.968045 0.167898 -0.18214
1305032375.833207 -0.698503 -0.158174 1.10409 0.04104 0.969032 0.164472 -0.179558
1305032375.871496 -0.70222 -0.152841 1.10074 0.0433278 0.969919 0.160996 -0.177368
1305032375.901646 -0.70222 -0.152841 1.10074 0.0433278 0.969919 0.160996 -0.177368
1305032375.933407 -0.697837 -0.139899 1.10093 0.0462424 0.972639 0.145969 -0.17472
1305032375.970923 -0.697837 -0.139899 1.10093 0.0462424 0.972639 0.145969 -0.17472
1305032375.998893 -0.697837 -0.139899 1.10093 0.0462424 0.972639 0.145969 -0.17472
1305032376.032870 -0.697837 -0.139899 1.10093 0.0462424 0.972639 0.145969 -0.17472
1305032376.071463 -0.697837 -0.139899 1.10093 0.0462424 0.972639 0.145969 -0.17472
1305032376.102191 -0.697837 -0.139899 1.10093 0.0462424 0.972639 0.145969 -0.17472
1305032376.133788 -0.71859 -0.129423 1.10142 0.0540435 0.97241 0.143985 -0.175402
1305032376.169914 -0.71859 -0.129423 1.10142 0.0540435 0.97241 0.143985 -0.175402
1305032376.199876 -0.71859 -0.129423 1.10142 0.0540435 0.97241 0.143985 -0.175402
1305032376.230465 -0.745201 -0.120077 1.09974 0.0621843 0.971695 0.143585 -0.176992
1305032376.273911 -0.745201 -0.120077 1.09974 0.0621843 0.971695 0.143585 -0.176992
1305032376.301938 -0.76341 -0.100716 1.09901 0.0693771 0.97114 0.143144 -0.177717
1305032376.333881 -0.76341 -0.100716 1.09901 0.0693771 0.97114 0.143144 -0.177717
1305032376.373272 -0.771329 -0.0869279 1.09454 0.0746059 0.971045 0.141542 -0.1774
1305032376.401634 -0.778782 -0.0775626 1.09133 0.0777428 0.971236 0.139879 -0.176323
1305032376.433772 -0.778782 -0.0775626 1.09133 0.0777428 0.971236 0.139879 -0.176323
1305032376.470927 -0.778782 -0.0775626 1.09133 0.0777428 0.971236 0.139879 -0.176323
1305032376.502274 -0.778782 -0.0775626 1.09133 0.0777428 0.971236 0.139879 -0.176323
1305032376.534012 -0.778782 -0.0775626 1.09133 0.0777428 0.971236 0.139879 -0.176323
1305032376.570435 -0.778782 -0.0775626 1.09133 0.0777428 0.971236 0.139879 -0.176323
1305032376.602018 -0.778782 -0.0775626 1.09133 0.0777428 0.971236 0.139879 -0.176323
1305032376.633878 -0.773931 -0.0626758 1.09499 0.076535 0.972986 0.128449 -0.175905
1305032376.670038 -0.773931 -0.0626758 1.09499 0.076535 0.972986 0.128449 -0.175905
1305032376.702106 -0.772217 -0.0542529 1.09772 0.079658 0.974233 0.121485 -0.172529
1305032376.734286 -0.768747 -0.0522833 1.09647 0.0827428 0.974873 0.117606 -0.170133
1305032376.770230 -0.768747 -0.0522833 1.09647 0.0827428 0.974873 0.117606 -0.170133
1305032376.802346 -0.768747 -0.0522833 1.09647 0.0827428 0.974873 0.117606 -0.170133
1305032376.833992 -0.768747 -0.0522833 1.09647 0.0827428 0.974873 0.117606 -0.170133
1305032376.870589 -0.768747 -0.0522833 1.09647 0.0827428 0.974873 0.117606 -0.170133
1305032376.901913 -0.768747 -0.0522833 1.09647 0.0827428 0.974873 0.117606 -0.170133
1305032376.933692 -0.759191 -0.0517082 1.09906 0.0841416 0.975247 0.116025 -0.168379
1305032376.970386 -0.759191 -0.0517082 1.09906 0.0841416 0.975247 0.116025 -0.168379
1305032376.999115 -0.759191 -0.0517082 1.09906 0.0841416 0.975247 0.116025 -0.168379
1305032377.033983 -0.759191 -0.0517082 1.09906 0.0841416 0.975247 0.116025 -0.168379
1305032377.070323 -0.759191 -0.0517082 1.09906 0.0841416 0.975247 0.116025 -0.168379
1305032377.102669 -0.759191 -0.0517082 1.09906 0.0841416 0.975247 0.116025 -0.168379
1305032377.138244 -0.759191 -0.0517082 1.09906 0.0841416 0.975247 0.116025 -0.168379
1305032377.170226 -0.759191 -0.0517082 1.09906 0.0841416 0.975247 0.116025 -0.168379
1305032377.201999 -0.739155 -0.0502194 1.09839 0.0875336 0.975485 0.114881 -0.166039
1305032377.240571 -0.728776 -0.0451003 1.09953 0.0902709 0.975489 0.115507 -0.164105
1305032377.270905 -0.721786 -0.0447235 1.09836 0.0930411 0.975492 0.115774 -0.162342
1305032377.301796 -0.721786 -0.0447235 1.09836 0.0930411 0.975492 0.115774 -0.162342
1305032377.340942 -0.712896 -0.042076 1.09925 0.0939703 0.975676 0.116853 -0.159908
1305032377.370316 -0.712896 -0.042076 1.09925 0.0939703 0.975676 0.116853 -0.159908
1305032377.401804 -0.712896 -0.042076 1.09925 0.0939703 0.975676 0.116853 -0.159908
1305032377.439875 -0.712896 -0.042076 1.09925 0.0939703 0.975676 0.116853 -0.159908
1305032377.472533 -0.712896 -0.042076 1.09925 0.0939703 0.975676 0.116853 -0.159908
1305032377.501559 -0.712896 -0.042076 1.09925 0.0939703 0.975676 0.116853 -0.159908
1305032377.537201 -0.712896 -0.042076 1.09925 0.0939703 0.975676 0.116853 -0.159908
1305032377.569572 -0.712896 -0.042076 1.09925 0.0939703 0.975676 0.116853 -0.159908
1305032377.602349 -0.712896 -0.042076 1.09925 0.0939703 0.975676 0.116853 -0.159908
1305032377.640524 -0.712896 -0.042076 1.09925 0.0939703 0.975676 0.116853 -0.159908
1305032377.669877 -0.712896 -0.042076 1.09925 0.0939703 0.975676 0.116853 -0.159908
1305032377.701705 -0.712896 -0.042076 1.09925 0.0939703 0.975676 0.116853 -0.159908
1305032377.737307 -0.709832 -0.0618583 1.10089 0.0890447 0.976041 0.124779 -0.154422
1305032377.769318 -0.709832 -0.0618583 1.10089 0.0890447 0.976041 0.124779 -0.154422
1305032377.801678 -0.709832 -0.0618583 1.10089 0.0890447 0.976041 0.124779 -0.154422
1305032377.837451 -0.709832 -0.0618583 1.10089 0.0890447 0.976041 0.124779 -0.154422
1305032377.869348 -0.71535 -0.0797358 1.09072 0.0826173 0.975746 0.136117 -0.150224
1305032377.901238 -0.71535 -0.0797358 1.09072 0.0826173 0.975746 0.136117 -0.150224
1305032377.940265 -0.722016 -0.0957585 1.07703 0.0767936 0.975661 0.147406 -0.143038
1305032377.969308 -0.725904 -0.112622 1.06299 0.0696575 0.975167 0.159775 -0.136637
1305032378.001243 -0.725904 -0.112622 1.06299 0.0696575 0.975167 0.159775 -0.136637
1305032378.040183 -0.725904 -0.112622 1.06299 0.0696575 0.975167 0.159775 -0.136637
1305032378.068725 -0.733477 -0.128214 1.04143 0.0624742 0.974689 0.172081 -0.128319
1305032378.101420 -0.738427 -0.143901 1.02306 0.0571068 0.973434 0.184926 -0.12234
1305032378.139924 -0.738427 -0.143901 1.02306 0.0571068 0.973434 0.184926 -0.12234
1305032378.169193 -0.744546 -0.160764 0.999692 0.0577248 0.972805 0.192423 -0.11529
1305032378.202266 -0.744009 -0.173516 0.981099 0.0542538 0.972229 0.200688 -0.10748
1305032378.237421 -0.74439 -0.184469 0.966086 0.0494662 0.971584 0.209346 -0.0987558
1305032378.269616 -0.74439 -0.184469 0.966086 0.0494662 0.971584 0.209346 -0.0987558
1305032378.306182 -0.74439 -0.184469 0.966086 0.0494662 0.971584 0.209346 -0.0987558
1305032378.340777 -0.728965 -0.199201 0.946089 0.040312 0.971521 0.217749 -0.0843052
1305032378.367690 -0.728965 -0.199201 0.946089 0.040312 0.971521 0.217749 -0.0843052
1305032378.406284 -0.724677 -0.209345 0.927781 0.0339684 0.969077 0.234354 -0.0693882
1305032378.438513 -0.72404 -0.224712 0.911961 0.033241 0.966006 0.250263 -0.0556388
1305032378.470434 -0.725437 -0.243113 0.896136 0.0311731 0.962598 0.265924 -0.0414552
1305032378.504807 -0.725437 -0.243113 0.896136 0.0311731 0.962598 0.265924 -0.0414552
1305032378.539167 -0.724102 -0.262688 0.873056 0.0215009 0.960503 0.276111 -0.027102
1305032378.570470 -0.721786 -0.281268 0.855601 0.007763 0.958777 0.283862 -0.0104328
1305032378.607040 -0.720507 -0.299375 0.841218 -0.00525981 0.955463 0.295031 0.00430963
1305032378.640593 -0.718896 -0.316458 0.828786 -0.0153379 0.951159 0.307837 0.0172343
1305032378.674045 -0.718466 -0.335525 0.815479 -0.0241053 0.945425 0.323739 0.0279821
1305032378.708133 -0.716128 -0.360255 0.79797 -0.0322191 0.940059 0.337632 0.0354263
1305032378.741855 -0.709669 -0.383344 0.785032 -0.0367365 0.937615 0.343287 0.0410209
1305032378.774289 -0.709669 -0.383344 0.785032 -0.0367365 0.937615 0.343287 0.0410209
1305032378.811244 -0.697286 -0.40565 0.770803 -0.0347244 0.936613 0.345754 0.044781
1305032378.840101 -0.683732 -0.423972 0.762282 -0.0338301 0.936894 0.344648 0.0479947
1305032378.871857 -0.670527 -0.438077 0.758861 -0.0343494 0.936662 0.344663 0.0518818
1305032378.907789 -0.655768 -0.455555 0.75367 -0.0375675 0.936204 0.34454 0.0583358
1305032378.938846 -0.640874 -0.468135 0.754175 -0.0464403 0.936808 0.339367 0.0711596
1305032378.971348 -0.631647 -0.479104 0.753758 -0.0620304 0.936069 0.335068 0.0874992
1305032379.007038 -0.623917 -0.489046 0.750963 -0.0816792 0.934509 0.330198 0.104834
1305032379.038668 -0.623917 -0.489046 0.750963 -0.0816792 0.934509 0.330198 0.104834
1305032379.071271 -0.61088 -0.496946 0.743231 -0.0901868 0.930486 0.335944 0.114911
1305032379.106727 -0.600803 -0.506841 0.734281 -0.0911166 0.927314 0.342011 0.121714
1305032379.138937 -0.593211 -0.515053 0.724844 -0.0846377 0.925106 0.347909 0.126387
1305032379.170930 -0.589338 -0.522902 0.714986 -0.075228 0.922232 0.356523 0.129308
1305032379.206680 -0.583275 -0.532198 0.703683 -0.0685062 0.918563 0.367156 0.129403
1305032379.238614 -0.583275 -0.532198 0.703683 -0.0685062 0.918563 0.367156 0.129403
1305032379.271270 -0.571409 -0.544886 0.688916 -0.0638192 0.918518 0.368004 0.129711
1305032379.310742 -0.556598 -0.559877 0.67737 -0.0613181 0.918267 0.3686 0.130998
1305032379.342450 -0.556598 -0.559877 0.67737 -0.0613181 0.918267 0.3686 0.130998
1305032379.373747 -0.556598 -0.559877 0.67737 -0.0613181 0.918267 0.3686 0.130998
1305032379.406812 -0.525258 -0.57568 0.668191 -0.0748489 0.919127 0.36002 0.14138
1305032379.440732 -0.525258 -0.57568 0.668191 -0.0748489 0.919127 0.36002 0.14138
1305032379.472994 -0.492265 -0.589894 0.663831 -0.0873916 0.91784 0.35734 0.149134
1305032379.507528 -0.467251 -0.606054 0.661636 -0.0996382 0.917148 0.352645 0.156693
1305032379.539852 -0.467251 -0.606054 0.661636 -0.0996382 0.917148 0.352645 0.156693
1305032379.575545 -0.432579 -0.621163 0.670142 -0.10433 0.917971 0.340675 0.174314
1305032379.607089 -0.432579 -0.621163 0.670142 -0.10433 0.917971 0.340675 0.174314
1305032379.641416 -0.432579 -0.621163 0.670142 -0.10433 0.917971 0.340675 0.174314
1305032379.676703 -0.432579 -0.621163 0.670142 -0.10433 0.917971 0.340675 0.174314
1305032379.707878 -0.432579 -0.621163 0.670142 -0.10433 0.917971 0.340675 0.174314
1305032379.738599 -0.432579 -0.621163 0.670142 -0.10433 0.917971 0.340675 0.174314
1305032379.775239 -0.432579 -0.621163 0.670142 -0.10433 0.917971 0.340675 0.174314
1305032379.807815 -0.411832 -0.623933 0.670729 -0.113109 0.915649 0.342043 0.178327
1305032379.839500 -0.412925 -0.621573 0.663633 -0.119163 0.912814 0.346966 0.179402
1305032379.875565 -0.422281 -0.618184 0.656414 -0.123771 0.909868 0.351681 0.18205
1305032379.903833 -0.434687 -0.613364 0.645243 -0.12711 0.907395 0.355062 0.185494
1305032379.940009 -0.434687 -0.613364 0.645243 -0.12711 0.907395 0.355062 0.185494
1305032379.976659 -0.434687 -0.613364 0.645243 -0.12711 0.907395 0.355062 0.185494
1305032380.007756 -0.434687 -0.613364 0.645243 -0.12711 0.907395 0.355062 0.185494
1305032380.040494 -0.459988 -0.601977 0.606208 -0.129976 0.905965 0.35733 0.186142
1305032380.076762 -0.459988 -0.601977 0.606208 -0.129976 0.905965 0.35733 0.186142
1305032380.107291 -0.459988 -0.601977 0.606208 -0.129976 0.905965 0.35733 0.186142
1305032380.140050 -0.473821 -0.592949 0.585075 -0.131338 0.904992 0.35683 0.190821
1305032380.176572 -0.473821 -0.592949 0.585075 -0.131338 0.904992 0.35683 0.190821
1305032380.207110 -0.480198 -0.586613 0.58224 -0.133866 0.906063 0.348248 0.199629
1305032380.239460 -0.485353 -0.578915 0.583071 -0.134705 0.907723 0.338497 0.208117
1305032380.276664 -0.485353 -0.578915 0.583071 -0.134705 0.907723 0.338497 0.208117
1305032380.307734 -0.492173 -0.567047 0.584605 -0.124282 0.909911 0.33284 0.214089
1305032380.339866 -0.495556 -0.553382 0.584937 -0.108528 0.91096 0.332572 0.218563
1305032380.375602 -0.495556 -0.553382 0.584937 -0.108528 0.91096 0.332572 0.218563
1305032380.407488 -0.495556 -0.553382 0.584937 -0.108528 0.91096 0.332572 0.218563
1305032380.439180 -0.504218 -0.536176 0.595393 -0.0886939 0.913919 0.325913 0.225089
1305032380.473087 -0.510751 -0.52562 0.598805 -0.0756607 0.915616 0.31818 0.233846
1305032380.507283 -0.514722 -0.510196 0.604644 -0.0632551 0.920961 0.299522 0.241074
1305032380.539774 -0.514722 -0.510196 0.604644 -0.0632551 0.920961 0.299522 0.241074
1305032380.576395 -0.52685 -0.488154 0.608394 -0.0622529 0.9201 0.300765 0.243065
1305032380.609316 -0.535005 -0.469675 0.607208 -0.0637274 0.921507 0.296981 0.242002
1305032380.639507 -0.543274 -0.44403 0.604887 -0.0657551 0.923814 0.291094 0.23981
1305032380.675545 -0.541616 -0.431245 0.600819 -0.0721731 0.925882 0.284074 0.2384
1305032380.707658 -0.541616 -0.431245 0.600819 -0.0721731 0.925882 0.284074 0.2384
1305032380.739529 -0.544164 -0.411048 0.600929 -0.0730578 0.929882 0.267005 0.242262
1305032380.776434 -0.544978 -0.393097 0.597714 -0.0663157 0.934101 0.249526 0.246565
1305032380.803780 -0.548282 -0.365981 0.597806 -0.0570262 0.935366 0.242761 0.250808
1305032380.843621 -0.550407 -0.347549 0.593797 -0.0541319 0.935329 0.243251 0.251114
1305032380.876451 -0.551563 -0.333854 0.588385 -0.0473384 0.93775 0.235644 0.250709
1305032380.906774 -0.554223 -0.316633 0.584389 -0.0387062 0.940196 0.227094 0.25092
1305032380.944580 -0.560657 -0.300206 0.578746 -0.0302132 0.942713 0.221194 0.247897
1305032380.976235 -0.567211 -0.28185 0.57369 -0.0183599 0.946837 0.213528 0.239933
1305032381.010534 -0.573584 -0.26313 0.568418 -0.010206 0.950527 0.207661 0.230804
1305032381.043413 -0.580847 -0.243129 0.562964 -0.0023631 0.953794 0.203485 0.221054
1305032381.075126 -0.586099 -0.222907 0.559969 0.00824848 0.956358 0.201877 0.211085
1305032381.107139 -0.592158 -0.203078 0.556398 0.0195679 0.957788 0.202351 0.203257
1305032381.143098 -0.601026 -0.178901 0.554936 0.0338281 0.958242 0.206293 0.195121
1305032381.175951 -0.609034 -0.15606 0.553178 0.048689 0.958364 0.210991 0.186145
1305032381.206840 -0.615553 -0.131867 0.553842 0.0684857 0.957728 0.216808 0.176243
1305032381.244183 -0.622101 -0.114324 0.55153 0.0829311 0.955878 0.223606 0.171525
1305032381.275997 -0.630746 -0.103152 0.549189 0.089806 0.954746 0.227461 0.169283
1305032381.309728 -0.636393 -0.0950253 0.5517 0.0970824 0.955052 0.227541 0.163326
1305032381.341217 -0.64224 -0.0890361 0.556727 0.107282 0.955122 0.227297 0.156746
1305032381.373199 -0.64224 -0.0890361 0.556727 0.107282 0.955122 0.227297 0.156746
1305032381.408681 -0.663155 -0.0791223 0.563446 0.112868 0.955372 0.228242 0.149772
1305032381.444067 -0.681494 -0.0725795 0.566916 0.11724 0.955615 0.231458 0.139581
1305032381.474756 -0.704102 -0.0690346 0.565373 0.123007 0.955993 0.233138 0.128812
1305032381.508685 -0.724892 -0.0640382 0.564162 0.128137 0.957691 0.231386 0.113441
1305032381.545353 -0.743741 -0.0616279 0.56045 0.133434 0.959012 0.230001 0.097937
1305032381.576827 -0.757417 -0.0665148 0.553582 0.13535 0.961007 0.225445 0.0855662
1305032381.608397 -0.770526 -0.0674237 0.549849 0.13663 0.963349 0.218718 0.0738448
1305032381.644906 -0.780452 -0.0668036 0.548589 0.141258 0.964437 0.214608 0.0620549
1305032381.675936 -0.780452 -0.0668036 0.548589 0.141258 0.964437 0.214608 0.0620549
1305032381.707240 -0.780452 -0.0668036 0.548589 0.141258 0.964437 0.214608 0.0620549
1305032381.744570 -0.78918 -0.0664469 0.551631 0.146219 0.966343 0.203814 0.0570987
1305032381.776694 -0.797882 -0.0598777 0.553804 0.149659 0.967913 0.194323 0.0546355
1305032381.810015 -0.807528 -0.0568922 0.552542 0.1548 0.969156 0.184147 0.0535162
1305032381.843860 -0.807528 -0.0568922 0.552542 0.1548 0.969156 0.184147 0.0535162
1305032381.876540 -0.817943 -0.051913 0.552173 0.164879 0.969765 0.17231 0.0517656
1305032381.907470 -0.817943 -0.051913 0.552173 0.164879 0.969765 0.17231 0.0517656
1305032381.943636 -0.817943 -0.051913 0.552173 0.164879 0.969765 0.17231 0.0517656
1305032381.975700 -0.829897 -0.0565247 0.548509 0.168295 0.972124 0.156374 0.0468924
1305032382.007016 -0.841896 -0.0482954 0.547608 0.171371 0.973943 0.142635 0.0415085
1305032382.043778 -0.851862 -0.0441123 0.545092 0.175171 0.975012 0.132158 0.0346417
1305032382.076551 -0.860155 -0.0456425 0.538169 0.181378 0.975163 0.12414 0.0273672
1305032382.112595 -0.860155 -0.0456425 0.538169 0.181378 0.975163 0.12414 0.0273672
1305032382.142801 -0.860155 -0.0456425 0.538169 0.181378 0.975163 0.12414 0.0273672
1305032382.175194 -0.873276 -0.0351486 0.534869 0.186159 0.974373 0.123813 0.0247292
1305032382.212343 -0.873276 -0.0351486 0.534869 0.186159 0.974373 0.123813 0.0247292
1305032382.244823 -0.873276 -0.0351486 0.534869 0.186159 0.974373 0.123813 0.0247292
1305032382.275045 -0.873276 -0.0351486 0.534869 0.186159 0.974373 0.123813 0.0247292
1305032382.311569 -0.873276 -0.0351486 0.534869 0.186159 0.974373 0.123813 0.0247292
1305032382.343035 -0.886221 -0.0341151 0.502372 0.180842 0.973161 0.137499 0.0367033
1305032382.375765 -0.893322 -0.0329919 0.471756 0.173085 0.971578 0.153136 0.0512512
1305032382.411673 -0.887244 -0.0296803 0.445398 0.163115 0.970059 0.167406 0.0659885
1305032382.445108 -0.8831 -0.0245021 0.421115 0.155581 0.966916 0.183525 0.0847734
1305032382.476983 -0.876472 -0.0256488 0.392724 0.148083 0.962569 0.201509 0.104533
1305032382.512630 -0.876472 -0.0256488 0.392724 0.148083 0.962569 0.201509 0.104533
1305032382.545000 -0.85549 -0.027412 0.360086 0.138777 0.957552 0.219165 0.125707
1305032382.577082 -0.837654 -0.0378493 0.327465 0.127001 0.953503 0.229789 0.147988
1305032382.614372 -0.813894 -0.0456203 0.301693 0.113349 0.949685 0.239477 0.167036
1305032382.644837 -0.790113 -0.0576249 0.276645 0.104189 0.942573 0.255606 0.188058
1305032382.675979 -0.767735 -0.077811 0.250455 0.0935385 0.93609 0.265336 0.211147
1305032382.713425 -0.744118 -0.100966 0.224987 0.0804482 0.932057 0.267959 0.230207
1305032382.744674 -0.718817 -0.123262 0.204397 0.0670503 0.928609 0.269383 0.246216
1305032382.776770 -0.693086 -0.145953 0.186357 0.0500051 0.923875 0.272146 0.26437
1305032382.812185 -0.664481 -0.176025 0.171164 0.0321454 0.921204 0.268629 0.279621
1305032382.844824 -0.664481 -0.176025 0.171164 0.0321454 0.921204 0.268629 0.279621
1305032382.875189 -0.664481 -0.176025 0.171164 0.0321454 0.921204 0.268629 0.279621
1305032382.913733 -0.605442 -0.220661 0.163652 0.0167536 0.916608 0.266201 0.297803
1305032382.943823 -0.605442 -0.220661 0.163652 0.0167536 0.916608 0.266201 0.297803
1305032382.975989 -0.545371 -0.25627 0.167906 0.0132783 0.910305 0.263124 0.31927
1305032383.012820 -0.500408 -0.288457 0.169817 0.0103766 0.902479 0.264784 0.339578
1305032383.044130 -0.465612 -0.317423 0.175035 0.00645912 0.894214 0.267413 0.358927
1305032383.077761 -0.440036 -0.344373 0.176805 0.00143469 0.88636 0.268145 0.377441
1305032383.113060 -0.440036 -0.344373 0.176805 0.00143469 0.88636 0.268145 0.377441
1305032383.144756 -0.410302 -0.366292 0.186661 -0.000685378 0.881659 0.261276 0.392953
1305032383.177793 -0.387047 -0.376924 0.194975 -0.0005286 0.874374 0.263694 0.407352
1305032383.213287 -0.369624 -0.388183 0.202412 -0.0121706 0.864785 0.268166 0.424364
1305032383.243505 -0.356052 -0.399222 0.207934 -0.0297227 0.857316 0.269792 0.437423
1305032383.279376 -0.34548 -0.412117 0.210462 -0.04842 0.85159 0.267935 0.447953
1305032383.311447 -0.334165 -0.427557 0.213868 -0.0620704 0.8465 0.263125 0.45864
1305032383.341434 -0.326244 -0.439405 0.218494 -0.0695159 0.839774 0.255885 0.473783
1305032383.379477 -0.318717 -0.450903 0.221099 -0.0731128 0.832282 0.24958 0.489561
1305032383.411502 -0.313723 -0.461361 0.220101 -0.0781532 0.823954 0.244061 0.505397
1305032383.443669 -0.308153 -0.473273 0.218268 -0.0848797 0.816136 0.23747 0.519928
1305032383.479196 -0.301097 -0.484189 0.218315 -0.0919819 0.808263 0.231976 0.533326
1305032383.511381 -0.297336 -0.493415 0.2191 -0.0988228 0.80176 0.225914 0.544406
1305032383.544691 -0.294558 -0.500643 0.215007 -0.104505 0.796519 0.224139 0.551723
1305032383.579562 -0.289743 -0.51892 0.21933 -0.114021 0.792145 0.219431 0.557992
1305032383.613124 -0.289743 -0.51892 0.21933 -0.114021 0.792145 0.219431 0.557992
1305032383.644735 -0.289743 -0.51892 0.21933 -0.114021 0.792145 0.219431 0.557992
1305032383.679654 -0.289743 -0.51892 0.21933 -0.114021 0.792145 0.219431 0.557992
1305032383.712037 -0.293833 -0.524096 0.231549 -0.116915 0.783196 0.21614 0.571156
1305032383.742653 -0.297398 -0.527114 0.243379 -0.122651 0.773802 0.216658 0.582449
1305032383.778285 -0.30262 -0.531536 0.251433 -0.129706 0.764029 0.219759 0.592572
1305032383.812039 -0.308521 -0.53548 0.256242 -0.135285 0.755416 0.220258 0.602106
1305032383.843925 -0.312499 -0.539578 0.25909 -0.139512 0.74687 0.218772 0.612259
1305032383.878906 -0.312499 -0.539578 0.25909 -0.139512 0.74687 0.218772 0.612259
1305032383.911427 -0.312499 -0.539578 0.25909 -0.139512 0.74687 0.218772 0.612259
1305032383.943289 -0.312499 -0.539578 0.25909 -0.139512 0.74687 0.218772 0.612259
1305032383.979220 -0.317727 -0.533549 0.257804 -0.136689 0.744086 0.220596 0.615621
1305032384.011402 -0.318445 -0.529782 0.256795 -0.133076 0.741193 0.225323 0.618185
1305032384.042763 -0.318437 -0.527201 0.255711 -0.128639 0.739061 0.229577 0.620109
1305032384.079025 -0.318437 -0.527201 0.255711 -0.128639 0.739061 0.229577 0.620109
1305032384.112211 -0.319056 -0.522425 0.253476 -0.125435 0.736725 0.231911 0.622671
1305032384.143402 -0.317697 -0.521212 0.252389 -0.121597 0.734786 0.233981 0.624945
1305032384.179113 -0.317666 -0.518871 0.250711 -0.115763 0.733264 0.235712 0.627186
1305032384.211262 -0.317666 -0.518871 0.250711 -0.115763 0.733264 0.235712 0.627186
1305032384.241759 -0.316695 -0.518494 0.250874 -0.112374 0.733056 0.232674 0.629177
1305032384.278407 -0.315852 -0.518737 0.24959 -0.108454 0.732626 0.230425 0.63119
1305032384.308313 -0.31536 -0.519677 0.249308 -0.102031 0.73313 0.225373 0.633496
1305032384.341175 -0.31536 -0.519677 0.249308 -0.102031 0.73313 0.225373 0.633496
1305032384.375647 -0.31536 -0.519677 0.249308 -0.102031 0.73313 0.225373 0.633496
1305032384.411880 -0.322651 -0.510204 0.250711 -0.098108 0.732933 0.223115 0.63514
1305032384.444075 -0.326156 -0.500481 0.249921 -0.0986935 0.732026 0.21929 0.637424
1305032384.479096 -0.326794 -0.489529 0.249808 -0.101119 0.730664 0.21416 0.640345
1305032384.512157 -0.326794 -0.489529 0.249808 -0.101119 0.730664 0.21416 0.640345
1305032384.544929 -0.325991 -0.47688 0.245201 -0.101864 0.728983 0.212179 0.642796
1305032384.580765 -0.325991 -0.47688 0.245201 -0.101864 0.728983 0.212179 0.642796
1305032384.613105 -0.325901 -0.459266 0.239771 -0.102363 0.726613 0.211537 0.645606
1305032384.647706 -0.323711 -0.446779 0.231988 -0.100735 0.72531 0.21163 0.647294
1305032384.679303 -0.323711 -0.446779 0.231988 -0.100735 0.72531 0.21163 0.647294
1305032384.712109 -0.323711 -0.446779 0.231988 -0.100735 0.72531 0.21163 0.647294
1305032384.746434 -0.325003 -0.43173 0.224428 -0.0898864 0.724971 0.213144 0.648773
1305032384.778315 -0.326486 -0.416092 0.214281 -0.0779872 0.726641 0.210033 0.649459
1305032384.811269 -0.3242 -0.403392 0.207618 -0.0660696 0.727728 0.204983 0.651175
1305032384.846699 -0.322781 -0.39055 0.201636 -0.0531667 0.72865 0.194 0.65468
1305032384.879179 -0.32198 -0.376839 0.193736 -0.0391347 0.729659 0.181655 0.658079
1305032384.911051 -0.320774 -0.361294 0.185934 -0.024751 0.730387 0.170545 0.660936
1305032384.947623 -0.319072 -0.344912 0.176183 -0.0112822 0.73147 0.16055 0.662607
1305032384.979039 -0.317028 -0.33112 0.167155 0.000703393 0.732922 0.151634 0.663199
1305032385.011611 -0.314895 -0.315939 0.157721 0.0113592 0.734764 0.14343 0.662888
1305032385.047788 -0.312679 -0.299723 0.148163 0.020962 0.737394 0.135354 0.66143
1305032385.079238 -0.312679 -0.299723 0.148163 0.020962 0.737394 0.135354 0.66143
1305032385.110028 -0.312679 -0.299723 0.148163 0.020962 0.737394 0.135354 0.66143
1305032385.147955 -0.312958 -0.282102 0.132555 0.0286449 0.740543 0.131495 0.658395
1305032385.180315 -0.312891 -0.264043 0.117354 0.0379272 0.743277 0.126753 0.65577
1305032385.212521 -0.311363 -0.239118 0.104437 0.0465143 0.746104 0.123043 0.652706
1305032385.247861 -0.307765 -0.220784 0.0915538 0.0535485 0.748314 0.117648 0.650629
1305032385.279278 -0.303202 -0.204685 0.0784631 0.0587404 0.750566 0.108596 0.649159
1305032385.313088 -0.298019 -0.184648 0.067608 0.0617109 0.753878 0.0996495 0.646475
1305032385.347825 -0.290911 -0.16695 0.057384 0.0616513 0.756111 0.0914944 0.645077
1305032385.379172 -0.282953 -0.155995 0.048125 0.0610254 0.757718 0.0835569 0.644328
1305032385.411331 -0.274568 -0.148713 0.0426396 0.0611671 0.757977 0.0737279 0.645208
1305032385.446560 -0.26799 -0.135496 0.038131 0.0609571 0.758095 0.0616243 0.646358
1305032385.478895 -0.261074 -0.118835 0.0381952 0.0626376 0.757649 0.0524756 0.647526
1305032385.512276 -0.253224 -0.112933 0.0354369 0.0623333 0.75585 0.0418982 0.650423
1305032385.546621 -0.248574 -0.104082 0.0391407 0.0669681 0.753953 0.0286644 0.652877
1305032385.579100 -0.243939 -0.0845089 0.0428066 0.0742716 0.750371 0.0187691 0.656563
1305032385.611944 -0.239203 -0.065191 0.0451339 0.0733784 0.747272 0.0133453 0.66032
1305032385.647972 -0.233696 -0.0500286 0.0509433 0.0745355 0.744853 0.014276 0.662898
1305032385.677687 -0.2299 -0.042343 0.0588897 0.078174 0.740817 0.016397 0.666941
1305032385.708060 -0.228025 -0.0267974 0.0612342 0.0830138 0.735768 0.0168594 0.671915
1305032385.743325 -0.225162 -0.0104845 0.0659026 0.0880156 0.731065 0.0214451 0.676267
1305032385.779209 -0.22285 -0.00164695 0.0703517 0.0922156 0.726848 0.0256909 0.680094
1305032385.816091 -0.222108 0.0122163 0.0719943 0.0990821 0.724643 0.0307787 0.68127
1305032385.846913 -0.220815 0.0265695 0.069743 0.107829 0.723439 0.0387079 0.680816
1305032385.879571 -0.219262 0.0280759 0.0675242 0.118498 0.722833 0.0445558 0.679327
1305032385.915659 -0.215892 0.0462024 0.0690438 0.137237 0.721074 0.0471088 0.677495
1305032385.943376 -0.215892 0.0462024 0.0690438 0.137237 0.721074 0.0471088 0.677495
1305032385.980099 -0.211409 0.0513021 0.0635246 0.143376 0.720104 0.0492037 0.677105
1305032386.014821 -0.205657 0.0551065 0.0599226 0.149025 0.719847 0.0493268 0.67615
1305032386.048023 -0.199715 0.0613382 0.0581348 0.157624 0.719372 0.0508611 0.67459
1305032386.080071 -0.199715 0.0613382 0.0581348 0.157624 0.719372 0.0508611 0.67459
1305032386.115561 -0.191651 0.0685396 0.0577065 0.167235 0.717721 0.0569204 0.673549
1305032386.148299 -0.183166 0.0728854 0.0647059 0.171685 0.714198 0.0581938 0.676062
1305032386.179328 -0.176051 0.0816981 0.0719743 0.174772 0.709269 0.0612998 0.680173
1305032386.215559 -0.170226 0.0894567 0.077978 0.176046 0.702885 0.0677819 0.685832
1305032386.243605 -0.165555 0.0932906 0.0813957 0.176619 0.695022 0.0745867 0.692955
1305032386.278957 -0.161283 0.0954558 0.0842701 0.174895 0.685787 0.0807724 0.701843
1305032386.315386 -0.156571 0.0994771 0.0864236 0.169923 0.67715 0.0864759 0.710715
1305032386.346831 -0.153371 0.0964684 0.0890668 0.164669 0.668519 0.093836 0.719139
1305032386.379033 -0.153371 0.0964684 0.0890668 0.164669 0.668519 0.093836 0.719139
1305032386.415310 -0.147994 0.097921 0.0903993 0.151036 0.660652 0.0990053 0.728646
1305032386.447187 -0.147994 0.097921 0.0903993 0.151036 0.660652 0.0990053 0.728646
1305032386.479658 -0.142075 0.0921904 0.091646 0.13982 0.656807 0.0988325 0.734362
1305032386.514929 -0.142075 0.0921904 0.091646 0.13982 0.656807 0.0988325 0.734362
1305032386.547514 -0.132122 0.0853316 0.0876022 0.130599 0.647467 0.0941157 0.744898
1305032386.578838 -0.125136 0.0751 0.080106 0.119317 0.639645 0.0891468 0.754102
1305032386.614264 -0.125136 0.0751 0.080106 0.119317 0.639645 0.0891468 0.754102
1305032386.646315 -0.125136 0.0751 0.080106 0.119317 0.639645 0.0891468 0.754102
1305032386.678968 -0.125136 0.0751 0.080106 0.119317 0.639645 0.0891468 0.754102
1305032386.714163 -0.0995014 0.0594804 0.0705055 0.111832 0.634399 0.0883685 0.759752
1305032386.746448 -0.081589 0.0479196 0.0637343 0.103134 0.629125 0.0873642 0.765462
1305032386.778959 -0.0687279 0.0390415 0.0584538 0.0910363 0.625455 0.086922 0.770041
1305032386.814157 -0.0576477 0.0308698 0.0527262 0.0795083 0.621449 0.0878056 0.774448
1305032386.846480 -0.0477176 0.0234873 0.0497003 0.0659053 0.617701 0.0916446 0.77827
1305032386.878932 -0.0395639 0.0191368 0.0462163 0.0490964 0.614969 0.0969819 0.781023
1305032386.915107 -0.0318017 0.0090052 0.0402063 0.0310477 0.611327 0.105358 0.783719
1305032386.947042 -0.0242471 -0.00265727 0.0364027 0.0136218 0.606294 0.113739 0.786947
1305032386.979534 -0.016147 -0.0114627 0.030405 -0.00586175 0.601224 0.123657 0.789433
1305032387.015340 -0.00816465 -0.0276697 0.0259252 -0.025046 0.597142 0.137287 0.789902
1305032387.047204 -0.00147338 -0.0454357 0.0248686 -0.0361823 0.5935 0.149246 0.790047
1305032387.083123 -0.00147338 -0.0454357 0.0248686 -0.0361823 0.5935 0.149246 0.790047
1305032387.115144 0.00799537 -0.0632792 0.0216705 -0.0452722 0.591512 0.147719 0.791355
1305032387.146938 0.015646 -0.0809003 0.0180934 -0.0611833 0.587792 0.147722 0.793055
1305032387.183366 0.0242322 -0.100442 0.010156 -0.077414 0.584086 0.147786 0.794361
1305032387.211762 0.0346113 -0.121454 0.000431141 -0.090364 0.5813 0.146504 0.795275
1305032387.243500 0.0459155 -0.143072 -0.00692337 -0.0987595 0.580774 0.144658 0.794998
1305032387.283242 0.0459155 -0.143072 -0.00692337 -0.0987595 0.580774 0.144658 0.794998
1305032387.315110 0.0661174 -0.16521 -0.0111697 -0.110471 0.579433 0.139311 0.795391
1305032387.347681 0.0661174 -0.16521 -0.0111697 -0.110471 0.579433 0.139311 0.795391
1305032387.382764 0.0875122 -0.187206 -0.0102682 -0.124577 0.578023 0.142712 0.793727
1305032387.414331 0.0875122 -0.187206 -0.0102682 -0.124577 0.578023 0.142712 0.793727
1305032387.443532 0.111142 -0.207887 -0.00840488 -0.132758 0.574925 0.141749 0.794823
1305032387.482745 0.129752 -0.22688 -0.00862305 -0.142712 0.570592 0.143756 0.795859
1305032387.511705 0.147471 -0.246821 -0.0110814 -0.153319 0.566031 0.14184 0.797485
1305032387.543542 0.147471 -0.246821 -0.0110814 -0.153319 0.566031 0.14184 0.797485
1305032387.583132 0.163283 -0.267786 0.000599194 -0.160683 0.561607 0.13812 0.799813
1305032387.614697 0.171665 -0.285312 0.0105614 -0.168587 0.556394 0.13484 0.802386
1305032387.646620 0.178396 -0.300493 0.0160526 -0.177963 0.550115 0.129463 0.80557
1305032387.682795 0.178396 -0.300493 0.0160526 -0.177963 0.550115 0.129463 0.80557
1305032387.715088 0.185184 -0.316212 0.0265284 -0.185213 0.542996 0.125396 0.809399
1305032387.746770 0.185184 -0.316212 0.0265284 -0.185213 0.542996 0.125396 0.809399
1305032387.782837 0.185184 -0.316212 0.0265284 -0.185213 0.542996 0.125396 0.809399
1305032387.815294 0.185184 -0.316212 0.0265284 -0.185213 0.542996 0.125396 0.809399
1305032387.846872 0.185184 -0.316212 0.0265284 -0.185213 0.542996 0.125396 0.809399
1305032387.883126 0.185184 -0.316212 0.0265284 -0.185213 0.542996 0.125396 0.809399
1305032387.914658 0.23085 -0.337485 0.0318003 -0.18934 0.536641 0.136479 0.810888
1305032387.947098 0.23085 -0.337485 0.0318003 -0.18934 0.536641 0.136479 0.810888
1305032387.983846 0.23085 -0.337485 0.0318003 -0.18934 0.536641 0.136479 0.810888
1305032388.015687 0.23085 -0.337485 0.0318003 -0.18934 0.536641 0.136479 0.810888
1305032388.047380 0.23085 -0.337485 0.0318003 -0.18934 0.536641 0.136479 0.810888
1305032388.083777 0.23085 -0.337485 0.0318003 -0.18934 0.536641 0.136479 0.810888
1305032388.115961 0.23085 -0.337485 0.0318003 -0.18934 0.536641 0.136479 0.810888
1305032388.148173 0.23085 -0.337485 0.0318003 -0.18934 0.536641 0.136479 0.810888
1305032388.184052 0.23085 -0.337485 0.0318003 -0.18934 0.536641 0.136479 0.810888
1305032388.212538 0.337076 -0.391911 0.0624435 -0.188143 0.530789 0.130847 0.815931
1305032388.250425 0.337076 -0.391911 0.0624435 -0.188143 0.530789 0.130847 0.815931
1305032388.283226 0.376182 -0.416615 0.0761199 -0.187536 0.525185 0.130227 0.819788
1305032388.315193 0.376182 -0.416615 0.0761199 -0.187536 0.525185 0.130227 0.819788
1305032388.350541 0.376182 -0.416615 0.0761199 -0.187536 0.525185 0.130227 0.819788
1305032388.383342 0.376182 -0.416615 0.0761199 -0.187536 0.525185 0.130227 0.819788
1305032388.414973 0.39754 -0.435189 0.0917803 -0.183976 0.521563 0.131641 0.822676
1305032388.450875 0.39754 -0.435189 0.0917803 -0.183976 0.521563 0.131641 0.822676
1305032388.483696 0.408316 -0.450764 0.105423 -0.182606 0.51878 0.13097 0.824845
1305032388.515455 0.408316 -0.450764 0.105423 -0.182606 0.51878 0.13097 0.824845
1305032388.551418 0.409817 -0.464499 0.128188 -0.182479 0.516066 0.127141 0.827171
1305032388.581086 0.409817 -0.464499 0.128188 -0.182479 0.516066 0.127141 0.827171
1305032388.615087 0.405356 -0.473263 0.148226 -0.185958 0.510173 0.120687 0.83101
1305032388.650929 0.401887 -0.481574 0.162032 -0.189796 0.505259 0.111828 0.834377
1305032388.684041 0.401887 -0.481574 0.162032 -0.189796 0.505259 0.111828 0.834377
1305032388.713169 0.401887 -0.481574 0.162032 -0.189796 0.505259 0.111828 0.834377
1305032388.751435 0.401887 -0.481574 0.162032 -0.189796 0.505259 0.111828 0.834377
1305032388.783449 0.401887 -0.481574 0.162032 -0.189796 0.505259 0.111828 0.834377
1305032388.814824 0.415014 -0.496634 0.208346 -0.199384 0.497443 0.107477 0.837404
1305032388.847513 0.415014 -0.496634 0.208346 -0.199384 0.497443 0.107477 0.837404
1305032388.882983 0.415014 -0.496634 0.208346 -0.199384 0.497443 0.107477 0.837404
1305032388.914716 0.415014 -0.496634 0.208346 -0.199384 0.497443 0.107477 0.837404
1305032388.950492 0.416513 -0.506122 0.254237 -0.203993 0.489045 0.101045 0.842028
1305032388.983354 0.416513 -0.506122 0.254237 -0.203993 0.489045 0.101045 0.842028
1305032389.015302 0.412836 -0.508811 0.278331 -0.205507 0.481839 0.0964501 0.846343
1305032389.050498 0.410397 -0.509086 0.288725 -0.207417 0.474664 0.0923764 0.850376
1305032389.083544 0.410397 -0.509086 0.288725 -0.207417 0.474664 0.0923764 0.850376
1305032389.114834 0.410397 -0.509086 0.288725 -0.207417 0.474664 0.0923764 0.850376
1305032389.150563 0.409143 -0.507603 0.309767 -0.212204 0.465923 0.0833415 0.85495
1305032389.183847 0.411455 -0.508615 0.316999 -0.2178 0.457646 0.0761612 0.858675
1305032389.215520 0.415123 -0.513575 0.322635 -0.222176 0.450097 0.0663322 0.862351
1305032389.251042 0.416562 -0.512331 0.328356 -0.224275 0.443703 0.0561505 0.865838
1305032389.283231 0.416552 -0.50986 0.332889 -0.227313 0.436591 0.0480851 0.86914
1305032389.315296 0.418812 -0.509613 0.334222 -0.230547 0.42758 0.0399578 0.873171
1305032389.351461 0.42345 -0.506462 0.333164 -0.231561 0.419141 0.0336759 0.877249
1305032389.383520 0.429326 -0.501239 0.331087 -0.233446 0.412462 0.0289727 0.880079
1305032389.415851 0.429326 -0.501239 0.331087 -0.233446 0.412462 0.0289727 0.880079
1305032389.447191 0.441574 -0.504877 0.32882 -0.236401 0.404989 0.0252324 0.882872
1305032389.484520 0.441574 -0.504877 0.32882 -0.236401 0.404989 0.0252324 0.882872
1305032389.519411 0.449935 -0.500501 0.324859 -0.236752 0.399589 0.0234354 0.885284
1305032389.551432 0.449935 -0.500501 0.324859 -0.236752 0.399589 0.0234354 0.885284
1305032389.583908 0.449935 -0.500501 0.324859 -0.236752 0.399589 0.0234354 0.885284
1305032389.619179 0.466989 -0.501629 0.320869 -0.237708 0.395846 0.0210325 0.886768
1305032389.651751 0.4778 -0.500681 0.315997 -0.23911 0.390467 0.0201503 0.888795
1305032389.683655 0.4778 -0.500681 0.315997 -0.23911 0.390467 0.0201503 0.888795
1305032389.719141 0.492472 -0.500642 0.309214 -0.233717 0.387856 0.0184396 0.891406
1305032389.751256 0.503092 -0.496817 0.303522 -0.22858 0.385005 0.0167787 0.894003
1305032389.783396 0.503092 -0.496817 0.303522 -0.22858 0.385005 0.0167787 0.894003
1305032389.815171 0.512662 -0.497759 0.300917 -0.222125 0.383766 0.0152954 0.896187
1305032389.850251 0.512662 -0.497759 0.300917 -0.222125 0.383766 0.0152954 0.896187
1305032389.883751 0.519932 -0.492081 0.291636 -0.214916 0.381573 0.0140559 0.898897
1305032389.915433 0.526268 -0.491657 0.290722 -0.207698 0.380076 0.00978127 0.901281
1305032389.950745 0.527921 -0.487214 0.290063 -0.198161 0.375524 0.000283794 0.905381
1305032389.982637 0.527458 -0.478999 0.289003 -0.18706 0.369994 -0.00950946 0.909958
1305032390.019198 0.528069 -0.472562 0.287103 -0.177079 0.362846 -0.018108 0.91469
1305032390.053174 0.529702 -0.465853 0.284862 -0.165965 0.354348 -0.0283681 0.91983
1305032390.081015 0.534048 -0.452286 0.280757 -0.155809 0.34731 -0.0368484 0.923982
1305032390.118347 0.536269 -0.44366 0.279566 -0.150412 0.345116 -0.0405616 0.925541
1305032390.149354 0.537818 -0.437202 0.278708 -0.143085 0.34374 -0.0429352 0.927106
1305032390.183538 0.5394 -0.425627 0.276227 -0.132727 0.342515 -0.0448879 0.929006
1305032390.219241 0.5394 -0.425627 0.276227 -0.132727 0.342515 -0.0448879 0.929006
1305032390.251134 0.539309 -0.421305 0.274134 -0.12462 0.342312 -0.0474682 0.930075
1305032390.282589 0.540363 -0.408907 0.271439 -0.111311 0.343428 -0.0485474 0.931295
1305032390.314979 0.544085 -0.39648 0.267897 -0.0991816 0.34379 -0.0480281 0.932558
1305032390.350267 0.549001 -0.385173 0.265309 -0.0869056 0.344693 -0.0461939 0.933542
1305032390.382610 0.552727 -0.376767 0.264355 -0.0773034 0.344513 -0.0423309 0.934635
1305032390.415081 0.555073 -0.37145 0.265081 -0.0679606 0.342619 -0.0402204 0.936149
1305032390.451519 0.557222 -0.365124 0.265016 -0.0583182 0.33996 -0.0400835 0.937774
1305032390.479658 0.560728 -0.356864 0.26467 -0.0500889 0.337375 -0.0403745 0.939169
1305032390.514929 0.564515 -0.353578 0.264585 -0.0440095 0.334882 -0.0389653 0.940425
1305032390.550339 0.566866 -0.352879 0.26545 -0.0368544 0.332149 -0.038379 0.941725
1305032390.582772 0.569768 -0.346355 0.266069 -0.027617 0.330194 -0.0393069 0.94269
1305032390.618377 0.569768 -0.346355 0.266069 -0.027617 0.330194 -0.0393069 0.94269
1305032390.650434 0.569768 -0.346355 0.266069 -0.027617 0.330194 -0.0393069 0.94269
1305032390.682873 0.569812 -0.335347 0.262054 -0.0174073 0.330238 -0.0405895 0.942864
1305032390.718194 0.571728 -0.324198 0.259268 -0.00992828 0.329166 -0.0396967 0.943385
1305032390.750175 0.574459 -0.318736 0.259754 -0.00560873 0.327507 -0.0396938 0.943998
1305032390.786274 0.574459 -0.318736 0.259754 -0.00560873 0.327507 -0.0396938 0.943998
1305032390.818507 0.579897 -0.307915 0.257423 -0.0039325 0.326197 -0.036617 0.944584
1305032390.850437 0.585487 -0.301343 0.256613 -0.00237202 0.324761 -0.0347911 0.945153
1305032390.886597 0.591844 -0.295147 0.256835 0.000298148 0.322535 -0.0340722 0.945944
1305032390.918398 0.598475 -0.287654 0.258234 0.0025526 0.320319 -0.0337444 0.946705
1305032390.950305 0.603507 -0.285428 0.260219 0.00456096 0.318703 -0.0354515 0.947181
1305032390.987238 0.611613 -0.279359 0.260591 0.0119877 0.31503 -0.0380385 0.948243
1305032391.019268 0.618904 -0.270626 0.263059 0.0199366 0.310101 -0.0413191 0.949596
1305032391.051279 0.626312 -0.258183 0.265502 0.0220914 0.305991 -0.0435217 0.950783
1305032391.087153 0.633865 -0.245888 0.267609 0.0233893 0.304383 -0.0421435 0.951329
1305032391.118251 0.637299 -0.239921 0.271596 0.0254889 0.302515 -0.0396333 0.951979
1305032391.150434 0.642122 -0.23453 0.274171 0.0301172 0.297843 -0.0407441 0.953269
1305032391.186761 0.646993 -0.224853 0.27695 0.0324256 0.294611 -0.0438689 0.954059
1305032391.218382 0.650372 -0.215342 0.279922 0.0343571 0.293232 -0.043248 0.954445
1305032391.250262 0.653403 -0.20866 0.281662 0.0372055 0.291449 -0.0400106 0.955025
1305032391.286409 0.653403 -0.20866 0.281662 0.0372055 0.291449 -0.0400106 0.955025
1305032391.318198 0.654014 -0.19885 0.282998 0.0388672 0.289282 -0.0375858 0.955716
1305032391.350223 0.653778 -0.190752 0.284016 0.0404731 0.287044 -0.0345971 0.956436
1305032391.386404 0.653032 -0.181912 0.284165 0.042077 0.285155 -0.0311446 0.957051
1305032391.418275 0.653014 -0.171413 0.283937 0.0433013 0.283178 -0.027343 0.957699
1305032391.450231 0.65163 -0.162671 0.284022 0.0438446 0.279923 -0.0231422 0.958741
1305032391.483296 0.652152 -0.150342 0.282727 0.0442153 0.276627 -0.0190229 0.959771
1305032391.518579 0.65413 -0.139622 0.280073 0.0441283 0.27514 -0.0153301 0.960269
1305032391.548166 0.657956 -0.13363 0.27818 0.0467364 0.274102 -0.0100945 0.960511
1305032391.584774 0.657589 -0.127756 0.278778 0.0499554 0.272474 -0.00348596 0.960859
1305032391.617070 0.658451 -0.117662 0.278746 0.0518716 0.270282 0.00221365 0.96138
1305032391.647210 0.657468 -0.108082 0.279279 0.0533104 0.268532 0.00705947 0.961769
1305032391.683817 0.657468 -0.108082 0.279279 0.0533104 0.268532 0.00705947 0.961769
1305032391.719489 0.653001 -0.093438 0.278142 0.0533456 0.264534 0.0127163 0.962816
1305032391.748029 0.652277 -0.0794892 0.276021 0.0511357 0.26087 0.0155505 0.963893
1305032391.784539 0.650949 -0.0702875 0.274193 0.049072 0.259333 0.0168396 0.964393
1305032391.815353 0.649589 -0.0566484 0.271485 0.0491605 0.259145 0.0220887 0.964334
1305032391.850480 0.649354 -0.0455177 0.269699 0.0477612 0.262708 0.0262212 0.963336
1305032391.884688 0.647327 -0.040618 0.269459 0.0479362 0.267846 0.0274814 0.961876
1305032391.921342 0.644332 -0.0349808 0.268549 0.0496473 0.271388 0.0291067 0.960748
1305032391.953133 0.642951 -0.0253854 0.267641 0.0503732 0.273507 0.0312333 0.960042
1305032391.983420 0.641244 -0.0191954 0.267258 0.0499915 0.273766 0.0295682 0.960041
