1305031526.688356 0 0 0 0 0 0 1
1305031526.721587 0.00201457 -0.00243192 -0.00522294 0.012119 0.0111755 0.00221408 0.999862
1305031526.755957 0.00418867 -0.00309143 -0.0134455 0.0283769 0.0234006 0.00238738 0.999321
1305031526.788681 0.00468518 -0.00691209 -0.0209544 0.0453214 0.0363754 0.00219281 0.998308
1305031526.822643 0.00447119 -0.0159965 -0.0326609 0.0706124 0.0497338 -0.00137522 0.996262
1305031526.856844 -0.000587499 -0.00449584 -0.0472689 0.0956472 0.061588 -0.0047418 0.993497
1305031526.888465 -3.67176e-05 -0.0112429 -0.0587156 0.112243 0.0702179 -0.00953834 0.991151
1305031526.920578 -0.00476078 -0.00716892 -0.0688267 0.134209 0.0816264 -0.0128463 0.987502
1305031526.955033 -0.00813417 -0.00769289 -0.0796587 0.151661 0.0912293 -0.0141795 0.984111
1305031526.987606 -0.0107267 -0.00948487 -0.0905859 0.169697 0.0990933 -0.0164057 0.980364
1305031527.020791 -0.0143821 -0.00571546 -0.0985275 0.184224 0.106022 -0.0163302 0.977013
1305031527.055070 -0.0182792 -0.00605174 -0.105869 0.199194 0.112998 -0.0172841 0.97327
1305031527.086965 -0.0164716 -0.00212677 -0.115504 0.214133 0.118525 -0.0173989 0.969431
1305031527.119854 -0.0216272 -0.000591701 -0.122089 0.221855 0.123718 -0.0157887 0.96707
1305031527.155465 -0.0233371 0.00169235 -0.128543 0.232878 0.128514 -0.0170339 0.963827
1305031527.186447 -0.0251703 0.0133851 -0.133424 0.241822 0.13292 -0.0156073 0.961047
1305031527.222219 -0.0256316 0.0160191 -0.136242 0.241459 0.134466 -0.0141567 0.960945
1305031527.256275 -0.0274478 0.025103 -0.135648 0.239484 0.135693 -0.0143381 0.961264
1305031527.287060 -0.0325763 0.0317217 -0.133758 0.232208 0.136552 -0.0108046 0.962973
1305031527.323213 -0.0360868 0.0346007 -0.131282 0.222574 0.134788 -0.0076088 0.965523
1305031527.355197 -0.0355442 0.0382897 -0.12758 0.213208 0.131083 -0.00295347 0.968169
1305031527.388471 -0.0348326 0.0426005 -0.123744 0.204058 0.129257 -0.00031575 0.970388
1305031527.422926 -0.0331164 0.0457237 -0.11943 0.194305 0.128981 0.00250759 0.972421
1305031527.455773 -0.0325833 0.0492345 -0.115534 0.184161 0.129373 0.00559736 0.974329
1305031527.486055 -0.0338254 0.0497008 -0.112037 0.174103 0.129345 0.00769796 0.976165
1305031527.522397 -0.0339668 0.0534813 -0.107699 0.16459 0.128868 0.00852547 0.97787
1305031527.554573 -0.0352643 0.0587009 -0.102397 0.154719 0.129617 0.00942376 0.979374
1305031527.586987 -0.0354398 0.0649618 -0.0975743 0.142632 0.129705 0.00989263 0.981191
1305031527.622793 -0.0364166 0.0683949 -0.0926228 0.128858 0.129916 0.0104399 0.983061
1305031527.656028 -0.042 0.0747592 -0.0866628 0.114953 0.12933 0.0101155 0.984864
1305031527.688563 -0.0471652 0.0781437 -0.0813402 0.0971765 0.124488 0.0103317 0.987397
1305031527.721751 -0.0471663 0.0745068 -0.0774321 0.0831233 0.115963 0.0119327 0.989697
1305031527.756472 -0.0467485 0.0734433 -0.0744208 0.0726508 0.10867 0.0131904 0.991332
1305031527.789333 -0.0535555 0.0780844 -0.0707775 0.0658054 0.104697 0.0142823 0.992222
1305031527.825562 -0.0610279 0.0762781 -0.0688402 0.0560059 0.0989983 0.0155335 0.993389
1305031527.857855 -0.0709094 0.077281 -0.0661518 0.0510717 0.0910112 0.0161723 0.994408
1305031527.887866 -0.0792971 0.0846809 -0.0629254 0.046216 0.0794618 0.0133412 0.995677
1305031527.922214 -0.0873783 0.0839379 -0.0580192 0.0374922 0.0672197 0.00917341 0.996991
1305031527.954490 -0.0991992 0.0726984 -0.0568639 0.0306603 0.0538409 0.00235256 0.998076
1305031527.987977 -0.11051 0.0779472 -0.0555731 0.0350258 0.0378432 -0.0120474 0.998597
1305031528.025614 -0.121846 0.0802971 -0.0544964 0.0352489 0.02173 -0.0271417 0.998774
1305031528.056126 -0.134422 0.0760667 -0.0527451 0.0363506 0.00390296 -0.0432252 0.998396
1305031528.085297 -0.146876 0.0781452 -0.0530669 0.0427105 -0.0122146 -0.0591375 0.997261
1305031528.124333 -0.158514 0.078241 -0.0545355 0.0475538 -0.0293667 -0.0753834 0.995587
1305031528.151873 -0.17105 0.0831855 -0.0538064 0.0537865 -0.0463208 -0.0932207 0.993112
1305031528.186872 -0.180649 0.0829979 -0.0553968 0.0567013 -0.0608008 -0.110875 0.990351
1305031528.220887 -0.189528 0.0795444 -0.059238 0.0615105 -0.0716872 -0.128451 0.987207
1305031528.251953 -0.201326 0.0833518 -0.0640606 0.071194 -0.0795225 -0.14346 0.983883
1305031528.284263 -0.218894 0.088201 -0.0696125 0.0779572 -0.0894354 -0.155843 0.980631
1305031528.321639 -0.237359 0.0930082 -0.0726739 0.0871621 -0.108522 -0.169463 0.975658
1305031528.355032 -0.250273 0.0979876 -0.0783919 0.0963131 -0.131623 -0.179414 0.97016
1305031528.384839 -0.265738 0.101001 -0.0856413 0.100797 -0.154338 -0.184943 0.965306
1305031528.424006 -0.277103 0.104293 -0.0919001 0.105699 -0.182555 -0.18996 0.958862
1305031528.453962 -0.28865 0.106597 -0.103641 0.108464 -0.2113 -0.196584 0.951285
1305031528.490720 -0.297047 0.109783 -0.107262 0.109682 -0.240868 -0.201652 0.943021
1305031528.524649 -0.323589 0.134204 -0.101029 0.119023 -0.278107 -0.207462 0.930295
1305031528.557069 -0.338703 0.14623 -0.106125 0.117566 -0.305146 -0.213875 0.920501
1305031528.592924 -0.352232 0.15061 -0.113054 0.111073 -0.327655 -0.218899 0.912353
1305031528.623407 -0.356362 0.157625 -0.118533 0.106928 -0.349563 -0.223927 0.903454
1305031528.654033 -0.360356 0.168153 -0.122309 0.101025 -0.365924 -0.230875 0.895874
1305031528.692143 -0.366579 0.174877 -0.126832 0.0916986 -0.376425 -0.238816 0.890428
1305031528.725000 -0.369056 0.18283 -0.131411 0.0839785 -0.384083 -0.247037 0.885664
1305031528.756620 -0.37166 0.195669 -0.134134 0.0770987 -0.388383 -0.255075 0.882129
1305031528.792160 -0.376793 0.208136 -0.139806 0.0674604 -0.389035 -0.263006 0.8803
1305031528.824057 -0.382981 0.222922 -0.145219 0.0567033 -0.389858 -0.27028 0.87849
1305031528.856114 -0.388378 0.239388 -0.151139 0.0464529 -0.390339 -0.277688 0.876565
1305031528.892684 -0.393626 0.254244 -0.155003 0.0339348 -0.390312 -0.284612 0.874929
1305031528.924061 -0.402003 0.265509 -0.159372 0.0184345 -0.38834 -0.290791 0.874238
1305031528.956027 -0.411619 0.279413 -0.165395 0.00396658 -0.385779 -0.291156 0.875435
1305031528.991870 -0.417212 0.296075 -0.170464 -0.00835557 -0.383573 -0.288768 0.877163
1305031529.024164 -0.424797 0.311438 -0.174361 -0.0235576 -0.378116 -0.287161 0.87978
1305031529.057246 -0.435273 0.323712 -0.177474 -0.0399952 -0.368173 -0.281932 0.885078
1305031529.092696 -0.445573 0.337635 -0.183285 -0.0531213 -0.354675 -0.271656 0.893077
1305031529.124051 -0.456985 0.354109 -0.190798 -0.0652729 -0.34007 -0.257261 0.902169
1305031529.156187 -0.468803 0.371466 -0.200015 -0.0791196 -0.325401 -0.239831 0.911227
1305031529.192085 -0.48052 0.391441 -0.210121 -0.0934977 -0.310857 -0.224118 0.918911
1305031529.224200 -0.492712 0.409538 -0.217934 -0.108835 -0.296901 -0.213854 0.924268
1305031529.256728 -0.505575 0.425148 -0.22525 -0.123921 -0.281686 -0.209424 0.928137
1305031529.291235 -0.523547 0.436457 -0.234339 -0.139632 -0.263429 -0.206846 0.931839
1305031529.323356 -0.542386 0.4516 -0.248234 -0.152658 -0.245648 -0.204538 0.935156
1305031529.355813 -0.563433 0.456812 -0.256267 -0.169571 -0.234359 -0.203215 0.935428
1305031529.388855 -0.583862 0.465401 -0.267211 -0.176474 -0.229356 -0.204748 0.935056
1305031529.423010 -0.60312 0.472931 -0.276923 -0.177686 -0.226195 -0.208023 0.934874
1305031529.457448 -0.623096 0.482366 -0.288312 -0.175056 -0.220616 -0.210262 0.936202
1305031529.491343 -0.641595 0.486578 -0.294429 -0.172971 -0.217037 -0.213499 0.936693
1305031529.522171 -0.660604 0.491863 -0.303486 -0.165799 -0.21002 -0.216275 0.93895
1305031529.556350 -0.679093 0.500606 -0.313857 -0.157848 -0.201265 -0.216063 0.942281
1305031529.593324 -0.696575 0.507937 -0.321143 -0.155351 -0.193999 -0.213974 0.944693
1305031529.623772 -0.713492 0.51361 -0.326562 -0.156587 -0.187403 -0.208896 0.946955
1305031529.657753 -0.730089 0.520421 -0.330721 -0.158464 -0.179769 -0.200802 0.949869
1305031529.692840 -0.746189 0.525008 -0.33358 -0.162782 -0.172603 -0.191972 0.95229
1305031529.725566 -0.759881 0.52954 -0.334526 -0.16604 -0.166066 -0.185127 0.954244
1305031529.759598 -0.773315 0.529872 -0.333139 -0.171127 -0.156735 -0.179948 0.955912
1305031529.792805 -0.789137 0.522752 -0.328007 -0.175669 -0.144647 -0.175245 0.957866
1305031529.825293 -0.807411 0.528004 -0.331041 -0.167714 -0.129226 -0.16969 0.962485
1305031529.859548 -0.827264 0.528305 -0.33124 -0.165873 -0.116903 -0.159154 0.966173
1305031529.891119 -0.84847 0.526756 -0.331093 -0.164398 -0.10831 -0.146861 0.969368
1305031529.925850 -0.868921 0.527699 -0.332262 -0.159842 -0.102852 -0.134449 0.97252
1305031529.960102 -0.889599 0.529037 -0.334221 -0.157188 -0.0974178 -0.123484 0.974963
1305031529.992331 -0.911519 0.528924 -0.335631 -0.158328 -0.0904989 -0.112162 0.976812
1305031530.024225 -0.934613 0.524626 -0.337886 -0.162159 -0.0846166 -0.0982314 0.97821
1305031530.059982 -0.955488 0.520433 -0.343142 -0.165316 -0.0811917 -0.0859176 0.979131
1305031530.091203 -0.975539 0.514055 -0.345445 -0.169001 -0.0791299 -0.0737601 0.979661
1305031530.125990 -0.996984 0.506119 -0.352423 -0.168939 -0.0766529 -0.061616 0.980708
1305031530.159636 -1.01725 0.49716 -0.360549 -0.167332 -0.0750352 -0.0537408 0.981571
1305031530.191494 -1.03564 0.486361 -0.367242 -0.165385 -0.0741517 -0.0496597 0.982183
1305031530.224007 -1.05495 0.476119 -0.376676 -0.159566 -0.0715448 -0.0474882 0.983445
1305031530.259074 -1.07379 0.466411 -0.388242 -0.152026 -0.0677957 -0.0489903 0.984831
1305031530.292738 -1.09157 0.456062 -0.399516 -0.146486 -0.0629866 -0.0503726 0.985919
1305031530.324398 -1.1087 0.449254 -0.411951 -0.140288 -0.0569503 -0.0509385 0.987158
1305031530.355958 -1.12489 0.442453 -0.424044 -0.137472 -0.0500417 -0.0525771 0.987843
1305031530.391987 -1.14207 0.429973 -0.434227 -0.138347 -0.0428123 -0.0525336 0.988062
1305031530.423101 -1.16068 0.418875 -0.445312 -0.135367 -0.0350981 -0.0524361 0.988784
1305031530.458850 -1.17794 0.409302 -0.457366 -0.130631 -0.0283649 -0.0522214 0.989648
1305031530.492200 -1.1906 0.396627 -0.46865 -0.127393 -0.0229822 -0.0503569 0.990307
1305031530.524323 -1.20162 0.379635 -0.479274 -0.123367 -0.0151673 -0.0494984 0.99101
1305031530.558716 -1.21406 0.361868 -0.491247 -0.112902 -0.00231501 -0.0498936 0.99235
1305031530.591301 -1.22532 0.348319 -0.507794 -0.0966697 0.0134373 -0.0501234 0.993963
1305031530.623002 -1.23176 0.335726 -0.524576 -0.0811649 0.030754 -0.0502643 0.994957
1305031530.656445 -1.24322 0.323688 -0.539856 -0.0662507 0.0539663 -0.0499328 0.995091
1305031530.691015 -1.253 0.315475 -0.556328 -0.0475232 0.0786572 -0.0474198 0.994639
1305031530.723869 -1.26545 0.311068 -0.579112 -0.0285834 0.105558 -0.0438794 0.993033
1305031530.758503 -1.28138 0.311545 -0.594455 -0.0131823 0.132875 -0.037304 0.990343
1305031530.790818 -1.30345 0.315444 -0.612825 3.99101e-06 0.159656 -0.0293054 0.986738
1305031530.822584 -1.32629 0.32581 -0.627677 0.00839217 0.181734 -0.0184172 0.983139
1305031530.858371 -1.3525 0.330955 -0.636075 0.00898059 0.198372 -0.00602851 0.980067
1305031530.890688 -1.37887 0.329764 -0.637335 0.00942232 0.207573 0.0029303 0.97817
1305031530.923878 -1.40858 0.340108 -0.63586 0.016369 0.209436 0.00774121 0.977655
1305031530.959175 -1.43945 0.352062 -0.633444 0.0198206 0.203791 0.00897035 0.978773
1305031530.988081 -1.46799 0.361925 -0.62829 0.0185457 0.191678 0.0100858 0.981231
1305031531.027310 -1.48989 0.37247 -0.618743 0.0141303 0.175344 0.0138262 0.984309
1305031531.058516 -1.51295 0.386406 -0.606736 0.00709178 0.158265 0.017853 0.98721
1305031531.091208 -1.53833 0.391328 -0.592818 -0.00520346 0.140088 0.0214064 0.989894
1305031531.126140 -1.56227 0.39237 -0.574106 -0.015353 0.122057 0.0258474 0.992068
1305031531.159520 -1.58725 0.396286 -0.559758 -0.0212168 0.105069 0.0298604 0.99379
1305031531.190137 -1.61265 0.403941 -0.54488 -0.0272647 0.0880227 0.0330752 0.995196
1305031531.228127 -1.63323 0.406536 -0.525105 -0.0354023 0.0692517 0.03757 0.996263
1305031531.259840 -1.65042 0.404605 -0.505173 -0.041845 0.0501759 0.0412814 0.997009
1305031531.290185 -1.67269 0.408581 -0.485602 -0.0418003 0.0370439 0.0443184 0.997455
1305031531.327763 -1.69068 0.415862 -0.468333 -0.0400081 0.0269089 0.0452553 0.997811
1305031531.358509 -1.70579 0.417461 -0.448359 -0.0403332 0.0218597 0.0448499 0.99794
1305031531.389868 -1.72311 0.420648 -0.430087 -0.0379979 0.0239305 0.0440038 0.998022
1305031531.427177 -1.74152 0.42391 -0.413993 -0.0360152 0.0310546 0.0445232 0.997876
1305031531.459698 -1.75904 0.418428 -0.395336 -0.0359563 0.039666 0.0487204 0.997377
1305031531.492107 -1.78078 0.418972 -0.378506 -0.0323156 0.0487005 0.0517233 0.99695
1305031531.527542 -1.80114 0.417147 -0.360098 -0.030766 0.0550102 0.055233 0.996482
1305031531.560506 -1.8191 0.412947 -0.342073 -0.0297924 0.0591221 0.061219 0.995926
1305031531.592018 -1.83756 0.4133 -0.325832 -0.02742 0.0638267 0.0656735 0.99542
1305031531.628037 -1.85515 0.410276 -0.310652 -0.0277435 0.0696964 0.0688941 0.9948
1305031531.659769 -1.87389 0.403064 -0.296109 -0.0278257 0.0764816 0.0736415 0.993958
1305031531.693140 -1.89465 0.400807 -0.283363 -0.0259197 0.0817272 0.0753099 0.993467
1305031531.727762 -1.91226 0.397973 -0.268614 -0.0254713 0.0850455 0.074316 0.993275
1305031531.755881 -1.9318 0.394557 -0.256308 -0.0239611 0.0901028 0.0720917 0.993031
1305031531.790528 -1.95403 0.390647 -0.244367 -0.0208247 0.0957547 0.0710449 0.992648
1305031531.826931 -1.97626 0.396377 -0.231844 -0.0171124 0.0993856 0.06993 0.992441
1305031531.858402 -1.99628 0.403384 -0.219002 -0.0207945 0.101394 0.0693995 0.992205
1305031531.893291 -2.01293 0.405536 -0.206816 -0.0298476 0.103433 0.070203 0.991707
1305031531.925080 -2.02905 0.410305 -0.194954 -0.0378584 0.108013 0.0717364 0.990835
1305031531.959262 -2.04466 0.411738 -0.183404 -0.0474951 0.114199 0.0754038 0.989453
1305031531.990634 -2.06118 0.416614 -0.17229 -0.0556787 0.121154 0.0799174 0.987844
1305031532.027524 -2.07763 0.423582 -0.16154 -0.0645934 0.128282 0.0872318 0.98578
1305031532.059872 -2.09309 0.430303 -0.149487 -0.0766337 0.135686 0.0970455 0.983005
1305031532.092096 -2.10834 0.435529 -0.136861 -0.0901671 0.143054 0.111267 0.979298
1305031532.126073 -2.12146 0.440702 -0.122179 -0.101934 0.149515 0.129343 0.974949
1305031532.159926 -2.13677 0.445764 -0.109573 -0.112192 0.155278 0.146824 0.970435
1305031532.195623 -2.1533 0.452559 -0.0952552 -0.12086 0.161069 0.166273 0.965299
1305031532.227800 -2.16876 0.456244 -0.0813283 -0.129101 0.16587 0.185535 0.959894
1305031532.260079 -2.18533 0.46283 -0.0671629 -0.135303 0.171305 0.201437 0.954867
1305031532.295824 -2.20221 0.464662 -0.0534775 -0.143924 0.177574 0.218394 0.948713
1305031532.327833 -2.21876 0.46452 -0.039762 -0.153176 0.18116 0.235165 0.942558
1305031532.356687 -2.2336 0.461778 -0.0245872 -0.163623 0.179473 0.252361 0.936659
1305031532.396584 -2.24316 0.461161 -0.00683336 -0.170514 0.174096 0.26545 0.932819
1305031532.424572 -2.25649 0.457969 0.00924707 -0.169134 0.170853 0.271701 0.93187
1305031532.461447 -2.26982 0.453309 0.0232296 -0.15617 0.170998 0.267636 0.935276
1305031532.494758 -2.28274 0.443862 0.0362215 -0.14288 0.173126 0.265869 0.93751
1305031532.523363 -2.29436 0.437639 0.051128 -0.127621 0.174371 0.26467 0.939818
1305031532.558750 -2.30836 0.428151 0.0650646 -0.113353 0.176186 0.263196 0.941721
1305031532.594713 -2.3227 0.422182 0.0767245 -0.103457 0.180258 0.261318 0.942612
1305031532.626577 -2.33177 0.42307 0.0917781 -0.0967952 0.188133 0.260546 0.941994
1305031532.655415 -2.3417 0.414512 0.103816 -0.0953405 0.201838 0.263899 0.938365
1305031532.692281 -2.35474 0.403401 0.114028 -0.0978057 0.216948 0.270272 0.93291
1305031532.725142 -2.36203 0.395957 0.128401 -0.104576 0.228273 0.279795 0.926645
1305031532.756518 -2.36354 0.391604 0.143464 -0.109553 0.236069 0.290038 0.920949
1305031532.793593 -2.36231 0.386839 0.157712 -0.110247 0.24278 0.295922 0.917242
1305031532.827589 -2.363 0.381053 0.170998 -0.108445 0.253364 0.29958 0.913399
1305031532.860360 -2.36337 0.375666 0.182517 -0.106186 0.266928 0.305207 0.907922
1305031532.894951 -2.36343 0.365956 0.191433 -0.105667 0.27986 0.314933 0.900739
1305031532.927108 -2.35919 0.359764 0.20321 -0.102035 0.289039 0.328452 0.893401
1305031532.958860 -2.35358 0.352379 0.214668 -0.0962118 0.295735 0.341706 0.88686
1305031532.994889 -2.35035 0.347115 0.225736 -0.0875779 0.303846 0.354027 0.880155
1305031533.027007 -2.3458 0.341732 0.235561 -0.0783826 0.312267 0.365615 0.873311
1305031533.059895 -2.34696 0.334414 0.243055 -0.0741344 0.322703 0.374723 0.865996
1305031533.095707 -2.34446 0.333103 0.251351 -0.0725725 0.332223 0.384711 0.858114
1305031533.127261 -2.3358 0.324865 0.257024 -0.0692907 0.34259 0.396724 0.848788
1305031533.158865 -2.33411 0.311785 0.258967 -0.064542 0.353194 0.401879 0.842367
1305031533.194665 -2.33882 0.303807 0.259334 -0.0638837 0.362333 0.401369 0.838771
1305031533.226596 -2.33498 0.29937 0.259979 -0.0623456 0.370262 0.405441 0.833448
1305031533.258719 -2.33052 0.283437 0.253621 -0.0603301 0.377431 0.411076 0.827601
1305031533.294892 -2.33407 0.272845 0.248199 -0.0562444 0.383939 0.41078 0.825038
1305031533.326747 -2.33435 0.260374 0.241038 -0.0502685 0.390536 0.413143 0.821138
1305031533.358749 -2.3381 0.245265 0.233373 -0.0421124 0.399048 0.414142 0.816991
1305031533.394869 -2.34364 0.227938 0.227 -0.033893 0.405496 0.41554 0.813481
1305031533.428282 -2.35095 0.214122 0.221746 -0.0252247 0.407908 0.416676 0.812007
1305031533.463804 -2.35861 0.204961 0.216535 -0.0137227 0.409323 0.418451 0.810657
1305031533.495077 -2.36736 0.195583 0.212704 -0.00432101 0.411756 0.421202 0.808101
1305031533.523787 -2.37218 0.18458 0.207444 0.00371298 0.413929 0.425942 0.804502
1305031533.563866 -2.37972 0.17969 0.203229 0.0151974 0.418206 0.427973 0.801069
1305031533.596729 -2.38819 0.17555 0.200889 0.0228702 0.425832 0.428889 0.796366
1305031533.623714 -2.39842 0.167133 0.202271 0.0268251 0.436882 0.431724 0.788688
1305031533.662973 -2.40894 0.163132 0.2036 0.0298958 0.445018 0.435281 0.782046
1305031533.695127 -2.4144 0.158459 0.202237 0.0283529 0.452103 0.440423 0.77513
1305031533.727956 -2.41752 0.151423 0.202945 0.0244073 0.463293 0.443927 0.766612
1305031533.763534 -2.42868 0.141539 0.212269 0.0220619 0.4786 0.445244 0.756448
1305031533.795519 -2.43568 0.127975 0.222188 0.0184837 0.489176 0.449849 0.746994
1305031533.827015 -2.44038 0.106596 0.234637 0.019242 0.494239 0.454238 0.740962
1305031533.859819 -2.45456 0.0915812 0.254982 0.0296927 0.490753 0.452945 0.743721
1305031533.895161 -2.45938 0.0869066 0.263457 0.0436876 0.471455 0.451379 0.756359
1305031533.926857 -2.46634 0.0745935 0.273037 0.057052 0.448694 0.44798 0.771189
1305031533.961985 -2.47133 0.0681669 0.288803 0.0716427 0.425125 0.44182 0.786722
1305031533.994392 -2.47229 0.0557666 0.308441 0.0839422 0.404935 0.432566 0.801166
1305031534.026608 -2.47446 0.0509623 0.322233 0.101027 0.386438 0.418233 0.815807
1305031534.062247 -2.47869 0.0396605 0.336452 0.115998 0.372571 0.405625 0.826562
1305031534.094417 -2.47126 0.0269046 0.344103 0.129731 0.358518 0.396535 0.835102
1305031534.126412 -2.46546 0.0186275 0.355456 0.146341 0.352867 0.381896 0.841561
1305031534.162210 -2.46872 0.00848076 0.363912 0.158668 0.356525 0.366876 0.844462
1305031534.191161 -2.46662 -0.00662576 0.367322 0.168351 0.358141 0.359016 0.845281
1305031534.225977 -2.4757 -0.0198719 0.372036 0.178597 0.360341 0.349238 0.84634
1305031534.262752 -2.47788 -0.0290731 0.377818 0.18293 0.35831 0.342534 0.849012
1305031534.295276 -2.47115 -0.0349242 0.384225 0.186328 0.353165 0.339506 0.851641
1305031534.327593 -2.46609 -0.0429487 0.387677 0.190194 0.351529 0.33611 0.852809
1305031534.362839 -2.46089 -0.0523581 0.38947 0.194512 0.352908 0.330267 0.853548
1305031534.395128 -2.45511 -0.0571782 0.391672 0.200233 0.356245 0.323389 0.853473
1305031534.427890 -2.45143 -0.0658159 0.392471 0.206272 0.361059 0.318114 0.851993
1305031534.462407 -2.4501 -0.0783798 0.392285 0.21524 0.363495 0.311564 0.851159
1305031534.494488 -2.45252 -0.0820317 0.39696 0.223639 0.363258 0.305335 0.851352
1305031534.526222 -2.44897 -0.0883205 0.39884 0.226988 0.359216 0.303823 0.85272
1305031534.562364 -2.44335 -0.0937143 0.400217 0.23348 0.35269 0.301818 0.854402
1305031534.594279 -2.44276 -0.0958866 0.404763 0.240705 0.346807 0.296256 0.856749
1305031534.627133 -2.44307 -0.099353 0.409074 0.243399 0.339404 0.292647 0.860186
1305031534.662781 -2.43545 -0.0966588 0.412469 0.244523 0.329051 0.290674 0.864548
1305031534.694710 -2.42798 -0.096596 0.414375 0.244965 0.321277 0.289434 0.867756
1305031534.730855 -2.42327 -0.0967671 0.416406 0.246825 0.316191 0.286672 0.870011
1305031534.763129 -2.41844 -0.0943215 0.419826 0.246849 0.312869 0.281662 0.872838
1305031534.795824 -2.41712 -0.0970297 0.420396 0.246229 0.310018 0.278429 0.875064
1305031534.831135 -2.41206 -0.0986491 0.4206 0.247871 0.304833 0.275978 0.877196
1305031534.862751 -2.40851 -0.103218 0.416529 0.250331 0.298933 0.271879 0.879804
1305031534.894919 -2.40362 -0.0978155 0.419456 0.255196 0.294495 0.261654 0.882998
1305031534.930974 -2.4011 -0.0910525 0.41685 0.255451 0.29658 0.253022 0.88474
1305031534.962776 -2.40023 -0.0962265 0.410398 0.255445 0.305561 0.24753 0.883238
1305031534.994599 -2.40937 -0.0990821 0.406383 0.260189 0.313446 0.240694 0.880977
1305031535.030642 -2.41917 -0.101702 0.406586 0.26507 0.314007 0.234146 0.881086
1305031535.062210 -2.42366 -0.095641 0.407796 0.267275 0.308558 0.228944 0.883708
1305031535.094542 -2.4242 -0.0959664 0.406604 0.266556 0.303355 0.229996 0.885452
1305031535.129807 -2.43099 -0.0959552 0.40584 0.267895 0.299548 0.232656 0.885649
1305031535.158853 -2.43685 -0.0983837 0.406415 0.267146 0.291922 0.23477 0.887861
1305031535.193991 -2.44112 -0.0990353 0.406428 0.265849 0.280182 0.235206 0.891908
1305031535.230011 -2.44556 -0.10161 0.404933 0.262208 0.267535 0.235492 0.89678
1305031535.261725 -2.44352 -0.103184 0.403626 0.260228 0.254101 0.234766 0.901443
1305031535.295784 -2.43935 -0.0992803 0.402753 0.259222 0.242555 0.23155 0.905735
1305031535.329773 -2.44481 -0.10469 0.400839 0.256247 0.235116 0.228788 0.909238
1305031535.361759 -2.44441 -0.105348 0.400329 0.254825 0.224837 0.224993 0.913176
1305031535.392026 -2.44476 -0.108018 0.39922 0.252618 0.216007 0.219476 0.917254
1305031535.431010 -2.44615 -0.11605 0.395388 0.251224 0.208326 0.213587 0.920797
1305031535.462732 -2.44637 -0.123646 0.391737 0.252069 0.2007 0.20497 0.924212
1305031535.495467 -2.45202 -0.130774 0.389296 0.254977 0.19511 0.194618 0.926845
1305031535.530835 -2.44889 -0.129998 0.387101 0.26007 0.18907 0.183407 0.928966
1305031535.562308 -2.4526 -0.11564 0.390105 0.267241 0.187175 0.172353 0.929431
1305031535.594713 -2.45693 -0.107129 0.391844 0.266503 0.188248 0.16486 0.930785
1305031535.630819 -2.46309 -0.110594 0.391953 0.263253 0.191097 0.161772 0.93167
1305031535.662546 -2.46596 -0.0992618 0.39397 0.263326 0.191543 0.158725 0.932082
1305031535.694763 -2.46691 -0.0839593 0.397406 0.25956 0.191036 0.15814 0.933341
1305031535.730877 -2.46688 -0.0803516 0.398315 0.252567 0.191258 0.160583 0.934796
1305031535.759227 -2.46442 -0.0668259 0.401373 0.247701 0.191551 0.161754 0.935836
1305031535.794599 -2.46096 -0.0588206 0.403751 0.240251 0.19368 0.16494 0.936783
1305031535.831105 -2.45857 -0.0553728 0.401086 0.234921 0.195334 0.171729 0.936572
1305031535.859528 -2.45613 -0.047208 0.400403 0.23029 0.196019 0.177789 0.936448
1305031535.898883 -2.45378 -0.041176 0.39831 0.225408 0.198546 0.183294 0.936042
1305031535.930685 -2.44827 -0.0284648 0.397932 0.221969 0.203423 0.188777 0.934726
1305031535.959567 -2.44537 -0.0153381 0.39667 0.215081 0.2109 0.194688 0.933466
1305031535.998988 -2.4444 -0.00381709 0.395399 0.204247 0.218699 0.201459 0.932667
1305031536.031463 -2.44023 0.00670453 0.393703 0.19265 0.225609 0.210732 0.931439
1305031536.062243 -2.43788 0.0178399 0.391192 0.181938 0.232821 0.220432 0.929571
1305031536.099404 -2.43414 0.0311726 0.390883 0.169754 0.240344 0.229945 0.927655
1305031536.131440 -2.4283 0.0407642 0.388223 0.157047 0.249258 0.241914 0.924491
1305031536.163367 -2.42551 0.0507369 0.382213 0.145694 0.260003 0.255024 0.919856
1305031536.199777 -2.42079 0.0632975 0.378233 0.135102 0.271565 0.267025 0.914712
1305031536.231583 -2.41747 0.0749015 0.375404 0.124247 0.284668 0.280239 0.908291
1305031536.263219 -2.41263 0.0855991 0.369924 0.113594 0.297528 0.295686 0.900635
1305031536.299512 -2.40523 0.0957466 0.364482 0.105471 0.310092 0.312352 0.891715
1305031536.331390 -2.40309 0.106652 0.356155 0.0987254 0.322768 0.326948 0.882711
1305031536.363006 -2.39989 0.118592 0.352277 0.0927843 0.335098 0.341736 0.873108
1305031536.399605 -2.39591 0.125596 0.348183 0.0875061 0.348063 0.357015 0.862401
1305031536.431590 -2.39643 0.13464 0.343245 0.0833393 0.361101 0.37081 0.851564
1305031536.463554 -2.39595 0.142141 0.33684 0.0777156 0.371214 0.383899 0.841892
1305031536.499647 -2.39479 0.147326 0.331756 0.0725709 0.378148 0.395366 0.83392
1305031536.531617 -2.39801 0.150017 0.327221 0.0692516 0.382496 0.405855 0.827153
1305031536.563087 -2.40088 0.156383 0.32539 0.0673337 0.382711 0.41394 0.823196
1305031536.599164 -2.40183 0.164277 0.32193 0.06636 0.382109 0.421659 0.81963
1305031536.631797 -2.405 0.169981 0.317166 0.0655515 0.382107 0.430164 0.815265
1305031536.663533 -2.40952 0.175532 0.315521 0.0632135 0.379569 0.437484 0.812735
1305031536.699497 -2.41144 0.184523 0.31384 0.0608498 0.375937 0.44055 0.812948
1305031536.731424 -2.4132 0.196412 0.311495 0.0585137 0.376238 0.440197 0.813171
1305031536.761478 -2.41259 0.204002 0.303703 0.0550606 0.378033 0.439816 0.812786
1305031536.796242 -2.41558 0.20823 0.297322 0.0519551 0.378659 0.436565 0.81445
1305031536.828016 -2.41971 0.216131 0.294616 0.0492278 0.377408 0.432236 0.817504
1305031536.859596 -2.42157 0.223073 0.289327 0.045637 0.375948 0.429252 0.819953
1305031536.895830 -2.42298 0.23228 0.283237 0.0432613 0.376222 0.421813 0.823808
1305031536.927579 -2.42326 0.245108 0.275469 0.0420375 0.379323 0.411725 0.827544
1305031536.962880 -2.4228 0.252329 0.262631 0.0407328 0.38272 0.407115 0.828326
1305031536.996766 -2.42423 0.262109 0.25091 0.0409489 0.384735 0.400358 0.830672
1305031537.028058 -2.42564 0.275362 0.23817 0.0410879 0.38692 0.393168 0.833081
1305031537.060447 -2.42531 0.284689 0.222851 0.0393373 0.387359 0.388728 0.835043
1305031537.095829 -2.42186 0.300934 0.208896 0.0389058 0.386355 0.381771 0.838729
1305031537.129621 -2.41917 0.31051 0.192084 0.0368243 0.388027 0.376133 0.840597
1305031537.167541 -2.41555 0.319336 0.1722 0.0349793 0.389099 0.369342 0.843188
1305031537.195643 -2.41001 0.330216 0.154151 0.0337049 0.38756 0.361134 0.847492
1305031537.230153 -2.40557 0.339042 0.134722 0.032981 0.384954 0.353338 0.851983
1305031537.265688 -2.39989 0.35088 0.115893 0.0326041 0.381132 0.344259 0.857415
1305031537.298861 -2.39365 0.359906 0.0968929 0.030879 0.377449 0.3363 0.862253
1305031537.330994 -2.38872 0.36611 0.0766143 0.0291006 0.373183 0.327932 0.86738
1305031537.365736 -2.38267 0.373327 0.0566186 0.0282175 0.367299 0.317687 0.873711
1305031537.395624 -2.37865 0.380172 0.0383268 0.0280002 0.360789 0.307238 0.880143
1305031537.429641 -2.37506 0.386093 0.0214298 0.0268824 0.352712 0.298314 0.886499
1305031537.464312 -2.36796 0.391012 0.00275147 0.0249856 0.341673 0.288176 0.894198
1305031537.497527 -2.36257 0.399182 -0.0146784 0.0240629 0.332425 0.275846 0.901567
1305031537.530263 -2.35555 0.408416 -0.0306605 0.0211609 0.324984 0.265258 0.907511
1305031537.564476 -2.34488 0.410983 -0.0463261 0.0174093 0.319017 0.258763 0.911574
1305031537.598276 -2.33645 0.409485 -0.0632538 0.0174245 0.314036 0.254843 0.914403
1305031537.630389 -2.3288 0.40985 -0.0785805 0.0192344 0.305788 0.248522 0.918891
1305031537.664114 -2.31564 0.412483 -0.0949233 0.0220276 0.293854 0.240934 0.924725
1305031537.695278 -2.30162 0.415456 -0.11015 0.0269937 0.286178 0.231838 0.929314
1305031537.728342 -2.28997 0.417807 -0.125541 0.031486 0.282196 0.221017 0.93302
1305031537.766378 -2.27724 0.419185 -0.139589 0.0363979 0.278177 0.210275 0.936524
1305031537.798725 -2.26452 0.423148 -0.153153 0.0423984 0.273523 0.201005 0.939673
1305031537.830287 -2.25086 0.427012 -0.165325 0.0471176 0.267056 0.193144 0.942951
1305031537.866662 -2.23384 0.430766 -0.178065 0.0507455 0.259821 0.183602 0.946683
1305031537.898536 -2.21767 0.437391 -0.190648 0.0543347 0.254905 0.174573 0.949524
1305031537.930243 -2.2011 0.444113 -0.203235 0.0554188 0.250332 0.166837 0.952065
1305031537.966300 -2.17974 0.446809 -0.215682 0.0539639 0.244003 0.160766 0.954832
1305031537.998327 -2.16159 0.451639 -0.227529 0.0551121 0.239932 0.153758 0.95695
1305031538.030606 -2.14311 0.457922 -0.238539 0.0551392 0.23461 0.148921 0.959031
1305031538.066420 -2.12197 0.453975 -0.249459 0.0524201 0.227275 0.147044 0.961237
1305031538.099117 -2.10617 0.450911 -0.260066 0.055255 0.218675 0.146938 0.963088
1305031538.130778 -2.08653 0.451872 -0.271852 0.0598866 0.205117 0.149079 0.965462
1305031538.167361 -2.06246 0.444696 -0.284929 0.0599884 0.191079 0.147048 0.968642
1305031538.198836 -2.03941 0.438654 -0.298093 0.0653144 0.181872 0.139915 0.971123
1305031538.231674 -2.0219 0.436324 -0.312077 0.0750439 0.177359 0.131172 0.972474
1305031538.267245 -2.00472 0.432876 -0.323901 0.0830732 0.172776 0.121219 0.973937
1305031538.297169 -1.98856 0.426442 -0.335558 0.0916223 0.167193 0.110399 0.97543
1305031538.329631 -1.97268 0.425835 -0.346043 0.103485 0.159953 0.098786 0.976702
1305031538.366671 -1.95701 0.426357 -0.358036 0.113808 0.151358 0.0886974 0.977891
1305031538.395653 -1.94149 0.425935 -0.370644 0.123462 0.143499 0.0811279 0.978562
1305031538.434273 -1.9282 0.4275 -0.382555 0.133253 0.134827 0.0752097 0.978984
1305031538.468114 -1.91083 0.430782 -0.392997 0.141761 0.122821 0.0675394 0.979927
1305031538.498490 -1.89549 0.441713 -0.404308 0.14894 0.111072 0.0606218 0.980717
1305031538.534659 -1.87631 0.453609 -0.414898 0.151572 0.0987576 0.0546185 0.981983
1305031538.566473 -1.85849 0.468409 -0.424268 0.150799 0.0891919 0.0454732 0.983482
1305031538.598497 -1.83923 0.489191 -0.433756 0.145657 0.0825011 0.0361638 0.985226
1305031538.634075 -1.81736 0.493362 -0.446546 0.136149 0.0791346 0.031527 0.987019
1305031538.666052 -1.80565 0.508056 -0.46106 0.133109 0.0773942 0.0268525 0.98771
1305031538.698387 -1.80033 0.535486 -0.468623 0.126199 0.0728777 0.020811 0.989105
1305031538.734584 -1.78203 0.55185 -0.475855 0.10882 0.0612494 0.0208576 0.991953
1305031538.766510 -1.75803 0.561703 -0.487302 0.0916758 0.0489752 0.0226096 0.994327
1305031538.798755 -1.73588 0.581669 -0.495738 0.0762537 0.0408595 0.0210855 0.996028
1305031538.832497 -1.71197 0.593583 -0.503814 0.0554623 0.0365238 0.0169089 0.997649
1305031538.867193 -1.68735 0.599044 -0.513284 0.0391622 0.035412 0.0135623 0.998513
1305031538.899432 -1.66497 0.610243 -0.524237 0.0270803 0.0356938 0.012 0.998924
1305031538.936017 -1.6407 0.619453 -0.53183 0.0143363 0.0347124 0.0127345 0.999213
1305031538.967667 -1.61623 0.624474 -0.540833 0.0024502 0.0336828 0.0135581 0.999338
1305031538.999448 -1.59065 0.630792 -0.550431 -0.00687722 0.0327546 0.0136446 0.999347
1305031539.034977 -1.5645 0.637004 -0.558817 -0.0154531 0.0321975 0.0125207 0.999284
1305031539.067603 -1.53875 0.642857 -0.565426 -0.0222545 0.0316017 0.00966886 0.999206
1305031539.099360 -1.51184 0.651323 -0.572339 -0.0294259 0.0295623 0.00564508 0.999114
1305031539.135768 -1.48542 0.655587 -0.576072 -0.0387979 0.0274375 0.00136883 0.998869
1305031539.167546 -1.46066 0.66336 -0.579274 -0.0468667 0.024293 -0.00427372 0.998597
1305031539.199492 -1.43677 0.671367 -0.581954 -0.0583891 0.0189016 -0.00933956 0.998071
1305031539.235629 -1.41192 0.673974 -0.582805 -0.0744522 0.00910274 -0.014762 0.997074
1305031539.267760 -1.38431 0.677573 -0.582331 -0.0887299 -0.00275099 -0.0237946 0.995768
1305031539.299592 -1.3575 0.683496 -0.585359 -0.10249 -0.0110179 -0.0354006 0.994043
1305031539.335706 -1.32924 0.686121 -0.585451 -0.120001 -0.0163769 -0.0516511 0.991294
1305031539.367585 -1.30168 0.68993 -0.587026 -0.135234 -0.0180768 -0.072824 0.987968
1305031539.399501 -1.27594 0.688888 -0.590163 -0.152699 -0.0169887 -0.092061 0.983829
1305031539.435549 -1.25249 0.68698 -0.591676 -0.171579 -0.0153562 -0.107138 0.979207
1305031539.467525 -1.22078 0.687191 -0.593786 -0.182342 -0.022697 -0.118255 0.975834
1305031539.499639 -1.19697 0.683555 -0.596463 -0.191517 -0.0323073 -0.125297 0.972922
1305031539.535499 -1.17335 0.682349 -0.600288 -0.198336 -0.0427572 -0.131567 0.970322
1305031539.567517 -1.1461 0.681152 -0.60336 -0.200955 -0.0531044 -0.138755 0.968269
1305031539.599060 -1.12327 0.673522 -0.608441 -0.201841 -0.0607139 -0.147845 0.96629
1305031539.635592 -1.09963 0.667764 -0.612749 -0.200557 -0.0679855 -0.160341 0.964078
1305031539.667412 -1.07348 0.660886 -0.614895 -0.196216 -0.0753735 -0.175075 0.961856
1305031539.703794 -1.05133 0.647996 -0.616385 -0.191737 -0.0820891 -0.188001 0.959768
1305031539.735675 -1.0289 0.637506 -0.617904 -0.187765 -0.0907867 -0.199475 0.957451
1305031539.767637 -1.00641 0.629944 -0.619639 -0.185541 -0.0995888 -0.20952 0.95486
1305031539.803605 -0.981286 0.62099 -0.615176 -0.184729 -0.110924 -0.21895 0.951647
1305031539.832088 -0.960998 0.611444 -0.613508 -0.184606 -0.123594 -0.227975 0.947984
1305031539.867127 -0.937442 0.60746 -0.610546 -0.184556 -0.137464 -0.238468 0.943491
1305031539.903594 -0.914201 0.601629 -0.605662 -0.187097 -0.149576 -0.250787 0.937938
1305031539.935437 -0.886538 0.601142 -0.597839 -0.187306 -0.160438 -0.26563 0.931996
1305031539.967652 -0.861264 0.595286 -0.587051 -0.185324 -0.16704 -0.278717 0.927399
1305031540.003691 -0.837898 0.588378 -0.580582 -0.180561 -0.171567 -0.289598 0.924173
1305031540.035614 -0.813381 0.584241 -0.571273 -0.173369 -0.174963 -0.299016 0.921912
1305031540.067782 -0.796068 0.571354 -0.560852 -0.164801 -0.177049 -0.303528 0.92161
1305031540.103651 -0.775463 0.56327 -0.559093 -0.149438 -0.179846 -0.307481 0.922377
1305031540.135787 -0.752999 0.553841 -0.552326 -0.135963 -0.180741 -0.307313 0.924341
1305031540.167625 -0.734322 0.543698 -0.546743 -0.121751 -0.177852 -0.305331 0.927533
1305031540.204012 -0.717354 0.533001 -0.540523 -0.105723 -0.17364 -0.299586 0.932159
1305031540.235943 -0.70714 0.523036 -0.539892 -0.0881348 -0.172257 -0.294059 0.935996
1305031540.267794 -0.691568 0.518512 -0.542491 -0.0684446 -0.177588 -0.287839 0.938577
1305031540.303627 -0.673513 0.511257 -0.541049 -0.0544368 -0.183879 -0.280128 0.940613
1305031540.335660 -0.65664 0.503295 -0.540193 -0.0396777 -0.187356 -0.272777 0.942824
1305031540.367613 -0.63661 0.493388 -0.536493 -0.0253851 -0.187227 -0.262345 0.946296
1305031540.403545 -0.629152 0.485764 -0.54113 -0.00923923 -0.180098 -0.251305 0.95096
1305031540.435756 -0.611822 0.480583 -0.542543 0.00753504 -0.181204 -0.237672 0.954264
1305031540.467365 -0.596302 0.468078 -0.542735 0.0192435 -0.1817 -0.222893 0.957567
1305031540.502953 -0.580653 0.45943 -0.544571 0.0341545 -0.181887 -0.207997 0.960462
1305031540.535194 -0.556595 0.451597 -0.542995 0.0479073 -0.184219 -0.196797 0.96179
1305031540.563522 -0.538632 0.437617 -0.540975 0.060688 -0.179278 -0.18887 0.96359
1305031540.603376 -0.522472 0.43716 -0.546947 0.0792502 -0.168346 -0.178893 0.966114
1305031540.635224 -0.502449 0.434474 -0.545527 0.0907854 -0.159585 -0.170212 0.968152
1305031540.667294 -0.486661 0.425757 -0.545261 0.0995221 -0.146805 -0.161197 0.970855
1305031540.703386 -0.466834 0.421295 -0.547745 0.109442 -0.134621 -0.149516 0.973419
1305031540.735694 -0.448517 0.41693 -0.546931 0.115533 -0.122239 -0.13838 0.975992
1305031540.767548 -0.432338 0.407695 -0.548498 0.121204 -0.105795 -0.12777 0.978668
1305031540.803232 -0.418524 0.408832 -0.544427 0.131539 -0.0856998 -0.115269 0.98085
1305031540.835181 -0.402879 0.407419 -0.544981 0.13848 -0.0626916 -0.104144 0.982877
1305031540.871023 -0.392649 0.405626 -0.54246 0.145088 -0.0402329 -0.0926099 0.984253
1305031540.903222 -0.377112 0.402374 -0.544919 0.150899 -0.0207617 -0.0816549 0.984952
1305031540.935050 -0.367316 0.401676 -0.548494 0.155876 -0.00020125 -0.0691793 0.985351
1305031540.971078 -0.363904 0.398791 -0.548695 0.159808 0.017095 -0.0550675 0.985463
1305031541.003228 -0.354533 0.394089 -0.550916 0.16614 0.0284975 -0.0439323 0.984711
1305031541.034514 -0.345947 0.391889 -0.552316 0.173582 0.0396404 -0.0323141 0.983491
1305031541.070217 -0.341667 0.388057 -0.554006 0.181481 0.049164 -0.0201056 0.981959
1305031541.099997 -0.338874 0.387967 -0.554353 0.188293 0.0547806 -0.0128997 0.980499
1305031541.135330 -0.330996 0.386578 -0.553602 0.192125 0.060305 -0.00790249 0.979484
1305031541.171574 -0.327952 0.383869 -0.553208 0.197085 0.0692373 -0.00151044 0.977937
1305031541.202996 -0.332445 0.385867 -0.553004 0.199686 0.0746117 0.00192082 0.977013
1305031541.235198 -0.332704 0.38541 -0.549236 0.195944 0.0738395 0.00343181 0.977825
1305031541.267954 -0.33443 0.384053 -0.546876 0.190881 0.070801 0.00652346 0.979035
1305031541.301672 -0.336383 0.380941 -0.542866 0.184636 0.0650457 0.00895642 0.980611
1305031541.331852 -0.339009 0.378989 -0.538053 0.179047 0.0562741 0.00830001 0.982195
1305031541.371250 -0.34114 0.377767 -0.532235 0.171869 0.0451552 0.00542681 0.984069
1305031541.402022 -0.342774 0.375809 -0.527195 0.164177 0.0347824 0.000303594 0.985817
1305031541.431932 -0.345101 0.371377 -0.523269 0.157102 0.0243193 -0.00735534 0.987256
1305031541.471366 -0.349166 0.368492 -0.519076 0.152192 0.0136627 -0.0168618 0.988113
1305031541.501569 -0.354707 0.366645 -0.512644 0.144894 0.00218896 -0.0301724 0.988985
1305031541.535345 -0.358243 0.36483 -0.508215 0.137748 -0.00911542 -0.0439863 0.989448
1305031541.569819 -0.363412 0.362752 -0.504135 0.130059 -0.0193878 -0.0578959 0.989625
1305031541.603472 -0.369466 0.357486 -0.501924 0.122014 -0.0313509 -0.0724344 0.989385
1305031541.635279 -0.376276 0.354887 -0.497538 0.11619 -0.0451485 -0.0875317 0.988332
1305031541.671483 -0.381635 0.353095 -0.494216 0.110649 -0.0598003 -0.105225 0.986463
1305031541.703527 -0.384152 0.347474 -0.490624 0.10382 -0.0741384 -0.126572 0.98372
1305031541.734963 -0.389781 0.345932 -0.488306 0.0981416 -0.0869161 -0.151795 0.97968
1305031541.771656 -0.393832 0.344178 -0.483353 0.0918249 -0.0989219 -0.183182 0.97377
1305031541.803338 -0.399781 0.342615 -0.479483 0.0844371 -0.104154 -0.217145 0.966887
1305031541.835259 -0.411578 0.34038 -0.47576 0.0749873 -0.108738 -0.248003 0.959712
1305031541.871359 -0.420563 0.337327 -0.472465 0.0694898 -0.12022 -0.271962 0.952237
1305031541.903131 -0.42868 0.340388 -0.470204 0.065693 -0.135231 -0.289376 0.945335
1305031541.932460 -0.435617 0.335954 -0.46671 0.0573622 -0.154472 -0.300836 0.939333
1305031541.969202 -0.441996 0.33049 -0.464822 0.0505524 -0.17524 -0.305827 0.934455
1305031542.000034 -0.446693 0.331076 -0.461494 0.046439 -0.197088 -0.308648 0.929374
1305031542.032795 -0.446712 0.326481 -0.455225 0.0412906 -0.221165 -0.312613 0.922851
1305031542.069819 -0.445435 0.323413 -0.446027 0.0392647 -0.236612 -0.319589 0.916698
1305031542.102573 -0.444344 0.326139 -0.438242 0.0395672 -0.244606 -0.329543 0.911046
1305031542.139294 -0.447729 0.323311 -0.430723 0.0353598 -0.249813 -0.34077 0.905659
1305031542.170485 -0.453389 0.321625 -0.42467 0.0319498 -0.255198 -0.347377 0.901766
1305031542.202214 -0.454781 0.325214 -0.417363 0.0276513 -0.265365 -0.351261 0.897459
1305031542.237243 -0.458249 0.3208 -0.40913 0.0195807 -0.276578 -0.356331 0.892272
1305031542.269752 -0.452694 0.318557 -0.39797 0.0158197 -0.286864 -0.35983 0.887683
1305031542.301218 -0.445095 0.316737 -0.384442 0.0121568 -0.290644 -0.36644 0.883798
1305031542.338812 -0.445591 0.30911 -0.373242 0.00682129 -0.286696 -0.374214 0.881886
1305031542.371582 -0.446239 0.307389 -0.364439 0.00449078 -0.2818 -0.37708 0.882258
1305031542.403140 -0.443608 0.303399 -0.353401 -0.00149893 -0.281291 -0.376133 0.882835
1305031542.439210 -0.443825 0.296513 -0.342351 -0.00828644 -0.280562 -0.374511 0.883718
1305031542.471527 -0.442445 0.289357 -0.332544 -0.0113884 -0.281782 -0.371109 0.88473
1305031542.503717 -0.435693 0.282132 -0.320858 -0.0142205 -0.286002 -0.364925 0.885907
1305031542.539439 -0.429287 0.270609 -0.307693 -0.0183152 -0.289 -0.359663 0.88701
1305031542.571672 -0.425289 0.258649 -0.297352 -0.0191307 -0.289614 -0.354488 0.888873
1305031542.603499 -0.415998 0.251401 -0.286917 -0.0177262 -0.292088 -0.347027 0.891034
1305031542.639171 -0.408425 0.239321 -0.273745 -0.020498 -0.294916 -0.340328 0.892626
1305031542.668866 -0.401606 0.227579 -0.263126 -0.0207464 -0.296382 -0.334827 0.894214
1305031542.702239 -0.390771 0.218108 -0.251278 -0.0185425 -0.298904 -0.333061 0.894082
1305031542.737961 -0.379849 0.207818 -0.236531 -0.019082 -0.299677 -0.33247 0.894032
1305031542.771170 -0.376243 0.197165 -0.226339 -0.0204897 -0.296461 -0.332592 0.895027
1305031542.803270 -0.369271 0.188941 -0.215095 -0.0201867 -0.298303 -0.333209 0.894192
1305031542.839568 -0.357565 0.179963 -0.197978 -0.0218729 -0.301674 -0.333917 0.892756
1305031542.871198 -0.352068 0.169302 -0.184142 -0.0252788 -0.298985 -0.335053 0.893145
1305031542.903732 -0.345569 0.161342 -0.171601 -0.0274387 -0.296538 -0.336096 0.893505
1305031542.939215 -0.342174 0.151343 -0.157568 -0.0316427 -0.295461 -0.338006 0.893003
1305031542.970866 -0.33817 0.1427 -0.144671 -0.0345703 -0.297864 -0.337904 0.892134
1305031543.002677 -0.331665 0.133309 -0.128295 -0.0396157 -0.302888 -0.336065 0.890926
1305031543.039126 -0.328453 0.12208 -0.113239 -0.0453526 -0.306367 -0.334083 0.890208
1305031543.070710 -0.320469 0.114736 -0.0974185 -0.048356 -0.311596 -0.33214 0.888961
1305031543.102755 -0.313562 0.104911 -0.0797384 -0.0540745 -0.31492 -0.332693 0.887252
1305031543.139358 -0.306865 0.094421 -0.0623218 -0.0591344 -0.315882 -0.33386 0.886149
1305031543.170265 -0.303759 0.0835917 -0.0476931 -0.0644096 -0.314516 -0.333912 0.886247
1305031543.200190 -0.299631 0.072887 -0.0342337 -0.06882 -0.31546 -0.329144 0.887363
1305031543.238701 -0.293854 0.0630062 -0.0203936 -0.0734844 -0.317585 -0.320408 0.889426
1305031543.270923 -0.290958 0.0506636 -0.00790582 -0.0770668 -0.319394 -0.313174 0.89105
1305031543.302962 -0.286981 0.0405198 0.00122784 -0.074636 -0.322217 -0.30692 0.892416
1305031543.338824 -0.282208 0.0343279 0.00830184 -0.071147 -0.324873 -0.301636 0.893539
1305031543.370800 -0.28057 0.0246811 0.0134215 -0.0687477 -0.326898 -0.298482 0.894047
1305031543.407586 -0.279158 0.0192296 0.0143413 -0.0614278 -0.330422 -0.298532 0.893267
1305031543.436408 -0.277318 0.0137929 0.015561 -0.0554654 -0.334679 -0.298322 0.892142
1305031543.472193 -0.277503 0.0101507 0.0134299 -0.0506513 -0.336858 -0.297345 0.891934
1305031543.507662 -0.279326 0.00711841 0.0087035 -0.0461972 -0.34076 -0.299171 0.890082
1305031543.539811 -0.280286 0.00487372 0.00401945 -0.0405923 -0.347531 -0.302577 0.886579
1305031543.572301 -0.282549 0.00270425 -0.00221899 -0.036712 -0.351613 -0.305339 0.884188
1305031543.607686 -0.286636 0.00234175 -0.013416 -0.0329743 -0.355546 -0.309076 0.88146
1305031543.639875 -0.290284 0.00357675 -0.0238899 -0.0317614 -0.362829 -0.315995 0.876067
1305031543.671696 -0.297309 -0.00227141 -0.0348154 -0.0339407 -0.36602 -0.320065 0.873176
1305031543.707488 -0.303115 -0.00278628 -0.0510518 -0.0299692 -0.36752 -0.320962 0.872361
1305031543.739759 -0.307606 -0.0037435 -0.0658776 -0.0285224 -0.370292 -0.322602 0.870631
1305031543.771875 -0.316854 -0.00779571 -0.0833212 -0.0294805 -0.37147 -0.320915 0.870721
1305031543.807535 -0.320227 -0.00537154 -0.104362 -0.0268613 -0.374517 -0.316268 0.8712
1305031543.839894 -0.323292 -0.00593744 -0.12232 -0.0306463 -0.377905 -0.313232 0.870709
1305031543.871869 -0.327626 -0.0105988 -0.139447 -0.0381411 -0.379194 -0.308423 0.871569
1305031543.907474 -0.329943 -0.0120467 -0.15912 -0.0433791 -0.377517 -0.30244 0.874145
1305031543.939753 -0.333833 -0.0162176 -0.179498 -0.0490766 -0.373824 -0.2982 0.876883
1305031543.970786 -0.336383 -0.0186444 -0.200584 -0.049366 -0.368244 -0.295491 0.880139
1305031544.007529 -0.339633 -0.0255222 -0.219164 -0.0493237 -0.360082 -0.29261 0.88447
1305031544.038948 -0.341408 -0.026368 -0.24288 -0.0430643 -0.347845 -0.289995 0.890535
1305031544.070711 -0.342301 -0.0241659 -0.265375 -0.0375811 -0.333787 -0.287786 0.896858
1305031544.106609 -0.353451 -0.028745 -0.291209 -0.0364394 -0.31659 -0.283233 0.904556
1305031544.137311 -0.362516 -0.0245847 -0.322011 -0.028379 -0.303924 -0.276004 0.911398
1305031544.171722 -0.366406 -0.0185094 -0.34504 -0.0218337 -0.296671 -0.270681 0.915555
1305031544.206571 -0.374431 -0.0133453 -0.368605 -0.0143447 -0.285737 -0.266198 0.920482
1305031544.238072 -0.380294 -0.002859 -0.39242 -0.00505987 -0.273656 -0.26383 0.924922
1305031544.267766 -0.388948 0.00574366 -0.415248 0.00201008 -0.260339 -0.262879 0.929039
1305031544.303584 -0.400766 0.0165806 -0.439779 0.0106945 -0.245415 -0.264347 0.932619
1305031544.338210 -0.412137 0.0325702 -0.463433 0.0192353 -0.232575 -0.265275 0.935504
1305031544.367911 -0.418952 0.055086 -0.484306 0.0248777 -0.222136 -0.266581 0.937535
1305031544.405875 -0.430559 0.0739019 -0.501055 0.0207446 -0.209312 -0.269798 0.939663
1305031544.437826 -0.450989 0.0845452 -0.520228 0.0133964 -0.196781 -0.271307 0.942067
1305031544.469937 -0.46763 0.104792 -0.537807 0.0095436 -0.190014 -0.270315 0.943787
1305031544.505986 -0.488277 0.116825 -0.552649 0.00209688 -0.185918 -0.271606 0.944278
1305031544.539003 -0.507981 0.130365 -0.566613 -0.00208102 -0.185236 -0.27508 0.943406
1305031544.574785 -0.527191 0.142308 -0.577266 -0.00469624 -0.186805 -0.278105 0.942199
1305031544.607438 -0.536689 0.166636 -0.587098 -0.00451746 -0.190247 -0.279118 0.941211
1305031544.638925 -0.549845 0.18267 -0.593765 -0.0133916 -0.192444 -0.280709 0.940207
1305031544.675602 -0.570898 0.190447 -0.59964 -0.0222514 -0.194483 -0.282017 0.939227
1305031544.703615 -0.585544 0.206956 -0.605919 -0.0251392 -0.199173 -0.282861 0.937917
1305031544.738977 -0.600143 0.213294 -0.604557 -0.0309957 -0.204395 -0.283327 0.936476
1305031544.775192 -0.616492 0.219924 -0.606662 -0.0302357 -0.206023 -0.285795 0.935394
1305031544.807101 -0.631479 0.23189 -0.60977 -0.0257452 -0.205978 -0.287131 0.935129
1305031544.839027 -0.641257 0.24973 -0.610965 -0.0228849 -0.2064 -0.287394 0.935029
1305031544.875379 -0.656801 0.260849 -0.611338 -0.0274003 -0.205576 -0.290148 0.934239
1305031544.907436 -0.672614 0.26849 -0.608849 -0.0301803 -0.203384 -0.295005 0.933111
1305031544.939009 -0.686175 0.27863 -0.607242 -0.0307974 -0.198388 -0.301687 0.932029
1305031544.975561 -0.706886 0.286269 -0.606315 -0.0346015 -0.191358 -0.306635 0.931751
1305031545.007409 -0.726884 0.289503 -0.60427 -0.0394993 -0.18856 -0.307062 0.931986
1305031545.039484 -0.743002 0.292024 -0.60161 -0.0410897 -0.18571 -0.304704 0.933263
1305031545.075213 -0.760705 0.291428 -0.59925 -0.0395527 -0.180702 -0.301412 0.935379
1305031545.107171 -0.775731 0.296945 -0.59772 -0.0359512 -0.175419 -0.295304 0.938473
1305031545.139414 -0.787845 0.299499 -0.595079 -0.0351056 -0.169904 -0.285548 0.94253
1305031545.174984 -0.801006 0.301929 -0.593038 -0.0350354 -0.161401 -0.27305 0.947716
1305031545.207672 -0.815083 0.303435 -0.589196 -0.0351346 -0.15247 -0.261155 0.952532
1305031545.239686 -0.834566 0.297525 -0.585017 -0.0349684 -0.143981 -0.248471 0.95724
1305031545.275412 -0.849672 0.303755 -0.583435 -0.0271213 -0.137675 -0.235198 0.961765
1305031545.306213 -0.861297 0.310156 -0.580579 -0.0234729 -0.133373 -0.224583 0.964999
1305031545.339544 -0.875562 0.310445 -0.576286 -0.0225854 -0.12783 -0.214831 0.967986
1305031545.375555 -0.892208 0.308661 -0.572839 -0.0199995 -0.120691 -0.202954 0.971516
1305031545.407463 -0.90936 0.306798 -0.570158 -0.0150089 -0.115219 -0.18938 0.975005
1305031545.439168 -0.924932 0.307791 -0.56712 -0.00736713 -0.112358 -0.178383 0.977497
1305031545.475453 -0.942158 0.296773 -0.562112 -0.00104891 -0.109965 -0.169297 0.979411
1305031545.507417 -0.957346 0.299411 -0.561008 0.0155128 -0.109405 -0.160698 0.980799
1305031545.539498 -0.971872 0.298089 -0.558619 0.0276301 -0.110937 -0.152149 0.981723
1305031545.578088 -0.987698 0.299105 -0.557632 0.0418025 -0.114317 -0.148669 0.981367
1305031545.603778 -1.00026 0.305076 -0.554902 0.054152 -0.120532 -0.148219 0.980087
1305031545.635945 -1.01176 0.304395 -0.549055 0.06383 -0.126548 -0.147862 0.978799
1305031545.673535 -1.02213 0.301971 -0.542698 0.0759911 -0.130622 -0.149353 0.977168
1305031545.706561 -1.0316 0.30994 -0.537512 0.0935911 -0.133369 -0.15278 0.974737
1305031545.739007 -1.04016 0.32689 -0.531735 0.103244 -0.133505 -0.153505 0.973629
1305031545.775565 -1.05096 0.334953 -0.525799 0.104189 -0.134343 -0.155083 0.973163
1305031545.807492 -1.06 0.34659 -0.517416 0.103503 -0.136268 -0.158171 0.972471
1305031545.843386 -1.0625 0.358877 -0.508142 0.100132 -0.137446 -0.16024 0.97232
1305031545.875515 -1.06752 0.368001 -0.498329 0.0909037 -0.133037 -0.16232 0.973494
1305031545.907616 -1.07406 0.376993 -0.489742 0.0822072 -0.126015 -0.164452 0.974842
1305031545.943703 -1.07743 0.393876 -0.480687 0.0739872 -0.120545 -0.166856 0.975784
1305031545.975685 -1.08149 0.40201 -0.471457 0.0605951 -0.11409 -0.166671 0.977513
1305031546.007570 -1.0865 0.416514 -0.465591 0.0499301 -0.107801 -0.165839 0.978971
1305031546.043793 -1.07948 0.428319 -0.455947 0.035575 -0.104476 -0.165697 0.979981
1305031546.075425 -1.08033 0.437244 -0.448248 0.0199987 -0.0921492 -0.164758 0.981816
1305031546.104074 -1.08064 0.445269 -0.441704 0.00769727 -0.0805439 -0.161972 0.983473
1305031546.143517 -1.07751 0.456239 -0.435477 -0.00102129 -0.0700607 -0.157886 0.984968
1305031546.175972 -1.07583 0.467901 -0.430691 -0.00934463 -0.0593811 -0.152724 0.986439
1305031546.207525 -1.06889 0.477316 -0.425056 -0.01863 -0.0517932 -0.147037 0.987598
1305031546.243573 -1.0673 0.480597 -0.418394 -0.0268595 -0.0399572 -0.139323 0.989076
1305031546.276113 -1.06456 0.492727 -0.413004 -0.0268768 -0.0293022 -0.131225 0.990555
1305031546.308117 -1.05408 0.506736 -0.406753 -0.030214 -0.0222934 -0.122554 0.991751
1305031546.343932 -1.05465 0.511439 -0.400051 -0.0361352 -0.0109222 -0.112651 0.992917
1305031546.376105 -1.05187 0.522044 -0.3944 -0.0353061 -0.00499923 -0.103074 0.994034
1305031546.407683 -1.04492 0.5332 -0.387827 -0.0353001 -0.00233211 -0.0942636 0.994919
1305031546.443985 -1.04256 0.540645 -0.381331 -0.0353736 0.000690067 -0.0865915 0.995615
1305031546.476002 -1.03402 0.557479 -0.376142 -0.0330165 0.000768493 -0.0810884 0.99616
1305031546.507978 -1.03271 0.563256 -0.368279 -0.0381025 0.00566993 -0.0767001 0.99631
1305031546.544091 -1.02885 0.575544 -0.362988 -0.0355886 0.00802648 -0.0722098 0.996722
1305031546.576436 -1.02515 0.587957 -0.357695 -0.0372428 0.0111077 -0.0689595 0.996862
1305031546.604477 -1.02314 0.598851 -0.351196 -0.0425119 0.0144904 -0.0652139 0.99686
1305031546.644231 -1.01764 0.609022 -0.345036 -0.0492717 0.0161319 -0.0613737 0.996767
1305031546.676019 -1.01563 0.616811 -0.338426 -0.0568626 0.0205382 -0.059449 0.996399
1305031546.707952 -1.01176 0.623964 -0.332185 -0.0627897 0.0239873 -0.0580131 0.99605
1305031546.743907 -1.00867 0.63337 -0.325638 -0.0689657 0.0295998 -0.05727 0.995534
1305031546.775885 -1.00798 0.637306 -0.318485 -0.0792079 0.0346379 -0.0563852 0.994659
1305031546.808019 -1.00659 0.640508 -0.312128 -0.0851818 0.0373337 -0.0563392 0.99407
1305031546.844098 -1.0061 0.644074 -0.306531 -0.0884082 0.0381325 -0.055935 0.993781
1305031546.876150 -1.00441 0.644776 -0.301268 -0.0922073 0.0358156 -0.0564451 0.993493
1305031546.904254 -1.00375 0.64383 -0.296807 -0.0928054 0.0350431 -0.0584044 0.993352
1305031546.943871 -1.00418 0.647363 -0.293088 -0.0880423 0.0349325 -0.0602457 0.993679
1305031546.975693 -1.00415 0.649911 -0.289608 -0.0872549 0.0336078 -0.0623815 0.993663
1305031547.008548 -1.0049 0.648112 -0.285964 -0.0885049 0.0313481 -0.0641109 0.993516
1305031547.044236 -1.0023 0.649866 -0.283822 -0.0858812 0.028941 -0.0662978 0.993676
1305031547.074033 -1.00149 0.646784 -0.282032 -0.0862006 0.030741 -0.0688236 0.993422
1305031547.109368 -1.00131 0.645555 -0.280845 -0.0825653 0.0334675 -0.0703038 0.993539
1305031547.143020 -1.00172 0.645253 -0.280816 -0.0775026 0.0355247 -0.0711443 0.993816
1305031547.172567 -1.00307 0.645443 -0.281806 -0.0742709 0.0362982 -0.069717 0.994136
1305031547.211605 -1.00317 0.643451 -0.282899 -0.0736969 0.0331961 -0.0684943 0.994372
1305031547.244133 -1.00225 0.64033 -0.285057 -0.0721651 0.0300987 -0.0686707 0.994571
1305031547.276566 -1.00295 0.640134 -0.287305 -0.0681048 0.0295278 -0.0693482 0.994827
1305031547.312300 -1.00335 0.637725 -0.289768 -0.0669971 0.0282508 -0.069609 0.994921
1305031547.344201 -1.00511 0.637767 -0.292006 -0.064349 0.0274889 -0.0687654 0.995176
1305031547.376783 -1.00569 0.636898 -0.294093 -0.0636371 0.0243556 -0.0678516 0.995366
1305031547.412309 -1.00538 0.635222 -0.295685 -0.063037 0.0206824 -0.0672943 0.995525
1305031547.444479 -1.00508 0.633417 -0.296877 -0.0620214 0.0180884 -0.0681038 0.995584
1305031547.475653 -1.00463 0.632597 -0.297928 -0.0591288 0.0168916 -0.0694508 0.995688
1305031547.512129 -1.00371 0.63402 -0.29841 -0.0560362 0.0165798 -0.0703486 0.995809
1305031547.543063 -1.00331 0.631903 -0.297991 -0.0567121 0.0168636 -0.0712905 0.995699
1305031547.572452 -1.00284 0.632362 -0.297347 -0.0543262 0.0172558 -0.0710425 0.995843
1305031547.610069 -1.00253 0.633791 -0.297075 -0.0539291 0.0174007 -0.0700883 0.99593
1305031547.643685 -1.00189 0.630053 -0.295758 -0.0566681 0.0168821 -0.0694643 0.995831
1305031547.675727 -1.00049 0.633327 -0.295397 -0.0536431 0.0174621 -0.068988 0.996021
1305031547.712359 -0.999155 0.632259 -0.293445 -0.0579565 0.0183329 -0.0694768 0.99573
1305031547.741819 -0.998505 0.629096 -0.292667 -0.0594806 0.0193341 -0.0695719 0.995614
1305031547.773659 -0.997684 0.631578 -0.292774 -0.0563617 0.0202942 -0.0702861 0.995727
1305031547.812136 -0.996555 0.630129 -0.292124 -0.0577208 0.0213568 -0.0711282 0.995567
1305031547.844573 -0.996419 0.630107 -0.292363 -0.0567933 0.0229779 -0.0708578 0.995603
1305031547.875313 -0.995278 0.630346 -0.29231 -0.0570708 0.0228108 -0.0708482 0.995592
1305031547.912229 -0.993955 0.62813 -0.291924 -0.0585991 0.0225684 -0.0705653 0.995529
1305031547.942674 -0.994068 0.628586 -0.29206 -0.0576199 0.0238285 -0.0701337 0.995587
1305031547.976525 -0.993935 0.628344 -0.292007 -0.0577629 0.0242479 -0.0698563 0.995588
