1305031526.688356 0 0 0 0 0 0 1
1305031526.721587 0.00216705 -0.00278835 -0.00557184 0.0119531 0.0111558 0.00221734 0.999864
1305031526.755957 0.00416676 -0.00366387 -0.0139737 0.0281729 0.023464 0.00224809 0.999325
1305031526.788681 0.00553305 -0.00887157 -0.0219997 0.0442821 0.0360781 0.00195989 0.998365
1305031526.822643 0.00495625 -0.0179854 -0.0342146 0.0698889 0.0496286 -0.00215702 0.996317
1305031526.856844 0.00169839 -0.00583657 -0.0476048 0.0952442 0.0609565 -0.00442656 0.993576
1305031526.888465 0.00167409 -0.0123178 -0.0591654 0.111901 0.0697939 -0.00944235 0.99122
1305031526.920578 -0.00171443 -0.00860807 -0.0694992 0.133989 0.0808358 -0.0127488 0.987598
1305031526.955033 -0.0041175 -0.00984672 -0.0803075 0.151272 0.0902752 -0.014033 0.984261
1305031526.987606 -0.00770612 -0.0116876 -0.0908285 0.169584 0.0985083 -0.0163188 0.980444
1305031527.020791 -0.0117456 -0.00858551 -0.0993807 0.183923 0.105626 -0.0162414 0.977114
1305031527.055070 -0.0156414 -0.00863388 -0.106686 0.199081 0.112575 -0.0170435 0.973346
1305031527.086965 -0.0142258 -0.00598804 -0.11682 0.213656 0.118276 -0.0170631 0.969572
1305031527.119854 -0.0195138 -0.00400835 -0.123393 0.221537 0.123483 -0.0154848 0.967178
1305031527.155465 -0.0215156 -0.00140117 -0.12967 0.232685 0.128407 -0.0166859 0.963894
1305031527.186447 -0.0229682 0.0094219 -0.134567 0.241324 0.132712 -0.0152456 0.961207
1305031527.222219 -0.0234038 0.0117442 -0.137314 0.240873 0.134258 -0.0138097 0.961127
1305031527.256275 -0.0252053 0.019913 -0.13665 0.238626 0.135451 -0.013836 0.961519
1305031527.287060 -0.0296809 0.0264338 -0.134465 0.231302 0.136181 -0.010269 0.963249
1305031527.323213 -0.0322861 0.0295664 -0.131797 0.22181 0.134138 -0.00706535 0.965794
1305031527.355197 -0.0317111 0.0339135 -0.127631 0.212708 0.130504 -0.00236689 0.968359
1305031527.388471 -0.031038 0.0386827 -0.123216 0.203784 0.128717 0.000385174 0.970517
1305031527.422926 -0.0294779 0.0426925 -0.118643 0.194333 0.128494 0.00329239 0.972478
1305031527.455773 -0.0286098 0.047407 -0.114277 0.184627 0.128833 0.00626729 0.974308
1305031527.486055 -0.0295715 0.0481119 -0.110623 0.174703 0.128741 0.00831863 0.976133
1305031527.522397 -0.0297434 0.0520905 -0.106012 0.165252 0.12828 0.00942384 0.977828
1305031527.554573 -0.030882 0.0578972 -0.100689 0.155514 0.129018 0.0102632 0.979318
1305031527.586987 -0.0312952 0.0640361 -0.0955521 0.143357 0.129225 0.0106147 0.981141
1305031527.622793 -0.0327007 0.0672753 -0.090305 0.129519 0.12967 0.0112129 0.982998
1305031527.656028 -0.0378005 0.0740999 -0.0840148 0.115725 0.128932 0.0107118 0.984819
1305031527.688563 -0.042537 0.0767118 -0.0785554 0.0977392 0.123999 0.0111755 0.987394
1305031527.721751 -0.0429651 0.0739648 -0.0746206 0.0840999 0.115664 0.0126427 0.989641
1305031527.756472 -0.0427797 0.0730745 -0.0716653 0.073697 0.108451 0.0139176 0.991269
1305031527.789333 -0.0492086 0.0778187 -0.067844 0.0668894 0.104363 0.01502 0.992174
1305031527.825562 -0.0563965 0.076521 -0.0655544 0.0573008 0.0985827 0.0162512 0.993345
1305031527.857855 -0.0659875 0.0775677 -0.0623321 0.0524278 0.0904989 0.0168191 0.994373
1305031527.887866 -0.0745446 0.0843986 -0.058873 0.0473843 0.0791001 0.0140266 0.995641
1305031527.922214 -0.0830318 0.0838095 -0.0542381 0.0387188 0.0670398 0.00963277 0.996952
1305031527.954490 -0.0938628 0.074173 -0.0530244 0.0324169 0.0533205 0.00277799 0.998047
1305031527.987977 -0.105026 0.0785253 -0.0514534 0.0364332 0.037277 -0.0115883 0.998573
1305031528.025614 -0.116079 0.079423 -0.0497022 0.036108 0.0210715 -0.0266711 0.99877
1305031528.056126 -0.128066 0.0755602 -0.0479903 0.0374092 0.00305738 -0.0426417 0.998385
1305031528.085297 -0.141934 0.0778805 -0.0477493 0.0438818 -0.0124424 -0.0585583 0.997241
1305031528.124333 -0.155383 0.0785512 -0.0488747 0.0488359 -0.0285738 -0.0742247 0.995635
1305031528.151873 -0.169273 0.0834174 -0.0486072 0.0550456 -0.0448785 -0.0921416 0.99321
1305031528.186872 -0.180196 0.0832324 -0.0501466 0.0579324 -0.0590357 -0.110055 0.990478
1305031528.220887 -0.190115 0.0801537 -0.053754 0.0627567 -0.0696609 -0.127526 0.987394
1305031528.251953 -0.202393 0.0839364 -0.0585115 0.0724228 -0.0773915 -0.142623 0.984085
1305031528.284263 -0.219586 0.087857 -0.0638705 0.0788457 -0.0871983 -0.154794 0.980927
1305031528.321639 -0.237389 0.0909161 -0.0681009 0.0872816 -0.10611 -0.168028 0.97616
1305031528.355032 -0.251093 0.0957713 -0.0739137 0.0963136 -0.128768 -0.178029 0.970798
1305031528.384839 -0.2672 0.0986638 -0.0812829 0.100756 -0.15103 -0.184005 0.966013
1305031528.424006 -0.280382 0.101989 -0.0881508 0.105598 -0.17834 -0.189497 0.959758
1305031528.453962 -0.293295 0.104297 -0.0985059 0.108354 -0.206797 -0.196488 0.952306
1305031528.490720 -0.303154 0.108056 -0.10257 0.109607 -0.236036 -0.201631 0.944255
1305031528.524649 -0.326461 0.127408 -0.0996727 0.116697 -0.27114 -0.20714 0.932715
1305031528.557069 -0.340836 0.138667 -0.10513 0.11553 -0.298852 -0.213235 0.922969
1305031528.592924 -0.35471 0.143125 -0.112096 0.108828 -0.321628 -0.218144 0.914945
1305031528.623407 -0.36104 0.150057 -0.118146 0.104448 -0.343479 -0.222985 0.906306
1305031528.654033 -0.366426 0.161083 -0.122568 0.0990034 -0.360239 -0.229613 0.898723
1305031528.692143 -0.373046 0.168325 -0.127019 0.0898149 -0.370905 -0.237448 0.893298
1305031528.725000 -0.376856 0.1772 -0.131167 0.082189 -0.378698 -0.245506 0.888571
1305031528.756620 -0.379883 0.190027 -0.134058 0.0753857 -0.383356 -0.25355 0.884911
1305031528.792160 -0.384949 0.202595 -0.13917 0.0661511 -0.384261 -0.261504 0.88294
1305031528.824057 -0.391288 0.217713 -0.144593 0.0554715 -0.384892 -0.268783 0.881213
1305031528.856114 -0.397128 0.233937 -0.150361 0.0451902 -0.385368 -0.276098 0.879329
1305031528.892684 -0.402415 0.249454 -0.154393 0.0331761 -0.385479 -0.283162 0.877568
1305031528.924061 -0.410222 0.262071 -0.158339 0.01854 -0.383728 -0.289458 0.876712
1305031528.956027 -0.420193 0.27577 -0.164612 0.00351924 -0.380725 -0.290755 0.87778
1305031528.991870 -0.426182 0.292529 -0.16984 -0.00824502 -0.378715 -0.288382 0.879399
1305031529.024164 -0.433544 0.309299 -0.173811 -0.0226156 -0.373613 -0.286491 0.881944
1305031529.057246 -0.443591 0.322669 -0.177214 -0.0387559 -0.364217 -0.282269 0.886661
1305031529.092696 -0.453763 0.33657 -0.182779 -0.0521546 -0.350974 -0.272647 0.894293
1305031529.124051 -0.464716 0.353113 -0.189911 -0.0635292 -0.336231 -0.259163 0.903187
1305031529.156187 -0.476516 0.370095 -0.198288 -0.0769616 -0.321515 -0.242083 0.912196
1305031529.192085 -0.488397 0.389792 -0.207801 -0.0908239 -0.306815 -0.225001 0.920321
1305031529.224200 -0.500479 0.408911 -0.216135 -0.106012 -0.292327 -0.212229 0.926426
1305031529.256728 -0.513697 0.425745 -0.223902 -0.120601 -0.277139 -0.206888 0.930509
1305031529.291235 -0.531261 0.439175 -0.233115 -0.135975 -0.258551 -0.204381 0.934286
1305031529.323356 -0.550161 0.454114 -0.24566 -0.148795 -0.240082 -0.201329 0.937916
1305031529.355813 -0.569268 0.464572 -0.254707 -0.163419 -0.226527 -0.199358 0.939274
1305031529.388855 -0.591289 0.473314 -0.265911 -0.174508 -0.218057 -0.199743 0.939202
1305031529.423010 -0.611562 0.483269 -0.275932 -0.175824 -0.215045 -0.201878 0.939195
1305031529.457448 -0.631615 0.492838 -0.285911 -0.175367 -0.21093 -0.205271 0.939478
1305031529.491343 -0.651251 0.500196 -0.294575 -0.172769 -0.205618 -0.207618 0.94062
1305031529.522171 -0.671589 0.505602 -0.303366 -0.168798 -0.199894 -0.211884 0.941624
1305031529.556350 -0.690539 0.512626 -0.312319 -0.160223 -0.192107 -0.213293 0.94442
1305031529.593324 -0.7075 0.520559 -0.319393 -0.154659 -0.184641 -0.212003 0.947124
1305031529.623772 -0.725348 0.527404 -0.325133 -0.154625 -0.177582 -0.208285 0.949301
1305031529.657753 -0.742428 0.533137 -0.329047 -0.156509 -0.170853 -0.201949 0.951594
1305031529.692840 -0.758535 0.538603 -0.332005 -0.159607 -0.16318 -0.192747 0.95433
1305031529.725566 -0.773866 0.543361 -0.33365 -0.163485 -0.156138 -0.184377 0.956503
1305031529.759598 -0.78845 0.546658 -0.333963 -0.167234 -0.14837 -0.178944 0.958122
1305031529.792805 -0.803068 0.544506 -0.331725 -0.171667 -0.136431 -0.174312 0.959965
1305031529.825293 -0.819514 0.543996 -0.331706 -0.168997 -0.122583 -0.170414 0.963002
1305031529.859548 -0.83746 0.545846 -0.331744 -0.162031 -0.108395 -0.162638 0.967236
1305031529.891119 -0.85666 0.545647 -0.331428 -0.161033 -0.0982965 -0.150979 0.970367
1305031529.925850 -0.877068 0.544615 -0.33117 -0.158111 -0.0919667 -0.138384 0.973341
1305031529.960102 -0.898089 0.545578 -0.33153 -0.153724 -0.087109 -0.126859 0.976057
1305031529.992331 -0.919144 0.546199 -0.332057 -0.153155 -0.0809355 -0.116175 0.978006
1305031530.024225 -0.942076 0.542784 -0.333287 -0.156827 -0.0743495 -0.103001 0.979422
1305031530.059982 -0.963433 0.538104 -0.33643 -0.160274 -0.0704091 -0.0898206 0.980452
1305031530.091203 -0.984808 0.533071 -0.339647 -0.163353 -0.0674488 -0.0777443 0.981184
1305031530.125990 -1.00793 0.523951 -0.345562 -0.166397 -0.0638747 -0.0642584 0.981887
1305031530.159636 -1.02898 0.51513 -0.352998 -0.164322 -0.0621612 -0.0549611 0.982911
1305031530.191494 -1.04861 0.505755 -0.360236 -0.162102 -0.0608966 -0.0505777 0.983594
1305031530.224007 -1.06906 0.494608 -0.369138 -0.157666 -0.0582192 -0.0475499 0.984627
1305031530.259074 -1.08866 0.484668 -0.380178 -0.149944 -0.0545697 -0.0487276 0.985984
1305031530.292738 -1.10687 0.474937 -0.391204 -0.143942 -0.0498954 -0.0505504 0.987034
1305031530.324398 -1.12511 0.467337 -0.402952 -0.137995 -0.043815 -0.0511275 0.988141
1305031530.355958 -1.14161 0.460877 -0.414722 -0.134101 -0.0371505 -0.0530124 0.988851
1305031530.391987 -1.15928 0.449917 -0.424901 -0.134679 -0.0297578 -0.0533287 0.989006
1305031530.423101 -1.17844 0.438008 -0.435142 -0.132997 -0.0218931 -0.0527985 0.989467
1305031530.458850 -1.19609 0.428123 -0.446576 -0.128234 -0.015195 -0.0528646 0.990217
1305031530.492200 -1.21035 0.416299 -0.457712 -0.124693 -0.00952889 -0.0512973 0.990823
1305031530.524323 -1.2233 0.400772 -0.468725 -0.120621 -0.00175645 -0.050509 0.991411
1305031530.558716 -1.23693 0.383026 -0.48035 -0.111848 0.0105553 -0.050853 0.992367
1305031530.591301 -1.25 0.368606 -0.496425 -0.0959184 0.0263818 -0.0517393 0.993693
1305031530.623002 -1.25822 0.356163 -0.513324 -0.0799726 0.0436319 -0.0525253 0.994455
1305031530.656445 -1.26986 0.344595 -0.528972 -0.0648 0.0662447 -0.0526444 0.994304
1305031530.691015 -1.28022 0.335484 -0.545907 -0.0466761 0.0906845 -0.0507912 0.993488
1305031530.723869 -1.29258 0.329945 -0.568074 -0.0272545 0.117164 -0.0476663 0.991593
1305031530.758503 -1.30808 0.331413 -0.58425 -0.010856 0.144092 -0.0417617 0.988623
1305031530.790818 -1.32895 0.333753 -0.601837 0.00247361 0.170832 -0.0338261 0.984716
1305031530.822584 -1.35164 0.344428 -0.616314 0.012085 0.193285 -0.0229744 0.980799
1305031530.858371 -1.3775 0.35104 -0.624663 0.013738 0.210493 -0.0102034 0.977446
1305031530.890688 -1.40262 0.350938 -0.626517 0.0140336 0.219936 -0.00082404 0.975413
1305031530.923878 -1.43139 0.359749 -0.624932 0.0205226 0.222268 0.00434342 0.97476
1305031530.959175 -1.46116 0.372249 -0.621869 0.0247518 0.217012 0.00580718 0.975838
1305031530.988081 -1.48921 0.383006 -0.615739 0.0239252 0.205397 0.00688951 0.978362
1305031531.027310 -1.51225 0.393952 -0.605363 0.0200888 0.189802 0.0102566 0.981563
1305031531.058516 -1.53783 0.407943 -0.591968 0.0140097 0.174176 0.0143418 0.98451
1305031531.091208 -1.56406 0.417033 -0.576162 0.00305158 0.157151 0.017465 0.987415
1305031531.126140 -1.58906 0.418279 -0.556905 -0.0084245 0.139567 0.0218474 0.989936
1305031531.159520 -1.61528 0.421053 -0.540124 -0.0149573 0.123434 0.0264869 0.991887
1305031531.190137 -1.64008 0.429806 -0.523308 -0.0199206 0.106633 0.0295283 0.99366
1305031531.228127 -1.66235 0.435214 -0.503883 -0.0274974 0.0887038 0.033778 0.995105
1305031531.259840 -1.68387 0.434599 -0.482885 -0.034733 0.0707908 0.0378409 0.996168
1305031531.290185 -1.70921 0.437909 -0.462268 -0.035673 0.0580584 0.0410149 0.996832
1305031531.327763 -1.72938 0.444147 -0.443425 -0.0341545 0.0475134 0.0421885 0.997395
1305031531.358509 -1.74645 0.447489 -0.423308 -0.0340611 0.0418371 0.0413727 0.997686
1305031531.389868 -1.76352 0.449222 -0.404732 -0.0333047 0.0424045 0.0398616 0.997749
1305031531.427177 -1.78133 0.452846 -0.387579 -0.0304953 0.0484295 0.0397599 0.997569
1305031531.459698 -1.7979 0.451056 -0.36885 -0.0299749 0.0568681 0.042589 0.997022
1305031531.492107 -1.81828 0.448799 -0.350509 -0.0275135 0.0661471 0.0462797 0.996356
1305031531.527542 -1.83747 0.449219 -0.331807 -0.0243442 0.0729674 0.0488594 0.995839
1305031531.560506 -1.85534 0.444883 -0.312888 -0.0238425 0.0775214 0.0545662 0.995211
1305031531.592018 -1.87276 0.443452 -0.295796 -0.0216368 0.0816349 0.0595816 0.994644
1305031531.628037 -1.89037 0.44192 -0.279606 -0.0210072 0.0873327 0.0627913 0.993976
1305031531.659769 -1.90834 0.435699 -0.264479 -0.0217321 0.0941696 0.0669637 0.993064
1305031531.693140 -1.92801 0.432255 -0.250579 -0.0199016 0.100002 0.0695529 0.992354
1305031531.727762 -1.94644 0.430931 -0.235294 -0.0185175 0.103558 0.0687101 0.992074
1305031531.755881 -1.96555 0.42696 -0.222255 -0.0180979 0.108266 0.0666498 0.99172
1305031531.790528 -1.98644 0.423911 -0.209426 -0.0148088 0.113962 0.0649612 0.991248
1305031531.826931 -2.00764 0.427753 -0.195954 -0.0108979 0.117864 0.0637396 0.990922
1305031531.858402 -2.02747 0.435783 -0.182132 -0.0121179 0.120004 0.0626469 0.990721
1305031531.893291 -2.04378 0.438369 -0.16945 -0.0212671 0.121809 0.0635832 0.990287
1305031531.925080 -2.05911 0.441874 -0.157213 -0.0297334 0.125861 0.0652903 0.98945
1305031531.959262 -2.07431 0.444243 -0.145209 -0.0388855 0.131948 0.0689012 0.988094
1305031531.990634 -2.09006 0.448115 -0.133127 -0.0475313 0.138902 0.0737449 0.986412
1305031532.027524 -2.10557 0.455241 -0.121605 -0.0554319 0.14589 0.0803956 0.984469
1305031532.059872 -2.12029 0.46245 -0.108955 -0.066599 0.153342 0.0902622 0.981786
1305031532.092096 -2.13463 0.46855 -0.0956279 -0.0794846 0.160677 0.103941 0.978295
1305031532.126073 -2.1479 0.474151 -0.0810612 -0.0917632 0.167677 0.121501 0.974013
1305031532.159926 -2.16116 0.478107 -0.0677692 -0.102314 0.173252 0.139473 0.969568
1305031532.195623 -2.177 0.48546 -0.053132 -0.110482 0.179058 0.158704 0.964648
1305031532.227800 -2.19175 0.48894 -0.0385255 -0.119351 0.184043 0.17883 0.959116
1305031532.260079 -2.20714 0.494929 -0.0243405 -0.125159 0.188878 0.195761 0.954116
1305031532.295824 -2.22377 0.498222 -0.0102618 -0.132973 0.194857 0.212716 0.948209
1305031532.327833 -2.2408 0.49997 0.00463911 -0.140904 0.200767 0.229345 0.941934
1305031532.356687 -2.25663 0.49894 0.0202725 -0.150242 0.201501 0.247426 0.935738
1305031532.396584 -2.26881 0.498135 0.0364684 -0.157899 0.197478 0.261718 0.931436
1305031532.424572 -2.28215 0.492602 0.053207 -0.1614 0.193006 0.269489 0.929556
1305031532.461447 -2.29096 0.48068 0.0682377 -0.158716 0.189757 0.270972 0.930256
1305031532.494758 -2.30563 0.471255 0.0822955 -0.145351 0.192186 0.266274 0.933293
1305031532.523363 -2.31982 0.46333 0.0971007 -0.130909 0.195122 0.263432 0.935625
1305031532.558750 -2.3329 0.452324 0.111774 -0.1177 0.19637 0.262644 0.937338
1305031532.594713 -2.3462 0.445542 0.125483 -0.104954 0.199404 0.260128 0.938912
1305031532.626577 -2.35559 0.444459 0.139019 -0.0976509 0.205019 0.259439 0.938681
1305031532.655415 -2.36339 0.436234 0.152142 -0.0962054 0.216309 0.262663 0.935394
1305031532.692281 -2.37387 0.427459 0.164945 -0.0958065 0.23197 0.267881 0.930189
1305031532.725142 -2.38249 0.421873 0.179795 -0.099468 0.245325 0.276767 0.923754
1305031532.756518 -2.38582 0.415977 0.194584 -0.106155 0.254159 0.287072 0.917455
1305031532.793593 -2.38506 0.408454 0.207929 -0.109762 0.260571 0.295541 0.91253
1305031532.827589 -2.38526 0.40137 0.220458 -0.108278 0.269553 0.2993 0.908866
1305031532.860360 -2.38572 0.396105 0.231943 -0.105869 0.282421 0.3042 0.903599
1305031532.894951 -2.38495 0.388202 0.242369 -0.104091 0.296763 0.312724 0.89627
1305031532.927108 -2.38312 0.382409 0.253643 -0.101614 0.30836 0.323143 0.888914
1305031532.958860 -2.37725 0.373699 0.264608 -0.0972494 0.315104 0.33712 0.881818
1305031532.994889 -2.37341 0.367586 0.275446 -0.0885759 0.322672 0.349354 0.875208
1305031533.027007 -2.36849 0.360974 0.285417 -0.0800551 0.330742 0.361893 0.867891
1305031533.059895 -2.36655 0.354707 0.293413 -0.0729867 0.340123 0.37147 0.860813
1305031533.095707 -2.36606 0.353935 0.301363 -0.0699917 0.349819 0.379924 0.853455
1305031533.127261 -2.35806 0.342515 0.307741 -0.0707018 0.361185 0.395237 0.841626
1305031533.158865 -2.35218 0.328443 0.309564 -0.0670196 0.370445 0.403219 0.834082
1305031533.194665 -2.35564 0.321756 0.31022 -0.0643051 0.379053 0.400526 0.831722
1305031533.226596 -2.35481 0.315371 0.310072 -0.0651604 0.387195 0.403188 0.826604
1305031533.258719 -2.34839 0.298215 0.305111 -0.0660785 0.394945 0.410405 0.81928
1305031533.294892 -2.35222 0.287212 0.300137 -0.0619577 0.401996 0.409001 0.816871
1305031533.326747 -2.35359 0.273697 0.294171 -0.0568986 0.40846 0.411907 0.812561
1305031533.358749 -2.35552 0.256899 0.28634 -0.0501139 0.416616 0.413095 0.808252
1305031533.394869 -2.36093 0.240656 0.279498 -0.0415981 0.423945 0.413388 0.804767
1305031533.428282 -2.3682 0.226965 0.274217 -0.032438 0.427299 0.413681 0.803263
1305031533.463804 -2.3751 0.214882 0.269504 -0.0222913 0.428325 0.416015 0.801856
1305031533.495077 -2.3837 0.204388 0.266147 -0.0122249 0.430975 0.41796 0.799637
1305031533.523787 -2.38946 0.193103 0.261495 -0.00444596 0.433134 0.422349 0.796239
1305031533.563866 -2.39656 0.185239 0.25734 0.00609634 0.437135 0.424909 0.792671
1305031533.596729 -2.40572 0.180308 0.256 0.0144012 0.44466 0.425119 0.788253
1305031533.623714 -2.41556 0.172215 0.257082 0.0186594 0.455336 0.427486 0.780754
1305031533.662973 -2.42564 0.167577 0.258641 0.0223022 0.463892 0.430715 0.773816
1305031533.695127 -2.43256 0.163158 0.259067 0.0218643 0.471108 0.435372 0.766831
1305031533.727956 -2.43627 0.155234 0.26042 0.0176243 0.481666 0.439222 0.758137
1305031533.763534 -2.44459 0.14558 0.267223 0.0146981 0.496124 0.440766 0.74791
1305031533.795519 -2.45216 0.135305 0.277116 0.0124382 0.507437 0.444032 0.738369
1305031533.827015 -2.45551 0.118884 0.286873 0.0121546 0.512322 0.449073 0.731923
1305031533.859819 -2.46381 0.108217 0.299145 0.0227138 0.508935 0.449951 0.733494
1305031533.895161 -2.47042 0.105206 0.307835 0.0369744 0.491464 0.448414 0.745668
1305031533.926857 -2.47495 0.0936907 0.317845 0.0494078 0.469147 0.446112 0.760556
1305031533.961985 -2.47968 0.0871698 0.33304 0.0641641 0.445825 0.440247 0.776727
1305031533.994392 -2.48121 0.0739692 0.353008 0.0760465 0.425018 0.432664 0.791441
1305031534.026608 -2.48255 0.0607319 0.368839 0.0902329 0.406392 0.421492 0.805635
1305031534.062247 -2.48584 0.049448 0.38447 0.105476 0.392197 0.408135 0.817608
1305031534.094417 -2.48043 0.0361798 0.393426 0.118653 0.378451 0.399176 0.826653
1305031534.126412 -2.47495 0.0238771 0.403423 0.133974 0.371347 0.386082 0.833722
1305031534.162210 -2.47808 0.0141694 0.412869 0.146846 0.374745 0.36969 0.837455
1305031534.191161 -2.47617 -0.000428113 0.417155 0.156213 0.376824 0.361529 0.83839
1305031534.225977 -2.48255 -0.0145329 0.422101 0.166308 0.378664 0.35177 0.83977
1305031534.262752 -2.48451 -0.0223227 0.428586 0.171393 0.377047 0.344058 0.842664
1305031534.295276 -2.47861 -0.0289715 0.43437 0.174344 0.372099 0.341251 0.845396
1305031534.327593 -2.4741 -0.0369558 0.438278 0.178157 0.370209 0.337961 0.846751
1305031534.362839 -2.46917 -0.0464551 0.440515 0.182244 0.371641 0.33214 0.847557
1305031534.395128 -2.46336 -0.0517111 0.442541 0.187743 0.374691 0.325163 0.84772
1305031534.427890 -2.45971 -0.0598542 0.443811 0.193573 0.379598 0.319502 0.846376
1305031534.462407 -2.45705 -0.0729969 0.443428 0.201888 0.382124 0.313224 0.845644
1305031534.494488 -2.45835 -0.0771965 0.447685 0.210604 0.38193 0.30664 0.846019
1305031534.526222 -2.4547 -0.082457 0.450004 0.214245 0.378175 0.304779 0.847462
1305031534.562364 -2.44901 -0.0883644 0.451304 0.220292 0.371834 0.303331 0.849235
1305031534.594279 -2.44759 -0.0905141 0.455804 0.227676 0.365869 0.297813 0.851828
1305031534.627133 -2.44681 -0.0939334 0.460199 0.230546 0.358568 0.294131 0.855432
1305031534.662781 -2.44013 -0.0922008 0.463337 0.231573 0.34848 0.292411 0.859902
1305031534.694710 -2.43313 -0.0919351 0.465355 0.23183 0.340472 0.291107 0.863476
1305031534.730855 -2.42819 -0.0921135 0.467319 0.233603 0.335249 0.288611 0.865876
1305031534.763129 -2.42349 -0.0900474 0.470482 0.23374 0.33185 0.283799 0.868734
1305031534.795824 -2.42099 -0.0920542 0.471 0.232778 0.32884 0.280306 0.871268
1305031534.831135 -2.416 -0.0939889 0.470811 0.23415 0.323841 0.277924 0.873532
1305031534.862751 -2.41216 -0.0985045 0.467266 0.236397 0.317994 0.274217 0.876243
1305031534.894919 -2.40752 -0.0949632 0.469048 0.240875 0.31329 0.264787 0.879611
1305031534.930974 -2.40666 -0.0878246 0.467659 0.241501 0.314637 0.25527 0.88177
1305031534.962776 -2.40507 -0.0910914 0.461717 0.24119 0.322771 0.249477 0.880572
1305031534.994599 -2.41156 -0.0942359 0.457251 0.24555 0.330878 0.242973 0.878174
1305031535.030642 -2.42005 -0.0970402 0.457233 0.250458 0.332125 0.236385 0.878115
1305031535.062210 -2.42443 -0.0927125 0.45787 0.252754 0.326945 0.231312 0.880748
1305031535.094542 -2.42546 -0.0924931 0.457204 0.251898 0.321396 0.231732 0.882922
1305031535.129807 -2.43134 -0.0927585 0.456273 0.253202 0.317743 0.234544 0.883129
1305031535.158853 -2.43664 -0.0949143 0.457171 0.252836 0.310688 0.23697 0.885095
1305031535.193991 -2.44081 -0.0962833 0.457497 0.251579 0.299341 0.237954 0.88909
1305031535.230011 -2.44563 -0.0977639 0.457557 0.248412 0.286786 0.238297 0.894013
1305031535.261725 -2.44369 -0.099905 0.4563 0.246188 0.273337 0.238137 0.898871
1305031535.295784 -2.44065 -0.097425 0.454497 0.244946 0.26166 0.235482 0.903374
1305031535.329773 -2.4452 -0.101921 0.453637 0.242079 0.25405 0.232636 0.907048
1305031535.361759 -2.44509 -0.103627 0.453035 0.240454 0.244177 0.229537 0.910973
1305031535.392026 -2.44588 -0.107184 0.452162 0.237992 0.235219 0.224326 0.915265
1305031535.431010 -2.44666 -0.11477 0.448975 0.236262 0.227392 0.218751 0.919033
1305031535.462732 -2.44669 -0.123024 0.445695 0.236681 0.219636 0.210586 0.922711
1305031535.495467 -2.452 -0.13068 0.443782 0.23931 0.21381 0.200485 0.925647
1305031535.530835 -2.44969 -0.13131 0.441169 0.243912 0.20757 0.189494 0.928178
1305031535.562308 -2.45331 -0.121956 0.44247 0.250106 0.205263 0.178544 0.929213
1305031535.594713 -2.45852 -0.115305 0.444019 0.249307 0.206308 0.170768 0.930656
1305031535.630819 -2.46484 -0.117548 0.444837 0.245971 0.208966 0.167412 0.93156
1305031535.662546 -2.46732 -0.108786 0.445506 0.245582 0.209505 0.164459 0.932068
1305031535.694763 -2.46806 -0.0938744 0.448724 0.242086 0.2089 0.163533 0.93328
1305031535.730877 -2.46791 -0.0884917 0.449229 0.235288 0.208828 0.165996 0.934599
1305031535.759227 -2.46536 -0.0761353 0.451035 0.230263 0.208836 0.167545 0.935572
1305031535.794599 -2.4616 -0.0667682 0.452714 0.223113 0.210509 0.170287 0.936434
1305031535.831105 -2.45853 -0.0626285 0.450103 0.217625 0.212139 0.177081 0.936098
1305031535.859528 -2.45614 -0.0541608 0.44896 0.213488 0.212862 0.183226 0.935703
1305031535.898883 -2.4535 -0.0467847 0.446756 0.208815 0.214795 0.188819 0.935204
1305031535.930685 -2.44807 -0.0347554 0.44464 0.205305 0.219229 0.194213 0.933847
1305031535.959567 -2.44517 -0.021603 0.44259 0.198697 0.226573 0.199974 0.932306
1305031535.998988 -2.44385 -0.00913396 0.440809 0.188254 0.23425 0.20638 0.931179
1305031536.031463 -2.43999 0.00199377 0.438646 0.17671 0.241036 0.215611 0.929617
1305031536.062243 -2.43752 0.0134748 0.435919 0.166205 0.248106 0.225268 0.927402
1305031536.099404 -2.43451 0.0275051 0.435031 0.154418 0.255569 0.234673 0.925077
1305031536.131440 -2.42956 0.0375731 0.431657 0.141725 0.264317 0.246492 0.921571
1305031536.163367 -2.42676 0.048039 0.425282 0.130572 0.274937 0.25936 0.916566
1305031536.199777 -2.42217 0.0607997 0.420735 0.120092 0.286298 0.271171 0.911086
1305031536.231583 -2.41882 0.0734321 0.417061 0.109611 0.299124 0.283844 0.904402
1305031536.263219 -2.41375 0.0850019 0.410984 0.0990145 0.311781 0.298745 0.896516
1305031536.299512 -2.40678 0.0961908 0.404575 0.090917 0.324319 0.31493 0.887339
1305031536.331390 -2.40292 0.108509 0.395221 0.0843887 0.336499 0.328889 0.878339
1305031536.363006 -2.39984 0.121036 0.389236 0.0787779 0.34837 0.343614 0.86854
1305031536.399605 -2.39681 0.129243 0.383316 0.073315 0.361202 0.359012 0.857478
1305031536.431590 -2.39742 0.138816 0.377251 0.0697114 0.37432 0.37235 0.846392
1305031536.463554 -2.39812 0.146066 0.371553 0.064516 0.385693 0.385653 0.835673
1305031536.499647 -2.39791 0.151843 0.365773 0.0592551 0.393154 0.397068 0.827198
1305031536.531617 -2.40101 0.155714 0.361074 0.0561993 0.39797 0.40751 0.819998
1305031536.563087 -2.40441 0.162011 0.359287 0.0546459 0.398981 0.415804 0.815436
1305031536.599164 -2.40552 0.169857 0.354855 0.0533757 0.397896 0.423531 0.812066
1305031536.631797 -2.40842 0.176208 0.350117 0.052984 0.397955 0.431773 0.807711
1305031536.663533 -2.41337 0.18264 0.348926 0.0514405 0.396143 0.439022 0.804788
1305031536.699497 -2.41533 0.191062 0.346383 0.0489182 0.392108 0.443065 0.804706
1305031536.731424 -2.41744 0.202528 0.342699 0.0466124 0.391335 0.443262 0.805111
1305031536.761478 -2.41687 0.210942 0.334392 0.0428641 0.392749 0.443033 0.804756
1305031536.796242 -2.41954 0.216202 0.328428 0.0400609 0.394018 0.440265 0.805799
1305031536.828016 -2.42482 0.224685 0.326547 0.0381132 0.393179 0.435005 0.809153
1305031536.859596 -2.42707 0.232354 0.321595 0.0347627 0.391403 0.432024 0.811758
1305031536.895830 -2.42786 0.240905 0.314557 0.0318837 0.390716 0.425902 0.815434
1305031536.927579 -2.42787 0.252301 0.30576 0.0299607 0.392675 0.415727 0.819805
1305031536.962880 -2.42795 0.260512 0.293128 0.0283621 0.396318 0.409792 0.821096
1305031536.996766 -2.42942 0.269512 0.280967 0.0283645 0.39844 0.403636 0.823115
1305031537.028058 -2.43115 0.282207 0.267734 0.0284774 0.400334 0.395988 0.825903
1305031537.060447 -2.43085 0.292068 0.252059 0.0267582 0.400827 0.39116 0.828019
1305031537.095829 -2.42887 0.306373 0.237075 0.0259572 0.399876 0.384888 0.831436
1305031537.129621 -2.42695 0.315597 0.220235 0.0238011 0.401176 0.379527 0.833337
1305031537.167541 -2.42398 0.324697 0.199717 0.0218315 0.40245 0.37284 0.835792
1305031537.195643 -2.41929 0.33503 0.180934 0.020381 0.401132 0.364554 0.840106
1305031537.230153 -2.41539 0.343233 0.161383 0.0193555 0.39873 0.357138 0.844448
1305031537.265688 -2.41041 0.354175 0.141763 0.0189013 0.394842 0.348222 0.849991
1305031537.298861 -2.40501 0.36295 0.122194 0.017138 0.391053 0.340407 0.854931
1305031537.330994 -2.40038 0.368801 0.101522 0.0151012 0.386815 0.332384 0.860039
1305031537.365736 -2.3952 0.375748 0.0808066 0.0140035 0.380906 0.322511 0.86643
1305031537.395624 -2.39113 0.381987 0.0619573 0.013603 0.374337 0.312021 0.873115
1305031537.429641 -2.38811 0.388139 0.0447514 0.0127724 0.366551 0.303141 0.879536
1305031537.464312 -2.38187 0.392925 0.0260825 0.0108181 0.355603 0.293433 0.887314
1305031537.497527 -2.37685 0.399611 0.00828847 0.00955016 0.346058 0.281644 0.894891
1305031537.530263 -2.37089 0.408939 -0.00843183 0.00717113 0.338239 0.270551 0.901302
1305031537.564476 -2.36146 0.411921 -0.0246916 0.00293958 0.331997 0.263902 0.905607
1305031537.598276 -2.35274 0.410181 -0.0416447 0.0022536 0.327051 0.259893 0.908564
1305031537.630389 -2.34505 0.410618 -0.0575579 0.00416134 0.31925 0.254047 0.912974
1305031537.664114 -2.33361 0.41293 -0.0738299 0.00682683 0.307634 0.246821 0.918909
1305031537.695278 -2.3199 0.41462 -0.089913 0.0112183 0.299267 0.2384 0.923839
1305031537.728342 -2.30854 0.417178 -0.105732 0.0158912 0.295083 0.227615 0.927828
1305031537.766378 -2.29616 0.41827 -0.120123 0.0204935 0.29106 0.216905 0.931566
1305031537.798725 -2.28327 0.421896 -0.134244 0.0263978 0.286275 0.207291 0.935083
1305031537.830287 -2.27017 0.425895 -0.146798 0.0312838 0.280034 0.199507 0.938509
1305031537.866662 -2.25424 0.429041 -0.159803 0.0348205 0.272778 0.190612 0.942362
1305031537.898536 -2.23843 0.435457 -0.172807 0.0384833 0.267663 0.18142 0.945496
1305031537.930243 -2.22187 0.442348 -0.186078 0.0397646 0.262954 0.173458 0.948254
1305031537.966300 -2.20178 0.445865 -0.198805 0.0384966 0.256826 0.167307 0.951087
1305031537.998327 -2.18336 0.449848 -0.211486 0.0390434 0.252364 0.160602 0.953412
1305031538.030606 -2.1649 0.45677 -0.223253 0.0397846 0.247179 0.15521 0.95563
1305031538.066420 -2.14441 0.454856 -0.234272 0.0371013 0.240183 0.153541 0.95779
1305031538.099117 -2.12714 0.451218 -0.245527 0.03881 0.231658 0.153222 0.959871
1305031538.130778 -2.10767 0.452425 -0.257273 0.0441547 0.218461 0.155332 0.962391
1305031538.167361 -2.08485 0.446737 -0.2704 0.0446464 0.204358 0.154647 0.965572
1305031538.198836 -2.06196 0.43987 -0.284285 0.0487316 0.194361 0.148224 0.968441
1305031538.231674 -2.04338 0.436755 -0.298889 0.0581513 0.189235 0.139544 0.970225
1305031538.267245 -2.02598 0.433629 -0.31118 0.0663424 0.184682 0.129712 0.971939
1305031538.297169 -2.00954 0.427222 -0.323143 0.0745482 0.179021 0.119122 0.973758
1305031538.329631 -1.99362 0.425346 -0.334362 0.086 0.171863 0.107716 0.97543
1305031538.366671 -1.97853 0.425456 -0.34642 0.0963864 0.163493 0.0975508 0.976966
1305031538.395653 -1.96253 0.424969 -0.359342 0.105962 0.155316 0.0897698 0.978054
1305031538.434273 -1.94892 0.426632 -0.371008 0.116085 0.146872 0.0840331 0.978719
1305031538.468114 -1.93194 0.429625 -0.382004 0.124671 0.13497 0.076629 0.979984
1305031538.498490 -1.91653 0.440371 -0.393642 0.132217 0.122995 0.0696566 0.981091
1305031538.534659 -1.8981 0.452323 -0.404706 0.135332 0.110688 0.063853 0.982525
1305031538.566473 -1.88042 0.466581 -0.414665 0.134693 0.100682 0.055059 0.98422
1305031538.598497 -1.86158 0.487941 -0.424733 0.130198 0.0934803 0.0458582 0.986006
1305031538.634075 -1.8388 0.494277 -0.436631 0.120892 0.0892833 0.0414095 0.987775
1305031538.666052 -1.82567 0.506452 -0.451347 0.117271 0.0872893 0.0371928 0.988557
1305031538.698387 -1.82006 0.533027 -0.458946 0.111075 0.0828004 0.0314828 0.989856
1305031538.734584 -1.80269 0.550361 -0.466698 0.094085 0.0711766 0.0318453 0.992506
1305031538.766510 -1.7788 0.559791 -0.478735 0.0765285 0.0583059 0.0341766 0.994774
1305031538.798755 -1.75761 0.580445 -0.488083 0.0619998 0.0496216 0.0331602 0.99629
1305031538.832497 -1.7346 0.593362 -0.496816 0.0410253 0.0446081 0.0291218 0.997737
1305031538.867193 -1.7101 0.598589 -0.506468 0.023735 0.0426738 0.0255504 0.99848
1305031538.899432 -1.68744 0.610071 -0.518077 0.0116263 0.0425695 0.0235815 0.998748
1305031538.936017 -1.6631 0.621211 -0.527211 -0.000561262 0.0413507 0.0241687 0.998852
1305031538.967667 -1.63868 0.62755 -0.536652 -0.0126168 0.0398582 0.0249668 0.998814
1305031538.999448 -1.61359 0.634518 -0.546151 -0.0219085 0.0388092 0.0250669 0.998692
1305031539.034977 -1.5875 0.641736 -0.555031 -0.0303238 0.0379386 0.0240557 0.99853
1305031539.067603 -1.56146 0.647878 -0.562263 -0.0374585 0.0370436 0.0213326 0.998383
1305031539.099360 -1.53462 0.656649 -0.569833 -0.0442771 0.0348661 0.0173859 0.998259
1305031539.135768 -1.5085 0.66256 -0.574351 -0.0534063 0.0326328 0.01314 0.997953
1305031539.167546 -1.48317 0.670062 -0.578189 -0.0615351 0.029278 0.00789951 0.997644
1305031539.199492 -1.45866 0.678689 -0.581469 -0.0724333 0.0237743 0.00321132 0.997085
1305031539.235629 -1.43363 0.682398 -0.582604 -0.088143 0.0140977 -0.00165032 0.996007
1305031539.267760 -1.4062 0.686531 -0.582861 -0.102633 0.00171264 -0.0101006 0.994667
1305031539.299592 -1.37916 0.692537 -0.586046 -0.116215 -0.00759759 -0.0210336 0.992972
1305031539.335706 -1.35113 0.696313 -0.586789 -0.133483 -0.0137608 -0.0366409 0.990278
1305031539.367585 -1.32357 0.700606 -0.588769 -0.149181 -0.016415 -0.0575978 0.986995
1305031539.399501 -1.29743 0.700757 -0.591589 -0.166101 -0.0161895 -0.0772982 0.982941
1305031539.435549 -1.27279 0.699843 -0.593301 -0.185165 -0.0151855 -0.0932069 0.978159
1305031539.467525 -1.24223 0.70081 -0.595636 -0.197018 -0.0211923 -0.105203 0.974509
1305031539.499639 -1.21833 0.697756 -0.598241 -0.20623 -0.0304983 -0.112463 0.971541
1305031539.535499 -1.19478 0.696472 -0.601958 -0.21343 -0.0414232 -0.118622 0.968845
1305031539.567517 -1.1678 0.694798 -0.605128 -0.217264 -0.0520878 -0.125744 0.966577
1305031539.599060 -1.14435 0.687359 -0.609461 -0.2187 -0.0600886 -0.134323 0.964633
1305031539.635592 -1.12064 0.680631 -0.613515 -0.217967 -0.0678598 -0.146078 0.962573
1305031539.667412 -1.09452 0.673002 -0.615716 -0.214948 -0.0755344 -0.16106 0.960287
1305031539.703794 -1.07184 0.66099 -0.616953 -0.210259 -0.0821969 -0.174473 0.958433
1305031539.735675 -1.04906 0.651495 -0.618488 -0.205549 -0.0907521 -0.186002 0.956513
1305031539.767637 -1.02626 0.644475 -0.619981 -0.202873 -0.0998736 -0.195949 0.954186
1305031539.803605 -1.00109 0.636756 -0.616306 -0.201774 -0.11088 -0.205616 0.951165
1305031539.832088 -0.980435 0.628206 -0.614186 -0.201034 -0.123152 -0.21431 0.947887
1305031539.867127 -0.956774 0.624843 -0.611307 -0.200347 -0.137549 -0.224369 0.943716
1305031539.903594 -0.9328 0.619789 -0.606261 -0.202436 -0.150418 -0.236082 0.938435
1305031539.935437 -0.906073 0.618406 -0.599039 -0.203447 -0.161937 -0.250234 0.932614
1305031539.967652 -0.881252 0.612325 -0.589154 -0.203323 -0.168916 -0.264285 0.927513
1305031540.003691 -0.858054 0.605567 -0.582169 -0.199015 -0.17346 -0.2752 0.924429
1305031540.035614 -0.833922 0.600607 -0.573473 -0.193024 -0.177408 -0.285 0.921978
1305031540.067782 -0.816245 0.588427 -0.564188 -0.186198 -0.178503 -0.290431 0.921475
1305031540.103651 -0.795349 0.579209 -0.559527 -0.171434 -0.182017 -0.295174 0.922146
1305031540.135787 -0.77207 0.570413 -0.552637 -0.15758 -0.183972 -0.295704 0.924057
1305031540.167625 -0.753055 0.559477 -0.54704 -0.144736 -0.181268 -0.29382 0.927288
1305031540.204012 -0.735321 0.54798 -0.541278 -0.129366 -0.176818 -0.288773 0.931993
1305031540.235943 -0.723507 0.536703 -0.539693 -0.112971 -0.174255 -0.282773 0.936436
1305031540.267794 -0.708828 0.530609 -0.5415 -0.0931471 -0.179035 -0.276667 0.939535
1305031540.303627 -0.689038 0.524214 -0.539719 -0.0783751 -0.18592 -0.268753 0.94184
1305031540.335660 -0.672921 0.514976 -0.538653 -0.0648 -0.189228 -0.261176 0.944342
1305031540.367613 -0.65162 0.505868 -0.534999 -0.049897 -0.189809 -0.251186 0.947834
1305031540.403545 -0.641808 0.495731 -0.537651 -0.0353248 -0.182809 -0.240091 0.952727
1305031540.435756 -0.625335 0.48828 -0.538836 -0.0188029 -0.182854 -0.226732 0.956454
1305031540.467365 -0.608807 0.477775 -0.53896 -0.00641729 -0.183042 -0.211892 0.959977
1305031540.502953 -0.593618 0.466473 -0.540682 0.00750963 -0.182244 -0.197074 0.963272
1305031540.535194 -0.569821 0.460678 -0.539624 0.0223644 -0.184155 -0.18528 0.965017
1305031540.563522 -0.551794 0.44787 -0.538051 0.0347449 -0.179244 -0.177338 0.967065
1305031540.603376 -0.534872 0.444155 -0.543102 0.0526174 -0.16854 -0.168251 0.969803
1305031540.635224 -0.5141 0.442828 -0.542474 0.0652216 -0.15974 -0.159911 0.971935
1305031540.667294 -0.497315 0.434505 -0.542303 0.073637 -0.146988 -0.151729 0.974654
1305031540.703386 -0.477423 0.429975 -0.544256 0.0838127 -0.134243 -0.140564 0.977341
1305031540.735694 -0.458845 0.426276 -0.54375 0.0900915 -0.121727 -0.129732 0.979916
1305031540.767548 -0.441339 0.416826 -0.545119 0.0953062 -0.105503 -0.119563 0.982594
1305031540.803232 -0.427251 0.41777 -0.54231 0.105329 -0.0852019 -0.107486 0.984933
1305031540.835181 -0.410463 0.416909 -0.542748 0.112433 -0.0622326 -0.0970856 0.986945
1305031540.871023 -0.398904 0.414577 -0.541174 0.118596 -0.039357 -0.086102 0.988419
1305031540.903222 -0.383164 0.411743 -0.543324 0.124511 -0.0194915 -0.0756894 0.989135
1305031540.935050 -0.373149 0.411411 -0.545546 0.129773 0.00151387 -0.0639226 0.98948
1305031540.971078 -0.368432 0.408867 -0.546046 0.133674 0.0191635 -0.0501455 0.98957
1305031541.003228 -0.358812 0.403837 -0.548381 0.139619 0.0309172 -0.0392334 0.988945
1305031541.034514 -0.349921 0.401894 -0.549957 0.147233 0.0423494 -0.0281752 0.987793
1305031541.070217 -0.344952 0.397851 -0.551629 0.155013 0.0522402 -0.0159379 0.986402
1305031541.099997 -0.342107 0.397819 -0.551806 0.162196 0.058354 -0.00855523 0.984995
1305031541.135330 -0.334626 0.396705 -0.551437 0.16608 0.0639475 -0.00377522 0.984029
1305031541.171574 -0.330534 0.393925 -0.550841 0.170875 0.0727652 0.00231185 0.9826
1305031541.202996 -0.334685 0.395956 -0.550135 0.174051 0.0787095 0.00580586 0.981569
1305031541.235198 -0.335011 0.39602 -0.546156 0.170565 0.0781692 0.00732603 0.982213
1305031541.267954 -0.336453 0.394825 -0.543386 0.165583 0.0752384 0.0104816 0.983266
1305031541.301672 -0.338353 0.392221 -0.538841 0.159467 0.069737 0.0132812 0.984647
1305031541.331852 -0.340831 0.390294 -0.533768 0.153898 0.0612057 0.0130493 0.986103
1305031541.371250 -0.343279 0.3897 -0.527556 0.147003 0.0501828 0.0105347 0.987806
1305031541.402022 -0.345017 0.388132 -0.522287 0.139304 0.0396693 0.00586971 0.989437
1305031541.431932 -0.347524 0.384061 -0.517855 0.132212 0.0291198 -0.00139064 0.990793
1305031541.471366 -0.35147 0.381082 -0.513203 0.127272 0.0183501 -0.0104453 0.991643
1305031541.501569 -0.357349 0.379537 -0.506804 0.120088 0.00673467 -0.0232797 0.992467
1305031541.535345 -0.361597 0.377933 -0.502319 0.112877 -0.00478269 -0.0366667 0.992921
1305031541.569819 -0.366578 0.375829 -0.498204 0.105189 -0.015423 -0.0504006 0.993054
1305031541.603472 -0.37299 0.370995 -0.495539 0.0971692 -0.0274584 -0.0643137 0.992808
1305031541.635279 -0.380097 0.368253 -0.491247 0.0912135 -0.041463 -0.0790051 0.991826
1305031541.671483 -0.385763 0.366363 -0.487915 0.0856821 -0.0563583 -0.0960509 0.990079
1305031541.703527 -0.388985 0.361414 -0.484076 0.0790388 -0.0710648 -0.116838 0.987447
1305031541.734963 -0.394738 0.359483 -0.481348 0.0733092 -0.0844965 -0.141485 0.9836
1305031541.771656 -0.39968 0.357399 -0.4771 0.0668491 -0.0971782 -0.172273 0.977962
1305031541.803338 -0.405578 0.355333 -0.473126 0.0593727 -0.103737 -0.206518 0.971115
1305031541.835259 -0.416662 0.352952 -0.469357 0.0498679 -0.10904 -0.23759 0.963937
1305031541.871359 -0.425618 0.349614 -0.46631 0.0440786 -0.120803 -0.261694 0.956546
1305031541.903131 -0.43331 0.351636 -0.464161 0.0403763 -0.136349 -0.279247 0.949631
1305031541.932460 -0.440229 0.347586 -0.460605 0.0323244 -0.155622 -0.290738 0.943509
1305031541.969202 -0.447763 0.342778 -0.458593 0.0254763 -0.17624 -0.295778 0.938513
1305031542.000034 -0.452467 0.342986 -0.454898 0.021674 -0.19795 -0.297943 0.933582
1305031542.032795 -0.454453 0.340105 -0.449248 0.0168088 -0.221879 -0.301178 0.927243
1305031542.069819 -0.454563 0.33936 -0.441429 0.0150751 -0.238414 -0.306873 0.921282
1305031542.102573 -0.45367 0.34151 -0.433552 0.0155849 -0.247684 -0.316296 0.915624
1305031542.139294 -0.456117 0.340557 -0.425857 0.0122625 -0.253499 -0.327465 0.91014
1305031542.170485 -0.462105 0.338288 -0.419757 0.00841789 -0.258641 -0.334831 0.906047
1305031542.202214 -0.463554 0.341133 -0.412277 0.00455158 -0.268668 -0.338404 0.90182
1305031542.237243 -0.466651 0.339291 -0.404271 -0.00320892 -0.280064 -0.34291 0.896642
1305031542.269752 -0.46386 0.336905 -0.393803 -0.00759182 -0.290673 -0.346605 0.891805
1305031542.301218 -0.455852 0.33669 -0.380057 -0.0106243 -0.296122 -0.35285 0.887522
1305031542.338812 -0.455448 0.33048 -0.368411 -0.0160315 -0.292961 -0.361026 0.885199
1305031542.371582 -0.455907 0.327437 -0.359133 -0.0188198 -0.288094 -0.36499 0.885116
1305031542.403140 -0.453025 0.324136 -0.347898 -0.0243207 -0.287373 -0.364359 0.885476
1305031542.439210 -0.452421 0.318521 -0.336956 -0.0313463 -0.28668 -0.362656 0.886179
1305031542.471527 -0.450913 0.310604 -0.326724 -0.0355721 -0.287421 -0.359728 0.886972
1305031542.503717 -0.444855 0.30388 -0.315024 -0.0382259 -0.291282 -0.353716 0.888019
1305031542.539439 -0.437847 0.293963 -0.301712 -0.0422877 -0.294497 -0.348111 0.888989
1305031542.571672 -0.433535 0.282382 -0.290716 -0.0438247 -0.29486 -0.342977 0.890788
1305031542.603499 -0.424685 0.274054 -0.279345 -0.0426154 -0.297397 -0.336037 0.892647
1305031542.639171 -0.415606 0.263758 -0.265809 -0.0449415 -0.300384 -0.328875 0.894198
1305031542.668866 -0.409084 0.25234 -0.254878 -0.0460073 -0.301336 -0.322813 0.896031
1305031542.702239 -0.398376 0.243175 -0.242346 -0.0438194 -0.304031 -0.320592 0.896028
1305031542.737961 -0.38719 0.234207 -0.227479 -0.0435638 -0.305467 -0.320124 0.895719
1305031542.771170 -0.381722 0.223543 -0.215566 -0.0454515 -0.302641 -0.320174 0.896566
1305031542.803270 -0.374983 0.214739 -0.203975 -0.0457356 -0.303721 -0.32046 0.896085
1305031542.839568 -0.363931 0.207225 -0.187479 -0.0466258 -0.307605 -0.32152 0.894332
1305031542.871198 -0.357124 0.197577 -0.172554 -0.0501763 -0.305672 -0.32259 0.894418
1305031542.903732 -0.350146 0.18941 -0.158687 -0.0526832 -0.303424 -0.323613 0.894669
1305031542.939215 -0.34544 0.18057 -0.143814 -0.0566216 -0.302479 -0.325497 0.894065
1305031542.970866 -0.341277 0.171431 -0.129921 -0.0601411 -0.304566 -0.325718 0.893045
1305031543.002677 -0.334556 0.163558 -0.11348 -0.0646317 -0.30963 -0.323703 0.891722
1305031543.039126 -0.330823 0.153638 -0.0977994 -0.0705695 -0.312925 -0.321556 0.890898
1305031543.070710 -0.323578 0.146233 -0.0815616 -0.0738923 -0.318075 -0.319299 0.889616
1305031543.102755 -0.316355 0.138185 -0.0638975 -0.0792163 -0.321614 -0.319458 0.887826
1305031543.139358 -0.309584 0.12858 -0.0460593 -0.0845207 -0.322786 -0.320586 0.886504
1305031543.170265 -0.30539 0.118727 -0.030373 -0.0896323 -0.321719 -0.320997 0.886241
1305031543.200190 -0.301044 0.108407 -0.0160438 -0.0942734 -0.322441 -0.316645 0.887063
1305031543.238701 -0.295105 0.0992716 -0.0017021 -0.0989337 -0.324319 -0.308036 0.8889
1305031543.270923 -0.291559 0.0877971 0.0115839 -0.10288 -0.325857 -0.300642 0.89042
1305031543.302962 -0.287739 0.0777114 0.021534 -0.100978 -0.328343 -0.294391 0.891812
1305031543.338824 -0.282765 0.0715703 0.0293561 -0.0973711 -0.331055 -0.289034 0.892962
1305031543.370800 -0.280761 0.0623691 0.0352512 -0.0951959 -0.332924 -0.285623 0.893599
1305031543.407586 -0.279399 0.0563788 0.0368611 -0.0881463 -0.336322 -0.285496 0.89309
1305031543.436408 -0.277511 0.0510227 0.0384723 -0.0820155 -0.340655 -0.285329 0.892085
1305031543.472193 -0.277459 0.0469673 0.0370255 -0.0771335 -0.342976 -0.284303 0.891958
1305031543.507662 -0.278904 0.0435323 0.0329929 -0.0727265 -0.346897 -0.285659 0.890377
1305031543.539811 -0.280148 0.0407867 0.028417 -0.0671447 -0.353645 -0.288992 0.88708
1305031543.572301 -0.282194 0.0382939 0.0226952 -0.0628291 -0.358261 -0.291822 0.884614
1305031543.607686 -0.286867 0.0369335 0.0116858 -0.0593126 -0.361799 -0.29525 0.882276
1305031543.639875 -0.290779 0.0375428 0.00122555 -0.0575498 -0.369308 -0.301908 0.877013
1305031543.671696 -0.297868 0.0316467 -0.00911449 -0.0598739 -0.372943 -0.306267 0.873802
1305031543.707488 -0.304312 0.0292769 -0.0249414 -0.0563558 -0.374301 -0.307153 0.873143
1305031543.739759 -0.308819 0.0275766 -0.0395552 -0.0545409 -0.377239 -0.308771 0.871422
1305031543.771875 -0.317851 0.0227079 -0.0567414 -0.0555645 -0.378302 -0.307335 0.871404
1305031543.807535 -0.322156 0.0230522 -0.0774047 -0.053243 -0.381153 -0.302578 0.871971
1305031543.839894 -0.32551 0.021772 -0.0950359 -0.0563431 -0.384714 -0.299543 0.87126
1305031543.871869 -0.33011 0.0164727 -0.112262 -0.0638538 -0.385872 -0.294899 0.871814
1305031543.907474 -0.332852 0.0134686 -0.131661 -0.0691863 -0.384199 -0.288921 0.874145
1305031543.939753 -0.33706 0.00855827 -0.152158 -0.0751692 -0.380278 -0.284577 0.876786
1305031543.970786 -0.340092 0.0045915 -0.173311 -0.0758751 -0.374627 -0.282062 0.879965
1305031544.007529 -0.34336 -0.00291899 -0.192021 -0.0758872 -0.366518 -0.279619 0.884149
1305031544.038948 -0.345422 -0.00554444 -0.21549 -0.0701538 -0.354357 -0.277328 0.89028
1305031544.070711 -0.346743 -0.00458782 -0.238345 -0.0643872 -0.34031 -0.275753 0.896662
1305031544.106609 -0.356642 -0.00915489 -0.263356 -0.0631888 -0.32303 -0.271772 0.904322
1305031544.137311 -0.366119 -0.00738156 -0.294076 -0.0557728 -0.309487 -0.26468 0.91162
1305031544.171722 -0.370343 -0.00260439 -0.317858 -0.049064 -0.302003 -0.2594 0.916023
1305031544.206571 -0.378465 0.00115505 -0.341818 -0.0419817 -0.291009 -0.255224 0.921093
1305031544.238072 -0.384565 0.00961853 -0.365974 -0.0328086 -0.279012 -0.25329 0.9257
1305031544.267766 -0.393265 0.017238 -0.389484 -0.0257597 -0.265639 -0.252602 0.930035
1305031544.303584 -0.405097 0.0265332 -0.414367 -0.0172607 -0.250792 -0.254459 0.933839
1305031544.338210 -0.416646 0.0405313 -0.438631 -0.00879695 -0.237897 -0.255926 0.936926
1305031544.367911 -0.423929 0.0608698 -0.460333 -0.00312351 -0.227596 -0.25758 0.939065
1305031544.405875 -0.434945 0.0792782 -0.477947 -0.00665379 -0.215211 -0.261159 0.940976
1305031544.437826 -0.45477 0.0891461 -0.497282 -0.0142826 -0.202432 -0.263123 0.943177
1305031544.469937 -0.471851 0.107871 -0.515892 -0.0182006 -0.195359 -0.262251 0.944843
1305031544.505986 -0.491952 0.119916 -0.531231 -0.0254646 -0.191098 -0.263325 0.945248
1305031544.539003 -0.511986 0.133079 -0.545804 -0.0296196 -0.190194 -0.266474 0.944426
1305031544.574785 -0.53131 0.144524 -0.556854 -0.0322733 -0.191665 -0.269588 0.943157
1305031544.607438 -0.542507 0.166632 -0.567738 -0.0322107 -0.194963 -0.270512 0.942218
1305031544.638925 -0.555165 0.183629 -0.574808 -0.0402699 -0.197421 -0.271989 0.94097
1305031544.675602 -0.576272 0.191925 -0.581221 -0.0495851 -0.199041 -0.273151 0.939847
1305031544.703615 -0.591514 0.207591 -0.588021 -0.0525818 -0.203734 -0.273803 0.938488
1305031544.738977 -0.606263 0.216137 -0.588833 -0.058099 -0.208688 -0.274011 0.937012
1305031544.775192 -0.623122 0.222795 -0.591347 -0.0581281 -0.210381 -0.276084 0.936023
1305031544.807101 -0.638297 0.234034 -0.594581 -0.0536336 -0.210558 -0.277726 0.935766
1305031544.839027 -0.648428 0.250545 -0.596458 -0.0505535 -0.211097 -0.278085 0.935709
1305031544.875379 -0.663069 0.263288 -0.597286 -0.0541683 -0.210494 -0.280234 0.935001
1305031544.907436 -0.679834 0.271153 -0.595794 -0.057751 -0.208369 -0.284883 0.933857
1305031544.939009 -0.6939 0.281657 -0.594323 -0.0580953 -0.204104 -0.291834 0.932631
1305031544.975561 -0.71377 0.289126 -0.593335 -0.0617406 -0.197044 -0.297316 0.932183
1305031545.007409 -0.734559 0.293311 -0.592211 -0.0667215 -0.193494 -0.298576 0.93218
1305031545.039484 -0.751554 0.296605 -0.590319 -0.0687348 -0.190485 -0.296156 0.933425
1305031545.075213 -0.76958 0.29634 -0.588009 -0.0677259 -0.185198 -0.293403 0.93543
1305031545.107171 -0.78501 0.301322 -0.586395 -0.063985 -0.179792 -0.287971 0.938431
1305031545.139414 -0.797811 0.304492 -0.583961 -0.0629692 -0.173931 -0.278681 0.942401
1305031545.174984 -0.811114 0.307469 -0.582034 -0.0627764 -0.165134 -0.266454 0.947519
1305031545.207672 -0.82463 0.309334 -0.578427 -0.0628676 -0.155985 -0.254911 0.952227
1305031545.239686 -0.843796 0.304754 -0.574342 -0.0629559 -0.146713 -0.242422 0.956945
1305031545.275412 -0.859586 0.309678 -0.572573 -0.0555573 -0.139725 -0.229386 0.961651
1305031545.306213 -0.87037 0.31683 -0.570025 -0.051162 -0.135449 -0.218789 0.96497
1305031545.339544 -0.884717 0.318192 -0.565988 -0.0501918 -0.129661 -0.20922 0.967934
1305031545.375555 -0.901263 0.316717 -0.562289 -0.0478361 -0.122122 -0.19777 0.971435
1305031545.407463 -0.918438 0.315205 -0.559412 -0.0429978 -0.115897 -0.184339 0.975058
1305031545.439168 -0.934136 0.316099 -0.556396 -0.0354627 -0.112441 -0.173063 0.977829
1305031545.475453 -0.950633 0.307251 -0.551176 -0.0289081 -0.109781 -0.164092 0.979891
1305031545.507417 -0.966173 0.308013 -0.549645 -0.0130208 -0.108701 -0.155304 0.981782
1305031545.539498 -0.980599 0.307879 -0.547177 -0.000299217 -0.109823 -0.146732 0.983061
1305031545.578088 -0.996784 0.308619 -0.545755 0.0137354 -0.11272 -0.142804 0.983215
1305031545.603778 -1.00953 0.315245 -0.543133 0.0267862 -0.118798 -0.142273 0.982307
1305031545.635945 -1.02159 0.315085 -0.537973 0.0363881 -0.124775 -0.141885 0.981313
1305031545.673535 -1.03214 0.31344 -0.531977 0.0484993 -0.128837 -0.143358 0.98005
1305031545.706561 -1.04266 0.320222 -0.527242 0.0657761 -0.131457 -0.14691 0.978167
1305031545.739007 -1.05054 0.336756 -0.521857 0.0760856 -0.132 -0.147728 0.977222
1305031545.775565 -1.06111 0.345207 -0.515962 0.0771882 -0.132627 -0.149155 0.976834
1305031545.807492 -1.07067 0.356978 -0.508188 0.0767058 -0.134552 -0.152196 0.97614
1305031545.843386 -1.07411 0.369609 -0.499501 0.0734385 -0.135779 -0.15436 0.975881
1305031545.875515 -1.07917 0.379987 -0.490208 0.0645377 -0.131685 -0.156621 0.976711
1305031545.907616 -1.08496 0.38924 -0.481904 0.0555522 -0.124951 -0.158906 0.977778
1305031545.943703 -1.08843 0.406316 -0.473538 0.0475228 -0.119539 -0.161352 0.978477
1305031545.975685 -1.09261 0.415322 -0.464814 0.0340851 -0.113084 -0.161655 0.979754
1305031546.007570 -1.09738 0.429885 -0.459243 0.023432 -0.106788 -0.160737 0.980923
1305031546.043793 -1.09217 0.443556 -0.450805 0.00961408 -0.103061 -0.161079 0.981499
1305031546.075425 -1.09254 0.453062 -0.443636 -0.00612402 -0.0911135 -0.160524 0.982799
1305031546.104074 -1.09307 0.461707 -0.437576 -0.0185891 -0.0791037 -0.157899 0.984106
1305031546.143517 -1.09009 0.472866 -0.4321 -0.0274484 -0.0685481 -0.154182 0.98528
1305031546.175972 -1.08828 0.484801 -0.427949 -0.035797 -0.0575459 -0.149195 0.986483
1305031546.207525 -1.08181 0.495173 -0.423027 -0.0449184 -0.0496596 -0.143843 0.987332
1305031546.243573 -1.07985 0.499678 -0.416919 -0.0533098 -0.0377279 -0.136307 0.988512
1305031546.276113 -1.07657 0.5107 -0.412094 -0.0540059 -0.0270024 -0.128642 0.989851
1305031546.308117 -1.06573 0.525971 -0.407145 -0.0563561 -0.0200286 -0.120739 0.990881
1305031546.343932 -1.06473 0.531849 -0.401173 -0.0627027 -0.00866123 -0.110628 0.991844
1305031546.376105 -1.06111 0.542068 -0.396026 -0.0622292 -0.0024936 -0.101089 0.992926
1305031546.407683 -1.05347 0.554034 -0.390476 -0.0616787 0.000151483 -0.0925041 0.9938
1305031546.443985 -1.05016 0.562111 -0.384466 -0.0624003 0.00337277 -0.0844802 0.994464
1305031546.476002 -1.04213 0.578143 -0.379736 -0.0593087 0.00358844 -0.0789285 0.995108
1305031546.507978 -1.03987 0.586048 -0.372709 -0.0642214 0.00825493 -0.0743747 0.995126
1305031546.544091 -1.03605 0.596978 -0.367725 -0.0627716 0.0108256 -0.0698196 0.995524
1305031546.576436 -1.03194 0.610537 -0.363077 -0.0631276 0.0136114 -0.0667351 0.995679
1305031546.604477 -1.03003 0.621901 -0.35729 -0.0681935 0.0173552 -0.0630828 0.995524
1305031546.644231 -1.02492 0.632578 -0.35173 -0.0747632 0.0191712 -0.0591743 0.995259
1305031546.676019 -1.02209 0.641121 -0.345687 -0.0823974 0.0232122 -0.0571036 0.994691
1305031546.707952 -1.01827 0.648551 -0.33991 -0.0886352 0.0265719 -0.05567 0.994152
1305031546.743907 -1.01433 0.658322 -0.334214 -0.0942717 0.0315622 -0.0550293 0.993523
1305031546.775885 -1.01311 0.663882 -0.327765 -0.104375 0.0369968 -0.0541338 0.992374
1305031546.808019 -1.01162 0.667729 -0.321826 -0.11087 0.0398613 -0.0542926 0.99155
1305031546.844098 -1.01045 0.671617 -0.316462 -0.114248 0.0407369 -0.0543307 0.991129
1305031546.876150 -1.00907 0.673637 -0.311406 -0.117732 0.0389793 -0.0542874 0.990794
1305031546.904254 -1.00826 0.673369 -0.30683 -0.119027 0.0378079 -0.0563133 0.990572
1305031546.943871 -1.00848 0.675951 -0.303147 -0.115005 0.0376801 -0.0580374 0.990952
1305031546.975693 -1.00824 0.679158 -0.299749 -0.112932 0.0366408 -0.0601203 0.991105
1305031547.008548 -1.00938 0.678331 -0.296077 -0.114263 0.0348122 -0.0614674 0.990936
1305031547.044236 -1.00764 0.679585 -0.293822 -0.11196 0.0323625 -0.0636271 0.991145
1305031547.074033 -1.00669 0.677763 -0.291744 -0.111907 0.0335656 -0.0662221 0.990941
1305031547.109368 -1.00637 0.676398 -0.290378 -0.108811 0.0362443 -0.068008 0.991071
1305031547.143020 -1.00672 0.675465 -0.290059 -0.104145 0.0384388 -0.068988 0.991422
1305031547.172567 -1.00711 0.675216 -0.290845 -0.100509 0.0391851 -0.0680781 0.991831
1305031547.211605 -1.00748 0.673549 -0.291913 -0.0996772 0.036699 -0.0663241 0.992128
1305031547.244133 -1.00727 0.670462 -0.293731 -0.0983559 0.0336453 -0.0662961 0.99237
1305031547.276566 -1.00781 0.669357 -0.295925 -0.094712 0.0328734 -0.0668488 0.992714
1305031547.312300 -1.00844 0.66775 -0.298194 -0.0927465 0.0318596 -0.0669473 0.992926
1305031547.344201 -1.01009 0.667139 -0.300509 -0.0903824 0.0311837 -0.0661076 0.993221
1305031547.376783 -1.01059 0.666546 -0.302624 -0.089119 0.0283472 -0.0651519 0.993484
1305031547.412309 -1.01048 0.664902 -0.304241 -0.0886143 0.0247941 -0.0643084 0.993679
1305031547.444479 -1.01046 0.663225 -0.305443 -0.0875494 0.022154 -0.0649411 0.993794
1305031547.475653 -1.00995 0.661915 -0.306471 -0.0851567 0.0207072 -0.066356 0.99394
1305031547.512129 -1.00905 0.66276 -0.307086 -0.0819763 0.020245 -0.0673323 0.994151
1305031547.543063 -1.00891 0.661452 -0.306745 -0.0822113 0.0206879 -0.0682522 0.99406
1305031547.572452 -1.00841 0.661033 -0.306216 -0.0805523 0.0210674 -0.0682974 0.994185
1305031547.610069 -1.00783 0.662393 -0.305956 -0.0796281 0.0212663 -0.0671865 0.99433
1305031547.643685 -1.00763 0.659957 -0.304595 -0.0821846 0.0210176 -0.0665414 0.994171
1305031547.675727 -1.00649 0.66171 -0.304172 -0.07991 0.0215139 -0.0661807 0.99437
1305031547.712359 -1.00479 0.6622 -0.302655 -0.0827045 0.0223918 -0.0665751 0.994096
1305031547.741819 -1.00418 0.658783 -0.30174 -0.0857569 0.0233905 -0.066837 0.993796
1305031547.773659 -1.00299 0.660272 -0.301758 -0.0827807 0.0240834 -0.0674569 0.99399
1305031547.812136 -1.00183 0.659797 -0.301373 -0.0836067 0.0251081 -0.0684331 0.993829
1305031547.844573 -1.00125 0.659108 -0.301422 -0.0833382 0.0266438 -0.0685358 0.993805
1305031547.875313 -0.999834 0.659417 -0.301345 -0.0831326 0.0266062 -0.0685215 0.993824
1305031547.912229 -0.998653 0.657751 -0.301006 -0.0846399 0.026331 -0.0684104 0.993712
1305031547.942674 -0.998177 0.657705 -0.301063 -0.0838395 0.0274594 -0.0678138 0.99379
1305031547.976525 -0.998045 0.657668 -0.301005 -0.0837666 0.0281649 -0.0673533 0.993808
