1305031453.374112 0 0 0 0 0 0 1
1305031453.404816 0.00365045 0.00511047 -0.00951857 -0.000683556 0.00637351 0.0112696 0.999916
1305031453.436941 0.00798486 0.00748386 -0.0185329 0.000129689 0.0101918 0.020323 0.999742
1305031453.473352 0.0122547 0.0122323 -0.0289652 0.00392378 0.01602 0.0290132 0.999443
1305031453.505218 0.0174732 0.0158037 -0.0409911 0.00759644 0.0218069 0.0388117 0.99898
1305031453.538301 0.0183292 0.0209834 -0.0539191 0.0141656 0.0271549 0.047822 0.998386
1305031453.574074 0.0185567 0.025372 -0.0682666 0.0209314 0.0303093 0.0542726 0.997847
1305031453.605314 0.0191682 0.0318115 -0.0828177 0.0283544 0.0328477 0.0584487 0.997347
1305031453.636951 0.0129951 0.0375488 -0.0980125 0.035073 0.0357477 0.0622774 0.996802
1305031453.673185 0.00341656 0.0442939 -0.112279 0.0429439 0.0348425 0.0611289 0.996597
1305031453.705487 -0.00452808 0.0538564 -0.127065 0.0502676 0.0309902 0.0566296 0.996647
1305031453.736856 -0.0137712 0.0640342 -0.140717 0.0555984 0.0268978 0.0522449 0.996723
1305031453.773786 -0.0278382 0.0697386 -0.153015 0.0596869 0.0213309 0.0450709 0.996971
1305031453.805041 -0.0342317 0.080924 -0.165809 0.065444 0.0115983 0.0370555 0.997101
1305031453.840352 -0.0434357 0.0888674 -0.178245 0.0683097 0.00430049 0.0306454 0.997184
1305031453.869618 -0.0590312 0.0994503 -0.189407 0.0715918 -0.00511407 0.024156 0.997128
1305031453.905519 -0.074544 0.109195 -0.196945 0.0728171 -0.0185918 0.0171744 0.997024
1305031453.940012 -0.0841441 0.113689 -0.2037 0.0702734 -0.0366154 0.0131984 0.996768
1305031453.972592 -0.0959539 0.120145 -0.207138 0.0686357 -0.0525213 0.00483934 0.996247
1305031454.003179 -0.107674 0.121359 -0.211887 0.0662796 -0.0640135 -0.00683107 0.995722
1305031454.040976 -0.121841 0.122624 -0.217403 0.0677615 -0.0748285 -0.0167004 0.994751
1305031454.072690 -0.136708 0.128236 -0.219674 0.069509 -0.0845108 -0.0277212 0.993609
1305031454.104619 -0.152074 0.127697 -0.223948 0.0685639 -0.0942133 -0.0411866 0.992334
1305031454.141030 -0.166874 0.129305 -0.227184 0.0712841 -0.106593 -0.0551394 0.99021
1305031454.172688 -0.181967 0.136722 -0.230416 0.0730726 -0.119439 -0.0673728 0.987854
1305031454.204626 -0.196613 0.139505 -0.230874 0.0710345 -0.13381 -0.0809739 0.985136
1305031454.240858 -0.210165 0.134201 -0.229946 0.0705652 -0.149169 -0.0972646 0.981483
1305031454.273489 -0.217566 0.138281 -0.228437 0.0768382 -0.163162 -0.114248 0.976945
1305031454.304744 -0.226719 0.143603 -0.228014 0.0762934 -0.170613 -0.127176 0.974113
1305031454.340806 -0.242435 0.140058 -0.231472 0.0750521 -0.177925 -0.141563 0.970912
1305031454.372652 -0.249358 0.143906 -0.231351 0.0816634 -0.189312 -0.156744 0.96588
1305031454.401962 -0.257941 0.150852 -0.233256 0.0840829 -0.196414 -0.169302 0.962127
1305031454.437248 -0.271093 0.154185 -0.235262 0.0852811 -0.206614 -0.184278 0.95712
1305031454.470741 -0.273431 0.156632 -0.232875 0.0879947 -0.217447 -0.200056 0.951289
1305031454.503859 -0.280503 0.161397 -0.234853 0.0895266 -0.221421 -0.216311 0.946661
1305031454.538424 -0.284446 0.169028 -0.235854 0.0897694 -0.227623 -0.23255 0.941302
1305031454.570323 -0.291062 0.178344 -0.237302 0.0878888 -0.232544 -0.245746 0.936914
1305031454.602019 -0.298666 0.185382 -0.239319 0.0853744 -0.241085 -0.262653 0.930378
1305031454.639284 -0.301037 0.191051 -0.238599 0.083601 -0.254118 -0.275969 0.923188
1305031454.669573 -0.299852 0.201157 -0.239375 0.0793558 -0.266492 -0.282813 0.917988
1305031454.702030 -0.301718 0.208017 -0.239744 0.0728286 -0.279622 -0.289741 0.912446
1305031454.740764 -0.296309 0.211774 -0.238061 0.0684384 -0.294092 -0.294543 0.906681
1305031454.772865 -0.289395 0.216005 -0.235513 0.0628461 -0.302084 -0.291604 0.905407
1305031454.802574 -0.285373 0.22342 -0.235783 0.0584949 -0.304825 -0.284478 0.907046
1305031454.840500 -0.277962 0.232015 -0.233683 0.0549473 -0.3072 -0.278162 0.908424
1305031454.870269 -0.272971 0.23919 -0.232787 0.0497235 -0.304989 -0.271629 0.911442
1305031454.901065 -0.269015 0.247528 -0.233394 0.0464259 -0.300212 -0.264514 0.915287
1305031454.940240 -0.266784 0.257318 -0.234327 0.0432582 -0.294645 -0.258177 0.919052
1305031454.973081 -0.267966 0.26672 -0.237652 0.0401279 -0.288606 -0.252152 0.922776
1305031455.010759 -0.271326 0.276182 -0.243061 0.0374393 -0.28416 -0.245875 0.925957
1305031455.040446 -0.272608 0.288604 -0.245906 0.0378262 -0.283214 -0.242352 0.92716
1305031455.074282 -0.276802 0.296276 -0.249666 0.0364849 -0.2796 -0.240512 0.928788
1305031455.110340 -0.282362 0.305778 -0.254659 0.038852 -0.275272 -0.239826 0.930161
1305031455.142700 -0.287836 0.31757 -0.259047 0.0408249 -0.270321 -0.23824 0.931934
1305031455.172771 -0.296376 0.327269 -0.264536 0.039798 -0.264966 -0.234175 0.934543
1305031455.210307 -0.306046 0.337074 -0.268423 0.0368554 -0.260705 -0.228357 0.937298
1305031455.240960 -0.315782 0.343979 -0.272953 0.0358428 -0.25684 -0.222524 0.939804
1305031455.273001 -0.322792 0.358228 -0.275785 0.0352552 -0.252691 -0.216157 0.942433
1305031455.310303 -0.335092 0.362199 -0.280297 0.0262302 -0.246248 -0.207436 0.946385
1305031455.342381 -0.34697 0.372002 -0.286343 0.0209416 -0.242697 -0.196471 0.949768
1305031455.374120 -0.353615 0.382634 -0.287343 0.0140129 -0.241552 -0.189599 0.951582
1305031455.409213 -0.365762 0.383395 -0.290592 0.00274562 -0.234075 -0.182758 0.954883
1305031455.442380 -0.379646 0.386993 -0.297874 -0.00522441 -0.225783 -0.172537 0.958763
1305031455.473168 -0.391594 0.387426 -0.30414 -0.0114244 -0.22228 -0.163265 0.961148
1305031455.509397 -0.404892 0.392726 -0.311878 -0.0153147 -0.217697 -0.152683 0.963878
1305031455.540835 -0.422156 0.391416 -0.321241 -0.0213501 -0.21266 -0.139846 0.966831
1305031455.572996 -0.440424 0.394055 -0.33228 -0.0234506 -0.211099 -0.126266 0.968991
1305031455.608802 -0.455137 0.399774 -0.342941 -0.0251103 -0.211147 -0.112012 0.97069
1305031455.641333 -0.472893 0.396152 -0.35205 -0.0313961 -0.208057 -0.0991233 0.972575
1305031455.672887 -0.49087 0.393132 -0.363785 -0.0297645 -0.204334 -0.0929872 0.97402
1305031455.707680 -0.507212 0.394634 -0.375812 -0.0255727 -0.20149 -0.0938271 0.974651
1305031455.742005 -0.523248 0.392475 -0.38725 -0.023587 -0.197329 -0.0988766 0.975053
1305031455.773667 -0.539049 0.391308 -0.399139 -0.0218105 -0.190875 -0.102097 0.976047
1305031455.809109 -0.555836 0.38309 -0.411837 -0.0217059 -0.184422 -0.101133 0.977389
1305031455.838364 -0.571738 0.382124 -0.426256 -0.0183944 -0.179792 -0.100772 0.978356
1305031455.872220 -0.584703 0.377774 -0.438252 -0.0184431 -0.17752 -0.101924 0.978651
1305031455.908418 -0.596889 0.374328 -0.45001 -0.0182813 -0.174256 -0.102295 0.979202
1305031455.939606 -0.609583 0.368693 -0.460881 -0.0195946 -0.169888 -0.102942 0.979876
1305031455.973594 -0.620672 0.368629 -0.471623 -0.0180689 -0.165743 -0.105275 0.980367
1305031456.008998 -0.631524 0.36725 -0.480547 -0.0194245 -0.160569 -0.108086 0.980896
1305031456.041930 -0.640977 0.370666 -0.488995 -0.0224012 -0.154204 -0.112475 0.981361
1305031456.073846 -0.655893 0.363761 -0.495761 -0.0325049 -0.147032 -0.12 0.981287
1305031456.108963 -0.66976 0.353609 -0.501154 -0.0397203 -0.141647 -0.125346 0.981146
1305031456.140836 -0.682456 0.347707 -0.506408 -0.0414485 -0.136317 -0.126738 0.98165
1305031456.173198 -0.692552 0.337469 -0.509415 -0.0438028 -0.130793 -0.127483 0.982203
1305031456.208934 -0.703307 0.329051 -0.512651 -0.0397765 -0.122655 -0.125569 0.98367
1305031456.240996 -0.711894 0.335601 -0.517061 -0.033154 -0.112374 -0.122953 0.985472
1305031456.277928 -0.722918 0.328468 -0.516563 -0.0348005 -0.100776 -0.12058 0.986962
1305031456.310040 -0.73626 0.319454 -0.515778 -0.033515 -0.0889093 -0.11591 0.988705
1305031456.341659 -0.747533 0.314154 -0.514274 -0.0292115 -0.0780236 -0.109386 0.990502
1305031456.377115 -0.757224 0.323171 -0.514693 -0.0212256 -0.0658405 -0.104082 0.99216
1305031456.409172 -0.772093 0.311287 -0.508472 -0.0231898 -0.0520355 -0.0999252 0.993363
1305031456.440717 -0.787837 0.314735 -0.504028 -0.0149656 -0.040133 -0.0930145 0.994743
1305031456.476027 -0.803901 0.326862 -0.500361 -0.0114068 -0.0332865 -0.0863687 0.995642
1305031456.508911 -0.820419 0.327995 -0.492506 -0.0176285 -0.0313698 -0.0806045 0.996096
1305031456.541832 -0.83505 0.327273 -0.484035 -0.0239826 -0.0314123 -0.0751584 0.996388
1305031456.576087 -0.848969 0.318741 -0.473749 -0.029227 -0.0297835 -0.0704832 0.99664
1305031456.607930 -0.858252 0.33137 -0.466552 -0.0254077 -0.0259807 -0.064352 0.997265
1305031456.640699 -0.869607 0.342083 -0.457829 -0.0351297 -0.0197762 -0.0584743 0.997475
1305031456.675835 -0.889613 0.326613 -0.444031 -0.0510689 -0.0108194 -0.0523552 0.997263
1305031456.709099 -0.904756 0.328713 -0.434974 -0.0489312 -0.00578105 -0.0419624 0.997904
1305031456.740863 -0.921505 0.342918 -0.427073 -0.0498329 -0.00254881 -0.0322056 0.998235
1305031456.777218 -0.939304 0.328831 -0.415547 -0.060568 -0.00378356 -0.0242501 0.997862
1305031456.808986 -0.951256 0.333294 -0.405313 -0.0550908 -0.0106482 -0.0167555 0.998284
1305031456.841050 -0.959895 0.350352 -0.39523 -0.0521582 -0.014081 -0.00909903 0.998498
1305031456.878006 -0.971265 0.34908 -0.383198 -0.0598468 -0.0120874 -0.002058 0.998132
1305031456.909883 -0.981623 0.343853 -0.371773 -0.0638346 -0.00882723 0.00275893 0.997918
1305031456.942298 -0.993316 0.350159 -0.36346 -0.0578622 -0.00279923 0.00846734 0.998285
1305031456.977139 -1.00685 0.363273 -0.358215 -0.0564881 0.00401324 0.0127197 0.998314
1305031457.006193 -1.0204 0.360609 -0.349123 -0.0654412 0.00997694 0.015139 0.997692
1305031457.042512 -1.0334 0.361227 -0.343866 -0.0671403 0.0152345 0.0191502 0.997443
1305031457.076011 -1.04625 0.370087 -0.341948 -0.068612 0.0211299 0.0241704 0.997127
1305031457.108053 -1.05826 0.366102 -0.338551 -0.0788723 0.0272227 0.0287075 0.996099
1305031457.142120 -1.06937 0.357881 -0.336492 -0.0841874 0.0337064 0.0337534 0.995308
1305031457.177463 -1.08173 0.357144 -0.338443 -0.0827124 0.0412212 0.0401351 0.994911
1305031457.209336 -1.0953 0.359998 -0.342591 -0.0809047 0.0491285 0.0454775 0.994471
1305031457.240792 -1.11029 0.355697 -0.345906 -0.0853661 0.0570622 0.0515023 0.99338
1305031457.277247 -1.1221 0.34326 -0.34921 -0.086256 0.0639384 0.0582271 0.992513
1305031457.309693 -1.1371 0.345648 -0.357545 -0.0768624 0.0731417 0.0633641 0.992334
1305031457.342954 -1.15225 0.349007 -0.366172 -0.0725175 0.0837274 0.0676225 0.991543
1305031457.376037 -1.16707 0.341059 -0.373086 -0.0743033 0.0952232 0.0728371 0.990003
1305031457.407980 -1.18346 0.336217 -0.381104 -0.0686342 0.107201 0.080599 0.988585
1305031457.441357 -1.20307 0.335151 -0.390429 -0.0647177 0.116682 0.0876167 0.987178
1305031457.476577 -1.22052 0.327918 -0.398657 -0.0651765 0.120954 0.093069 0.986134
1305031457.508603 -1.23439 0.317903 -0.407218 -0.0654517 0.122982 0.0969652 0.985489
1305031457.543946 -1.24753 0.310884 -0.416726 -0.0618535 0.126375 0.099845 0.985005
1305031457.576581 -1.26269 0.306225 -0.425682 -0.0579642 0.131971 0.103393 0.984141
1305031457.607246 -1.28221 0.30408 -0.43336 -0.054151 0.138056 0.106598 0.983181
1305031457.643534 -1.29645 0.293754 -0.439231 -0.0547126 0.140559 0.109905 0.982431
1305031457.675414 -1.31412 0.295661 -0.446145 -0.0495229 0.143889 0.113764 0.981785
1305031457.707739 -1.32872 0.288933 -0.451192 -0.0546875 0.144642 0.116781 0.981045
1305031457.745071 -1.34044 0.270965 -0.454089 -0.059138 0.145945 0.116375 0.980642
1305031457.773518 -1.35493 0.258871 -0.458731 -0.0572978 0.148857 0.114999 0.980476
1305031457.807824 -1.36373 0.241201 -0.46367 -0.0527115 0.152815 0.114072 0.980233
1305031457.842853 -1.3797 0.24265 -0.471246 -0.0406951 0.161511 0.113539 0.979473
1305031457.875920 -1.39453 0.232576 -0.474597 -0.0388933 0.170431 0.113548 0.978032
1305031457.906126 -1.40876 0.212622 -0.474616 -0.0343809 0.178711 0.113957 0.976675
1305031457.942604 -1.42924 0.209348 -0.476266 -0.020125 0.185121 0.11677 0.975546
1305031457.976744 -1.45262 0.19768 -0.474372 -0.0104227 0.188639 0.121307 0.97447
1305031458.009019 -1.46381 0.186 -0.471569 -0.00414026 0.191583 0.121915 0.973866
1305031458.046303 -1.47888 0.186407 -0.469525 0.00592215 0.196519 0.122502 0.972799
1305031458.077315 -1.49593 0.187013 -0.462371 0.0106707 0.202627 0.124024 0.971312
1305031458.108896 -1.51127 0.180199 -0.451898 0.00991948 0.208037 0.125357 0.970004
1305031458.144808 -1.52711 0.169772 -0.43933 0.00938037 0.212541 0.126516 0.968882
1305031458.178039 -1.54617 0.169311 -0.425508 0.0114657 0.215541 0.129512 0.9678
1305031458.209384 -1.56302 0.165021 -0.4101 0.00748766 0.215676 0.132245 0.96744
1305031458.245729 -1.5745 0.143363 -0.392592 -9.61319e-05 0.214352 0.131956 0.967802
1305031458.277447 -1.58905 0.131954 -0.379324 0.00284733 0.211967 0.130486 0.968522
1305031458.308343 -1.6039 0.127588 -0.362129 0.00774484 0.208687 0.13136 0.969089
1305031458.343898 -1.61301 0.112997 -0.344077 0.0110666 0.204808 0.132016 0.969795
1305031458.376213 -1.62201 0.110411 -0.329692 0.0213745 0.201639 0.133001 0.970152
1305031458.407856 -1.62976 0.110582 -0.31277 0.0322195 0.201141 0.138077 0.969247
1305031458.443957 -1.63263 0.107879 -0.296226 0.043374 0.203781 0.143804 0.967426
1305031458.476034 -1.63692 0.102667 -0.280624 0.0594495 0.212656 0.143775 0.964661
1305031458.508869 -1.64159 0.1136 -0.261384 0.0812363 0.22265 0.142052 0.961067
1305031458.544401 -1.64965 0.125142 -0.238536 0.096636 0.23341 0.138714 0.95757
1305031458.576178 -1.65896 0.127714 -0.215925 0.105655 0.242615 0.133258 0.955101
1305031458.608421 -1.6691 0.147326 -0.18847 0.115262 0.247495 0.126988 0.953591
1305031458.643659 -1.67766 0.157737 -0.161208 0.115644 0.247441 0.124874 0.953837
1305031458.676991 -1.6821 0.159151 -0.13637 0.110128 0.23943 0.122402 0.95685
1305031458.707780 -1.67697 0.154903 -0.116208 0.10505 0.225028 0.115516 0.96176
1305031458.744924 -1.67805 0.155243 -0.100913 0.106474 0.211759 0.105279 0.965784
1305031458.773802 -1.6744 0.163118 -0.0878614 0.108784 0.194821 0.095561 0.970092
1305031458.810621 -1.6688 0.165424 -0.0734163 0.104575 0.182544 0.0903068 0.973441
1305031458.842919 -1.6598 0.157624 -0.0619341 0.100852 0.17454 0.0879825 0.975512
1305031458.875889 -1.65802 0.157573 -0.0553284 0.103943 0.173287 0.0819362 0.975938
1305031458.910599 -1.66331 0.162896 -0.0463306 0.106804 0.178112 0.0809982 0.974838
1305031458.943997 -1.66796 0.160533 -0.0364223 0.103036 0.183946 0.0916614 0.973214
1305031458.976007 -1.67562 0.141091 -0.0254213 0.0978939 0.19023 0.0999195 0.971723
1305031459.012560 -1.69275 0.128298 -0.0143716 0.102248 0.194085 0.100548 0.970447
1305031459.044413 -1.7115 0.11713 -0.00310423 0.111082 0.191159 0.106073 0.969468
1305031459.073657 -1.73365 0.102081 0.0118211 0.120576 0.182713 0.115984 0.968827
1305031459.112711 -1.75585 0.0897119 0.0227859 0.132545 0.164438 0.123545 0.969602
1305031459.144497 -1.77034 0.0848532 0.0418349 0.144295 0.141884 0.125125 0.971283
1305031459.176463 -1.78426 0.0787288 0.0494089 0.150886 0.121813 0.129132 0.972481
1305031459.208791 -1.7925 0.0760038 0.0622086 0.155418 0.107303 0.137363 0.972349
1305031459.244159 -1.79354 0.0782702 0.077784 0.157873 0.0990362 0.14614 0.971551
1305031459.274941 -1.79574 0.083698 0.0878712 0.157391 0.10233 0.155137 0.969891
1305031459.311921 -1.79919 0.0852752 0.0993172 0.155846 0.117106 0.170032 0.965964
1305031459.344169 -1.80692 0.0890627 0.109658 0.158594 0.138321 0.188061 0.959348
1305031459.374084 -1.81737 0.104009 0.118581 0.161671 0.161556 0.210299 0.950545
1305031459.408831 -1.8213 0.115111 0.128508 0.156624 0.188546 0.239698 0.939396
1305031459.443181 -1.82954 0.118037 0.126649 0.15155 0.219222 0.278143 0.922828
1305031459.473401 -1.84605 0.130517 0.133352 0.151345 0.243693 0.310273 0.906333
1305031459.510267 -1.85658 0.137014 0.141377 0.14416 0.260716 0.339802 0.892065
1305031459.544431 -1.8679 0.131129 0.148296 0.135466 0.276696 0.367583 0.87748
1305031459.576817 -1.88539 0.12945 0.156342 0.133858 0.287126 0.386356 0.866239
1305031459.611939 -1.89653 0.128831 0.162538 0.132167 0.290049 0.3984 0.860047
1305031459.643453 -1.90852 0.12879 0.169502 0.131528 0.295389 0.401943 0.856672
1305031459.675678 -1.92375 0.125085 0.178013 0.128079 0.305551 0.405107 0.852129
1305031459.711531 -1.93557 0.110686 0.182106 0.12049 0.314558 0.410105 0.847555
1305031459.743425 -1.9483 0.0960408 0.184692 0.117212 0.321743 0.410275 0.845232
1305031459.776577 -1.96503 0.0809808 0.190135 0.116368 0.32798 0.407465 0.844311
1305031459.812562 -1.97994 0.0680121 0.197447 0.115719 0.330495 0.404901 0.844652
1305031459.844736 -1.99524 0.054029 0.20513 0.112226 0.331004 0.403517 0.845586
1305031459.877006 -2.00532 0.0393708 0.213692 0.1077 0.328324 0.405291 0.846371
1305031459.911472 -2.01303 0.0243484 0.220851 0.105258 0.325565 0.408347 0.846275
1305031459.943616 -2.02259 0.0116435 0.229802 0.104606 0.324221 0.410908 0.845632
1305031459.979430 -2.03001 -0.00229722 0.237312 0.101908 0.322925 0.414826 0.844543
1305031460.011909 -2.03447 -0.0176149 0.243621 0.0994357 0.322392 0.418719 0.843119
1305031460.043717 -2.04184 -0.0337669 0.250268 0.0987569 0.32341 0.421213 0.841566
1305031460.079449 -2.05015 -0.0514373 0.2584 0.100211 0.321849 0.425963 0.839599
1305031460.111951 -2.05344 -0.0670818 0.267364 0.105012 0.315241 0.433784 0.837512
1305031460.144204 -2.05783 -0.0790228 0.274001 0.111796 0.307339 0.441043 0.835778
1305031460.178730 -2.06119 -0.0896833 0.28571 0.115608 0.300992 0.447182 0.834306
1305031460.208637 -2.05638 -0.0988438 0.289364 0.115192 0.296723 0.451601 0.833513
1305031460.243467 -2.05367 -0.109208 0.292089 0.11522 0.300276 0.453106 0.831417
1305031460.279164 -2.05361 -0.119665 0.295905 0.11515 0.308226 0.452709 0.828729
1305031460.311712 -2.05198 -0.130066 0.299828 0.114894 0.316209 0.453118 0.825527
1305031460.342879 -2.05226 -0.139661 0.306098 0.114485 0.324965 0.454651 0.82133
1305031460.377806 -2.05084 -0.148481 0.312325 0.111905 0.334125 0.457388 0.816476
1305031460.409883 -2.04784 -0.15928 0.316652 0.109074 0.343401 0.461801 0.810505
1305031460.444036 -2.04545 -0.165925 0.322934 0.107332 0.354309 0.465183 0.804083
1305031460.479856 -2.04576 -0.173127 0.328398 0.102916 0.366359 0.47041 0.79618
1305031460.508966 -2.04299 -0.183441 0.332709 0.0960199 0.376446 0.479217 0.787032
1305031460.544245 -2.04004 -0.194438 0.33693 0.089055 0.385323 0.485896 0.779423
1305031460.579561 -2.03917 -0.204789 0.340858 0.0835262 0.394101 0.488508 0.773994
1305031460.612190 -2.03776 -0.214945 0.345251 0.0800366 0.401994 0.490708 0.768895
1305031460.644011 -2.03874 -0.225929 0.351477 0.077277 0.410423 0.491166 0.76442
1305031460.679350 -2.04115 -0.236905 0.360194 0.074538 0.417136 0.491407 0.760895
1305031460.711684 -2.0409 -0.24624 0.367866 0.0705777 0.420413 0.492242 0.758926
1305031460.743767 -2.03901 -0.257091 0.374665 0.0660039 0.424371 0.491945 0.757326
1305031460.779201 -2.03934 -0.269116 0.383735 0.0624391 0.429735 0.49114 0.755123
1305031460.811318 -2.03878 -0.27763 0.393513 0.058807 0.432931 0.489332 0.754763
1305031460.843836 -2.03634 -0.286394 0.401817 0.0526502 0.435899 0.487606 0.754626
1305031460.879093 -2.0334 -0.298364 0.410901 0.0445731 0.440628 0.485999 0.753435
1305031460.911313 -2.02977 -0.309951 0.419866 0.0378024 0.443782 0.485591 0.752217
1305031460.943375 -2.02294 -0.320755 0.426124 0.0330863 0.444346 0.487473 0.750887
1305031460.979083 -2.01557 -0.333112 0.430932 0.0309661 0.446225 0.488749 0.749032
1305031461.011290 -2.00985 -0.344724 0.437459 0.0314973 0.449249 0.489377 0.746789
1305031461.043398 -2.00557 -0.354945 0.444863 0.0336983 0.451499 0.489483 0.745265
1305031461.079602 -2.00089 -0.362279 0.453513 0.0341141 0.451378 0.489045 0.745606
1305031461.111961 -1.99208 -0.370554 0.457797 0.0315483 0.449843 0.488684 0.746883
1305031461.144098 -1.98266 -0.383009 0.462648 0.0298121 0.450755 0.487821 0.746968
1305031461.179883 -1.97701 -0.38927 0.468739 0.0317874 0.452222 0.484251 0.748322
1305031461.211180 -1.97182 -0.395017 0.474323 0.0324312 0.453793 0.481305 0.749243
1305031461.246864 -1.96535 -0.402563 0.479875 0.0324853 0.455133 0.478917 0.749958
1305031461.278888 -1.95974 -0.406399 0.484713 0.0336092 0.456017 0.473947 0.752524
1305031461.311240 -1.95374 -0.407189 0.490186 0.0348432 0.457956 0.468737 0.754552
1305031461.346875 -1.95226 -0.406314 0.499272 0.0333961 0.462372 0.463767 0.754995
1305031461.378850 -1.94194 -0.41107 0.503989 0.0261683 0.462682 0.464231 0.754805
1305031461.411130 -1.93255 -0.415259 0.506229 0.0217308 0.462213 0.464537 0.755045
1305031461.447015 -1.92816 -0.414242 0.510104 0.0201705 0.462316 0.46473 0.754906
1305031461.478901 -1.91648 -0.419598 0.509738 0.0148639 0.46113 0.467504 0.754041
1305031461.512120 -1.9109 -0.42197 0.509438 0.0159303 0.462181 0.467052 0.753656
1305031461.547338 -1.90648 -0.418423 0.505357 0.0173001 0.462761 0.463926 0.755199
1305031461.578847 -1.90362 -0.416627 0.503079 0.0158653 0.467843 0.460036 0.754479
1305031461.609662 -1.90141 -0.413419 0.501355 0.0137944 0.473838 0.458243 0.751864
1305031461.646970 -1.89841 -0.409228 0.498676 0.0112436 0.478135 0.458145 0.749242
1305031461.676203 -1.89723 -0.402667 0.49629 0.0105022 0.480701 0.460763 0.745998
1305031461.711212 -1.89306 -0.396565 0.492279 0.00906031 0.480679 0.466414 0.742512
1305031461.746919 -1.89308 -0.387767 0.487261 0.00881879 0.481244 0.469721 0.74006
1305031461.778616 -1.89346 -0.376841 0.482959 0.00774271 0.482396 0.472751 0.737388
1305031461.811319 -1.89264 -0.367139 0.47746 0.00552924 0.484461 0.476737 0.733477
1305031461.847090 -1.89672 -0.353239 0.47489 0.0065659 0.48839 0.480998 0.728061
1305031461.879162 -1.90162 -0.340648 0.476735 0.0056667 0.491591 0.489009 0.720539
1305031461.911121 -1.9039 -0.32674 0.472904 0.00407091 0.489057 0.499771 0.714868
1305031461.947264 -1.90508 -0.311154 0.462513 0.00152799 0.486817 0.506473 0.711683
1305031461.979223 -1.91556 -0.299413 0.466051 -0.00261024 0.493891 0.509333 0.70473
1305031462.011791 -1.91805 -0.294984 0.469675 -0.0114987 0.495773 0.518866 0.696316
1305031462.047463 -1.92024 -0.287649 0.469434 -0.0153613 0.491163 0.531522 0.689933
1305031462.079285 -1.92435 -0.275693 0.466351 -0.0137929 0.483914 0.543156 0.686016
1305031462.112081 -1.92928 -0.26566 0.464008 -0.0141585 0.478633 0.55243 0.682298
1305031462.147634 -1.93374 -0.259525 0.463269 -0.0167613 0.475672 0.559711 0.678365
1305031462.179358 -1.93989 -0.250809 0.461764 -0.0190098 0.47359 0.562165 0.677733
1305031462.212836 -1.94623 -0.24536 0.463092 -0.0247768 0.473374 0.562901 0.677087
1305031462.248986 -1.95231 -0.240247 0.465483 -0.0313877 0.472576 0.562861 0.677403
1305031462.280774 -1.95881 -0.234532 0.467822 -0.0382855 0.470302 0.561199 0.680005
1305031462.311931 -1.96598 -0.226704 0.468101 -0.0447077 0.466781 0.558251 0.68445
1305031462.347816 -1.97489 -0.220959 0.473382 -0.0524826 0.466437 0.553662 0.687852
1305031462.379950 -1.98422 -0.214162 0.479385 -0.0604486 0.463608 0.549645 0.692318
1305031462.413016 -1.99255 -0.208546 0.484318 -0.0692873 0.458438 0.547064 0.696961
1305031462.448295 -2.00255 -0.201199 0.488484 -0.0764116 0.451539 0.543603 0.703398
1305031462.480843 -2.01128 -0.195113 0.489392 -0.0855139 0.442948 0.541331 0.709539
1305031462.517041 -2.01804 -0.192048 0.491155 -0.0921212 0.435597 0.539957 0.714293
1305031462.548959 -2.02415 -0.187461 0.484968 -0.0975908 0.424498 0.535565 0.723497
1305031462.581088 -2.03027 -0.183993 0.479796 -0.102379 0.419369 0.529101 0.730548
1305031462.617123 -2.03882 -0.179526 0.474937 -0.105582 0.41614 0.520857 0.737826
1305031462.648708 -2.0451 -0.175906 0.470073 -0.108123 0.414729 0.511825 0.744543
1305031462.680788 -2.05523 -0.174048 0.466913 -0.108071 0.414212 0.502703 0.751025
1305031462.716812 -2.06512 -0.171358 0.462386 -0.109956 0.409234 0.4933 0.759666
1305031462.748732 -2.07479 -0.16159 0.453136 -0.109543 0.40116 0.483168 0.770467
1305031462.780885 -2.0838 -0.153811 0.444264 -0.110179 0.395478 0.47561 0.77798
1305031462.816821 -2.09332 -0.145939 0.434673 -0.111672 0.389978 0.470276 0.783764
1305031462.848525 -2.10179 -0.131083 0.424101 -0.112481 0.384781 0.463821 0.790039
1305031462.880471 -2.1077 -0.118442 0.409929 -0.112279 0.382265 0.46021 0.793394
1305031462.916800 -2.11235 -0.110488 0.395982 -0.112341 0.380954 0.458869 0.794791
1305031462.947939 -2.11553 -0.103874 0.382668 -0.111463 0.377976 0.457413 0.797172
1305031462.979943 -2.11729 -0.0948985 0.369195 -0.10748 0.374714 0.4535 0.801483
1305031463.016121 -2.11816 -0.0902752 0.353906 -0.103833 0.371264 0.448251 0.806507
1305031463.050783 -2.12335 -0.0823575 0.33869 -0.0990751 0.366694 0.440166 0.813618
1305031463.076870 -2.12803 -0.0701097 0.324828 -0.0963744 0.362237 0.43032 0.82117
1305031463.116806 -2.12732 -0.0642901 0.309396 -0.0946099 0.359412 0.422691 0.826562
1305031463.148565 -2.13151 -0.0552626 0.293743 -0.0902566 0.357865 0.412013 0.833085
1305031463.180505 -2.13625 -0.0453679 0.27921 -0.0891154 0.356413 0.403417 0.838023
1305031463.217123 -2.13168 -0.0378255 0.265872 -0.0904678 0.352874 0.399394 0.841297
1305031463.248719 -2.12751 -0.029929 0.250909 -0.0863437 0.351596 0.394993 0.844337
1305031463.278737 -2.12756 -0.021179 0.236621 -0.0839506 0.350854 0.388318 0.847976
1305031463.317110 -2.12297 -0.00964706 0.223761 -0.0821911 0.346419 0.384154 0.851859
1305031463.348740 -2.11675 -0.00241294 0.211557 -0.0777091 0.342244 0.381694 0.855067
1305031463.380514 -2.11459 0.0090737 0.19879 -0.0725968 0.338177 0.376487 0.859432
1305031463.416326 -2.10879 0.0223142 0.186444 -0.0704962 0.333829 0.371956 0.863271
1305031463.444773 -2.10193 0.0348872 0.173467 -0.0689949 0.331886 0.368792 0.865496
1305031463.480415 -2.09243 0.047799 0.159459 -0.0687095 0.330687 0.367015 0.866732
1305031463.516994 -2.08036 0.0558469 0.147057 -0.0694041 0.333268 0.364724 0.866655
1305031463.548505 -2.07703 0.0609509 0.134881 -0.0670705 0.337475 0.364535 0.86529
1305031463.580684 -2.07009 0.0691094 0.121369 -0.0660527 0.335228 0.364856 0.866106
1305031463.616671 -2.05298 0.0722371 0.103332 -0.0669834 0.330253 0.364576 0.868062
1305031463.646147 -2.04145 0.0758462 0.08544 -0.0616668 0.330378 0.362422 0.869309
1305031463.683908 -2.03697 0.0861931 0.0699338 -0.0545321 0.331125 0.358128 0.871279
1305031463.716110 -2.01987 0.0888001 0.0485406 -0.0566759 0.326617 0.356131 0.873659
1305031463.747849 -2.0017 0.0854969 0.0260118 -0.0562649 0.326223 0.35212 0.875457
1305031463.783912 -1.99282 0.0903039 0.00892729 -0.0505907 0.329372 0.342471 0.878447
1305031463.815883 -1.98023 0.0916212 -0.0113451 -0.0506608 0.329121 0.3322 0.882471
1305031463.848094 -1.96541 0.0878173 -0.0328482 -0.0520282 0.329064 0.323039 0.885808
1305031463.883817 -1.95527 0.0889808 -0.0517673 -0.0487154 0.330419 0.313827 0.888798
1305031463.917433 -1.9457 0.0859982 -0.0707214 -0.0483583 0.329621 0.306933 0.891518
1305031463.944435 -1.93387 0.0812784 -0.0893469 -0.0476994 0.325784 0.302211 0.894572
1305031463.983748 -1.92322 0.0757577 -0.10872 -0.0458974 0.322252 0.295394 0.898214
1305031464.015867 -1.91549 0.0744226 -0.127887 -0.0435177 0.31904 0.287311 0.902093
1305031464.047778 -1.9053 0.0681931 -0.146612 -0.0443621 0.317026 0.279084 0.905339
1305031464.083152 -1.89681 0.0613128 -0.165108 -0.0433555 0.317479 0.269897 0.90801
1305031464.115837 -1.89352 0.0551947 -0.180473 -0.0409508 0.318173 0.263466 0.909766
1305031464.147663 -1.88809 0.0465993 -0.195211 -0.0373327 0.315405 0.261074 0.911574
1305031464.183566 -1.88319 0.0366718 -0.21012 -0.0296827 0.309987 0.258072 0.914563
1305031464.212447 -1.88457 0.0350231 -0.223375 -0.0176541 0.303149 0.252923 0.918596
1305031464.247602 -1.88615 0.0357648 -0.236825 -0.00767738 0.291886 0.249793 0.923226
1305031464.283694 -1.88181 0.0355752 -0.249069 -0.00217817 0.27673 0.246396 0.928819
1305031464.315699 -1.86984 0.0348957 -0.266207 0.00037802 0.260556 0.241236 0.934835
1305031464.347553 -1.8565 0.0304713 -0.283516 0.0026808 0.248483 0.235753 0.939505
1305031464.383465 -1.84505 0.0316353 -0.302498 0.00737989 0.240673 0.228158 0.94338
1305031464.415539 -1.8356 0.0345017 -0.32 0.01001 0.23765 0.217939 0.946533
1305031464.444269 -1.82587 0.0310511 -0.3356 0.010387 0.235526 0.208825 0.949111
1305031464.487561 -1.8135 0.031768 -0.353876 0.0126889 0.231752 0.201739 0.951542
1305031464.513688 -1.80552 0.0325516 -0.373258 0.0138567 0.230579 0.194145 0.953388
1305031464.548007 -1.79556 0.032157 -0.3902 0.0121907 0.228687 0.184103 0.955856
1305031464.584260 -1.76861 0.0205092 -0.4158 0.00895848 0.225329 0.174638 0.958462
1305031464.615688 -1.75359 0.0142056 -0.437935 0.0134938 0.23227 0.16378 0.958668
1305031464.648851 -1.7441 0.00936014 -0.457624 0.0204878 0.244052 0.151011 0.957713
1305031464.684318 -1.73493 -0.00513266 -0.475718 0.0269841 0.255298 0.134588 0.957069
1305031464.716305 -1.73102 -0.0165994 -0.48425 0.0390535 0.265062 0.116328 0.956392
1305031464.748588 -1.72989 -0.0155369 -0.492078 0.0524246 0.26835 0.0961043 0.957081
1305031464.784268 -1.72724 -0.0205574 -0.493762 0.0588842 0.266401 0.0763004 0.959031
1305031464.816195 -1.72625 -0.0298703 -0.491684 0.0658037 0.259181 0.0608645 0.96166
1305031464.848283 -1.72004 -0.0253253 -0.494231 0.0742753 0.243987 0.04569 0.96585
1305031464.884177 -1.70624 -0.0210828 -0.494597 0.0747198 0.227018 0.0278972 0.970619
1305031464.916391 -1.68827 -0.0313878 -0.495847 0.0688202 0.212538 0.00781532 0.974695
1305031464.952471 -1.66799 -0.0425833 -0.496824 0.0665913 0.202713 -0.011997 0.976898
1305031464.984257 -1.64614 -0.0465375 -0.496975 0.0693572 0.197397 -0.0308714 0.97738
1305031465.015390 -1.63113 -0.0438959 -0.487974 0.0725259 0.195887 -0.0521656 0.976549
1305031465.048430 -1.62327 -0.033134 -0.473284 0.0773775 0.192981 -0.0724772 0.975458
1305031465.083338 -1.60863 -0.00465977 -0.457561 0.0799654 0.182897 -0.0876061 0.975951
1305031465.115475 -1.58948 0.0146229 -0.443297 0.0679461 0.169061 -0.101337 0.978025
1305031465.151558 -1.57094 0.0203005 -0.427175 0.0497816 0.156205 -0.11061 0.980249
1305031465.183558 -1.55132 0.0253853 -0.411025 0.0355377 0.144119 -0.116679 0.982015
1305031465.215832 -1.53211 0.03848 -0.398384 0.0247882 0.133671 -0.121908 0.983187
1305031465.251788 -1.51409 0.0459217 -0.383238 0.0131429 0.124195 -0.123539 0.98445
1305031465.283737 -1.49604 0.0538522 -0.371572 0.00704228 0.114514 -0.116547 0.986536
1305031465.315985 -1.47661 0.0688377 -0.361039 0.00357047 0.102129 -0.103837 0.98933
1305031465.351729 -1.46136 0.0747348 -0.351493 -0.00140473 0.0879847 -0.0911157 0.991945
1305031465.383701 -1.43707 0.080006 -0.34686 -0.0014146 0.0694729 -0.0790491 0.994446
1305031465.416543 -1.40884 0.0891571 -0.346884 0.00186355 0.0521712 -0.0687042 0.99627
1305031465.452401 -1.3851 0.103946 -0.348506 0.00659806 0.0390237 -0.0571854 0.997579
1305031465.483803 -1.36234 0.12335 -0.351579 0.00935457 0.027403 -0.046201 0.998512
1305031465.516043 -1.34147 0.127049 -0.353248 0.00606198 0.0172277 -0.0415434 0.99897
1305031465.551838 -1.31704 0.136214 -0.357094 0.0103622 0.00673537 -0.035878 0.99928
1305031465.583570 -1.29068 0.151854 -0.363141 0.0176963 -0.00164188 -0.0289394 0.999423
1305031465.615685 -1.27097 0.167355 -0.370403 0.023488 -0.00651089 -0.0209061 0.999484
1305031465.651645 -1.25077 0.181707 -0.376346 0.0287164 -0.0150375 -0.0116229 0.999407
1305031465.684759 -1.2213 0.197844 -0.382634 0.0351799 -0.0263842 -0.00381718 0.999025
1305031465.716279 -1.1968 0.215006 -0.388893 0.0427724 -0.0326484 0.0030334 0.998547
1305031465.753153 -1.1743 0.236022 -0.394619 0.0518202 -0.0377615 0.0118944 0.997871
1305031465.784387 -1.1493 0.256157 -0.399964 0.0588836 -0.0432233 0.0188551 0.99715
1305031465.816591 -1.12607 0.271159 -0.404202 0.0661301 -0.0474316 0.0244341 0.996383
1305031465.852860 -1.09998 0.295839 -0.409908 0.078488 -0.0515672 0.0297728 0.995135
1305031465.884370 -1.07238 0.324039 -0.414357 0.0866987 -0.0524597 0.0323887 0.994325
1305031465.912828 -1.04862 0.33894 -0.416819 0.0903092 -0.0475619 0.0336249 0.994209
1305031465.952840 -1.0283 0.359034 -0.421691 0.100255 -0.0402598 0.0339649 0.993567
1305031465.984183 -1.01229 0.383236 -0.427053 0.109919 -0.0333454 0.0311782 0.992892
1305031466.016599 -0.995317 0.406913 -0.432103 0.116871 -0.0304979 0.0297576 0.992233
1305031466.052655 -0.979499 0.433924 -0.436774 0.119867 -0.0294905 0.0301932 0.991892
1305031466.083913 -0.966324 0.45454 -0.44055 0.11679 -0.0299085 0.0319523 0.992192
1305031466.116400 -0.952286 0.473372 -0.446325 0.112247 -0.0340391 0.0321988 0.992575
1305031466.152540 -0.940646 0.490388 -0.455033 0.107133 -0.0387248 0.0335083 0.992925
1305031466.184186 -0.930113 0.508874 -0.46562 0.101326 -0.0458188 0.0348591 0.993186
1305031466.220477 -0.915864 0.522115 -0.476031 0.0914603 -0.0551078 0.0323385 0.993757
1305031466.252491 -0.894974 0.525814 -0.486455 0.0837857 -0.0618285 0.0257174 0.994231
1305031466.284389 -0.876453 0.535216 -0.502153 0.0843593 -0.0599841 0.0154387 0.994508
1305031466.320055 -0.861095 0.547623 -0.516261 0.0856894 -0.0520041 0.00491688 0.994952
1305031466.352082 -0.847663 0.558172 -0.529528 0.0823286 -0.0428844 -0.0023456 0.995679
1305031466.384479 -0.836276 0.55558 -0.543299 0.0769841 -0.0369914 -0.00607619 0.996327
1305031466.420844 -0.825721 0.563424 -0.557651 0.0813337 -0.0361357 -0.00937091 0.995988
1305031466.452369 -0.80933 0.578185 -0.569373 0.0849409 -0.0412153 -0.0137152 0.995439
1305031466.483315 -0.78884 0.588662 -0.576866 0.0826918 -0.0473269 -0.0161393 0.99532
1305031466.519548 -0.765858 0.593602 -0.583489 0.0795022 -0.0493945 -0.017079 0.995464
1305031466.552219 -0.746153 0.604276 -0.590454 0.078787 -0.0466053 -0.0182438 0.995634
1305031466.584438 -0.724747 0.617012 -0.595009 0.0740178 -0.0468943 -0.0209822 0.995933
1305031466.620424 -0.700342 0.615533 -0.596861 0.0651536 -0.0473957 -0.0246081 0.996445
1305031466.648654 -0.683227 0.616464 -0.601823 0.0666881 -0.0434536 -0.0280377 0.996433
1305031466.684412 -0.662414 0.632138 -0.60677 0.0720769 -0.0443637 -0.0337541 0.99584
1305031466.719744 -0.64039 0.639055 -0.609457 0.0679197 -0.047961 -0.0438172 0.995574
1305031466.748734 -0.620149 0.634585 -0.611724 0.0649349 -0.0489582 -0.0524821 0.995305
1305031466.784300 -0.605194 0.641242 -0.616839 0.0710307 -0.0484537 -0.0584482 0.994581
1305031466.819502 -0.585483 0.651463 -0.620919 0.0728116 -0.0533476 -0.0623973 0.993961
1305031466.851527 -0.571474 0.652177 -0.623386 0.0697238 -0.0582346 -0.0630585 0.993867
1305031466.883430 -0.558287 0.654214 -0.626816 0.0713685 -0.0672697 -0.0623164 0.993226
1305031466.919411 -0.540676 0.657423 -0.632161 0.0728081 -0.0815282 -0.0649732 0.991882
1305031466.952451 -0.523006 0.658218 -0.638075 0.0728084 -0.0933066 -0.0668298 0.99072
1305031466.984027 -0.503974 0.660215 -0.6421 0.073942 -0.100559 -0.0696745 0.98973
1305031467.020424 -0.486453 0.661582 -0.645582 0.0744932 -0.105464 -0.0739758 0.988866
1305031467.052391 -0.468807 0.662552 -0.650284 0.0744279 -0.109124 -0.0780233 0.988162
1305031467.084130 -0.451795 0.666309 -0.652608 0.0739329 -0.111201 -0.0824172 0.987611
1305031467.120528 -0.438462 0.667519 -0.654678 0.0735659 -0.113047 -0.0911905 0.986657
1305031467.152363 -0.424588 0.66803 -0.657216 0.0746679 -0.115911 -0.0997583 0.985412
1305031467.184216 -0.411185 0.670192 -0.659465 0.0763571 -0.119993 -0.105197 0.984228
1305031467.220466 -0.396895 0.671769 -0.662048 0.0773106 -0.126507 -0.110641 0.98274
1305031467.252275 -0.382876 0.671924 -0.665187 0.078498 -0.132378 -0.116079 0.981244
1305031467.284258 -0.368805 0.67333 -0.668183 0.0807549 -0.137792 -0.122174 0.979574
1305031467.318028 -0.353812 0.676703 -0.671218 0.0829143 -0.143653 -0.127852 0.977826
1305031467.349355 -0.33889 0.682795 -0.67445 0.0827917 -0.150025 -0.130704 0.976501
1305031467.383844 -0.32342 0.686247 -0.676681 0.0786973 -0.157455 -0.135058 0.975076
1305031467.420160 -0.308844 0.686022 -0.67926 0.0753776 -0.164006 -0.139615 0.973616
1305031467.452057 -0.295288 0.686368 -0.684495 0.0746262 -0.170044 -0.141714 0.972334
1305031467.484357 -0.277633 0.690905 -0.690332 0.0725817 -0.177465 -0.145846 0.97055
1305031467.520535 -0.261671 0.694202 -0.691745 0.0685884 -0.182368 -0.152616 0.968889
1305031467.552164 -0.247855 0.690382 -0.693386 0.0660967 -0.184139 -0.156571 0.968096
1305031467.584354 -0.233692 0.689761 -0.694535 0.0661552 -0.185842 -0.156175 0.96783
1305031467.618680 -0.22162 0.685008 -0.693162 0.0660845 -0.189803 -0.154475 0.967339
1305031467.651977 -0.210147 0.677103 -0.692881 0.0698027 -0.195313 -0.15236 0.966316
1305031467.686044 -0.196497 0.674856 -0.692231 0.0745882 -0.199921 -0.15268 0.964965
1305031467.718326 -0.184131 0.668288 -0.685657 0.0781833 -0.203257 -0.156994 0.96329
1305031467.752580 -0.174452 0.658722 -0.68038 0.0829191 -0.205573 -0.160141 0.961883
1305031467.788562 -0.164804 0.651902 -0.673742 0.0877075 -0.208639 -0.16304 0.96031
1305031467.820454 -0.155868 0.64107 -0.664311 0.0912355 -0.211857 -0.164592 0.959011
1305031467.852678 -0.150065 0.629692 -0.653387 0.0969543 -0.216008 -0.162592 0.957865
1305031467.888472 -0.142289 0.623604 -0.641047 0.103339 -0.2235 -0.161538 0.955654
1305031467.920800 -0.133371 0.614165 -0.626414 0.107028 -0.23233 -0.164181 0.952687
1305031467.952485 -0.127817 0.599377 -0.61214 0.111086 -0.238493 -0.1658 0.950417
1305031467.988523 -0.117369 0.594265 -0.59675 0.116977 -0.2429 -0.167822 0.948236
1305031468.020491 -0.109102 0.582081 -0.578509 0.116238 -0.245552 -0.171153 0.947048
1305031468.052668 -0.107229 0.564604 -0.564623 0.117631 -0.246958 -0.173565 0.946071
1305031468.088379 -0.100532 0.555435 -0.549855 0.121489 -0.250932 -0.175396 0.944198
1305031468.120522 -0.094241 0.540396 -0.53326 0.120135 -0.254549 -0.17721 0.943064
1305031468.152356 -0.0890843 0.523558 -0.518463 0.120002 -0.257035 -0.179797 0.941916
1305031468.188327 -0.0817793 0.509524 -0.502942 0.120273 -0.259061 -0.183361 0.940638
1305031468.220648 -0.0765122 0.490111 -0.488404 0.117493 -0.25951 -0.184611 0.940622
1305031468.252517 -0.0692244 0.470934 -0.474128 0.115835 -0.259385 -0.183709 0.941038
1305031468.288361 -0.0628804 0.451352 -0.461511 0.113989 -0.258389 -0.183799 0.94152
1305031468.320522 -0.0588043 0.425633 -0.450635 0.111852 -0.256887 -0.182932 0.942356
1305031468.352594 -0.0540775 0.409112 -0.444951 0.114197 -0.253939 -0.179294 0.943572
1305031468.384700 -0.0479316 0.395853 -0.436463 0.113762 -0.253059 -0.177529 0.944194
1305031468.420595 -0.0449787 0.372981 -0.430439 0.10781 -0.252683 -0.177979 0.944908
1305031468.452605 -0.0419654 0.353269 -0.424618 0.1051 -0.252918 -0.176347 0.945456
1305031468.488646 -0.0368698 0.334231 -0.418601 0.102022 -0.253057 -0.176059 0.94581
1305031468.520786 -0.0365771 0.30967 -0.414723 0.0988546 -0.251241 -0.180826 0.945731
1305031468.552701 -0.0394283 0.28767 -0.413809 0.101845 -0.249841 -0.188177 0.94435
1305031468.588614 -0.0410662 0.276598 -0.413274 0.107061 -0.249809 -0.194401 0.942519
1305031468.620590 -0.0444324 0.259747 -0.410684 0.102578 -0.250691 -0.197345 0.942171
1305031468.656644 -0.0523735 0.235218 -0.410621 0.0970155 -0.252522 -0.199189 0.941883
1305031468.688643 -0.0594949 0.214084 -0.409911 0.09817 -0.257637 -0.202019 0.939773
1305031468.720560 -0.0652131 0.19764 -0.409385 0.101774 -0.263108 -0.203893 0.937467
1305031468.756725 -0.0709114 0.181199 -0.407377 0.102725 -0.267801 -0.204586 0.935882
1305031468.788562 -0.0770679 0.161522 -0.405846 0.104009 -0.270536 -0.207758 0.934253
1305031468.817997 -0.0846765 0.145904 -0.4057 0.110886 -0.271485 -0.213806 0.931819
1305031468.854887 -0.084914 0.137935 -0.401523 0.11619 -0.272792 -0.217995 0.929819
1305031468.889220 -0.0879792 0.12625 -0.396766 0.114893 -0.269764 -0.221374 0.930065
1305031468.920539 -0.0929809 0.11657 -0.393805 0.111604 -0.264034 -0.220465 0.932323
1305031468.956482 -0.0956867 0.11324 -0.391043 0.107041 -0.25855 -0.216762 0.935258
1305031468.986011 -0.0943201 0.120194 -0.385056 0.0992022 -0.255762 -0.21792 0.936619
1305031469.020731 -0.101501 0.111 -0.378787 0.0807487 -0.252242 -0.225192 0.937626
1305031469.056318 -0.110338 0.10197 -0.374246 0.0655435 -0.248812 -0.232104 0.938043
1305031469.088069 -0.111515 0.0978475 -0.363795 0.0551813 -0.248637 -0.241286 0.936438
1305031469.119984 -0.113303 0.0884863 -0.35211 0.0430817 -0.244171 -0.253031 0.935147
1305031469.155046 -0.117694 0.0808014 -0.341349 0.0325539 -0.235699 -0.261843 0.935321
1305031469.184648 -0.123293 0.0722408 -0.331418 0.0234837 -0.226142 -0.268014 0.936204
1305031469.219541 -0.1305 0.0695377 -0.322434 0.0185013 -0.217893 -0.271338 0.937313
1305031469.256002 -0.134314 0.0681386 -0.311619 0.0143169 -0.214431 -0.274855 0.93716
1305031469.288263 -0.139024 0.0664614 -0.299911 0.00959136 -0.210041 -0.278093 0.937259
1305031469.319772 -0.142892 0.0680555 -0.288179 0.00513502 -0.206048 -0.279763 0.937684
1305031469.356116 -0.142404 0.0646179 -0.274671 -0.00179768 -0.203064 -0.283626 0.937186
1305031469.388556 -0.145083 0.0605244 -0.260882 -0.00567413 -0.193718 -0.289221 0.937439
1305031469.420278 -0.14807 0.0660999 -0.248474 -0.0037831 -0.181459 -0.294291 0.938323
1305031469.456563 -0.152284 0.0721088 -0.235734 -0.00296976 -0.1707 -0.300545 0.938363
1305031469.488520 -0.160323 0.0793386 -0.221391 -0.00297202 -0.162828 -0.304874 0.938366
1305031469.520417 -0.162892 0.0867149 -0.207649 -0.00523494 -0.16185 -0.305413 0.93835
1305031469.556139 -0.163624 0.0937358 -0.194251 -0.0106151 -0.163013 -0.305859 0.937958
1305031469.588500 -0.164714 0.102276 -0.180747 -0.0177767 -0.163488 -0.305262 0.937961
1305031469.620563 -0.166256 0.111364 -0.16676 -0.0261478 -0.162465 -0.30549 0.937868
1305031469.656279 -0.170394 0.120883 -0.152326 -0.0324897 -0.158839 -0.305091 0.938421
1305031469.687925 -0.17282 0.130252 -0.139711 -0.0367737 -0.155159 -0.304051 0.939216
1305031469.718943 -0.17641 0.140701 -0.126987 -0.04153 -0.150686 -0.302844 0.940135
1305031469.756754 -0.180006 0.153093 -0.114937 -0.0467345 -0.146256 -0.299766 0.941576
1305031469.784733 -0.184819 0.168499 -0.103124 -0.0519445 -0.143798 -0.296078 0.942848
1305031469.820544 -0.190693 0.181453 -0.0929952 -0.0577478 -0.143898 -0.29303 0.943447
1305031469.854359 -0.197748 0.197705 -0.083438 -0.0632296 -0.144641 -0.29003 0.943909
1305031469.885343 -0.206409 0.212514 -0.0749792 -0.0686795 -0.144837 -0.287657 0.944224
1305031469.921773 -0.215275 0.229872 -0.0669384 -0.0718411 -0.145555 -0.283567 0.945115
1305031469.953180 -0.226188 0.245493 -0.0604475 -0.0739944 -0.147156 -0.281434 0.945338
1305031469.985327 -0.237111 0.260182 -0.0549777 -0.0761775 -0.148616 -0.279867 0.945402
1305031470.024714 -0.247617 0.275609 -0.051421 -0.0783222 -0.149973 -0.278517 0.945411
1305031470.057400 -0.259744 0.290945 -0.04845 -0.080412 -0.149782 -0.278278 0.945336
1305031470.088874 -0.271858 0.30575 -0.0472215 -0.082195 -0.148772 -0.276469 0.945873
1305031470.124820 -0.283396 0.319611 -0.0470709 -0.0858225 -0.147959 -0.274629 0.946214
1305031470.156744 -0.294348 0.334723 -0.0467269 -0.088946 -0.148387 -0.271401 0.94679
1305031470.188876 -0.306913 0.348381 -0.0489017 -0.0914705 -0.148829 -0.268255 0.947377
1305031470.224776 -0.319069 0.360735 -0.0503447 -0.095496 -0.148622 -0.265818 0.947699
1305031470.253015 -0.330157 0.373584 -0.0525402 -0.0998692 -0.148113 -0.26261 0.948222
1305031470.287867 -0.341614 0.385797 -0.0548239 -0.105374 -0.14694 -0.260217 0.948468
1305031470.324266 -0.353855 0.399251 -0.0559647 -0.111201 -0.145953 -0.256945 0.948847
1305031470.356871 -0.36643 0.41108 -0.058183 -0.116981 -0.146191 -0.25261 0.94928
1305031470.388056 -0.379117 0.423363 -0.0607396 -0.12042 -0.146742 -0.249244 0.949654
1305031470.424090 -0.392243 0.435235 -0.0636674 -0.121061 -0.147584 -0.249267 0.949436
1305031470.455875 -0.404787 0.443757 -0.0674909 -0.120807 -0.148815 -0.249451 0.949228
1305031470.487958 -0.417599 0.451808 -0.0715216 -0.12036 -0.149969 -0.247978 0.949489
1305031470.524431 -0.430139 0.458421 -0.0755792 -0.12108 -0.150103 -0.248563 0.949223
1305031470.556484 -0.44093 0.464966 -0.0785989 -0.122646 -0.149401 -0.24832 0.949197
1305031470.588797 -0.452086 0.470542 -0.0806048 -0.124568 -0.148954 -0.245093 0.949855
1305031470.624535 -0.462569 0.477128 -0.0827546 -0.127264 -0.148177 -0.241053 0.950653
1305031470.656787 -0.472763 0.482778 -0.0844651 -0.129305 -0.147845 -0.236587 0.951551
1305031470.688640 -0.483827 0.489229 -0.0861568 -0.131846 -0.147617 -0.23371 0.951948
1305031470.724461 -0.495345 0.494049 -0.0877548 -0.13167 -0.146917 -0.232385 0.952405
1305031470.755944 -0.505976 0.493411 -0.0908218 -0.135924 -0.142301 -0.230482 0.952971
1305031470.788407 -0.512541 0.500682 -0.0914835 -0.135615 -0.138562 -0.225631 0.954725
1305031470.820633 -0.520779 0.506707 -0.0920311 -0.130427 -0.138238 -0.219865 0.956838
1305031470.855509 -0.53054 0.507977 -0.0943997 -0.126651 -0.138432 -0.215339 0.958345
1305031470.886079 -0.540311 0.510321 -0.0972082 -0.123013 -0.139011 -0.209841 0.959953
1305031470.924410 -0.549212 0.51167 -0.0992019 -0.119153 -0.142166 -0.205286 0.960963
1305031470.956439 -0.560032 0.511122 -0.102458 -0.110456 -0.144503 -0.203116 0.962113
1305031470.988276 -0.568874 0.510041 -0.107117 -0.103357 -0.144599 -0.201791 0.963166
1305031471.024309 -0.577992 0.506966 -0.110348 -0.0967342 -0.142975 -0.199783 0.964514
1305031471.056616 -0.586908 0.505585 -0.113919 -0.0878753 -0.140354 -0.195246 0.966674
1305031471.088440 -0.595301 0.504484 -0.118479 -0.0805961 -0.138927 -0.188004 0.968947
1305031471.123837 -0.60385 0.503568 -0.121558 -0.0747641 -0.138753 -0.181505 0.970677
1305031471.155886 -0.609874 0.50364 -0.12489 -0.0687632 -0.138515 -0.174984 0.972351
1305031471.192698 -0.615891 0.503357 -0.127878 -0.0661378 -0.136014 -0.168838 0.973971
1305031471.224404 -0.623582 0.503196 -0.130297 -0.0659703 -0.13192 -0.163424 0.975468
1305031471.256397 -0.630447 0.50207 -0.131005 -0.0669132 -0.129599 -0.159989 0.976284
1305031471.288603 -0.637329 0.499666 -0.131876 -0.0671457 -0.127026 -0.155975 0.977255
1305031471.324440 -0.641279 0.498992 -0.133605 -0.0637832 -0.123968 -0.152709 0.978388
1305031471.356569 -0.644489 0.500572 -0.136068 -0.0608849 -0.117275 -0.150247 0.979778
1305031471.392751 -0.652754 0.49533 -0.137451 -0.0633533 -0.108452 -0.145261 0.981389
1305031471.424494 -0.658944 0.495273 -0.14085 -0.0598649 -0.104288 -0.137995 0.983106
1305031471.456975 -0.663306 0.49582 -0.143916 -0.0582653 -0.103956 -0.132251 0.984026
1305031471.492705 -0.667408 0.495123 -0.145953 -0.0594554 -0.103469 -0.128126 0.984552
1305031471.524343 -0.67197 0.494385 -0.14872 -0.0603235 -0.102361 -0.123696 0.985182
1305031471.556561 -0.67421 0.494462 -0.151585 -0.0604674 -0.101345 -0.121521 0.985548
1305031471.592606 -0.677459 0.493945 -0.154889 -0.0609461 -0.09706 -0.119428 0.986206
1305031471.624486 -0.68002 0.494323 -0.157842 -0.0600925 -0.092386 -0.117675 0.986918
1305031471.656831 -0.683197 0.493564 -0.161146 -0.0592614 -0.0869515 -0.114898 0.987788
1305031471.693182 -0.685355 0.495241 -0.164659 -0.0566352 -0.0826189 -0.109995 0.988872
1305031471.724753 -0.687075 0.497748 -0.16788 -0.055829 -0.0787394 -0.10522 0.989754
1305031471.753002 -0.687453 0.496072 -0.169308 -0.0583977 -0.0751543 -0.0997185 0.990453
1305031471.792706 -0.688456 0.499746 -0.171879 -0.0561789 -0.0689 -0.0917736 0.991804
1305031471.823821 -0.690225 0.505236 -0.173668 -0.0564347 -0.0634095 -0.0841968 0.992827
1305031471.855793 -0.692033 0.505715 -0.173972 -0.061229 -0.05984 -0.0776771 0.993296
1305031471.892838 -0.694163 0.50955 -0.175101 -0.0635267 -0.0555201 -0.0711783 0.993889
1305031471.924928 -0.69591 0.510995 -0.175173 -0.0693538 -0.0507764 -0.0666414 0.994068
1305031471.957162 -0.69897 0.510006 -0.17392 -0.0733049 -0.04384 -0.0651745 0.994212
1305031471.993177 -0.701127 0.518941 -0.17559 -0.0688352 -0.0365713 -0.0617143 0.995046
1305031472.024660 -0.705026 0.522589 -0.174973 -0.0745211 -0.030164 -0.0581678 0.995064
1305031472.058063 -0.708791 0.522597 -0.172981 -0.0791511 -0.0253018 -0.0554961 0.994995
1305031472.092883 -0.713562 0.52821 -0.174105 -0.0768984 -0.0195099 -0.0499648 0.995595
1305031472.124760 -0.718431 0.533497 -0.173334 -0.0795733 -0.0157052 -0.0459067 0.995648
1305031472.156982 -0.723434 0.527842 -0.171076 -0.0878749 -0.0140864 -0.0440786 0.995056
1305031472.192890 -0.727627 0.52755 -0.171363 -0.0855232 -0.0124496 -0.0400565 0.995453
1305031472.224678 -0.731014 0.528359 -0.172692 -0.0831269 -0.0109645 -0.0370282 0.99579
1305031472.256642 -0.734013 0.525695 -0.172026 -0.0824396 -0.00913332 -0.0360635 0.995901
1305031472.293139 -0.735338 0.52405 -0.173236 -0.0767637 -0.00754094 -0.0338655 0.996445
1305031472.324844 -0.737765 0.52696 -0.175056 -0.0693287 -0.00559588 -0.03149 0.997081
1305031472.360912 -0.739448 0.527632 -0.175882 -0.0677932 -0.00506349 -0.0299183 0.997238
1305031472.392956 -0.741469 0.52599 -0.175074 -0.0682393 -0.00604565 -0.027955 0.997259
1305031472.424694 -0.741864 0.522174 -0.175521 -0.0680285 -0.00905851 -0.0274066 0.997266
1305031472.460919 -0.741064 0.520028 -0.176121 -0.0663403 -0.011134 -0.0284707 0.997329
1305031472.492972 -0.740682 0.518375 -0.176726 -0.0659341 -0.010029 -0.0294371 0.997339
1305031472.524781 -0.740354 0.51163 -0.175756 -0.0685135 -0.00826622 -0.0287516 0.997202
1305031472.561296 -0.739741 0.508144 -0.176159 -0.0644992 -0.00877715 -0.0270055 0.997514
1305031472.592968 -0.738257 0.508307 -0.177606 -0.0586574 -0.0103109 -0.0246939 0.997919
1305031472.624647 -0.736198 0.505977 -0.177445 -0.0579672 -0.011846 -0.02252 0.997994
1305031472.660836 -0.734729 0.501875 -0.176525 -0.0583793 -0.0127885 -0.0210737 0.99799
1305031472.693008 -0.733233 0.497696 -0.175794 -0.0577258 -0.0136922 -0.0194655 0.998049
1305031472.724752 -0.731697 0.493282 -0.175134 -0.0565261 -0.0146672 -0.0191581 0.99811
1305031472.760654 -0.729666 0.491128 -0.174399 -0.054046 -0.0152112 -0.0203593 0.998215
1305031472.792775 -0.728879 0.487826 -0.173102 -0.0527667 -0.0141702 -0.0219362 0.998265
1305031472.824692 -0.728627 0.485463 -0.172315 -0.0503922 -0.0130683 -0.0218285 0.998405
1305031472.860936 -0.728325 0.484155 -0.171168 -0.0481485 -0.0131133 -0.0208465 0.998537
1305031472.892944 -0.728067 0.483743 -0.170169 -0.0471005 -0.0141782 -0.0186579 0.998615
1305031472.924814 -0.726994 0.481702 -0.168562 -0.0478352 -0.0155956 -0.0174836 0.99858
1305031472.961213 -0.726611 0.481216 -0.167411 -0.0473455 -0.0156131 -0.0160924 0.998627
1305031472.992815 -0.727176 0.480983 -0.166498 -0.0476235 -0.0157846 -0.0150444 0.998627
1305031473.024564 -0.727473 0.480909 -0.165647 -0.0479198 -0.0168874 -0.0151856 0.998593
1305031473.060795 -0.726715 0.479047 -0.164637 -0.049392 -0.0179788 -0.0161799 0.998487
1305031473.092012 -0.726603 0.478188 -0.164237 -0.0492393 -0.0172259 -0.0181112 0.998474
1305031473.124072 -0.726841 0.476934 -0.163471 -0.0497612 -0.0161772 -0.0194344 0.998441
1305031473.158420 -0.728076 0.476094 -0.163368 -0.0492097 -0.0158568 -0.0197645 0.998467
1305031473.190828 -0.727366 0.475547 -0.163568 -0.0479958 -0.016902 -0.0201761 0.998501
