1305031526.688356 0 0 0 0 0 0 1
1305031526.721587 0.00211013 -0.0025988 -0.00537701 0.0120641 0.0111611 0.00217104 0.999863
1305031526.755957 0.00412779 -0.00315088 -0.0133859 0.0283798 0.0234138 0.00232386 0.99932
1305031526.788681 0.00510632 -0.00781797 -0.0211096 0.0448945 0.0362057 0.00211243 0.998333
1305031526.822643 0.00451073 -0.0162784 -0.032862 0.0705133 0.0497241 -0.00145131 0.99627
1305031526.856844 -0.000555629 -0.00480671 -0.0471291 0.0955214 0.0615729 -0.00468701 0.99351
1305031526.888465 0.000215521 -0.0113358 -0.0586817 0.112215 0.0701419 -0.00957797 0.991159
1305031526.920578 -0.00451519 -0.00701669 -0.0688672 0.134254 0.0815313 -0.0129006 0.987503
1305031526.955033 -0.00823787 -0.00704514 -0.0795765 0.151899 0.09127 -0.0142258 0.98407
1305031526.987606 -0.0107931 -0.0090301 -0.0905824 0.169899 0.0991489 -0.0164858 0.980322
1305031527.020791 -0.0147373 -0.00561865 -0.0990483 0.184274 0.10616 -0.0163724 0.976988
1305031527.055070 -0.0178524 -0.00687166 -0.106669 0.198976 0.112879 -0.0173515 0.973327
1305031527.086965 -0.0167965 -0.00227016 -0.116009 0.214152 0.118673 -0.0174983 0.969407
1305031527.119854 -0.0219498 -0.000343495 -0.122339 0.222007 0.12386 -0.0158842 0.967016
1305031527.155465 -0.0236992 0.00198253 -0.128759 0.233037 0.128675 -0.0171078 0.963766
1305031527.186447 -0.0259358 0.0135681 -0.133677 0.241925 0.13328 -0.0158011 0.960968
1305031527.222219 -0.0264128 0.015918 -0.136751 0.241468 0.134792 -0.0142992 0.960895
1305031527.256275 -0.0282575 0.0244907 -0.136358 0.239328 0.136022 -0.0144645 0.961255
1305031527.287060 -0.0333368 0.0312916 -0.134582 0.232065 0.13685 -0.0108441 0.962964
1305031527.323213 -0.0368578 0.034361 -0.132129 0.222462 0.135067 -0.00764262 0.96551
1305031527.355197 -0.0361892 0.0381283 -0.128237 0.213159 0.131357 -0.00298572 0.968143
1305031527.388471 -0.0351381 0.0427329 -0.124311 0.204107 0.129424 -0.000327182 0.970355
1305031527.422926 -0.0334964 0.0457725 -0.119939 0.194342 0.129176 0.00251147 0.972388
1305031527.455773 -0.0330142 0.0493848 -0.116002 0.184256 0.129591 0.00559835 0.974282
1305031527.486055 -0.0340418 0.0500241 -0.112512 0.174273 0.129485 0.00767988 0.976117
1305031527.522397 -0.0341273 0.053616 -0.108194 0.164665 0.12898 0.00857851 0.977843
1305031527.554573 -0.0352881 0.0589926 -0.102829 0.154842 0.12972 0.00945593 0.97934
1305031527.586987 -0.0356097 0.0649511 -0.0980453 0.142669 0.12984 0.00996976 0.981167
1305031527.622793 -0.0366292 0.0684259 -0.0930381 0.128922 0.130085 0.0105131 0.983029
1305031527.656028 -0.042052 0.0751501 -0.0870151 0.115119 0.129434 0.0101295 0.984831
1305031527.688563 -0.0475996 0.0784229 -0.0814807 0.0973354 0.124734 0.0103858 0.98735
1305031527.721751 -0.0472369 0.0746142 -0.0776494 0.0832277 0.116084 0.0119757 0.989674
1305031527.756472 -0.0464489 0.073235 -0.0746962 0.0726598 0.108662 0.0132506 0.991331
1305031527.789333 -0.0532306 0.0780493 -0.0707946 0.0659002 0.104699 0.0143256 0.992215
1305031527.825562 -0.0610008 0.0764688 -0.0686777 0.0561943 0.0991073 0.015586 0.993367
1305031527.857855 -0.0710743 0.0777647 -0.0653954 0.0514031 0.0911562 0.0161942 0.994377
1305031527.887866 -0.0786593 0.0845476 -0.0622989 0.0463093 0.0793646 0.0134271 0.995679
1305031527.922214 -0.0867503 0.0837667 -0.0576103 0.037537 0.0671142 0.00920384 0.996996
1305031527.954490 -0.0991252 0.07316 -0.056742 0.0308477 0.0538761 0.00223532 0.998069
1305031527.987977 -0.109857 0.0780027 -0.0553654 0.0350868 0.0376476 -0.0123488 0.998599
1305031528.025614 -0.122134 0.0798846 -0.0530087 0.0351431 0.021778 -0.0275618 0.998765
1305031528.056126 -0.133438 0.0757315 -0.0512207 0.0363403 0.00343106 -0.0435819 0.998383
1305031528.085297 -0.146353 0.0783598 -0.0516013 0.0429169 -0.0122822 -0.0593181 0.997241
1305031528.124333 -0.158627 0.0790321 -0.053294 0.047857 -0.0289963 -0.0750259 0.99561
1305031528.151873 -0.172502 0.0847732 -0.0525526 0.0544285 -0.045372 -0.0930307 0.993139
1305031528.186872 -0.182584 0.0838411 -0.0539418 0.0571009 -0.0597633 -0.110979 0.990379
1305031528.220887 -0.19188 0.0804533 -0.0583771 0.0618373 -0.0702928 -0.128304 0.987306
1305031528.251953 -0.20384 0.0847054 -0.0627775 0.0716906 -0.0781353 -0.143162 0.984002
1305031528.284263 -0.222495 0.0896244 -0.0692113 0.0783523 -0.0873509 -0.15546 0.980848
1305031528.321639 -0.241949 0.0942912 -0.0714496 0.0874102 -0.10622 -0.169367 0.975906
1305031528.355032 -0.254498 0.0995231 -0.0767553 0.0966508 -0.129526 -0.179211 0.970446
1305031528.384839 -0.269866 0.102707 -0.0839977 0.101218 -0.152238 -0.184848 0.965613
1305031528.424006 -0.282224 0.106692 -0.0900572 0.10642 -0.179925 -0.190294 0.959213
1305031528.453962 -0.293633 0.10865 -0.10092 0.109124 -0.208956 -0.197004 0.95164
1305031528.490720 -0.302256 0.111969 -0.104464 0.110353 -0.238484 -0.202111 0.94345
1305031528.524649 -0.295693 0.103923 -0.0884107 0.115288 -0.282224 -0.208463 0.929302
1305031528.557069 -0.303028 0.110097 -0.0930846 0.112591 -0.31103 -0.214228 0.91907
1305031528.592924 -0.316349 0.114321 -0.100233 0.106005 -0.333592 -0.219121 0.91075
1305031528.623407 -0.320726 0.121628 -0.106123 0.101962 -0.355344 -0.224057 0.901739
1305031528.654033 -0.324712 0.132155 -0.110076 0.0961393 -0.371715 -0.230935 0.89401
1305031528.692143 -0.33088 0.138752 -0.11477 0.0868078 -0.382218 -0.238838 0.888442
1305031528.725000 -0.334186 0.147602 -0.118912 0.0793489 -0.389819 -0.24686 0.883632
1305031528.756620 -0.336739 0.16056 -0.121885 0.0725693 -0.394122 -0.254898 0.880016
1305031528.792160 -0.341746 0.173057 -0.127783 0.0630266 -0.394768 -0.262871 0.878114
1305031528.824057 -0.347812 0.187853 -0.133407 0.0523221 -0.395579 -0.270194 0.876228
1305031528.856114 -0.353064 0.204425 -0.139677 0.0422341 -0.396021 -0.277669 0.874233
1305031528.892684 -0.358312 0.219054 -0.143622 0.0296569 -0.396025 -0.284637 0.872506
1305031528.924061 -0.366546 0.230263 -0.148198 0.0141363 -0.394055 -0.290833 0.871744
1305031528.956027 -0.375974 0.244028 -0.154686 -0.000344376 -0.391405 -0.291433 0.872851
1305031528.991870 -0.38142 0.260891 -0.16007 -0.0125543 -0.389146 -0.289138 0.874532
1305031529.024164 -0.388924 0.276344 -0.164165 -0.027722 -0.383672 -0.287618 0.877099
1305031529.057246 -0.399343 0.288773 -0.167539 -0.0440885 -0.373709 -0.282701 0.882314
1305031529.092696 -0.409508 0.302688 -0.173598 -0.0572879 -0.36017 -0.272637 0.890317
1305031529.124051 -0.420709 0.31917 -0.181343 -0.0694539 -0.345507 -0.25846 0.899444
1305031529.156187 -0.432409 0.336244 -0.190782 -0.0835468 -0.330725 -0.241182 0.908555
1305031529.192085 -0.443927 0.356102 -0.201048 -0.0979894 -0.31613 -0.225563 0.916287
1305031529.224200 -0.455867 0.373837 -0.209134 -0.113534 -0.302144 -0.21532 0.92166
1305031529.256728 -0.468632 0.389447 -0.216707 -0.128666 -0.286884 -0.211022 0.925534
1305031529.291235 -0.48645 0.400912 -0.226086 -0.144322 -0.268571 -0.208716 0.929235
1305031529.323356 -0.504851 0.416123 -0.240192 -0.157192 -0.250853 -0.206514 0.932586
1305031529.355813 -0.524758 0.422691 -0.248419 -0.173242 -0.239804 -0.204732 0.933041
1305031529.388855 -0.545181 0.43136 -0.259488 -0.180457 -0.234585 -0.206133 0.932692
1305031529.423010 -0.564168 0.438832 -0.269517 -0.181722 -0.231514 -0.209338 0.9325
1305031529.457448 -0.584042 0.448334 -0.281165 -0.179166 -0.226019 -0.211676 0.933814
1305031529.491343 -0.602482 0.452731 -0.287702 -0.177039 -0.222378 -0.214877 0.934362
1305031529.522171 -0.621422 0.457866 -0.29702 -0.170145 -0.215505 -0.217762 0.936583
1305031529.556350 -0.639727 0.466426 -0.307581 -0.162168 -0.20689 -0.217663 0.939958
1305031529.593324 -0.657061 0.473885 -0.315138 -0.159414 -0.199607 -0.215678 0.942458
1305031529.623772 -0.673964 0.479762 -0.320854 -0.16052 -0.192951 -0.210732 0.944772
1305031529.657753 -0.690539 0.486619 -0.325263 -0.162392 -0.185334 -0.202821 0.947704
1305031529.692840 -0.706695 0.491208 -0.328408 -0.166757 -0.178026 -0.193987 0.950194
1305031529.725566 -0.720496 0.495737 -0.329608 -0.170137 -0.171409 -0.18711 0.952188
1305031529.759598 -0.734024 0.496277 -0.328468 -0.175196 -0.16216 -0.18199 0.953882
1305031529.792805 -0.749891 0.489567 -0.323642 -0.179776 -0.150038 -0.177393 0.955877
1305031529.825293 -0.767958 0.494431 -0.32673 -0.172213 -0.134758 -0.171998 0.960521
1305031529.859548 -0.787634 0.494824 -0.327107 -0.170148 -0.122314 -0.161636 0.964346
1305031529.891119 -0.808724 0.493517 -0.327184 -0.168738 -0.113563 -0.149413 0.967629
1305031529.925850 -0.829209 0.494377 -0.3285 -0.164373 -0.107982 -0.137034 0.970847
1305031529.960102 -0.849804 0.495801 -0.330579 -0.161638 -0.102591 -0.12604 0.973377
1305031529.992331 -0.871694 0.495792 -0.332186 -0.162736 -0.0956491 -0.114797 0.97529
1305031530.024225 -0.894435 0.491816 -0.33457 -0.166493 -0.0898366 -0.100925 0.976741
1305031530.059982 -0.915248 0.487563 -0.339841 -0.169773 -0.0863608 -0.0885944 0.977686
1305031530.091203 -0.935393 0.481303 -0.342341 -0.173503 -0.0841725 -0.0764632 0.978246
1305031530.125990 -0.956886 0.473195 -0.349447 -0.173768 -0.0815803 -0.0642101 0.979299
1305031530.159636 -0.977115 0.464173 -0.357657 -0.172214 -0.0799282 -0.0561999 0.980202
1305031530.191494 -0.99549 0.45362 -0.364632 -0.170183 -0.0790216 -0.052069 0.980858
1305031530.224007 -1.01487 0.443078 -0.374193 -0.164567 -0.0763882 -0.0497719 0.982143
1305031530.259074 -1.03362 0.433256 -0.385827 -0.157035 -0.0726934 -0.0512065 0.983582
1305031530.292738 -1.05111 0.422926 -0.39713 -0.151454 -0.0680226 -0.0525534 0.98472
1305031530.324398 -1.06817 0.416007 -0.409637 -0.145251 -0.0620124 -0.0531145 0.98602
1305031530.355958 -1.08427 0.409106 -0.421819 -0.142371 -0.0551308 -0.0547731 0.986758
1305031530.391987 -1.10126 0.396659 -0.432054 -0.143249 -0.0479535 -0.0547367 0.987008
1305031530.423101 -1.1198 0.38539 -0.443207 -0.140369 -0.0402435 -0.0546782 0.987769
1305031530.458850 -1.13691 0.375706 -0.455306 -0.135636 -0.0335522 -0.0544096 0.988695
1305031530.492200 -1.14954 0.362865 -0.466508 -0.132445 -0.0281678 -0.052599 0.989393
1305031530.524323 -1.1607 0.346135 -0.477122 -0.12833 -0.0203426 -0.0517655 0.990171
1305031530.558716 -1.17295 0.327581 -0.488786 -0.118412 -0.00770417 -0.0521801 0.991563
1305031530.591301 -1.18466 0.313929 -0.505592 -0.102076 0.00827927 -0.0524923 0.993356
1305031530.623002 -1.19144 0.300996 -0.522228 -0.0866108 0.0257167 -0.0527388 0.994513
1305031530.656445 -1.20224 0.289188 -0.537409 -0.0715012 0.0486322 -0.0524342 0.994873
1305031530.691015 -1.212 0.28082 -0.553965 -0.0527457 0.0733425 -0.0500104 0.994655
1305031530.723869 -1.22426 0.276159 -0.576839 -0.0337076 0.10025 -0.0465371 0.993302
1305031530.758503 -1.23997 0.276394 -0.592378 -0.0183048 0.127583 -0.0400394 0.99085
1305031530.790818 -1.26146 0.280372 -0.611182 -0.00491312 0.154319 -0.0320032 0.98749
1305031530.822584 -1.28415 0.290684 -0.626356 0.00355411 0.176521 -0.0211897 0.984062
1305031530.858371 -1.3103 0.295789 -0.635227 0.00412391 0.193322 -0.0088257 0.981087
1305031530.890688 -1.33627 0.295018 -0.636586 0.00461793 0.202573 0.000172613 0.979256
1305031530.923878 -1.36573 0.305383 -0.635797 0.0115605 0.2044 0.00496267 0.978807
1305031530.959175 -1.39658 0.31751 -0.633766 0.0150368 0.198821 0.00622324 0.979901
1305031530.988081 -1.42498 0.327603 -0.628967 0.013748 0.186699 0.00740385 0.982293
1305031531.027310 -1.44724 0.338752 -0.619467 0.00941778 0.170484 0.0111443 0.985252
1305031531.058516 -1.47046 0.352856 -0.607805 0.00236237 0.153455 0.0152265 0.988035
1305031531.091208 -1.49626 0.358766 -0.593642 -0.00979929 0.135483 0.0187159 0.990554
1305031531.126140 -1.52007 0.359995 -0.575601 -0.0201298 0.117331 0.0232487 0.992617
1305031531.159520 -1.5454 0.364177 -0.561616 -0.0260709 0.100443 0.0272735 0.994227
1305031531.190137 -1.57088 0.372176 -0.546969 -0.0321013 0.08342 0.0305502 0.995529
1305031531.228127 -1.59225 0.374927 -0.527774 -0.0404009 0.064841 0.0351108 0.996459
1305031531.259840 -1.61002 0.373369 -0.508097 -0.0469289 0.0458462 0.0389043 0.997087
1305031531.290185 -1.6326 0.377664 -0.488743 -0.046955 0.0326903 0.0420442 0.997476
1305031531.327763 -1.6509 0.385051 -0.471772 -0.0452219 0.0225071 0.0430599 0.997795
1305031531.358509 -1.66636 0.387006 -0.452017 -0.0455453 0.0173904 0.0426541 0.9979
1305031531.389868 -1.68388 0.390333 -0.434003 -0.0432965 0.0193554 0.0417611 0.998001
1305031531.427177 -1.70247 0.393826 -0.418124 -0.0412551 0.0264271 0.0422344 0.997906
1305031531.459698 -1.72011 0.388859 -0.399679 -0.0411886 0.0350421 0.0462927 0.997463
1305031531.492107 -1.74199 0.389613 -0.382893 -0.0375547 0.0441383 0.0492824 0.997102
1305031531.527542 -1.76251 0.388197 -0.364695 -0.0359162 0.0505097 0.052709 0.996685
1305031531.560506 -1.78066 0.384268 -0.346703 -0.0349945 0.0546792 0.0586692 0.996164
1305031531.592018 -1.79927 0.384834 -0.33055 -0.0326135 0.0593754 0.0630993 0.995705
1305031531.628037 -1.81705 0.382055 -0.315624 -0.032922 0.065244 0.0662686 0.995122
1305031531.659769 -1.83595 0.37485 -0.301509 -0.0331535 0.0720423 0.0710022 0.994319
1305031531.693140 -1.85681 0.372714 -0.288909 -0.031245 0.0773417 0.0727119 0.993859
1305031531.727762 -1.87465 0.370321 -0.274221 -0.0306919 0.0806821 0.0716753 0.993686
1305031531.755881 -1.89429 0.366959 -0.262135 -0.0292499 0.0856843 0.0694859 0.993466
1305031531.790528 -1.91656 0.363302 -0.250374 -0.026092 0.0913322 0.0683949 0.993126
1305031531.826931 -1.93871 0.369294 -0.237739 -0.0222579 0.0949707 0.0672196 0.992959
1305031531.858402 -1.95898 0.376586 -0.225161 -0.0257695 0.0970495 0.0665486 0.992718
1305031531.893291 -1.97584 0.379569 -0.212939 -0.0345128 0.0991892 0.0673193 0.992189
1305031531.925080 -1.99211 0.384169 -0.201466 -0.0426067 0.103767 0.0687509 0.991307
1305031531.959262 -2.00781 0.385964 -0.190002 -0.0521851 0.109999 0.0723271 0.989922
1305031531.990634 -2.0244 0.390871 -0.179136 -0.0604399 0.116985 0.0767694 0.988316
1305031532.027524 -2.04099 0.397664 -0.168545 -0.0694346 0.124265 0.084108 0.986237
1305031532.059872 -2.05656 0.404538 -0.156745 -0.0814657 0.131781 0.093864 0.983457
1305031532.092096 -2.07193 0.410153 -0.144303 -0.094943 0.139278 0.107926 0.979765
1305031532.126073 -2.08504 0.415583 -0.129636 -0.106791 0.145904 0.12596 0.975419
1305031532.159926 -2.10016 0.420814 -0.117271 -0.117112 0.151727 0.143363 0.970933
1305031532.195623 -2.11664 0.427806 -0.10321 -0.125833 0.157615 0.162734 0.965837
1305031532.227800 -2.13219 0.431739 -0.0894111 -0.134158 0.162585 0.181967 0.960446
1305031532.260079 -2.14878 0.438439 -0.0755103 -0.140395 0.168099 0.197889 0.955443
1305031532.295824 -2.16578 0.440448 -0.0620517 -0.149065 0.174483 0.214757 0.949323
1305031532.327833 -2.18261 0.440656 -0.0484991 -0.158277 0.178381 0.231448 0.943165
1305031532.356687 -2.19794 0.438349 -0.0335967 -0.168656 0.177035 0.248552 0.937249
1305031532.396584 -2.20771 0.437433 -0.016002 -0.175881 0.171842 0.261913 0.93324
1305031532.424572 -2.22239 0.435072 -0.000289923 -0.174269 0.168801 0.267895 0.932399
1305031532.461447 -2.23462 0.430723 0.0138891 -0.161922 0.168338 0.264214 0.935753
1305031532.494758 -2.24805 0.421691 0.0267763 -0.148483 0.170457 0.262191 0.938165
1305031532.523363 -2.2601 0.415581 0.0415036 -0.133277 0.171775 0.260967 0.940546
1305031532.558750 -2.27439 0.406213 0.055255 -0.118992 0.173506 0.259544 0.942536
1305031532.594713 -2.28882 0.400349 0.0669151 -0.108882 0.177459 0.257685 0.943531
1305031532.626577 -2.29809 0.40081 0.0816848 -0.102338 0.185197 0.25709 0.942939
1305031532.655415 -2.30811 0.392147 0.0936798 -0.100945 0.198811 0.260521 0.939369
1305031532.692281 -2.32142 0.381034 0.10398 -0.1033 0.214156 0.266796 0.933963
1305031532.725142 -2.32883 0.373487 0.118529 -0.110025 0.225747 0.276419 0.927645
1305031532.756518 -2.33051 0.369505 0.133666 -0.115051 0.23363 0.286574 0.921984
1305031532.793593 -2.32953 0.36459 0.147867 -0.115953 0.240385 0.292617 0.918229
1305031532.827589 -2.33088 0.358429 0.161006 -0.114241 0.251071 0.296305 0.914393
1305031532.860360 -2.3314 0.353125 0.172542 -0.11196 0.264624 0.301888 0.909012
1305031532.894951 -2.33175 0.343404 0.181521 -0.111389 0.277801 0.311575 0.901854
1305031532.927108 -2.32782 0.337416 0.193372 -0.107807 0.287247 0.324869 0.89461
1305031532.958860 -2.32246 0.330154 0.204798 -0.102148 0.293977 0.337979 0.888208
1305031532.994889 -2.31927 0.324894 0.215943 -0.0934783 0.302138 0.350402 0.881585
1305031533.027007 -2.31488 0.319718 0.225999 -0.0842161 0.310685 0.362005 0.874834
1305031533.059895 -2.31581 0.313021 0.233709 -0.0794909 0.321154 0.371129 0.867643
1305031533.095707 -2.31373 0.311817 0.24201 -0.0777942 0.330828 0.380967 0.859863
1305031533.127261 -2.30508 0.303473 0.247903 -0.0747815 0.341318 0.393202 0.850472
1305031533.158865 -2.30268 0.289943 0.249757 -0.0703762 0.351659 0.398698 0.844052
1305031533.194665 -2.30746 0.282469 0.249923 -0.0693128 0.360647 0.397889 0.840722
1305031533.226596 -2.30391 0.278071 0.25015 -0.0678948 0.368454 0.401693 0.835628
1305031533.258719 -2.29938 0.262247 0.244231 -0.065931 0.3758 0.407322 0.829769
1305031533.294892 -2.30301 0.251823 0.23888 -0.0617075 0.382341 0.406887 0.827315
1305031533.326747 -2.30331 0.239754 0.231809 -0.0555523 0.388802 0.409227 0.823578
1305031533.358749 -2.30657 0.224723 0.223944 -0.0474071 0.397077 0.410311 0.81959
1305031533.394869 -2.31199 0.207597 0.217598 -0.0390965 0.403527 0.411695 0.816177
1305031533.428282 -2.31929 0.193739 0.212379 -0.0303983 0.406009 0.412832 0.814741
1305031533.463804 -2.32697 0.184274 0.207426 -0.0190227 0.407514 0.414653 0.813409
1305031533.495077 -2.33577 0.174846 0.203569 -0.00955791 0.409969 0.417395 0.810935
1305031533.523787 -2.34074 0.163485 0.198355 -0.0016855 0.412196 0.422171 0.80738
1305031533.563866 -2.34818 0.158414 0.194083 0.00977967 0.416444 0.424329 0.804005
1305031533.596729 -2.35679 0.154071 0.191708 0.0174817 0.424113 0.425245 0.799368
1305031533.623714 -2.36721 0.145923 0.193381 0.0216451 0.435314 0.427972 0.791753
1305031533.662973 -2.37773 0.141992 0.194636 0.0247986 0.443518 0.431492 0.785169
1305031533.695127 -2.38321 0.137421 0.193351 0.0233484 0.450635 0.436572 0.778324
1305031533.727956 -2.38645 0.130276 0.194128 0.0194258 0.461873 0.44008 0.769822
1305031533.763534 -2.39756 0.120541 0.203249 0.0171179 0.477206 0.441362 0.759724
1305031533.795519 -2.40466 0.106952 0.213139 0.0135554 0.48791 0.445952 0.750258
1305031533.827015 -2.40924 0.0865462 0.225458 0.014376 0.492902 0.450317 0.744349
1305031533.859819 -2.4225 0.0733177 0.243615 0.0252158 0.488563 0.449577 0.747363
1305031533.895161 -2.42747 0.0686487 0.250499 0.0389103 0.468819 0.448291 0.760086
1305031533.926857 -2.4345 0.0572625 0.259944 0.0523628 0.445869 0.444919 0.774923
1305031533.961985 -2.4402 0.0509389 0.275209 0.0669065 0.422158 0.438934 0.790344
1305031533.994392 -2.44191 0.0391011 0.295008 0.0793389 0.401801 0.42964 0.80478
1305031534.026608 -2.44417 0.0318147 0.310505 0.0955545 0.383789 0.415507 0.819103
1305031534.062247 -2.44865 0.0207492 0.324829 0.110594 0.369745 0.402952 0.829872
1305031534.094417 -2.44151 0.00811694 0.333232 0.12434 0.355664 0.393909 0.838378
1305031534.126412 -2.436 -0.000340838 0.344656 0.140928 0.349798 0.379446 0.844867
1305031534.162210 -2.43939 -0.0103302 0.353186 0.153396 0.353306 0.364377 0.847864
1305031534.191161 -2.4371 -0.025193 0.356528 0.16323 0.354716 0.356737 0.848688
1305031534.225977 -2.44558 -0.0374574 0.361957 0.173603 0.35682 0.346864 0.849839
1305031534.262752 -2.44805 -0.0466948 0.367846 0.17796 0.354827 0.340129 0.85249
1305031534.295276 -2.44161 -0.0526618 0.373829 0.181256 0.349619 0.337151 0.855127
1305031534.327593 -2.43667 -0.0606878 0.377381 0.185125 0.347915 0.333798 0.856308
1305031534.362839 -2.43141 -0.0701337 0.379392 0.189458 0.349241 0.327946 0.857081
1305031534.395128 -2.42572 -0.0748868 0.381641 0.195267 0.352509 0.321098 0.857032
1305031534.427890 -2.42232 -0.0834586 0.382548 0.201349 0.357334 0.315816 0.855588
1305031534.462407 -2.42106 -0.0958697 0.382618 0.210414 0.359774 0.309216 0.854795
1305031534.494488 -2.42357 -0.0991977 0.38733 0.218995 0.359491 0.302947 0.855003
1305031534.526222 -2.42009 -0.105279 0.389201 0.222379 0.355405 0.301431 0.856373
1305031534.562364 -2.4145 -0.110725 0.390551 0.228834 0.348822 0.299542 0.85804
1305031534.594279 -2.41391 -0.112838 0.39513 0.236083 0.342883 0.294032 0.860373
1305031534.627133 -2.4142 -0.116415 0.399575 0.238757 0.335468 0.290472 0.863761
1305031534.662781 -2.40684 -0.113941 0.402648 0.239773 0.325094 0.288541 0.868082
1305031534.694710 -2.39943 -0.113901 0.404649 0.240173 0.317276 0.287316 0.871265
1305031534.730855 -2.39472 -0.114068 0.406768 0.242028 0.312153 0.284585 0.873496
1305031534.763129 -2.38991 -0.111685 0.410266 0.242075 0.308799 0.27958 0.876287
1305031534.795824 -2.38854 -0.114509 0.410903 0.241401 0.305941 0.276332 0.878502
1305031534.831135 -2.38351 -0.116048 0.411196 0.243057 0.300732 0.273878 0.88061
1305031534.862751 -2.37993 -0.120643 0.407255 0.245503 0.294804 0.26983 0.883182
1305031534.894919 -2.37512 -0.115065 0.410562 0.25048 0.290319 0.259566 0.886341
1305031534.930974 -2.3717 -0.107579 0.409169 0.251065 0.29227 0.25072 0.888079
1305031534.962776 -2.37077 -0.113624 0.401543 0.250762 0.301139 0.245263 0.886724
1305031534.994599 -2.37983 -0.116991 0.397109 0.255443 0.309057 0.238524 0.884499
1305031535.030642 -2.38956 -0.119575 0.397182 0.260363 0.309629 0.232002 0.884599
1305031535.062210 -2.39393 -0.113639 0.398188 0.262579 0.304123 0.226871 0.887182
1305031535.094542 -2.3947 -0.113941 0.396939 0.261823 0.298914 0.227892 0.888912
1305031535.129807 -2.40158 -0.11399 0.396009 0.263096 0.295153 0.230559 0.889105
1305031535.158853 -2.40739 -0.116461 0.39642 0.262295 0.287534 0.23277 0.89126
1305031535.193991 -2.41165 -0.117017 0.396337 0.260925 0.275772 0.233152 0.89527
1305031535.230011 -2.41606 -0.119472 0.394784 0.25722 0.263049 0.233431 0.900085
1305031535.261725 -2.41396 -0.121216 0.393168 0.255123 0.249496 0.23283 0.904685
1305031535.295784 -2.41045 -0.117289 0.391697 0.254101 0.23791 0.229654 0.908895
1305031535.329773 -2.4158 -0.122508 0.38999 0.251147 0.230447 0.226865 0.912333
1305031535.361759 -2.41523 -0.123367 0.389624 0.249676 0.220148 0.223128 0.916193
1305031535.392026 -2.41554 -0.126134 0.38844 0.247429 0.211241 0.217638 0.920212
1305031535.431010 -2.41679 -0.134073 0.384786 0.246058 0.203495 0.211792 0.923682
1305031535.462732 -2.41732 -0.141768 0.381247 0.246893 0.195869 0.203154 0.927042
1305031535.495467 -2.42289 -0.148817 0.379037 0.249858 0.190195 0.192834 0.92963
1305031535.530835 -2.41954 -0.148003 0.376851 0.254999 0.183999 0.181658 0.93173
1305031535.562308 -2.42236 -0.134016 0.379367 0.262133 0.181803 0.170685 0.932256
1305031535.594713 -2.42651 -0.125342 0.381193 0.26152 0.182806 0.163112 0.933586
1305031535.630819 -2.43216 -0.129081 0.380339 0.258087 0.185468 0.159981 0.934558
1305031535.662546 -2.43493 -0.117815 0.38231 0.258205 0.185918 0.156918 0.934955
1305031535.694763 -2.43563 -0.102807 0.385521 0.254377 0.185355 0.156336 0.936213
1305031535.730877 -2.43539 -0.0989327 0.386403 0.247401 0.18554 0.158725 0.937643
1305031535.759227 -2.43263 -0.0853408 0.389423 0.242586 0.18577 0.159887 0.938657
1305031535.794599 -2.42897 -0.0779119 0.391299 0.234984 0.187872 0.163061 0.939626
1305031535.831105 -2.4265 -0.0743345 0.38874 0.229635 0.18958 0.16982 0.939408
1305031535.859528 -2.42382 -0.0664372 0.387806 0.224928 0.190254 0.175907 0.939291
1305031535.898883 -2.4212 -0.0601194 0.385719 0.220077 0.192717 0.181334 0.938906
1305031535.930685 -2.4153 -0.0474923 0.385186 0.216585 0.197537 0.186886 0.937627
1305031535.959567 -2.41209 -0.0342982 0.383854 0.209729 0.205012 0.192728 0.936397
1305031535.998988 -2.41128 -0.0231707 0.38276 0.198812 0.212994 0.199414 0.935597
1305031536.031463 -2.40723 -0.0133083 0.380953 0.186962 0.220094 0.208598 0.934393
1305031536.062243 -2.40456 -0.00192833 0.378428 0.176279 0.227323 0.218188 0.932547
1305031536.099404 -2.40056 0.011596 0.378245 0.164126 0.234899 0.227549 0.930649
1305031536.131440 -2.39471 0.0212085 0.375661 0.151409 0.243936 0.239382 0.927506
1305031536.163367 -2.39172 0.0311931 0.369493 0.140027 0.25477 0.252371 0.922927
1305031536.199777 -2.38693 0.0435082 0.365457 0.129355 0.266483 0.26431 0.91782
1305031536.231583 -2.38361 0.0551091 0.362485 0.118484 0.279729 0.27737 0.911471
1305031536.263219 -2.37872 0.0659566 0.35788 0.107852 0.292955 0.292378 0.903914
1305031536.299512 -2.37079 0.0760246 0.352973 0.0997157 0.305661 0.309025 0.89506
1305031536.331390 -2.36794 0.0873787 0.344487 0.0930355 0.318303 0.323457 0.88623
1305031536.363006 -2.36438 0.0989061 0.340042 0.0869611 0.330633 0.338395 0.876703
1305031536.399605 -2.36065 0.106034 0.335904 0.0816597 0.343886 0.353538 0.866074
1305031536.431590 -2.36097 0.115139 0.330755 0.0775186 0.357043 0.367251 0.855358
1305031536.463554 -2.36006 0.122859 0.324321 0.0719522 0.367292 0.380309 0.845745
1305031536.499647 -2.35885 0.128041 0.319184 0.0667707 0.374387 0.391729 0.83781
1305031536.531617 -2.36199 0.130868 0.314635 0.0634547 0.378881 0.402184 0.831066
1305031536.563087 -2.36484 0.137295 0.312659 0.0615441 0.379201 0.410305 0.827085
1305031536.599164 -2.36571 0.145333 0.309085 0.060564 0.378614 0.418 0.823565
1305031536.631797 -2.36878 0.151039 0.30421 0.0597326 0.378685 0.426522 0.819213
1305031536.663533 -2.37326 0.156674 0.302521 0.0573947 0.376254 0.433837 0.816654
1305031536.699497 -2.37525 0.165352 0.300606 0.0549404 0.372632 0.437062 0.816764
1305031536.731424 -2.37688 0.177266 0.298094 0.0526308 0.372854 0.436729 0.816993
1305031536.761478 -2.37615 0.185102 0.290314 0.0492268 0.374678 0.436257 0.816623
1305031536.796242 -2.37907 0.18941 0.283958 0.0462053 0.375361 0.433006 0.818214
1305031536.828016 -2.3832 0.197392 0.281174 0.0435577 0.374107 0.428585 0.821256
1305031536.859596 -2.38501 0.204306 0.275824 0.039974 0.372617 0.425589 0.82367
1305031536.895830 -2.38636 0.213522 0.269555 0.0376425 0.372807 0.418149 0.827496
1305031536.927579 -2.38627 0.226282 0.261615 0.0364503 0.375726 0.408 0.831286
1305031536.962880 -2.38563 0.233544 0.248756 0.0351942 0.379119 0.403258 0.832113
1305031536.996766 -2.38682 0.243054 0.236966 0.0353983 0.381117 0.396556 0.83441
1305031537.028058 -2.38802 0.256179 0.224124 0.0355973 0.38326 0.389317 0.836825
1305031537.060447 -2.38726 0.265559 0.208675 0.0338957 0.383612 0.384834 0.838806
1305031537.095829 -2.38358 0.281569 0.194579 0.033482 0.382555 0.377906 0.842447
1305031537.129621 -2.38064 0.290976 0.1777 0.0314222 0.384165 0.372242 0.844314
1305031537.167541 -2.37671 0.299458 0.157619 0.0295691 0.385183 0.365551 0.846837
1305031537.195643 -2.3709 0.310166 0.139545 0.0283321 0.383599 0.357312 0.851104
1305031537.230153 -2.3661 0.31859 0.120179 0.0275626 0.380983 0.349598 0.855496
1305031537.265688 -2.36015 0.330148 0.101273 0.0272035 0.3771 0.34053 0.860869
1305031537.298861 -2.35355 0.338989 0.082245 0.0254956 0.373315 0.332576 0.865667
1305031537.330994 -2.34834 0.34496 0.0619591 0.0237243 0.368995 0.324226 0.870722
1305031537.365736 -2.34198 0.351964 0.0419444 0.0228539 0.363021 0.314003 0.876981
1305031537.395624 -2.33772 0.358593 0.0236353 0.0226587 0.356439 0.303554 0.883342
1305031537.429641 -2.33391 0.364378 0.00673439 0.0215747 0.348315 0.294631 0.889609
1305031537.464312 -2.32652 0.369095 -0.0118822 0.0196729 0.337178 0.284525 0.897201
1305031537.497527 -2.32076 0.377001 -0.0292941 0.0187585 0.327791 0.272234 0.904483
1305031537.530263 -2.31349 0.38601 -0.0453089 0.0158854 0.320242 0.261599 0.910362
1305031537.564476 -2.30268 0.388337 -0.0609451 0.0120783 0.314212 0.255103 0.914356
1305031537.598276 -2.29401 0.386673 -0.0777543 0.0120709 0.309199 0.251193 0.917143
1305031537.630389 -2.28624 0.386767 -0.0931731 0.0139138 0.300921 0.245033 0.921527
1305031537.664114 -2.27281 0.389003 -0.109593 0.0166279 0.288822 0.2376 0.927282
1305031537.695278 -2.25865 0.391652 -0.124759 0.0215919 0.281044 0.228642 0.931811
1305031537.728342 -2.24677 0.393909 -0.139982 0.0262006 0.276964 0.217883 0.935485
1305031537.766378 -2.23395 0.394853 -0.153873 0.031082 0.272912 0.207248 0.938936
1305031537.798725 -2.2206 0.39804 -0.167897 0.0369553 0.267947 0.198333 0.942074
1305031537.830287 -2.20671 0.40172 -0.179896 0.0417049 0.261419 0.190544 0.945311
1305031537.866662 -2.18957 0.405257 -0.192416 0.0453671 0.254108 0.181089 0.948988
1305031537.898536 -2.17319 0.411853 -0.204684 0.0490568 0.249134 0.172034 0.951803
1305031537.930243 -2.15642 0.418387 -0.217104 0.0501819 0.244516 0.164293 0.954307
1305031537.966300 -2.13489 0.421023 -0.229052 0.0487864 0.238181 0.158175 0.957011
1305031537.998327 -2.11649 0.425592 -0.240743 0.0499261 0.23403 0.151222 0.959098
1305031538.030606 -2.09784 0.431685 -0.251581 0.0499907 0.228698 0.146366 0.961132
1305031538.066420 -2.07664 0.427632 -0.262084 0.0472257 0.221398 0.144481 0.963264
1305031538.099117 -2.06053 0.424538 -0.272613 0.050061 0.212729 0.144464 0.965075
1305031538.130778 -2.04074 0.425332 -0.284024 0.0546817 0.199198 0.146677 0.967376
1305031538.167361 -2.01648 0.418016 -0.296693 0.054744 0.185065 0.14477 0.970462
1305031538.198836 -1.99314 0.411955 -0.309513 0.0601315 0.17568 0.137783 0.972901
1305031538.231674 -1.97536 0.40938 -0.323263 0.0698926 0.171065 0.129132 0.974257
1305031538.267245 -1.95802 0.405795 -0.334822 0.0779962 0.166426 0.119251 0.975704
1305031538.297169 -1.9417 0.399215 -0.346191 0.08658 0.160766 0.10852 0.97718
1305031538.329631 -1.92576 0.398129 -0.356587 0.0984278 0.153478 0.0970642 0.978435
1305031538.366671 -1.90995 0.398274 -0.368377 0.108755 0.144846 0.0870705 0.979597
1305031538.395653 -1.8942 0.397722 -0.380695 0.118455 0.136896 0.0796037 0.980251
1305031538.434273 -1.8807 0.399109 -0.392481 0.128277 0.128186 0.0737895 0.980647
1305031538.468114 -1.86321 0.402247 -0.402787 0.136813 0.116137 0.0662469 0.981532
1305031538.498490 -1.84788 0.41328 -0.413601 0.144123 0.104385 0.0594068 0.982244
1305031538.534659 -1.82853 0.424994 -0.424042 0.146789 0.0920291 0.0534764 0.983425
1305031538.566473 -1.81046 0.439571 -0.432918 0.146088 0.0823762 0.0443746 0.984837
1305031538.598497 -1.79128 0.460699 -0.442275 0.141157 0.0757353 0.0351556 0.98646
1305031538.634075 -1.76941 0.465172 -0.454636 0.131777 0.0723735 0.0304965 0.988163
1305031538.666052 -1.75739 0.479532 -0.46918 0.128713 0.070624 0.0258279 0.988827
1305031538.698387 -1.75189 0.506691 -0.476824 0.121837 0.0661392 0.0198104 0.990146
1305031538.734584 -1.7335 0.522964 -0.484002 0.104422 0.0545375 0.0197756 0.99284
1305031538.766510 -1.70926 0.53251 -0.495174 0.0871867 0.0422418 0.0214989 0.995064
1305031538.798755 -1.68704 0.552316 -0.503449 0.0717926 0.0341418 0.019861 0.996637
1305031538.832497 -1.66293 0.563865 -0.51119 0.0509117 0.0297488 0.0155558 0.998139
1305031538.867193 -1.63814 0.569131 -0.520343 0.0345716 0.0286034 0.0120784 0.99892
1305031538.899432 -1.61555 0.580223 -0.531265 0.0225206 0.0288957 0.0103626 0.999275
1305031538.936017 -1.59112 0.589381 -0.538693 0.00979104 0.0279314 0.0110005 0.999501
1305031538.967667 -1.56644 0.594303 -0.547416 -0.00211681 0.0268752 0.0117675 0.999567
1305031538.999448 -1.54072 0.6005 -0.556658 -0.0114274 0.0259552 0.0117976 0.999528
1305031539.034977 -1.51443 0.606652 -0.56472 -0.0199588 0.0253933 0.0105866 0.999422
1305031539.067603 -1.48855 0.612337 -0.571037 -0.0267741 0.0247873 0.00769328 0.999305
1305031539.099360 -1.46152 0.620586 -0.577652 -0.0339328 0.0227536 0.00362241 0.999159
1305031539.135768 -1.43498 0.62482 -0.581094 -0.0432599 0.0206089 -0.000705935 0.998851
1305031539.167546 -1.41041 0.632374 -0.584013 -0.0513255 0.017586 -0.00642873 0.998506
1305031539.199492 -1.38622 0.640161 -0.586511 -0.0628351 0.0121159 -0.011438 0.997885
1305031539.235629 -1.36117 0.642657 -0.586948 -0.0789007 0.0022817 -0.0169443 0.996736
1305031539.267760 -1.33342 0.646208 -0.586207 -0.0931265 -0.00966363 -0.0260005 0.995268
1305031539.299592 -1.30662 0.651956 -0.588908 -0.106817 -0.0179535 -0.0375906 0.993406
1305031539.335706 -1.27824 0.654549 -0.588539 -0.124191 -0.0234385 -0.0539252 0.990515
1305031539.367585 -1.25056 0.65804 -0.589804 -0.139366 -0.025233 -0.0751663 0.987062
1305031539.399501 -1.22456 0.657078 -0.592324 -0.156561 -0.0243065 -0.0946143 0.982826
1305031539.435549 -1.20139 0.654548 -0.593601 -0.175656 -0.0225225 -0.109815 0.978048
1305031539.467525 -1.16945 0.654624 -0.59519 -0.186365 -0.0299129 -0.121196 0.974518
1305031539.499639 -1.14557 0.650969 -0.597465 -0.195462 -0.0394939 -0.128292 0.971481
1305031539.535499 -1.1219 0.649613 -0.600929 -0.202275 -0.049965 -0.134572 0.968751
1305031539.567517 -1.09466 0.648209 -0.603586 -0.204948 -0.0603229 -0.14173 0.966576
1305031539.599060 -1.07178 0.640424 -0.608183 -0.205822 -0.0679724 -0.150754 0.964516
1305031539.635592 -1.04825 0.634398 -0.612202 -0.204517 -0.0752249 -0.163104 0.962243
1305031539.667412 -1.0222 0.627386 -0.614014 -0.200135 -0.0826445 -0.177789 0.959952
1305031539.703794 -1.00004 0.614482 -0.615061 -0.195534 -0.0894126 -0.190701 0.957813
1305031539.735675 -0.97767 0.603912 -0.616146 -0.191461 -0.0981139 -0.202088 0.955446
1305031539.767637 -0.955191 0.59627 -0.617468 -0.189146 -0.106956 -0.212063 0.952793
1305031539.803605 -0.930197 0.587278 -0.612636 -0.188275 -0.118278 -0.221459 0.949483
1305031539.832088 -0.909961 0.577687 -0.610575 -0.188072 -0.130918 -0.230387 0.945733
1305031539.867127 -0.886552 0.573404 -0.607283 -0.188044 -0.144815 -0.240742 0.941122
1305031539.903594 -0.863366 0.567499 -0.601976 -0.190503 -0.15698 -0.253052 0.935431
1305031539.935437 -0.836138 0.5671 -0.594083 -0.190619 -0.167742 -0.267622 0.929465
1305031539.967652 -0.811093 0.561252 -0.582978 -0.188647 -0.174381 -0.280692 0.924779
1305031540.003691 -0.787907 0.554341 -0.576253 -0.183817 -0.178901 -0.291509 0.921536
1305031540.035614 -0.763729 0.550165 -0.566999 -0.176641 -0.182233 -0.300814 0.919293
1305031540.067782 -0.746494 0.537421 -0.556309 -0.168098 -0.184318 -0.305346 0.918985
1305031540.103651 -0.725929 0.529042 -0.553805 -0.152832 -0.18726 -0.309278 0.919741
1305031540.135787 -0.703637 0.51963 -0.546582 -0.139341 -0.188238 -0.309076 0.92175
1305031540.167625 -0.685171 0.508962 -0.540904 -0.125463 -0.185411 -0.307076 0.924979
1305031540.204012 -0.668374 0.498309 -0.534397 -0.109463 -0.181171 -0.301146 0.929788
1305031540.235943 -0.657869 0.488393 -0.533487 -0.0919002 -0.179875 -0.295314 0.933803
1305031540.267794 -0.642228 0.483812 -0.535842 -0.0720938 -0.185215 -0.288988 0.936474
1305031540.303627 -0.624117 0.476636 -0.534081 -0.0580642 -0.191558 -0.281184 0.938547
1305031540.335660 -0.607438 0.468538 -0.533153 -0.04342 -0.194953 -0.27379 0.940823
1305031540.367613 -0.587012 0.458345 -0.5288 -0.0293173 -0.195173 -0.263182 0.944343
1305031540.403545 -0.5794 0.450646 -0.532981 -0.0133038 -0.188054 -0.252006 0.949185
1305031540.435756 -0.562483 0.44564 -0.534535 0.00353793 -0.188845 -0.238347 0.952636
1305031540.467365 -0.546931 0.433124 -0.534427 0.0151439 -0.189321 -0.223473 0.956027
1305031540.502953 -0.531356 0.424198 -0.536097 0.0298674 -0.189412 -0.20853 0.959034
1305031540.535194 -0.507422 0.41636 -0.534234 0.0435998 -0.191702 -0.197187 0.960451
1305031540.563522 -0.4897 0.402803 -0.531586 0.0564114 -0.186758 -0.18905 0.962392
1305031540.603376 -0.472976 0.401789 -0.53706 0.0748084 -0.176088 -0.179002 0.965067
1305031540.635224 -0.452883 0.399017 -0.535532 0.086316 -0.167351 -0.170375 0.967221
1305031540.667294 -0.436774 0.389888 -0.535261 0.0948468 -0.15468 -0.16146 0.970056
1305031540.703386 -0.416997 0.385397 -0.53737 0.104751 -0.142407 -0.149773 0.972788
1305031540.735694 -0.398777 0.380837 -0.536348 0.110719 -0.13001 -0.138653 0.975507
1305031540.767548 -0.381923 0.370906 -0.537631 0.116096 -0.113917 -0.128235 0.978315
1305031540.803232 -0.368046 0.371955 -0.533386 0.126344 -0.0938475 -0.115773 0.980727
1305031540.835181 -0.352828 0.370616 -0.533838 0.133262 -0.0706859 -0.104753 0.982991
1305031540.871023 -0.342095 0.36866 -0.530823 0.139823 -0.0483351 -0.0932079 0.984594
1305031540.903222 -0.326929 0.365351 -0.532491 0.145642 -0.0286591 -0.0823645 0.985486
1305031540.935050 -0.318284 0.364742 -0.534861 0.150678 -0.00775002 -0.070037 0.986068
1305031540.971078 -0.314584 0.36185 -0.535348 0.154519 0.00959859 -0.0558565 0.986363
1305031541.003228 -0.305234 0.357106 -0.53737 0.160787 0.021086 -0.0447182 0.98575
1305031541.034514 -0.296553 0.354881 -0.538344 0.168222 0.0322716 -0.0331202 0.984664
1305031541.070217 -0.292459 0.350951 -0.540094 0.176051 0.0419227 -0.020781 0.983268
1305031541.099997 -0.289871 0.350835 -0.540635 0.182809 0.047659 -0.0136076 0.981898
1305031541.135330 -0.282196 0.349456 -0.54001 0.186605 0.0532539 -0.00865051 0.980953
1305031541.171574 -0.279179 0.346724 -0.539661 0.191512 0.0622117 -0.00227413 0.979514
1305031541.202996 -0.283661 0.348749 -0.539523 0.194137 0.0676411 0.00114773 0.978639
1305031541.235198 -0.283965 0.34837 -0.53571 0.1904 0.0668891 0.00261631 0.979422
1305031541.267954 -0.285736 0.347016 -0.533378 0.185291 0.0638747 0.00571702 0.980589
1305031541.301672 -0.28777 0.343966 -0.529354 0.179016 0.0581535 0.00816169 0.982092
1305031541.331852 -0.290525 0.342011 -0.52469 0.173369 0.0494003 0.00751816 0.983588
1305031541.371250 -0.292832 0.341056 -0.518857 0.166279 0.0382968 0.00462385 0.985324
1305031541.402022 -0.29453 0.339176 -0.513665 0.158599 0.0278869 -0.000461418 0.986949
1305031541.431932 -0.296933 0.334818 -0.509743 0.151549 0.0173924 -0.00810776 0.988263
1305031541.471366 -0.300815 0.331945 -0.50522 0.14672 0.00666009 -0.0176004 0.988999
1305031541.501569 -0.306755 0.330291 -0.498723 0.139529 -0.00478303 -0.0308788 0.989725
1305031541.535345 -0.310209 0.328538 -0.494254 0.132448 -0.0162221 -0.044699 0.990049
1305031541.569819 -0.315285 0.32631 -0.490504 0.124746 -0.0266271 -0.0586559 0.990095
1305031541.603472 -0.321458 0.321153 -0.488288 0.116807 -0.0386293 -0.0732104 0.989699
1305031541.635279 -0.328445 0.318563 -0.483826 0.111042 -0.0524674 -0.0882725 0.988496
1305031541.671483 -0.333934 0.317072 -0.480544 0.105658 -0.0671645 -0.105838 0.98647
1305031541.703527 -0.336749 0.311672 -0.477059 0.0989957 -0.0814841 -0.127081 0.98357
1305031541.734963 -0.342374 0.310104 -0.474838 0.0934587 -0.0943737 -0.152244 0.979378
1305031541.771656 -0.346799 0.307795 -0.470445 0.0871119 -0.106383 -0.183801 0.973299
1305031541.803338 -0.35281 0.306243 -0.466634 0.0799574 -0.111779 -0.217794 0.96627
1305031541.835259 -0.364501 0.304185 -0.46309 0.0707838 -0.116477 -0.248541 0.958984
1305031541.871359 -0.373555 0.301191 -0.45987 0.0654356 -0.128017 -0.272493 0.951356
1305031541.903131 -0.381611 0.304346 -0.457675 0.0618063 -0.143096 -0.289856 0.944292
1305031541.932460 -0.389268 0.300039 -0.454519 0.0535194 -0.162024 -0.301363 0.938117
1305031541.969202 -0.395674 0.294419 -0.452865 0.0466197 -0.182825 -0.306355 0.933032
1305031542.000034 -0.400443 0.295196 -0.449553 0.0425762 -0.204632 -0.309116 0.927772
1305031542.032795 -0.400689 0.290787 -0.443303 0.0374281 -0.228645 -0.312903 0.921093
1305031542.069819 -0.399422 0.287768 -0.434177 0.0353984 -0.244243 -0.319643 0.914834
1305031542.102573 -0.398442 0.290448 -0.426428 0.0357565 -0.252329 -0.329533 0.909098
1305031542.139294 -0.401799 0.287843 -0.418809 0.0317232 -0.257624 -0.340738 0.903615
1305031542.170485 -0.407656 0.286168 -0.412852 0.0283047 -0.262956 -0.347412 0.899643
1305031542.202214 -0.409057 0.28984 -0.405522 0.0240932 -0.273118 -0.351263 0.895232
1305031542.237243 -0.412525 0.285211 -0.397402 0.0159279 -0.28436 -0.356344 0.88989
1305031542.269752 -0.407318 0.283145 -0.386147 0.0121796 -0.294613 -0.359815 0.885205
1305031542.301218 -0.399836 0.281457 -0.372353 0.0086001 -0.298553 -0.366403 0.881216
1305031542.338812 -0.400476 0.273993 -0.361055 0.00330926 -0.294664 -0.374248 0.879261
1305031542.371582 -0.401246 0.272314 -0.352217 0.00101124 -0.28977 -0.377249 0.879611
1305031542.403140 -0.398777 0.268441 -0.341071 -0.00496237 -0.289232 -0.376355 0.880157
1305031542.439210 -0.399098 0.261772 -0.329974 -0.0117486 -0.288496 -0.374788 0.881003
1305031542.471527 -0.397905 0.254628 -0.320072 -0.0149656 -0.289657 -0.371442 0.881989
1305031542.503717 -0.391397 0.247484 -0.308236 -0.0178512 -0.293827 -0.365278 0.88313
1305031542.539439 -0.385315 0.236357 -0.295059 -0.0218915 -0.296717 -0.360103 0.884198
1305031542.571672 -0.381492 0.224479 -0.284525 -0.0228008 -0.297306 -0.354944 0.886061
1305031542.603499 -0.372427 0.217195 -0.273861 -0.0214774 -0.299762 -0.347513 0.88821
1305031542.639171 -0.365034 0.205286 -0.260532 -0.024303 -0.302537 -0.340788 0.8898
1305031542.668866 -0.358446 0.193662 -0.249724 -0.0246334 -0.303945 -0.335256 0.891411
1305031542.702239 -0.34783 0.184262 -0.237604 -0.0224444 -0.306476 -0.333432 0.891287
1305031542.737961 -0.337132 0.174102 -0.222572 -0.0229478 -0.307308 -0.332849 0.891205
1305031542.771170 -0.333734 0.163579 -0.212223 -0.0243636 -0.304027 -0.333007 0.892233
1305031542.803270 -0.326978 0.155371 -0.200838 -0.0240915 -0.305804 -0.33359 0.891415
1305031542.839568 -0.315566 0.146573 -0.183462 -0.0257447 -0.309224 -0.334289 0.889926
1305031542.871198 -0.310228 0.136032 -0.169385 -0.0291624 -0.306593 -0.335464 0.890289
1305031542.903732 -0.303976 0.128155 -0.15674 -0.031284 -0.304109 -0.336596 0.890641
1305031542.939215 -0.300723 0.118331 -0.142519 -0.035451 -0.30304 -0.338532 0.890116
1305031542.970866 -0.296928 0.109746 -0.129421 -0.0384188 -0.305411 -0.338456 0.889211
1305031543.002677 -0.290663 0.100522 -0.11283 -0.0434674 -0.310427 -0.336607 0.887942
1305031543.039126 -0.287705 0.0894653 -0.0976479 -0.0492406 -0.313849 -0.334654 0.887176
1305031543.070710 -0.280103 0.082079 -0.0817049 -0.0523445 -0.319015 -0.332701 0.885889
1305031543.102755 -0.273521 0.0725556 -0.0638745 -0.0580158 -0.322306 -0.333239 0.884141
1305031543.139358 -0.26711 0.0622393 -0.0462389 -0.0630791 -0.323267 -0.334441 0.882989
1305031543.170265 -0.263836 0.0515868 -0.031083 -0.0682611 -0.322091 -0.334533 0.882998
1305031543.200190 -0.259927 0.0409824 -0.0174225 -0.0727358 -0.322998 -0.329816 0.884083
1305031543.238701 -0.254361 0.0311949 -0.0033969 -0.0774896 -0.325082 -0.321107 0.886119
1305031543.270923 -0.251648 0.0189653 0.00931591 -0.0811728 -0.326862 -0.313882 0.887722
1305031543.302962 -0.247915 0.00887644 0.018601 -0.078852 -0.329621 -0.307597 0.88911
1305031543.338824 -0.243319 0.00275724 0.0257834 -0.0753931 -0.332233 -0.302286 0.890259
1305031543.370800 -0.24179 -0.00686001 0.031134 -0.0730742 -0.334274 -0.29908 0.89077
1305031543.407586 -0.240379 -0.0122333 0.0321159 -0.0657047 -0.337798 -0.299043 0.890027
1305031543.436408 -0.23862 -0.0177132 0.033431 -0.059773 -0.342056 -0.298791 0.888903
1305031543.472193 -0.238858 -0.0213478 0.031334 -0.054942 -0.344217 -0.297778 0.888721
1305031543.507662 -0.240751 -0.0246522 0.0266291 -0.050618 -0.3481 -0.299512 0.88688
1305031543.539811 -0.24168 -0.0269429 0.0219629 -0.0449909 -0.354872 -0.302837 0.883364
1305031543.572301 -0.243839 -0.0291872 0.0157962 -0.0410688 -0.35902 -0.305546 0.880943
1305031543.607686 -0.247856 -0.0296802 0.00410128 -0.037314 -0.362752 -0.309191 0.878305
1305031543.639875 -0.251178 -0.028126 -0.00616973 -0.0357644 -0.370143 -0.31604 0.872831
1305031543.671696 -0.258098 -0.0339321 -0.0170292 -0.0378742 -0.373379 -0.320141 0.869864
1305031543.707488 -0.263763 -0.0346126 -0.0332123 -0.0339385 -0.374894 -0.320972 0.869069
1305031543.739759 -0.268048 -0.0357153 -0.0480978 -0.0324561 -0.377681 -0.322584 0.867319
1305031543.771875 -0.277144 -0.0399784 -0.0656254 -0.0334799 -0.37882 -0.320934 0.867396
1305031543.807535 -0.280557 -0.0374955 -0.0866381 -0.0308059 -0.381812 -0.316313 0.867881
1305031543.839894 -0.283505 -0.0380006 -0.104619 -0.0345031 -0.385162 -0.313286 0.867359
1305031543.871869 -0.287659 -0.0428119 -0.121768 -0.0420384 -0.386408 -0.308534 0.868175
1305031543.907474 -0.289798 -0.0446432 -0.141491 -0.0474065 -0.384687 -0.302589 0.870752
1305031543.939753 -0.29345 -0.0489748 -0.161877 -0.0531382 -0.380973 -0.298398 0.873495
1305031543.970786 -0.295764 -0.0516352 -0.183063 -0.0534442 -0.375379 -0.295779 0.876783
1305031544.007529 -0.298821 -0.0587008 -0.201649 -0.0534167 -0.367235 -0.292983 0.881162
1305031544.038948 -0.300202 -0.0596567 -0.225467 -0.0471263 -0.35505 -0.290415 0.887343
1305031544.070711 -0.300888 -0.0576482 -0.248029 -0.0416129 -0.341005 -0.288302 0.893793
1305031544.106609 -0.311657 -0.0622347 -0.273482 -0.0405009 -0.323929 -0.283763 0.901614
1305031544.137311 -0.320392 -0.0583033 -0.304435 -0.0324975 -0.311199 -0.276533 0.908641
1305031544.171722 -0.323985 -0.0524908 -0.327603 -0.0259788 -0.303956 -0.271216 0.912895
1305031544.206571 -0.331635 -0.0475977 -0.351339 -0.0185577 -0.293058 -0.266744 0.917943
1305031544.238072 -0.337245 -0.0376062 -0.375338 -0.00937986 -0.281028 -0.264405 0.92251
1305031544.267766 -0.345611 -0.0291132 -0.398449 -0.0022738 -0.267716 -0.263488 0.926767
1305031544.303584 -0.357122 -0.0185176 -0.423275 0.00642622 -0.252835 -0.265006 0.930486
1305031544.338210 -0.368236 -0.00291389 -0.447281 0.0149514 -0.240012 -0.266046 0.933483
1305031544.367911 -0.374746 0.0193587 -0.468487 0.0206201 -0.229596 -0.267382 0.935611
1305031544.405875 -0.385926 0.0385597 -0.485672 0.0167833 -0.216798 -0.270828 0.937747
1305031544.437826 -0.406271 0.0491489 -0.505232 0.00946116 -0.20419 -0.272556 0.940176
1305031544.469937 -0.422568 0.0693411 -0.523229 0.00564926 -0.197405 -0.271631 0.941921
1305031544.505986 -0.443021 0.0812132 -0.538554 -0.00181106 -0.193254 -0.273003 0.942401
1305031544.539003 -0.462498 0.0947953 -0.552926 -0.00594327 -0.192536 -0.276482 0.941516
1305031544.574785 -0.481545 0.106699 -0.563974 -0.00855746 -0.194082 -0.279521 0.94028
1305031544.607438 -0.490855 0.130885 -0.574137 -0.00837873 -0.197525 -0.280502 0.939272
1305031544.638925 -0.503895 0.146962 -0.581112 -0.0172166 -0.199694 -0.282149 0.938199
1305031544.675602 -0.524739 0.154668 -0.587299 -0.026135 -0.201727 -0.283545 0.937137
1305031544.703615 -0.539293 0.171168 -0.593945 -0.0290373 -0.206388 -0.284373 0.935785
1305031544.738977 -0.553653 0.177902 -0.592692 -0.0348545 -0.211662 -0.284715 0.934303
1305031544.775192 -0.569999 0.184637 -0.595049 -0.0341311 -0.213286 -0.287138 0.933218
1305031544.807101 -0.584896 0.196595 -0.598467 -0.0296353 -0.213268 -0.288469 0.932965
1305031544.839027 -0.59451 0.214464 -0.599926 -0.0267382 -0.213727 -0.288727 0.932868
1305031544.875379 -0.609897 0.225699 -0.600595 -0.0312004 -0.212927 -0.291465 0.93206
1305031544.907436 -0.625685 0.232948 -0.598468 -0.0341867 -0.210814 -0.296273 0.930919
1305031544.939009 -0.639277 0.243272 -0.59715 -0.0347012 -0.205864 -0.303003 0.929841
1305031544.975561 -0.659899 0.250995 -0.596564 -0.038446 -0.198836 -0.308039 0.929569
1305031545.007409 -0.679952 0.254506 -0.594868 -0.0433023 -0.195976 -0.308576 0.929785
1305031545.039484 -0.696133 0.257205 -0.592493 -0.0449248 -0.193109 -0.30624 0.931079
1305031545.075213 -0.713876 0.256719 -0.590369 -0.0434439 -0.188091 -0.303007 0.933232
1305031545.107171 -0.728921 0.262295 -0.589071 -0.0398676 -0.182807 -0.29695 0.936383
1305031545.139414 -0.741095 0.264989 -0.586615 -0.0390697 -0.177259 -0.287246 0.940501
1305031545.174984 -0.754299 0.267552 -0.584782 -0.0390672 -0.168714 -0.274813 0.945773
1305031545.207672 -0.768363 0.269145 -0.581183 -0.0392507 -0.159763 -0.262984 0.950671
1305031545.239686 -0.787885 0.263432 -0.577225 -0.0391853 -0.151212 -0.250363 0.955467
1305031545.275412 -0.803093 0.269832 -0.575987 -0.0313895 -0.144808 -0.237135 0.960111
1305031545.306213 -0.814637 0.276352 -0.573327 -0.0277637 -0.140516 -0.226518 0.963418
1305031545.339544 -0.828959 0.27682 -0.569241 -0.0269288 -0.134942 -0.216798 0.96647
1305031545.375555 -0.845683 0.275227 -0.565984 -0.0244053 -0.127742 -0.20496 0.970092
1305031545.407463 -0.862908 0.273508 -0.563516 -0.0195078 -0.122197 -0.191404 0.97368
1305031545.439168 -0.87852 0.274589 -0.560685 -0.0119508 -0.119294 -0.18035 0.976268
1305031545.475453 -0.896143 0.263373 -0.555817 -0.00590684 -0.116789 -0.171257 0.978262
1305031545.507417 -0.911627 0.265815 -0.554972 0.0104457 -0.116102 -0.162534 0.979793
1305031545.539498 -0.926086 0.264729 -0.552749 0.0225673 -0.117642 -0.153875 0.980803
1305031545.578088 -0.941728 0.265875 -0.551847 0.0367685 -0.121108 -0.150304 0.980505
1305031545.603778 -0.954122 0.272348 -0.549288 0.0493096 -0.127397 -0.149767 0.979239
1305031545.635945 -0.965703 0.271813 -0.543653 0.0589666 -0.13344 -0.149294 0.977971
1305031545.673535 -0.976219 0.269452 -0.537383 0.0711087 -0.137542 -0.150717 0.976376
1305031545.706561 -0.985739 0.277475 -0.532257 0.088719 -0.140351 -0.154001 0.97402
1305031545.739007 -0.994221 0.294493 -0.526745 0.0984221 -0.140533 -0.154665 0.972955
1305031545.775565 -1.00502 0.30277 -0.521112 0.0993889 -0.141349 -0.15614 0.972503
1305031545.807492 -1.01422 0.314577 -0.513038 0.0987521 -0.143242 -0.159216 0.971792
1305031545.843386 -1.01687 0.327039 -0.503932 0.0954241 -0.144409 -0.161324 0.971604
1305031545.875515 -1.02197 0.336596 -0.49433 0.086339 -0.13999 -0.163493 0.972738
1305031545.907616 -1.02844 0.345722 -0.485917 0.0776664 -0.13301 -0.165706 0.974073
1305031545.943703 -1.03176 0.362631 -0.477004 0.0694515 -0.127574 -0.16815 0.975001
1305031545.975685 -1.03612 0.370904 -0.467913 0.056043 -0.121004 -0.168208 0.97669
1305031546.007570 -1.04116 0.385489 -0.462272 0.0453877 -0.114665 -0.167458 0.978136
1305031546.043793 -1.03466 0.397556 -0.452723 0.0310782 -0.111135 -0.167567 0.979083
1305031546.075425 -1.03524 0.406352 -0.445086 0.0154215 -0.0989459 -0.166759 0.980899
1305031546.104074 -1.03556 0.414485 -0.438615 0.00312613 -0.0872969 -0.164101 0.982568
1305031546.143517 -1.03246 0.425513 -0.432482 -0.00559873 -0.0767746 -0.160142 0.984088
1305031546.175972 -1.03099 0.437294 -0.427911 -0.013904 -0.0659135 -0.155106 0.985598
1305031546.207525 -1.02407 0.446813 -0.422298 -0.0231731 -0.0582843 -0.149545 0.986763
1305031546.243573 -1.02239 0.450079 -0.415723 -0.0314957 -0.0464741 -0.141903 0.988287
1305031546.276113 -1.01975 0.461881 -0.410566 -0.0317276 -0.035755 -0.133845 0.989849
1305031546.308117 -1.00937 0.475937 -0.404345 -0.0350445 -0.0286656 -0.125322 0.991083
1305031546.343932 -1.00987 0.480827 -0.397706 -0.0410051 -0.0172477 -0.115488 0.992312
1305031546.376105 -1.00705 0.491387 -0.392136 -0.0402657 -0.0112888 -0.105929 0.993494
1305031546.407683 -1.00003 0.502594 -0.385611 -0.0402764 -0.00861109 -0.0971423 0.994418
1305031546.443985 -0.997651 0.510109 -0.379181 -0.04044 -0.00555115 -0.0894608 0.995154
1305031546.476002 -0.989111 0.526933 -0.373857 -0.0380454 -0.00546985 -0.0839992 0.995724
1305031546.507978 -0.987937 0.532777 -0.366036 -0.0432206 -0.000470544 -0.0796478 0.995886
1305031546.544091 -0.984098 0.544966 -0.360838 -0.0408155 0.00191496 -0.0751447 0.996335
1305031546.576436 -0.980281 0.557548 -0.355617 -0.0423468 0.00494927 -0.0719312 0.996498
1305031546.604477 -0.978344 0.568416 -0.349235 -0.0476783 0.00841305 -0.0682213 0.996495
1305031546.644231 -0.972875 0.578537 -0.343182 -0.054489 0.0100826 -0.0643954 0.996385
1305031546.676019 -0.970851 0.586363 -0.336634 -0.0621032 0.0144915 -0.0625115 0.996005
1305031546.707952 -0.967106 0.59363 -0.330485 -0.0680241 0.0180064 -0.0611101 0.995648
1305031546.743907 -0.963835 0.603135 -0.324084 -0.0741145 0.0234947 -0.0603929 0.995142
1305031546.775885 -0.963088 0.607139 -0.317014 -0.0843815 0.0285518 -0.0596061 0.994239
1305031546.808019 -0.961733 0.610423 -0.310681 -0.0903951 0.031273 -0.0596775 0.993624
1305031546.844098 -0.961259 0.614034 -0.305142 -0.0936451 0.0320946 -0.05933 0.993318
1305031546.876150 -0.959633 0.614705 -0.299913 -0.0975302 0.0298139 -0.0598296 0.992985
1305031546.904254 -0.958975 0.613805 -0.295413 -0.0981882 0.0289698 -0.0617752 0.992826
1305031546.943871 -0.959413 0.617344 -0.291749 -0.0934387 0.0288285 -0.0635846 0.993174
1305031546.975693 -0.959411 0.619922 -0.28829 -0.092594 0.0275203 -0.0657077 0.993152
1305031547.008548 -0.960263 0.618189 -0.284654 -0.0938643 0.0253039 -0.0674252 0.992977
1305031547.044236 -0.957747 0.619898 -0.282486 -0.0912668 0.0228804 -0.0695905 0.993128
1305031547.074033 -0.95697 0.61691 -0.280637 -0.0915404 0.0246371 -0.0721313 0.99288
1305031547.109368 -0.956822 0.615683 -0.279421 -0.0879248 0.0273548 -0.0736313 0.993025
1305031547.143020 -0.95724 0.615297 -0.279382 -0.0829162 0.0294068 -0.074455 0.993336
1305031547.172567 -0.958529 0.615451 -0.280379 -0.0796752 0.0301757 -0.0730507 0.993682
1305031547.211605 -0.958639 0.613499 -0.281464 -0.0790826 0.0271171 -0.0717673 0.993911
1305031547.244133 -0.95779 0.61037 -0.283558 -0.0775601 0.024038 -0.0719162 0.9941
1305031547.276566 -0.958462 0.610099 -0.285811 -0.073527 0.0234436 -0.0725666 0.994373
1305031547.312300 -0.958808 0.60775 -0.28826 -0.0723532 0.0221399 -0.072784 0.994473
1305031547.344201 -0.960575 0.607718 -0.290521 -0.0697453 0.0214094 -0.0719222 0.994738
1305031547.376783 -0.961062 0.606911 -0.292609 -0.068973 0.0182584 -0.0710026 0.994921
1305031547.412309 -0.960758 0.605216 -0.294187 -0.068398 0.0145951 -0.0704058 0.995064
1305031547.444479 -0.960473 0.603415 -0.295352 -0.0673777 0.011996 -0.0711857 0.995113
1305031547.475653 -0.959997 0.602581 -0.29638 -0.0644897 0.0107592 -0.0724988 0.995223
1305031547.512129 -0.959076 0.603966 -0.296866 -0.0613803 0.0104326 -0.0733964 0.995358
1305031547.543063 -0.958699 0.60192 -0.296425 -0.0620131 0.0107161 -0.0743292 0.995246
1305031547.572452 -0.958212 0.602311 -0.295784 -0.0596883 0.011089 -0.0740744 0.995403
1305031547.610069 -0.957904 0.60374 -0.295528 -0.0592636 0.01125 -0.073113 0.995498
1305031547.643685 -0.957325 0.6001 -0.294171 -0.0619932 0.0107612 -0.072503 0.995382
1305031547.675727 -0.955987 0.603274 -0.293858 -0.0590157 0.0113706 -0.0720348 0.99559
1305031547.712359 -0.954693 0.602337 -0.291932 -0.063207 0.0122814 -0.0725531 0.995284
1305031547.741819 -0.95409 0.599166 -0.291116 -0.0648229 0.0132953 -0.0726731 0.995158
1305031547.773659 -0.953226 0.601572 -0.291231 -0.0617081 0.0142243 -0.0733639 0.995293
1305031547.812136 -0.952112 0.600188 -0.29057 -0.0630235 0.0152859 -0.0742293 0.99513
1305031547.844573 -0.951961 0.600127 -0.290797 -0.0621318 0.0169128 -0.0739878 0.995178
1305031547.875313 -0.950798 0.600363 -0.290728 -0.0623787 0.0167524 -0.0739787 0.995166
1305031547.912229 -0.949505 0.59818 -0.29031 -0.0639078 0.0165153 -0.0737162 0.995092
1305031547.942674 -0.94956 0.598584 -0.290442 -0.0629614 0.0177535 -0.0732555 0.995165
1305031547.976525 -0.949425 0.598359 -0.290368 -0.0630887 0.0181948 -0.0729687 0.995171
