1305031102.160407 0 0 0 0 0 0 1
1305031102.194330 -0.00237894 0.00529931 0.0114951 -0.00143093 -0.00301658 -0.00177126 0.999993
1305031102.226738 -0.00289456 0.00698797 0.0242374 -0.00640109 -0.0063686 -0.00259281 0.999956
1305031102.262886 -0.00412317 0.00881331 0.036045 -0.0113824 -0.00891081 -0.00242621 0.999893
1305031102.295279 -0.00354896 0.0086027 0.0490934 -0.016196 -0.0114897 -0.00171784 0.999801
1305031102.329195 -0.00495076 0.00953394 0.0605342 -0.0190414 -0.0128951 -0.000258106 0.999736
1305031102.363013 -0.00557383 0.0105876 0.0724399 -0.0210843 -0.0147285 0.000598348 0.999669
1305031102.394772 -0.0088395 0.0140301 0.0832644 -0.0221962 -0.0160914 0.000233793 0.999624
1305031102.427815 -0.00930365 0.0199214 0.0947079 -0.0247967 -0.0194353 -5.02986e-05 0.999504
1305031102.462395 -0.00838535 0.0213857 0.107323 -0.0310688 -0.0225614 -0.000414613 0.999262
1305031102.494271 -0.00823196 0.0220802 0.11977 -0.0369728 -0.0227507 -0.000916761 0.999057
1305031102.526330 -0.00973241 0.0226773 0.131697 -0.0415265 -0.0210752 -0.0028047 0.998911
1305031102.562224 -0.00958336 0.0204151 0.14463 -0.0451252 -0.0196571 -0.00456504 0.998777
1305031102.594158 -0.011611 0.017861 0.156557 -0.0448343 -0.0166104 -0.00501777 0.998844
1305031102.626818 -0.0147241 0.0224916 0.166894 -0.0415316 -0.0143708 -0.00396114 0.999026
1305031102.663273 -0.0153707 0.0267979 0.179065 -0.0409336 -0.015247 -0.00316198 0.999041
1305031102.695165 -0.0160518 0.0278742 0.192067 -0.0422101 -0.0158696 -0.00198334 0.998981
1305031102.728423 -0.0162269 0.0321093 0.204462 -0.0424828 -0.0162826 -0.00044067 0.998964
1305031102.763549 -0.0159346 0.0353551 0.217199 -0.0436633 -0.0152033 -0.00111665 0.99893
1305031102.794978 -0.0168102 0.0383871 0.229839 -0.0447877 -0.0121592 -0.0024509 0.99892
1305031102.828537 -0.0162646 0.0400936 0.242856 -0.0464859 -0.00911786 -0.00318956 0.998872
1305031102.862808 -0.0183594 0.0419925 0.255001 -0.0467618 -0.00523623 -0.00493426 0.99888
1305031102.894167 -0.0192039 0.0455819 0.266602 -0.045878 -0.0033701 -0.00667599 0.998919
1305031102.926851 -0.0239009 0.0472707 0.277562 -0.046024 -0.00136957 -0.00826662 0.998905
1305031102.962137 -0.0283634 0.0505339 0.288823 -0.0462251 -0.00440103 -0.00853624 0.998885
1305031102.994164 -0.0295185 0.054408 0.300018 -0.0466463 -0.0106094 -0.00662125 0.998833
1305031103.027881 -0.0305676 0.0577435 0.310764 -0.0479234 -0.0163021 -0.00374455 0.998711
1305031103.062273 -0.0293217 0.0592222 0.321233 -0.048563 -0.0207443 -0.00185727 0.998603
1305031103.094040 -0.0301182 0.0641399 0.329708 -0.0469691 -0.0210371 -0.000318222 0.998675
1305031103.129109 -0.029798 0.0676131 0.339279 -0.0473306 -0.0212032 0.0010788 0.998654
1305031103.162795 -0.030425 0.0722374 0.347409 -0.0476172 -0.0200079 0.00160084 0.998664
1305031103.191061 -0.0306973 0.078309 0.355905 -0.0497519 -0.0196939 0.0027111 0.998564
1305031103.227845 -0.0312152 0.081585 0.363782 -0.0559091 -0.0194811 0.00534864 0.998231
1305031103.262576 -0.0334285 0.0835176 0.370898 -0.0643097 -0.020301 0.00938457 0.997679
1305031103.294208 -0.0351433 0.0810281 0.376864 -0.0730883 -0.026103 0.0109436 0.996924
1305031103.327550 -0.0333607 0.0818375 0.37945 -0.075394 -0.0321728 0.0107539 0.996577
1305031103.362405 -0.0316961 0.0817742 0.380785 -0.077917 -0.0331508 0.0118901 0.996338
1305031103.394162 -0.0317869 0.0779321 0.380626 -0.08159 -0.03221 0.0133373 0.996056
1305031103.428437 -0.0323093 0.0747149 0.377702 -0.0829774 -0.0332674 0.0137568 0.995901
1305031103.463886 -0.03208 0.0709913 0.373982 -0.0835344 -0.0360418 0.0123968 0.995776
1305031103.494472 -0.0322643 0.0666602 0.368681 -0.0824129 -0.0378371 0.0102268 0.995827
1305031103.531502 -0.031997 0.061376 0.361612 -0.0798398 -0.0391102 0.00848444 0.996004
1305031103.562651 -0.0321522 0.0571773 0.35278 -0.0761439 -0.0404224 0.0079814 0.996245
1305031103.595310 -0.0326751 0.0524947 0.34319 -0.0736052 -0.0426551 0.00929963 0.996331
1305031103.631376 -0.0325152 0.0473729 0.332725 -0.0716195 -0.046197 0.0104467 0.996307
1305031103.663594 -0.0311496 0.043379 0.321826 -0.0689856 -0.0496241 0.0110305 0.996322
1305031103.694695 -0.0289103 0.0392455 0.310566 -0.0666722 -0.0517805 0.0114379 0.996365
1305031103.731542 -0.0276962 0.0332054 0.298278 -0.064981 -0.0520848 0.0107224 0.996469
1305031103.762865 -0.0267986 0.0292936 0.284926 -0.0621168 -0.0517457 0.00848494 0.99669
1305031103.794329 -0.0259599 0.0275422 0.270848 -0.060431 -0.0509624 0.00544941 0.996856
1305031103.830367 -0.0274622 0.0272953 0.256794 -0.0613422 -0.0497974 0.00254388 0.996871
1305031103.862379 -0.027932 0.0197814 0.244829 -0.0676837 -0.0514606 -0.000114543 0.996379
1305031103.894237 -0.0281572 0.012256 0.23166 -0.070254 -0.054491 -0.00210955 0.996037
1305031103.930503 -0.026443 0.00718935 0.217003 -0.0691618 -0.0579011 -0.00298484 0.995919
1305031103.962461 -0.0240504 0.00255909 0.203308 -0.0674274 -0.0606529 -0.00422444 0.99587
1305031103.994365 -0.0208611 -0.00326207 0.19032 -0.0646988 -0.0619492 -0.00503785 0.995967
1305031104.030279 -0.0176846 -0.00822288 0.174637 -0.0590899 -0.0604756 -0.00704899 0.996394
1305031104.062542 -0.014806 -0.00972006 0.158898 -0.0534405 -0.0570012 -0.00974988 0.996895
1305031104.095305 -0.010784 -0.0140275 0.146716 -0.0505579 -0.0528891 -0.0119283 0.997248
1305031104.131292 -0.011181 -0.0192685 0.13185 -0.0469274 -0.0464755 -0.0130326 0.997731
1305031104.163440 -0.0111764 -0.0226833 0.117312 -0.0425767 -0.0421242 -0.013967 0.998107
1305031104.194053 -0.010296 -0.0271359 0.104645 -0.0389563 -0.0395484 -0.014191 0.998357
1305031104.227247 -0.00918354 -0.0297293 0.0915896 -0.0343286 -0.0373799 -0.0141564 0.998611
1305031104.263335 -0.00747 -0.0324968 0.0779742 -0.0300082 -0.0353555 -0.0149289 0.998813
1305031104.294957 -0.00507551 -0.0343765 0.0661711 -0.0260226 -0.0331476 -0.0152841 0.998995
1305031104.331403 -0.00330097 -0.034613 0.0543895 -0.0221597 -0.0299301 -0.0157332 0.999182
1305031104.363345 -0.00223927 -0.0349646 0.0434764 -0.0195591 -0.0257418 -0.0157526 0.999353
1305031104.395019 -0.00419739 -0.0355216 0.0322131 -0.0177077 -0.0209264 -0.0154919 0.999504
1305031104.431435 -0.00643083 -0.035721 0.0216784 -0.0167255 -0.0181521 -0.0147486 0.999587
1305031104.463413 -0.0103046 -0.0360149 0.0120634 -0.0164776 -0.0175757 -0.0140476 0.999611
1305031104.495673 -0.0114236 -0.0389912 0.0034915 -0.0166245 -0.0195966 -0.0127401 0.999589
1305031104.531450 -0.0105995 -0.0418949 -0.00589683 -0.0147872 -0.0221357 -0.012083 0.999573
1305031104.563149 -0.00781769 -0.0456806 -0.0155503 -0.0115344 -0.0231637 -0.0115464 0.999598
1305031104.595033 -0.0028503 -0.0525654 -0.0244323 -0.00556042 -0.021184 -0.0100968 0.999709
1305031104.631368 -0.0014025 -0.0529716 -0.0356549 0.00591089 -0.0146668 -0.00911645 0.999833
1305031104.659863 0.00163963 -0.0548164 -0.0459745 0.0174882 -0.00755992 -0.00888828 0.999779
1305031104.695185 0.000673017 -0.0556465 -0.0571712 0.0304569 0.000698553 -0.00721193 0.99951
1305031104.730936 0.00209585 -0.0558391 -0.0686318 0.0440829 0.00773637 -0.00563625 0.998982
1305031104.763178 0.00447893 -0.0546728 -0.0778397 0.0567821 0.0143755 -0.00348946 0.998277
1305031104.799499 0.00729572 -0.0518289 -0.0852111 0.0688095 0.0204122 -0.00117065 0.99742
1305031104.830961 0.00859597 -0.049264 -0.0918737 0.0783146 0.0267389 0.00137241 0.996569
1305031104.863256 0.00901947 -0.043652 -0.0961061 0.0858368 0.030847 0.00429142 0.995822
1305031104.899165 0.0112089 -0.0397303 -0.0985713 0.0897565 0.0318989 0.00667219 0.99543
1305031104.931091 0.0118751 -0.0370972 -0.0988028 0.0914791 0.0325735 0.00804249 0.995242
1305031104.959750 0.0124613 -0.032021 -0.0963921 0.091973 0.0321149 0.00872624 0.995205
1305031104.998342 0.0127958 -0.0267878 -0.0909079 0.0896008 0.0312338 0.00938783 0.995444
1305031105.030427 0.0120008 -0.0229926 -0.0838797 0.084784 0.0310257 0.00878082 0.995877
1305031105.062445 0.0120398 -0.0217463 -0.075704 0.0782338 0.0301056 0.00691354 0.996456
1305031105.097639 0.00962382 -0.022888 -0.0659797 0.0714013 0.0299007 0.00533681 0.996985
1305031105.130269 0.00378651 -0.0160877 -0.0564326 0.0667227 0.029123 0.00304381 0.997342
1305031105.159979 0.0010818 -0.0100302 -0.0439396 0.0573681 0.0262553 -0.000385651 0.998008
1305031105.198212 -0.00265796 -0.0107458 -0.0294641 0.0445888 0.0233283 -0.00285846 0.998729
1305031105.228250 -0.00753059 -0.00900336 -0.0150802 0.0351298 0.0192456 -0.00438417 0.999188
1305031105.262389 -0.0114616 -0.00635012 -0.00163998 0.0259188 0.0136646 -0.00639249 0.99955
1305031105.298501 -0.0141753 -0.0064386 0.0139915 0.0151798 0.00698041 -0.00675922 0.999838
1305031105.328878 -0.0155808 -0.00894857 0.0294917 0.00516659 0.000196766 -0.00644682 0.999966
1305031105.362286 -0.0184878 -0.00984731 0.0435012 -0.000614654 -0.00462573 -0.00636248 0.999969
1305031105.398191 -0.0207047 -0.00496443 0.0560878 -0.00415173 -0.00896772 -0.00709872 0.999926
1305031105.430336 -0.0222561 -0.00548223 0.0708486 -0.0108748 -0.0131947 -0.00790217 0.999823
1305031105.461421 -0.0239399 -0.00493282 0.0842427 -0.0156953 -0.0162193 -0.00776644 0.999715
1305031105.497931 -0.0244029 -0.00261449 0.0975375 -0.0195807 -0.0191501 -0.00811089 0.999592
1305031105.529583 -0.0244439 -0.00309821 0.112263 -0.0244803 -0.0205505 -0.00722929 0.999463
1305031105.562109 -0.0264514 -0.00156285 0.125942 -0.0275935 -0.0209982 -0.00668405 0.999376
1305031105.597193 -0.0258424 -0.00200556 0.140796 -0.0308713 -0.0224456 -0.0062897 0.999252
1305031105.627128 -0.0273734 -0.00137921 0.154505 -0.032505 -0.0223093 -0.00412553 0.999214
1305031105.659104 -0.0261628 0.00144692 0.168221 -0.0334877 -0.0234128 -0.00210806 0.999163
1305031105.698235 -0.02362 0.00128248 0.183009 -0.0341923 -0.0227676 -0.00196137 0.999154
1305031105.730336 -0.0234531 0.00541885 0.196709 -0.0320727 -0.0191628 -0.00199683 0.9993
1305031105.762384 -0.0216563 0.00788167 0.211161 -0.0314901 -0.015194 -0.00216903 0.999386
1305031105.798056 -0.0208222 0.00915816 0.225905 -0.0309379 -0.0103678 -0.0015278 0.999466
1305031105.830008 -0.0187626 0.0112806 0.239838 -0.0295865 -0.00683868 -0.000429891 0.999539
1305031105.862238 -0.0171002 0.0165527 0.252818 -0.0278643 -0.00262926 0.00109109 0.999608
1305031105.898018 -0.0158013 0.0214609 0.2667 -0.0288089 0.00136298 0.00456843 0.999574
1305031105.929855 -0.0153015 0.0261013 0.279463 -0.0311117 0.00494642 0.00772613 0.999474
1305031105.966193 -0.0146713 0.0313382 0.292173 -0.034189 0.00725616 0.009635 0.999343
1305031105.998271 -0.0136195 0.0354594 0.304877 -0.0384192 0.00920367 0.0112529 0.999156
1305031106.030147 -0.0141411 0.0394282 0.316932 -0.04268 0.0116393 0.0124412 0.998944
1305031106.066060 -0.0148545 0.043759 0.328666 -0.0466114 0.0130572 0.0141277 0.998728
1305031106.096295 -0.0161601 0.0505337 0.339832 -0.0500214 0.0134291 0.0148349 0.998548
1305031106.130445 -0.0179045 0.0538734 0.351169 -0.0561947 0.0127949 0.0161609 0.998207
1305031106.166330 -0.0190867 0.05602 0.361651 -0.061453 0.0113426 0.0174786 0.997892
1305031106.195074 -0.0200258 0.0567861 0.371347 -0.0654852 0.00998831 0.0182821 0.997636
1305031106.230058 -0.0215584 0.0592049 0.379342 -0.06659 0.00901185 0.020652 0.997526
1305031106.265976 -0.0226729 0.0640198 0.385945 -0.0666558 0.00753247 0.0227068 0.997489
1305031106.298174 -0.0226957 0.067874 0.391973 -0.0691606 0.005888 0.0250539 0.997273
1305031106.330215 -0.0237799 0.0737901 0.395994 -0.072377 0.00514346 0.0266111 0.997009
1305031106.366158 -0.0219675 0.0770795 0.399585 -0.0793181 0.00388644 0.0219071 0.996601
1305031106.398281 -0.0204976 0.0728865 0.401777 -0.0883188 0.0068933 0.015891 0.995942
1305031106.430639 -0.0226002 0.0679898 0.401059 -0.0927966 0.0121059 0.0113008 0.995547
1305031106.466046 -0.0240775 0.0648184 0.397741 -0.093825 0.0130352 0.00920417 0.995461
1305031106.498096 -0.0257044 0.0597692 0.392922 -0.0942073 0.0109217 0.00838772 0.995457
1305031106.528267 -0.0254854 0.0561546 0.38528 -0.0919654 0.00678896 0.0071928 0.995713
1305031106.564414 -0.0255357 0.0535234 0.375631 -0.0888781 0.00409337 0.00587323 0.996017
1305031106.597879 -0.0271274 0.0514989 0.365066 -0.0873589 0.00209861 0.00372526 0.996168
1305031106.630776 -0.0273704 0.0461989 0.354677 -0.088315 -0.000868779 0.00120997 0.996091
1305031106.667282 -0.0292516 0.0429272 0.342192 -0.0869009 -0.00311199 0.000277381 0.996212
1305031106.699110 -0.0309097 0.0393226 0.329339 -0.0873323 -0.00741154 -0.000130199 0.996152
1305031106.729550 -0.0319896 0.0357269 0.315596 -0.0870267 -0.0132384 -0.000195385 0.996118
1305031106.767126 -0.0311494 0.0311548 0.301083 -0.0865058 -0.0195734 0.000149799 0.996059
1305031106.798309 -0.0303087 0.0293738 0.285623 -0.0857008 -0.0245064 -7.64794e-05 0.996019
1305031106.830652 -0.0299278 0.022538 0.271201 -0.0874065 -0.0285737 -0.00107377 0.995762
1305031106.866893 -0.0285401 0.0168512 0.255409 -0.0845062 -0.032006 -0.0037173 0.995902
1305031106.897828 -0.0289718 0.015515 0.237191 -0.07909 -0.0321051 -0.00824963 0.996316
1305031106.930797 -0.0285481 0.0104091 0.220991 -0.0773864 -0.0314769 -0.0124935 0.996426
1305031106.967232 -0.0285339 0.00351559 0.204354 -0.0737595 -0.0296321 -0.0160713 0.996706
1305031106.998876 -0.0295029 0.00248323 0.183416 -0.0664591 -0.0264721 -0.0196702 0.997244
1305031107.030348 -0.0291644 -0.000476976 0.167472 -0.0642469 -0.0243458 -0.0222379 0.997389
1305031107.066405 -0.0309742 -0.00775796 0.151445 -0.0624206 -0.022326 -0.0237877 0.997517
1305031107.098268 -0.0315506 -0.00901587 0.134491 -0.0568472 -0.0223347 -0.0243833 0.997835
1305031107.130308 -0.0296404 -0.00883559 0.118959 -0.0531337 -0.022608 -0.0249129 0.998021
1305031107.165964 -0.0280741 -0.013931 0.105791 -0.0519576 -0.0217663 -0.0258878 0.998076
1305031107.198208 -0.0262767 -0.0196543 0.0919809 -0.0478553 -0.0200207 -0.0269542 0.99829
1305031107.235026 -0.025038 -0.0212006 0.0770665 -0.0411655 -0.0172568 -0.0280609 0.998609
1305031107.267071 -0.0219422 -0.0250852 0.0644329 -0.0360599 -0.0148995 -0.0282615 0.998839
1305031107.299273 -0.0195401 -0.0299697 0.053391 -0.0302188 -0.0119485 -0.0285302 0.999065
1305031107.334800 -0.0176922 -0.0353336 0.0406527 -0.0213803 -0.00827947 -0.0289839 0.999317
1305031107.367183 -0.0147682 -0.0334794 0.0287131 -0.0103167 -0.00446029 -0.028786 0.999522
1305031107.399345 -0.0112087 -0.0325752 0.0198358 -0.00236595 -0.000528089 -0.0293366 0.999567
1305031107.434926 -0.00834672 -0.0319466 0.0123517 0.00367559 0.0035626 -0.0294982 0.999552
1305031107.467141 -0.0042987 -0.0315216 0.00775099 0.00773958 0.00722125 -0.0287351 0.999531
1305031107.498426 -0.00253831 -0.0278208 0.00497313 0.0108891 0.0109318 -0.0279934 0.999489
1305031107.534830 0.00264624 -0.0260736 0.00368599 0.0102477 0.0126253 -0.0268044 0.999508
1305031107.567015 0.0055575 -0.0296818 0.00435492 0.00812812 0.0146228 -0.0239486 0.999573
1305031107.598904 0.00750872 -0.0252747 0.00436617 0.00967365 0.0161294 -0.0219592 0.999582
1305031107.634944 0.0100448 -0.0226111 0.0051418 0.00809956 0.0169747 -0.0209618 0.999603
1305031107.667179 0.00948484 -0.0215832 0.00716379 0.00622603 0.0182373 -0.0201505 0.999611
1305031107.699390 0.00926235 -0.0178339 0.00896806 0.00575173 0.0183264 -0.0192188 0.999631
1305031107.735041 0.00773362 -0.0131457 0.0104883 0.0040912 0.0177234 -0.0187121 0.999659
1305031107.767895 0.00710682 -0.0119883 0.0133868 0.00102955 0.0156708 -0.0194652 0.999687
1305031107.799544 0.00730953 -0.0100304 0.0154701 -0.000996046 0.0135809 -0.0199936 0.999707
1305031107.835751 0.00776836 -0.00832125 0.0176835 -0.00312388 0.0128269 -0.0203061 0.999707
1305031107.863505 0.011164 -0.00990069 0.0203843 -0.00512825 0.0129322 -0.0225608 0.999649
1305031107.899222 0.0134055 -0.00987511 0.021754 -0.00463421 0.0155938 -0.0257397 0.999536
1305031107.933609 0.0176075 -0.0108296 0.024049 -0.00343244 0.0186602 -0.0269161 0.999458
1305031107.964840 0.0230762 -0.0110211 0.0265511 -0.00106984 0.0225304 -0.0267562 0.999387
1305031107.998469 0.030857 -0.0110415 0.0289277 0.00229682 0.0267588 -0.0279303 0.999249
1305031108.034824 0.043198 -0.0087364 0.0308166 0.0057384 0.0314725 -0.0277062 0.999104
1305031108.067271 0.0535673 -0.00908416 0.033896 0.00729307 0.0396764 -0.0232193 0.998916
1305031108.099365 0.0634373 -0.0105857 0.036392 0.00915862 0.0463005 -0.021362 0.998657
1305031108.135281 0.0757452 -0.00826283 0.0386787 0.0122027 0.0496501 -0.021027 0.998471
1305031108.167357 0.0863292 -0.00389799 0.0412935 0.0129861 0.0531486 -0.0187141 0.998327
1305031108.199225 0.0987899 -0.00241441 0.0452835 0.00958266 0.0544829 -0.0178917 0.998308
1305031108.235213 0.114443 -0.00627862 0.0494574 0.00633876 0.0559383 -0.0194337 0.998225
1305031108.267660 0.125445 -0.00415884 0.0520339 0.00698088 0.0601277 -0.0197777 0.99797
1305031108.299547 0.134563 0.00030793 0.0545679 0.00562087 0.0626298 -0.0188327 0.997843
1305031108.335019 0.14493 0.00318874 0.0581278 0.00117104 0.061815 -0.0172513 0.997938
1305031108.367285 0.155184 0.00484388 0.0614475 -0.00409976 0.0593956 -0.0129595 0.998142
1305031108.399284 0.167251 0.00542555 0.0644483 -0.00932432 0.0555597 -0.00690103 0.998388
1305031108.435023 0.180969 0.00768586 0.0668935 -0.0133638 0.0527491 -0.000463678 0.998518
1305031108.467680 0.194713 0.00653647 0.0696324 -0.017263 0.0514096 0.00641731 0.998508
1305031108.503548 0.20933 0.00444866 0.0726994 -0.018327 0.0526051 0.0117612 0.998378
1305031108.534811 0.223537 0.00235518 0.0734784 -0.0156593 0.0583069 0.012611 0.998096
1305031108.567154 0.234108 0.00782518 0.0737375 -0.0101185 0.0641687 0.0109593 0.997828
1305031108.603547 0.246773 0.00931482 0.0766741 -0.00914993 0.0690826 0.0100371 0.997518
1305031108.634212 0.258301 0.0128239 0.0781938 -0.00807429 0.0748709 0.0116404 0.997093
1305031108.667189 0.273027 0.0165695 0.0794867 -0.00921461 0.0788048 0.0141783 0.996747
1305031108.703346 0.284339 0.0172859 0.0817635 -0.0125537 0.0854761 0.018671 0.996086
1305031108.735052 0.292692 0.0166482 0.0826418 -0.01503 0.0913886 0.0209982 0.99548
1305031108.767031 0.302616 0.0181143 0.0821072 -0.0156627 0.0944786 0.0228058 0.995142
1305031108.803370 0.307942 0.0177635 0.0831131 -0.0171783 0.097926 0.0264254 0.994694
1305031108.835163 0.312454 0.0161469 0.0824602 -0.0175278 0.0985822 0.0324247 0.994446
1305031108.867534 0.315323 0.0161929 0.0804215 -0.0156509 0.0963137 0.0384737 0.994484
1305031108.903540 0.317948 0.0136341 0.0790099 -0.0137846 0.0924591 0.0444572 0.994628
1305031108.935116 0.316048 0.0114183 0.0760665 -0.0100736 0.0894434 0.0467929 0.994841
1305031108.967245 0.31217 0.0145382 0.0719354 -0.00499427 0.0846381 0.0449594 0.995384
1305031109.003064 0.310976 0.0149116 0.0701917 -0.00435374 0.0797848 0.0430733 0.995872
1305031109.034955 0.304446 0.0139236 0.0678582 -0.00441044 0.0787624 0.0412299 0.996031
1305031109.067091 0.296438 0.0187776 0.065275 -0.00339935 0.0770152 0.0365335 0.996355
1305031109.103294 0.290795 0.0194022 0.0637833 -0.00639979 0.0744925 0.0331202 0.996651
1305031109.134968 0.277341 0.0167009 0.0642428 -0.00895018 0.0739782 0.0305738 0.996751
1305031109.165848 0.26616 0.02086 0.0629548 -0.00778138 0.0686655 0.0275533 0.997229
1305031109.203388 0.259215 0.0305098 0.0619732 -0.00814805 0.0621609 0.0283005 0.997632
1305031109.234324 0.247182 0.0310919 0.0616247 -0.0157878 0.059104 0.0324521 0.997599
1305031109.266325 0.230266 0.022801 0.06173 -0.0229417 0.0574614 0.0369985 0.997398
1305031109.303457 0.215395 0.0253336 0.0598454 -0.0207465 0.0508859 0.0396716 0.997701
1305031109.334602 0.201185 0.0301458 0.0588244 -0.0202568 0.0419457 0.0392889 0.998142
1305031109.364882 0.18838 0.0284256 0.0597128 -0.0239092 0.0334878 0.0386442 0.998405
1305031109.403386 0.172977 0.0292668 0.0585588 -0.0248792 0.0272862 0.0362423 0.998661
1305031109.434469 0.158535 0.0323195 0.0563571 -0.0264329 0.0222521 0.0306193 0.998934
1305031109.467362 0.143371 0.0316939 0.056601 -0.0299177 0.0201646 0.0262997 0.999003
1305031109.503193 0.127444 0.0294239 0.0558515 -0.0314076 0.0191562 0.0222708 0.999075
1305031109.535715 0.112249 0.0290429 0.0535552 -0.0297373 0.0182958 0.0188301 0.999213
1305031109.567452 0.0982709 0.0306412 0.0515421 -0.0282527 0.0180053 0.0177474 0.999281
1305031109.603601 0.0838705 0.031299 0.0495709 -0.0282803 0.0173627 0.0160872 0.99932
1305031109.635323 0.0706815 0.0329182 0.0481869 -0.0283624 0.0162857 0.0143769 0.999362
1305031109.667570 0.0567123 0.0348023 0.0466237 -0.0297235 0.0161477 0.0154601 0.999308
1305031109.703265 0.0432635 0.0374857 0.0460216 -0.0318061 0.0140331 0.0156348 0.999273
1305031109.735059 0.0306224 0.0396895 0.0470149 -0.035317 0.0108643 0.0149628 0.999205
1305031109.767470 0.0199608 0.0392751 0.0484728 -0.039141 0.00830963 0.0151437 0.999084
1305031109.803396 0.00461218 0.0414874 0.0489967 -0.0409296 0.00805175 0.0144162 0.999026
1305031109.834910 -0.00929613 0.0438702 0.0509264 -0.0433001 0.00638738 0.0135823 0.998949
1305031109.871271 -0.0253195 0.0458151 0.0527572 -0.0463201 0.00436549 0.0124449 0.99884
1305031109.900535 -0.0372198 0.0439603 0.0566324 -0.0491773 -0.00120153 0.00890919 0.99875
1305031109.934960 -0.0504885 0.0515907 0.0595211 -0.0483957 -0.00462556 0.00478862 0.998806
1305031109.970213 -0.0663835 0.0533033 0.0630319 -0.051685 -0.00588216 -4.86267e-05 0.998646
1305031109.999657 -0.0805091 0.0536809 0.0661993 -0.0547454 -0.00767508 -0.00620732 0.998452
1305031110.031356 -0.0943228 0.0542565 0.0690387 -0.0573034 -0.00851215 -0.0129282 0.998237
1305031110.068125 -0.108159 0.055997 0.0715127 -0.0593294 -0.00846142 -0.0185341 0.998031
1305031110.101397 -0.121796 0.0568739 0.0743195 -0.0631177 -0.00934144 -0.0229101 0.997699
1305031110.132317 -0.13438 0.0520683 0.0784587 -0.0671065 -0.0124168 -0.0267354 0.99731
1305031110.168323 -0.146756 0.0578479 0.0797114 -0.0668623 -0.0155342 -0.0284617 0.997235
1305031110.203162 -0.158086 0.057658 0.0825698 -0.0704325 -0.0187132 -0.0299103 0.996892
1305031110.234909 -0.168525 0.0553651 0.084736 -0.0724801 -0.0227387 -0.0298613 0.996663
1305031110.271394 -0.178171 0.0544454 0.0859133 -0.0716513 -0.026662 -0.0304733 0.996608
1305031110.303648 -0.189817 0.0544504 0.0856708 -0.0695736 -0.029721 -0.0317572 0.996628
1305031110.331570 -0.200876 0.0566039 0.0856518 -0.067921 -0.0342823 -0.0332116 0.996548
1305031110.371607 -0.213829 0.0571022 0.085098 -0.0672197 -0.0389347 -0.0360015 0.996328
1305031110.403480 -0.226376 0.0614527 0.0833791 -0.066046 -0.0446707 -0.0389293 0.996056
1305031110.435647 -0.237541 0.0651782 0.083814 -0.0684685 -0.0504934 -0.042266 0.995478
1305031110.470588 -0.251015 0.064879 0.0862451 -0.0719934 -0.0564877 -0.047308 0.99468
1305031110.502539 -0.263949 0.0649505 0.0858051 -0.0731477 -0.0630054 -0.0517934 0.99398
1305031110.534532 -0.275388 0.0704338 0.0848691 -0.0732145 -0.0691683 -0.0559332 0.993341
1305031110.571676 -0.287127 0.0747685 0.0843625 -0.0761748 -0.074217 -0.0605693 0.992482
1305031110.604289 -0.297601 0.0738295 0.0878318 -0.0807675 -0.0779091 -0.0645562 0.991584
1305031110.635485 -0.307602 0.0722889 0.0885304 -0.081095 -0.0797727 -0.0677619 0.991195
1305031110.671775 -0.316377 0.0752512 0.0852522 -0.0805185 -0.0813991 -0.0703951 0.990927
1305031110.699957 -0.322377 0.0771431 0.0873622 -0.0826334 -0.0837627 -0.0718635 0.99045
1305031110.735440 -0.328731 0.0761409 0.0878887 -0.0840481 -0.0851754 -0.0731963 0.990113
1305031110.769734 -0.333248 0.077832 0.0875989 -0.0837008 -0.0866088 -0.0743124 0.989935
1305031110.799684 -0.336342 0.0789215 0.0873913 -0.084099 -0.0872178 -0.0760103 0.989719
1305031110.835248 -0.339365 0.0784783 0.0877066 -0.0857475 -0.0887524 -0.0777688 0.989304
1305031110.871293 -0.339568 0.0790143 0.088553 -0.0859523 -0.0909219 -0.0783873 0.98904
1305031110.901900 -0.339127 0.0787521 0.0878121 -0.0867302 -0.0922776 -0.0785335 0.988835
1305031110.938668 -0.33629 0.080647 0.0893128 -0.0861692 -0.0943389 -0.0795305 0.98861
1305031110.971316 -0.330896 0.0850394 0.0901235 -0.084833 -0.0942769 -0.0808865 0.988622
1305031111.003669 -0.324192 0.0868867 0.0933216 -0.0852772 -0.0907503 -0.0808057 0.98892
1305031111.039669 -0.318273 0.0856701 0.0923487 -0.085503 -0.0850163 -0.0786032 0.989587
1305031111.071605 -0.311165 0.0871836 0.0910765 -0.0862565 -0.0818243 -0.0766858 0.989941
1305031111.103658 -0.30146 0.0855948 0.0933566 -0.0879445 -0.0803282 -0.073374 0.990166
1305031111.139211 -0.292338 0.0827292 0.0934952 -0.087788 -0.0778848 -0.0712391 0.990531
1305031111.170937 -0.280379 0.0850016 0.0951628 -0.0844007 -0.0750886 -0.071677 0.99101
1305031111.199395 -0.269245 0.0837653 0.0929306 -0.0826819 -0.0678498 -0.0687788 0.991882
1305031111.236670 -0.258932 0.078813 0.0935339 -0.0833713 -0.0644811 -0.0670458 0.992167
1305031111.269939 -0.245241 0.0750098 0.0935818 -0.0809681 -0.0637718 -0.0655859 0.99251
1305031111.302311 -0.234651 0.0748973 0.087265 -0.0772331 -0.0587209 -0.0619196 0.993354
1305031111.339460 -0.223695 0.0742276 0.0883069 -0.07955 -0.0608704 -0.0602423 0.993145
1305031111.370908 -0.208821 0.0670523 0.0909794 -0.0819435 -0.0644583 -0.0574616 0.992889
1305031111.402911 -0.199652 0.0678988 0.0887934 -0.0775511 -0.0645767 -0.056084 0.993313
1305031111.438948 -0.185457 0.0708677 0.0920831 -0.0754259 -0.0698303 -0.0597725 0.992906
1305031111.470919 -0.156914 0.0694948 0.0988382 -0.0729817 -0.0722326 -0.0593561 0.992942
1305031111.503531 -0.144891 0.0655081 0.0955625 -0.0699577 -0.0614963 -0.0590883 0.993898
1305031111.539482 -0.132371 0.0627676 0.095884 -0.0665705 -0.0539026 -0.0584436 0.994609
1305031111.571320 -0.118541 0.0641748 0.0914498 -0.0618316 -0.0448221 -0.0540112 0.995616
1305031111.603391 -0.107247 0.0578968 0.0877678 -0.0638202 -0.0385533 -0.0466873 0.996123
1305031111.639405 -0.0870791 0.0491488 0.0902278 -0.0640932 -0.0410585 -0.0393267 0.996323
1305031111.671252 -0.0673177 0.0507842 0.0873189 -0.0584134 -0.0378085 -0.0313022 0.997085
1305031111.703791 -0.0549361 0.0510688 0.0875393 -0.0566962 -0.029194 -0.0289366 0.997545
1305031111.739504 -0.0302209 0.0471058 0.0905088 -0.0549147 -0.0232807 -0.0259792 0.997881
1305031111.771228 -0.0170464 0.0510124 0.0892891 -0.0493044 -0.00676093 -0.022374 0.99851
1305031111.800077 -0.00741501 0.0477507 0.0866617 -0.0474621 0.00990966 -0.0221103 0.998579
1305031111.839333 0.00497394 0.048427 0.0865233 -0.0437177 0.019928 -0.0207472 0.99863
1305031111.870985 0.0189175 0.0495343 0.0868753 -0.0424418 0.0263373 -0.0172672 0.998602
1305031111.903356 0.02884 0.0471295 0.0897398 -0.042804 0.0281597 -0.0121896 0.998612
1305031111.939680 0.0440831 0.0472985 0.0899449 -0.0407673 0.0240719 -0.00436291 0.998869
1305031111.971494 0.0639554 0.0489309 0.0901482 -0.0388627 0.0218981 0.00373277 0.998998
1305031112.003596 0.0790131 0.0477214 0.0899356 -0.0373163 0.0275161 0.00598992 0.998907
1305031112.039412 0.0934696 0.0483542 0.0886996 -0.033581 0.0351993 0.0046368 0.998805
1305031112.070731 0.108869 0.0491338 0.0893257 -0.030463 0.0446596 0.00349923 0.998532
1305031112.102495 0.11916 0.0464944 0.0874489 -0.0288495 0.0544752 0.000286471 0.998098
1305031112.139107 0.135757 0.0458394 0.0868606 -0.028004 0.0574164 -0.00611627 0.997939
1305031112.169345 0.149882 0.0448378 0.0883915 -0.0296991 0.0673631 -0.00977211 0.997239
1305031112.207733 0.163515 0.0408347 0.0912986 -0.0315482 0.0776323 -0.0139568 0.996385
1305031112.235657 0.175683 0.0358702 0.0913363 -0.0288732 0.0870762 -0.0185638 0.99561
1305031112.269488 0.184836 0.0358252 0.0924034 -0.0229234 0.0946404 -0.0221754 0.995
1305031112.303591 0.197687 0.0319575 0.092829 -0.0182193 0.0967246 -0.0243313 0.994847
1305031112.335789 0.210084 0.0307359 0.0910216 -0.0116528 0.0967436 -0.0238795 0.994955
1305031112.371231 0.222012 0.0309366 0.0909144 -0.00659587 0.0952866 -0.0203737 0.995219
1305031112.407491 0.236584 0.0318553 0.0903405 -0.00327809 0.0918875 -0.0163307 0.99563
1305031112.439064 0.249982 0.0287855 0.0898173 -0.00197968 0.0896791 -0.0108351 0.99591
1305031112.471066 0.259583 0.029728 0.0892783 0.00159241 0.0888027 -0.00224809 0.996045
1305031112.506669 0.268788 0.0280642 0.0885564 0.0035641 0.0857365 0.00610093 0.996293
1305031112.538310 0.278876 0.0267094 0.08735 0.00566149 0.0820053 0.0108914 0.996556
1305031112.567470 0.288807 0.0280618 0.0861372 0.00845484 0.0784422 0.015989 0.996755
1305031112.606742 0.303746 0.0323536 0.0852698 0.0104576 0.0750463 0.0218637 0.996885
1305031112.639418 0.314221 0.0341574 0.0860153 0.00905996 0.0786094 0.0285879 0.996454
1305031112.671325 0.320463 0.0350908 0.0862178 0.00747798 0.0843113 0.0333165 0.995854
1305031112.707325 0.324473 0.0368226 0.086131 0.00601822 0.0888706 0.0350955 0.995406
1305031112.739546 0.328224 0.043799 0.0861822 0.00442926 0.0915929 0.037841 0.995067
1305031112.771523 0.32985 0.0442063 0.0881008 -0.00237001 0.0952538 0.0411634 0.994599
1305031112.807539 0.322912 0.0427656 0.0926004 -0.0059414 0.0985978 0.0415784 0.994241
1305031112.839560 0.319676 0.0464478 0.0930935 -0.0069395 0.0949866 0.0393698 0.994675
1305031112.871083 0.319345 0.047752 0.0933947 -0.0103097 0.0904462 0.0402823 0.995033
1305031112.907246 0.313544 0.0491923 0.0940641 -0.0127043 0.0880525 0.0431771 0.995099
1305031112.939323 0.306029 0.0483562 0.0951816 -0.0150277 0.0842122 0.0432386 0.995396
1305031112.971164 0.300679 0.0489133 0.0942641 -0.0157492 0.0786869 0.0414672 0.995912
1305031113.007166 0.293424 0.0508232 0.0925208 -0.0165994 0.0753489 0.040426 0.996199
1305031113.039492 0.285812 0.0506577 0.0913497 -0.0204496 0.0733828 0.0386833 0.996343
1305031113.071210 0.273882 0.0446076 0.0919253 -0.0240899 0.0728402 0.0352237 0.99643
1305031113.107662 0.26197 0.0465322 0.0894176 -0.0214672 0.0690156 0.0298459 0.996938
1305031113.139664 0.253156 0.0501009 0.0862652 -0.0216049 0.0651499 0.0273195 0.997267
1305031113.171088 0.23988 0.0453377 0.0846949 -0.0262474 0.0644951 0.0285122 0.997165
1305031113.207181 0.223136 0.0443111 0.0825246 -0.025607 0.0618053 0.0300231 0.997308
1305031113.239732 0.20934 0.0470679 0.0801755 -0.0252585 0.0556268 0.0302189 0.997675
1305031113.271470 0.195136 0.0407875 0.079781 -0.0298042 0.0505623 0.031372 0.997783
1305031113.307323 0.177719 0.0337188 0.078713 -0.0292417 0.0456428 0.0345698 0.997931
1305031113.339396 0.157686 0.0352458 0.0765313 -0.0232397 0.0387916 0.0342676 0.998389
1305031113.371377 0.143895 0.0373634 0.0776488 -0.02379 0.0293931 0.0310475 0.998802
1305031113.407351 0.124714 0.0331777 0.0783714 -0.0258385 0.0234894 0.0310963 0.998906
1305031113.439787 0.104955 0.0364064 0.0788484 -0.0227555 0.0183545 0.0272947 0.9992
1305031113.475657 0.0868005 0.0370398 0.0798183 -0.024804 0.0123092 0.0201358 0.999414
1305031113.507987 0.066703 0.0363522 0.0815827 -0.0289594 0.00798609 0.0170562 0.999403
1305031113.539417 0.0480202 0.0348832 0.0828625 -0.0316691 0.0035971 0.0145976 0.999385
1305031113.574964 0.0307149 0.0358759 0.082444 -0.0319067 -0.000599141 0.011018 0.99943
1305031113.607216 0.0156785 0.0369634 0.0826985 -0.0336371 -0.00358206 0.0063892 0.999407
1305031113.638418 0.00212225 0.0375548 0.0839338 -0.0360023 -0.00448708 0.00226455 0.999339
1305031113.674244 -0.0133086 0.0371632 0.0846278 -0.0376969 -0.00338017 -0.00127432 0.999283
1305031113.704256 -0.0267442 0.0370323 0.0851921 -0.0380599 -0.00282032 -0.00562403 0.999256
1305031113.736263 -0.0397407 0.0379999 0.0859083 -0.0373047 -0.000899183 -0.0112088 0.999241
1305031113.774168 -0.0548271 0.0368662 0.0869892 -0.0369606 0.00229606 -0.015728 0.99919
1305031113.805795 -0.0682346 0.0382477 0.0875165 -0.0355998 0.00372022 -0.0180052 0.999197
1305031113.838437 -0.08041 0.0409516 0.0886386 -0.035089 0.00518337 -0.0209212 0.999152
1305031113.874200 -0.0957104 0.0355767 0.090817 -0.0364019 0.00672551 -0.0249246 0.999004
1305031113.906361 -0.108779 0.0384222 0.0916845 -0.0327955 0.00575386 -0.0263717 0.999098
1305031113.938561 -0.121986 0.0398415 0.0926677 -0.029902 0.00705661 -0.0285451 0.99912
1305031113.974245 -0.1374 0.0401231 0.0938106 -0.0269128 0.0099348 -0.0327787 0.999051
1305031114.007082 -0.153356 0.0413397 0.0939919 -0.0236727 0.0117571 -0.0379031 0.998932
1305031114.038546 -0.170267 0.042466 0.0960647 -0.021815 0.0107152 -0.0405223 0.998883
1305031114.074298 -0.184924 0.0420365 0.0971598 -0.0201113 0.00599518 -0.0408268 0.998946
1305031114.106402 -0.198483 0.0465133 0.0987079 -0.0165298 0.000577672 -0.0433761 0.998922
1305031114.138562 -0.212507 0.047766 0.100737 -0.0158702 -0.00425998 -0.0468156 0.998768
1305031114.174114 -0.224645 0.0458116 0.103226 -0.0149698 -0.00705601 -0.0490867 0.998657
1305031114.206255 -0.238635 0.0508689 0.102114 -0.0118684 -0.00718028 -0.0516869 0.998567
1305031114.238473 -0.255013 0.0530622 0.103558 -0.0128318 -0.00783772 -0.0550652 0.99837
1305031114.271075 -0.270552 0.0525183 0.106164 -0.013913 -0.0124171 -0.0571443 0.998192
1305031114.306710 -0.282953 0.0558493 0.109418 -0.0139408 -0.0199994 -0.0577196 0.998035
1305031114.338919 -0.293463 0.0568545 0.111457 -0.0151343 -0.0263499 -0.0600038 0.997736
1305031114.374307 -0.30327 0.0558686 0.113288 -0.0159977 -0.029218 -0.0640892 0.997388
1305031114.406591 -0.316493 0.055276 0.114318 -0.0157561 -0.0300367 -0.0684767 0.997076
1305031114.438540 -0.330204 0.0558877 0.115419 -0.0157144 -0.032684 -0.0705879 0.996846
1305031114.474489 -0.342465 0.0542486 0.11632 -0.0168058 -0.0382715 -0.0711543 0.996589
1305031114.506573 -0.352041 0.0564537 0.118217 -0.0168016 -0.0458168 -0.073766 0.996081
1305031114.539953 -0.357697 0.0585683 0.121631 -0.0184531 -0.051405 -0.0743809 0.995733
1305031114.575185 -0.363733 0.0576688 0.123075 -0.020309 -0.0525108 -0.07197 0.995816
1305031114.607560 -0.370179 0.0594866 0.122721 -0.0217868 -0.0528103 -0.069935 0.995914
1305031114.644150 -0.377127 0.0582736 0.123061 -0.0264049 -0.0542041 -0.0678523 0.995872
1305031114.675655 -0.382949 0.0549891 0.124612 -0.0307939 -0.0591526 -0.068039 0.995451
1305031114.706141 -0.384656 0.0536733 0.126507 -0.0322228 -0.0646459 -0.0678923 0.995074
1305031114.743276 -0.386905 0.0517123 0.126374 -0.0323456 -0.067816 -0.0699296 0.994718
1305031114.774847 -0.387009 0.0520505 0.125738 -0.0305093 -0.0699206 -0.0738395 0.994348
1305031114.807310 -0.386896 0.0544439 0.123546 -0.0293141 -0.0699629 -0.0755908 0.994249
1305031114.842137 -0.385352 0.0546767 0.123014 -0.0293578 -0.0706053 -0.0774265 0.994061
1305031114.875056 -0.381898 0.0579193 0.122095 -0.0287453 -0.0712628 -0.0780842 0.993981
1305031114.907504 -0.378419 0.0601035 0.121283 -0.0293445 -0.0714888 -0.0780654 0.993949
1305031114.943264 -0.371411 0.0650275 0.122626 -0.0300002 -0.0722212 -0.0797699 0.993741
1305031114.975411 -0.364283 0.0673464 0.122712 -0.0318931 -0.0705242 -0.0806485 0.993733
1305031115.007179 -0.356676 0.0715278 0.122375 -0.0346066 -0.0694208 -0.0818529 0.993621
1305031115.043530 -0.345555 0.0716419 0.126351 -0.0383741 -0.0683783 -0.0820042 0.993543
1305031115.071577 -0.334679 0.0735339 0.125942 -0.0397372 -0.065827 -0.0825942 0.993613
1305031115.107074 -0.321301 0.0761298 0.130247 -0.0415769 -0.0627414 -0.0817108 0.99381
1305031115.143294 -0.308841 0.0739544 0.132688 -0.0440254 -0.055067 -0.0792713 0.994357
1305031115.172642 -0.297756 0.0729469 0.132333 -0.0457093 -0.0506297 -0.0774759 0.994658
1305031115.206453 -0.283287 0.0708449 0.138552 -0.0466828 -0.0494507 -0.0743702 0.994909
1305031115.240975 -0.2679 0.067267 0.141794 -0.0437186 -0.045346 -0.0710517 0.995482
1305031115.273468 -0.252103 0.0690273 0.140503 -0.0411163 -0.0430197 -0.0673219 0.995955
1305031115.305534 -0.230499 0.0653497 0.1477 -0.0418961 -0.0418262 -0.0614929 0.99635
1305031115.343426 -0.214177 0.0652686 0.144587 -0.0382749 -0.0331743 -0.0585495 0.996999
1305031115.375054 -0.198094 0.0703826 0.147151 -0.0395881 -0.0304617 -0.0530349 0.997343
1305031115.406164 -0.181405 0.0678783 0.153172 -0.0464444 -0.0366293 -0.0486735 0.997062
1305031115.443040 -0.159689 0.0683396 0.156159 -0.0496151 -0.0412563 -0.0434022 0.996972
1305031115.474863 -0.142284 0.0690748 0.158541 -0.0531846 -0.0414422 -0.0374369 0.997022
1305031115.507440 -0.113783 0.0651209 0.165106 -0.0574322 -0.0447099 -0.0321092 0.996831
1305031115.543620 -0.0950427 0.0630919 0.16727 -0.0577104 -0.0335988 -0.0264081 0.997418
1305031115.575290 -0.0778085 0.058502 0.161158 -0.0582353 -0.0211662 -0.0202045 0.997874
1305031115.607428 -0.0595105 0.0560254 0.159061 -0.0579405 -0.0149608 -0.0151213 0.998093
1305031115.643254 -0.0414255 0.0549802 0.158433 -0.0563526 -0.00900124 -0.00886639 0.998331
1305031115.675106 -0.0266324 0.0548274 0.158849 -0.054353 -0.00468626 0.00121488 0.99851
1305031115.706301 -0.00612809 0.0590088 0.157662 -0.0516274 -0.00633991 0.0107682 0.998588
1305031115.742905 0.0192694 0.0585136 0.157868 -0.0513089 -0.0044615 0.017342 0.998522
1305031115.774329 0.0363071 0.0584247 0.156761 -0.0494054 0.00432536 0.0236494 0.998489
1305031115.806425 0.0534255 0.0595169 0.153297 -0.0482171 0.012681 0.0312635 0.998267
1305031115.841936 0.0716308 0.0585378 0.151119 -0.0501275 0.0212246 0.0389106 0.997759
1305031115.875347 0.0848521 0.0545867 0.151239 -0.0511603 0.0283315 0.046263 0.997216
1305031115.910716 0.102605 0.0564795 0.15033 -0.0483281 0.0305504 0.0528468 0.996965
1305031115.942015 0.117927 0.0581919 0.151048 -0.0479266 0.036014 0.0589692 0.996458
1305031115.973799 0.131028 0.0610383 0.151936 -0.0481927 0.0419615 0.0646494 0.99586
1305031116.010843 0.148923 0.0642712 0.15436 -0.0492787 0.0479794 0.0690529 0.995239
1305031116.042618 0.161478 0.0663489 0.155606 -0.0512564 0.0599043 0.0714323 0.994325
1305031116.071527 0.168763 0.0719364 0.157818 -0.0531749 0.0724714 0.074114 0.99319
1305031116.108247 0.181059 0.0725408 0.160413 -0.0594898 0.0822268 0.0782121 0.991757
1305031116.143447 0.19098 0.0718959 0.163361 -0.0645976 0.0916797 0.0817152 0.990325
1305031116.174891 0.200859 0.0752065 0.165721 -0.0658656 0.0977022 0.0844351 0.989437
1305031116.211320 0.212115 0.0765415 0.167028 -0.0690805 0.102671 0.0876089 0.988439
1305031116.242720 0.227622 0.0724592 0.167975 -0.0740096 0.106368 0.0914599 0.987342
1305031116.274421 0.237074 0.0737749 0.167138 -0.0737772 0.114633 0.0945837 0.986139
1305031116.310686 0.245736 0.0762729 0.165249 -0.0746948 0.123086 0.0978887 0.984727
1305031116.342459 0.25561 0.0699529 0.166169 -0.0788452 0.128618 0.102094 0.983269
1305031116.374490 0.259832 0.0674981 0.165621 -0.0755865 0.133048 0.103464 0.982792
1305031116.409631 0.261037 0.074056 0.161932 -0.0680575 0.135785 0.105581 0.982743
1305031116.442496 0.264874 0.0752848 0.159463 -0.0687739 0.136354 0.112844 0.981806
1305031116.473394 0.264448 0.073334 0.158461 -0.0701096 0.13819 0.118452 0.980794
1305031116.510576 0.262778 0.0724519 0.155831 -0.0687076 0.137654 0.11686 0.981159
1305031116.542695 0.255945 0.0730728 0.154245 -0.0662133 0.138445 0.111939 0.981793
1305031116.574389 0.246547 0.0757843 0.152777 -0.0645067 0.137951 0.10818 0.982398
1305031116.610891 0.234611 0.0712063 0.15357 -0.0665411 0.134794 0.103006 0.983256
1305031116.642664 0.222347 0.0733471 0.152406 -0.0640584 0.127896 0.0948067 0.985165
1305031116.674523 0.210812 0.0719468 0.151368 -0.0644587 0.120488 0.0860253 0.986878
1305031116.710942 0.197023 0.0712329 0.149986 -0.0647667 0.116221 0.0771426 0.988103
1305031116.740575 0.181431 0.0725819 0.148678 -0.0654535 0.112367 0.0663179 0.989288
1305031116.775059 0.166165 0.0718016 0.147758 -0.0682757 0.108404 0.055943 0.99018
1305031116.811343 0.149894 0.0696277 0.147412 -0.0697833 0.105254 0.0476645 0.990848
1305031116.840370 0.131931 0.0687077 0.147981 -0.0689691 0.0983201 0.0400278 0.991955
1305031116.871726 0.11586 0.068794 0.147481 -0.0698219 0.0880728 0.0335068 0.993099
1305031116.907955 0.0954404 0.0691551 0.145908 -0.0699641 0.0793899 0.0286407 0.993973
1305031116.940626 0.0778873 0.0734557 0.144987 -0.0688065 0.066711 0.0214079 0.995167
1305031116.974656 0.0607663 0.0728022 0.143889 -0.0697312 0.0542836 0.0110116 0.996027
1305031117.008812 0.0442127 0.074617 0.142228 -0.068275 0.0423097 0.0010422 0.996768
1305031117.042065 0.0283918 0.0781484 0.142544 -0.0675732 0.0321253 -0.00536861 0.997183
1305031117.071181 0.0105971 0.0832821 0.143846 -0.0679365 0.0238972 -0.0119393 0.997332
1305031117.110454 -0.00379306 0.0853056 0.145066 -0.0700989 0.0138282 -0.0140213 0.997346
1305031117.142383 -0.0163814 0.0918024 0.145036 -0.0706623 0.003743 -0.0142723 0.997391
1305031117.175059 -0.0299018 0.0974857 0.146236 -0.0719409 -0.00374149 -0.0184607 0.997231
1305031117.207753 -0.0388964 0.099772 0.146955 -0.0738099 -0.0103114 -0.0221343 0.996973
1305031117.241340 -0.043558 0.104155 0.14666 -0.0757056 -0.0136149 -0.024359 0.99674
1305031117.276516 -0.0471484 0.103283 0.14797 -0.0807022 -0.013247 -0.0282935 0.996248
1305031117.310121 -0.0517731 0.100246 0.149106 -0.0854132 -0.0108145 -0.0305175 0.995819
1305031117.341044 -0.0542573 0.0956734 0.149846 -0.0887016 -0.0104237 -0.0309955 0.995521
1305031117.375067 -0.0568977 0.0913368 0.14954 -0.0893402 -0.00999384 -0.0314055 0.995456
1305031117.408538 -0.0594138 0.0862176 0.14936 -0.0888727 -0.0106667 -0.0308704 0.995507
1305031117.442208 -0.0594428 0.0825236 0.148274 -0.0864124 -0.0125758 -0.0297736 0.995735
1305031117.475651 -0.0596231 0.0763339 0.147844 -0.0852123 -0.0137221 -0.0280323 0.995874
1305031117.508882 -0.060206 0.0675006 0.148029 -0.0836025 -0.015175 -0.0263551 0.996035
1305031117.539736 -0.0613574 0.0624335 0.147298 -0.0789679 -0.0158806 -0.0258695 0.996415
1305031117.577860 -0.0627114 0.0566385 0.147602 -0.0756223 -0.0172294 -0.0270518 0.996621
1305031117.607777 -0.0632482 0.0506223 0.148862 -0.0741195 -0.0191016 -0.0270841 0.996698
1305031117.643284 -0.0644872 0.0425151 0.151389 -0.0731423 -0.0207608 -0.0257001 0.996774
1305031117.675483 -0.0653642 0.0359811 0.153966 -0.0724274 -0.0233348 -0.0249659 0.996788
1305031117.711215 -0.0648779 0.0273237 0.157908 -0.073217 -0.026207 -0.0229216 0.996708
1305031117.742995 -0.0645349 0.0178312 0.161844 -0.0735145 -0.0287 -0.019642 0.996688
1305031117.778969 -0.0646415 0.0104594 0.165154 -0.0729721 -0.0311796 -0.0172561 0.996697
1305031117.811060 -0.0632556 -0.0015255 0.170596 -0.0749193 -0.0338311 -0.0150251 0.996502
1305031117.843307 -0.0614116 -0.0121702 0.174583 -0.0737073 -0.0346286 -0.0144258 0.996574
1305031117.879467 -0.060882 -0.0205841 0.178163 -0.0720291 -0.0322848 -0.0138367 0.996784
1305031117.908762 -0.062262 -0.0318216 0.183022 -0.0721881 -0.0299506 -0.013998 0.996843
1305031117.943272 -0.0629636 -0.0405543 0.186761 -0.0709182 -0.0280601 -0.0143864 0.996984
1305031117.979263 -0.064589 -0.0480025 0.191184 -0.0714546 -0.0258953 -0.0145103 0.997002
1305031118.011013 -0.0642956 -0.060716 0.197922 -0.0744713 -0.0257249 -0.0144896 0.996786
1305031118.043549 -0.0645166 -0.0714872 0.203023 -0.0744872 -0.0245952 -0.01424 0.996817
1305031118.079369 -0.0634532 -0.0798557 0.208196 -0.0739728 -0.0238777 -0.0153837 0.996856
1305031118.110863 -0.0615587 -0.0906079 0.213965 -0.0739192 -0.0210663 -0.0170758 0.996895
1305031118.142285 -0.0635992 -0.0996324 0.218257 -0.0725186 -0.0158062 -0.0181652 0.997076
1305031118.178170 -0.0635049 -0.110813 0.223598 -0.0725903 -0.0129872 -0.0198974 0.997079
1305031118.210782 -0.0656863 -0.122537 0.227135 -0.0708393 -0.00987821 -0.0189272 0.997259
1305031118.242948 -0.0670456 -0.132596 0.229966 -0.0681092 -0.00994092 -0.0183316 0.99746
1305031118.278991 -0.0666667 -0.144199 0.234326 -0.0653904 -0.0106531 -0.0191876 0.997618
1305031118.310731 -0.0678979 -0.154152 0.236734 -0.060066 -0.0103545 -0.0197156 0.997946
1305031118.342079 -0.066372 -0.158793 0.240102 -0.0540463 -0.0104957 -0.0210241 0.998262
1305031118.377003 -0.0678718 -0.166496 0.242765 -0.0504371 -0.00836001 -0.0220759 0.998448
1305031118.408818 -0.0689444 -0.169703 0.244855 -0.0465819 -0.00957556 -0.0227761 0.998609
1305031118.445703 -0.0673249 -0.171152 0.248163 -0.0448819 -0.0109009 -0.0208519 0.998715
1305031118.477869 -0.0669297 -0.174175 0.250276 -0.0447679 -0.0111309 -0.0180788 0.998772
1305031118.510201 -0.0658363 -0.1739 0.251756 -0.042942 -0.0118364 -0.0168383 0.998866
1305031118.545199 -0.0646829 -0.169572 0.251975 -0.0425254 -0.0115728 -0.0177492 0.998871
1305031118.576377 -0.0631236 -0.167267 0.25332 -0.0444625 -0.0110213 -0.0183356 0.998782
1305031118.610869 -0.0615854 -0.162397 0.253194 -0.0448957 -0.00939944 -0.0195533 0.998756
1305031118.645331 -0.0623515 -0.155015 0.250805 -0.0451466 -0.00684557 -0.0227269 0.998698
1305031118.675082 -0.0628531 -0.147766 0.24928 -0.0475992 -0.0054396 -0.0246298 0.998548
1305031118.710140 -0.0635682 -0.143506 0.247975 -0.0498277 -0.00513773 -0.0265065 0.998393
1305031118.746801 -0.0657852 -0.135211 0.243987 -0.0483448 -0.00630762 -0.0262715 0.998465
1305031118.778790 -0.0650365 -0.118453 0.237737 -0.0471356 -0.0101077 -0.0268745 0.998476
1305031118.810703 -0.0616147 -0.112586 0.237274 -0.0522898 -0.0135711 -0.0277264 0.998155
1305031118.846774 -0.0602934 -0.104257 0.232818 -0.050348 -0.0138659 -0.0267426 0.998277
1305031118.875402 -0.0611179 -0.0841669 0.222949 -0.0451169 -0.0112816 -0.0290347 0.998496
1305031118.909608 -0.0605074 -0.0760891 0.219068 -0.0483209 -0.0103336 -0.0316016 0.998278
1305031118.947009 -0.060854 -0.0645326 0.212535 -0.0476999 -0.00877164 -0.033139 0.998273
1305031118.979394 -0.0618077 -0.0498807 0.204227 -0.0472355 -0.00734672 -0.0368413 0.998177
1305031119.009712 -0.062122 -0.0390149 0.19902 -0.0506637 -0.00766705 -0.0395128 0.997904
1305031119.047180 -0.0635687 -0.0298994 0.193673 -0.0536011 -0.00785946 -0.0401762 0.997723
1305031119.078966 -0.0656454 -0.0191606 0.187452 -0.0542877 -0.00919782 -0.0398918 0.997686
1305031119.110884 -0.0673091 -0.00829913 0.180816 -0.0543085 -0.0120057 -0.0394572 0.997672
1305031119.147629 -0.0693734 0.0032976 0.173671 -0.0539465 -0.0146536 -0.0383668 0.997699
1305031119.179262 -0.0684835 0.0101952 0.168528 -0.0553412 -0.0191256 -0.0378604 0.997566
1305031119.210906 -0.0681318 0.0212097 0.162468 -0.052716 -0.021455 -0.0369292 0.997696
1305031119.247660 -0.0694978 0.0332989 0.15672 -0.0508547 -0.0222616 -0.0362796 0.997799
1305031119.279244 -0.06865 0.0435968 0.151729 -0.0504387 -0.023697 -0.0363478 0.997784
1305031119.310755 -0.069133 0.053087 0.147312 -0.0505316 -0.0239561 -0.0343092 0.997845
1305031119.347750 -0.0704682 0.0615665 0.142724 -0.0500507 -0.0250431 -0.0319744 0.997921
1305031119.378631 -0.0699427 0.0749424 0.13827 -0.0478794 -0.0273747 -0.0311321 0.997992
1305031119.411492 -0.0681153 0.0854487 0.134636 -0.0481175 -0.0281998 -0.0311819 0.997956
1305031119.447726 -0.0683791 0.0955671 0.131306 -0.0483357 -0.0258925 -0.0308684 0.998018
1305031119.477682 -0.0698964 0.107537 0.126727 -0.0465129 -0.0231943 -0.0315993 0.998148
1305031119.511258 -0.0714699 0.11869 0.122768 -0.0470366 -0.0214722 -0.0310787 0.998179
1305031119.547414 -0.072534 0.130655 0.11926 -0.0476701 -0.0208443 -0.0298269 0.9982
1305031119.579569 -0.070888 0.145564 0.115529 -0.0480661 -0.0203714 -0.0298114 0.998191
1305031119.615024 -0.0715319 0.15253 0.113715 -0.0528885 -0.01844 -0.0290503 0.998007
1305031119.648889 -0.0734807 0.167656 0.111334 -0.0536801 -0.0169225 -0.028364 0.998012
1305031119.675566 -0.0719337 0.180788 0.110124 -0.0566574 -0.0155506 -0.0301575 0.997817
1305031119.715249 -0.0721268 0.189453 0.109487 -0.0625059 -0.0113998 -0.0285511 0.997571
1305031119.744886 -0.0750814 0.197944 0.107804 -0.0665244 -0.00840203 -0.0236961 0.997468
1305031119.778628 -0.076255 0.207835 0.107134 -0.0691299 -0.0093129 -0.0212154 0.997339
1305031119.814571 -0.0759817 0.218287 0.106177 -0.0706302 -0.0103364 -0.0178031 0.99729
1305031119.847445 -0.0762375 0.229627 0.104065 -0.0719137 -0.00933076 -0.0140483 0.997268
1305031119.879232 -0.0767914 0.237344 0.103042 -0.0727536 -0.00731633 -0.0132633 0.997235
1305031119.911424 -0.0773915 0.247728 0.0994258 -0.0719043 -0.00534367 -0.0125091 0.997319
1305031119.947462 -0.077318 0.257515 0.0975141 -0.0745685 -0.00365194 -0.012478 0.997131
1305031119.979546 -0.0769484 0.262957 0.0958932 -0.0775788 -0.000897044 -0.0135029 0.996894
1305031120.015283 -0.0781614 0.271607 0.0932252 -0.0804698 0.00286487 -0.0121902 0.996678
1305031120.047310 -0.0799995 0.279412 0.0943189 -0.085312 0.00454454 -0.0102651 0.996291
1305031120.075690 -0.081345 0.280784 0.0950563 -0.0875789 0.00302961 -0.00829164 0.996118
1305031120.115249 -0.0826362 0.283585 0.0932336 -0.0883473 0.00139303 -0.0067272 0.996066
1305031120.148175 -0.0830964 0.284224 0.093836 -0.0895145 0.000805873 -0.0060748 0.995967
1305031120.179261 -0.0840724 0.281949 0.0945419 -0.0886137 0.0016389 -0.00399826 0.996057
1305031120.215260 -0.0844219 0.275294 0.0952084 -0.0860646 0.00183463 -0.00387177 0.99628
1305031120.248018 -0.0838728 0.269712 0.0952315 -0.0827961 0.00157507 -0.00603114 0.996547
1305031120.279441 -0.0835486 0.262139 0.0959099 -0.0805857 0.00210732 -0.00795314 0.996714
1305031120.315213 -0.0826263 0.252808 0.0982959 -0.0790801 0.00212237 -0.0100642 0.996815
1305031120.347797 -0.0821433 0.243719 0.100124 -0.0763849 0.0022802 -0.0117398 0.997007
1305031120.379446 -0.0811056 0.232846 0.103417 -0.0754006 0.001846 -0.0123748 0.997075
1305031120.415490 -0.0802832 0.216534 0.10888 -0.0726674 0.00102939 -0.012405 0.997279
1305031120.447433 -0.0790286 0.207299 0.110604 -0.0659257 -1.35229e-05 -0.0124586 0.997747
1305031120.475582 -0.0776961 0.194342 0.116103 -0.0639337 -0.00145158 -0.0118907 0.997882
1305031120.514877 -0.0789456 0.181432 0.120747 -0.0589186 -0.00266502 -0.0106822 0.998202
1305031120.547807 -0.0788468 0.173314 0.124685 -0.0517923 -0.00577172 -0.00876998 0.998603
1305031120.579559 -0.0779378 0.164137 0.128796 -0.0481672 -0.010068 -0.00504852 0.998776
1305031120.615271 -0.0764498 0.151843 0.134254 -0.0462577 -0.0148623 -0.00241274 0.998816
1305031120.646607 -0.074239 0.142579 0.138743 -0.0417022 -0.0186897 -0.00136697 0.998954
1305031120.678467 -0.0723583 0.134107 0.143283 -0.0387625 -0.020967 -0.000259068 0.999028
1305031120.714553 -0.0722626 0.12376 0.147141 -0.0373146 -0.0215492 0.000336096 0.999071
1305031120.747396 -0.0722 0.112855 0.152181 -0.0368349 -0.0236208 0.000719369 0.999042
1305031120.779908 -0.070253 0.101456 0.156679 -0.0355165 -0.0264356 0.000820371 0.999019
1305031120.814905 -0.0698063 0.0930952 0.158874 -0.0328268 -0.0269346 0.000492489 0.999098
1305031120.847942 -0.0687512 0.0835835 0.162944 -0.0333583 -0.0282879 -0.00121177 0.999042
1305031120.883454 -0.0668754 0.0707618 0.166547 -0.0331219 -0.0287398 -0.00299373 0.999034
1305031120.915454 -0.0675912 0.0637039 0.168666 -0.0308922 -0.0271237 -0.0046539 0.999144
1305031120.947509 -0.0667806 0.0533854 0.172426 -0.0315581 -0.0271187 -0.00629557 0.999114
1305031120.983390 -0.0681635 0.0428827 0.175162 -0.0317711 -0.0265678 -0.00836976 0.999107
1305031121.015029 -0.0682609 0.0329801 0.178303 -0.0307851 -0.0272267 -0.00945006 0.99911
1305031121.047755 -0.0690578 0.0260496 0.179646 -0.0292355 -0.0269479 -0.0104175 0.999155
1305031121.083117 -0.0705917 0.0133686 0.183152 -0.0298157 -0.0274268 -0.011688 0.999111
1305031121.114878 -0.0707004 0.00496018 0.184722 -0.0272618 -0.0289398 -0.0116416 0.999142
1305031121.147355 -0.0714533 -0.00394314 0.186518 -0.025488 -0.0295377 -0.0121473 0.999165
1305031121.183281 -0.0720318 -0.0138417 0.188769 -0.0240951 -0.0306716 -0.0127432 0.999158
1305031121.211431 -0.0707728 -0.0237663 0.191811 -0.0219549 -0.0312127 -0.0131041 0.999186
1305031121.247201 -0.0724712 -0.0313977 0.193482 -0.0194991 -0.0293381 -0.0134541 0.999289
1305031121.282822 -0.0727348 -0.0421997 0.196647 -0.0201312 -0.0304788 -0.0120804 0.99926
1305031121.313588 -0.0721907 -0.053507 0.200228 -0.0185396 -0.0311294 -0.0115664 0.999276
1305031121.347540 -0.0739435 -0.0624681 0.201578 -0.0166006 -0.0313725 -0.0104804 0.999315
1305031121.383248 -0.072907 -0.0737422 0.205827 -0.0157029 -0.0332896 -0.0100569 0.999272
1305031121.414328 -0.0729654 -0.083482 0.208296 -0.0118869 -0.0326187 -0.0113973 0.999332
1305031121.447024 -0.0735981 -0.0911172 0.210934 -0.00984339 -0.0321493 -0.0111776 0.999372
1305031121.483015 -0.0726561 -0.102559 0.215643 -0.0091654 -0.0307889 -0.00968724 0.999437
1305031121.514164 -0.0749572 -0.110357 0.215842 -0.00595552 -0.0281146 -0.00844405 0.999551
1305031121.546810 -0.0753554 -0.11643 0.218362 -0.0060604 -0.0279789 -0.00808975 0.999557
1305031121.583213 -0.0747254 -0.127653 0.221996 -0.00855327 -0.0270734 -0.00839468 0.999562
1305031121.614719 -0.074547 -0.136773 0.225357 -0.00807798 -0.0254529 -0.009478 0.999598
1305031121.646966 -0.0737112 -0.142234 0.226797 -0.00683148 -0.0219993 -0.0121649 0.999661
1305031121.683211 -0.076672 -0.149509 0.228743 -0.00863747 -0.0172767 -0.0140321 0.999715
1305031121.714528 -0.0785554 -0.15883 0.230977 -0.0104012 -0.0156689 -0.0129027 0.99974
1305031121.746484 -0.0782369 -0.163464 0.233707 -0.0113703 -0.0157794 -0.0127528 0.999729
1305031121.782871 -0.0777395 -0.170568 0.237521 -0.0136393 -0.0155759 -0.0108519 0.999727
1305031121.811545 -0.0767065 -0.174847 0.241089 -0.0145889 -0.0148483 -0.0085557 0.999747
1305031121.846870 -0.0759003 -0.178369 0.242919 -0.0163677 -0.0134775 -0.00613578 0.999756
1305031121.882123 -0.0757328 -0.181693 0.244718 -0.0188674 -0.0131337 -0.000179864 0.999736
1305031121.914943 -0.0766912 -0.182665 0.245088 -0.0207191 -0.0141653 0.00339177 0.999679
1305031121.947318 -0.0749131 -0.183533 0.246288 -0.0214229 -0.0166488 0.00367768 0.999625
1305031121.982935 -0.0742732 -0.179558 0.246104 -0.0207659 -0.0168091 0.00292451 0.999639
1305031122.014424 -0.0755278 -0.176684 0.245192 -0.0215956 -0.0161456 0.00142706 0.999635
1305031122.046908 -0.0753128 -0.171704 0.243567 -0.0207814 -0.0173542 -0.00184314 0.999632
1305031122.082969 -0.074287 -0.164984 0.241365 -0.0199179 -0.0183412 -0.00563138 0.999617
1305031122.114688 -0.0745289 -0.155471 0.237701 -0.018349 -0.018387 -0.00923863 0.99962
1305031122.150748 -0.0737235 -0.145172 0.234936 -0.0181558 -0.0188493 -0.0141713 0.999557
1305031122.183052 -0.0727035 -0.135168 0.231278 -0.0168531 -0.0181654 -0.0191764 0.999509
1305031122.214969 -0.0755836 -0.115968 0.224625 -0.0158884 -0.0156315 -0.0250833 0.999437
1305031122.251355 -0.075022 -0.107425 0.2222 -0.0219611 -0.0150433 -0.0284937 0.999239
1305031122.283866 -0.0764082 -0.0958683 0.21786 -0.0231388 -0.0151384 -0.0298821 0.999171
1305031122.314309 -0.077802 -0.0774101 0.211458 -0.0257124 -0.0167927 -0.0342956 0.99894
1305031122.351351 -0.0784043 -0.0674959 0.209242 -0.0326688 -0.0190312 -0.0368671 0.998605
1305031122.382678 -0.0795064 -0.0552413 0.203072 -0.0370523 -0.0206297 -0.0375593 0.998394
1305031122.415008 -0.0803017 -0.04687 0.199561 -0.0418763 -0.0243895 -0.0374792 0.998122
1305031122.451272 -0.0818218 -0.0351965 0.19282 -0.0436142 -0.0283606 -0.0360657 0.997994
1305031122.483388 -0.0822983 -0.0247139 0.187175 -0.0465534 -0.032946 -0.0358507 0.997728
1305031122.515135 -0.0835206 -0.0129798 0.181581 -0.0474314 -0.036439 -0.0378657 0.997491
1305031122.551510 -0.0824128 -0.0026934 0.176317 -0.0489148 -0.0378791 -0.0401449 0.997277
1305031122.583217 -0.0829955 0.00710983 0.170922 -0.0505053 -0.0364577 -0.0418088 0.997182
1305031122.615017 -0.0852623 0.0145032 0.166334 -0.0520918 -0.0358826 -0.0410396 0.997153
1305031122.648810 -0.0863582 0.0251843 0.160517 -0.0508113 -0.0372751 -0.0402622 0.9972
1305031122.683420 -0.086706 0.0367089 0.15517 -0.0498833 -0.0384683 -0.0389902 0.997252
1305031122.715219 -0.0880643 0.0466672 0.150658 -0.0499147 -0.0405671 -0.0360003 0.99728
1305031122.751309 -0.0877312 0.0630921 0.146568 -0.0475396 -0.0431922 -0.0361693 0.997279
1305031122.783438 -0.0868311 0.0775292 0.14337 -0.0491887 -0.0438943 -0.0365785 0.997154
1305031122.812565 -0.0873046 0.0861929 0.141434 -0.0541958 -0.0428356 -0.0375015 0.996906
1305031122.851486 -0.0837164 0.0969932 0.139779 -0.0557201 -0.0404475 -0.0395141 0.996844
1305031122.883775 -0.0840487 0.107515 0.136536 -0.0580152 -0.0343722 -0.0395807 0.996938
1305031122.914585 -0.0855968 0.112104 0.134114 -0.0628479 -0.0309796 -0.0379552 0.99682
1305031122.951413 -0.0863456 0.119695 0.131829 -0.064206 -0.029849 -0.0371227 0.996799
1305031122.983000 -0.0886406 0.130987 0.128551 -0.0645071 -0.0289034 -0.0339212 0.996922
1305031123.015462 -0.0879802 0.137483 0.127017 -0.067122 -0.0301593 -0.0308421 0.996812
1305031123.051838 -0.0882894 0.145523 0.124457 -0.0664886 -0.0296583 -0.0296243 0.996906
1305031123.082992 -0.0888249 0.15814 0.120447 -0.0643332 -0.0285789 -0.0275202 0.997139
1305031123.113939 -0.0882729 0.168095 0.117638 -0.0666137 -0.0277285 -0.0254907 0.997068
1305031123.150840 -0.0889203 0.176674 0.116192 -0.0693471 -0.0265946 -0.0251105 0.996922
1305031123.182176 -0.0870251 0.188617 0.114128 -0.0705748 -0.0256024 -0.0246175 0.996874
1305031123.214724 -0.0862795 0.20054 0.113046 -0.0735539 -0.0212109 -0.0251456 0.996748
1305031123.250641 -0.085857 0.21469 0.110903 -0.0770552 -0.0172055 -0.0261674 0.996535
1305031123.282363 -0.0852319 0.226541 0.111712 -0.0837295 -0.014121 -0.024398 0.99609
1305031123.320992 -0.0842344 0.235787 0.112159 -0.0892093 -0.0104728 -0.0233393 0.995684
1305031123.350493 -0.0825235 0.245068 0.112216 -0.0935736 -0.0069885 -0.0228353 0.995326
1305031123.382263 -0.0807318 0.255535 0.111424 -0.0970404 -0.00288135 -0.0200625 0.995074
1305031123.421343 -0.0795207 0.264747 0.111554 -0.0991135 0.00151563 -0.0175567 0.99492
1305031123.451266 -0.0777108 0.271578 0.110207 -0.101828 0.00354056 -0.0156139 0.994673
1305031123.483605 -0.0770823 0.281271 0.10829 -0.104675 0.00546891 -0.0114236 0.994426
1305031123.519725 -0.0754928 0.290427 0.107788 -0.106665 0.00678535 -0.00824401 0.994238
1305031123.551573 -0.0740707 0.296961 0.106366 -0.108786 0.00661111 -0.00587442 0.994026
1305031123.579616 -0.073582 0.305914 0.105894 -0.109854 0.00695182 -0.00299174 0.993919
1305031123.620387 -0.0716682 0.311928 0.104064 -0.111719 0.00787633 -0.00152101 0.993707
1305031123.652430 -0.0704696 0.320612 0.102382 -0.114398 0.00984215 -0.00169716 0.993385
1305031123.683785 -0.0688023 0.327819 0.10129 -0.117878 0.0128331 -0.000511482 0.992945
1305031123.719975 -0.0666659 0.335329 0.100304 -0.121139 0.0158278 0.000894559 0.992509
1305031123.751980 -0.0648583 0.340282 0.0994457 -0.123939 0.0173098 0.00315847 0.992134
1305031123.784138 -0.0643392 0.344155 0.0985421 -0.125135 0.0171741 0.00501664 0.991978
1305031123.819696 -0.0633889 0.345827 0.0971636 -0.126262 0.0166515 0.00587579 0.99184
1305031123.851551 -0.0630465 0.346901 0.0966838 -0.127098 0.0164966 0.00794236 0.991721
1305031123.883819 -0.0632132 0.346728 0.0964241 -0.126652 0.0154258 0.00845446 0.991791
1305031123.915794 -0.0643246 0.343513 0.0962129 -0.124855 0.0146701 0.00788032 0.992035
1305031123.951530 -0.0642626 0.3408 0.0958678 -0.125102 0.0139836 0.00940227 0.992001
1305031123.983421 -0.0640838 0.342737 0.0962993 -0.123476 0.0119425 0.0115343 0.992209
1305031124.019737 -0.0647922 0.334829 0.0986609 -0.120452 0.0084777 0.0113621 0.992618
1305031124.051531 -0.0656587 0.325926 0.10056 -0.118349 0.0055709 0.0115735 0.992889
1305031124.083902 -0.0663034 0.322725 0.103889 -0.115448 0.00312243 0.0120892 0.993235
1305031124.119669 -0.0671505 0.313642 0.107633 -0.110247 0.000568061 0.0104358 0.993849
1305031124.147458 -0.0668351 0.302885 0.109156 -0.107298 -0.00112973 0.00810205 0.994193
1305031124.182707 -0.0680157 0.29536 0.112826 -0.105624 -0.00168287 0.00618729 0.994385
1305031124.217179 -0.0688532 0.284082 0.117276 -0.101159 -0.00259484 0.00440637 0.994857
1305031124.249340 -0.0669718 0.270938 0.119274 -0.098834 -0.00503084 0.00374362 0.995084
1305031124.282555 -0.0676266 0.262598 0.121696 -0.0981914 -0.00875357 0.00324726 0.995124
1305031124.316782 -0.068397 0.250384 0.126281 -0.0959855 -0.0127312 0.00290369 0.995297
1305031124.350371 -0.0686042 0.23902 0.127484 -0.0923266 -0.0159092 0.00149886 0.9956
1305031124.382432 -0.0683919 0.228291 0.12981 -0.0892637 -0.0183573 0.000272665 0.995839
1305031124.418555 -0.0696642 0.215777 0.131765 -0.085321 -0.0192157 -0.00088174 0.996168
1305031124.450256 -0.0700192 0.203912 0.133658 -0.0794493 -0.0204663 -0.00253691 0.996626
1305031124.480126 -0.0710781 0.190129 0.135859 -0.0743514 -0.0213695 -0.00501666 0.99699
1305031124.516737 -0.073014 0.178744 0.136344 -0.0683828 -0.0223732 -0.00710948 0.997383
1305031124.550503 -0.0728343 0.167437 0.138345 -0.0643831 -0.0243675 -0.00915445 0.997586
1305031124.584606 -0.0738025 0.153863 0.141301 -0.0615714 -0.0264853 -0.0115845 0.997684
1305031124.617653 -0.0730323 0.140395 0.144431 -0.0577068 -0.0294767 -0.0134054 0.997808
1305031124.651313 -0.0730446 0.129397 0.147049 -0.05371 -0.0318874 -0.0151484 0.997932
1305031124.685473 -0.0715872 0.115197 0.150862 -0.0510269 -0.0343664 -0.0169075 0.997963
1305031124.715791 -0.0710104 0.104027 0.154586 -0.0465597 -0.0350428 -0.018973 0.99812
1305031124.749941 -0.0714403 0.0898771 0.158644 -0.0452199 -0.0350367 -0.0205452 0.998151
1305031124.785178 -0.0711715 0.0761702 0.162663 -0.0429016 -0.0365019 -0.0207908 0.998196
1305031124.816641 -0.0708082 0.0651773 0.167273 -0.0404157 -0.0377653 -0.0208125 0.998252
1305031124.850559 -0.0710206 0.0513475 0.173036 -0.0407702 -0.0390594 -0.0215264 0.998173
1305031124.883594 -0.067336 0.0369921 0.179891 -0.0398291 -0.040808 -0.0220737 0.998129
1305031124.918770 -0.067297 0.0285292 0.184664 -0.0373441 -0.0385316 -0.0226556 0.998302
1305031124.950748 -0.0666019 0.0175227 0.191542 -0.0396527 -0.0374644 -0.0222095 0.998264
1305031124.986460 -0.0683815 -4.10075e-05 0.198443 -0.0408283 -0.0359448 -0.0208539 0.998302
1305031125.019467 -0.0704157 -0.0115117 0.202383 -0.0368234 -0.0373558 -0.0187684 0.998447
1305031125.050798 -0.0695416 -0.01635 0.206576 -0.0328457 -0.0400906 -0.0189199 0.998477
1305031125.083480 -0.0688139 -0.0271759 0.21279 -0.0337307 -0.0398441 -0.0163621 0.998502
1305031125.119029 -0.0697912 -0.039934 0.217751 -0.0338074 -0.0404363 -0.0146292 0.998503
1305031125.151037 -0.068897 -0.0491087 0.221896 -0.030365 -0.0414308 -0.0165484 0.998543
1305031125.187064 -0.0705279 -0.0524562 0.223395 -0.028478 -0.0386032 -0.0166336 0.99871
1305031125.219018 -0.0723055 -0.0640563 0.227897 -0.032228 -0.0366179 -0.0159074 0.998683
1305031125.250642 -0.0754193 -0.0763848 0.231437 -0.0316307 -0.0354307 -0.0180997 0.998707
1305031125.286396 -0.0768616 -0.082239 0.233254 -0.0282099 -0.0351432 -0.0199629 0.998785
1305031125.319140 -0.076871 -0.0921773 0.237386 -0.0283957 -0.0338004 -0.0194004 0.998837
1305031125.348899 -0.0791805 -0.100189 0.238819 -0.0254674 -0.0318418 -0.0216849 0.998933
1305031125.386792 -0.0770538 -0.104532 0.242601 -0.0245881 -0.0310044 -0.0264506 0.998867
1305031125.419574 -0.0767086 -0.110333 0.245974 -0.0248983 -0.0253164 -0.0278643 0.998981
1305031125.451232 -0.0778362 -0.116276 0.248512 -0.0274904 -0.0196038 -0.0290485 0.999008
1305031125.486999 -0.0771847 -0.125043 0.252397 -0.0284001 -0.015987 -0.0304524 0.999005
1305031125.519354 -0.078089 -0.125938 0.252758 -0.026855 -0.0120144 -0.0315952 0.999068
1305031125.551050 -0.077499 -0.128477 0.254588 -0.0276572 -0.00915592 -0.0331309 0.999026
1305031125.585303 -0.0770378 -0.130256 0.255741 -0.0288787 -0.00583189 -0.0356818 0.998929
1305031125.617870 -0.0772968 -0.135046 0.256282 -0.0293276 -0.00241115 -0.0359299 0.998921
1305031125.650354 -0.0800289 -0.138839 0.253397 -0.0263975 -0.00108393 -0.0321674 0.999133
1305031125.684602 -0.0832479 -0.134203 0.248127 -0.0218237 -0.00409261 -0.0308423 0.999278
1305031125.715669 -0.0806888 -0.133522 0.246966 -0.0207442 -0.0103759 -0.0293873 0.999299
1305031125.751292 -0.0792998 -0.124799 0.242017 -0.0155203 -0.0134439 -0.0285815 0.999381
1305031125.786805 -0.0787222 -0.11717 0.238775 -0.0148432 -0.014618 -0.0313736 0.999291
1305031125.819450 -0.0781012 -0.108831 0.234864 -0.0144375 -0.014205 -0.0331347 0.999246
1305031125.854774 -0.0777762 -0.100595 0.231509 -0.0161795 -0.0127583 -0.0348343 0.999181
1305031125.886645 -0.0797078 -0.0920875 0.227035 -0.0163827 -0.0125062 -0.0354349 0.999159
1305031125.919334 -0.080996 -0.080097 0.221696 -0.0185322 -0.0150805 -0.0347157 0.999112
1305031125.955252 -0.08293 -0.0738816 0.220197 -0.0229404 -0.0208985 -0.0314195 0.999024
1305031125.987094 -0.0810821 -0.0621014 0.216537 -0.0229878 -0.0288236 -0.0284385 0.998915
1305031126.019572 -0.0785716 -0.0482089 0.21257 -0.0239558 -0.0349456 -0.0288251 0.998686
1305031126.055038 -0.0737995 -0.0333484 0.211987 -0.0258631 -0.038269 -0.028742 0.998519
1305031126.087076 -0.0717652 -0.0205587 0.209134 -0.0296818 -0.0372597 -0.028169 0.998467
1305031126.119452 -0.0702853 -0.0106914 0.206959 -0.0340675 -0.0366541 -0.0282089 0.998349
1305031126.155000 -0.0686032 0.00490582 0.204124 -0.0355642 -0.0357866 -0.0262298 0.998382
1305031126.187174 -0.0684654 0.0190978 0.202364 -0.0410484 -0.0357747 -0.0255821 0.998189
1305031126.219473 -0.0671128 0.0294437 0.200745 -0.0463581 -0.036332 -0.0251085 0.997948
1305031126.255236 -0.0652358 0.0450738 0.197852 -0.0481459 -0.0354863 -0.0246421 0.997906
1305031126.287105 -0.0644444 0.0587554 0.195701 -0.0515196 -0.0337684 -0.0253701 0.997778
1305031126.319787 -0.0630639 0.0736991 0.193339 -0.054623 -0.0311086 -0.0271969 0.997652
1305031126.355415 -0.0632335 0.0846183 0.191022 -0.0591231 -0.027045 -0.0286554 0.997473
1305031126.387483 -0.0646513 0.0959059 0.18762 -0.0625221 -0.0233846 -0.029965 0.997319
1305031126.419793 -0.0642962 0.10718 0.18474 -0.0668121 -0.0216736 -0.0313389 0.997038
1305031126.455380 -0.0656276 0.115493 0.182315 -0.0718072 -0.0194389 -0.0310701 0.996745
1305031126.490386 -0.0676236 0.12544 0.178782 -0.0740811 -0.0184267 -0.0282733 0.996681
1305031126.522321 -0.0675327 0.140733 0.174861 -0.0750283 -0.0198312 -0.0265428 0.996631
1305031126.558209 -0.0646836 0.150193 0.174097 -0.0806922 -0.0213042 -0.0260386 0.996171
1305031126.590176 -0.0641029 0.159206 0.171028 -0.084777 -0.0191097 -0.0243409 0.995919
1305031126.618687 -0.0634673 0.168621 0.168434 -0.0892163 -0.0171149 -0.0232281 0.995594
1305031126.654474 -0.0611636 0.172942 0.168234 -0.094156 -0.0160492 -0.0210806 0.995205
1305031126.690022 -0.0607124 0.1785 0.165687 -0.0962936 -0.0136914 -0.0169006 0.995115
1305031126.715770 -0.05906 0.186143 0.163138 -0.0981047 -0.0124477 -0.013847 0.995002
1305031126.755374 -0.0581489 0.189271 0.161923 -0.0996155 -0.0108397 -0.01087 0.994908
1305031126.787565 -0.057444 0.195411 0.158655 -0.0986732 -0.0097575 -0.00799435 0.99504
1305031126.819929 -0.0559747 0.200656 0.155368 -0.0981732 -0.00767308 -0.00796484 0.995108
1305031126.858378 -0.0533058 0.204128 0.152555 -0.0984564 -0.00502172 -0.00681402 0.995105
1305031126.888154 -0.0526119 0.20684 0.15035 -0.0989324 -0.00281589 -0.00662236 0.995068
1305031126.919409 -0.0514765 0.208981 0.148914 -0.0989271 -0.000967403 -0.00699233 0.99507
1305031126.955501 -0.0508285 0.211099 0.1473 -0.0992494 6.53712e-05 -0.00518242 0.995049
1305031126.987316 -0.0509492 0.21153 0.147197 -0.099391 -0.000508753 -0.00421819 0.995039
1305031127.019524 -0.0508666 0.21065 0.146311 -0.0984391 -0.00135375 -0.00400352 0.995134
1305031127.053318 -0.0505908 0.210364 0.145135 -0.0979297 -0.00178297 -0.00294754 0.995187
1305031127.088649 -0.0511383 0.209628 0.145272 -0.0983052 -0.00190485 -0.00292061 0.99515
1305031127.120963 -0.0518351 0.207221 0.146328 -0.0987848 -0.00375213 -0.0019323 0.9951
1305031127.157692 -0.0529753 0.204984 0.146819 -0.0977176 -0.00656655 -0.00178867 0.995191
1305031127.187500 -0.0528731 0.203057 0.14626 -0.0960989 -0.0093631 -0.00211391 0.995325
1305031127.221831 -0.0530988 0.201994 0.147205 -0.0950477 -0.0108366 -0.00268841 0.99541
1305031127.259761 -0.0531415 0.198271 0.148425 -0.0936771 -0.0109955 -0.00372087 0.995535
1305031127.287038 -0.0545523 0.197401 0.147807 -0.091074 -0.0105141 -0.00479507 0.995777
1305031127.320468 -0.0551991 0.194297 0.149961 -0.0915773 -0.0114403 -0.00544651 0.995717
1305031127.353407 -0.0562321 0.18899 0.152605 -0.0908342 -0.0126151 -0.00621798 0.995767
1305031127.383713 -0.056945 0.188166 0.152971 -0.0878749 -0.0135462 -0.00644491 0.996018
1305031127.419650 -0.0570736 0.186333 0.154745 -0.0875111 -0.0147051 -0.00707362 0.99603
1305031127.454246 -0.0567765 0.181477 0.157593 -0.0876735 -0.0163283 -0.00741622 0.995988
1305031127.487200 -0.0572287 0.181406 0.157902 -0.0854858 -0.0172965 -0.00820355 0.996155
1305031127.521900 -0.057411 0.180173 0.159947 -0.0864961 -0.0184948 -0.00908938 0.996039
1305031127.553725 -0.0576569 0.17615 0.162598 -0.0872047 -0.0194723 -0.00918862 0.995958
1305031127.586632 -0.0580357 0.176343 0.163432 -0.0851236 -0.0199101 -0.0094382 0.996127
1305031127.620657 -0.0582631 0.176828 0.164242 -0.085006 -0.020425 -0.00943155 0.996126
1305031127.654656 -0.0581016 0.173467 0.165844 -0.0866441 -0.0207658 -0.00842965 0.995987
1305031127.687110 -0.0581512 0.171866 0.166887 -0.0854941 -0.0213325 -0.00785794 0.996079
1305031127.723210 -0.0586652 0.173197 0.166168 -0.0843208 -0.0218496 -0.00836984 0.996164
1305031127.754694 -0.0581152 0.171109 0.167501 -0.0859067 -0.0226103 -0.00819993 0.996013
1305031127.787641 -0.0583785 0.168349 0.168248 -0.0857339 -0.0227041 -0.00808325 0.996026
1305031127.820128 -0.0587781 0.168972 0.167411 -0.0839522 -0.0229345 -0.00888824 0.996166
1305031127.855132 -0.0592795 0.168061 0.167454 -0.0843884 -0.0229029 -0.00947848 0.996125
1305031127.887122 -0.0605751 0.166416 0.16757 -0.0847879 -0.0227463 -0.0101098 0.996088
1305031127.922560 -0.0620269 0.166742 0.167759 -0.0841856 -0.0231135 -0.0107005 0.996124
1305031127.955088 -0.0622123 0.167962 0.168085 -0.0842348 -0.0240025 -0.0108096 0.996098
1305031127.987093 -0.0618888 0.167183 0.169672 -0.0858836 -0.0248979 -0.0107679 0.995936
1305031128.021776 -0.0610541 0.166857 0.170931 -0.0870565 -0.0252988 -0.0109722 0.995822
1305031128.055718 -0.0602743 0.164655 0.173959 -0.0898969 -0.0246522 -0.0097198 0.995598
1305031128.087206 -0.0605819 0.161848 0.176127 -0.0905763 -0.0241873 -0.00900908 0.995555
1305031128.124746 -0.0598694 0.161053 0.176875 -0.0900506 -0.0247037 -0.00809956 0.995598
1305031128.157782 -0.0592899 0.160443 0.178176 -0.0906729 -0.0250073 -0.00664891 0.995544
1305031128.187221 -0.0585113 0.156297 0.180204 -0.0913068 -0.025196 -0.0055799 0.995488
1305031128.225442 -0.0592153 0.157199 0.179457 -0.0888914 -0.0248043 -0.00535793 0.995718
1305031128.256007 -0.0590561 0.15761 0.17962 -0.088907 -0.0252648 -0.00475242 0.995708
1305031128.291275 -0.0581633 0.154369 0.181243 -0.0901894 -0.0260811 -0.00460917 0.995572
1305031128.324170 -0.0589773 0.155773 0.180513 -0.0882341 -0.025807 -0.00544229 0.99575
1305031128.355206 -0.0593642 0.155647 0.180444 -0.0883088 -0.025852 -0.00618628 0.995738
1305031128.391397 -0.060057 0.154224 0.180744 -0.0889396 -0.0259878 -0.00784226 0.995667
1305031128.423609 -0.0602827 0.153271 0.18095 -0.0885712 -0.0260779 -0.00900709 0.995688
1305031128.455499 -0.0607997 0.1531 0.180836 -0.0882393 -0.026011 -0.00991732 0.99571
1305031128.489523 -0.0612969 0.151873 0.181051 -0.0888215 -0.0261097 -0.0110635 0.995644
1305031128.523604 -0.061048 0.150685 0.181259 -0.0888182 -0.0261618 -0.0117112 0.995635
1305031128.555639 -0.0612864 0.149848 0.181269 -0.08892 -0.0255877 -0.0124867 0.995632
1305031128.591460 -0.0615799 0.147764 0.181043 -0.088981 -0.0247831 -0.012732 0.995643
1305031128.623368 -0.0622671 0.146753 0.17991 -0.0880276 -0.0246023 -0.012529 0.995735
1305031128.655554 -0.0629428 0.147311 0.179454 -0.0871745 -0.0255949 -0.0122587 0.995789
1305031128.690449 -0.0626216 0.146081 0.179647 -0.0871883 -0.0271912 -0.0127329 0.995739
1305031128.722976 -0.0620011 0.145852 0.179328 -0.0860826 -0.0274727 -0.0134738 0.995818
1305031128.754646 -0.062688 0.146284 0.178948 -0.0850703 -0.0263201 -0.0145415 0.995921
