1305031790.640468 0 0 0 0 0 0 1
1305031790.672866 0.00397606 0.00869251 0.00159714 -0.00936341 0.000454767 0.00329756 0.999951
1305031790.709421 0.00850577 0.0153285 0.00356566 -0.0198248 0.000419661 0.00628555 0.999784
1305031790.739530 0.013631 0.0205241 0.00502645 -0.0295752 0.000650293 0.0104903 0.999507
1305031790.773548 0.019411 0.0285391 0.00483895 -0.0377028 0.00176025 0.016793 0.999146
1305031790.809521 0.0249354 0.0372899 0.00597536 -0.0477983 0.00295053 0.024007 0.998564
1305031790.839363 0.0316038 0.0424814 0.00636004 -0.0608137 0.00385089 0.0310237 0.997659
1305031790.871606 0.0369392 0.045704 0.0081609 -0.0725699 0.00667522 0.0371183 0.99665
1305031790.909436 0.0431171 0.0490069 0.00784877 -0.0820008 0.0109903 0.0454181 0.995536
1305031790.941495 0.0465691 0.0538889 0.00797414 -0.0879297 0.0170542 0.0535596 0.99454
1305031790.973696 0.0490662 0.0573464 0.00716326 -0.0914774 0.0232019 0.0635467 0.993507
1305031791.009486 0.0486724 0.0547224 0.00699634 -0.0913409 0.0300327 0.0735374 0.992647
1305031791.041197 0.0526012 0.0535329 0.00322683 -0.083177 0.0369218 0.0854551 0.992177
1305031791.073525 0.0590543 0.0513155 -0.00164877 -0.0719336 0.0457844 0.0932324 0.991986
1305031791.109452 0.0617957 0.0481027 -0.00554895 -0.055841 0.0587676 0.101843 0.991492
1305031791.141330 0.0697008 0.0404101 -0.0194342 -0.0338419 0.0738521 0.106745 0.990962
1305031791.173227 0.0724239 0.0367255 -0.0242421 -0.00802915 0.0945189 0.10748 0.989671
1305031791.209506 0.0749279 0.0279073 -0.0333211 0.0170719 0.114285 0.108936 0.98731
1305031791.241091 0.0736278 0.0204922 -0.0459487 0.0466152 0.13633 0.107973 0.983658
1305031791.273558 0.0733635 0.0199459 -0.0575004 0.0722965 0.156124 0.111433 0.978765
1305031791.309764 0.0656686 0.0155937 -0.0606671 0.100676 0.179073 0.114507 0.971949
1305031791.341415 0.0638799 0.00883102 -0.0726288 0.12869 0.199305 0.117284 0.964345
1305031791.373525 0.0589534 0.00708004 -0.0736215 0.152827 0.217547 0.12348 0.95607
1305031791.409609 0.0584414 -0.000424588 -0.0816269 0.177364 0.230883 0.131225 0.947636
1305031791.441538 0.0463734 -0.0108857 -0.0875104 0.203951 0.244359 0.138216 0.937864
1305031791.473230 0.0429973 -0.013565 -0.0952418 0.225322 0.253106 0.144666 0.929645
1305031791.509595 0.0400751 -0.0146117 -0.100218 0.246632 0.25946 0.146103 0.922229
1305031791.541450 0.029193 -0.0307611 -0.110847 0.264404 0.267209 0.148429 0.91469
1305031791.574034 0.02559 -0.03759 -0.116581 0.281862 0.27391 0.150945 0.907052
1305031791.609401 0.0235403 -0.0517661 -0.125607 0.294246 0.280102 0.151415 0.90113
1305031791.641229 -0.0237941 -0.0520432 -0.108227 0.314059 0.29691 0.143651 0.890267
1305031791.677621 -0.0248431 -0.0536615 -0.113892 0.334345 0.30268 0.139587 0.88154
1305031791.709275 -0.0364131 -0.0531365 -0.119961 0.355557 0.311765 0.137559 0.870321
1305031791.741364 -0.0495319 -0.059542 -0.127493 0.373025 0.321664 0.136323 0.859535
1305031791.776668 -0.0539501 -0.0621545 -0.132418 0.390937 0.331243 0.132553 0.848455
1305031791.808429 -0.0690028 -0.0795669 -0.141359 0.405814 0.343927 0.130172 0.836711
1305031791.840375 -0.0839833 -0.0835616 -0.146059 0.42309 0.355695 0.127749 0.823502
1305031791.876494 -0.0972143 -0.0811272 -0.144804 0.440398 0.366716 0.126395 0.809687
1305031791.908433 -0.104714 -0.0908355 -0.163621 0.451956 0.371374 0.12848 0.800818
1305031791.944357 -0.111721 -0.0968779 -0.175117 0.465505 0.376018 0.126695 0.791115
1305031791.977200 -0.136248 -0.114923 -0.188753 0.475675 0.384048 0.127221 0.781061
1305031792.005506 -0.139927 -0.115281 -0.194332 0.488418 0.3897 0.122193 0.771136
1305031792.041730 -0.157465 -0.132311 -0.212029 0.496829 0.395712 0.12015 0.762979
1305031792.076713 -0.166997 -0.138956 -0.213299 0.504059 0.40137 0.115304 0.755998
1305031792.109497 -0.16901 -0.145067 -0.225473 0.509865 0.403698 0.113451 0.751128
1305031792.141484 -0.177584 -0.150933 -0.224609 0.516103 0.407583 0.111476 0.745041
1305031792.177376 -0.171128 -0.147332 -0.229665 0.521184 0.40876 0.105583 0.741711
1305031792.209274 -0.174721 -0.155964 -0.255229 0.521108 0.410653 0.102148 0.741199
1305031792.241751 -0.183747 -0.159148 -0.25248 0.525107 0.414763 0.0989415 0.736508
1305031792.277507 -0.184512 -0.164192 -0.26166 0.525216 0.41473 0.0980181 0.736573
1305031792.309357 -0.184251 -0.157566 -0.260422 0.526547 0.413699 0.0968917 0.73635
1305031792.341029 -0.197078 -0.160993 -0.252559 0.523273 0.415498 0.0981098 0.737509
1305031792.377088 -0.188745 -0.153064 -0.246772 0.519214 0.413942 0.100621 0.740907
1305031792.409323 -0.174546 -0.141869 -0.238661 0.514007 0.411971 0.104755 0.745052
1305031792.441590 -0.180025 -0.147476 -0.244101 0.502949 0.410827 0.113158 0.751969
1305031792.477100 -0.169455 -0.13617 -0.231755 0.496499 0.407341 0.120262 0.757033
1305031792.509589 -0.164736 -0.128636 -0.212723 0.487231 0.405547 0.129221 0.762522
1305031792.541061 -0.159948 -0.121767 -0.209363 0.474455 0.401887 0.139758 0.770615
1305031792.577055 -0.167415 -0.124051 -0.202581 0.459505 0.402361 0.151291 0.77722
1305031792.609388 -0.162485 -0.113372 -0.200614 0.443637 0.40057 0.160679 0.785437
1305031792.641219 -0.166909 -0.126834 -0.237843 0.417909 0.400019 0.171117 0.797531
1305031792.677662 -0.170394 -0.129753 -0.24296 0.399765 0.400499 0.181286 0.804316
1305031792.709219 -0.154478 -0.102409 -0.263299 0.383377 0.395077 0.187368 0.813529
1305031792.741510 -0.143034 -0.0942828 -0.265674 0.367634 0.391174 0.194918 0.820875
1305031792.777507 -0.168231 -0.127488 -0.241996 0.347972 0.39745 0.206934 0.823484
1305031792.809440 -0.16004 -0.1206 -0.236579 0.33295 0.395216 0.2154 0.828584
1305031792.845359 -0.158636 -0.1249 -0.229684 0.316125 0.39538 0.224594 0.832644
1305031792.877574 -0.156235 -0.115964 -0.222768 0.302307 0.395219 0.23205 0.835802
1305031792.909293 -0.145441 -0.115897 -0.224773 0.286692 0.392415 0.241738 0.839869
1305031792.945340 -0.138243 -0.131051 -0.222851 0.267023 0.391948 0.253757 0.843019
1305031792.977564 -0.136407 -0.134802 -0.217387 0.252465 0.387422 0.268575 0.845005
1305031793.009530 -0.128444 -0.118229 -0.210092 0.241213 0.381164 0.280272 0.847335
1305031793.045243 -0.122774 -0.107925 -0.20407 0.230483 0.377274 0.290295 0.848687
1305031793.077518 -0.120668 -0.106138 -0.195693 0.219545 0.3766 0.301064 0.848135
1305031793.109651 -0.115704 -0.104876 -0.192311 0.20776 0.378152 0.31066 0.846952
1305031793.145401 -0.114503 -0.0914047 -0.182942 0.20005 0.381321 0.318664 0.844409
1305031793.177537 -0.105835 -0.0715206 -0.1742 0.19207 0.38601 0.321574 0.843028
1305031793.209609 -0.105754 -0.0611023 -0.168081 0.18312 0.390153 0.329088 0.840207
1305031793.245617 -0.105341 -0.057995 -0.159366 0.172228 0.395192 0.33648 0.837223
1305031793.277180 -0.100666 -0.0531488 -0.157363 0.161166 0.398419 0.343214 0.83516
1305031793.309399 -0.0932611 -0.0456848 -0.159333 0.15042 0.399989 0.350569 0.833357
1305031793.345594 -0.0916726 -0.0363143 -0.152198 0.141737 0.401879 0.359317 0.830238
1305031793.377232 -0.089478 -0.0283959 -0.145813 0.132894 0.402728 0.367527 0.827691
1305031793.405708 -0.0861209 -0.0211585 -0.138998 0.124159 0.403049 0.376007 0.825078
1305031793.442259 -0.0847235 -0.0120893 -0.131492 0.115494 0.404511 0.383857 0.822001
1305031793.474150 -0.0886107 -0.0100357 -0.124916 0.105056 0.407323 0.394567 0.816925
1305031793.507244 -0.0865416 -0.00484096 -0.114991 0.0961994 0.408699 0.404274 0.812572
1305031793.545400 -0.0840977 -0.00229511 -0.105343 0.0869778 0.40929 0.414158 0.808325
1305031793.577186 -0.0851289 0.00679278 -0.0934611 0.0792132 0.409766 0.425174 0.803146
1305031793.609703 -0.0903306 0.0235872 -0.0828686 0.0740925 0.40901 0.437843 0.797192
1305031793.645429 -0.0883701 0.0217481 -0.0730106 0.064382 0.408115 0.450265 0.791554
1305031793.677435 -0.0903459 0.0331174 -0.0629727 0.0571094 0.406486 0.461194 0.786643
1305031793.709532 -0.0888444 0.0317906 -0.0522926 0.0468933 0.405095 0.473648 0.780613
1305031793.745574 -0.0885861 0.0381014 -0.0442049 0.0391785 0.402195 0.485396 0.775303
1305031793.777364 -0.0907593 0.0466118 -0.0305178 0.0315946 0.400052 0.49629 0.769842
1305031793.809469 -0.0886072 0.0506794 -0.021523 0.0226917 0.397743 0.506259 0.764844
1305031793.844756 -0.0813585 0.0553541 -0.0202252 0.0144711 0.394338 0.516018 0.760272
1305031793.876455 -0.0808781 0.0568823 -0.012198 0.00776544 0.394319 0.524471 0.754573
1305031793.908753 -0.0802783 0.0520295 -0.00762237 0.000683515 0.394148 0.534319 0.747763
1305031793.946431 -0.0780308 0.0493162 -0.00499169 -0.0063729 0.392355 0.542005 0.743133
1305031793.976745 -0.0774945 0.0533043 -0.00156807 -0.010108 0.390253 0.548823 0.739184
1305031794.009162 -0.073561 0.0517547 0.000338092 -0.0149012 0.38926 0.555988 0.734255
1305031794.044747 -0.0768427 0.0476809 0.0123452 -0.0162271 0.391952 0.561183 0.728823
1305031794.076455 -0.0730649 0.0445569 0.0127485 -0.018536 0.391807 0.564457 0.726313
1305031794.112475 -0.0665331 0.0450403 0.00942078 -0.0193669 0.390594 0.567654 0.724451
1305031794.145599 -0.0616835 0.0472197 0.00611299 -0.0178437 0.390537 0.569552 0.72303
1305031794.177734 -0.0555777 0.0435751 -0.0010428 -0.0169655 0.391599 0.570361 0.721837
1305031794.213866 -0.0518604 0.0441265 -0.00718702 -0.0133754 0.395143 0.568541 0.721418
1305031794.245539 -0.0413783 0.0351047 -0.0158586 -0.00990098 0.400617 0.567691 0.719121
1305031794.277346 -0.0408602 0.0288773 -0.0221519 -0.00259846 0.40895 0.563007 0.718174
1305031794.313708 -0.0374668 0.0252104 -0.0317346 0.00554758 0.417302 0.557717 0.717481
1305031794.345350 -0.0305427 0.0165884 -0.0416565 0.0129158 0.425455 0.551657 0.717283
1305031794.377641 -0.0318865 0.0109844 -0.0493335 0.0251455 0.436549 0.542818 0.717035
1305031794.414154 -0.036703 0.00227002 -0.0569374 0.0339935 0.446798 0.532478 0.71811
1305031794.445415 -0.0377028 -0.00715666 -0.0615837 0.0410632 0.455503 0.523383 0.718957
1305031794.477731 -0.0304638 -0.0169975 -0.0779084 0.050216 0.460577 0.517844 0.719155
1305031794.513643 -0.0328025 -0.0207511 -0.0902997 0.0635302 0.466937 0.51188 0.71827
1305031794.545650 -0.0351307 -0.0212656 -0.101254 0.0755154 0.473181 0.50586 0.717288
1305031794.577340 -0.0338641 -0.0328002 -0.113053 0.0842988 0.482253 0.501039 0.713642
1305031794.613627 -0.0368108 -0.037366 -0.123287 0.0947114 0.493775 0.493416 0.709757
1305031794.645569 -0.0367681 -0.0377753 -0.133774 0.105662 0.506953 0.485777 0.704169
1305031794.677507 -0.0363826 -0.049454 -0.151213 0.111232 0.522218 0.477119 0.698049
1305031794.713599 -0.042484 -0.0556342 -0.15461 0.119106 0.541307 0.467055 0.688955
1305031794.745368 -0.0431129 -0.0620035 -0.173812 0.12746 0.560631 0.457335 0.678447
1305031794.776816 -0.0489589 -0.0486293 -0.193256 0.142394 0.580079 0.446879 0.66598
1305031794.813463 -0.0547172 -0.0552066 -0.202257 0.152545 0.603777 0.433957 0.651048
1305031794.846026 -0.0615263 -0.0642184 -0.204817 0.161736 0.627546 0.418952 0.636005
1305031794.873764 -0.0658135 -0.0681526 -0.215476 0.171896 0.647771 0.40456 0.622232
1305031794.910108 -0.0628853 -0.0870135 -0.245694 0.178535 0.663515 0.393407 0.61082
1305031794.945596 -0.070863 -0.0949321 -0.253638 0.187639 0.680381 0.379031 0.598503
1305031794.977250 -0.07495 -0.104231 -0.269173 0.193696 0.693638 0.368081 0.588101
1305031795.013538 -0.0863306 -0.105622 -0.276405 0.201847 0.705121 0.358395 0.577591
1305031795.045683 -0.0968924 -0.106771 -0.290414 0.207903 0.712572 0.352267 0.570019
1305031795.077205 -0.104085 -0.110891 -0.306342 0.210512 0.718053 0.349578 0.563804
1305031795.113230 -0.0997779 -0.123732 -0.326762 0.213836 0.725438 0.345422 0.5556
1305031795.145139 -0.103264 -0.139288 -0.338306 0.222751 0.736911 0.335235 0.543098
1305031795.177574 -0.116373 -0.144841 -0.349903 0.233024 0.746581 0.325323 0.531484
1305031795.213517 -0.123241 -0.147939 -0.360532 0.241756 0.754471 0.318371 0.52054
1305031795.245440 -0.128249 -0.148984 -0.356863 0.252441 0.762465 0.310128 0.50866
1305031795.277594 -0.137319 -0.156918 -0.372155 0.259219 0.767822 0.303861 0.500917
1305031795.312820 -0.145641 -0.160624 -0.383631 0.265968 0.77409 0.297399 0.491525
1305031795.345404 -0.151377 -0.166284 -0.390447 0.270296 0.782101 0.289702 0.480967
1305031795.381033 -0.160893 -0.169281 -0.40224 0.27201 0.79074 0.281724 0.4705
1305031795.413248 -0.188668 -0.159492 -0.457983 0.273026 0.794904 0.277881 0.46515
1305031795.444944 -0.192875 -0.163767 -0.468449 0.272803 0.803734 0.275045 0.451595
1305031795.480855 -0.192741 -0.159222 -0.465087 0.275272 0.811884 0.27196 0.437157
1305031795.509058 -0.194587 -0.157631 -0.462968 0.276577 0.819783 0.267937 0.423873
1305031795.543822 -0.195173 -0.159723 -0.462139 0.277188 0.826472 0.265613 0.411774
1305031795.580571 -0.199409 -0.157191 -0.471762 0.276244 0.831783 0.262223 0.40381
1305031795.612694 -0.194764 -0.155257 -0.46926 0.274517 0.838604 0.257041 0.394097
1305031795.644499 -0.195201 -0.156064 -0.468256 0.273049 0.845417 0.251574 0.383957
1305031795.680455 -0.20544 -0.145128 -0.471168 0.274583 0.850431 0.245723 0.375487
1305031795.713145 -0.209743 -0.161181 -0.477576 0.271982 0.85362 0.248283 0.368392
1305031795.745356 -0.192226 -0.165496 -0.456006 0.266273 0.858753 0.250206 0.359218
1305031795.781187 -0.194948 -0.16311 -0.464329 0.257963 0.861052 0.25689 0.355035
1305031795.812774 -0.19369 -0.128433 -0.458574 0.256154 0.862438 0.262157 0.349082
1305031795.844570 -0.188563 -0.100811 -0.447549 0.254544 0.86195 0.27166 0.344165
1305031795.880527 -0.178568 -0.106949 -0.443329 0.248254 0.860144 0.287409 0.340463
1305031795.909127 -0.168575 -0.101839 -0.441573 0.244096 0.857065 0.302384 0.338256
1305031795.944316 -0.209272 -0.00520066 -0.46055 0.24748 0.848828 0.309296 0.350112
1305031795.980897 -0.197762 0.0116097 -0.455885 0.239624 0.845669 0.324322 0.349624
1305031796.012654 -0.188764 0.025948 -0.448364 0.231982 0.843014 0.338952 0.347306
1305031796.045068 -0.176892 0.023903 -0.448249 0.22586 0.838791 0.356996 0.343464
1305031796.081241 -0.166908 0.0394607 -0.438711 0.219492 0.834496 0.371846 0.342298
1305031796.113736 -0.159647 0.0280967 -0.448723 0.210619 0.826637 0.394385 0.341712
1305031796.145545 -0.15055 0.0484515 -0.433309 0.204587 0.822118 0.408351 0.339872
1305031796.179196 -0.13876 0.0608354 -0.418715 0.199791 0.81805 0.422394 0.335346
1305031796.212249 -0.131011 0.0851142 -0.393773 0.195054 0.814967 0.433766 0.331101
1305031796.244465 -0.130207 0.0944243 -0.393216 0.189092 0.810428 0.448058 0.326638
1305031796.280467 -0.0919303 0.0930984 -0.329074 0.190785 0.810763 0.460288 0.307241
1305031796.312376 -0.0882621 0.103366 -0.312059 0.186939 0.807211 0.472055 0.301041
1305031796.342290 -0.0872174 0.108837 -0.310812 0.18172 0.800604 0.487439 0.297342
1305031796.380122 -0.0851394 0.112367 -0.306798 0.178303 0.794648 0.501078 0.292678
1305031796.411800 -0.083545 0.125578 -0.287904 0.175331 0.790105 0.511803 0.288181
1305031796.444268 -0.0822671 0.127757 -0.28611 0.170353 0.781583 0.528006 0.285157
1305031796.481198 -0.0821127 0.125511 -0.287663 0.164428 0.774298 0.54163 0.282947
1305031796.512896 -0.0819887 0.138729 -0.270518 0.160746 0.770545 0.549326 0.280464
1305031796.544633 -0.0870555 0.145919 -0.261542 0.15482 0.76385 0.561257 0.278483
1305031796.581150 -0.0871333 0.143998 -0.259722 0.149517 0.756142 0.574612 0.275159
1305031796.613198 -0.0867754 0.149751 -0.248368 0.147006 0.748441 0.586452 0.272574
1305031796.649045 -0.0909679 0.160734 -0.231406 0.146181 0.739286 0.598158 0.27256
1305031796.679446 -0.0929574 0.169177 -0.224704 0.143348 0.728921 0.610666 0.274244
1305031796.712815 -0.0696015 0.166192 -0.182179 0.139582 0.724695 0.619518 0.267448
1305031796.749489 -0.0719408 0.170769 -0.172043 0.137163 0.716629 0.629949 0.266066
1305031796.781421 -0.0739246 0.17839 -0.161711 0.134863 0.708116 0.640312 0.265292
1305031796.813561 -0.0766689 0.183518 -0.154612 0.13335 0.698186 0.651849 0.264277
1305031796.849638 -0.0800926 0.190066 -0.144914 0.134167 0.689942 0.661091 0.262552
1305031796.877643 -0.0829368 0.191905 -0.133441 0.133327 0.681289 0.670256 0.262342
1305031796.913380 -0.0875048 0.202626 -0.123365 0.132992 0.670857 0.680282 0.263582
1305031796.949604 -0.0910091 0.208473 -0.117044 0.133066 0.660356 0.69055 0.263363
1305031796.980992 -0.0961094 0.215135 -0.105921 0.133109 0.652159 0.698118 0.263813
1305031797.013555 -0.0992481 0.222675 -0.103024 0.130684 0.642353 0.707481 0.264141
1305031797.049352 -0.103674 0.226216 -0.0959467 0.127395 0.634991 0.715048 0.263173
1305031797.081428 -0.110297 0.234074 -0.0782337 0.123583 0.631219 0.718876 0.263634
1305031797.112264 -0.1149 0.237601 -0.0717731 0.120294 0.624196 0.726067 0.262164
1305031797.149559 -0.120516 0.239615 -0.0654971 0.118532 0.616747 0.733576 0.259681
1305031797.181442 -0.126737 0.243835 -0.0594157 0.119849 0.608419 0.741611 0.255876
1305031797.213717 -0.132529 0.248497 -0.055555 0.121795 0.598945 0.74958 0.254078
1305031797.249736 -0.138878 0.252186 -0.0507629 0.124034 0.588583 0.757554 0.253563
1305031797.281280 -0.145025 0.256311 -0.0469959 0.126588 0.578516 0.764769 0.253809
1305031797.313591 -0.151513 0.25734 -0.0404191 0.127498 0.571879 0.76933 0.25461
1305031797.349653 -0.156256 0.263805 -0.037443 0.127986 0.565403 0.774179 0.254128
1305031797.381725 -0.162182 0.267121 -0.0336843 0.128332 0.559884 0.778883 0.251789
1305031797.413444 -0.167879 0.262768 -0.0276722 0.128777 0.556501 0.782472 0.247903
1305031797.449459 -0.173168 0.268753 -0.028479 0.130647 0.552022 0.785885 0.246138
1305031797.481250 -0.176762 0.274876 -0.0282914 0.13309 0.548856 0.788289 0.244211
1305031797.511821 -0.181268 0.274319 -0.0286338 0.135218 0.547027 0.790044 0.241459
1305031797.549595 -0.185027 0.279312 -0.0279374 0.137892 0.548429 0.788835 0.24072
1305031797.577492 -0.187779 0.281951 -0.0302582 0.140754 0.555174 0.784073 0.239154
1305031797.613482 -0.192222 0.281883 -0.0316888 0.145288 0.565441 0.777698 0.233127
1305031797.649463 -0.19495 0.282151 -0.0394305 0.149002 0.577476 0.770246 0.225914
1305031797.681494 -0.199416 0.280347 -0.047384 0.152327 0.591353 0.760658 0.220211
1305031797.711478 -0.204574 0.27663 -0.055554 0.151691 0.606156 0.75019 0.216274
1305031797.749330 -0.20924 0.273661 -0.0638541 0.150702 0.621137 0.739944 0.209658
1305031797.781348 -0.216337 0.273344 -0.0689345 0.14651 0.63692 0.728449 0.205486
1305031797.815855 -0.220686 0.268122 -0.0788109 0.14267 0.649613 0.719502 0.1999
1305031797.849306 -0.223559 0.265171 -0.0895594 0.14038 0.663078 0.709407 0.193283
1305031797.877576 -0.226111 0.274172 -0.10673 0.139812 0.674959 0.70013 0.186268
1305031797.917116 -0.227377 0.269721 -0.115242 0.139316 0.690288 0.688341 0.173995
1305031797.949871 -0.231204 0.265588 -0.128971 0.139668 0.705357 0.675635 0.162715
1305031797.981971 -0.233529 0.26187 -0.138037 0.139872 0.721989 0.660596 0.150917
1305031798.015269 -0.240783 0.264208 -0.157638 0.14012 0.735049 0.648517 0.139609
1305031798.049495 -0.24339 0.26027 -0.167985 0.140189 0.74904 0.634967 0.126885
1305031798.081417 -0.24524 0.253968 -0.180573 0.139835 0.762393 0.621371 0.114442
1305031798.114860 -0.248106 0.247785 -0.191484 0.139139 0.77519 0.607557 0.102911
1305031798.149092 -0.250572 0.242276 -0.202287 0.139261 0.786301 0.595094 0.0905283
1305031798.180856 -0.249576 0.238924 -0.216891 0.138788 0.793842 0.586614 0.0802046
1305031798.216938 -0.251188 0.232885 -0.228455 0.137253 0.801761 0.577302 0.0711195
1305031798.249843 -0.253495 0.22702 -0.239673 0.135443 0.810555 0.56669 0.0592741
1305031798.277285 -0.253135 0.22026 -0.24933 0.13245 0.819405 0.555788 0.0461277
1305031798.317008 -0.250542 0.214179 -0.256557 0.129914 0.828018 0.544422 0.0332876
1305031798.349326 -0.248223 0.207552 -0.267514 0.127833 0.835679 0.533658 0.0224293
1305031798.381412 -0.24749 0.200894 -0.273722 0.124882 0.843891 0.521628 0.012344
1305031798.417238 -0.245341 0.194344 -0.280489 0.120368 0.851554 0.510255 0.00171017
1305031798.449066 -0.243824 0.187855 -0.289479 0.117235 0.858744 0.498706 -0.0101475
1305031798.481517 -0.239826 0.183663 -0.293977 0.115415 0.866676 0.484811 -0.0225128
1305031798.517491 -0.240626 0.174487 -0.30289 0.112199 0.873543 0.472515 -0.0325304
1305031798.548782 -0.238931 0.168986 -0.309377 0.108226 0.87974 0.460876 -0.0439852
1305031798.581190 -0.23794 0.163473 -0.315086 0.106488 0.885865 0.448004 -0.0565051
1305031798.616969 -0.234596 0.156997 -0.324047 0.105568 0.891169 0.435777 -0.0690472
1305031798.649387 -0.235787 0.148494 -0.330966 0.105667 0.895175 0.425297 -0.0813294
1305031798.681173 -0.233397 0.145217 -0.336463 0.107307 0.898852 0.4141 -0.0952193
1305031798.717545 -0.232326 0.138753 -0.341252 0.108744 0.9028 0.401482 -0.109249
1305031798.749417 -0.23135 0.131471 -0.345129 0.108084 0.907207 0.38823 -0.120687
1305031798.780379 -0.222811 0.121771 -0.351092 0.104839 0.911326 0.375766 -0.131489
1305031798.816718 -0.22267 0.109973 -0.361459 0.0998359 0.915701 0.363175 -0.140089
1305031798.848499 -0.22243 0.0984066 -0.369548 0.0953831 0.919826 0.350426 -0.148391
1305031798.880461 -0.218824 0.0879288 -0.374842 0.0913205 0.923508 0.338289 -0.156045
1305031798.916769 -0.217307 0.0812304 -0.376351 0.0877132 0.927304 0.326607 -0.160429
1305031798.948386 -0.220365 0.0720414 -0.379834 0.0837075 0.93028 0.31809 -0.162443
1305031798.977548 -0.220473 0.06499 -0.380523 0.0790513 0.933045 0.309272 -0.165904
1305031799.016423 -0.225728 0.0545486 -0.383595 0.0752432 0.93596 0.300027 -0.168214
1305031799.048165 -0.227554 0.0510524 -0.380539 0.0680041 0.938686 0.291451 -0.171159
1305031799.084229 -0.222326 0.0545339 -0.371464 0.0600079 0.940832 0.282979 -0.176505
1305031799.116275 -0.228026 0.0462563 -0.369237 0.0542904 0.94159 0.27887 -0.180796
1305031799.148353 -0.235079 0.0233135 -0.381211 0.0498821 0.940725 0.279554 -0.185459
1305031799.184133 -0.232204 0.0116544 -0.380964 0.0477123 0.940292 0.277599 -0.191069
1305031799.216330 -0.235878 0.00158987 -0.379406 0.049017 0.939371 0.2777 -0.195084
1305031799.248919 -0.242325 -0.000692593 -0.37221 0.0480043 0.9387 0.278536 -0.197363
1305031799.282109 -0.243669 -0.00661361 -0.370705 0.0452146 0.937229 0.280948 -0.201549
1305031799.317052 -0.245295 -0.0106568 -0.362339 0.0431392 0.935557 0.28317 -0.206597
1305031799.345225 -0.252341 -0.00541073 -0.350038 0.0392338 0.934494 0.284433 -0.210416
1305031799.385836 -0.255054 -0.0148742 -0.343974 0.0379002 0.932207 0.288186 -0.215636
1305031799.417030 -0.266257 -0.0245932 -0.335623 0.0386374 0.929686 0.294117 -0.218362
1305031799.449416 -0.27335 -0.0110881 -0.329621 0.0378735 0.927275 0.300667 -0.21982
1305031799.485270 -0.260275 -0.0242095 -0.318433 0.0373795 0.922143 0.31313 -0.224054
1305031799.517032 -0.274793 -0.0253828 -0.313226 0.0376199 0.91778 0.325719 -0.223979
1305031799.548193 -0.262748 -0.0303185 -0.278437 0.037416 0.913306 0.336278 -0.226685
1305031799.581386 -0.261037 -0.0249421 -0.272095 0.0385824 0.907673 0.349361 -0.22931
1305031799.617188 -0.278332 -0.0117437 -0.263976 0.0425121 0.902778 0.361748 -0.228732
1305031799.649673 -0.281681 -0.00695951 -0.254895 0.0457351 0.89741 0.373754 -0.229927
1305031799.685493 -0.279466 -0.000602876 -0.243705 0.0491384 0.891656 0.38599 -0.231392
1305031799.717286 -0.285821 0.00619911 -0.236641 0.0528058 0.88516 0.400686 -0.230542
1305031799.749321 -0.279552 0.00557993 -0.236146 0.0570915 0.877822 0.414713 -0.232761
1305031799.785018 -0.273703 0.0140737 -0.219862 0.0616931 0.871997 0.425591 -0.233842
1305031799.814639 -0.285169 0.0161815 -0.219492 0.0676699 0.864138 0.441354 -0.232138
1305031799.849553 -0.287394 0.0271327 -0.203306 0.0729245 0.857824 0.453038 -0.231454
1305031799.885163 -0.287514 0.0336708 -0.197452 0.0782956 0.850046 0.466302 -0.23205
1305031799.916952 -0.282031 0.039392 -0.19295 0.0811597 0.841616 0.480618 -0.232583
1305031799.949350 -0.282826 0.0465874 -0.187297 0.0849662 0.832517 0.49497 -0.233875
1305031799.985260 -0.284218 0.05337 -0.175203 0.0899902 0.824053 0.507469 -0.235176
1305031800.017573 -0.282593 0.0622911 -0.166836 0.0951129 0.815339 0.520349 -0.235387
1305031800.049428 -0.282927 0.0705341 -0.158247 0.100134 0.806367 0.533411 -0.234975
1305031800.085033 -0.278827 0.0808962 -0.145819 0.104922 0.798261 0.544113 -0.236019
1305031800.117205 -0.280488 0.0866801 -0.142576 0.107633 0.788805 0.557234 -0.235979
1305031800.149430 -0.284097 0.0994092 -0.127491 0.108344 0.780367 0.568689 -0.236381
1305031800.185401 -0.274778 0.11101 -0.115034 0.109114 0.77183 0.577696 -0.242146
1305031800.217472 -0.276277 0.115867 -0.10842 0.113207 0.761382 0.58884 -0.246462
1305031800.249376 -0.279027 0.120439 -0.108121 0.118866 0.748774 0.6028 -0.248668
1305031800.285574 -0.273516 0.132432 -0.0912628 0.1234 0.738753 0.61365 -0.249887
1305031800.317706 -0.27384 0.139142 -0.086043 0.127128 0.726996 0.62621 -0.25134
1305031800.353570 -0.271267 0.149446 -0.0785437 0.129991 0.715292 0.637677 -0.254602
1305031800.386128 -0.270107 0.157185 -0.0710931 0.132803 0.703271 0.64906 -0.257854
1305031800.417282 -0.268176 0.178611 -0.0474833 0.13497 0.694446 0.656994 -0.260535
1305031800.453754 -0.267063 0.184289 -0.0411927 0.139222 0.682088 0.667327 -0.264655
1305031800.485575 -0.266881 0.189809 -0.0325435 0.144405 0.670929 0.675753 -0.268984
1305031800.517739 -0.265762 0.197369 -0.0289029 0.14959 0.659554 0.683936 -0.273564
1305031800.553340 -0.264848 0.201819 -0.0248018 0.154776 0.648454 0.691538 -0.278063
1305031800.585490 -0.263754 0.208805 -0.0213702 0.15778 0.63827 0.698731 -0.281932
1305031800.617831 -0.262537 0.213691 -0.0185423 0.159869 0.628577 0.705471 -0.285723
1305031800.653624 -0.266084 0.221434 -0.00729156 0.163289 0.620392 0.710935 -0.288124
1305031800.685405 -0.265719 0.226491 -0.00575802 0.166897 0.611509 0.716807 -0.290488
1305031800.713947 -0.265931 0.230213 -0.00434 0.171299 0.603201 0.721531 -0.293584
1305031800.753166 -0.265194 0.235582 -0.00303362 0.174548 0.596416 0.725436 -0.295901
1305031800.784054 -0.26607 0.239494 -0.00617131 0.177957 0.590201 0.727626 -0.300912
1305031800.816096 -0.270017 0.244752 -0.0114342 0.180562 0.58595 0.7276 -0.307656
1305031800.853919 -0.291136 0.248887 -0.0339299 0.18308 0.581283 0.728191 -0.313564
1305031800.885396 -0.303922 0.250353 -0.0392791 0.184436 0.583656 0.721549 -0.323555
1305031800.917427 -0.306942 0.250559 -0.0477255 0.181335 0.588016 0.714497 -0.33293
1305031800.953700 -0.316899 0.250537 -0.060251 0.177889 0.594919 0.704924 -0.342785
1305031800.985467 -0.34393 0.246445 -0.0674724 0.176231 0.606506 0.690259 -0.353028
1305031801.017256 -0.337223 0.244441 -0.0842351 0.163719 0.617931 0.676611 -0.365441
1305031801.053202 -0.341663 0.240307 -0.090967 0.153405 0.630376 0.66035 -0.378183
1305031801.085709 -0.347611 0.23262 -0.101549 0.142077 0.643448 0.643466 -0.389528
1305031801.117929 -0.35049 0.226494 -0.108909 0.12829 0.655431 0.628419 -0.398789
1305031801.149557 -0.362006 0.219551 -0.119204 0.115022 0.665519 0.614785 -0.407292
1305031801.183875 -0.360115 0.214195 -0.127804 0.0958317 0.677953 0.598054 -0.416557
1305031801.213176 -0.367662 0.204621 -0.139697 0.0815139 0.688483 0.580782 -0.426651
1305031801.253746 -0.374047 0.194173 -0.153893 0.0694345 0.697328 0.564755 -0.435841
1305031801.285341 -0.368485 0.185143 -0.150805 0.059303 0.707615 0.546984 -0.443356
1305031801.318014 -0.389197 0.173299 -0.169927 0.0504035 0.714778 0.535497 -0.446978
1305031801.353094 -0.380194 0.169545 -0.163829 0.0394183 0.724376 0.518256 -0.452913
1305031801.385194 -0.397614 0.151797 -0.18837 0.0314948 0.728641 0.510017 -0.456033
1305031801.417407 -0.399998 0.142107 -0.197133 0.0226775 0.73481 0.498684 -0.459181
1305031801.453727 -0.403217 0.129522 -0.212181 0.0156671 0.739649 0.488493 -0.462647
1305031801.485350 -0.39447 0.136677 -0.201859 0.00900752 0.747364 0.472554 -0.46696
1305031801.521131 -0.397314 0.123157 -0.211367 0.00373236 0.753787 0.460657 -0.468592
1305031801.550374 -0.397683 0.116683 -0.218707 -0.00286643 0.760441 0.448825 -0.469331
1305031801.585137 -0.400311 0.106342 -0.225455 -0.00912062 0.767161 0.437304 -0.46919
1305031801.621227 -0.401702 0.104704 -0.219331 -0.0161616 0.776331 0.420921 -0.468901
1305031801.653135 -0.40118 0.0975515 -0.226846 -0.0238334 0.783409 0.40574 -0.470183
1305031801.685234 -0.402491 0.0897327 -0.225566 -0.03255 0.792148 0.388706 -0.469408
1305031801.721833 -0.401055 0.0838446 -0.232782 -0.0433815 0.79892 0.372962 -0.469828
1305031801.752492 -0.397564 0.0827943 -0.231739 -0.0538408 0.806597 0.354627 -0.469825
1305031801.785189 -0.393356 0.0790019 -0.233263 -0.0644396 0.812709 0.339302 -0.469275
1305031801.821431 -0.400398 0.059585 -0.238651 -0.0726315 0.816037 0.32995 -0.468972
1305031801.851024 -0.401391 0.0468697 -0.245487 -0.0809942 0.819522 0.316973 -0.470474
1305031801.885594 -0.403486 0.0407841 -0.246111 -0.0895551 0.824148 0.301975 -0.470707
1305031801.921490 -0.401404 0.0308373 -0.253747 -0.0953738 0.826887 0.290662 -0.471881
1305031801.953537 -0.409707 0.0231789 -0.249557 -0.0985775 0.831661 0.280122 -0.469199
1305031801.985210 -0.413858 0.00354668 -0.263248 -0.0983005 0.833752 0.274329 -0.46897
1305031802.019644 -0.419431 -0.0033199 -0.255629 -0.0990392 0.838356 0.263518 -0.4668
1305031802.053402 -0.418501 -0.00821566 -0.260756 -0.101884 0.8403 0.253239 -0.468381
1305031802.085036 -0.415927 -0.000217492 -0.24913 -0.10932 0.843046 0.238908 -0.469295
1305031802.121342 -0.416496 -0.00397462 -0.253805 -0.1198 0.842971 0.228561 -0.472019
1305031802.153506 -0.440408 -0.0655216 -0.272887 -0.120111 0.841172 0.231025 -0.473945
1305031802.184646 -0.441119 -0.0614216 -0.26741 -0.127975 0.839628 0.220569 -0.479573
1305031802.219780 -0.439723 -0.0581015 -0.263754 -0.134165 0.836591 0.214574 -0.485866
1305031802.253201 -0.441694 -0.0556346 -0.258043 -0.138273 0.83289 0.210365 -0.492865
1305031802.285410 -0.439788 -0.0501635 -0.255886 0.13944 -0.828088 -0.207748 0.501645
1305031802.321392 -0.440233 -0.0472417 -0.249943 0.139801 -0.8241 -0.209181 0.507466
1305031802.353673 -0.445408 -0.0519109 -0.242424 0.139241 -0.820827 -0.213774 0.510999
1305031802.385256 -0.452692 -0.053877 -0.236142 0.140653 -0.817335 -0.215925 0.515289
1305031802.421381 -0.449297 -0.0430524 -0.231263 0.143389 -0.812956 -0.21546 0.521621
1305031802.449815 -0.449273 -0.0394477 -0.227308 0.145268 -0.808205 -0.219911 0.526604
1305031802.485366 -0.454071 -0.0390388 -0.221536 0.143471 -0.805049 -0.222847 0.530679
1305031802.521559 -0.447253 -0.0362648 -0.217718 0.14423 -0.800459 -0.229179 0.534706
1305031802.553684 -0.439532 -0.0314749 -0.225785 0.141884 -0.792747 -0.240403 0.541849
1305031802.585533 -0.440548 -0.0174172 -0.204436 0.140181 -0.787994 -0.249937 0.544903
1305031802.621150 -0.436371 0.0417275 -0.168947 0.143214 -0.782921 -0.253337 0.549833
1305031802.651432 -0.443298 0.0587859 -0.128817 0.13769 -0.776403 -0.269443 0.552824
1305031802.685539 -0.445303 0.0677483 -0.119602 0.128251 -0.765587 -0.288248 0.560637
1305031802.721583 -0.437795 0.13783 -0.0858004 0.123489 -0.759682 -0.291645 0.567936
1305031802.751226 -0.44274 0.143843 -0.0767362 0.112953 -0.749799 -0.312079 0.572386
1305031802.789007 -0.447579 0.151571 -0.0786281 0.101657 -0.737566 -0.331154 0.579633
1305031802.821805 -0.450627 0.164178 -0.0701276 0.0939087 -0.726477 -0.344794 0.586948
1305031802.853857 -0.454366 0.180038 -0.0589865 0.0840727 -0.715619 -0.353838 0.59632
1305031802.890975 -0.456257 0.187407 -0.0453893 0.0742827 -0.704981 -0.364104 0.604065
1305031802.921571 -0.46042 0.197393 -0.0454728 0.0652014 -0.692914 -0.374586 0.612606
1305031802.954186 -0.458442 0.204501 -0.0455772 0.0586662 -0.680464 -0.38383 0.621437
1305031802.989730 -0.460257 0.21362 -0.040684 0.0536682 -0.668581 -0.390801 0.630378
1305031803.021911 -0.453213 0.239582 -0.00999757 0.0493022 -0.65984 -0.390953 0.639783
1305031803.053859 -0.452636 0.250144 0.00278705 0.0439625 -0.647984 -0.395771 0.649256
1305031803.089624 -0.452822 0.255466 0.00977304 0.0375818 -0.636383 -0.399729 0.65864
1305031803.122288 -0.45179 0.261771 0.0161581 0.030747 -0.624712 -0.40339 0.667872
1305031803.153738 -0.451274 0.265169 0.02282 0.0227784 -0.612517 -0.408585 0.676277
1305031803.189456 -0.450533 0.2752 0.0306519 0.0145597 -0.60143 -0.410414 0.685288
1305031803.222097 -0.446554 0.277838 0.0372716 0.00652325 -0.590913 -0.412851 0.693053
1305031803.253833 -0.440044 0.28666 0.0504008 -0.000287737 -0.58106 -0.415419 0.699847
1305031803.289513 -0.437678 0.292961 0.056835 -0.00779989 -0.569991 -0.417917 0.707379
1305031803.317616 -0.423836 0.305877 0.0738278 -0.0127622 -0.561622 -0.418678 0.713524
1305031803.353839 -0.420622 0.312672 0.0828408 -0.0202797 -0.551464 -0.421684 0.719479
1305031803.393279 -0.418722 0.321722 0.0866482 -0.027877 -0.541007 -0.424879 0.725261
1305031803.421427 -0.414457 0.325249 0.0905585 -0.0357588 -0.532096 -0.426757 0.730387
1305031803.449958 -0.411867 0.330513 0.100939 -0.0410639 -0.524896 -0.429144 0.733911
1305031803.489758 -0.408345 0.333613 0.101987 -0.0475234 -0.515713 -0.430877 0.738998
1305031803.517807 -0.402253 0.338707 0.105812 -0.0529283 -0.507707 -0.432571 0.743174
1305031803.553175 -0.401632 0.342647 0.11358 -0.059897 -0.501072 -0.432459 0.747202
1305031803.588621 -0.395596 0.344398 0.119006 -0.0667993 -0.495806 -0.432682 0.749996
1305031803.617801 -0.392574 0.347637 0.122417 -0.0735898 -0.490836 -0.43475 0.751432
1305031803.654299 -0.387581 0.348394 0.135084 -0.0797622 -0.487331 -0.438862 0.750693
1305031803.686328 -0.384479 0.350097 0.140168 -0.085246 -0.48109 -0.443183 0.751577
1305031803.721631 -0.382226 0.350995 0.142435 -0.0934971 -0.473784 -0.445848 0.753658
1305031803.754202 -0.378938 0.353043 0.143844 -0.10425 -0.467001 -0.450512 0.753707
1305031803.789665 -0.376416 0.354576 0.151211 -0.116261 -0.461627 -0.455981 0.75197
1305031803.822228 -0.371153 0.356507 0.154175 -0.126806 -0.456231 -0.459885 0.75118
1305031803.854272 -0.367097 0.359366 0.16239 -0.137409 -0.451198 -0.467552 0.747614
1305031803.894274 -0.36106 0.362486 0.168372 -0.146701 -0.44529 -0.474997 0.744692
1305031803.922306 -0.353857 0.365138 0.174455 -0.155126 -0.439559 -0.481654 0.742109
1305031803.953878 -0.346908 0.367314 0.1775 -0.165387 -0.432689 -0.487829 0.739893
1305031803.986986 -0.341719 0.369347 0.187242 -0.177051 -0.428044 -0.492975 0.736478
1305031804.021991 -0.333294 0.373461 0.19328 -0.186778 -0.422964 -0.49758 0.733908
1305031804.057867 -0.328818 0.376843 0.19872 -0.197131 -0.41709 -0.501203 0.732094
1305031804.090568 -0.327899 0.379975 0.209875 -0.208256 -0.412152 -0.506044 0.728471
1305031804.121807 -0.320033 0.383229 0.21263 -0.214062 -0.407193 -0.510164 0.726702
1305031804.159547 -0.31497 0.385795 0.217596 -0.221524 -0.401903 -0.511673 0.726348
1305031804.190025 -0.316895 0.389312 0.22553 -0.229347 -0.397679 -0.513217 0.725156
1305031804.221943 -0.326077 0.376694 0.238019 -0.238812 -0.39608 -0.514124 0.722328
1305031804.257543 -0.327655 0.374561 0.241943 -0.241131 -0.394641 -0.511826 0.723975
1305031804.289105 -0.338849 0.368973 0.245558 -0.243648 -0.393541 -0.508613 0.725992
1305031804.322186 -0.340149 0.36822 0.257401 -0.24047 -0.39952 -0.501391 0.728805
1305031804.357487 -0.344826 0.365651 0.263179 -0.23373 -0.406047 -0.494639 0.731997
1305031804.388583 -0.358071 0.354155 0.255955 -0.223837 -0.409882 -0.489464 0.736418
1305031804.420347 -0.357565 0.345847 0.25477 -0.210294 -0.416561 -0.479569 0.743141
1305031804.458421 -0.362416 0.337174 0.260859 -0.197384 -0.424886 -0.468143 0.749231
1305031804.488618 -0.367374 0.325451 0.254455 -0.181135 -0.430713 -0.458753 0.755787
1305031804.520334 -0.364119 0.32587 0.239282 -0.159258 -0.435922 -0.449996 0.762958
1305031804.553325 -0.368322 0.312426 0.230845 -0.142246 -0.44126 -0.440647 0.768686
1305031804.588603 -0.381653 0.294198 0.243287 -0.130886 -0.448728 -0.429387 0.772743
1305031804.620878 -0.386457 0.279671 0.234935 -0.114781 -0.453092 -0.420278 0.777748
1305031804.657048 -0.388545 0.269727 0.226684 -0.0958572 -0.457421 -0.412663 0.781844
1305031804.689811 -0.392565 0.256977 0.219407 -0.0777197 -0.460496 -0.404365 0.786375
1305031804.721742 -0.397023 0.244578 0.211864 -0.0577626 -0.462922 -0.395951 0.790938
1305031804.761864 -0.404061 0.228664 0.203003 -0.0374907 -0.465119 -0.38723 0.795177
1305031804.794542 -0.404088 0.217817 0.193531 -0.0128759 -0.467816 -0.37785 0.798878
1305031804.822160 -0.409508 0.206068 0.184498 0.0124527 -0.469621 -0.367746 0.802533
1305031804.857799 -0.41487 0.195944 0.175715 0.0387744 -0.470643 -0.354646 0.806978
1305031804.889635 -0.418805 0.183685 0.160609 0.0635978 -0.470754 -0.342909 0.810404
1305031804.921987 -0.417255 0.181124 0.150619 0.088766 -0.472442 -0.329279 0.812706
1305031804.958018 -0.421727 0.168718 0.128282 0.104498 -0.471665 -0.31831 0.815651
1305031804.989454 -0.42625 0.162372 0.119411 0.1205 -0.473231 -0.307243 0.81678
1305031805.021251 -0.431563 0.15611 0.107569 0.135809 -0.474572 -0.295754 0.817841
1305031805.053799 -0.436091 0.150063 0.0976237 0.148146 -0.475522 -0.281594 0.820141
1305031805.088981 -0.442525 0.140881 0.0856789 0.159295 -0.476146 -0.270618 0.821384
1305031805.120822 -0.447721 0.137153 0.0753032 0.169651 -0.477923 -0.258956 0.822037
1305031805.156816 -0.452256 0.140123 0.0653572 0.180612 -0.47944 -0.24808 0.822173
1305031805.188114 -0.456524 0.124578 0.0639331 0.186581 -0.481999 -0.239697 0.821831
1305031805.224830 -0.461253 0.119524 0.0559237 0.195046 -0.48207 -0.232344 0.821935
1305031805.256506 -0.466552 0.117047 0.0302132 0.203663 -0.479341 -0.225649 0.823306
1305031805.288719 -0.468564 0.111956 0.0229998 0.210853 -0.479434 -0.217748 0.823569
1305031805.324692 -0.471267 0.101847 0.0101062 0.220961 -0.476385 -0.21379 0.823725
1305031805.360488 -0.476867 0.0924037 0.00054542 0.234328 -0.471609 -0.208061 0.824246
1305031805.392685 -0.47906 0.0875021 -0.0113787 0.248653 -0.468041 -0.196979 0.824806
1305031805.426082 -0.481131 0.106316 -0.0108257 0.267857 -0.46474 -0.186567 0.823078
1305031805.455941 -0.479317 0.0920746 -0.0219041 0.282866 -0.462531 -0.179184 0.820939
1305031805.488250 -0.503067 0.0909407 -0.0767963 0.300282 -0.450426 -0.17605 0.822162
1305031805.524339 -0.504433 0.0965525 -0.0785543 0.322005 -0.445914 -0.16821 0.81803
1305031805.555936 -0.504363 0.0918894 -0.0924134 0.340062 -0.4415 -0.161201 0.814522
1305031805.587800 -0.507968 0.0974648 -0.10193 0.354811 -0.437349 -0.153084 0.812032
1305031805.626288 -0.517222 0.105106 -0.136064 0.368528 -0.430875 -0.146943 0.810516
1305031805.653600 -0.517565 0.103106 -0.146371 0.375543 -0.426944 -0.142751 0.810126
1305031805.688826 -0.519019 0.0619785 -0.21521 0.370496 -0.41871 -0.144153 0.816474
1305031805.724499 -0.507068 0.0563796 -0.207919 0.368491 -0.418259 -0.140449 0.818256
1305031805.756662 -0.499615 0.0274091 -0.222794 0.357379 -0.414433 -0.144513 0.824402
1305031805.788800 -0.492891 0.00305656 -0.239947 0.340239 -0.411629 -0.147601 0.832471
1305031805.825010 -0.490917 0.00103492 -0.241786 0.318504 -0.407123 -0.153005 0.842254
1305031805.856722 -0.479898 -0.0201766 -0.2678 0.285551 -0.401078 -0.161159 0.855348
1305031805.888558 -0.482355 -0.0217245 -0.255801 0.263938 -0.397861 -0.166798 0.862681
1305031805.924334 -0.480258 -0.0225569 -0.242533 0.244239 -0.394246 -0.172396 0.869019
1305031805.956398 -0.486279 -0.0074776 -0.243686 0.225676 -0.388018 -0.173668 0.876555
1305031805.990628 -0.478481 -0.00813618 -0.235264 0.208038 -0.384064 -0.178128 0.88175
1305031806.026273 -0.481085 -0.00897614 -0.232321 0.192593 -0.376168 -0.183178 0.887609
1305031806.056329 -0.47772 -0.00258207 -0.226154 0.178662 -0.368283 -0.184331 0.89357
1305031806.091003 -0.471941 -0.00388751 -0.214859 0.167671 -0.360711 -0.187347 0.89815
1305031806.126194 -0.465503 0.000945186 -0.206451 0.157299 -0.351059 -0.192652 0.902717
1305031806.160305 -0.460306 0.0195759 -0.171553 0.147753 -0.344661 -0.192888 0.906736
1305031806.186461 -0.452446 0.0306264 -0.158316 0.135213 -0.337244 -0.195013 0.911017
1305031806.226737 -0.445229 0.0375379 -0.146977 0.119389 -0.329793 -0.198869 0.915113
1305031806.256407 -0.440025 0.0366656 -0.137943 0.103398 -0.322231 -0.204359 0.918538
1305031806.292064 -0.434735 0.0513306 -0.135369 0.0906661 -0.312662 -0.209461 0.922034
1305031806.324430 -0.429232 0.0556909 -0.122917 0.0748941 -0.304845 -0.211399 0.925618
1305031806.356698 -0.426409 0.061262 -0.114037 0.0586813 -0.297371 -0.211843 0.929111
1305031806.388772 -0.421814 0.0684354 -0.104073 0.0421985 -0.291069 -0.214709 0.931341
1305031806.428086 -0.41685 0.072593 -0.0938908 0.0245298 -0.285479 -0.215755 0.93346
1305031806.458170 -0.412875 0.0779107 -0.0840724 0.0118279 -0.280203 -0.216906 0.935038
1305031806.493660 -0.402185 0.0914001 -0.0675148 0.00353277 -0.275427 -0.219182 0.935994
1305031806.531887 -0.395612 0.0977127 -0.060403 -0.00632259 -0.265502 -0.221015 0.938413
1305031806.556751 -0.387639 0.108223 -0.0504938 -0.017272 -0.258402 -0.218619 0.940816
1305031806.594170 -0.381968 0.116887 -0.0433734 -0.0310145 -0.250849 -0.221862 0.941748
1305031806.625910 -0.372673 0.125175 -0.0331546 -0.0448592 -0.244639 -0.223801 0.942365
1305031806.660594 -0.369143 0.12834 -0.0267014 -0.0594587 -0.236079 -0.223914 0.943712
1305031806.695601 -0.363933 0.134351 -0.0194328 -0.0737576 -0.229071 -0.220916 0.945136
1305031806.725479 -0.358013 0.136864 -0.0143579 -0.0903043 -0.224933 -0.216536 0.945707
1305031806.757877 -0.354744 0.147343 -0.00876895 -0.102813 -0.220756 -0.21313 0.946188
1305031806.793755 -0.351107 0.150559 -0.00511359 -0.117274 -0.218349 -0.210076 0.945747
1305031806.821694 -0.347066 0.156545 -3.15401e-05 -0.127958 -0.214293 -0.208998 0.945528
1305031806.857332 -0.342039 0.16433 0.00561784 -0.137579 -0.208483 -0.208245 0.945643
1305031806.893667 -0.339156 0.171079 0.0100232 -0.14802 -0.202237 -0.207754 0.94553
1305031806.925528 -0.336744 0.175727 0.0135416 -0.159023 -0.196525 -0.205418 0.945459
1305031806.957342 -0.335161 0.180536 0.0164577 -0.171428 -0.191428 -0.202151 0.945041
1305031806.994718 -0.331676 0.188186 0.0208034 -0.18049 -0.187946 -0.199268 0.944664
1305031807.025349 -0.329561 0.193972 0.0232834 -0.188571 -0.182923 -0.196676 0.944615
1305031807.057482 -0.327657 0.199407 0.0253697 -0.195535 -0.177435 -0.193075 0.944989
1305031807.094797 -0.328041 0.203433 0.0265391 -0.202849 -0.171321 -0.189184 0.945362
1305031807.125639 -0.327418 0.20967 0.0275821 -0.206239 -0.166179 -0.185339 0.946308
1305031807.158021 -0.326642 0.215687 0.0287835 -0.206953 -0.160891 -0.180474 0.948005
1305031807.193815 -0.329113 0.218628 0.0292054 -0.207648 -0.154637 -0.174652 0.949982
1305031807.226069 -0.330479 0.220455 0.0300508 -0.207171 -0.148599 -0.169082 0.952055
1305031807.258189 -0.332358 0.222097 0.0307763 -0.203817 -0.142644 -0.163304 0.954695
1305031807.294600 -0.335597 0.221089 0.031102 -0.198577 -0.134917 -0.156562 0.958046
1305031807.325779 -0.34087 0.219213 0.0302871 -0.190834 -0.125517 -0.146693 0.962449
1305031807.356999 -0.347994 0.216722 0.0293706 -0.179928 -0.117313 -0.137258 0.966966
1305031807.394901 -0.35084 0.202243 0.0312836 -0.173065 -0.112767 -0.129909 0.969771
1305031807.425389 -0.359439 0.184371 0.0315233 -0.167207 -0.104276 -0.122591 0.972697
1305031807.456981 -0.364079 0.160493 0.035434 -0.157685 -0.098527 -0.111221 0.976246
1305031807.493776 -0.368763 0.148311 0.0344513 -0.132364 -0.0901172 -0.10225 0.981786
1305031807.525569 -0.370956 0.1362 0.0301752 -0.104986 -0.0822487 -0.0963824 0.986369
1305031807.558514 -0.37534 0.128103 0.0282189 -0.0809987 -0.0732235 -0.0911665 0.989831
1305031807.593758 -0.378327 0.116816 0.0255392 -0.0576557 -0.0639706 -0.0860158 0.992565
1305031807.625726 -0.381664 0.112233 0.0204431 -0.0317603 -0.0536902 -0.0819976 0.994678
1305031807.657923 -0.387978 0.10645 0.0148254 -0.0108152 -0.0443528 -0.0792221 0.995811
1305031807.695218 -0.391932 0.0880319 0.0129654 0.00419772 -0.039012 -0.0739375 0.996491
1305031807.725763 -0.395076 0.0782075 0.00680058 0.0267964 -0.0331929 -0.0694229 0.996675
1305031807.763921 -0.398374 0.0703333 0.00110108 0.0478283 -0.0264011 -0.0645919 0.996415
1305031807.794370 -0.409438 0.0600709 -0.00892299 0.0692579 -0.0182764 -0.0608746 0.995572
1305031807.825649 -0.413117 0.052001 -0.0159359 0.089859 -0.0163684 -0.0553006 0.994283
1305031807.862767 -0.415588 0.0459406 -0.0236771 0.108862 -0.0139612 -0.053859 0.992498
1305031807.895051 -0.418062 0.0368071 -0.0325784 0.124691 -0.0107189 -0.0507899 0.990837
1305031807.922091 -0.419589 0.0276244 -0.0401375 0.140956 -0.00822728 -0.0478627 0.988824
1305031807.960371 -0.422476 0.0217805 -0.0491849 0.158424 -0.00595432 -0.0457446 0.986293
1305031807.990310 -0.424146 0.0133598 -0.0580512 0.174391 -0.0054592 -0.0425555 0.983741
1305031808.025493 -0.424922 0.00493993 -0.0658065 0.190348 -0.0058493 -0.038651 0.980938
1305031808.060837 -0.424766 -0.00785177 -0.0761271 0.204765 -0.00727257 -0.032921 0.97823
1305031808.094509 -0.424216 -0.0168321 -0.0866173 0.221146 -0.00924283 -0.0300344 0.974734
1305031808.124869 -0.422846 -0.0263389 -0.0957354 0.237687 -0.010661 -0.0284957 0.970865
1305031808.160774 -0.422923 -0.0356604 -0.107849 0.254221 -0.01154 -0.0266672 0.966709
1305031808.193540 -0.424257 -0.0495376 -0.12261 0.272178 -0.0122833 -0.025614 0.961827
1305031808.224541 -0.425931 -0.0579091 -0.134711 0.289589 -0.0134678 -0.0262577 0.956696
1305031808.259528 -0.427961 -0.0659268 -0.146856 0.302421 -0.0162162 -0.0261402 0.952677
1305031808.292602 -0.42494 -0.0720261 -0.156459 0.315238 -0.0196231 -0.0270392 0.948424
1305031808.324524 -0.423947 -0.079318 -0.169866 0.329697 -0.0204649 -0.0274153 0.943466
1305031808.362374 -0.42266 -0.0916323 -0.182714 0.342988 -0.0211269 -0.026423 0.93873
1305031808.394090 -0.425093 -0.0916931 -0.19002 0.357422 -0.0217954 -0.0257951 0.933331
1305031808.427040 -0.425857 -0.0955652 -0.203716 0.368889 -0.0221792 -0.0267986 0.928821
1305031808.462622 -0.438449 -0.0994723 -0.211563 0.380951 -0.0192271 -0.0264386 0.924016
1305031808.493893 -0.426857 -0.115662 -0.232784 0.391157 -0.0193477 -0.0246638 0.919789
1305031808.524551 -0.430965 -0.125816 -0.248593 0.401927 -0.0185453 -0.0220952 0.915216
1305031808.561866 -0.434226 -0.131589 -0.263847 0.410983 -0.0190042 -0.0190167 0.911245
1305031808.590231 -0.441236 -0.138361 -0.275588 0.420401 -0.0165799 -0.017024 0.907026
1305031808.624717 -0.446524 -0.143987 -0.293573 0.429803 -0.0099989 -0.0116475 0.902791
1305031808.661004 -0.44251 -0.149447 -0.310401 0.438771 -0.0022803 -0.00813702 0.898558
1305031808.692608 -0.437536 -0.154936 -0.32522 0.446321 0.00476865 -0.00460545 0.894847
1305031808.724581 -0.424567 -0.155202 -0.329913 0.454622 0.00970967 -0.0046364 0.890618
1305031808.761035 -0.404637 -0.151723 -0.325884 0.462656 0.0165194 -0.00787601 0.886347
1305031808.792909 -0.402612 -0.152396 -0.325731 0.471072 0.0286858 -0.00743951 0.881595
1305031808.824645 -0.400293 -0.149047 -0.332517 0.477111 0.0408583 -0.00336812 0.877885
1305031808.860603 -0.394664 -0.153824 -0.347732 0.475897 0.0522769 -0.000263352 0.877944
1305031808.894236 -0.381634 -0.161619 -0.364659 0.47011 0.0617747 0.00180315 0.88044
1305031808.924712 -0.383172 -0.166947 -0.377538 0.461028 0.0711698 0.00613353 0.884505
1305031808.960766 -0.373179 -0.172988 -0.386274 0.446545 0.0790695 0.00782097 0.891225
1305031808.994453 -0.364105 -0.16697 -0.383459 0.431581 0.0853795 0.0103584 0.897964
1305031809.029773 -0.357156 -0.158163 -0.376183 0.416684 0.0910092 0.0132579 0.904386
1305031809.063418 -0.350299 -0.148862 -0.365358 0.401472 0.0973972 0.0155689 0.910544
1305031809.097271 -0.344756 -0.137841 -0.353269 0.387574 0.104942 0.0173344 0.915681
1305031809.131663 -0.34281 -0.135574 -0.347372 0.372667 0.116374 0.0166689 0.920487
1305031809.161507 -0.33982 -0.134315 -0.347067 0.357952 0.126577 0.021476 0.924871
1305031809.194288 -0.333869 -0.129643 -0.343641 0.34365 0.13455 0.0279009 0.928989
1305031809.229538 -0.330005 -0.118999 -0.33672 0.330669 0.140657 0.0348002 0.932556
1305031809.261343 -0.327692 -0.106207 -0.331888 0.316181 0.14551 0.0410328 0.936574
1305031809.294460 -0.32153 -0.100123 -0.327462 0.298813 0.150789 0.0469973 0.94115
1305031809.330064 -0.318687 -0.0936724 -0.322038 0.284179 0.155185 0.0540656 0.944582
1305031809.359534 -0.324019 -0.083704 -0.31713 0.270383 0.160165 0.0599456 0.947442
1305031809.393838 -0.325523 -0.0690402 -0.307958 0.257486 0.163975 0.0641555 0.950103
1305031809.428411 -0.292655 -0.0693431 -0.306302 0.241598 0.163567 0.0623614 0.954456
1305031809.462164 -0.292297 -0.0695183 -0.30228 0.227714 0.164806 0.0664313 0.957377
1305031809.493873 -0.29468 -0.0697796 -0.299799 0.214881 0.166301 0.0719313 0.959685
1305031809.530074 -0.297989 -0.0640211 -0.295683 0.204489 0.166556 0.0769436 0.961521
1305031809.563364 -0.302587 -0.0593825 -0.290233 0.19353 0.167816 0.0788146 0.963417
1305031809.594021 -0.305697 -0.0514466 -0.284728 0.183213 0.169628 0.079579 0.965052
1305031809.631035 -0.304582 -0.0473925 -0.280284 0.173182 0.172635 0.0795374 0.966374
1305031809.662949 -0.310602 -0.0409713 -0.27542 0.164585 0.176235 0.080601 0.967138
1305031809.693782 -0.312644 -0.0334454 -0.272441 0.155616 0.177935 0.0832698 0.968085
1305031809.731309 -0.316858 -0.0277991 -0.268868 0.145686 0.17953 0.0866063 0.969043
1305031809.758942 -0.319841 -0.0246012 -0.265018 0.135163 0.180592 0.0893279 0.970122
1305031809.793369 -0.319986 -0.0190704 -0.262101 0.124722 0.181359 0.093947 0.970941
1305031809.830391 -0.322112 -0.0095004 -0.256161 0.11572 0.183148 0.0996538 0.971151
1305031809.861943 -0.326676 -0.00325143 -0.253371 0.105211 0.185569 0.10363 0.971471
1305031809.895169 -0.325442 0.00550911 -0.250114 0.0945141 0.187521 0.106899 0.971841
1305031809.929860 -0.326937 0.0080202 -0.24658 0.0829265 0.191715 0.110426 0.971686
1305031809.963228 -0.325698 0.0160317 -0.245032 0.07299 0.194651 0.115288 0.971335
1305031809.994224 -0.326747 0.0236223 -0.242936 0.0623086 0.197653 0.119978 0.970905
1305031810.030062 -0.32644 0.0314097 -0.239527 0.0508067 0.199733 0.125061 0.970507
1305031810.062155 -0.329164 0.0378165 -0.239097 0.0396912 0.202671 0.129381 0.96985
1305031810.095183 -0.32953 0.0447989 -0.236404 0.0310813 0.206064 0.134485 0.968754
1305031810.131056 -0.328557 0.0519793 -0.23601 0.0219127 0.208057 0.139607 0.967854
1305031810.161700 -0.326583 0.0597608 -0.23587 0.0122071 0.210149 0.141383 0.967315
1305031810.197185 -0.326528 0.0644269 -0.234219 0.0024011 0.214505 0.143697 0.966091
1305031810.230520 -0.325829 0.072099 -0.235966 -0.00561562 0.217924 0.146778 0.964849
1305031810.262762 -0.324657 0.0794518 -0.23879 -0.0156391 0.220237 0.149425 0.963806
1305031810.298074 -0.324676 0.0899518 -0.238483 -0.0265653 0.221556 0.151382 0.962959
1305031810.330937 -0.322205 0.0926308 -0.239433 -0.0394089 0.222221 0.153211 0.962076
1305031810.362897 -0.320954 0.0970623 -0.23934 -0.048949 0.224222 0.156573 0.960631
1305031810.396861 -0.318892 0.106031 -0.242806 -0.0561296 0.224905 0.163337 0.958951
1305031810.429920 -0.31555 0.111708 -0.246916 -0.0655195 0.224178 0.169441 0.957466
1305031810.461399 -0.311087 0.119309 -0.251765 -0.0757319 0.222132 0.173723 0.956421
1305031810.496777 -0.308405 0.126883 -0.250528 -0.0880083 0.221671 0.178287 0.954636
1305031810.529947 -0.30366 0.12965 -0.253425 -0.100331 0.222391 0.183382 0.952285
1305031810.561970 -0.299298 0.136566 -0.261286 -0.10977 0.223829 0.187373 0.950127
1305031810.598116 -0.296228 0.141215 -0.26157 -0.119595 0.226733 0.191707 0.947384
1305031810.630327 -0.292112 0.151042 -0.263332 -0.123996 0.228812 0.197984 0.945025
1305031810.661881 -0.286897 0.153489 -0.263442 -0.128401 0.231518 0.205205 0.942233
1305031810.698469 -0.277217 0.151168 -0.263892 -0.130422 0.23487 0.210885 0.939869
1305031810.729616 -0.266951 0.145304 -0.261694 -0.130518 0.239863 0.215342 0.937581
1305031810.762055 -0.259505 0.144926 -0.26514 -0.124501 0.247049 0.219463 0.935576
1305031810.798335 -0.25695 0.142002 -0.265824 -0.117652 0.255849 0.222777 0.933311
1305031810.826635 -0.250698 0.143495 -0.273949 -0.106124 0.263994 0.224277 0.932064
1305031810.859437 -0.248639 0.145065 -0.279784 -0.0912022 0.276406 0.224163 0.930071
1305031810.896721 -0.241144 0.140786 -0.288651 -0.0779266 0.287754 0.221842 0.928391
1305031810.931542 -0.243728 0.142876 -0.289657 -0.0629282 0.300106 0.222755 0.925395
1305031810.962074 -0.223264 0.124742 -0.300503 -0.0502371 0.307698 0.224267 0.92331
1305031810.999156 -0.225476 0.129524 -0.307001 -0.0278067 0.320549 0.22251 0.920306
1305031811.030567 -0.22803 0.139236 -0.31564 -0.00904908 0.330815 0.221792 0.917217
1305031811.062402 -0.226495 0.136257 -0.31728 0.00534495 0.339125 0.2227 0.913985
1305031811.098594 -0.217962 0.126661 -0.326654 0.0208606 0.34624 0.221394 0.911409
1305031811.130054 -0.215645 0.116489 -0.339355 0.0345279 0.354299 0.220511 0.908104
1305031811.163124 -0.212512 0.114686 -0.342917 0.0457064 0.361991 0.220306 0.90462
1305031811.196680 -0.217984 0.107454 -0.349272 0.0554262 0.370086 0.21707 0.901578
1305031811.226245 -0.213027 0.104339 -0.357215 0.067062 0.377129 0.215019 0.898355
1305031811.258835 -0.212041 0.0987813 -0.360107 0.0773775 0.386783 0.213247 0.893832
1305031811.297420 -0.210759 0.0989875 -0.368524 0.0899732 0.396166 0.209938 0.889315
1305031811.330119 -0.21528 0.0928738 -0.369271 0.104392 0.408472 0.206712 0.882905
1305031811.362347 -0.226756 0.0993464 -0.368757 0.123722 0.421516 0.202598 0.875196
1305031811.399651 -0.225754 0.0849634 -0.378575 0.138953 0.430217 0.201105 0.868999
1305031811.430784 -0.233001 0.0798291 -0.378758 0.157165 0.440275 0.195373 0.862139
1305031811.466212 -0.228837 0.0722592 -0.38816 0.172709 0.447821 0.190905 0.856259
1305031811.497813 -0.234967 0.0693123 -0.38999 0.188445 0.457772 0.185396 0.848857
1305031811.530073 -0.236507 0.0496209 -0.403335 0.196989 0.466029 0.182546 0.843021
1305031811.566308 -0.247254 0.0511373 -0.400276 0.210005 0.476322 0.176584 0.835362
1305031811.598269 -0.255272 0.0494595 -0.401455 0.223208 0.485705 0.169645 0.82794
1305031811.630831 -0.262373 0.0361488 -0.400898 0.23716 0.494981 0.166615 0.819136
1305031811.663366 -0.271891 0.0396495 -0.396044 0.256168 0.502298 0.160002 0.810227
1305031811.698740 -0.269022 0.00616759 -0.422278 0.263768 0.504342 0.160438 0.806424
1305031811.733435 -0.276199 -0.00500243 -0.423935 0.277138 0.508563 0.157224 0.799896
1305031811.765703 -0.28464 -0.013021 -0.427591 0.288976 0.512436 0.152558 0.794117
1305031811.799543 -0.257504 -0.0538965 -0.460717 0.291525 0.510403 0.156215 0.793783
1305031811.831559 -0.263384 -0.0588001 -0.462417 0.303726 0.514469 0.15237 0.787304
1305031811.866219 -0.273967 -0.0638442 -0.462507 0.315765 0.517485 0.150142 0.780994
1305031811.899601 -0.280116 -0.0734526 -0.46729 0.325326 0.519483 0.146623 0.776398
1305031811.929778 -0.288195 -0.0883778 -0.47419 0.333259 0.521981 0.143563 0.771918
1305031811.965910 -0.299283 -0.103125 -0.477584 0.341666 0.526246 0.139327 0.7661
1305031811.997697 -0.307154 -0.10772 -0.48316 0.352762 0.529413 0.13482 0.759668
1305031812.031513 -0.310749 -0.115943 -0.494299 0.362203 0.531705 0.130779 0.754312
1305031812.067293 -0.315978 -0.120917 -0.501138 0.371595 0.533397 0.126529 0.749257
1305031812.097226 -0.320141 -0.182121 -0.541622 0.366392 0.535576 0.125838 0.75038
1305031812.131618 -0.323109 -0.185226 -0.551467 0.374965 0.53834 0.120711 0.74499
1305031812.165747 -0.333898 -0.195324 -0.552606 0.383165 0.545056 0.116425 0.736568
1305031812.194229 -0.342602 -0.201452 -0.550745 0.390149 0.551037 0.111664 0.729152
1305031812.230599 -0.345426 -0.207051 -0.561944 0.396495 0.554506 0.107154 0.723755
1305031812.262258 -0.356091 -0.216115 -0.564388 0.403145 0.558906 0.10587 0.716852
1305031812.295017 -0.365218 -0.229074 -0.568861 0.407307 0.561393 0.108138 0.712203
1305031812.329535 -0.367014 -0.228737 -0.569963 0.412292 0.563549 0.106102 0.707925
1305031812.367033 -0.363783 -0.220556 -0.578358 0.416309 0.566508 0.101938 0.70381
1305031812.398919 -0.362061 -0.213411 -0.581838 0.422331 0.572956 0.0976856 0.695557
1305031812.431444 -0.377985 -0.235666 -0.590895 0.422214 0.582335 0.0984444 0.687687
1305031812.466128 -0.380933 -0.235915 -0.603986 0.419061 0.587839 0.0968964 0.685149
1305031812.499545 -0.384402 -0.238578 -0.611286 0.41167 0.593351 0.0986308 0.684629
1305031812.530582 -0.378089 -0.22168 -0.587372 0.407615 0.600171 0.098242 0.681159
1305031812.566690 -0.355763 -0.173567 -0.557424 0.407756 0.60502 0.0940749 0.677362
1305031812.599029 -0.354544 -0.168788 -0.553735 0.396934 0.610933 0.101281 0.677444
1305031812.628645 -0.35348 -0.16325 -0.562055 0.383249 0.614806 0.107503 0.680854
1305031812.668061 -0.379212 -0.217889 -0.608814 0.356866 0.620175 0.121048 0.688012
1305031812.698746 -0.373469 -0.193895 -0.608633 0.34691 0.622414 0.129321 0.689575
1305031812.734013 -0.364987 -0.179813 -0.602639 0.335842 0.625335 0.139772 0.690373
1305031812.767275 -0.358014 -0.162317 -0.599004 0.325504 0.62704 0.148102 0.692039
1305031812.799489 -0.356747 -0.162208 -0.603936 0.308518 0.62863 0.159393 0.695859
1305031812.834132 -0.348305 -0.135587 -0.595165 0.297521 0.629329 0.16841 0.69789
1305031812.866016 -0.343753 -0.117582 -0.598023 0.286438 0.627317 0.179898 0.701462
1305031812.898960 -0.334364 -0.0989425 -0.588928 0.27659 0.627097 0.190242 0.702881
1305031812.934173 -0.337327 -0.101474 -0.596195 0.261741 0.62691 0.203194 0.705106
1305031812.966151 -0.335536 -0.0988916 -0.59829 0.247672 0.626151 0.217088 0.706721
1305031812.999091 -0.333578 -0.101516 -0.599201 0.23131 0.625899 0.230944 0.708094
1305031813.034784 -0.331504 -0.0906724 -0.600909 0.218931 0.622773 0.243883 0.710444
1305031813.066289 -0.328243 -0.0761638 -0.635655 0.201487 0.615187 0.25316 0.71892
1305031813.098588 -0.326655 -0.0711003 -0.635824 0.187943 0.61062 0.268603 0.720875
1305031813.135262 -0.325992 -0.054094 -0.632391 0.178422 0.605302 0.281487 0.722861
1305031813.166033 -0.320795 -0.0460707 -0.636964 0.166985 0.597561 0.295697 0.726353
1305031813.196373 -0.31924 -0.0377602 -0.634661 0.155009 0.590351 0.30918 0.729283
1305031813.234674 -0.31739 -0.0307048 -0.630997 0.144302 0.583445 0.320413 0.732184
1305031813.267055 -0.331576 -0.0381119 -0.628956 0.130011 0.576673 0.334382 0.733978
1305031813.299198 -0.33036 -0.027092 -0.627281 0.119762 0.569299 0.344919 0.736599
1305031813.333908 -0.330441 -0.0146805 -0.621194 0.108845 0.564074 0.35313 0.738419
1305031813.365437 -0.330725 -0.00820661 -0.617404 0.0975875 0.559966 0.363203 0.738233
1305031813.398657 -0.327898 -0.00307144 -0.616525 0.0855052 0.555857 0.3739 0.737496
1305031813.433247 -0.331707 0.0122286 -0.610989 0.0756485 0.553041 0.382358 0.736352
1305031813.466220 -0.334739 0.0257352 -0.603682 0.0643118 0.548738 0.39306 0.735012
1305031813.498088 -0.339417 0.0335416 -0.597795 0.0521431 0.543014 0.404956 0.733769
1305031813.534016 -0.343442 0.0487756 -0.59641 0.0419296 0.536922 0.414446 0.733609
1305031813.566769 -0.344826 0.0561357 -0.591903 0.0282782 0.532555 0.423573 0.73223
1305031813.598490 -0.346176 0.0642512 -0.589182 0.0160422 0.528775 0.431734 0.730571
1305031813.631475 -0.351879 0.0841222 -0.586669 0.00604922 0.525804 0.435874 0.730409
1305031813.661752 -0.356375 0.0891626 -0.581448 -0.00477145 0.523736 0.442586 0.727863
1305031813.698286 -0.35798 0.0917007 -0.577221 -0.0163414 0.52035 0.449863 0.72566
1305031813.730280 -0.361961 0.094952 -0.571907 -0.0259363 0.516527 0.456023 0.724264
1305031813.764797 -0.367003 0.0935198 -0.565983 -0.0362415 0.512413 0.462109 0.722885
1305031813.799441 -0.376153 0.10356 -0.558636 -0.0451097 0.507445 0.467212 0.722611
1305031813.833945 -0.387797 0.106115 -0.543735 -0.0623793 0.499296 0.476784 0.720748
1305031813.867772 -0.391476 0.109062 -0.538621 -0.0737765 0.490843 0.487642 0.718209
1305031813.899482 -0.391324 0.11341 -0.535168 -0.0855003 0.481154 0.500061 0.714918
1305031813.934338 -0.399473 0.116595 -0.52439 -0.0971223 0.47574 0.507568 0.71176
1305031813.965926 -0.411478 0.124375 -0.518312 -0.103198 0.471795 0.514917 0.708242
1305031814.003554 -0.41205 0.125352 -0.518068 -0.109218 0.46654 0.525143 0.703295
1305031814.033924 -0.413465 0.12067 -0.504398 -0.116082 0.465333 0.53227 0.697614
1305031814.066026 -0.423417 0.130903 -0.50134 -0.114684 0.463016 0.538508 0.694593
1305031814.102320 -0.427169 0.132445 -0.498199 -0.116056 0.461156 0.543886 0.691405
1305031814.134667 -0.413945 0.126594 -0.509723 -0.117959 0.456771 0.551771 0.687737
1305031814.166052 -0.409385 0.127728 -0.515762 -0.113773 0.457879 0.554004 0.685908
1305031814.202037 -0.408352 0.115464 -0.514169 -0.111261 0.4656 0.554663 0.680569
1305031814.234336 -0.400268 0.118481 -0.53015 -0.104974 0.469118 0.554429 0.67934
1305031814.265980 -0.396467 0.113752 -0.534753 -0.0946978 0.481384 0.552705 0.67365
1305031814.302865 -0.403726 0.115925 -0.536605 -0.0806847 0.495786 0.550083 0.667142
1305031814.334123 -0.405357 0.111634 -0.542834 -0.0700173 0.508732 0.549057 0.659401
1305031814.365916 -0.407695 0.103936 -0.542328 -0.0595848 0.524043 0.544896 0.651844
1305031814.402137 -0.414632 0.112844 -0.558143 -0.0425635 0.536608 0.54338 0.644175
1305031814.434097 -0.419268 0.109108 -0.563723 -0.0312811 0.551666 0.54123 0.633826
1305031814.466875 -0.425643 0.108216 -0.570197 -0.0197938 0.5668 0.538126 0.623494
1305031814.503242 -0.426818 0.106779 -0.57918 -0.0101096 0.582034 0.534674 0.612564
1305031814.535346 -0.42693 0.105443 -0.591698 -0.00108106 0.596703 0.53186 0.600869
1305031814.567625 -0.428273 0.104358 -0.601649 0.0082786 0.612017 0.528083 0.588614
1305031814.601706 -0.431794 0.101631 -0.606876 0.0191466 0.629829 0.520716 0.575996
1305031814.635644 -0.435457 0.0921066 -0.619186 0.0294584 0.645437 0.514771 0.563489
1305031814.667643 -0.441374 0.0913992 -0.619324 0.0385718 0.662682 0.504135 0.552427
1305031814.702775 -0.442544 0.0934436 -0.630444 0.0488229 0.673403 0.498203 0.543966
1305031814.734657 -0.444483 0.0907971 -0.639018 0.057084 0.684862 0.488979 0.537179
1305031814.766015 -0.448747 0.0888077 -0.644162 0.0643081 0.696024 0.479718 0.530319
1305031814.801939 -0.451161 0.0857809 -0.650178 0.0699637 0.705562 0.472044 0.523845
1305031814.834141 -0.446692 0.085033 -0.653418 0.0730753 0.714626 0.462665 0.51948
1305031814.866927 -0.448101 0.0828351 -0.66033 0.0769873 0.724469 0.453785 0.513072
1305031814.901856 -0.450354 0.0749577 -0.666566 0.0815075 0.733726 0.446099 0.505911
1305031814.934189 -0.451659 0.0743158 -0.67001 0.0867159 0.741511 0.437311 0.50134
1305031814.966026 -0.4524 0.0743481 -0.674866 0.0921533 0.74809 0.42896 0.49784
1305031815.002785 -0.455996 0.0679275 -0.677068 0.0976804 0.754854 0.422087 0.49242
1305031815.034070 -0.458515 0.0633439 -0.681029 0.103029 0.759977 0.416914 0.487836
1305031815.066249 -0.459383 0.05785 -0.68397 0.108447 0.763549 0.412632 0.484714
1305031815.098276 -0.45889 0.0545603 -0.689331 0.114919 0.765528 0.40815 0.483896
1305031815.134087 -0.459981 0.0520063 -0.691431 0.121645 0.767698 0.403511 0.482701
1305031815.167703 -0.461682 0.0451893 -0.693353 0.126392 0.769674 0.399355 0.48179
1305031815.200200 -0.461469 0.0427299 -0.694759 0.130927 0.771859 0.393939 0.481542
1305031815.235479 -0.461503 0.0400338 -0.69856 0.135428 0.774199 0.387875 0.481464
1305031815.269898 -0.461948 0.0374894 -0.700641 0.140147 0.777525 0.380582 0.480574
1305031815.303120 -0.464639 0.0338519 -0.701838 0.143774 0.781815 0.372127 0.479161
1305031815.335140 -0.465884 0.0323955 -0.701735 0.146145 0.786677 0.363296 0.477259
1305031815.369858 -0.466854 0.027118 -0.701722 0.148565 0.792079 0.354361 0.474286
1305031815.402087 -0.469217 0.022737 -0.700424 0.151974 0.796666 0.346379 0.47141
1305031815.435520 -0.471204 0.0181662 -0.69823 0.154993 0.799612 0.340086 0.470018
1305031815.469069 -0.47068 0.020491 -0.694405 0.158852 0.801862 0.334026 0.469241
1305031815.503584 -0.472459 0.0157064 -0.696066 0.16099 0.803218 0.330196 0.468905
1305031815.533867 -0.47402 0.0138119 -0.695048 0.162186 0.804721 0.326465 0.468538
1305031815.570080 -0.47404 0.0102566 -0.700067 0.163398 0.805292 0.325046 0.468121
1305031815.602977 -0.475081 0.00804734 -0.697917 0.164675 0.806236 0.323559 0.467079
1305031815.633580 -0.473773 0.0101889 -0.69761 0.165983 0.806845 0.322671 0.466174
1305031815.669542 -0.473542 0.00968479 -0.696419 0.166014 0.807139 0.323041 0.465399
1305031815.703270 -0.474632 0.00971927 -0.697083 0.166447 0.806842 0.324144 0.464992
1305031815.734736 -0.474605 0.0122327 -0.697196 0.165716 0.80671 0.324484 0.465245
1305031815.770261 -0.472366 0.0116264 -0.694929 0.16475 0.807082 0.325147 0.46448
1305031815.803102 -0.474048 0.0122154 -0.693727 0.164892 0.806749 0.326356 0.46416
