1305032354.009456 0 0 0 0 0 0 1
1305032354.045335 -0.000832162 -0.0114287 0.00170667 -0.0101949 0.00196692 -0.00302688 0.999942
1305032354.076940 -0.000884451 -0.0236482 -0.000729945 -0.019438 0.000743209 -0.00476875 0.999799
1305032354.109860 -0.00143501 -0.0365527 -0.00447103 -0.0321709 0.00093793 -0.00937614 0.999438
1305032354.145200 -0.00186481 -0.0501622 -0.00334002 -0.0489316 0.00396865 -0.010976 0.998734
1305032354.177151 -0.00141014 -0.0651559 -0.00484757 -0.0650922 0.00631298 -0.00515947 0.997846
1305032354.209651 -0.00120566 -0.0811099 -0.00613185 -0.0796369 0.00841285 0.00015657 0.996788
1305032354.244910 -0.000945333 -0.0988942 -0.00779636 -0.0959046 0.0104195 0.00156294 0.995335
1305032354.277122 -0.000507488 -0.115649 -0.00769943 -0.106007 0.0122349 0.00101285 0.99429
1305032354.309733 0.000277715 -0.13302 -0.00953293 -0.111477 0.0121122 -0.000802033 0.993693
1305032354.345124 0.00036139 -0.153095 -0.0111872 -0.117201 0.0116481 -0.0058093 0.993023
1305032354.377091 0.000150261 -0.174022 -0.0125357 -0.122398 0.01143 -0.0106376 0.992358
1305032354.407556 0.0015714 -0.194443 -0.0146773 -0.126694 0.0105424 -0.0150425 0.991772
1305032354.445200 0.00213803 -0.215753 -0.018697 -0.133929 0.0104255 -0.0201705 0.990731
1305032354.477221 0.00291338 -0.233937 -0.0193758 -0.143538 0.0117332 -0.023079 0.989306
1305032354.510161 0.00443045 -0.251466 -0.0222205 -0.15468 0.0145869 -0.0229932 0.987589
1305032354.545622 0.00503894 -0.266388 -0.0235037 -0.168868 0.0192891 -0.0212645 0.98522
1305032354.577445 0.00566347 -0.281573 -0.0235479 -0.186286 0.0243389 -0.0158266 0.982066
1305032354.610249 0.00633406 -0.295892 -0.0230268 -0.200898 0.0285184 -0.00829336 0.979162
1305032354.645613 0.00697478 -0.308962 -0.0214193 -0.213218 0.0318216 -0.00130344 0.976485
1305032354.677651 0.00704999 -0.321346 -0.0224027 -0.224325 0.033831 0.00478628 0.973915
1305032354.709984 0.00793028 -0.334717 -0.022679 -0.2356 0.0328741 0.00957719 0.971247
1305032354.745813 0.00813149 -0.346973 -0.0191885 -0.246559 0.0299584 0.0106243 0.968606
1305032354.777561 0.00864058 -0.362418 -0.016917 -0.255563 0.0262976 0.00820846 0.9664
1305032354.813526 0.0102543 -0.37643 -0.0145849 -0.261407 0.0219793 0.00392109 0.96497
1305032354.845896 0.0128586 -0.391974 -0.0152589 -0.267483 0.0178047 -0.00125737 0.963397
1305032354.877727 0.0148339 -0.406801 -0.0142011 -0.274696 0.0138342 -0.00581416 0.961414
1305032354.913596 0.0173858 -0.422929 -0.0156603 -0.282499 0.00847518 -0.0118456 0.959157
1305032354.946029 0.0197668 -0.436514 -0.0140912 -0.292497 0.00233313 -0.0191922 0.956071
1305032354.977691 0.0222267 -0.450641 -0.0126443 -0.300163 -0.0029762 -0.0281647 0.953468
1305032355.013557 0.0253012 -0.462109 -0.0111185 -0.309342 -0.00797721 -0.0364554 0.950218
1305032355.045678 0.0279091 -0.474772 -0.00567087 -0.322972 -0.014748 -0.048702 0.945039
1305032355.077711 0.0299325 -0.489773 -0.00035733 -0.332695 -0.0226126 -0.0601231 0.940844
1305032355.113721 0.0315684 -0.503185 0.00555736 -0.340778 -0.0330002 -0.0696467 0.93698
1305032355.145771 0.033875 -0.516894 0.0113615 -0.350734 -0.0454098 -0.0761729 0.932267
1305032355.177863 0.035705 -0.529438 0.0178688 -0.362404 -0.0588331 -0.0828069 0.926469
1305032355.213995 0.036659 -0.541137 0.0272649 -0.372351 -0.0725308 -0.0879575 0.921063
1305032355.246379 0.040397 -0.552368 0.0369022 -0.380332 -0.0897614 -0.0913991 0.915935
1305032355.278991 0.0396408 -0.564813 0.0455604 -0.385628 -0.10713 -0.0946917 0.911508
1305032355.312689 0.0421806 -0.579773 0.0507339 -0.389458 -0.124844 -0.0970252 0.907371
1305032355.347016 0.0463061 -0.589182 0.0601066 -0.394251 -0.140574 -0.0971156 0.90298
1305032355.379246 0.04943 -0.597283 0.0691283 -0.397132 -0.15628 -0.0987205 0.898953
1305032355.415084 0.0531458 -0.608395 0.0763501 -0.397407 -0.169794 -0.104755 0.895692
1305032355.446636 0.0574081 -0.619992 0.0851192 -0.396881 -0.181321 -0.109743 0.893065
1305032355.479127 0.0620711 -0.630843 0.0901661 -0.39359 -0.19421 -0.112312 0.89149
1305032355.514371 0.070179 -0.638422 0.0993057 -0.391024 -0.20835 -0.112026 0.889461
1305032355.546522 0.081468 -0.648853 0.105356 -0.388918 -0.221467 -0.111511 0.887277
1305032355.578354 0.0929941 -0.652706 0.113901 -0.387527 -0.231452 -0.110599 0.885449
1305032355.614298 0.107409 -0.657617 0.125256 -0.385464 -0.239102 -0.109602 0.88444
1305032355.646429 0.119169 -0.669084 0.133136 -0.382375 -0.244131 -0.110665 0.884275
1305032355.679021 0.126702 -0.680339 0.136674 -0.378576 -0.248765 -0.111176 0.884554
1305032355.715171 0.139724 -0.688721 0.144972 -0.374129 -0.2566 -0.109347 0.884436
1305032355.747547 0.15568 -0.69683 0.14964 -0.36798 -0.262932 -0.107032 0.885439
1305032355.779172 0.17559 -0.699829 0.151466 -0.363668 -0.265775 -0.106723 0.886408
1305032355.815082 0.189412 -0.693153 0.176078 -0.360196 -0.266393 -0.107076 0.887597
1305032355.847746 0.202732 -0.714562 0.183853 -0.345492 -0.263515 -0.112783 0.893574
1305032355.879256 0.218585 -0.728155 0.177718 -0.326078 -0.262874 -0.121789 0.899854
1305032355.914958 0.232733 -0.735273 0.161894 -0.315517 -0.26057 -0.128071 0.90341
1305032355.947516 0.244516 -0.73851 0.162309 -0.318156 -0.258894 -0.128419 0.902917
1305032355.979562 0.255127 -0.740298 0.160788 -0.327063 -0.256858 -0.123455 0.901006
1305032356.015124 0.2636 -0.743379 0.164415 -0.33819 -0.258677 -0.115982 0.897364
1305032356.047385 0.269375 -0.756233 0.17213 -0.347143 -0.2661 -0.107184 0.892857
1305032356.083040 0.279874 -0.758228 0.177302 -0.346554 -0.278282 -0.0987367 0.890343
1305032356.114352 0.29331 -0.759356 0.176642 -0.344015 -0.28982 -0.0971045 0.887822
1305032356.146404 0.306852 -0.756737 0.178944 -0.344531 -0.299719 -0.101219 0.883867
1305032356.182442 0.317931 -0.760589 0.187545 -0.344308 -0.309306 -0.11049 0.87953
1305032356.214279 0.323996 -0.765572 0.195166 -0.337277 -0.317918 -0.121276 0.877761
1305032356.246658 0.334046 -0.765164 0.200173 -0.324471 -0.327225 -0.128307 0.878169
1305032356.282363 0.34413 -0.760844 0.197259 -0.314475 -0.33291 -0.130687 0.879316
1305032356.314238 0.352984 -0.754757 0.198693 -0.311486 -0.336503 -0.127369 0.8795
1305032356.346442 0.355696 -0.752388 0.211999 -0.308338 -0.341983 -0.123072 0.879107
1305032356.382453 0.359229 -0.75042 0.221358 -0.297599 -0.349515 -0.117034 0.880668
1305032356.414237 0.366099 -0.745203 0.226792 -0.282239 -0.358567 -0.111563 0.882793
1305032356.446755 0.374372 -0.733142 0.232018 -0.266523 -0.36745 -0.108442 0.884413
1305032356.482444 0.382692 -0.720235 0.243194 -0.252072 -0.374192 -0.107887 0.885889
1305032356.514490 0.392357 -0.709551 0.248827 -0.236643 -0.37718 -0.111204 0.888464
1305032356.546721 0.403887 -0.69523 0.254548 -0.218945 -0.37829 -0.118433 0.89159
1305032356.582446 0.416169 -0.681299 0.252725 -0.20375 -0.37694 -0.12636 0.89467
1305032356.614314 0.427985 -0.65869 0.258603 -0.19395 -0.375258 -0.134362 0.896388
1305032356.646374 0.434158 -0.646444 0.269912 -0.187143 -0.373237 -0.139534 0.897887
1305032356.683322 0.442552 -0.632771 0.269893 -0.176703 -0.370538 -0.139434 0.90113
1305032356.715172 0.45211 -0.614376 0.27515 -0.167495 -0.369132 -0.134563 0.904201
1305032356.743534 0.461935 -0.59416 0.277122 -0.157293 -0.367329 -0.128637 0.907624
1305032356.782372 0.472694 -0.574867 0.279431 -0.148991 -0.365752 -0.12368 0.910346
1305032356.814985 0.476518 -0.563988 0.29022 -0.142014 -0.365635 -0.116086 0.912506
1305032356.846535 0.486866 -0.542877 0.287818 -0.130756 -0.3672 -0.106045 0.91478
1305032356.882068 0.497551 -0.514967 0.283745 -0.123652 -0.368949 -0.0961822 0.916153
1305032356.914707 0.506522 -0.49594 0.288613 -0.122356 -0.371014 -0.0855488 0.916547
1305032356.947460 0.510234 -0.472026 0.2892 -0.121849 -0.373251 -0.0733507 0.916764
1305032356.982294 0.5184 -0.45141 0.291585 -0.122439 -0.376852 -0.0603192 0.916162
1305032357.014261 0.522282 -0.435988 0.289502 -0.123386 -0.379046 -0.0507059 0.915712
1305032357.046550 0.528153 -0.421291 0.291112 -0.121199 -0.383514 -0.0414234 0.91461
1305032357.082118 0.536322 -0.40968 0.291528 -0.118392 -0.390178 -0.0317806 0.912543
1305032357.114108 0.540799 -0.394075 0.294269 -0.114368 -0.398061 -0.0237374 0.909892
1305032357.146528 0.548584 -0.375114 0.293112 -0.108608 -0.40429 -0.016657 0.908006
1305032357.182108 0.555617 -0.36085 0.295278 -0.107159 -0.407769 -0.0111151 0.906707
1305032357.214184 0.560988 -0.345257 0.299599 -0.102737 -0.413402 -0.00329631 0.904728
1305032357.250098 0.566564 -0.329102 0.300806 -0.0930682 -0.417362 0.00366233 0.903955
1305032357.282087 0.575814 -0.310641 0.298567 -0.0849374 -0.416496 0.0126009 0.905073
1305032357.314085 0.582348 -0.295503 0.298849 -0.0819282 -0.415271 0.0231656 0.905705
1305032357.350168 0.589651 -0.278485 0.298051 -0.0773909 -0.415263 0.0321991 0.905832
1305032357.382141 0.597258 -0.257717 0.293726 -0.0734508 -0.414885 0.0391103 0.90606
1305032357.414454 0.59897 -0.239834 0.292628 -0.0752245 -0.413487 0.04365 0.906347
1305032357.450340 0.603337 -0.224773 0.28947 -0.0793855 -0.411733 0.0517361 0.906365
1305032357.482241 0.605997 -0.204614 0.287411 -0.0860572 -0.409894 0.0610304 0.906011
1305032357.513987 0.608955 -0.190732 0.285033 -0.0933491 -0.407444 0.0673739 0.905945
1305032357.549979 0.611109 -0.174695 0.28251 -0.0991174 -0.404686 0.0733299 0.906106
1305032357.582946 0.614119 -0.162845 0.279516 -0.102765 -0.403195 0.0769858 0.906061
1305032357.611057 0.618064 -0.149689 0.276003 -0.106131 -0.401901 0.0780518 0.906156
1305032357.650783 0.622421 -0.138238 0.271872 -0.111555 -0.399754 0.0751734 0.906698
1305032357.683024 0.622076 -0.125294 0.27315 -0.116103 -0.397267 0.0735223 0.907355
1305032357.710979 0.627039 -0.119648 0.270546 -0.12102 -0.393637 0.072647 0.908365
1305032357.750457 0.629734 -0.109271 0.268448 -0.125139 -0.38872 0.0700157 0.910129
1305032357.783108 0.63509 -0.100916 0.266592 -0.128181 -0.383598 0.0666052 0.912133
1305032357.814444 0.641813 -0.0902457 0.262513 -0.12904 -0.379097 0.0639478 0.914081
1305032357.850329 0.643087 -0.0811168 0.26059 -0.131336 -0.372763 0.0580919 0.916746
1305032357.882357 0.642883 -0.0725582 0.26269 -0.133788 -0.365804 0.0553199 0.919363
1305032357.914168 0.646045 -0.0673031 0.260078 -0.132128 -0.358163 0.0556472 0.922586
1305032357.948987 0.644636 -0.0602971 0.255993 -0.128598 -0.350672 0.0573754 0.925851
1305032357.982077 0.642411 -0.0502487 0.257484 -0.123468 -0.347531 0.0574204 0.927729
1305032358.010855 0.641318 -0.0462145 0.256585 -0.117683 -0.345006 0.0579343 0.929389
1305032358.050220 0.641001 -0.04079 0.256431 -0.10749 -0.343282 0.061778 0.931014
1305032358.082211 0.637217 -0.0360908 0.255906 -0.0985176 -0.341496 0.0640008 0.932512
1305032358.115784 0.631079 -0.0307878 0.259158 -0.0860347 -0.341699 0.0657582 0.93355
1305032358.150676 0.628632 -0.0269322 0.259557 -0.0718844 -0.342635 0.0691407 0.934159
1305032358.183396 0.619713 -0.0235915 0.261556 -0.0604349 -0.343809 0.0705418 0.934434
1305032358.214748 0.612673 -0.0204525 0.266611 -0.0486149 -0.347005 0.0736269 0.933704
1305032358.251221 0.607247 -0.0148122 0.269215 -0.0359288 -0.350987 0.0792253 0.932331
1305032358.283060 0.596952 -0.0117638 0.273582 -0.0299409 -0.354125 0.0824917 0.931071
1305032358.314611 0.588386 -0.00539302 0.277456 -0.0216021 -0.358032 0.0885659 0.929248
1305032358.350749 0.581623 0.000264205 0.280819 -0.0151405 -0.362099 0.0955755 0.927103
1305032358.381865 0.570153 0.00675724 0.285939 -0.0142861 -0.36702 0.0988058 0.92484
1305032358.414355 0.561925 0.0128448 0.290123 -0.0116697 -0.375408 0.0990561 0.921477
1305032358.447967 0.562383 0.0191445 0.290687 -0.00767439 -0.382409 0.0998185 0.918554
1305032358.481387 0.560574 0.0287808 0.291143 -0.010408 -0.38435 0.101084 0.917577
1305032358.517650 0.558617 0.0363011 0.29388 -0.0160702 -0.384907 0.102024 0.917159
1305032358.548167 0.559049 0.0429708 0.295155 -0.0195843 -0.384473 0.101877 0.917288
1305032358.582146 0.561914 0.0474023 0.293077 -0.022721 -0.383181 0.102211 0.917719
1305032358.616710 0.563326 0.0503755 0.293363 -0.0265674 -0.382723 0.101101 0.91793
1305032358.649112 0.565027 0.051759 0.293361 -0.0289616 -0.3829 0.100383 0.917862
1305032358.681202 0.567711 0.0508178 0.292444 -0.0300099 -0.383413 0.10069 0.917581
1305032358.716920 0.568616 0.0462108 0.292142 -0.0317573 -0.383927 0.101011 0.917272
1305032358.746598 0.569245 0.0410864 0.292477 -0.0306452 -0.385447 0.102805 0.916473
1305032358.779352 0.571323 0.0327907 0.291242 -0.0274132 -0.388251 0.102467 0.915429
1305032358.817050 0.574937 0.0233812 0.289298 -0.0249434 -0.393651 0.100601 0.913398
1305032358.849277 0.577593 0.0090705 0.289538 -0.0225149 -0.400119 0.0975741 0.910976
1305032358.882669 0.580816 -0.00323916 0.288153 -0.0183315 -0.404603 0.0955874 0.909298
1305032358.917982 0.587213 -0.0161044 0.284277 -0.0178551 -0.408215 0.0940488 0.907853
1305032358.951038 0.592113 -0.030842 0.282765 -0.0197543 -0.41261 0.0890065 0.906334
1305032358.983085 0.599877 -0.0428763 0.279304 -0.0208498 -0.41731 0.083172 0.90471
1305032359.019148 0.610857 -0.05576 0.274746 -0.0266442 -0.421355 0.0736844 0.903505
1305032359.051225 0.618144 -0.0678747 0.274686 -0.03472 -0.423291 0.0608004 0.903284
1305032359.082899 0.625815 -0.0800554 0.274279 -0.0427199 -0.423882 0.0500528 0.903323
1305032359.118855 0.634887 -0.0941636 0.274131 -0.0509756 -0.423566 0.041135 0.903494
1305032359.151254 0.646293 -0.108896 0.273935 -0.0602848 -0.421101 0.0312728 0.904467
1305032359.183363 0.656677 -0.122294 0.272265 -0.0691439 -0.418399 0.022393 0.905351
1305032359.219267 0.664196 -0.13792 0.273456 -0.0817489 -0.415578 0.0128101 0.905786
1305032359.251063 0.675437 -0.151302 0.272937 -0.0973676 -0.410987 0.00631527 0.906404
1305032359.283123 0.681248 -0.167331 0.275998 -0.114662 -0.405416 -0.00163216 0.906911
1305032359.319238 0.68656 -0.183092 0.279104 -0.127816 -0.402558 -0.0124339 0.906341
1305032359.350945 0.69335 -0.201055 0.280795 -0.141083 -0.400034 -0.0225793 0.905294
1305032359.383033 0.697829 -0.218502 0.282769 -0.155494 -0.396609 -0.0308672 0.904196
1305032359.418684 0.704258 -0.237938 0.286331 -0.167361 -0.394934 -0.0378236 0.902544
1305032359.450700 0.707251 -0.256208 0.289197 -0.175498 -0.39419 -0.0477809 0.90085
1305032359.482630 0.708269 -0.275184 0.293233 -0.185181 -0.393157 -0.0588575 0.898705
1305032359.517271 0.708199 -0.295406 0.299908 -0.194575 -0.392536 -0.065575 0.896524
1305032359.549406 0.710708 -0.313053 0.304447 -0.199793 -0.39266 -0.0685382 0.895099
1305032359.580783 0.713387 -0.327047 0.310396 -0.209303 -0.391598 -0.072862 0.893047
1305032359.618509 0.712587 -0.344525 0.317624 -0.224991 -0.387954 -0.075636 0.89059
1305032359.648297 0.711294 -0.359983 0.326094 -0.238172 -0.38523 -0.0771453 0.888212
1305032359.682616 0.70705 -0.375988 0.334958 -0.249818 -0.383859 -0.081893 0.885176
1305032359.717507 0.703232 -0.393488 0.342667 -0.257744 -0.386222 -0.0886119 0.88122
1305032359.747140 0.701391 -0.409407 0.35031 -0.265227 -0.390895 -0.0934494 0.876426
1305032359.784467 0.698197 -0.426804 0.361039 -0.27356 -0.393855 -0.100604 0.871735
1305032359.814695 0.694341 -0.442661 0.372183 -0.279651 -0.395397 -0.107566 0.868266
1305032359.847549 0.691041 -0.45917 0.382664 -0.286786 -0.397448 -0.115033 0.864035
1305032359.886136 0.686504 -0.474808 0.393028 -0.293894 -0.399143 -0.121462 0.859976
1305032359.915265 0.680679 -0.487897 0.404043 -0.300003 -0.401748 -0.128278 0.855652
1305032359.947309 0.677747 -0.50336 0.414928 -0.306603 -0.406135 -0.137437 0.849799
1305032359.984090 0.675239 -0.516647 0.424851 -0.313487 -0.411288 -0.146454 0.843278
1305032360.018877 0.670637 -0.527941 0.436902 -0.322608 -0.417025 -0.157933 0.834908
1305032360.051651 0.664082 -0.538907 0.44958 -0.332684 -0.422217 -0.169878 0.825951
1305032360.087324 0.661041 -0.545261 0.458998 -0.341536 -0.42798 -0.180327 0.817109
1305032360.119052 0.651233 -0.55466 0.474347 -0.351615 -0.434822 -0.191993 0.806495
1305032360.151201 0.642901 -0.56112 0.487379 -0.358987 -0.442274 -0.200349 0.797108
1305032360.187139 0.637374 -0.571371 0.501488 -0.364153 -0.451694 -0.210984 0.786669
1305032360.218935 0.629275 -0.578616 0.51632 -0.36732 -0.459554 -0.220527 0.77798
1305032360.251170 0.616239 -0.583582 0.532497 -0.369477 -0.46737 -0.228862 0.769852
1305032360.285679 0.60385 -0.5918 0.547309 -0.368069 -0.478966 -0.235019 0.7615
1305032360.318280 0.594284 -0.604724 0.56355 -0.364108 -0.490634 -0.240117 0.754352
1305032360.347303 0.580464 -0.617159 0.579168 -0.35856 -0.501598 -0.245501 0.748039
1305032360.387567 0.570994 -0.625129 0.593818 -0.3516 -0.514818 -0.252078 0.740131
1305032360.419307 0.567391 -0.637198 0.602398 -0.346657 -0.526149 -0.261952 0.73101
1305032360.447080 0.554544 -0.64631 0.616228 -0.3426 -0.533839 -0.27297 0.723275
1305032360.487302 0.545364 -0.655743 0.626911 -0.337706 -0.540171 -0.28194 0.71741
1305032360.516084 0.53252 -0.663843 0.639256 -0.333946 -0.546076 -0.290015 0.711456
1305032360.550452 0.519821 -0.670867 0.650148 -0.330898 -0.550853 -0.294799 0.707218
1305032360.585577 0.507196 -0.679209 0.661234 -0.326909 -0.555534 -0.299358 0.703487
1305032360.616453 0.492573 -0.686259 0.66992 -0.320936 -0.560577 -0.304215 0.700146
1305032360.651196 0.474158 -0.698552 0.679399 -0.311501 -0.568989 -0.310304 0.69493
1305032360.683724 0.458155 -0.704631 0.686892 -0.295596 -0.57922 -0.315815 0.690931
1305032360.716902 0.441756 -0.712213 0.692799 -0.277111 -0.588982 -0.319953 0.688431
1305032360.750823 0.428894 -0.714595 0.695821 -0.261707 -0.598443 -0.318693 0.686882
1305032360.787088 0.420116 -0.716585 0.698677 -0.251325 -0.607603 -0.311521 0.686007
1305032360.817705 0.411227 -0.717622 0.702681 -0.247026 -0.615633 -0.301232 0.685003
1305032360.851074 0.40175 -0.717401 0.704471 -0.244576 -0.622469 -0.294964 0.682428
1305032360.887553 0.396936 -0.714709 0.708315 -0.241983 -0.628691 -0.294066 0.678022
1305032360.919281 0.386674 -0.711204 0.713024 -0.239459 -0.633955 -0.299133 0.671771
1305032360.951273 0.377057 -0.712319 0.71711 -0.23533 -0.640031 -0.302343 0.666007
1305032360.983341 0.373195 -0.709516 0.71988 -0.231461 -0.647017 -0.302021 0.660736
1305032361.019684 0.373226 -0.702879 0.724151 -0.231961 -0.652984 -0.30168 0.654821
1305032361.055112 0.369562 -0.695442 0.729702 -0.235438 -0.657786 -0.30439 0.64748
1305032361.083402 0.364374 -0.690698 0.736125 -0.234285 -0.66407 -0.309408 0.639049
1305032361.118826 0.359978 -0.688246 0.741402 -0.228924 -0.671823 -0.311636 0.631761
1305032361.155055 0.358826 -0.68388 0.747141 -0.219228 -0.681711 -0.309914 0.625425
1305032361.187451 0.360349 -0.680408 0.756588 -0.2062 -0.692621 -0.304699 0.620411
1305032361.214912 0.363301 -0.677559 0.765727 -0.191102 -0.702071 -0.300346 0.616734
1305032361.250889 0.371499 -0.671077 0.77516 -0.177642 -0.710972 -0.293433 0.613883
1305032361.283006 0.381051 -0.661406 0.786437 -0.165965 -0.720144 -0.286656 0.609647
1305032361.318300 0.396448 -0.647786 0.799843 -0.15792 -0.727717 -0.280894 0.605459
1305032361.353596 0.408056 -0.636009 0.810635 -0.155197 -0.732942 -0.278009 0.601176
1305032361.385885 0.422665 -0.624222 0.824122 -0.151554 -0.739906 -0.27516 0.594853
1305032361.418314 0.433547 -0.610017 0.841186 -0.148463 -0.746538 -0.273318 0.588157
1305032361.454287 0.443445 -0.599812 0.856456 -0.143823 -0.751417 -0.273807 0.582843
1305032361.482980 0.458035 -0.588507 0.873138 -0.138834 -0.755473 -0.271477 0.579893
1305032361.517186 0.470755 -0.574591 0.886277 -0.134554 -0.759709 -0.268301 0.576837
1305032361.554410 0.480137 -0.566388 0.898439 -0.125817 -0.766019 -0.264821 0.572055
1305032361.586249 0.493768 -0.562777 0.913426 -0.114226 -0.771944 -0.260087 0.568681
1305032361.614853 0.509145 -0.554258 0.928886 -0.103395 -0.776272 -0.25318 0.567979
1305032361.654354 0.521554 -0.546059 0.941683 -0.0919929 -0.779547 -0.245488 0.568832
1305032361.683032 0.532886 -0.534905 0.955025 -0.0810764 -0.781161 -0.234212 0.573014
1305032361.715384 0.546144 -0.523443 0.967584 -0.0734185 -0.781878 -0.221098 0.578259
1305032361.754316 0.56178 -0.512015 0.982428 -0.0714197 -0.780882 -0.20814 0.584629
1305032361.782986 0.571831 -0.499049 0.995211 -0.0763959 -0.776387 -0.197228 0.593697
1305032361.819589 0.582616 -0.476826 1.0065 -0.0824185 -0.770645 -0.187599 0.603415
1305032361.855109 0.591954 -0.462334 1.01551 -0.0897191 -0.764466 -0.182924 0.611615
1305032361.886775 0.601333 -0.448657 1.023 -0.095696 -0.760227 -0.179028 0.617121
1305032361.919175 0.603349 -0.433279 1.02397 -0.0992891 -0.757293 -0.174372 0.621479
1305032361.955033 0.606412 -0.418789 1.02659 -0.0988248 -0.756985 -0.161317 0.625442
1305032361.987135 0.621359 -0.401417 1.03616 -0.102318 -0.757942 -0.147792 0.627062
1305032362.019273 0.626584 -0.383608 1.04107 -0.10857 -0.757355 -0.146125 0.627109
1305032362.054809 0.627814 -0.364126 1.04742 -0.11252 -0.755422 -0.142746 0.629518
1305032362.086432 0.631968 -0.342245 1.05133 -0.118919 -0.752969 -0.131813 0.633652
1305032362.118268 0.63459 -0.327976 1.05968 -0.126812 -0.751532 -0.119777 0.636212
1305032362.154488 0.638545 -0.308645 1.06547 -0.131484 -0.750142 -0.108775 0.638874
1305032362.186946 0.64288 -0.290215 1.0711 -0.133861 -0.75109 -0.101566 0.638454
1305032362.223302 0.646718 -0.270268 1.07834 -0.134961 -0.753102 -0.0956639 0.636761
1305032362.254745 0.649202 -0.251118 1.08494 -0.138942 -0.75464 -0.089461 0.634984
1305032362.286962 0.649719 -0.231205 1.09072 -0.142581 -0.757093 -0.0840348 0.63199
1305032362.322988 0.650718 -0.21238 1.09691 -0.143413 -0.760889 -0.077458 0.628071
1305032362.355069 0.652871 -0.195099 1.10522 -0.144117 -0.76586 -0.0699307 0.622729
1305032362.386153 0.652351 -0.176353 1.11317 -0.1439 -0.771921 -0.063919 0.615905
1305032362.421202 0.651851 -0.157872 1.12216 -0.140567 -0.777961 -0.0577722 0.609649
1305032362.452718 0.652021 -0.13791 1.13297 -0.137002 -0.783267 -0.0505099 0.604289
1305032362.487094 0.649417 -0.120229 1.13929 -0.136019 -0.787316 -0.0461894 0.599575
1305032362.523226 0.647334 -0.102628 1.14605 -0.134557 -0.791673 -0.0422593 0.594436
1305032362.554152 0.643832 -0.0879044 1.15009 -0.129729 -0.795308 -0.0411596 0.590722
1305032362.586874 0.642322 -0.0723293 1.15609 -0.126949 -0.798207 -0.0343702 0.587841
1305032362.623276 0.650526 -0.0621732 1.16584 -0.127769 -0.800363 -0.0271466 0.585106
1305032362.655272 0.648747 -0.0466546 1.16939 -0.130482 -0.801877 -0.0240669 0.582559
1305032362.687068 0.644685 -0.0313688 1.1698 -0.13394 -0.804175 -0.0212206 0.578708
1305032362.723139 0.641505 -0.0179022 1.16974 -0.137426 -0.806793 -0.0189498 0.574307
1305032362.752501 0.638045 -0.00647633 1.17004 -0.139967 -0.808685 -0.015633 0.571122
1305032362.786189 0.634619 0.0046482 1.17018 -0.141216 -0.809927 -0.00902121 0.569194
1305032362.822975 0.631905 0.0147713 1.1702 -0.14126 -0.810963 -0.000891929 0.567778
1305032362.854747 0.628979 0.0270685 1.17027 -0.139934 -0.811828 0.0076608 0.566816
1305032362.887079 0.627156 0.0363465 1.17078 -0.138739 -0.81316 0.0146743 0.565062
1305032362.922917 0.624822 0.045443 1.17104 -0.133379 -0.815114 0.0192089 0.563399
1305032362.955254 0.621893 0.0537383 1.17189 -0.127081 -0.81568 0.0254233 0.563787
1305032362.987432 0.617829 0.0625805 1.17105 -0.121874 -0.814939 0.0377873 0.565314
1305032363.023019 0.61697 0.0707713 1.17382 -0.114337 -0.814051 0.0525552 0.566986
1305032363.050785 0.614793 0.0777809 1.1758 -0.106477 -0.811394 0.0620691 0.571345
1305032363.087129 0.613595 0.0858164 1.17566 -0.103218 -0.807887 0.0756528 0.575266
1305032363.121871 0.613423 0.0929591 1.17562 -0.0957132 -0.806237 0.0899369 0.57682
1305032363.152039 0.615112 0.0989291 1.17501 -0.0891543 -0.804114 0.0975681 0.579586
1305032363.186339 0.616569 0.106386 1.17444 -0.0856726 -0.801948 0.107307 0.581389
1305032363.223545 0.616072 0.113164 1.17123 -0.0826441 -0.800838 0.117883 0.581311
1305032363.254897 0.614972 0.12488 1.17012 -0.0796999 -0.800564 0.123413 0.580949
1305032363.286746 0.615096 0.131164 1.1684 -0.0754282 -0.800234 0.127402 0.581113
1305032363.323009 0.614305 0.138781 1.16733 -0.0724392 -0.798752 0.133787 0.582099
1305032363.351268 0.615659 0.14497 1.16734 -0.0709955 -0.794797 0.13969 0.586289
1305032363.387226 0.617529 0.15209 1.16534 -0.0697712 -0.791194 0.148639 0.589101
1305032363.423169 0.622886 0.160593 1.16887 -0.0703294 -0.789702 0.153717 0.589732
1305032363.454680 0.620698 0.168093 1.16602 -0.0718869 -0.787765 0.153499 0.592187
1305032363.490519 0.622355 0.177864 1.16533 -0.0719578 -0.78642 0.155803 0.593363
1305032363.522372 0.627041 0.186255 1.1674 -0.0781709 -0.785723 0.156888 0.593214
1305032363.554139 0.625949 0.196622 1.165 -0.0853983 -0.784759 0.155357 0.593897
1305032363.589728 0.62487 0.204786 1.16164 -0.0919615 -0.784206 0.159248 0.592618
1305032363.622073 0.628665 0.21312 1.16269 -0.0958912 -0.785102 0.161881 0.590089
1305032363.653876 0.624058 0.221134 1.1576 -0.0981381 -0.785967 0.163741 0.588051
1305032363.689996 0.625372 0.227751 1.16105 -0.0999162 -0.789226 0.167415 0.582323
1305032363.721151 0.622279 0.230291 1.16059 -0.0992058 -0.792849 0.168155 0.577288
1305032363.754688 0.6138 0.229339 1.15885 -0.0933551 -0.79607 0.169279 0.573488
1305032363.789766 0.612165 0.227934 1.16318 -0.0879886 -0.797985 0.173631 0.570366
1305032363.820015 0.611588 0.228758 1.17027 -0.0819853 -0.798289 0.180494 0.568704
1305032363.850926 0.610979 0.226836 1.17811 -0.0757462 -0.797286 0.188535 0.568368
1305032363.889635 0.607593 0.225939 1.18211 -0.0705871 -0.797005 0.197175 0.56649
1305032363.918945 0.606058 0.22624 1.1867 -0.069479 -0.799758 0.199113 0.562051
1305032363.953919 0.604613 0.222287 1.19147 -0.0602564 -0.803553 0.196126 0.558743
1305032363.989477 0.605321 0.220172 1.19684 -0.0538714 -0.805362 0.196553 0.556637
1305032364.021974 0.602449 0.215206 1.19915 -0.0513459 -0.806987 0.195729 0.554809
1305032364.051316 0.601853 0.209803 1.20218 -0.0467582 -0.809179 0.195297 0.55217
1305032364.089983 0.603632 0.205035 1.20648 -0.0441515 -0.812058 0.195571 0.548043
1305032364.121945 0.600316 0.199119 1.20545 -0.0430109 -0.815405 0.194192 0.543636
1305032364.154479 0.600972 0.192518 1.20732 -0.041115 -0.821286 0.191387 0.535869
1305032364.187829 0.602809 0.186159 1.21485 -0.0405859 -0.829498 0.183938 0.525771
1305032364.220131 0.600595 0.178181 1.21555 -0.0402182 -0.837902 0.170577 0.516903
1305032364.254427 0.600853 0.166401 1.22206 -0.0403052 -0.846978 0.158653 0.50578
1305032364.287208 0.605812 0.15384 1.22909 0.0398429 0.854677 -0.147679 -0.496108
1305032364.321001 0.606074 0.142835 1.2356 0.0409448 0.862352 -0.13509 -0.486226
1305032364.353803 0.605959 0.129804 1.24132 0.04167 0.86944 -0.119722 -0.477491
1305032364.390393 0.604619 0.115903 1.2476 0.042025 0.875912 -0.101817 -0.469722
1305032364.422934 0.60276 0.101817 1.25393 0.041428 0.88247 -0.0835374 -0.46103
1305032364.454973 0.599711 0.0865603 1.2591 0.039627 0.88871 -0.0635323 -0.45231
1305032364.490909 0.59231 0.0685757 1.26514 0.0395335 0.89386 -0.0434878 -0.444475
1305032364.523222 0.588145 0.0513437 1.27273 0.0360679 0.898334 -0.0256854 -0.437072
1305032364.555371 0.582605 0.0314897 1.28284 0.031653 0.902803 -0.00585949 -0.428844
1305032364.590015 0.576228 0.0109803 1.29268 0.0264821 0.904942 0.0110583 -0.424563
1305032364.622240 0.567793 -0.0113906 1.3024 0.0210892 0.905847 0.0246331 -0.422358
1305032364.654940 0.564203 -0.0316613 1.31416 0.021265 0.906673 0.0356708 -0.419781
1305032364.691021 0.559044 -0.0535484 1.32622 0.017723 0.906729 0.0534971 -0.417927
1305032364.723145 0.552274 -0.072114 1.33483 0.0158135 0.906179 0.0711509 -0.416562
1305032364.758771 0.542845 -0.0922538 1.3419 0.0190516 0.905439 0.0910578 -0.414153
1305032364.790576 0.534464 -0.114094 1.35269 0.0198772 0.903708 0.109818 -0.413343
1305032364.822800 0.521164 -0.13286 1.35301 0.0173619 0.902102 0.122303 -0.41346
1305032364.858509 0.51414 -0.15952 1.36025 0.0116535 0.90291 0.133938 -0.408258
1305032364.889427 0.50606 -0.181314 1.36681 0.00841036 0.903891 0.143207 -0.402986
1305032364.923105 0.494684 -0.200903 1.3692 0.00876876 0.904008 0.152672 -0.399224
1305032364.956761 0.483218 -0.221199 1.37178 0.0105321 0.904804 0.16242 -0.393491
1305032364.991437 0.472761 -0.239643 1.37467 0.011524 0.906062 0.169281 -0.387633
1305032365.022936 0.461636 -0.259149 1.38065 0.0137728 0.907122 0.175464 -0.382295
1305032365.059290 0.449529 -0.276548 1.38486 0.0142116 0.907606 0.18307 -0.377534
1305032365.087143 0.438382 -0.291267 1.38852 0.011793 0.907967 0.191385 -0.372593
1305032365.123256 0.427028 -0.30372 1.39239 0.0108528 0.908038 0.201621 -0.367007
1305032365.159298 0.413818 -0.317193 1.39314 0.00979524 0.90806 0.212275 -0.360925
1305032365.191271 0.402629 -0.3297 1.39568 0.0035714 0.908431 0.220479 -0.355144
1305032365.223463 0.388617 -0.344515 1.39792 -0.0039913 0.908983 0.229054 -0.34823
1305032365.256958 0.378494 -0.356218 1.39874 -0.0101691 0.909862 0.236024 -0.341084
1305032365.290273 0.36726 -0.367154 1.40108 -0.0134544 0.910842 0.243412 -0.333068
1305032365.323458 0.356784 -0.377175 1.39987 -0.0172281 0.911543 0.250433 -0.32569
1305032365.359591 0.347407 -0.388551 1.40149 -0.0231035 0.912596 0.254723 -0.318979
1305032365.391371 0.337921 -0.398823 1.40631 -0.0272954 0.913396 0.259746 -0.312237
1305032365.423267 0.329095 -0.404236 1.40363 -0.0307917 0.913629 0.265527 -0.306311
1305032365.459383 0.322912 -0.41193 1.4042 -0.0335359 0.914884 0.268543 -0.299572
1305032365.491152 0.318102 -0.42018 1.40648 -0.0344097 0.916384 0.271623 -0.292017
1305032365.523217 0.31167 -0.424979 1.40514 -0.0350808 0.917706 0.274006 -0.285488
1305032365.558893 0.306159 -0.433234 1.40426 -0.0366531 0.919596 0.273968 -0.279174
1305032365.591436 0.303422 -0.439412 1.40435 -0.0393232 0.92233 0.271942 -0.27167
1305032365.623205 0.300443 -0.444827 1.40691 -0.0421855 0.925279 0.270103 -0.262906
1305032365.659377 0.295784 -0.451194 1.40843 -0.044465 0.927137 0.270707 -0.255256
1305032365.691155 0.292998 -0.455154 1.40846 -0.0469512 0.928303 0.271634 -0.249522
1305032365.723383 0.289693 -0.461601 1.40398 -0.0488182 0.929886 0.271454 -0.243387
1305032365.759259 0.286806 -0.468644 1.40353 -0.0512748 0.932817 0.267472 -0.235963
1305032365.791166 0.28243 -0.473446 1.40564 -0.0527197 0.935128 0.263945 -0.230405
1305032365.823223 0.278385 -0.476356 1.40274 -0.0530809 0.936781 0.26095 -0.226992
1305032365.859634 0.274119 -0.48051 1.4 -0.0521131 0.939041 0.255995 -0.223495
1305032365.889504 0.268623 -0.483484 1.39883 -0.0475994 0.942068 0.248742 -0.219921
1305032365.927362 0.262032 -0.486264 1.3974 -0.0423033 0.944503 0.242316 -0.217726
1305032365.959313 0.255642 -0.490377 1.39531 -0.0362863 0.946535 0.235406 -0.217566
1305032365.991061 0.250195 -0.492381 1.39255 -0.0287825 0.949009 0.22644 -0.217426
1305032366.026870 0.241344 -0.498353 1.39248 -0.0223883 0.951118 0.220872 -0.214678
1305032366.059164 0.233275 -0.50524 1.38773 -0.017978 0.95288 0.214597 -0.213639
1305032366.091112 0.229855 -0.507757 1.38996 -0.0143621 0.953562 0.211225 -0.214224
1305032366.127026 0.225244 -0.515568 1.38767 -0.0150021 0.951418 0.222177 -0.212632
1305032366.159365 0.221298 -0.526036 1.37876 -0.0269149 0.949141 0.231781 -0.211378
1305032366.190979 0.218835 -0.54217 1.37061 -0.042145 0.947358 0.237413 -0.210641
1305032366.227205 0.218677 -0.549271 1.36632 -0.0513859 0.945751 0.243914 -0.208367
1305032366.259172 0.215963 -0.555532 1.35581 -0.0547687 0.944439 0.252541 -0.203111
1305032366.291401 0.214688 -0.562921 1.34852 -0.0551798 0.944194 0.258847 -0.196077
1305032366.327121 0.210466 -0.57125 1.34323 -0.0541564 0.942828 0.269002 -0.189148
1305032366.359097 0.205877 -0.578764 1.33239 -0.0560622 0.94084 0.278568 -0.18459
1305032366.391043 0.202165 -0.586477 1.3245 -0.061086 0.939471 0.285077 -0.179973
1305032366.427242 0.199445 -0.590822 1.32005 -0.0663299 0.938269 0.291177 -0.174538
1305032366.459233 0.196353 -0.594397 1.31339 -0.0700106 0.936925 0.297559 -0.169487
1305032366.491285 0.193375 -0.599673 1.30174 -0.0742214 0.93635 0.301721 -0.1634
1305032366.526997 0.193436 -0.602384 1.29667 -0.0794899 0.936734 0.302908 -0.156374
1305032366.559109 0.193882 -0.602358 1.29072 -0.0859713 0.937252 0.303814 -0.14786
1305032366.591375 0.193859 -0.601135 1.28846 -0.0912933 0.938472 0.303591 -0.136986
1305032366.626920 0.193047 -0.596039 1.28648 -0.0950803 0.939167 0.3054 -0.12511
1305032366.655039 0.191866 -0.596766 1.28443 -0.100359 0.938561 0.310644 -0.111923
1305032366.687461 0.191795 -0.59798 1.28115 -0.104251 0.937981 0.314404 -0.102323
1305032366.727328 0.192358 -0.595697 1.27688 -0.10562 0.938835 0.313456 -0.0957817
1305032366.759333 0.192159 -0.593847 1.2803 -0.102504 0.940411 0.312115 -0.0877485
1305032366.790587 0.189406 -0.595228 1.2807 -0.101377 0.941075 0.312971 -0.0783897
1305032366.826895 0.186199 -0.594289 1.28159 -0.103319 0.942073 0.311419 -0.069561
1305032366.859205 0.183689 -0.59184 1.28515 -0.106628 0.942955 0.309275 -0.0617308
1305032366.888643 0.182644 -0.589596 1.29174 -0.10869 0.943237 0.309015 -0.0547389
1305032366.926959 0.178914 -0.589081 1.29491 -0.109282 0.943049 0.310541 -0.0477095
1305032366.958281 0.177153 -0.584385 1.29312 -0.110928 0.943809 0.308364 -0.0427373
1305032366.990487 0.173998 -0.586902 1.30091 -0.111649 0.946028 0.301794 -0.0385008
1305032367.026585 0.169968 -0.584023 1.30965 -0.110511 0.948689 0.294086 -0.03585
1305032367.058683 0.165712 -0.581073 1.31964 -0.107764 0.951406 0.28631 -0.0351492
1305032367.087523 0.1612 -0.578638 1.3313 -0.10465 0.95414 0.278238 -0.0352746
1305032367.126868 0.15465 -0.571768 1.3412 -0.101572 0.956824 0.26983 -0.0368701
1305032367.158939 0.14714 -0.568327 1.35445 -0.0997739 0.959241 0.261504 -0.0389025
1305032367.191850 0.137305 -0.55659 1.36478 -0.0980775 0.961591 0.252601 -0.0437216
1305032367.226101 0.131686 -0.555391 1.3782 -0.0955528 0.963288 0.245892 -0.0497937
1305032367.257578 0.125398 -0.549822 1.38904 -0.0945418 0.965525 0.236326 -0.0545092
1305032367.293991 0.11715 -0.537381 1.40462 -0.0917173 0.967884 0.226723 -0.0581609
1305032367.326110 0.109579 -0.531822 1.41325 -0.0921659 0.968132 0.224775 -0.0608219
1305032367.358269 0.101568 -0.525863 1.41818 -0.0973998 0.969706 0.214772 -0.0636543
1305032367.394011 0.0940427 -0.517921 1.42935 -0.0991967 0.972441 0.200274 -0.0663673
1305032367.425982 0.0901765 -0.507891 1.43861 -0.0990371 0.974362 0.190315 -0.0677263
1305032367.458337 0.0870634 -0.499519 1.44408 -0.0981136 0.97653 0.179411 -0.0676004
1305032367.494794 0.0814328 -0.492698 1.45104 -0.09563 0.97924 0.166101 -0.0659626
1305032367.525123 0.0766998 -0.483397 1.45837 -0.0949088 0.981458 0.154166 -0.0629394
1305032367.558998 0.0695011 -0.472351 1.46614 -0.0928983 0.983249 0.144931 -0.0598525
1305032367.594540 0.0589252 -0.458015 1.47267 -0.0898473 0.984329 0.140463 -0.0573665
1305032367.627313 0.0530673 -0.448791 1.47554 -0.0897819 0.985026 0.136855 -0.0541219
1305032367.659071 0.0456678 -0.438739 1.48231 -0.09273 0.985619 0.131615 -0.0512713
1305032367.694516 0.0390585 -0.427211 1.48808 -0.0959356 0.985921 0.127934 -0.0488301
1305032367.727182 0.0331026 -0.415478 1.49148 -0.0963518 0.986404 0.125137 -0.045399
1305032367.759159 0.0248591 -0.403519 1.49624 -0.0938067 0.987287 0.121526 -0.041145
1305032367.794852 0.0139671 -0.38841 1.49871 -0.0892251 0.988307 0.117921 -0.0371218
1305032367.826871 0.0042698 -0.378056 1.50311 -0.0859801 0.989049 0.115226 -0.0332911
1305032367.858142 -0.00663928 -0.363047 1.50502 -0.08309 0.990243 0.108187 -0.0283654
1305032367.894056 -0.0193518 -0.352142 1.51141 -0.0802571 0.991244 0.102221 -0.0232473
1305032367.925922 -0.0330071 -0.339645 1.51453 -0.0788972 0.992147 0.094911 -0.0201782
1305032367.957958 -0.0427312 -0.325496 1.51631 -0.0787543 0.993111 0.0850692 -0.016945
1305032367.994884 -0.0545414 -0.312481 1.52113 -0.079607 0.994031 0.0738475 -0.0103947
1305032368.025983 -0.0656614 -0.298134 1.52405 -0.0783738 0.99495 0.0626315 -0.00232734
1305032368.058921 -0.0765476 -0.287491 1.5274 -0.078019 0.99562 0.0511121 0.00600035
1305032368.094710 -0.0864529 -0.273328 1.52994 -0.0777561 0.996211 0.0363958 0.013665
1305032368.126824 -0.0946823 -0.259054 1.53281 -0.0775701 0.996452 0.0235285 0.0225356
1305032368.156667 -0.100093 -0.246082 1.53672 -0.0782745 0.996358 0.010432 0.0320863
1305032368.190798 -0.108121 -0.233871 1.53912 -0.0767277 0.996134 -0.00081907 0.0427236
1305032368.226380 -0.114529 -0.220683 1.5401 -0.0779015 0.995452 -0.0143085 0.0528857
1305032368.258177 -0.120876 -0.205024 1.5419 -0.0787356 0.994675 -0.0268148 0.0608214
1305032368.293455 -0.124712 -0.190918 1.54211 -0.0770281 0.994114 -0.0357391 0.067246
1305032368.326215 -0.131048 -0.178172 1.54039 -0.0761649 0.993408 -0.0443272 0.0732696
1305032368.358554 -0.134177 -0.162708 1.5351 -0.0769571 0.99264 -0.0553798 0.0753196
1305032368.393756 -0.13596 -0.148325 1.53271 -0.0774645 0.991962 -0.0637681 0.0770743
1305032368.425949 -0.137835 -0.134721 1.52735 -0.079852 0.991195 -0.0692324 0.0797451
1305032368.462413 -0.141959 -0.126608 1.52291 -0.0837266 0.990312 -0.076387 0.0801936
1305032368.494411 -0.140975 -0.116187 1.52176 -0.0839389 0.988804 -0.0950196 0.0786694
1305032368.526548 -0.143908 -0.102843 1.51758 -0.0806488 0.986738 -0.116672 0.0789149
1305032368.561964 -0.151158 -0.0862197 1.50726 -0.0775489 0.98529 -0.133573 0.0730917
1305032368.594201 -0.155707 -0.0723657 1.50303 -0.0714961 0.984464 -0.147361 0.0632304
1305032368.626418 -0.161323 -0.05981 1.50487 -0.0615713 0.983167 -0.162425 0.056609
1305032368.662780 -0.16357 -0.0409324 1.50509 -0.0499486 0.981956 -0.17522 0.0506017
1305032368.692306 -0.169702 -0.0219531 1.50162 -0.0350766 0.981383 -0.182982 0.0465692
1305032368.726391 -0.174579 -0.00315664 1.49892 -0.0210487 0.980181 -0.191338 0.0467585
1305032368.762429 -0.173576 0.0194802 1.49667 -0.00909538 0.979179 -0.196459 0.0502555
1305032368.794488 -0.18139 0.0364811 1.49541 0.000360023 0.978607 -0.197553 0.0574196
1305032368.826920 -0.180395 0.0504994 1.48922 0.0103885 0.977895 -0.198621 0.0644916
1305032368.862385 -0.178028 0.074385 1.47692 0.0152629 0.976282 -0.203621 0.0719346
1305032368.894079 -0.180409 0.0869017 1.47037 0.0177483 0.975142 -0.207266 0.0762879
1305032368.926364 -0.181993 0.100465 1.46381 0.0235139 0.973481 -0.21356 0.0785376
1305032368.959769 -0.185792 0.112948 1.45914 0.0303624 0.971872 -0.219516 0.0796977
1305032368.992519 -0.189665 0.119889 1.45151 0.0341576 0.970889 -0.223318 0.0795837
1305032369.026559 -0.192595 0.127 1.44773 0.0390443 0.9691 -0.230497 0.078661
1305032369.062508 -0.196951 0.138736 1.44578 0.0479891 0.966446 -0.240321 0.0769424
1305032369.092465 -0.200629 0.149792 1.44138 0.0564248 0.964832 -0.245763 0.0742443
1305032369.126422 -0.204892 0.157419 1.43871 0.0633421 0.963485 -0.249076 0.0751108
1305032369.162529 -0.208777 0.166427 1.43427 0.0694531 0.962096 -0.25162 0.078936
1305032369.194429 -0.212734 0.176949 1.42631 0.0726557 0.961232 -0.252983 0.0821587
1305032369.226184 -0.216769 0.181958 1.42151 0.0757245 0.960535 -0.253368 0.0862456
1305032369.262275 -0.222581 0.18658 1.4206 0.0787263 0.959941 -0.253166 0.0906468
1305032369.294549 -0.226546 0.188945 1.41771 0.0819024 0.959465 -0.253316 0.0924427
1305032369.325603 -0.230233 0.193465 1.4161 0.086836 0.958425 -0.25509 0.0938427
1305032369.361711 -0.232115 0.190669 1.41188 0.094013 0.956964 -0.25679 0.0971383
1305032369.393865 -0.23563 0.18855 1.41624 0.0991615 0.954308 -0.263876 0.0991373
1305032369.425788 -0.238604 0.19418 1.41584 0.10225 0.952412 -0.268105 0.102824
1305032369.461699 -0.238814 0.194721 1.41652 0.102473 0.952619 -0.265821 0.106538
1305032369.493663 -0.235121 0.193533 1.41588 0.106722 0.952343 -0.263314 0.110969
1305032369.526387 -0.234325 0.197368 1.41796 0.110011 0.952364 -0.259754 0.115856
1305032369.561511 -0.234528 0.198824 1.41832 0.108505 0.953283 -0.254944 0.120319
1305032369.590662 -0.234176 0.202273 1.42099 0.106214 0.955156 -0.247102 0.123823
1305032369.629343 -0.235816 0.200664 1.4197 0.103915 0.957833 -0.235964 0.126783
1305032369.661976 -0.23505 0.197779 1.4252 0.102964 0.959483 -0.229707 0.126576
1305032369.694117 -0.23556 0.194036 1.42904 0.100607 0.961378 -0.222848 0.126351
1305032369.730214 -0.237716 0.188815 1.4361 0.0944953 0.963368 -0.217391 0.125413
1305032369.762462 -0.239196 0.183988 1.44369 0.0886469 0.965387 -0.212353 0.122761
1305032369.794288 -0.242142 0.181024 1.45335 0.083809 0.967421 -0.207528 0.118321
1305032369.830464 -0.24615 0.179764 1.46435 0.0785807 0.969711 -0.201608 0.113289
1305032369.862646 -0.250274 0.180977 1.47279 0.0757712 0.971802 -0.19545 0.107949
1305032369.894378 -0.253673 0.179026 1.48095 0.0709523 0.9742 -0.189298 0.100301
1305032369.930439 -0.256403 0.179968 1.49111 0.0680049 0.975994 -0.184258 0.0941073
1305032369.962123 -0.257311 0.180461 1.49897 0.0632746 0.978113 -0.177286 0.0886375
1305032369.994406 -0.257889 0.181338 1.50567 0.0604983 0.979945 -0.169973 0.0845613
1305032370.029452 -0.258989 0.181367 1.51317 0.0580162 0.981084 -0.165223 0.0824918
1305032370.062431 -0.259655 0.184046 1.52235 0.0540093 0.98211 -0.161325 0.0807088
1305032370.094141 -0.258265 0.185194 1.5307 0.0512867 0.983557 -0.15393 0.0792879
1305032370.131075 -0.257109 0.186255 1.53596 0.047891 0.985259 -0.144787 0.0774806
1305032370.163765 -0.257765 0.188483 1.5464 0.0472626 0.986596 -0.136346 0.0761471
1305032370.191957 -0.2556 0.189504 1.55249 0.0471696 0.987848 -0.128584 0.0734448
1305032370.227691 -0.255756 0.191145 1.56248 0.0476039 0.98872 -0.123091 0.07078
1305032370.260069 -0.255253 0.192056 1.57108 0.0476542 0.989613 -0.117003 0.068573
1305032370.292473 -0.254045 0.193269 1.57944 0.0463615 0.990582 -0.110171 0.0667402
1305032370.330184 -0.25438 0.194649 1.58423 0.0454843 0.991091 -0.105799 0.0668815
1305032370.362216 -0.254396 0.195553 1.59274 0.0435596 0.991709 -0.100912 0.0665393
1305032370.393732 -0.253179 0.194438 1.59695 0.0408922 0.992433 -0.0960097 0.0646625
1305032370.429519 -0.252688 0.193935 1.60281 0.0413587 0.992731 -0.0946082 0.0618038
1305032370.462719 -0.255004 0.196057 1.60976 0.0417627 0.993064 -0.0928551 0.0587545
1305032370.494226 -0.255005 0.196941 1.6135 0.0403853 0.993661 -0.0894976 0.0547035
1305032370.530396 -0.254896 0.197561 1.61818 0.039293 0.9941 -0.0865641 0.0521777
1305032370.559254 -0.256195 0.201064 1.62294 0.0360315 0.9947 -0.0820387 0.0503891
1305032370.594716 -0.257476 0.204735 1.62648 0.0309504 0.995624 -0.073453 0.0487434
1305032370.630635 -0.257319 0.205529 1.62742 0.0266429 0.996423 -0.0648301 0.0471509
1305032370.662528 -0.258313 0.206413 1.63007 0.0234227 0.997012 -0.0581843 0.0450396
1305032370.694786 -0.25943 0.205983 1.63121 0.0189886 0.997698 -0.0509834 0.0404296
1305032370.730482 -0.259397 0.203542 1.63249 0.0181453 0.99806 -0.0469895 0.0365185
1305032370.762399 -0.26176 0.201928 1.63673 0.0177483 0.998286 -0.044419 0.0336625
1305032370.794226 -0.264275 0.200529 1.63972 0.0155263 0.998673 -0.0384624 0.0304282
1305032370.830572 -0.264336 0.193857 1.6387 0.0130282 0.998987 -0.0307506 0.0300984
1305032370.862608 -0.265974 0.187912 1.64119 0.0112162 0.998998 -0.0259175 0.03465
1305032370.898515 -0.267943 0.177222 1.64638 0.00625439 0.999132 -0.0178172 0.0370657
1305032370.930670 -0.269599 0.165809 1.64778 0.00115431 0.999259 -0.0065632 0.0378403
1305032370.962798 -0.272668 0.156164 1.64851 -0.00131651 0.999223 0.00358607 0.0391768
1305032370.998569 -0.277947 0.14276 1.65101 -0.00558066 0.99905 0.0150555 0.0404657
1305032371.030841 -0.285899 0.130134 1.65495 -0.00802734 0.998752 0.0295793 0.0393765
1305032371.063015 -0.291973 0.112079 1.65481 -0.00797263 0.998178 0.0467295 0.0372709
1305032371.098694 -0.298616 0.0928193 1.65329 -0.0120887 0.997433 0.0608395 0.0357129
1305032371.127227 -0.308848 0.0722163 1.65578 -0.0185673 0.996524 0.0735789 0.0342958
1305032371.163393 -0.316651 0.0493327 1.65363 -0.0269738 0.995399 0.086793 0.0302657
1305032371.199223 -0.322917 0.0274476 1.65028 -0.0366499 0.994559 0.0935959 0.0272894
1305032371.231580 -0.329001 -0.00216045 1.64611 -0.0509092 0.993629 0.0968189 0.0270659
1305032371.263109 -0.335007 -0.0292892 1.64391 -0.06136 0.99274 0.100051 0.0261802
1305032371.298947 -0.343083 -0.0580663 1.64334 -0.0726014 0.991487 0.104901 0.0259611
1305032371.331335 -0.347631 -0.0845097 1.63856 -0.0835449 0.99016 0.108568 0.0284868
1305032371.362306 -0.350136 -0.11356 1.63162 -0.0964109 0.988361 0.113047 0.0325955
1305032371.399028 -0.357442 -0.141328 1.63011 -0.107711 0.986237 0.119651 0.0375871
1305032371.429259 -0.363606 -0.166917 1.62497 -0.119208 0.983588 0.128642 0.042307
1305032371.461631 -0.369652 -0.19258 1.61941 -0.131959 0.980312 0.139168 0.0469391
1305032371.500366 -0.37441 -0.213616 1.61157 -0.14285 0.976931 0.150179 0.0514006
1305032371.528780 -0.381889 -0.238478 1.60376 -0.155249 0.972605 0.163143 0.0575993
1305032371.563035 -0.386187 -0.264379 1.59201 -0.170194 0.967546 0.175738 0.0632459
1305032371.594845 -0.389576 -0.282267 1.5798 -0.183138 0.962862 0.186307 0.0681258
1305032371.627278 -0.394525 -0.301492 1.56809 -0.192015 0.958575 0.196989 0.0738615
1305032371.661699 -0.397123 -0.317708 1.55146 -0.198599 0.954731 0.206638 0.0796429
1305032371.698085 -0.399547 -0.338397 1.53735 -0.209836 0.949748 0.215454 0.0867211
1305032371.726894 -0.408826 -0.355343 1.5266 -0.220843 0.945053 0.222502 0.0926817
1305032371.763078 -0.416848 -0.366249 1.50855 -0.227942 0.940488 0.233004 0.0960701
1305032371.798775 -0.422895 -0.381041 1.48997 -0.231377 0.937122 0.241476 0.0997532
1305032371.830728 -0.427643 -0.391391 1.46819 -0.232061 0.934855 0.247537 0.10447
1305032371.862988 -0.430308 -0.403547 1.44689 -0.233594 0.932679 0.250618 0.112826
1305032371.898658 -0.442098 -0.420527 1.42901 -0.236577 0.929848 0.252245 0.125624
1305032371.930961 -0.44795 -0.435397 1.41053 -0.245013 0.92537 0.254853 0.136758
1305032371.960332 -0.451093 -0.449966 1.38982 -0.256465 0.920433 0.255559 0.147351
1305032371.999011 -0.452842 -0.463344 1.36858 -0.267506 0.915904 0.254292 0.157771
1305032372.030867 -0.450382 -0.475517 1.34654 -0.277448 0.911857 0.252154 0.167193
1305032372.058918 -0.45386 -0.496088 1.3284 -0.287556 0.907729 0.249067 0.17692
1305032372.098264 -0.455308 -0.512974 1.30957 -0.298285 0.903142 0.248361 0.183502
1305032372.127609 -0.445937 -0.518624 1.28874 -0.308734 0.899052 0.246677 0.188502
1305032372.166169 -0.436901 -0.52927 1.27004 -0.316741 0.895845 0.240246 0.198526
1305032372.198119 -0.429048 -0.544151 1.2551 -0.326159 0.891241 0.234117 0.210936
1305032372.230071 -0.419741 -0.553498 1.23872 -0.335637 0.88631 0.228096 0.223093
1305032372.266126 -0.406766 -0.561472 1.22279 -0.34459 0.88134 0.221553 0.235388
1305032372.297790 -0.399343 -0.573763 1.21104 -0.351747 0.876101 0.218003 0.247366
1305032372.329039 -0.38972 -0.589763 1.20003 -0.364145 0.86829 0.215498 0.258891
1305032372.366292 -0.381146 -0.601494 1.19034 -0.375612 0.862178 0.212452 0.265373
1305032372.398337 -0.370018 -0.608299 1.18079 -0.386164 0.857139 0.210467 0.26812
1305032372.430932 -0.35914 -0.618008 1.17385 -0.394784 0.852014 0.210219 0.272064
1305032372.466079 -0.349474 -0.628847 1.16816 -0.402657 0.846422 0.213221 0.275622
1305032372.498135 -0.332716 -0.63084 1.16016 -0.412753 0.840413 0.216063 0.276864
1305032372.530492 -0.312171 -0.633967 1.15175 -0.42172 0.835461 0.214291 0.279697
1305032372.570271 -0.304788 -0.649246 1.15005 -0.424823 0.831941 0.213467 0.28605
1305032372.597861 -0.292251 -0.654573 1.14622 -0.429826 0.827588 0.216247 0.2891
1305032372.629218 -0.275235 -0.660445 1.13921 -0.435305 0.823844 0.217977 0.290293
1305032372.664108 -0.262307 -0.667513 1.1347 -0.438545 0.821553 0.217888 0.291971
1305032372.698696 -0.250324 -0.670631 1.13003 -0.441056 0.818764 0.218679 0.295413
1305032372.728994 -0.237421 -0.673853 1.12435 -0.444121 0.814626 0.219376 0.301677
1305032372.766505 -0.221738 -0.683168 1.11974 -0.448289 0.809562 0.219305 0.309103
1305032372.797997 -0.208189 -0.688384 1.11483 -0.448596 0.80721 0.216787 0.316499
1305032372.831463 -0.197234 -0.689946 1.11003 -0.4453 0.807382 0.209126 0.325733
1305032372.866969 -0.18688 -0.698862 1.10626 -0.438843 0.80843 0.20329 0.335447
1305032372.898841 -0.17783 -0.702315 1.10118 -0.433434 0.808483 0.199013 0.344786
1305032372.930454 -0.166503 -0.705843 1.09699 -0.428572 0.80821 0.194836 0.353775
1305032372.966691 -0.161605 -0.709428 1.09329 -0.422456 0.807485 0.192143 0.364106
1305032372.998926 -0.143649 -0.714137 1.08537 -0.420477 0.802796 0.195417 0.374866
1305032373.030611 -0.134581 -0.712332 1.08076 -0.422287 0.795455 0.19573 0.388084
1305032373.066897 -0.128873 -0.713438 1.07931 -0.424278 0.78865 0.198031 0.398493
1305032373.099775 -0.123903 -0.710635 1.07305 -0.425044 0.782301 0.206164 0.405997
1305032373.127898 -0.119777 -0.704878 1.06846 -0.425429 0.775564 0.217089 0.412767
1305032373.166377 -0.109378 -0.698419 1.06368 -0.428301 0.766902 0.229064 0.419456
1305032373.198404 -0.10188 -0.694215 1.05733 -0.434091 0.756789 0.237873 0.426902
1305032373.230484 -0.097172 -0.690522 1.05233 -0.439555 0.748236 0.24503 0.432305
1305032373.266752 -0.0901763 -0.685179 1.04986 -0.444443 0.740413 0.25244 0.436494
1305032373.298845 -0.083205 -0.679926 1.04657 -0.448066 0.732689 0.259869 0.441434
1305032373.331228 -0.0718353 -0.682043 1.04249 -0.450153 0.724816 0.267738 0.447565
1305032373.366882 -0.0671196 -0.67999 1.04005 -0.44746 0.720455 0.273618 0.453708
1305032373.399055 -0.0599542 -0.682837 1.03557 -0.447056 0.714406 0.281562 0.458783
1305032373.434622 -0.0521618 -0.681912 1.03127 -0.44736 0.709255 0.284467 0.464649
1305032373.465659 -0.0489472 -0.681434 1.02952 -0.446428 0.705808 0.286544 0.469491
1305032373.498970 -0.0429365 -0.681997 1.02672 -0.44254 0.703535 0.293492 0.472285
1305032373.534678 -0.0389296 -0.67837 1.02195 -0.438457 0.700957 0.299239 0.476303
1305032373.566786 -0.0348554 -0.678127 1.01687 -0.436974 0.697784 0.30469 0.478862
1305032373.598786 -0.0322509 -0.675066 1.01103 -0.437406 0.694818 0.308215 0.480522
1305032373.635967 -0.030236 -0.672564 1.00249 -0.439123 0.692904 0.310189 0.48045
1305032373.663912 -0.0259254 -0.67147 0.995232 -0.440104 0.694362 0.308738 0.478375
1305032373.697914 -0.024334 -0.673561 0.993008 -0.440911 0.697118 0.303572 0.476928
1305032373.734507 -0.020673 -0.678173 0.992513 -0.441932 0.698682 0.301216 0.475186
1305032373.766443 -0.0170387 -0.680759 0.995209 -0.437058 0.702217 0.297137 0.477047
1305032373.795838 -0.0258847 -0.682319 0.998706 -0.430209 0.703951 0.294663 0.482224
1305032373.834934 -0.0337777 -0.678923 0.996146 -0.430203 0.700957 0.297033 0.485127
1305032373.867293 -0.0362246 -0.679834 0.990832 -0.430999 0.699352 0.295778 0.487498
1305032373.899270 -0.0460569 -0.680971 0.989785 -0.430346 0.702935 0.287729 0.487738
1305032373.935073 -0.0560819 -0.684808 0.991973 -0.431217 0.706501 0.281793 0.485276
1305032373.967085 -0.0649243 -0.687846 0.993711 -0.431511 0.708 0.275315 0.486547
1305032373.999199 -0.0777657 -0.690151 0.996195 -0.429776 0.710784 0.267537 0.488361
1305032374.031187 -0.0950266 -0.689292 0.998109 -0.428914 0.713569 0.259613 0.489332
1305032374.066725 -0.10954 -0.688174 0.996592 -0.433016 0.715335 0.248192 0.489068
1305032374.098933 -0.121515 -0.691864 1.00106 -0.437907 0.717519 0.23412 0.488451
1305032374.134653 -0.137146 -0.690997 1.00802 -0.439585 0.718869 0.221266 0.490946
1305032374.165256 -0.154738 -0.688983 1.01031 -0.433929 0.722813 0.212903 0.493874
1305032374.198931 -0.172153 -0.687468 1.01696 -0.427021 0.726075 0.205835 0.49809
1305032374.234571 -0.193134 -0.682036 1.01853 -0.419504 0.725631 0.198703 0.507911
1305032374.266232 -0.215911 -0.67558 1.02054 -0.411285 0.725693 0.191151 0.517355
1305032374.295091 -0.239232 -0.668202 1.02244 -0.402991 0.724469 0.187678 0.526783
1305032374.334758 -0.260343 -0.659812 1.0218 -0.397234 0.721919 0.18225 0.536476
1305032374.364907 -0.281948 -0.650584 1.02218 -0.39136 0.719908 0.171212 0.547021
1305032374.399126 -0.30659 -0.641848 1.02233 -0.384311 0.71657 0.156026 0.560773
1305032374.434942 -0.338413 -0.626246 1.01866 -0.37597 0.713607 0.142045 0.573774
1305032374.465697 -0.362471 -0.617361 1.01665 -0.368904 0.712539 0.134747 0.581399
1305032374.498778 -0.39128 -0.60683 1.01508 -0.35568 0.713391 0.125858 0.590514
1305032374.534408 -0.427827 -0.589564 1.00519 -0.342105 0.712046 0.120363 0.60121
1305032374.565648 -0.457205 -0.572701 0.995816 -0.33415 0.712125 0.119943 0.605656
1305032374.605154 -0.485644 -0.55857 0.985384 -0.327159 0.715638 0.119614 0.605396
1305032374.634454 -0.510176 -0.546528 0.978709 -0.320404 0.720169 0.118189 0.603916
1305032374.666026 -0.533838 -0.535168 0.971621 -0.310505 0.723646 0.113505 0.605825
1305032374.699355 -0.563155 -0.518607 0.961978 -0.29674 0.727896 0.107515 0.608716
1305032374.733811 -0.58784 -0.502435 0.95415 -0.284518 0.733504 0.105866 0.608112
1305032374.764278 -0.609732 -0.485122 0.94553 -0.271248 0.73874 0.100428 0.608759
1305032374.799002 -0.637509 -0.462799 0.937929 -0.259489 0.743896 0.0907554 0.609123
1305032374.833082 -0.65856 -0.44481 0.931635 -0.252145 0.748207 0.0863529 0.607565
1305032374.865385 -0.678003 -0.424208 0.924638 -0.243893 0.751533 0.0823769 0.607381
1305032374.902777 -0.697003 -0.40576 0.918358 -0.237896 0.754934 0.0821944 0.605562
1305032374.934055 -0.713474 -0.384721 0.910629 -0.231728 0.759315 0.0820762 0.602487
1305032374.963033 -0.729258 -0.364779 0.906892 -0.220529 0.764354 0.0837297 0.600084
1305032375.002817 -0.745451 -0.346244 0.900999 -0.210603 0.768695 0.0928102 0.596759
1305032375.033887 -0.756372 -0.327373 0.897164 -0.199666 0.774287 0.102302 0.591716
1305032375.063190 -0.766462 -0.307593 0.890285 -0.18819 0.779585 0.108233 0.587449
1305032375.102173 -0.775882 -0.288658 0.88691 -0.180611 0.784993 0.114793 0.581348
1305032375.133604 -0.781383 -0.275129 0.885203 -0.173863 0.789433 0.119043 0.576521
1305032375.165423 -0.788995 -0.261795 0.882219 -0.169795 0.792999 0.112223 0.5742
1305032375.200434 -0.797335 -0.24658 0.883513 -0.16612 0.798028 0.10079 0.570416
1305032375.233840 -0.801737 -0.235418 0.883145 -0.16459 0.800813 0.0942688 0.568068
1305032375.266195 -0.806381 -0.219833 0.883371 -0.161173 0.803548 0.0859103 0.566507
1305032375.301769 -0.812756 -0.202672 0.88452 -0.156103 0.804702 0.0801937 0.567128
1305032375.333732 -0.816006 -0.188077 0.884747 -0.152997 0.804187 0.0758277 0.569301
1305032375.365885 -0.817816 -0.175365 0.886094 -0.149867 0.803938 0.0689412 0.571357
1305032375.402005 -0.825429 -0.161137 0.887076 -0.142107 0.801196 0.0590375 0.578258
1305032375.434228 -0.830046 -0.151067 0.887601 -0.135853 0.796505 0.0445884 0.587464
1305032375.465844 -0.833303 -0.140653 0.890312 -0.13309 0.792051 0.0332994 0.594825
1305032375.499846 -0.832559 -0.131421 0.891594 -0.129406 0.788017 0.0231032 0.601443
1305032375.532923 -0.834634 -0.123335 0.893339 -0.122129 0.784407 0.0098739 0.608012
1305032375.564754 -0.839258 -0.11137 0.893467 -0.113833 0.780689 0.00125287 0.614452
1305032375.601530 -0.839209 -0.103612 0.892957 -0.109059 0.777439 -0.00408196 0.619406
1305032375.633994 -0.841737 -0.0944496 0.891503 -0.105611 0.775686 -0.00868197 0.622146
1305032375.665634 -0.843711 -0.0859763 0.888708 -0.100344 0.774861 -0.0141581 0.623943
1305032375.701032 -0.845655 -0.0748389 0.884043 -0.0915776 0.775047 -0.0183246 0.624951
1305032375.733424 -0.849433 -0.0654408 0.88061 -0.0856579 0.775795 -0.0198617 0.624815
1305032375.765813 -0.849673 -0.0543575 0.875135 -0.0829021 0.775437 -0.0224267 0.625544
1305032375.801369 -0.85244 -0.044659 0.870367 -0.0797628 0.774861 -0.0252576 0.62656
1305032375.833207 -0.85419 -0.0341957 0.86466 -0.075539 0.774397 -0.0279825 0.627537
1305032375.871496 -0.857312 -0.0228143 0.859951 -0.0709784 0.774363 -0.0312067 0.62796
1305032375.901646 -0.85955 -0.0134302 0.857674 -0.062035 0.773638 -0.0362548 0.629528
1305032375.933407 -0.864665 -0.00189198 0.853483 -0.0477203 0.771231 -0.0420487 0.633358
1305032375.970923 -0.870911 0.0105237 0.847851 -0.0379256 0.768636 -0.0407672 0.637248
1305032375.998893 -0.874258 0.0223942 0.843402 -0.0303549 0.766134 -0.0404336 0.640677
1305032376.032870 -0.880518 0.0370677 0.837647 -0.0154941 0.763716 -0.0397004 0.644134
1305032376.071463 -0.886532 0.0482772 0.830994 -0.00425104 0.763346 -0.0344889 0.645044
1305032376.102191 -0.891464 0.0587051 0.825961 0.000976757 0.764901 -0.0301334 0.643431
1305032376.133788 -0.895327 0.068063 0.822375 0.00767061 0.765644 -0.0286132 0.642572
1305032376.169914 -0.90397 0.0795055 0.816818 0.0165463 0.766378 -0.0255437 0.641657
1305032376.199876 -0.907239 0.0919638 0.810425 0.020285 0.768898 -0.0223635 0.638647
1305032376.230465 -0.909524 0.0980638 0.80714 0.0249597 0.771278 -0.019767 0.63569
1305032376.273911 -0.915179 0.111077 0.804358 0.0340431 0.772775 -0.0160386 0.633551
1305032376.301938 -0.918458 0.123932 0.800969 0.0346338 0.774647 -0.0123841 0.631311
1305032376.333881 -0.917458 0.131975 0.80075 0.0369367 0.77583 -0.0098941 0.629769
1305032376.373272 -0.919827 0.141053 0.799508 0.0424869 0.775764 -0.00630065 0.629547
1305032376.401634 -0.919566 0.148854 0.798677 0.0456766 0.776425 -0.0071463 0.628499
1305032376.433772 -0.920806 0.154452 0.797975 0.0523141 0.776695 -0.00833522 0.627632
1305032376.470927 -0.918769 0.161236 0.796832 0.0621671 0.777048 -0.0116611 0.626243
1305032376.502274 -0.917223 0.169357 0.796032 0.0745081 0.778512 -0.0174202 0.622935
1305032376.534012 -0.918095 0.175165 0.796442 0.0882936 0.779494 -0.0234579 0.619699
1305032376.570435 -0.918339 0.181619 0.797249 0.0996288 0.778878 -0.029412 0.618501
1305032376.602018 -0.918717 0.186774 0.799456 0.10504 0.778478 -0.0361277 0.617751
1305032376.633878 -0.918382 0.193554 0.801488 0.1129 0.777624 -0.0429065 0.617007
1305032376.670038 -0.917815 0.202264 0.804168 0.121588 0.775842 -0.046353 0.617349
1305032376.702106 -0.917497 0.209219 0.805882 0.12434 0.773931 -0.0489099 0.619002
1305032376.734286 -0.915104 0.21646 0.807829 0.12786 0.771814 -0.0511509 0.620743
1305032376.770230 -0.913813 0.225683 0.81024 0.132246 0.76872 -0.0535519 0.623456
1305032376.802346 -0.91166 0.232506 0.811986 0.132808 0.767183 -0.0564511 0.624973
1305032376.833992 -0.908858 0.240176 0.813 0.135062 0.766073 -0.0597498 0.625545
1305032376.870589 -0.907017 0.248187 0.813721 0.140375 0.763776 -0.0622278 0.626937
1305032376.901913 -0.904043 0.255757 0.815043 0.142168 0.763143 -0.0642846 0.627098
1305032376.933692 -0.900382 0.26198 0.814051 0.143382 0.76239 -0.0653499 0.627629
1305032376.970386 -0.897714 0.26764 0.813611 0.146854 0.760426 -0.0690444 0.628811
1305032376.999115 -0.894066 0.273432 0.813295 0.15063 0.75981 -0.073827 0.628118
1305032377.033983 -0.892356 0.27616 0.812888 0.15321 0.759373 -0.0760051 0.627762
1305032377.070323 -0.888762 0.283221 0.812075 0.157945 0.756856 -0.0791262 0.629242
1305032377.102669 -0.886576 0.286676 0.812955 0.16178 0.754718 -0.0813656 0.630548
1305032377.138244 -0.882108 0.291054 0.810707 0.162817 0.753855 -0.0799027 0.6315
1305032377.170226 -0.880588 0.294783 0.810992 0.16382 0.752744 -0.077808 0.632825
1305032377.201999 -0.878258 0.298835 0.811444 0.164107 0.752129 -0.0756522 0.633744
1305032377.240571 -0.875203 0.301185 0.810307 0.162861 0.752442 -0.0738053 0.633912
1305032377.270905 -0.871785 0.301429 0.810061 0.166162 0.751033 -0.0734212 0.634769
1305032377.301796 -0.872525 0.29959 0.811243 0.166903 0.749643 -0.0716716 0.636416
1305032377.340942 -0.870689 0.296035 0.811746 0.161657 0.749845 -0.0694433 0.637777
1305032377.370316 -0.868175 0.293544 0.812232 0.159697 0.748509 -0.06784 0.640011
1305032377.401804 -0.868376 0.286602 0.812663 0.157094 0.747124 -0.0672333 0.642332
1305032377.439875 -0.868768 0.277089 0.812843 0.149534 0.747604 -0.065174 0.643789
1305032377.472533 -0.86815 0.268781 0.811984 0.144379 0.747125 -0.0651229 0.645525
1305032377.501559 -0.869882 0.255042 0.811844 0.140203 0.746218 -0.0642422 0.647579
1305032377.537201 -0.869791 0.240857 0.809218 0.132058 0.746911 -0.0630529 0.648609
1305032377.569572 -0.86973 0.227215 0.808446 0.124167 0.747051 -0.062016 0.650104
1305032377.602349 -0.871212 0.211521 0.806993 0.116729 0.745541 -0.0613654 0.653271
1305032377.640524 -0.872642 0.195142 0.803977 0.107517 0.745923 -0.0597798 0.65456
1305032377.669877 -0.872969 0.177175 0.800428 0.0970607 0.746635 -0.0567241 0.655655
1305032377.701705 -0.872673 0.158269 0.796637 0.0868871 0.745686 -0.0558552 0.658232
1305032377.737307 -0.873492 0.14035 0.791131 0.0749876 0.745529 -0.0548043 0.659959
1305032377.769318 -0.872393 0.120145 0.785846 0.0616386 0.746468 -0.0541756 0.660333
1305032377.801678 -0.871041 0.101603 0.781135 0.0520135 0.745857 -0.0543963 0.661831
1305032377.837451 -0.871687 0.0830275 0.774366 0.0416293 0.745451 -0.0525791 0.663168
1305032377.869348 -0.868429 0.0619805 0.76806 0.0275567 0.745817 -0.0505528 0.663648
1305032377.901238 -0.865257 0.0429047 0.761595 0.0137475 0.744489 -0.0495523 0.665642
1305032377.940265 -0.863478 0.0235082 0.754614 0.00106147 0.742633 -0.0467475 0.668053
1305032377.969308 -0.861121 0.0046631 0.74837 -0.013013 0.741533 -0.0432525 0.669385
1305032378.001243 -0.855334 -0.0167194 0.744196 -0.0282455 0.740025 -0.040411 0.67076
1305032378.040183 -0.852758 -0.0375515 0.737438 -0.0428088 0.736999 -0.039479 0.673371
1305032378.068725 -0.849776 -0.0521393 0.730824 -0.0571748 0.734842 -0.0371621 0.674792
1305032378.101420 -0.844769 -0.072772 0.723774 -0.0717858 0.733231 -0.0327866 0.675375
1305032378.139924 -0.836685 -0.094746 0.718916 -0.0817309 0.731926 -0.0309956 0.675744
1305032378.169193 -0.831017 -0.110773 0.714287 -0.088967 0.728869 -0.028508 0.678241
1305032378.202266 -0.82401 -0.129522 0.706545 -0.099565 0.724155 -0.0251334 0.681941
1305032378.237421 -0.817753 -0.146041 0.70093 -0.111559 0.719327 -0.0230419 0.685259
1305032378.269616 -0.811212 -0.161499 0.696134 -0.12525 0.712503 -0.0190148 0.690129
1305032378.306182 -0.799204 -0.175408 0.693544 -0.13711 0.703967 -0.0160375 0.696681
1305032378.340777 -0.79413 -0.190703 0.686971 -0.149644 0.693342 -0.0144724 0.704743
1305032378.367690 -0.791546 -0.207188 0.677959 -0.167625 0.683043 -0.0102174 0.710803
1305032378.406284 -0.783739 -0.223047 0.669982 -0.186154 0.67374 -0.000289791 0.715129
1305032378.438513 -0.775073 -0.239336 0.664143 -0.201028 0.66488 0.00962124 0.71932
1305032378.470434 -0.770611 -0.25735 0.6571 -0.216599 0.655727 0.0160942 0.723076
1305032378.504807 -0.760806 -0.277296 0.651914 -0.234788 0.646894 0.0210331 0.725226
1305032378.539167 -0.751136 -0.297231 0.64838 -0.25062 0.636413 0.0192445 0.729238
1305032378.570470 -0.742575 -0.319064 0.644443 -0.268119 0.624692 0.0151788 0.733235
1305032378.607040 -0.735345 -0.340208 0.640796 -0.286522 0.614644 0.0143768 0.73478
1305032378.640593 -0.728147 -0.359893 0.637498 -0.303932 0.605486 0.0174321 0.735323
1305032378.674045 -0.719982 -0.381676 0.635529 -0.322939 0.597857 0.022184 0.733333
1305032378.708133 -0.707537 -0.40852 0.638938 -0.34008 0.592405 0.0246904 0.729921
1305032378.741855 -0.696382 -0.428733 0.641741 -0.347028 0.588754 0.0255231 0.729575
1305032378.774289 -0.683989 -0.449098 0.646181 -0.350029 0.586137 0.0303705 0.730063
1305032378.811244 -0.670888 -0.467943 0.650319 -0.350732 0.583336 0.0327958 0.731862
1305032378.840101 -0.662444 -0.48452 0.65319 -0.349753 0.580615 0.0332061 0.734472
1305032378.871857 -0.65249 -0.49747 0.658135 -0.351492 0.576927 0.0338945 0.736512
1305032378.907789 -0.641694 -0.507529 0.665442 -0.353893 0.56888 0.0288645 0.741818
1305032378.938846 -0.633408 -0.516665 0.670143 -0.35867 0.555763 0.0179357 0.749769
1305032378.971348 -0.624684 -0.525356 0.673703 -0.367972 0.540249 0.00330494 0.756776
1305032379.007038 -0.614248 -0.533334 0.676617 -0.378165 0.525233 -0.0132554 0.762194
1305032379.038668 -0.606706 -0.540217 0.676695 -0.387527 0.514766 -0.0240156 0.764366
1305032379.071271 -0.595719 -0.544544 0.677104 -0.397982 0.508077 -0.0248111 0.763443
1305032379.106727 -0.582792 -0.553049 0.679062 -0.402281 0.504795 -0.019256 0.763528
1305032379.138937 -0.569827 -0.561023 0.679207 -0.403283 0.504009 -0.00830158 0.763716
1305032379.170930 -0.559445 -0.573982 0.677265 -0.405038 0.505238 0.00652236 0.76199
1305032379.206680 -0.545236 -0.585155 0.678765 -0.409075 0.50777 0.0202758 0.757898
1305032379.238614 -0.529449 -0.599884 0.684748 -0.410841 0.509479 0.0292612 0.755499
1305032379.271270 -0.516959 -0.611086 0.689096 -0.408969 0.510231 0.0334761 0.755831
1305032379.310742 -0.503207 -0.62383 0.696178 -0.407587 0.508076 0.035567 0.75793
1305032379.342450 -0.487929 -0.634697 0.701891 -0.406877 0.500019 0.0294438 0.76391
1305032379.373747 -0.476571 -0.644248 0.706343 -0.407433 0.49045 0.015425 0.770203
1305032379.406812 -0.470059 -0.658774 0.709606 -0.410955 0.482876 0.00177518 0.773264
1305032379.440732 -0.461698 -0.666288 0.71579 -0.417224 0.476847 -0.00844865 0.773604
1305032379.472994 -0.45133 -0.674427 0.721955 -0.423361 0.469639 -0.018048 0.774515
1305032379.507528 -0.445345 -0.678302 0.733321 -0.425872 0.461767 -0.0313979 0.77744
1305032379.539852 -0.440535 -0.678966 0.74436 -0.422679 0.449371 -0.0450668 0.78573
1305032379.575545 -0.435907 -0.687078 0.749108 -0.417901 0.434704 -0.0532794 0.795957
1305032379.607089 -0.432917 -0.690985 0.752177 -0.413245 0.426261 -0.0551713 0.802796
1305032379.641416 -0.430083 -0.692456 0.750702 -0.410436 0.419514 -0.0550656 0.807783
1305032379.676703 -0.426297 -0.700016 0.744473 -0.408462 0.414827 -0.0564565 0.811101
1305032379.707878 -0.425397 -0.701648 0.737024 -0.410228 0.410721 -0.0622706 0.811874
1305032379.738599 -0.425695 -0.705693 0.729144 -0.41354 0.405821 -0.073194 0.811746
1305032379.775239 -0.429622 -0.707288 0.712067 -0.415723 0.404558 -0.0825961 0.810358
1305032379.807815 -0.431457 -0.708916 0.699154 -0.422315 0.408394 -0.0845633 0.804803
1305032379.839500 -0.432415 -0.710742 0.684247 -0.428817 0.412117 -0.081846 0.799732
1305032379.875565 -0.432403 -0.711328 0.673415 -0.435309 0.414028 -0.0794505 0.795467
1305032379.903833 -0.431699 -0.713364 0.66319 -0.440512 0.415689 -0.0764007 0.792029
1305032379.940009 -0.4311 -0.71158 0.654588 -0.445343 0.417613 -0.0745194 0.788486
1305032379.976659 -0.430071 -0.711848 0.6446 -0.448881 0.420114 -0.0752184 0.785077
1305032380.007756 -0.432717 -0.715303 0.633664 -0.452405 0.42415 -0.0742248 0.780968
1305032380.040494 -0.433179 -0.710594 0.626343 -0.455959 0.427136 -0.0733572 0.777348
1305032380.076762 -0.43469 -0.705885 0.620326 -0.457501 0.428898 -0.073259 0.775478
1305032380.107291 -0.436818 -0.700615 0.612238 -0.45802 0.428191 -0.0724373 0.77564
1305032380.140050 -0.43988 -0.694996 0.60822 -0.458146 0.424872 -0.0722542 0.777406
1305032380.176572 -0.443164 -0.690805 0.606549 -0.456603 0.419337 -0.0746407 0.781085
1305032380.207110 -0.445067 -0.685187 0.602979 -0.452015 0.411641 -0.0801379 0.787278
1305032380.239460 -0.447144 -0.680007 0.597037 -0.446758 0.405962 -0.0845485 0.792748
1305032380.276664 -0.450354 -0.672804 0.592373 -0.439344 0.403999 -0.0852318 0.797804
1305032380.307734 -0.454492 -0.666741 0.583582 -0.430123 0.403014 -0.077667 0.804075
1305032380.339866 -0.455814 -0.654416 0.5757 -0.422306 0.403068 -0.0640367 0.809375
1305032380.375602 -0.454129 -0.641766 0.573919 -0.413455 0.404206 -0.0513365 0.814268
1305032380.407488 -0.458764 -0.629424 0.571539 -0.398454 0.403966 -0.0411528 0.822404
1305032380.439180 -0.461939 -0.617582 0.560327 -0.383343 0.400009 -0.0287863 0.83199
1305032380.473087 -0.46274 -0.606479 0.555412 -0.370429 0.395108 -0.0226458 0.840331
1305032380.507283 -0.465077 -0.591271 0.545045 -0.34852 0.391481 -0.0225737 0.85133
1305032380.539774 -0.472438 -0.566413 0.521455 -0.334557 0.389643 -0.0200042 0.857815
1305032380.576395 -0.473199 -0.547891 0.513313 -0.336156 0.390403 -0.018331 0.856881
1305032380.609316 -0.472127 -0.532675 0.505987 -0.333929 0.393885 -0.021826 0.856076
1305032380.639507 -0.474231 -0.511945 0.495501 -0.330457 0.399275 -0.0259922 0.854809
1305032380.675545 -0.471689 -0.493541 0.495278 -0.326145 0.401703 -0.0338485 0.855052
1305032380.707658 -0.471377 -0.472057 0.486938 -0.31152 0.400578 -0.0442962 0.860539
1305032380.739529 -0.470173 -0.452141 0.48025 -0.299087 0.39909 -0.0543193 0.865055
1305032380.776434 -0.472366 -0.431862 0.469896 -0.280284 0.397581 -0.0579991 0.871782
1305032380.803780 -0.475756 -0.40754 0.447432 -0.270381 0.396327 -0.0545975 0.875691
1305032380.843621 -0.470554 -0.389591 0.444197 -0.269653 0.398707 -0.0514702 0.875024
1305032380.876451 -0.4687 -0.374812 0.437022 -0.258342 0.400181 -0.0502134 0.877833
1305032380.906774 -0.469205 -0.359369 0.420816 -0.245938 0.401159 -0.0484914 0.881041
1305032380.944580 -0.46812 -0.344011 0.408766 -0.235892 0.406971 -0.046339 0.881237
1305032380.976235 -0.469839 -0.330672 0.391926 -0.221945 0.416539 -0.0421919 0.880598
1305032381.010534 -0.470861 -0.311457 0.377368 -0.210262 0.426511 -0.040824 0.878754
1305032381.043413 -0.474917 -0.298035 0.362724 -0.200458 0.437166 -0.0356347 0.87603
1305032381.075126 -0.476262 -0.279092 0.353926 -0.190903 0.447432 -0.0279409 0.873256
1305032381.107139 -0.4816 -0.264522 0.341653 -0.182792 0.455589 -0.0178352 0.871036
1305032381.143098 -0.486137 -0.247842 0.331645 -0.17647 0.464975 -0.00375775 0.867548
1305032381.175951 -0.493258 -0.234036 0.32297 -0.170487 0.475257 0.0123146 0.863081
1305032381.206840 -0.502502 -0.219274 0.315983 -0.164312 0.48458 0.0308876 0.858619
1305032381.244183 -0.511499 -0.209221 0.31258 -0.162972 0.489567 0.0458491 0.85537
1305032381.275997 -0.520225 -0.199604 0.308088 -0.161897 0.493374 0.0513739 0.85307
1305032381.309728 -0.530566 -0.192909 0.305619 -0.156145 0.499901 0.0576662 0.849935
1305032381.341217 -0.541522 -0.185823 0.299193 -0.146248 0.504129 0.0673716 0.848483
1305032381.373199 -0.552292 -0.181078 0.291769 -0.140588 0.508974 0.0755386 0.845855
1305032381.408681 -0.563189 -0.177892 0.282168 -0.137679 0.516072 0.0800276 0.841609
1305032381.444067 -0.572617 -0.17508 0.269367 -0.134927 0.524654 0.0860131 0.836139
1305032381.474756 -0.582475 -0.178679 0.254167 -0.131157 0.535355 0.0910287 0.829399
1305032381.508685 -0.58924 -0.176898 0.245121 -0.122778 0.550929 0.0947464 0.820013
1305032381.545353 -0.596677 -0.178815 0.236227 -0.117232 0.564501 0.0963432 0.811362
1305032381.576827 -0.60564 -0.183695 0.230335 -0.110627 0.574938 0.0914484 0.805505
1305032381.608397 -0.613509 -0.186236 0.221777 -0.100152 0.585225 0.0903148 0.799575
1305032381.644906 -0.620961 -0.186621 0.217879 -0.0923853 0.59486 0.091167 0.793277
1305032381.675936 -0.628115 -0.191037 0.212589 -0.082175 0.603147 0.0893395 0.788336
1305032381.707240 -0.634574 -0.195335 0.209569 -0.0709107 0.609507 0.0854456 0.784962
1305032381.744570 -0.641506 -0.196713 0.205113 -0.0594851 0.611002 0.0811244 0.785207
1305032381.776694 -0.644769 -0.197844 0.199496 -0.0513694 0.611394 0.0786999 0.785722
1305032381.810015 -0.646508 -0.204599 0.192476 -0.0414746 0.610075 0.0761466 0.787581
1305032381.843860 -0.644344 -0.210039 0.188953 -0.0271663 0.609725 0.0737896 0.788699
1305032381.876540 -0.645836 -0.213915 0.177292 -0.0122721 0.608615 0.0767757 0.789643
1305032381.907470 -0.641635 -0.222848 0.167145 -0.00109105 0.610696 0.0756654 0.788237
1305032381.943636 -0.635967 -0.226022 0.159943 0.0145106 0.614406 0.0689316 0.785834
1305032381.975700 -0.637167 -0.230579 0.151226 0.0300651 0.616248 0.0617052 0.784552
1305032382.007016 -0.637057 -0.235855 0.138245 0.0408024 0.619627 0.0571681 0.781744
1305032382.043778 -0.635193 -0.237659 0.130061 0.0527376 0.624027 0.0557004 0.777625
1305032382.076551 -0.635583 -0.239438 0.12257 0.0638717 0.628109 0.0553605 0.773516
1305032382.112595 -0.630144 -0.242269 0.10993 0.0746043 0.629946 0.0580278 0.770861
1305032382.142801 -0.629866 -0.239363 0.10272 0.0798761 0.632832 0.05917 0.767876
1305032382.175194 -0.63011 -0.23864 0.0957024 0.0801938 0.634924 0.0627092 0.765833
1305032382.212343 -0.624404 -0.237736 0.0883247 0.0758804 0.63477 0.0688341 0.765874
1305032382.244823 -0.625091 -0.243638 0.0787053 0.0681419 0.634165 0.0745008 0.766573
1305032382.275045 -0.615818 -0.239223 0.0717135 0.05615 0.631775 0.0785407 0.769111
1305032382.311569 -0.600355 -0.245256 0.0636451 0.0413324 0.626214 0.0842731 0.773976
1305032382.343035 -0.584098 -0.245361 0.0588214 0.0263863 0.618672 0.0862044 0.780455
1305032382.375765 -0.579882 -0.251955 0.0562221 0.00540513 0.61009 0.0868751 0.787532
1305032382.411673 -0.559602 -0.24902 0.0545712 -0.0127928 0.59896 0.0888479 0.795728
1305032382.445108 -0.54336 -0.249727 0.0520764 -0.0327285 0.585431 0.0943351 0.804547
1305032382.476983 -0.51681 -0.258535 0.045784 -0.0546299 0.569522 0.101512 0.813849
1305032382.512630 -0.497521 -0.262445 0.0484149 -0.0759547 0.554251 0.103179 0.822427
1305032382.545000 -0.473395 -0.266094 0.0489898 -0.0998121 0.535628 0.106235 0.831775
1305032382.577082 -0.44259 -0.2769 0.0513979 -0.119379 0.517296 0.104192 0.841007
1305032382.614372 -0.416999 -0.285256 0.054951 -0.136918 0.501215 0.100507 0.848488
1305032382.644837 -0.389431 -0.294568 0.0615176 -0.15839 0.481868 0.103836 0.85553
1305032382.675979 -0.359482 -0.310445 0.0703604 -0.175131 0.46224 0.102095 0.863271
1305032382.713425 -0.32615 -0.331033 0.0735384 -0.186628 0.445311 0.0983757 0.870165
1305032382.744674 -0.301895 -0.345892 0.0829454 -0.196189 0.432322 0.0891947 0.875585
1305032382.776770 -0.274526 -0.363552 0.097476 -0.212714 0.416485 0.0771283 0.880535
1305032382.812185 -0.249135 -0.387704 0.112453 -0.22402 0.402418 0.060854 0.885533
1305032382.844824 -0.230391 -0.407941 0.125763 -0.231977 0.389118 0.0481058 0.890201
1305032382.875189 -0.211873 -0.430872 0.144366 -0.244367 0.373225 0.0362722 0.894243
1305032382.913733 -0.194912 -0.453487 0.159604 -0.251775 0.354586 0.0262226 0.900105
1305032382.943823 -0.180318 -0.475893 0.17889 -0.255586 0.334203 0.0157024 0.907048
1305032382.975989 -0.166072 -0.499242 0.188612 -0.259198 0.313279 0.0102347 0.913546
1305032383.012820 -0.154443 -0.515184 0.201947 -0.263944 0.294634 0.00952445 0.918386
1305032383.044130 -0.140917 -0.530387 0.217934 -0.271745 0.275313 0.00832422 0.92211
1305032383.077761 -0.131857 -0.545234 0.230508 -0.277369 0.258565 0.00518291 0.925301
1305032383.113060 -0.120396 -0.55799 0.244944 -0.280387 0.243624 0.00121298 0.928454
1305032383.144756 -0.113523 -0.567824 0.253939 -0.277373 0.228746 -0.00321694 0.933128
1305032383.177793 -0.108812 -0.57393 0.253969 -0.281776 0.212691 -0.00421183 0.935599
1305032383.213287 -0.100558 -0.58298 0.259281 -0.295584 0.195445 -0.0104234 0.935051
1305032383.243505 -0.091819 -0.592232 0.264946 -0.309093 0.182834 -0.0208424 0.933058
1305032383.279376 -0.0858582 -0.588116 0.277846 -0.317112 0.172998 -0.0333473 0.931879
1305032383.311447 -0.0859372 -0.598509 0.287248 -0.322085 0.160481 -0.0439928 0.931971
1305032383.341434 -0.0856232 -0.604977 0.296592 -0.322416 0.145141 -0.050934 0.934016
1305032383.379477 -0.080261 -0.613009 0.299136 -0.321318 0.128371 -0.0553308 0.936597
1305032383.411502 -0.0739048 -0.623047 0.301524 -0.322338 0.111516 -0.0616285 0.93801
1305032383.443669 -0.0707321 -0.629608 0.305027 -0.322158 0.0976136 -0.0690869 0.939102
1305032383.479196 -0.0663582 -0.636787 0.307025 -0.324034 0.0837357 -0.0757331 0.939284
1305032383.511381 -0.0579276 -0.647342 0.305527 -0.325074 0.0721612 -0.0825732 0.939309
1305032383.544691 -0.0542135 -0.659128 0.30022 -0.329016 0.0652249 -0.087547 0.937992
1305032383.579562 -0.0571456 -0.665095 0.309181 -0.330091 0.0576048 -0.0954493 0.937342
1305032383.613124 -0.056605 -0.670693 0.305091 -0.322122 0.0479422 -0.0936587 0.940833
1305032383.644735 -0.0562206 -0.675254 0.302051 -0.321309 0.0373073 -0.0866347 0.942264
1305032383.679654 -0.0569174 -0.681109 0.301941 -0.322236 0.0229412 -0.0860809 0.942458
1305032383.712037 -0.0581573 -0.687842 0.297625 -0.323218 0.00723486 -0.0896516 0.94204
1305032383.742653 -0.0611453 -0.694303 0.294368 -0.329664 -0.0072204 -0.09312 0.939467
1305032383.778285 -0.0644458 -0.6975 0.298016 -0.337484 -0.0197929 -0.0961869 0.936194
1305032383.812039 -0.0670137 -0.702164 0.299489 -0.342309 -0.0309642 -0.0986403 0.933882
1305032383.843925 -0.0706633 -0.702111 0.302622 -0.344032 -0.041855 -0.101472 0.932519
1305032383.878906 -0.0696555 -0.706488 0.300274 -0.346151 -0.0528017 -0.102925 0.931019
1305032383.911427 -0.0691723 -0.706903 0.301231 -0.348014 -0.0602262 -0.10352 0.929807
1305032383.943289 -0.0660757 -0.706615 0.300247 -0.348453 -0.0643499 -0.101042 0.929639
1305032383.979220 -0.066351 -0.701132 0.29855 -0.348799 -0.065131 -0.0967947 0.929907
1305032384.011402 -0.062532 -0.699909 0.297445 -0.35153 -0.0666238 -0.090344 0.929422
1305032384.042763 -0.0596647 -0.697655 0.298081 -0.352521 -0.0668825 -0.0837098 0.929649
1305032384.079025 -0.0569488 -0.690962 0.294849 -0.351825 -0.0671811 -0.0768925 0.930479
1305032384.112211 -0.052594 -0.689055 0.296044 -0.353194 -0.0691518 -0.0719809 0.930209
1305032384.143402 -0.0501931 -0.685669 0.296521 -0.352336 -0.0704638 -0.066472 0.930846
1305032384.179113 -0.0443126 -0.684567 0.294795 -0.350944 -0.0717588 -0.0595613 0.931741
1305032384.211262 -0.042415 -0.679077 0.298096 -0.347622 -0.0714256 -0.056726 0.933187
1305032384.241759 -0.0391118 -0.678506 0.296675 -0.343431 -0.0729129 -0.0545564 0.934752
1305032384.278407 -0.0394719 -0.676498 0.297444 -0.339528 -0.0732293 -0.0526037 0.936264
1305032384.308313 -0.0373717 -0.679112 0.296537 -0.3327 -0.0742121 -0.0494199 0.938808
1305032384.341175 -0.0315175 -0.675994 0.292521 -0.322757 -0.077666 -0.0438402 0.94227
1305032384.375647 -0.025055 -0.668756 0.287323 -0.315075 -0.0800175 -0.0386763 0.944896
1305032384.411880 -0.0192095 -0.659184 0.2813 -0.310649 -0.0806834 -0.0375163 0.94635
1305032384.444075 -0.0146962 -0.651295 0.279244 -0.308829 -0.0817226 -0.0387392 0.946808
1305032384.479096 -0.0113123 -0.641908 0.272842 -0.306233 -0.0844733 -0.0433079 0.947211
1305032384.512157 -0.00695489 -0.629126 0.269555 -0.304957 -0.0877685 -0.0470781 0.947144
1305032384.544929 -0.00488783 -0.61353 0.266549 -0.303216 -0.0885348 -0.0475358 0.947608
1305032384.580765 -0.00178345 -0.604449 0.256423 -0.302323 -0.0912096 -0.0489655 0.947567
1305032384.613105 0.00533928 -0.588296 0.253193 -0.303111 -0.0932538 -0.0484401 0.947143
1305032384.647706 0.00994875 -0.575015 0.252811 -0.302298 -0.0931826 -0.0454062 0.94756
1305032384.679303 0.0150052 -0.561501 0.244296 -0.298763 -0.091926 -0.038219 0.94912
1305032384.712109 0.0202513 -0.547957 0.239457 -0.295867 -0.0931504 -0.0291498 0.950229
1305032384.746434 0.027312 -0.537108 0.23587 -0.292002 -0.0941466 -0.0198284 0.951566
1305032384.778315 0.0340874 -0.524026 0.231122 -0.283218 -0.0922491 -0.0113727 0.954541
1305032384.811269 0.0399118 -0.513103 0.22599 -0.27314 -0.0925611 -0.0030485 0.957506
1305032384.846699 0.0481336 -0.496971 0.223147 -0.25663 -0.0957079 0.00129331 0.961758
1305032384.879179 0.0555188 -0.482223 0.215378 -0.238689 -0.0977067 0.0060148 0.966149
1305032384.911051 0.0642077 -0.467201 0.20585 -0.221411 -0.0998942 0.0110105 0.969988
1305032384.947623 0.0729816 -0.45064 0.197684 -0.205312 -0.0998899 0.0158637 0.973456
1305032384.979039 0.0821347 -0.435934 0.188278 -0.190869 -0.0992089 0.0209928 0.976364
1305032385.011611 0.092185 -0.418887 0.179397 -0.177099 -0.097378 0.0248946 0.979047
1305032385.047788 0.101848 -0.407028 0.170091 -0.166038 -0.094114 0.0291726 0.981184
1305032385.079238 0.109743 -0.3916 0.159185 -0.153375 -0.0925799 0.0352294 0.983191
1305032385.110028 0.120148 -0.37659 0.148297 -0.145275 -0.0900843 0.040011 0.984469
1305032385.147955 0.129133 -0.358582 0.144239 -0.137115 -0.0861573 0.044187 0.985811
1305032385.180315 0.138417 -0.346263 0.134837 -0.128517 -0.0822317 0.0488619 0.987083
1305032385.212521 0.146789 -0.33027 0.127606 -0.12255 -0.0771189 0.0525299 0.988066
1305032385.247861 0.156096 -0.317802 0.11996 -0.115017 -0.0741849 0.0558271 0.989015
1305032385.279278 0.165884 -0.302757 0.113049 -0.103787 -0.0714105 0.0544086 0.990539
1305032385.313088 0.172901 -0.281667 0.105381 -0.0952014 -0.0662643 0.0512047 0.991929
1305032385.347825 0.181431 -0.267117 0.0995813 -0.0889494 -0.063835 0.0453077 0.992955
1305032385.379172 0.187175 -0.253005 0.0957595 -0.0817386 -0.0623747 0.0413687 0.993839
1305032385.411331 0.193052 -0.239784 0.0912561 -0.070912 -0.0640659 0.033914 0.994845
1305032385.446560 0.19792 -0.222204 0.0869187 -0.0599806 -0.064737 0.0267095 0.99574
1305032385.478895 0.201513 -0.207218 0.0853586 -0.0528256 -0.0671188 0.0213091 0.996118
1305032385.512276 0.20655 -0.198769 0.0810188 -0.0417935 -0.071296 0.0150525 0.996466
1305032385.546621 0.210054 -0.183518 0.0778948 -0.0259879 -0.0758222 0.0126924 0.996702
1305032385.579100 0.211146 -0.166988 0.0759943 -0.0165455 -0.0813719 0.0101116 0.996495
1305032385.611944 0.213913 -0.146491 0.0772113 -0.0139699 -0.0861091 0.00909834 0.996146
1305032385.647972 0.213997 -0.130297 0.0788256 -0.0146946 -0.0895068 0.0110473 0.995817
1305032385.677687 0.216836 -0.115455 0.0795005 -0.0116627 -0.0969395 0.0163677 0.995087
1305032385.708060 0.220041 -0.100806 0.0786317 -0.0104799 -0.103427 0.0230285 0.994315
1305032385.743325 0.221335 -0.0859118 0.0796388 -0.0123852 -0.10913 0.0306009 0.993479
1305032385.779209 0.223352 -0.0722986 0.0811989 -0.0111476 -0.114763 0.0391693 0.992558
1305032385.816091 0.226701 -0.054349 0.0810863 -0.0101409 -0.115862 0.0520822 0.991847
1305032385.846913 0.231497 -0.0438694 0.0818889 -0.012142 -0.114847 0.0654772 0.991149
1305032385.879571 0.234126 -0.032245 0.0822484 -0.00473205 -0.112734 0.07817 0.990534
1305032385.915659 0.237172 -0.0180545 0.0829558 0.00330249 -0.112007 0.0951298 0.989138
1305032385.943376 0.241017 -0.00648926 0.0854341 0.00458135 -0.112248 0.10588 0.988013
1305032385.980099 0.241514 0.00223943 0.0901485 0.00878153 -0.110486 0.11103 0.987617
1305032386.014821 0.244534 0.0123605 0.0935284 0.0145451 -0.108996 0.116182 0.987122
1305032386.048023 0.248506 0.0228489 0.0953099 0.0196127 -0.107213 0.125181 0.986129
1305032386.080071 0.251996 0.0330559 0.100924 0.0205033 -0.104915 0.136005 0.984924
1305032386.115561 0.251799 0.0416352 0.10578 0.0219435 -0.104626 0.145281 0.983598
1305032386.148299 0.253273 0.0499174 0.109163 0.0241626 -0.110772 0.151285 0.981967
1305032386.179328 0.255366 0.058456 0.112414 0.0218672 -0.117905 0.154999 0.98061
1305032386.215559 0.256308 0.066721 0.11895 0.0169466 -0.127312 0.159326 0.978836
1305032386.243605 0.258403 0.0743874 0.122981 0.0129726 -0.137872 0.164685 0.976576
1305032386.278957 0.259457 0.0806636 0.128203 0.0079594 -0.150536 0.165124 0.974684
1305032386.315386 0.26209 0.0862294 0.133409 -0.000233669 -0.162043 0.164465 0.972982
1305032386.346831 0.264299 0.0899527 0.138003 -0.00655682 -0.174016 0.165969 0.970634
1305032386.379033 0.269282 0.092257 0.13965 -0.0162105 -0.18652 0.161368 0.968973
1305032386.415310 0.272327 0.0938376 0.143031 -0.0279045 -0.197262 0.15421 0.967744
1305032386.447187 0.276725 0.0934769 0.14505 -0.0360275 -0.208835 0.149417 0.965797
1305032386.479658 0.282136 0.0891725 0.148039 -0.0420183 -0.218645 0.139217 0.964908
1305032386.514929 0.287148 0.084398 0.151772 -0.0489566 -0.228715 0.132219 0.963229
1305032386.547514 0.292436 0.0760813 0.154874 -0.0515092 -0.241481 0.120189 0.961555
1305032386.578838 0.299716 0.0678992 0.157344 -0.0532486 -0.252289 0.109006 0.960017
1305032386.614264 0.30732 0.0580366 0.160986 -0.0576728 -0.262252 0.100343 0.958034
1305032386.646315 0.313663 0.047503 0.165994 -0.0584651 -0.271255 0.0927801 0.956239
1305032386.678968 0.323339 0.0375804 0.167612 -0.0572343 -0.276282 0.0852709 0.955574
1305032386.714163 0.33273 0.0281351 0.169822 -0.0600966 -0.280783 0.0801713 0.954527
1305032386.746448 0.344551 0.0173774 0.169932 -0.0650809 -0.28647 0.072532 0.95312
1305032386.778959 0.352101 0.00737742 0.175225 -0.0728095 -0.290781 0.0613333 0.952042
1305032386.814157 0.36081 -0.000412894 0.178884 -0.0803442 -0.294137 0.0532529 0.95089
1305032386.846480 0.37129 -0.0102193 0.182026 -0.0916888 -0.298441 0.0434741 0.949018
1305032386.878932 0.381245 -0.0190236 0.182913 -0.104565 -0.300469 0.0304051 0.947555
1305032386.915107 0.388768 -0.0269739 0.188709 -0.1223 -0.302122 0.0218605 0.945139
1305032386.947042 0.397546 -0.0363258 0.192066 -0.138756 -0.305392 0.0133113 0.941969
1305032386.979534 0.40698 -0.0456126 0.194743 -0.156306 -0.306781 0.000587026 0.938857
1305032387.015340 0.416502 -0.0638737 0.208474 -0.18946 -0.307963 -0.00729257 0.932314
1305032387.047204 0.423241 -0.0762533 0.214752 -0.201547 -0.309048 -0.00906001 0.929401
1305032387.083123 0.43128 -0.0925131 0.219217 -0.207989 -0.310302 -0.0138879 0.927502
1305032387.115144 0.439938 -0.109794 0.223874 -0.21444 -0.312961 -0.0236136 0.924939
1305032387.146938 0.447081 -0.125221 0.23397 -0.22214 -0.314847 -0.037068 0.922036
1305032387.183366 0.454618 -0.140402 0.241142 -0.229584 -0.31429 -0.0480001 0.919896
1305032387.211762 0.46365 -0.158147 0.247132 -0.233442 -0.311071 -0.056365 0.919544
1305032387.243500 0.47304 -0.178325 0.256446 -0.237195 -0.308635 -0.0645245 0.918868
1305032387.283242 0.480879 -0.198217 0.266084 -0.240675 -0.306709 -0.0753746 0.917781
1305032387.315110 0.487767 -0.212974 0.27242 -0.244348 -0.304585 -0.0863929 0.916546
1305032387.347681 0.495938 -0.22876 0.278438 -0.252613 -0.302375 -0.0954404 0.914137
1305032387.382764 0.49973 -0.244555 0.28761 -0.260908 -0.301144 -0.104849 0.911178
1305032387.414331 0.506273 -0.260774 0.296453 -0.26665 -0.302184 -0.112104 0.908303
1305032387.443532 0.510733 -0.275754 0.304397 -0.272659 -0.303461 -0.120065 0.90507
1305032387.482745 0.514584 -0.29057 0.313085 -0.278737 -0.303728 -0.127478 0.902111
1305032387.511705 0.519639 -0.304982 0.320522 -0.281875 -0.305025 -0.134037 0.899744
1305032387.543542 0.52207 -0.316658 0.328735 -0.282832 -0.309703 -0.140779 0.896811
1305032387.583132 0.519554 -0.333991 0.341675 -0.286125 -0.316601 -0.151947 0.891519
1305032387.614697 0.522658 -0.349227 0.349167 -0.288103 -0.324136 -0.160965 0.886578
1305032387.646620 0.522969 -0.359743 0.357459 -0.288894 -0.332053 -0.17061 0.881573
1305032387.682795 0.524537 -0.372639 0.365979 -0.289922 -0.341032 -0.179276 0.876071
1305032387.715088 0.528832 -0.385444 0.373237 -0.292621 -0.349699 -0.18568 0.870405
1305032387.746770 0.531072 -0.395794 0.381872 -0.297491 -0.356364 -0.191853 0.864693
1305032387.782837 0.531367 -0.404467 0.391318 -0.305112 -0.360952 -0.19965 0.858346
1305032387.815294 0.53347 -0.412017 0.399869 -0.314619 -0.36513 -0.2066 0.851475
1305032387.846872 0.533665 -0.42038 0.409352 -0.32514 -0.367578 -0.210454 0.845504
1305032387.883126 0.535567 -0.428812 0.419639 -0.336811 -0.368794 -0.208825 0.840797
1305032387.914658 0.537455 -0.435816 0.429467 -0.349961 -0.368501 -0.204719 0.836553
1305032387.947098 0.539268 -0.444923 0.440579 -0.361206 -0.369648 -0.204211 0.831376
1305032387.983846 0.540612 -0.451634 0.45128 -0.3668 -0.371331 -0.207788 0.82728
1305032388.015687 0.543984 -0.464066 0.462461 -0.3687 -0.374144 -0.214397 0.823472
1305032388.047380 0.548796 -0.474738 0.471631 -0.368958 -0.376271 -0.222042 0.820356
1305032388.083777 0.548443 -0.481884 0.484451 -0.367008 -0.378731 -0.229355 0.818083
1305032388.115961 0.551094 -0.490802 0.492714 -0.364711 -0.381105 -0.231251 0.817474
1305032388.148173 0.555532 -0.502813 0.504694 -0.360611 -0.386857 -0.23259 0.81621
1305032388.184052 0.558173 -0.514942 0.514788 -0.357367 -0.391241 -0.232333 0.815621
1305032388.212538 0.561019 -0.524769 0.524569 -0.354686 -0.394939 -0.231484 0.81525
1305032388.250425 0.565105 -0.533676 0.533616 -0.354308 -0.397591 -0.228445 0.814982
1305032388.283226 0.565515 -0.541284 0.544812 -0.355754 -0.400207 -0.225096 0.814003
1305032388.315193 0.566429 -0.547889 0.555047 -0.355536 -0.402683 -0.219963 0.814281
1305032388.350541 0.567754 -0.558949 0.565107 -0.355008 -0.405033 -0.214246 0.814869
1305032388.383342 0.569665 -0.566399 0.573206 -0.353343 -0.407515 -0.209147 0.81568
1305032388.414973 0.568793 -0.575428 0.581335 -0.352692 -0.408347 -0.203846 0.816887
1305032388.450875 0.566909 -0.583034 0.590667 -0.351432 -0.409583 -0.200216 0.817708
1305032388.483696 0.566586 -0.590097 0.599578 -0.348372 -0.412166 -0.19852 0.818133
1305032388.515455 0.560251 -0.600709 0.607734 -0.345366 -0.415091 -0.199186 0.817767
1305032388.551418 0.555197 -0.60813 0.615273 -0.34204 -0.420093 -0.200153 0.816374
1305032388.581086 0.550847 -0.614871 0.622172 -0.338856 -0.425807 -0.202715 0.814106
1305032388.615087 0.544099 -0.624078 0.630339 -0.335016 -0.431085 -0.207784 0.811636
1305032388.650929 0.539947 -0.629625 0.635345 -0.331513 -0.435158 -0.213157 0.809504
1305032388.684041 0.53457 -0.63234 0.64043 -0.330436 -0.438712 -0.22162 0.805745
1305032388.713169 0.528228 -0.638658 0.647359 -0.331741 -0.441794 -0.232165 0.800538
1305032388.751435 0.52003 -0.642905 0.653023 -0.33346 -0.444117 -0.241369 0.795802
1305032388.783449 0.511685 -0.646895 0.659463 -0.334984 -0.446954 -0.249097 0.791179
1305032388.814824 0.500087 -0.653863 0.670447 -0.338198 -0.450506 -0.254638 0.786016
1305032388.847513 0.49156 -0.657005 0.676967 -0.338812 -0.454058 -0.257162 0.78288
1305032388.882983 0.484371 -0.659988 0.682421 -0.338017 -0.458058 -0.259164 0.780228
1305032388.914716 0.475881 -0.662365 0.689001 -0.336598 -0.462708 -0.261141 0.777434
1305032388.950492 0.469193 -0.666811 0.695541 -0.335205 -0.467264 -0.261922 0.775044
1305032388.983354 0.461995 -0.668015 0.700481 -0.333076 -0.471271 -0.261871 0.773552
1305032389.015302 0.458218 -0.669501 0.70658 -0.331882 -0.476315 -0.261573 0.771072
1305032389.050498 0.45312 -0.671799 0.715286 -0.329883 -0.482895 -0.264238 0.766917
1305032389.083544 0.448683 -0.671786 0.722003 -0.325475 -0.489246 -0.268599 0.763251
1305032389.114834 0.446651 -0.674157 0.728507 -0.321946 -0.49484 -0.273332 0.759453
1305032389.150563 0.444706 -0.671396 0.734064 -0.31934 -0.499185 -0.277384 0.756233
1305032389.183847 0.442266 -0.670546 0.741054 -0.315444 -0.50385 -0.281229 0.753349
1305032389.215520 0.441367 -0.670199 0.747449 -0.309516 -0.509124 -0.285441 0.750673
1305032389.251042 0.443667 -0.667471 0.751351 -0.304374 -0.514867 -0.288766 0.74758
1305032389.283231 0.445787 -0.664679 0.755915 -0.299799 -0.521848 -0.292211 0.743237
1305032389.315296 0.449175 -0.663818 0.763895 -0.296333 -0.529187 -0.294762 0.738415
1305032389.351461 0.45516 -0.65993 0.769447 -0.293732 -0.534011 -0.296421 0.735311
1305032389.383520 0.461446 -0.654524 0.775018 -0.293324 -0.537398 -0.297734 0.732469
1305032389.415851 0.466763 -0.651924 0.781308 -0.292942 -0.54128 -0.298994 0.729244
1305032389.447191 0.473829 -0.649131 0.787739 -0.290451 -0.546105 -0.298695 0.726761
1305032389.484520 0.483678 -0.646343 0.792892 -0.288929 -0.550427 -0.298559 0.724158
1305032389.519411 0.493224 -0.643047 0.799694 -0.288547 -0.553799 -0.299516 0.721339
1305032389.551432 0.502409 -0.640346 0.805615 -0.287321 -0.556069 -0.300904 0.719502
1305032389.583908 0.512014 -0.634727 0.810732 -0.285681 -0.558756 -0.301025 0.718021
1305032389.619179 0.522598 -0.631481 0.814789 -0.285941 -0.561608 -0.300506 0.715906
1305032389.651751 0.529689 -0.629228 0.820402 -0.285995 -0.564185 -0.29954 0.714261
1305032389.683655 0.538107 -0.624934 0.825514 -0.283392 -0.566244 -0.295605 0.715309
1305032389.719141 0.54828 -0.620757 0.829336 -0.280317 -0.568389 -0.290885 0.716752
1305032389.751256 0.558066 -0.616124 0.83368 -0.277459 -0.570833 -0.286727 0.717598
1305032389.783396 0.563242 -0.612607 0.835531 -0.274063 -0.572201 -0.282038 0.719669
1305032389.815171 0.572077 -0.606814 0.838414 -0.269958 -0.573899 -0.273775 0.72305
1305032389.850251 0.580695 -0.601163 0.84199 -0.266431 -0.5755 -0.266309 0.72587
1305032389.883751 0.587647 -0.594636 0.844397 -0.261046 -0.577737 -0.259417 0.72854
1305032389.915433 0.592086 -0.586988 0.844113 -0.250097 -0.583195 -0.25448 0.729772
1305032389.950745 0.598803 -0.578807 0.843361 -0.237722 -0.590726 -0.248084 0.730053
1305032389.982637 0.605487 -0.572125 0.841684 -0.226206 -0.598733 -0.241465 0.729408
1305032390.019198 0.61033 -0.562254 0.840255 -0.213146 -0.608267 -0.23472 0.727653
1305032390.053174 0.614242 -0.554417 0.840401 -0.20199 -0.615664 -0.230032 0.72611
1305032390.081015 0.620701 -0.543082 0.839627 -0.194755 -0.618954 -0.224851 0.726912
1305032390.118347 0.623704 -0.533075 0.838569 -0.189383 -0.620688 -0.219414 0.728513
1305032390.149354 0.627019 -0.523952 0.83724 -0.183514 -0.622302 -0.211962 0.73084
1305032390.183538 0.631632 -0.512682 0.83649 -0.178483 -0.623408 -0.2049 0.733154
1305032390.219241 0.633912 -0.502072 0.836984 -0.172815 -0.623934 -0.198023 0.735949
1305032390.251134 0.636129 -0.492702 0.835492 -0.165421 -0.62367 -0.189574 0.740086
1305032390.282589 0.639995 -0.48202 0.835444 -0.159918 -0.623378 -0.178777 0.744216
1305032390.314979 0.642569 -0.470876 0.834679 -0.15525 -0.622415 -0.168131 0.74848
1305032390.350267 0.645728 -0.462211 0.833787 -0.152732 -0.621476 -0.157667 0.752048
1305032390.382610 0.645392 -0.450715 0.83323 -0.150041 -0.622185 -0.147681 0.754028
1305032390.415081 0.647614 -0.442114 0.8325 -0.145773 -0.624022 -0.138232 0.755138
1305032390.451519 0.650564 -0.43105 0.833149 -0.140967 -0.625794 -0.129327 0.756161
1305032390.479658 0.653157 -0.423128 0.832613 -0.137642 -0.627036 -0.122433 0.756892
1305032390.514929 0.654623 -0.414074 0.834722 -0.1341 -0.628669 -0.114442 0.757423
1305032390.550339 0.65766 -0.405913 0.835729 -0.128958 -0.629946 -0.106484 0.758415
1305032390.582772 0.661097 -0.39463 0.83653 -0.124241 -0.630785 -0.0967661 0.759806
1305032390.618377 0.660374 -0.387686 0.840765 -0.120443 -0.631412 -0.0879604 0.760966
1305032390.650434 0.664271 -0.378244 0.844961 -0.114841 -0.630994 -0.078674 0.763193
1305032390.682873 0.668418 -0.365838 0.845884 -0.109388 -0.630309 -0.0713015 0.765282
1305032390.718194 0.672812 -0.354652 0.849659 -0.106001 -0.63104 -0.0651539 0.765704
1305032390.750175 0.677618 -0.34225 0.855162 -0.104498 -0.631555 -0.0586648 0.76601
1305032390.786274 0.680542 -0.330104 0.861489 -0.105659 -0.631594 -0.0547814 0.766107
1305032390.818507 0.682128 -0.316829 0.866664 -0.106334 -0.631944 -0.0510912 0.76598
1305032390.850437 0.686012 -0.303888 0.873977 -0.105316 -0.633275 -0.0461626 0.765333
1305032390.886597 0.688013 -0.291892 0.8796 -0.104384 -0.634482 -0.0415076 0.764728
1305032390.918398 0.689466 -0.278016 0.885205 -0.10235 -0.635525 -0.0371864 0.764359
1305032390.950305 0.691975 -0.265463 0.892633 -0.0971216 -0.637529 -0.0321753 0.763598
1305032390.987238 0.695332 -0.251014 0.899285 -0.0890417 -0.640661 -0.0253952 0.762217
1305032391.019268 0.702582 -0.235885 0.908369 -0.0828387 -0.644497 -0.0202063 0.759834
1305032391.051279 0.705837 -0.220894 0.916348 -0.0819372 -0.645993 -0.0175279 0.758727
1305032391.087153 0.705948 -0.205826 0.922476 -0.0831893 -0.647158 -0.013054 0.757688
1305032391.118251 0.704292 -0.19237 0.925936 -0.0804919 -0.649725 -0.00856603 0.755843
1305032391.150434 0.707978 -0.178985 0.932605 -0.0762197 -0.652917 -0.00400914 0.75357
1305032391.186761 0.708722 -0.164225 0.937987 -0.0749784 -0.654111 0.000724327 0.752669
1305032391.218382 0.710108 -0.152048 0.942585 -0.0761691 -0.654958 0.00663936 0.751783
1305032391.250262 0.709881 -0.137694 0.945741 -0.0760735 -0.65608 0.0134876 0.750722
1305032391.286409 0.710271 -0.12484 0.948458 -0.0764548 -0.657368 0.0182952 0.749454
1305032391.318198 0.709685 -0.111028 0.951069 -0.0777854 -0.659091 0.0235904 0.747654
1305032391.350223 0.711128 -0.0998606 0.954392 -0.0798945 -0.660653 0.0290296 0.745859
1305032391.386404 0.712354 -0.0869321 0.956945 -0.0823205 -0.661958 0.0344758 0.744204
1305032391.418275 0.709141 -0.075777 0.95743 -0.0857017 -0.663795 0.0377975 0.742022
1305032391.450231 0.71106 -0.0655474 0.962322 -0.089737 -0.66659 0.0423101 0.738789
1305032391.483296 0.710453 -0.055239 0.964809 -0.094821 -0.667622 0.045905 0.737005
1305032391.518579 0.707437 -0.0477892 0.965062 -0.0985082 -0.666998 0.0499873 0.736821
1305032391.548166 0.708456 -0.0402511 0.96559 -0.101849 -0.666996 0.0570894 0.735851
1305032391.584774 0.707394 -0.0304389 0.963259 -0.10532 -0.667198 0.0636664 0.734639
1305032391.617070 0.704421 -0.0209813 0.960963 -0.109072 -0.667672 0.0684239 0.733232
1305032391.647210 0.70192 -0.0082555 0.953803 -0.111472 -0.668398 0.0730961 0.731756
1305032391.683817 0.701977 -0.0068178 0.94928 -0.116956 -0.670234 0.0764022 0.728878
1305032391.719489 0.699308 0.000246978 0.946418 -0.122339 -0.672497 0.0765551 0.725887
1305032391.748029 0.694253 0.00771315 0.942621 -0.12497 -0.673769 0.0740339 0.72452
1305032391.784539 0.693313 0.0132653 0.939142 -0.128903 -0.673208 0.0746276 0.724291
1305032391.815353 0.689959 0.02087 0.935812 -0.135047 -0.670215 0.0758102 0.725823
1305032391.850480 0.687315 0.0262727 0.939004 -0.139013 -0.666594 0.0747192 0.728517
1305032391.884688 0.68405 0.0305383 0.934016 -0.139038 -0.662683 0.0756365 0.731978
1305032391.921342 0.683691 0.0354346 0.930469 -0.140171 -0.660033 0.0767777 0.734035
1305032391.953133 0.677671 0.0400096 0.925227 -0.140248 -0.658716 0.0738478 0.735502
1305032391.983420 0.674578 0.0397758 0.924438 -0.135556 -0.659429 0.0686826 0.736243
