1305031790.640468 0 0 0 0 0 0 1
1305031790.672866 0.00377825 0.00843527 0.00164835 -0.00946581 0.00052072 0.00328204 0.99995
1305031790.709421 0.00867772 0.0148452 0.00334228 -0.0200023 0.000374123 0.00617067 0.999781
1305031790.739530 0.0134161 0.0199713 0.00515176 -0.02965 0.000809844 0.0103622 0.999506
1305031790.773548 0.0191977 0.0277468 0.00498623 -0.0379944 0.00193879 0.017017 0.999131
1305031790.809521 0.025104 0.0372053 0.00609898 -0.0480593 0.00288841 0.0244638 0.998541
1305031790.839363 0.0318462 0.0415751 0.00650847 -0.0612761 0.00380011 0.0312956 0.997623
1305031790.871606 0.0381231 0.0443165 0.00780336 -0.0731691 0.00646173 0.0374793 0.996594
1305031790.909436 0.0431519 0.0485896 0.00774488 -0.0816281 0.0113427 0.0458934 0.995541
1305031790.941495 0.0467747 0.0511387 0.00771092 -0.0884015 0.0173598 0.0538581 0.994476
1305031790.973696 0.048815 0.0518 0.00928964 -0.0925348 0.0233965 0.06255 0.993467
1305031791.009486 0.0499803 0.049303 0.00949383 -0.0914578 0.0298149 0.0722728 0.992735
1305031791.041197 0.055558 0.0442677 0.00519932 -0.0844833 0.036297 0.0829502 0.992303
1305031791.073525 0.0604448 0.0381258 0.00236216 -0.0750225 0.0458735 0.0903444 0.992021
1305031791.109452 0.0637222 0.0328797 -0.00100623 -0.0596453 0.058917 0.0990881 0.991541
1305031791.141330 0.0701203 0.0251021 -0.0117967 -0.036677 0.075278 0.102587 0.991193
1305031791.173227 0.0707865 0.0240555 -0.0168089 -0.010089 0.0963124 0.104892 0.989757
1305031791.209506 0.0729699 0.013336 -0.024201 0.0143779 0.115891 0.105012 0.98759
1305031791.241091 0.0722147 0.00720659 -0.0377899 0.0439054 0.137379 0.105237 0.983933
1305031791.273558 0.0668486 0.00970625 -0.0458041 0.0708036 0.158749 0.108405 0.978792
1305031791.309764 0.0664607 -0.00070448 -0.0525796 0.0970835 0.179586 0.111708 0.972546
1305031791.341415 0.0602153 -0.00587329 -0.0594829 0.125785 0.201269 0.113986 0.964716
1305031791.373525 0.0543974 -0.0095803 -0.063721 0.149199 0.219473 0.12019 0.956622
1305031791.409609 0.0491135 -0.0172686 -0.0664501 0.174779 0.234511 0.127411 0.947746
1305031791.441538 0.0400478 -0.0221828 -0.071669 0.202493 0.246786 0.13411 0.938141
1305031791.473230 0.0355211 -0.0288974 -0.0798083 0.223097 0.255593 0.14153 0.929983
1305031791.509595 0.0319956 -0.0421427 -0.0869159 0.241857 0.262233 0.14458 0.922949
1305031791.541450 0.0233805 -0.0519464 -0.0936386 0.261258 0.269286 0.145227 0.915499
1305031791.574034 0.016337 -0.0564821 -0.0997214 0.278307 0.276452 0.146298 0.908139
1305031791.609401 0.0147022 -0.0705184 -0.108789 0.290774 0.282498 0.146547 0.902313
1305031791.641229 0.0109287 -0.0832495 -0.119749 0.305943 0.288591 0.142344 0.89602
1305031791.677621 0.00345732 -0.0871083 -0.123162 0.326216 0.295838 0.139212 0.886951
1305031791.709275 -0.00340538 -0.0905377 -0.128931 0.346767 0.304379 0.137586 0.876457
1305031791.741364 -0.0131302 -0.0971974 -0.136202 0.364598 0.314128 0.135798 0.865997
1305031791.776668 -0.0181456 -0.0994809 -0.14053 0.382786 0.323801 0.132339 0.855052
1305031791.808429 -0.0258594 -0.104 -0.147258 0.400021 0.334845 0.127786 0.843524
1305031791.840375 -0.0416167 -0.112722 -0.157165 0.416298 0.346584 0.126065 0.831073
1305031791.876494 -0.0506607 -0.115922 -0.167772 0.431289 0.356653 0.124389 0.819339
1305031791.908433 -0.0624863 -0.127273 -0.190335 0.44145 0.361888 0.126145 0.811324
1305031791.944357 -0.0649347 -0.127304 -0.193721 0.457068 0.366514 0.122837 0.801041
1305031791.977200 -0.0698447 -0.129003 -0.199208 0.471254 0.371296 0.12007 0.790975
1305031792.005506 -0.0652235 -0.129461 -0.209029 0.484412 0.374685 0.115631 0.782039
1305031792.041730 -0.0799734 -0.13738 -0.219181 0.494465 0.380932 0.111412 0.773293
1305031792.076713 -0.0925917 -0.147112 -0.222895 0.501184 0.386733 0.107904 0.766557
1305031792.109497 -0.101161 -0.157078 -0.237532 0.505553 0.390343 0.106504 0.76204
1305031792.141484 -0.107632 -0.159626 -0.241462 0.511693 0.393114 0.104292 0.756805
1305031792.177376 -0.108547 -0.159844 -0.242088 0.516584 0.395953 0.099243 0.75267
1305031792.209274 -0.113145 -0.166154 -0.253007 0.518953 0.399219 0.0951965 0.749832
1305031792.241751 -0.116422 -0.165232 -0.259125 0.522363 0.4012 0.0918564 0.746818
1305031792.277507 -0.118796 -0.165833 -0.264769 0.52326 0.401664 0.0901962 0.746143
1305031792.309357 -0.12147 -0.164592 -0.268707 0.523277 0.400873 0.0899668 0.746583
1305031792.341029 -0.121672 -0.157519 -0.262077 0.521977 0.399708 0.0898939 0.748125
1305031792.377088 -0.119557 -0.153226 -0.254954 0.516706 0.399913 0.0921544 0.751393
1305031792.409323 -0.11772 -0.150047 -0.254826 0.508668 0.399314 0.0982134 0.756412
1305031792.441590 -0.119035 -0.145992 -0.248587 0.500213 0.39865 0.104584 0.761529
1305031792.477100 -0.113364 -0.140128 -0.244034 0.491573 0.395999 0.111868 0.767481
1305031792.509589 -0.113361 -0.136993 -0.24042 0.479174 0.394032 0.121075 0.774901
1305031792.541061 -0.104784 -0.128066 -0.235028 0.466828 0.390246 0.130821 0.782729
1305031792.577055 -0.0984915 -0.121392 -0.229025 0.453 0.388388 0.139909 0.790171
1305031792.609388 -0.0900747 -0.114247 -0.229837 0.437028 0.387102 0.147962 0.798289
1305031792.641219 -0.0752394 -0.105098 -0.236417 0.420282 0.385964 0.153457 0.80675
1305031792.677662 -0.0729009 -0.0976844 -0.22818 0.405488 0.387537 0.160745 0.81213
1305031792.709219 -0.0660766 -0.091446 -0.228745 0.38985 0.386481 0.168736 0.818644
1305031792.741510 -0.055756 -0.0831471 -0.228805 0.374303 0.38332 0.175977 0.82583
1305031792.777507 -0.0504466 -0.0732379 -0.220864 0.360008 0.381532 0.181978 0.831692
1305031792.809440 -0.041816 -0.0629304 -0.215042 0.345793 0.379292 0.190223 0.836887
1305031792.845359 -0.0372776 -0.0524926 -0.203708 0.332773 0.378809 0.197711 0.84064
1305031792.877574 -0.0343227 -0.0440907 -0.196772 0.318922 0.379135 0.204888 0.844137
1305031792.909293 -0.0250322 -0.0396326 -0.19727 0.304555 0.376706 0.214242 0.848197
1305031792.945340 -0.0163552 -0.0312315 -0.192925 0.292075 0.372447 0.224858 0.851712
1305031792.977564 -0.0117773 -0.0237422 -0.185288 0.279661 0.367515 0.237631 0.854549
1305031793.009530 -0.00757101 -0.0115362 -0.173779 0.268002 0.363012 0.249227 0.856903
1305031793.045243 -0.00343133 -0.00264505 -0.167239 0.257451 0.359742 0.259483 0.858471
1305031793.077518 -0.000974414 0.00812686 -0.15819 0.24833 0.359093 0.268485 0.858662
1305031793.109651 0.00175042 0.0171892 -0.150415 0.238869 0.361187 0.27748 0.857607
1305031793.145401 0.00756295 0.0276247 -0.145631 0.230212 0.363753 0.285646 0.856208
1305031793.177537 0.0119378 0.0281003 -0.143285 0.219432 0.367674 0.292908 0.854909
1305031793.209609 0.0173876 0.0318997 -0.140535 0.208961 0.371642 0.300545 0.853164
1305031793.245617 0.0221419 0.0344064 -0.138718 0.197534 0.375485 0.308362 0.851413
1305031793.277180 0.0265317 0.0393616 -0.135554 0.186846 0.379113 0.315267 0.849687
1305031793.309399 0.0279787 0.0450041 -0.128836 0.177135 0.382794 0.32317 0.847143
1305031793.345594 0.0313196 0.0466529 -0.125063 0.166882 0.384683 0.332835 0.844624
1305031793.377232 0.0334852 0.054954 -0.118371 0.158242 0.385725 0.341063 0.842527
1305031793.405708 0.0374911 0.0613031 -0.111718 0.149308 0.386324 0.349243 0.84053
1305031793.442259 0.0391438 0.0678986 -0.103918 0.140323 0.38835 0.357308 0.83775
1305031793.474150 0.0411812 0.0697574 -0.0960776 0.130207 0.390399 0.367394 0.834059
1305031793.507244 0.0463722 0.0730679 -0.0885623 0.120915 0.391135 0.377405 0.830637
1305031793.545400 0.0473574 0.0797185 -0.077725 0.112478 0.392071 0.386193 0.827335
1305031793.577186 0.0480617 0.0823942 -0.0667023 0.103365 0.392849 0.39805 0.822521
1305031793.609703 0.0500716 0.086373 -0.0579428 0.0949872 0.392182 0.411843 0.817041
1305031793.645429 0.0520235 0.0888022 -0.0479043 0.085972 0.391112 0.423934 0.812354
1305031793.677435 0.0517726 0.0957567 -0.0390378 0.0774273 0.38978 0.435188 0.80789
1305031793.709532 0.0529673 0.0974151 -0.0294838 0.0680366 0.388235 0.447517 0.802729
1305031793.745574 0.0546184 0.102348 -0.0223346 0.0596042 0.385308 0.459513 0.798018
1305031793.777364 0.0549968 0.107848 -0.0127814 0.0506069 0.382949 0.470083 0.793605
1305031793.809469 0.0568332 0.110184 -0.00273886 0.041291 0.381327 0.479997 0.788978
1305031793.844756 0.0642639 0.110967 0.0010543 0.0325665 0.378977 0.48992 0.784406
1305031793.876455 0.0680866 0.11198 0.00599332 0.0256056 0.378221 0.499371 0.779052
1305031793.908753 0.0668016 0.110843 0.0116701 0.0196972 0.378328 0.50837 0.77333
1305031793.946431 0.0690955 0.11195 0.0159885 0.0135929 0.376582 0.516038 0.769224
1305031793.976745 0.0715358 0.1134 0.0192395 0.0088838 0.374646 0.523228 0.765371
1305031794.009162 0.0747881 0.114209 0.0208257 0.00479241 0.373611 0.530255 0.761065
1305031794.044747 0.0808714 0.110948 0.0216316 0.00135168 0.37381 0.536076 0.756892
1305031794.076455 0.0827178 0.109077 0.0228071 7.77765e-05 0.374276 0.539735 0.754058
1305031794.112475 0.089554 0.10621 0.0192692 -0.00122551 0.373428 0.543724 0.751607
1305031794.145599 0.0963926 0.106781 0.0146642 -1.27705e-05 0.373384 0.546074 0.749924
1305031794.177734 0.0986512 0.105251 0.0120796 0.00254323 0.376179 0.546156 0.748462
1305031794.213866 0.104604 0.103574 0.00449285 0.00552547 0.379328 0.544926 0.747753
1305031794.245539 0.113259 0.0945571 -0.00284322 0.00967177 0.385346 0.5436 0.745596
1305031794.277346 0.113309 0.0900359 -0.00740031 0.0180465 0.393971 0.538885 0.744353
1305031794.313708 0.117775 0.0852607 -0.0154516 0.026005 0.402257 0.533366 0.743662
1305031794.345350 0.117199 0.0778487 -0.020035 0.0358889 0.412475 0.526512 0.742536
1305031794.377641 0.118116 0.0712458 -0.0286513 0.0473428 0.422253 0.517956 0.742415
1305031794.414154 0.114165 0.0689743 -0.037208 0.0583368 0.431348 0.508244 0.743117
1305031794.445415 0.113854 0.0601336 -0.0433038 0.0658978 0.439391 0.499615 0.743624
1305031794.477731 0.118024 0.0535666 -0.057587 0.0769209 0.444468 0.494187 0.743175
1305031794.513643 0.114145 0.052386 -0.0687252 0.0911225 0.450643 0.488198 0.741808
1305031794.545650 0.114927 0.0545515 -0.0827092 0.103051 0.455416 0.482661 0.740954
1305031794.577340 0.116719 0.0496154 -0.0934994 0.113462 0.464074 0.477598 0.737334
1305031794.613627 0.114317 0.0441539 -0.10671 0.123956 0.475004 0.470974 0.732932
1305031794.645569 0.110477 0.0406664 -0.11223 0.134649 0.489928 0.462509 0.726584
1305031794.677507 0.105997 0.0302063 -0.121017 0.14244 0.506738 0.453878 0.718973
1305031794.713599 0.101073 0.0229041 -0.125648 0.150444 0.52582 0.444587 0.709381
1305031794.745368 0.0971023 0.0174259 -0.129834 0.160878 0.547281 0.435292 0.696507
1305031794.776816 0.0889044 0.0185328 -0.140106 0.172643 0.569731 0.422922 0.68318
1305031794.813463 0.0832242 0.0147682 -0.151236 0.183871 0.592645 0.410547 0.668141
1305031794.846026 0.0763986 0.00803092 -0.155758 0.194129 0.615266 0.396952 0.652831
1305031794.873764 0.0708938 0.00301704 -0.169844 0.204284 0.634594 0.38357 0.639085
1305031794.910108 0.0623543 -0.00617062 -0.183753 0.214902 0.652653 0.370306 0.625086
1305031794.945596 0.0540548 -0.0157542 -0.194135 0.223876 0.668761 0.357303 0.612347
1305031794.977250 0.0472424 -0.0223362 -0.201478 0.231573 0.682872 0.345898 0.600344
1305031795.013538 0.0378288 -0.0248332 -0.20966 0.239279 0.693784 0.336712 0.58994
1305031795.045683 0.0281147 -0.0246603 -0.21862 0.245922 0.70131 0.330995 0.581485
1305031795.077205 0.0212478 -0.0297004 -0.236394 0.248174 0.706736 0.328713 0.575219
1305031795.113230 0.019158 -0.042645 -0.254372 0.252907 0.714681 0.324331 0.56575
1305031795.145139 0.0126683 -0.0528537 -0.266738 0.262625 0.725007 0.314704 0.553487
1305031795.177574 0.00130855 -0.0563202 -0.277106 0.273123 0.734238 0.30559 0.541208
1305031795.213517 -0.0053947 -0.0591165 -0.284656 0.282024 0.742335 0.298702 0.529314
1305031795.245440 -0.0113151 -0.0602856 -0.29351 0.292498 0.748231 0.29224 0.518829
1305031795.277594 -0.019525 -0.0656736 -0.30392 0.300547 0.753576 0.286371 0.509687
1305031795.312820 -0.0269521 -0.0723305 -0.315586 0.306494 0.759759 0.280819 0.499967
1305031795.345404 -0.0356738 -0.0775483 -0.32455 0.310781 0.767288 0.273771 0.489624
1305031795.381033 -0.0459997 -0.0801693 -0.336763 0.312589 0.775946 0.266493 0.478723
1305031795.413248 -0.0527641 -0.0738785 -0.341339 0.315077 0.785604 0.259936 0.464742
1305031795.444944 -0.0610988 -0.0694671 -0.349744 0.316505 0.79384 0.256921 0.451255
1305031795.480855 -0.0641326 -0.060545 -0.351488 0.319091 0.801037 0.254059 0.438148
1305031795.509058 -0.0687881 -0.0566178 -0.357014 0.320275 0.807852 0.251045 0.426348
1305031795.543822 -0.0719379 -0.0541846 -0.359681 0.32141 0.813869 0.248792 0.415227
1305031795.580571 -0.0720468 -0.0546545 -0.361789 0.320753 0.819844 0.245955 0.405557
1305031795.612694 -0.0678466 -0.0605909 -0.360095 0.31796 0.827019 0.242206 0.395318
1305031795.644499 -0.0718798 -0.0554537 -0.367554 0.316917 0.833079 0.236811 0.386602
1305031795.680455 -0.0647507 -0.0635639 -0.357045 0.317919 0.839627 0.2333 0.373529
1305031795.713145 -0.0642694 -0.0524845 -0.351234 0.318554 0.842916 0.231946 0.366355
1305031795.745356 -0.0637417 -0.0509174 -0.35037 0.313431 0.845839 0.235474 0.361758
1305031795.781187 -0.0568602 -0.0430244 -0.344654 0.306531 0.84946 0.240955 0.355519
1305031795.812774 -0.0525968 -0.0291546 -0.342134 0.302705 0.851157 0.249043 0.349109
1305031795.844570 -0.0445856 -0.0187134 -0.335299 0.299176 0.850546 0.261439 0.344547
1305031795.880527 -0.0330621 -0.00940987 -0.329097 0.294779 0.848566 0.275485 0.342267
1305031795.909127 -0.0235914 -0.00680215 -0.329684 0.290672 0.845314 0.2908 0.341154
1305031795.944316 -0.0162707 0.00197451 -0.325092 0.285779 0.841773 0.305544 0.34116
1305031795.980897 -0.00549953 0.0212397 -0.315961 0.278955 0.838802 0.319737 0.341118
1305031796.012654 0.00402794 0.0261033 -0.317163 0.271854 0.835312 0.336633 0.339156
1305031796.045068 0.0136332 0.028741 -0.316647 0.265861 0.830976 0.353993 0.336873
1305031796.081241 0.0237419 0.0353022 -0.311868 0.259127 0.825786 0.371216 0.336344
1305031796.113736 0.0324949 0.0494626 -0.304998 0.253322 0.819909 0.387627 0.336629
1305031796.145545 0.0404376 0.0546952 -0.303404 0.247606 0.813745 0.404978 0.335411
1305031796.179196 0.0490122 0.0660655 -0.29398 0.243169 0.808888 0.419615 0.3324
1305031796.212249 0.0523209 0.0749655 -0.292597 0.237181 0.803008 0.435733 0.33024
1305031796.244465 0.0554512 0.0842044 -0.291623 0.231291 0.798584 0.449995 0.325991
1305031796.280467 0.0603145 0.0882052 -0.284568 0.227436 0.795032 0.463371 0.318563
1305031796.312376 0.0651293 0.0930225 -0.274719 0.222537 0.790437 0.477003 0.313292
1305031796.342290 0.0666889 0.0997925 -0.270514 0.217581 0.783994 0.491806 0.310058
1305031796.380122 0.0671242 0.107153 -0.263932 0.214557 0.77816 0.504496 0.306453
1305031796.411800 0.0695289 0.113606 -0.250668 0.21019 0.772769 0.516736 0.302703
1305031796.444268 0.069618 0.118402 -0.246077 0.205854 0.764437 0.531999 0.300389
1305031796.481198 0.0687547 0.122715 -0.243829 0.201545 0.757534 0.544264 0.298822
1305031796.512896 0.0681496 0.130044 -0.230208 0.196033 0.753213 0.553086 0.29721
1305031796.544633 0.0686957 0.135277 -0.221489 0.189523 0.746734 0.565279 0.294831
1305031796.581150 0.0692525 0.138911 -0.212907 0.184723 0.739977 0.577099 0.292002
1305031796.613198 0.0687781 0.142156 -0.202349 0.18184 0.731961 0.5891 0.290045
1305031796.649045 0.068476 0.146507 -0.1914 0.178182 0.722206 0.601756 0.290784
1305031796.679446 0.0671544 0.15499 -0.184044 0.175127 0.711798 0.613892 0.292931
1305031796.712815 0.0654118 0.160837 -0.175935 0.172708 0.702452 0.625188 0.293035
1305031796.749489 0.063577 0.166236 -0.166929 0.170051 0.694074 0.635556 0.292251
1305031796.781421 0.0618987 0.171834 -0.156088 0.167065 0.685485 0.645728 0.291944
1305031796.813561 0.0595291 0.178128 -0.148223 0.165766 0.675506 0.656843 0.291147
1305031796.849638 0.0568737 0.183894 -0.139799 0.16561 0.666685 0.666288 0.290105
1305031796.877643 0.0536096 0.188196 -0.129951 0.164374 0.657437 0.675367 0.290921
1305031796.913380 0.0507946 0.19498 -0.120258 0.163124 0.64663 0.685577 0.291959
1305031796.949604 0.0472172 0.201036 -0.111381 0.162774 0.636889 0.694556 0.292342
1305031796.980992 0.042828 0.206137 -0.100891 0.161543 0.628388 0.702154 0.293272
1305031797.013555 0.0387586 0.21215 -0.0905205 0.158694 0.620892 0.709169 0.293914
1305031797.049352 0.0346453 0.215601 -0.0832725 0.15511 0.613644 0.716493 0.293285
1305031797.081428 0.030782 0.218666 -0.075333 0.151157 0.607029 0.72325 0.292526
1305031797.112264 0.0263349 0.221123 -0.0691136 0.147179 0.600097 0.730236 0.2915
1305031797.149559 0.02129 0.224911 -0.0632097 0.145736 0.592127 0.738038 0.288863
1305031797.181442 0.0160271 0.229666 -0.0578881 0.146482 0.58328 0.74616 0.285601
1305031797.213717 0.0101261 0.233673 -0.0535458 0.147915 0.57377 0.753838 0.283959
1305031797.249736 0.00485601 0.236997 -0.0499658 0.149367 0.562812 0.761946 0.28349
1305031797.281280 -0.00165149 0.241407 -0.0435151 0.151725 0.553704 0.767936 0.284013
1305031797.313591 -0.00756708 0.243364 -0.037421 0.152355 0.546949 0.77227 0.285007
1305031797.349653 -0.0122198 0.245448 -0.0325068 0.151795 0.541295 0.776735 0.283964
1305031797.381725 -0.0169911 0.247725 -0.0294874 0.151568 0.535667 0.781557 0.281518
1305031797.413444 -0.0218976 0.250269 -0.0254277 0.1524 0.531402 0.785213 0.278967
1305031797.449459 -0.0267009 0.252622 -0.0241976 0.153532 0.527802 0.788254 0.276593
1305031797.481250 -0.0311508 0.255169 -0.0231251 0.155756 0.525083 0.790517 0.274057
1305031797.511821 -0.0345821 0.257809 -0.023082 0.157793 0.523204 0.792094 0.27192
1305031797.549595 -0.0381911 0.261867 -0.0265685 0.160712 0.523808 0.791602 0.270478
1305031797.577492 -0.0418067 0.261305 -0.0281818 0.16394 0.531346 0.786856 0.267671
1305031797.613482 -0.04603 0.261186 -0.0326903 0.168098 0.541114 0.781316 0.261688
1305031797.649463 -0.0488583 0.262869 -0.0382264 0.172532 0.553677 0.773967 0.254254
1305031797.681494 -0.0532399 0.261052 -0.0484236 0.176062 0.567427 0.765276 0.247743
1305031797.711478 -0.0584752 0.257711 -0.0554888 0.176127 0.582823 0.75516 0.24295
1305031797.749330 -0.0642261 0.255508 -0.0640527 0.174772 0.599028 0.74442 0.237602
1305031797.781348 -0.0699801 0.250349 -0.0738345 0.16974 0.614413 0.734515 0.23274
1305031797.815855 -0.0741442 0.247646 -0.0834163 0.166463 0.627946 0.725528 0.227107
1305031797.849306 -0.0764934 0.244561 -0.0926352 0.1647 0.64239 0.715509 0.219659
1305031797.877576 -0.0810492 0.239934 -0.104901 0.163943 0.656956 0.705211 0.210248
1305031797.917116 -0.0834004 0.235347 -0.112661 0.164131 0.672917 0.693646 0.197721
1305031797.949871 -0.0860872 0.234055 -0.123025 0.16511 0.689279 0.680518 0.185802
1305031797.981971 -0.0897175 0.229032 -0.131458 0.165443 0.706428 0.665896 0.173682
1305031798.015269 -0.0941431 0.224386 -0.141997 0.16562 0.72237 0.651962 0.160288
1305031798.049495 -0.0974929 0.221051 -0.152419 0.16655 0.736319 0.639031 0.147416
1305031798.081417 -0.100383 0.216892 -0.164273 0.166346 0.750214 0.625425 0.13545
1305031798.114860 -0.102878 0.212787 -0.17313 0.166318 0.763851 0.611336 0.123015
1305031798.149092 -0.104596 0.207205 -0.18256 0.166549 0.775287 0.599233 0.110031
1305031798.180856 -0.105099 0.200395 -0.191281 0.167054 0.784447 0.589116 0.0983522
1305031798.216938 -0.10642 0.196014 -0.202797 0.166316 0.79258 0.579935 0.0884641
1305031798.249843 -0.109272 0.190328 -0.214879 0.164216 0.801321 0.570095 0.0768397
1305031798.277285 -0.109697 0.185162 -0.221781 0.161955 0.810948 0.558689 0.0632176
1305031798.317008 -0.10698 0.179982 -0.229533 0.159508 0.819714 0.547825 0.0500991
1305031798.349326 -0.104709 0.174619 -0.236911 0.158075 0.828387 0.536013 0.0383766
1305031798.381412 -0.104441 0.167724 -0.241875 0.155543 0.83684 0.524142 0.027869
1305031798.417238 -0.103351 0.162034 -0.24725 0.151676 0.844738 0.512955 0.0168884
1305031798.449066 -0.102067 0.157266 -0.254725 0.148868 0.852153 0.501645 0.00462761
1305031798.481517 -0.0995657 0.151863 -0.259068 0.147171 0.860155 0.488272 -0.00778735
1305031798.517491 -0.0991724 0.145369 -0.265996 0.144319 0.867422 0.475809 -0.0187692
1305031798.548782 -0.0973586 0.140474 -0.272229 0.140611 0.873806 0.464481 -0.0307613
1305031798.581190 -0.0970272 0.13343 -0.280793 0.139136 0.879725 0.452558 -0.0437259
1305031798.616969 -0.0943708 0.129111 -0.283232 0.139076 0.885782 0.439088 -0.0569635
1305031798.649387 -0.0970875 0.121973 -0.289412 0.139145 0.889895 0.428865 -0.0692614
1305031798.681173 -0.0930043 0.117908 -0.29359 0.140884 0.893521 0.418007 -0.0838913
1305031798.717545 -0.0913147 0.111486 -0.298905 0.142596 0.897209 0.406109 -0.0987599
1305031798.749417 -0.0891355 0.105748 -0.299659 0.142835 0.901682 0.392555 -0.111641
1305031798.780379 -0.084062 0.0979209 -0.304477 0.139731 0.90618 0.380002 -0.122093
1305031798.816718 -0.0845213 0.0852484 -0.315021 0.134609 0.910664 0.367954 -0.131063
1305031798.848499 -0.0840492 0.0781917 -0.318866 0.130149 0.915395 0.354357 -0.13979
1305031798.880461 -0.0779187 0.0706708 -0.323988 0.125702 0.919352 0.342029 -0.148338
1305031798.916769 -0.0786126 0.058511 -0.327824 0.122114 0.922835 0.331868 -0.152716
1305031798.948386 -0.0744882 0.0488562 -0.330617 0.116958 0.925878 0.323482 -0.156288
1305031798.977548 -0.0796342 0.0433071 -0.3314 0.113296 0.928856 0.314639 -0.159339
1305031799.016423 -0.0839349 0.0319082 -0.333057 0.109289 0.931819 0.30566 -0.162284
1305031799.048165 -0.0873587 0.0231639 -0.332985 0.102366 0.934414 0.298263 -0.16561
1305031799.084229 -0.0898538 0.0156079 -0.330942 0.0948746 0.93614 0.292763 -0.170078
1305031799.116275 -0.0931488 0.00642841 -0.329611 0.0887959 0.936957 0.289096 -0.175061
1305031799.148353 -0.0941527 -0.00455451 -0.331994 0.0837279 0.937121 0.286789 -0.180395
1305031799.184133 -0.0937423 -0.0117842 -0.330111 0.0816516 0.93702 0.284423 -0.185541
1305031799.216330 -0.0967502 -0.0173131 -0.325582 0.0825337 0.93635 0.283746 -0.189527
1305031799.248919 -0.103662 -0.0228637 -0.324097 0.0817628 0.93527 0.285853 -0.192012
1305031799.282109 -0.107814 -0.0308692 -0.322485 0.0798335 0.93376 0.2887 -0.195876
1305031799.317052 -0.111484 -0.0324441 -0.317151 0.0773026 0.932221 0.29118 -0.200493
1305031799.345225 -0.116307 -0.0291208 -0.307668 0.0733991 0.931078 0.293012 -0.204564
1305031799.385836 -0.115292 -0.0334556 -0.302512 0.0718401 0.928837 0.296226 -0.210587
1305031799.417030 -0.121381 -0.0361847 -0.294118 0.0731863 0.926375 0.300902 -0.214302
1305031799.449416 -0.125153 -0.0364206 -0.28593 0.0735714 0.923221 0.309058 -0.216166
1305031799.485270 -0.126214 -0.0334475 -0.279714 0.0733886 0.919193 0.319709 -0.217899
1305031799.517032 -0.130862 -0.0288337 -0.270839 0.0735713 0.914996 0.330848 -0.218871
1305031799.548193 -0.133371 -0.0212573 -0.2576 0.0736438 0.91076 0.341857 -0.219599
1305031799.581386 -0.133575 -0.0156378 -0.249715 0.0746845 0.905301 0.354935 -0.221063
1305031799.617188 -0.135441 -0.0109984 -0.241539 0.0770854 0.899653 0.367743 -0.222354
1305031799.649673 -0.138459 -0.00381799 -0.229893 0.0800407 0.894557 0.379089 -0.22282
1305031799.685493 -0.135947 0.00282669 -0.218311 0.0834034 0.888831 0.391197 -0.22357
1305031799.717286 -0.136373 0.0094574 -0.209698 0.0866313 0.882346 0.405195 -0.223097
1305031799.749321 -0.136958 0.0163107 -0.201178 0.0909131 0.876177 0.417466 -0.223087
1305031799.785018 -0.13757 0.0233042 -0.18888 0.0961252 0.870049 0.429124 -0.222759
1305031799.814639 -0.138387 0.0306284 -0.180454 0.100846 0.863025 0.442579 -0.221668
1305031799.849553 -0.134924 0.0394874 -0.168301 0.105802 0.856177 0.45453 -0.221732
1305031799.885163 -0.133538 0.049875 -0.156224 0.110364 0.849313 0.46634 -0.221381
1305031799.916952 -0.131281 0.0587495 -0.145998 0.113091 0.841679 0.479827 -0.220334
1305031799.949350 -0.130838 0.0662506 -0.1408 0.116548 0.832594 0.494218 -0.221242
1305031799.985260 -0.127657 0.0769403 -0.130565 0.121239 0.82443 0.506058 -0.222522
1305031800.017573 -0.126332 0.0853258 -0.121191 0.1262 0.815928 0.518713 -0.221963
1305031800.049428 -0.12586 0.0933904 -0.114477 0.13089 0.806778 0.532013 -0.221209
1305031800.085033 -0.125173 0.101391 -0.103802 0.135873 0.798277 0.543508 -0.221101
1305031800.117205 -0.123976 0.109159 -0.0960878 0.137809 0.789509 0.555882 -0.22062
1305031800.149430 -0.123803 0.118291 -0.0878523 0.138536 0.780394 0.568025 -0.221664
1305031800.185401 -0.121876 0.126142 -0.0789625 0.139728 0.771304 0.578402 -0.225859
1305031800.217472 -0.117739 0.134601 -0.065683 0.143196 0.761789 0.588389 -0.230142
1305031800.249376 -0.115212 0.143679 -0.0567038 0.148151 0.750566 0.600719 -0.232019
1305031800.285574 -0.113763 0.151282 -0.04851 0.152351 0.739399 0.613262 -0.23234
1305031800.317706 -0.11271 0.158722 -0.0408154 0.155327 0.728288 0.625402 -0.233103
1305031800.353570 -0.10974 0.16779 -0.0329991 0.158095 0.716746 0.636924 -0.235802
1305031800.386128 -0.107319 0.175145 -0.0255391 0.160125 0.704881 0.648515 -0.238591
1305031800.417282 -0.105415 0.185042 -0.0183989 0.163212 0.693472 0.658756 -0.241852
1305031800.453754 -0.102353 0.192757 -0.0141858 0.167015 0.680802 0.669359 -0.246105
1305031800.485575 -0.100674 0.200517 -0.00868696 0.1713 0.669448 0.678192 -0.25009
1305031800.517739 -0.099156 0.207379 -0.00314086 0.176673 0.658356 0.686019 -0.254414
1305031800.553340 -0.0973747 0.213509 0.00170465 0.181476 0.647498 0.693437 -0.258749
1305031800.585490 -0.0964975 0.219208 0.00554192 0.184364 0.637435 0.700652 -0.262235
1305031800.617831 -0.0944435 0.22481 0.00904831 0.186035 0.627892 0.70753 -0.265586
1305031800.653624 -0.0930791 0.231079 0.0125974 0.188857 0.618468 0.713995 -0.268394
1305031800.685405 -0.0908679 0.237113 0.0146454 0.19205 0.609748 0.719577 -0.27116
1305031800.713947 -0.0891728 0.241888 0.0168537 0.196058 0.601639 0.724075 -0.274409
1305031800.753166 -0.0874482 0.248569 0.0167818 0.199075 0.594583 0.727976 -0.277282
1305031800.784054 -0.0887005 0.253655 0.0139164 0.201933 0.588652 0.730211 -0.281952
1305031800.816096 -0.090693 0.260066 0.00620191 0.202892 0.584741 0.730616 -0.288283
1305031800.853919 -0.0956627 0.265941 -0.00236128 0.202175 0.584621 0.727953 -0.295673
1305031800.885396 -0.0962392 0.269094 -0.00868303 0.199186 0.588591 0.72128 -0.305995
1305031800.917427 -0.0984714 0.269827 -0.0151359 0.196563 0.593465 0.713734 -0.315816
1305031800.953700 -0.10417 0.275492 -0.0264076 0.191927 0.601216 0.703369 -0.327058
1305031800.985467 -0.111596 0.274883 -0.0364661 0.184251 0.614104 0.68903 -0.337875
1305031801.017256 -0.117677 0.270956 -0.0478709 0.174512 0.626161 0.675046 -0.348961
1305031801.053202 -0.121143 0.265452 -0.0534703 0.164976 0.639085 0.657907 -0.362635
1305031801.085709 -0.123722 0.257888 -0.0595994 0.154406 0.652708 0.63995 -0.37495
1305031801.117929 -0.126355 0.253695 -0.0666269 0.140814 0.664845 0.624611 -0.384715
1305031801.149557 -0.13501 0.247031 -0.0752253 0.127982 0.675282 0.60989 -0.394517
1305031801.183875 -0.138001 0.241603 -0.0832331 0.112348 0.686891 0.592838 -0.405085
1305031801.213176 -0.143108 0.234509 -0.0939949 0.0984212 0.697398 0.57508 -0.416203
1305031801.253746 -0.15401 0.22123 -0.109961 0.087021 0.705945 0.559595 -0.425343
1305031801.285341 -0.153349 0.212687 -0.120399 0.0764438 0.714516 0.543909 -0.433335
1305031801.318014 -0.158245 0.202395 -0.133475 0.0658732 0.722631 0.529858 -0.438986
1305031801.353094 -0.160665 0.189706 -0.14986 0.0562234 0.728861 0.516998 -0.445316
1305031801.385194 -0.16558 0.176021 -0.166982 0.0480996 0.733708 0.505889 -0.45103
1305031801.417407 -0.168463 0.166925 -0.175159 0.0394576 0.739912 0.494397 -0.454465
1305031801.453727 -0.174327 0.153402 -0.187126 0.0327157 0.745229 0.484114 -0.457373
1305031801.485350 -0.176129 0.146473 -0.194179 0.0261935 0.751138 0.471985 -0.460792
1305031801.521131 -0.181252 0.13258 -0.207089 0.0216304 0.756989 0.460445 -0.463123
1305031801.550374 -0.18031 0.12774 -0.210595 0.0151414 0.76427 0.44746 -0.464152
1305031801.585137 -0.186184 0.115912 -0.218825 0.00945717 0.770741 0.436423 -0.464109
1305031801.621227 -0.191536 0.105266 -0.224832 0.00401652 0.777629 0.42353 -0.464641
1305031801.653135 -0.190687 0.0979509 -0.231467 -0.00387889 0.78488 0.408178 -0.46619
1305031801.685234 -0.195531 0.0865644 -0.238064 -0.0118027 0.792413 0.393141 -0.466235
1305031801.721833 -0.197295 0.0776343 -0.242105 -0.0218492 0.799849 0.377502 -0.466102
1305031801.752492 -0.199853 0.065777 -0.247823 -0.0302989 0.806575 0.362361 -0.466054
1305031801.785189 -0.197055 0.0601304 -0.250865 -0.0407466 0.812668 0.347671 -0.465864
1305031801.821431 -0.199949 0.0513513 -0.253208 -0.0514961 0.817022 0.335593 -0.466042
1305031801.851024 -0.201098 0.039134 -0.260156 -0.0601665 0.820593 0.32259 -0.467906
1305031801.885594 -0.20314 0.0258155 -0.264721 -0.0675376 0.824724 0.309225 -0.468661
1305031801.921490 -0.200466 0.0224638 -0.267262 -0.0746121 0.828222 0.296387 -0.469714
1305031801.953537 -0.199153 0.0180932 -0.270789 -0.0790766 0.831563 0.285711 -0.469694
1305031801.985210 -0.202132 0.0113262 -0.27169 -0.0813308 0.835246 0.27655 -0.468257
1305031802.019644 -0.208032 0.00121897 -0.271766 -0.0813932 0.838801 0.267069 -0.467393
1305031802.053402 -0.211634 -0.00350441 -0.269047 -0.08371 0.841779 0.256557 -0.467518
1305031802.085036 -0.218268 -0.0164267 -0.270643 -0.0874874 0.843217 0.248175 -0.468758
1305031802.121342 -0.224214 -0.0254624 -0.269371 -0.0952392 0.844393 0.237765 -0.470523
1305031802.153506 -0.227368 -0.0306093 -0.265434 -0.105003 0.844269 0.226817 -0.474058
1305031802.184646 -0.228112 -0.024907 -0.258228 -0.112896 0.842844 0.216297 -0.479665
1305031802.219780 -0.230469 -0.0281032 -0.253848 -0.117715 0.840214 0.211525 -0.485215
1305031802.253201 -0.233211 -0.0280134 -0.244533 -0.121248 0.837045 0.207555 -0.491498
1305031802.285410 -0.238356 -0.0318909 -0.232318 -0.12084 0.834051 0.205814 -0.497384
1305031802.321392 -0.24104 -0.0296873 -0.225536 0.120292 -0.830501 -0.206951 0.502925
1305031802.353673 -0.245049 -0.031024 -0.220242 0.121021 -0.826784 -0.211638 0.506908
1305031802.385256 -0.24886 -0.0321643 -0.215829 0.123089 -0.822909 -0.214109 0.511656
1305031802.421381 -0.249602 -0.0283561 -0.20806 0.124475 -0.81932 -0.214671 0.516823
1305031802.449815 -0.254151 -0.0273087 -0.201223 0.12522 -0.815512 -0.218974 0.520846
1305031802.485366 -0.256281 -0.0247638 -0.197635 0.125286 -0.811798 -0.222786 0.524997
1305031802.521559 -0.255126 -0.0188931 -0.187445 0.124141 -0.808729 -0.226902 0.528234
1305031802.553684 -0.255518 -0.0123535 -0.181257 0.121831 -0.803472 -0.237044 0.532326
1305031802.585533 -0.257322 -0.00638756 -0.176972 0.119456 -0.796763 -0.249876 0.53706
1305031802.621150 -0.257202 0.00728214 -0.162635 0.11617 -0.789645 -0.263036 0.541986
1305031802.651432 -0.258215 0.0177507 -0.157399 0.109552 -0.778172 -0.282929 0.549884
1305031802.685539 -0.260494 0.0254719 -0.149745 0.0998519 -0.767074 -0.302149 0.557052
1305031802.721583 -0.260864 0.038074 -0.138034 0.0903011 -0.75801 -0.319217 0.561552
1305031802.751226 -0.261268 0.054133 -0.125522 0.0816639 -0.748109 -0.337339 0.565546
1305031802.789007 -0.266252 0.0609945 -0.12303 0.0711124 -0.736265 -0.356134 0.570965
1305031802.821805 -0.267707 0.0743185 -0.115727 0.062966 -0.724637 -0.369609 0.578189
1305031802.853857 -0.268662 0.0863084 -0.109673 0.0534887 -0.712344 -0.380258 0.58744
1305031802.890975 -0.269372 0.0971056 -0.098445 0.0434229 -0.701079 -0.389552 0.595679
1305031802.921571 -0.26998 0.109332 -0.0915027 0.0358129 -0.690012 -0.399016 0.602801
1305031802.954186 -0.270713 0.120558 -0.0854448 0.0305661 -0.678487 -0.407792 0.610252
1305031802.989730 -0.271842 0.128746 -0.0802948 0.0258585 -0.666435 -0.415162 0.618723
1305031803.021911 -0.271164 0.138933 -0.0738027 0.0218411 -0.653524 -0.421244 0.628465
1305031803.053859 -0.270312 0.148888 -0.0637832 0.0171619 -0.641102 -0.426644 0.637693
1305031803.089624 -0.269453 0.156686 -0.0576718 0.0114508 -0.628862 -0.430578 0.647294
1305031803.122288 -0.265324 0.16461 -0.0510166 0.00553014 -0.617135 -0.433823 0.656429
1305031803.153738 -0.26264 0.169575 -0.0436465 -0.00166906 -0.604755 -0.438822 0.664599
1305031803.189456 -0.260409 0.176366 -0.0362719 -0.00961439 -0.593393 -0.441084 0.67322
1305031803.222097 -0.255174 0.178896 -0.0291222 -0.0167823 -0.582507 -0.444023 0.680614
1305031803.253833 -0.251791 0.184478 -0.0225981 -0.0238099 -0.571004 -0.447833 0.687621
1305031803.289513 -0.249608 0.189448 -0.017809 -0.03115 -0.559433 -0.45039 0.695129
1305031803.317616 -0.246024 0.196782 -0.0105368 -0.0372004 -0.548657 -0.453251 0.701531
1305031803.353839 -0.242512 0.203353 -0.00621321 -0.0438981 -0.537352 -0.456899 0.707503
1305031803.393279 -0.238492 0.20917 -0.00349215 -0.0516086 -0.526552 -0.460141 0.71298
1305031803.421427 -0.236211 0.213048 0.000624198 -0.0591751 -0.517166 -0.461862 0.718131
1305031803.449958 -0.232714 0.217536 0.0058378 -0.0642051 -0.508673 -0.464622 0.721975
1305031803.489758 -0.230161 0.221305 0.00936043 -0.0700143 -0.499401 -0.466502 0.72668
1305031803.517807 -0.226451 0.224748 0.0127176 -0.0761397 -0.490816 -0.467701 0.73113
1305031803.553175 -0.22282 0.227508 0.0170513 -0.0822034 -0.483543 -0.468127 0.735036
1305031803.588621 -0.21862 0.229056 0.019236 -0.0891712 -0.477093 -0.468325 0.738306
1305031803.617801 -0.215187 0.231785 0.0222358 -0.0956668 -0.47183 -0.470447 0.739525
1305031803.654299 -0.211415 0.234244 0.0271728 -0.101364 -0.466441 -0.475032 0.739253
1305031803.686328 -0.207721 0.235717 0.0315089 -0.106622 -0.459791 -0.47898 0.740132
1305031803.721631 -0.205004 0.236274 0.0339979 -0.114598 -0.452297 -0.481373 0.742002
1305031803.754202 -0.20182 0.238232 0.0355151 -0.125451 -0.44493 -0.485401 0.742077
1305031803.789665 -0.198442 0.239299 0.0416054 -0.136907 -0.439146 -0.490186 0.74035
1305031803.822228 -0.193047 0.241196 0.0455718 -0.146804 -0.43344 -0.494695 0.738815
1305031803.854272 -0.187637 0.243777 0.0501918 -0.157055 -0.427343 -0.50138 0.735746
1305031803.894274 -0.179807 0.246541 0.0549254 -0.165631 -0.420973 -0.508987 0.732307
1305031803.922306 -0.173401 0.248209 0.0582969 -0.174335 -0.414001 -0.51521 0.729905
1305031803.953878 -0.167258 0.249878 0.0622852 -0.18433 -0.40701 -0.520905 0.727334
1305031803.986986 -0.160055 0.252183 0.0657847 -0.19489 -0.400747 -0.525744 0.724572
1305031804.021991 -0.149478 0.255871 0.0688732 -0.203576 -0.394989 -0.529889 0.722322
1305031804.057867 -0.141264 0.259196 0.0745035 -0.213407 -0.38911 -0.533081 0.720324
1305031804.090568 -0.134991 0.262273 0.0813998 -0.222564 -0.383697 -0.537103 0.717463
1305031804.121807 -0.12922 0.264272 0.0858471 -0.229377 -0.37839 -0.540444 0.715625
1305031804.159547 -0.124461 0.266101 0.0899306 -0.236389 -0.372694 -0.541773 0.715327
1305031804.190025 -0.122966 0.266923 0.0969401 -0.243714 -0.368599 -0.542768 0.714235
1305031804.221943 -0.124313 0.267653 0.103843 -0.248336 -0.366692 -0.542223 0.71404
1305031804.257543 -0.125081 0.267403 0.10644 -0.249545 -0.365002 -0.539809 0.716309
1305031804.289105 -0.131696 0.266219 0.108191 -0.249261 -0.364446 -0.536576 0.719114
1305031804.322186 -0.139367 0.261677 0.110006 -0.245872 -0.367511 -0.532413 0.72181
1305031804.357487 -0.146399 0.256333 0.112907 -0.239101 -0.373539 -0.526545 0.725287
1305031804.388583 -0.154532 0.249516 0.110242 -0.228106 -0.379648 -0.520254 0.730181
1305031804.420347 -0.158706 0.240373 0.104762 -0.214205 -0.385833 -0.512257 0.736772
1305031804.458421 -0.16413 0.230868 0.0978403 -0.198085 -0.39255 -0.503932 0.743446
1305031804.488618 -0.168695 0.220153 0.0880148 -0.180309 -0.398907 -0.495519 0.75021
1305031804.520334 -0.174504 0.208347 0.082271 -0.164231 -0.405587 -0.486975 0.755894
1305031804.553325 -0.180309 0.195664 0.0753679 -0.147325 -0.41236 -0.478235 0.761274
1305031804.588603 -0.18683 0.183841 0.0672943 -0.130208 -0.417977 -0.469376 0.766825
1305031804.620878 -0.19155 0.172341 0.0596768 -0.113278 -0.42354 -0.460144 0.772038
1305031804.657048 -0.195979 0.161523 0.0511781 -0.095469 -0.428542 -0.452913 0.775952
1305031804.689811 -0.201843 0.150676 0.0458546 -0.0770543 -0.432683 -0.445833 0.779792
1305031804.721742 -0.207116 0.139562 0.0383605 -0.056729 -0.436333 -0.437719 0.784086
1305031804.761864 -0.213825 0.127928 0.0300656 -0.0348104 -0.439812 -0.42931 0.788062
1305031804.794542 -0.220145 0.116912 0.0202169 -0.0108964 -0.443422 -0.420075 0.7917
1305031804.822160 -0.225789 0.107201 0.0106651 0.0152015 -0.446437 -0.410337 0.795036
1305031804.857799 -0.231505 0.0976468 0.00109721 0.0418436 -0.448758 -0.398494 0.798789
1305031804.889635 -0.235546 0.087762 -0.012642 0.0681738 -0.450561 -0.386195 0.801995
1305031804.921987 -0.238214 0.0836233 -0.0246442 0.0912274 -0.452708 -0.372566 0.804937
1305031804.958018 -0.243436 0.0791581 -0.0375527 0.109665 -0.454466 -0.361197 0.806825
1305031804.989454 -0.248595 0.0727566 -0.0479384 0.125606 -0.456751 -0.350605 0.807882
1305031805.021251 -0.254328 0.0661146 -0.0595424 0.140042 -0.458815 -0.33756 0.809893
1305031805.053799 -0.260925 0.0617869 -0.0695263 0.152632 -0.46038 -0.323595 0.812425
1305031805.088981 -0.269121 0.0551726 -0.0813234 0.163843 -0.461682 -0.312288 0.813927
1305031805.120822 -0.273367 0.0508546 -0.0904668 0.173888 -0.464721 -0.300224 0.814652
1305031805.156816 -0.277247 0.0475859 -0.0994185 0.183466 -0.467403 -0.289798 0.814793
1305031805.188114 -0.284157 0.042159 -0.108726 0.191464 -0.468615 -0.28233 0.814879
1305031805.224830 -0.289401 0.0378912 -0.118942 0.199957 -0.46891 -0.275096 0.815144
1305031805.256506 -0.296 0.0375987 -0.131281 0.208164 -0.468139 -0.266996 0.816224
1305031805.288719 -0.299493 0.0305896 -0.140395 0.215087 -0.468475 -0.259954 0.81651
1305031805.324692 -0.303902 0.0234078 -0.153698 0.225643 -0.465706 -0.255832 0.816547
1305031805.360488 -0.30887 0.0232247 -0.161563 0.240402 -0.461521 -0.249154 0.816776
1305031805.392685 -0.317028 0.0203944 -0.175795 0.255248 -0.457623 -0.239417 0.817377
1305031805.426082 -0.320149 0.0138656 -0.190003 0.269631 -0.455118 -0.229452 0.817016
1305031805.455941 -0.320705 0.00333963 -0.200182 0.28536 -0.453446 -0.222145 0.814619
1305031805.488250 -0.321684 -0.00879842 -0.215971 0.302879 -0.449204 -0.217858 0.811797
1305031805.524339 -0.322291 -0.000568494 -0.218427 0.324852 -0.445612 -0.209811 0.807388
1305031805.555936 -0.319805 -0.0107607 -0.233879 0.341616 -0.442124 -0.203923 0.803888
1305031805.587800 -0.329905 0.00479 -0.238829 0.358646 -0.437965 -0.195365 0.800866
1305031805.626288 -0.331114 0.00907323 -0.252667 0.372269 -0.435305 -0.189494 0.797504
1305031805.653600 -0.33373 0.0155446 -0.257625 0.380093 -0.431547 -0.184375 0.797055
1305031805.688826 -0.328108 0.00247352 -0.271119 0.380773 -0.428973 -0.18016 0.799081
1305031805.724499 -0.314686 -0.0241701 -0.28085 0.376042 -0.427208 -0.180677 0.802145
1305031805.756662 -0.313138 -0.0331269 -0.297172 0.366463 -0.42218 -0.182078 0.808896
1305031805.788800 -0.305578 -0.0367976 -0.295811 0.3536 -0.419439 -0.183988 0.815587
1305031805.825010 -0.314833 -0.0389726 -0.318107 0.33022 -0.410907 -0.190308 0.828184
1305031805.856722 -0.31125 -0.021036 -0.298457 0.309066 -0.405183 -0.196047 0.837775
1305031805.888558 -0.3117 -0.0202625 -0.289432 0.28827 -0.401298 -0.201396 0.845753
1305031805.924334 -0.308928 -0.0269659 -0.273152 0.268435 -0.397804 -0.207087 0.85253
1305031805.956398 -0.307931 -0.0325912 -0.272013 0.24922 -0.393036 -0.210818 0.859631
1305031805.990628 -0.301547 -0.0344723 -0.263171 0.232227 -0.388458 -0.215344 0.86533
1305031806.026273 -0.298349 -0.0367217 -0.253956 0.217246 -0.381793 -0.219341 0.871163
1305031806.056329 -0.293764 -0.040705 -0.240435 0.203746 -0.374512 -0.222313 0.876814
1305031806.091003 -0.288392 -0.0441292 -0.231668 0.192862 -0.36628 -0.225503 0.881923
1305031806.126194 -0.282339 -0.0374694 -0.220294 0.183857 -0.356356 -0.230391 0.886637
1305031806.160305 -0.276812 -0.0320746 -0.207757 0.172976 -0.347366 -0.232464 0.891838
1305031806.186461 -0.271247 -0.0255093 -0.198097 0.15995 -0.338622 -0.234917 0.896975
1305031806.226737 -0.263849 -0.0200345 -0.186357 0.144599 -0.330623 -0.238815 0.901524
1305031806.256407 -0.260361 -0.0204035 -0.176538 0.129615 -0.322042 -0.244271 0.905438
1305031806.292064 -0.252647 -0.0138343 -0.164605 0.117214 -0.313475 -0.249526 0.908697
1305031806.324430 -0.24772 -0.00974286 -0.154073 0.102002 -0.304666 -0.251399 0.913001
1305031806.356698 -0.242835 -0.00450349 -0.144628 0.0863577 -0.296874 -0.252505 0.916869
1305031806.388772 -0.236728 0.00209114 -0.133666 0.0703298 -0.290312 -0.25463 0.919747
1305031806.428086 -0.23134 0.00539838 -0.122921 0.053117 -0.284288 -0.255233 0.922612
1305031806.458170 -0.226472 0.00760893 -0.112739 0.0400648 -0.279089 -0.25546 0.924793
1305031806.493660 -0.217353 0.0140399 -0.102032 0.0318857 -0.272588 -0.259542 0.925913
1305031806.531887 -0.210295 0.0201012 -0.0928337 0.022557 -0.262541 -0.260887 0.928709
1305031806.556751 -0.202535 0.0296479 -0.0836086 0.0122975 -0.254715 -0.259374 0.9315
1305031806.594170 -0.194874 0.0377714 -0.0751084 -0.000806255 -0.247252 -0.261653 0.932953
1305031806.625910 -0.189418 0.0418597 -0.0662408 -0.0154111 -0.239065 -0.264255 0.934226
1305031806.660594 -0.18307 0.0460539 -0.05827 -0.0289628 -0.231039 -0.263225 0.936212
1305031806.695601 -0.178869 0.0502242 -0.0523102 -0.0436638 -0.223132 -0.259987 0.938462
1305031806.725479 -0.174595 0.0540297 -0.0465401 -0.0589259 -0.217927 -0.256257 0.939876
1305031806.757877 -0.170426 0.0586123 -0.0413424 -0.0737185 -0.214033 -0.252542 0.940732
1305031806.793755 -0.166476 0.0633915 -0.0361509 -0.0868763 -0.211387 -0.249658 0.940977
1305031806.821694 -0.161752 0.0683131 -0.0309246 -0.0974525 -0.207208 -0.248217 0.941252
1305031806.857332 -0.157854 0.0741198 -0.0265871 -0.107605 -0.200067 -0.247228 0.941951
1305031806.893667 -0.154266 0.0800466 -0.0220334 -0.1178 -0.193779 -0.246416 0.942258
1305031806.925528 -0.151748 0.0841013 -0.0182153 -0.128782 -0.187779 -0.243889 0.942694
1305031806.957342 -0.148968 0.0897343 -0.0142436 -0.14004 -0.183054 -0.240402 0.942913
1305031806.994718 -0.145533 0.0963352 -0.0103806 -0.149277 -0.178852 -0.23776 0.942973
1305031807.025349 -0.14363 0.102436 -0.00766282 -0.157086 -0.173219 -0.234585 0.943551
1305031807.057482 -0.141613 0.107209 -0.00493649 -0.163967 -0.167772 -0.231054 0.944235
1305031807.094797 -0.139689 0.112579 -0.00272345 -0.169735 -0.162788 -0.227219 0.945019
1305031807.125639 -0.138845 0.118496 -0.00100822 -0.172974 -0.157685 -0.223244 0.946243
1305031807.158021 -0.138556 0.122378 0.000272466 -0.174799 -0.152319 -0.217879 0.948036
1305031807.193815 -0.139846 0.124673 0.00139153 -0.175353 -0.146953 -0.212385 0.950025
1305031807.226069 -0.141867 0.126411 0.00213944 -0.174732 -0.140844 -0.206431 0.952374
1305031807.258189 -0.144781 0.128924 0.00241142 -0.170841 -0.134342 -0.200257 0.955334
1305031807.294600 -0.148544 0.127714 0.00314833 -0.16578 -0.127059 -0.192755 0.958758
1305031807.325779 -0.151842 0.125923 0.00318871 -0.15737 -0.119919 -0.182879 0.963021
1305031807.356999 -0.157376 0.122453 0.00235632 -0.146339 -0.113611 -0.173332 0.967281
1305031807.394901 -0.163641 0.115455 0.000501867 -0.135003 -0.107167 -0.164902 0.971131
1305031807.425389 -0.170216 0.11108 -0.00235701 -0.119222 -0.0998615 -0.157279 0.975232
1305031807.456981 -0.177378 0.0992446 -0.0035983 -0.101589 -0.0930394 -0.146484 0.979574
1305031807.493776 -0.182387 0.0888036 -0.00589903 -0.0749097 -0.086113 -0.137263 0.983937
1305031807.525569 -0.187576 0.0877057 -0.0102027 -0.0405853 -0.077768 -0.130286 0.987588
1305031807.558514 -0.189963 0.0817646 -0.0135352 -0.0155455 -0.0710334 -0.124622 0.989536
1305031807.593758 -0.193846 0.0708344 -0.0178789 0.00835282 -0.0625068 -0.118147 0.990992
1305031807.625726 -0.197756 0.0673461 -0.023328 0.034599 -0.0531999 -0.113683 0.991488
1305031807.657923 -0.202763 0.0601115 -0.0283054 0.053885 -0.0458256 -0.109323 0.991486
1305031807.695218 -0.207873 0.047757 -0.0341348 0.0717386 -0.0406893 -0.104215 0.991129
1305031807.725763 -0.211551 0.0393197 -0.0411338 0.0946506 -0.0358537 -0.098959 0.989931
1305031807.763921 -0.215234 0.030728 -0.0489601 0.114681 -0.0300056 -0.0935838 0.988529
1305031807.794370 -0.22186 0.0225782 -0.0571349 0.135413 -0.0249757 -0.0874512 0.986606
1305031807.825649 -0.226086 0.0168263 -0.0653728 0.156113 -0.0238367 -0.081169 0.98411
1305031807.862767 -0.225972 0.0101472 -0.0739761 0.174312 -0.0233005 -0.0782188 0.981302
1305031807.895051 -0.228381 0.0026287 -0.0820841 0.190271 -0.0207869 -0.0751489 0.97863
1305031807.922091 -0.231261 -0.00476524 -0.0910378 0.206518 -0.0184558 -0.0720156 0.975614
1305031807.960371 -0.23327 -0.0135625 -0.101048 0.222429 -0.0172757 -0.0691253 0.972342
1305031807.990310 -0.235797 -0.0205349 -0.111057 0.238246 -0.0171542 -0.0657973 0.968821
1305031808.025493 -0.236738 -0.0265226 -0.120235 0.254071 -0.0182297 -0.0615586 0.965052
1305031808.060837 -0.238415 -0.0342444 -0.130364 0.269583 -0.0196752 -0.0566249 0.961109
1305031808.094509 -0.238954 -0.0410634 -0.140307 0.285967 -0.0219759 -0.0536341 0.956485
1305031808.124869 -0.237123 -0.0491158 -0.151812 0.302144 -0.024136 -0.0518095 0.951547
1305031808.160774 -0.237302 -0.059305 -0.164987 0.318025 -0.0256634 -0.0494111 0.946446
1305031808.193540 -0.237986 -0.0665617 -0.177085 0.336551 -0.0269029 -0.0488553 0.940012
1305031808.224541 -0.237007 -0.0692213 -0.187352 0.354547 -0.0293019 -0.0484106 0.933324
1305031808.259528 -0.238118 -0.0753388 -0.200945 0.366923 -0.0326218 -0.0479413 0.928441
1305031808.292602 -0.236873 -0.0799045 -0.209781 0.379462 -0.0357524 -0.0493258 0.923199
1305031808.324524 -0.235139 -0.0863362 -0.222428 0.393348 -0.0369127 -0.0497607 0.917299
1305031808.362374 -0.232918 -0.0920414 -0.235656 0.4071 -0.0383006 -0.0483646 0.911297
1305031808.394090 -0.235132 -0.0961139 -0.247724 0.419976 -0.0393932 -0.0473024 0.905444
1305031808.427040 -0.237699 -0.0971604 -0.26013 0.431429 -0.0395438 -0.0479911 0.9
1305031808.462622 -0.249832 -0.0884521 -0.26219 0.445265 -0.0368 -0.0463406 0.89344
1305031808.493893 -0.239095 -0.106711 -0.287289 0.454343 -0.0373376 -0.0440859 0.88895
1305031808.524551 -0.241046 -0.107507 -0.30115 0.465267 -0.0377155 -0.0396874 0.883474
1305031808.561866 -0.239521 -0.112239 -0.313901 0.474164 -0.0392292 -0.0370256 0.878781
1305031808.590231 -0.235855 -0.112717 -0.316243 0.485076 -0.0387402 -0.0356425 0.872884
1305031808.624717 -0.233602 -0.114318 -0.316506 0.496406 -0.0342103 -0.0311045 0.866857
1305031808.661004 -0.227454 -0.114101 -0.327011 0.506421 -0.0269784 -0.0270425 0.861438
1305031808.692608 -0.226298 -0.117222 -0.342875 0.513662 -0.0195693 -0.0227233 0.857467
1305031808.724581 -0.208708 -0.116921 -0.349962 0.521239 -0.0155552 -0.0226529 0.852966
1305031808.761035 -0.202008 -0.116451 -0.351959 0.528261 -0.00696748 -0.0228755 0.848743
1305031808.792909 -0.200599 -0.114585 -0.351169 0.536792 0.00502808 -0.0209514 0.843438
1305031808.824645 -0.203935 -0.112801 -0.356187 0.542492 0.0177251 -0.0154097 0.839731
1305031808.860603 -0.201293 -0.116241 -0.372745 0.54104 0.0292678 -0.0111353 0.840411
1305031808.894236 -0.194349 -0.115126 -0.380823 0.53685 0.0399545 -0.00784496 0.842693
1305031808.924712 -0.192839 -0.118477 -0.396425 0.527671 0.0488412 -0.00369702 0.848034
1305031808.960766 -0.188707 -0.118073 -0.401903 0.515014 0.0573748 -0.00169567 0.855256
1305031808.994453 -0.18475 -0.112091 -0.394348 0.501411 0.0644763 0.00192311 0.8628
1305031809.029773 -0.176676 -0.102591 -0.383123 0.48789 0.069878 0.00523257 0.870086
1305031809.063418 -0.167867 -0.0960915 -0.369666 0.47369 0.0758292 0.00746852 0.877388
1305031809.097271 -0.159423 -0.0892588 -0.35747 0.460188 0.0829717 0.00885983 0.88389
1305031809.131663 -0.151944 -0.0816493 -0.338884 0.44898 0.0930277 0.00966919 0.888632
1305031809.161507 -0.152586 -0.0761729 -0.334893 0.435646 0.103829 0.0146949 0.893988
1305031809.194288 -0.156189 -0.0714911 -0.329583 0.421948 0.112932 0.0222196 0.899283
1305031809.229538 -0.153799 -0.0647037 -0.320994 0.409198 0.118833 0.0298405 0.904181
1305031809.261343 -0.15311 -0.0577056 -0.313235 0.394825 0.123952 0.0360553 0.909641
1305031809.294460 -0.152561 -0.0464393 -0.299351 0.380029 0.129614 0.0429845 0.914838
1305031809.330064 -0.145944 -0.0412763 -0.291758 0.365886 0.132921 0.0500236 0.919759
1305031809.359534 -0.144867 -0.0319938 -0.283515 0.353091 0.136489 0.0556346 0.923905
1305031809.393838 -0.145124 -0.023614 -0.275417 0.339718 0.139917 0.0602898 0.928105
1305031809.428411 -0.147356 -0.0190126 -0.268919 0.325383 0.142202 0.0637722 0.93265
1305031809.462164 -0.149315 -0.0157644 -0.263285 0.312677 0.143887 0.0673124 0.936481
1305031809.493873 -0.154319 -0.0140381 -0.258224 0.301149 0.145351 0.0729427 0.939607
1305031809.530074 -0.157555 -0.00961108 -0.252826 0.290784 0.145317 0.0777359 0.942488
1305031809.563364 -0.160223 -0.00324129 -0.246932 0.280589 0.146008 0.0797945 0.945295
1305031809.594021 -0.163124 0.00172659 -0.241534 0.270077 0.14793 0.0807206 0.947976
1305031809.631035 -0.167108 0.00355931 -0.236935 0.260107 0.151192 0.0819904 0.950138
1305031809.662949 -0.171358 0.00958892 -0.231736 0.251972 0.154307 0.0835401 0.951693
1305031809.693782 -0.175204 0.0150062 -0.227508 0.24281 0.156441 0.0858153 0.953522
1305031809.731309 -0.178956 0.0207074 -0.223241 0.23321 0.157657 0.0893851 0.955388
1305031809.758942 -0.181157 0.0256125 -0.218947 0.223258 0.158281 0.0923884 0.957375
1305031809.793369 -0.183346 0.0301993 -0.214155 0.213121 0.15943 0.0965615 0.959081
1305031809.830391 -0.18583 0.0364959 -0.209376 0.203247 0.160918 0.102189 0.960392
1305031809.861943 -0.187687 0.0431672 -0.204285 0.193002 0.162553 0.106253 0.961788
1305031809.895169 -0.188081 0.0477986 -0.199662 0.181595 0.165052 0.109494 0.963219
1305031809.929860 -0.188515 0.053853 -0.194543 0.171256 0.168597 0.113552 0.964029
1305031809.963228 -0.189253 0.0610682 -0.191249 0.160987 0.171834 0.118347 0.96465
1305031809.994224 -0.189922 0.067753 -0.187889 0.150214 0.174474 0.122971 0.965335
1305031810.030062 -0.189425 0.0744553 -0.1834 0.13872 0.176302 0.127759 0.966101
1305031810.062155 -0.188741 0.0785521 -0.180929 0.127984 0.178474 0.132419 0.966557
1305031810.095183 -0.188375 0.0852674 -0.177824 0.119447 0.18125 0.137694 0.966396
1305031810.131056 -0.187746 0.0920195 -0.175485 0.110199 0.183099 0.142815 0.966403
1305031810.161700 -0.185709 0.0976074 -0.174617 0.0997497 0.18542 0.144459 0.966851
1305031810.197185 -0.184904 0.102573 -0.171955 0.0902186 0.189449 0.147025 0.966619
1305031810.230520 -0.184017 0.110778 -0.172679 0.0822503 0.192703 0.150446 0.96616
1305031810.262762 -0.183886 0.118773 -0.172224 0.0725786 0.195334 0.153018 0.966003
1305031810.298074 -0.182891 0.12627 -0.172192 0.0603084 0.196602 0.154476 0.966358
1305031810.330937 -0.180608 0.130586 -0.171416 0.0484037 0.197437 0.156019 0.966609
1305031810.362897 -0.17819 0.135488 -0.172272 0.0388566 0.19877 0.159829 0.966144
1305031810.396861 -0.17623 0.143489 -0.173101 0.0310429 0.199344 0.166267 0.965222
1305031810.429920 -0.173575 0.150004 -0.173675 0.0218582 0.198576 0.172245 0.964583
1305031810.461399 -0.170258 0.157518 -0.176019 0.0113151 0.196849 0.176123 0.964418
1305031810.496777 -0.166469 0.161969 -0.17694 -0.00239701 0.195932 0.180588 0.963843
1305031810.529947 -0.163519 0.164707 -0.174439 -0.0144199 0.197697 0.185189 0.962503
1305031810.561970 -0.158798 0.17357 -0.179709 -0.0232879 0.198773 0.189741 0.961221
1305031810.598116 -0.155574 0.180424 -0.179582 -0.0326397 0.201339 0.194468 0.959468
1305031810.630327 -0.15251 0.188008 -0.179996 -0.0383657 0.203694 0.200417 0.957533
1305031810.661881 -0.148737 0.189371 -0.176159 -0.043351 0.20681 0.206917 0.955267
1305031810.698469 -0.1413 0.18942 -0.176159 -0.0445667 0.210124 0.213339 0.953073
1305031810.729616 -0.13276 0.18824 -0.176556 -0.0428535 0.214726 0.218056 0.951056
1305031810.762055 -0.1279 0.190007 -0.179998 -0.0361269 0.221931 0.222975 0.948537
1305031810.798335 -0.124271 0.190079 -0.182684 -0.0285314 0.229766 0.226716 0.94604
1305031810.826635 -0.117489 0.186345 -0.187741 -0.019185 0.238081 0.228458 0.943799
1305031810.859437 -0.111898 0.182533 -0.19444 -0.00671505 0.249173 0.229496 0.94085
1305031810.896721 -0.108781 0.184362 -0.201057 0.00901801 0.261669 0.229784 0.937361
1305031810.931542 -0.110271 0.182665 -0.204099 0.022453 0.273541 0.230157 0.933648
1305031810.962074 -0.100388 0.175399 -0.209654 0.0381326 0.283189 0.230877 0.930078
1305031810.999156 -0.104401 0.183348 -0.214941 0.061101 0.296059 0.230318 0.924969
1305031811.030567 -0.10628 0.184509 -0.221845 0.0772307 0.306175 0.232073 0.920018
1305031811.062402 -0.103242 0.177606 -0.227146 0.0899897 0.313894 0.233262 0.915947
1305031811.098594 -0.102297 0.174972 -0.234569 0.1069 0.322167 0.231778 0.911624
1305031811.130054 -0.105651 0.180473 -0.244385 0.124384 0.330619 0.231739 0.906375
1305031811.163124 -0.104844 0.178047 -0.249927 0.134632 0.338159 0.23217 0.902008
1305031811.196680 -0.104453 0.175024 -0.256233 0.144645 0.345229 0.230097 0.898303
1305031811.226245 -0.102457 0.170473 -0.263309 0.155589 0.352834 0.228327 0.89396
1305031811.258835 -0.101537 0.168498 -0.269858 0.166179 0.362032 0.227032 0.888691
1305031811.297420 -0.0988863 0.162516 -0.278936 0.176585 0.371572 0.225813 0.883039
1305031811.330119 -0.0991519 0.155857 -0.288126 0.189556 0.382055 0.223545 0.876429
1305031811.362347 -0.102911 0.150238 -0.293949 0.205603 0.393916 0.222623 0.867752
1305031811.399651 -0.101449 0.13794 -0.306831 0.220369 0.40223 0.222146 0.860405
1305031811.430784 -0.108241 0.130638 -0.312738 0.23736 0.411825 0.218061 0.852353
1305031811.466212 -0.111398 0.118567 -0.329015 0.25215 0.420183 0.21451 0.844895
1305031811.497813 -0.115491 0.113981 -0.336756 0.266758 0.429319 0.210928 0.836679
1305031811.530073 -0.119088 0.106202 -0.345494 0.27704 0.438501 0.207243 0.829465
1305031811.566308 -0.131995 0.1024 -0.337556 0.289105 0.450162 0.203136 0.820063
1305031811.598269 -0.139339 0.0984124 -0.33998 0.301311 0.459749 0.198041 0.811552
1305031811.630831 -0.143475 0.0834826 -0.350937 0.313256 0.467549 0.196099 0.802999
1305031811.663366 -0.151936 0.0649789 -0.359967 0.326516 0.474615 0.193875 0.794062
1305031811.698740 -0.159031 0.0494608 -0.370664 0.337851 0.479224 0.19193 0.786993
1305031811.733435 -0.169581 0.0329528 -0.374832 0.349456 0.484205 0.189975 0.779313
1305031811.765703 -0.177632 0.0278403 -0.376857 0.361787 0.488514 0.185517 0.772037
1305031811.799543 -0.189457 0.0157729 -0.378401 0.371725 0.493253 0.183544 0.764739
1305031811.831559 -0.201251 0.00326392 -0.375515 0.382513 0.49896 0.181443 0.75617
1305031811.866219 -0.210167 -0.00929201 -0.382577 0.392098 0.501854 0.180298 0.749591
1305031811.899601 -0.21904 -0.0205302 -0.391276 0.400532 0.503878 0.177941 0.744318
1305031811.929778 -0.226365 -0.0313545 -0.400839 0.408388 0.506305 0.174391 0.739225
1305031811.965910 -0.233712 -0.0390623 -0.410595 0.41637 0.509327 0.169841 0.733734
1305031811.997697 -0.243008 -0.0486 -0.416316 0.426011 0.513545 0.166252 0.726042
1305031812.031513 -0.25022 -0.0557814 -0.423212 0.435307 0.516795 0.162845 0.718959
1305031812.067293 -0.257554 -0.0618573 -0.42808 0.444175 0.519253 0.159158 0.712561
1305031812.097226 -0.260792 -0.0636638 -0.440199 0.451847 0.521128 0.153842 0.707518
1305031812.131618 -0.26011 -0.0602106 -0.445255 0.461112 0.524216 0.147703 0.700532
1305031812.165747 -0.268816 -0.0666636 -0.451531 0.468537 0.530156 0.143951 0.691862
1305031812.194229 -0.278713 -0.0746845 -0.459174 0.473904 0.535532 0.140622 0.684715
1305031812.230599 -0.28282 -0.0768512 -0.453801 0.481334 0.54105 0.135728 0.676126
1305031812.262258 -0.292271 -0.0834895 -0.453277 0.488147 0.545335 0.134897 0.667914
1305031812.295017 -0.294371 -0.0827887 -0.450864 0.494645 0.54692 0.135081 0.661773
1305031812.329535 -0.298142 -0.0870035 -0.457756 0.497685 0.549048 0.13429 0.657881
1305031812.367033 -0.302501 -0.0912254 -0.459432 0.49993 0.55438 0.132319 0.652079
1305031812.398919 -0.30081 -0.0912778 -0.448328 0.505513 0.56292 0.12928 0.640973
1305031812.431444 -0.307173 -0.0854283 -0.46344 0.508275 0.568995 0.127334 0.633772
1305031812.466128 -0.313075 -0.0780499 -0.481847 0.505368 0.573305 0.126861 0.632307
1305031812.499545 -0.318843 -0.0768518 -0.491281 0.498533 0.578278 0.129376 0.632694
1305031812.530582 -0.321102 -0.0712876 -0.49548 0.490233 0.583115 0.132164 0.634163
1305031812.566690 -0.324922 -0.0655349 -0.495874 0.481475 0.588314 0.136279 0.635198
1305031812.599029 -0.325786 -0.0568743 -0.497951 0.470927 0.59262 0.143353 0.637543
1305031812.628645 -0.323195 -0.0470038 -0.503333 0.458544 0.595952 0.149374 0.642066
1305031812.668061 -0.325738 -0.0422795 -0.50601 0.446837 0.599703 0.156791 0.645052
1305031812.698746 -0.324536 -0.0187212 -0.503505 0.436834 0.601162 0.165739 0.6483
1305031812.734013 -0.318131 -0.00608351 -0.499557 0.425918 0.602679 0.176844 0.651215
1305031812.767275 -0.314841 0.00403162 -0.495471 0.414383 0.604292 0.186102 0.654573
1305031812.799489 -0.311381 0.0129424 -0.497981 0.400119 0.60444 0.196743 0.660176
1305031812.834132 -0.3052 0.0310956 -0.489622 0.388868 0.604139 0.207033 0.664019
1305031812.866016 -0.298362 0.0507065 -0.48598 0.379079 0.601529 0.217793 0.66859
1305031812.898960 -0.291342 0.0632001 -0.484139 0.36758 0.600065 0.228606 0.672704
1305031812.934173 -0.286081 0.0755474 -0.482157 0.356546 0.598736 0.23946 0.676043
1305031812.966151 -0.281637 0.084743 -0.475315 0.344041 0.598329 0.250982 0.678699
1305031812.999091 -0.279763 0.0942852 -0.469805 0.332467 0.595785 0.264487 0.68157
1305031813.034784 -0.277001 0.104472 -0.468799 0.320179 0.592049 0.276709 0.685844
1305031813.066289 -0.274427 0.118053 -0.462795 0.30899 0.588043 0.28821 0.689676
1305031813.098588 -0.272165 0.130658 -0.459111 0.297902 0.582123 0.302035 0.693649
1305031813.135262 -0.268314 0.142815 -0.455247 0.288385 0.575296 0.31548 0.697372
1305031813.166033 -0.266152 0.151908 -0.452079 0.277843 0.567687 0.327971 0.702108
1305031813.196373 -0.263175 0.163192 -0.443596 0.267198 0.560189 0.33953 0.706754
1305031813.234674 -0.261053 0.171014 -0.437965 0.257492 0.552505 0.349965 0.7113
1305031813.267055 -0.259479 0.181592 -0.428676 0.248001 0.54449 0.360118 0.715773
1305031813.299198 -0.256946 0.1911 -0.42427 0.238191 0.536579 0.370085 0.719983
1305031813.333908 -0.25729 0.195908 -0.416155 0.226808 0.531377 0.378604 0.723081
1305031813.365437 -0.256843 0.204759 -0.409396 0.216453 0.52678 0.387994 0.724638
1305031813.398657 -0.254393 0.211465 -0.405758 0.205371 0.522166 0.39825 0.725639
1305031813.433247 -0.257419 0.223332 -0.392462 0.195631 0.519445 0.406889 0.72549
1305031813.466220 -0.261535 0.230227 -0.382994 0.18372 0.514515 0.418371 0.725586
1305031813.498088 -0.261043 0.23894 -0.378237 0.171886 0.507132 0.429871 0.726962
1305031813.534016 -0.262866 0.24706 -0.373871 0.160396 0.500948 0.439116 0.728349
1305031813.566769 -0.263555 0.254066 -0.36787 0.147061 0.496032 0.448005 0.729113
1305031813.598490 -0.263778 0.259662 -0.362215 0.134467 0.492136 0.455953 0.729258
1305031813.631475 -0.267151 0.263986 -0.355944 0.123234 0.489299 0.462548 0.728998
1305031813.661752 -0.270183 0.265482 -0.350799 0.11168 0.486732 0.469559 0.728095
1305031813.698286 -0.272359 0.267258 -0.345528 0.100226 0.483242 0.476484 0.727588
1305031813.730280 -0.276642 0.268299 -0.339497 0.0904088 0.47931 0.482354 0.727607
1305031813.764797 -0.281349 0.270576 -0.332764 0.0807749 0.474412 0.488312 0.727976
1305031813.799441 -0.286384 0.274431 -0.326195 0.0706062 0.468657 0.493855 0.729021
1305031813.833945 -0.299543 0.275603 -0.31181 0.0533277 0.459664 0.503032 0.72994
1305031813.867772 -0.304058 0.276086 -0.304425 0.0416648 0.450951 0.513349 0.728951
1305031813.899482 -0.305328 0.283607 -0.296802 0.0317876 0.440591 0.524867 0.72758
1305031813.934338 -0.310956 0.292804 -0.287839 0.0222582 0.433544 0.532318 0.726754
1305031813.965926 -0.315522 0.300169 -0.283256 0.0157569 0.427893 0.541479 0.723497
1305031814.003554 -0.314692 0.307423 -0.27951 0.0107997 0.421651 0.55147 0.719697
1305031814.033924 -0.311025 0.304623 -0.277687 0.00607055 0.41641 0.560431 0.71587
1305031814.066026 -0.311654 0.307179 -0.275747 0.0051905 0.412384 0.568331 0.711969
1305031814.102320 -0.312432 0.309029 -0.274601 0.00463624 0.409574 0.574852 0.70835
1305031814.134667 -0.305097 0.311076 -0.280777 0.00566773 0.407189 0.58075 0.704899
1305031814.166052 -0.305045 0.311433 -0.281772 0.0101584 0.410811 0.582914 0.700949
1305031814.202037 -0.303755 0.309584 -0.286995 0.0156174 0.416943 0.585753 0.694834
1305031814.234336 -0.289127 0.306206 -0.302224 0.0213712 0.422871 0.589619 0.687793
1305031814.265980 -0.304245 0.306305 -0.300747 0.0365761 0.43968 0.58617 0.67951
1305031814.302865 -0.307948 0.304685 -0.302825 0.0465713 0.451766 0.587031 0.670163
1305031814.334123 -0.31105 0.29894 -0.303244 0.0572123 0.466702 0.587054 0.65899
1305031814.365916 -0.316073 0.292144 -0.306746 0.067701 0.48206 0.5846 0.649046
1305031814.402137 -0.321768 0.289678 -0.311609 0.0785891 0.496812 0.583696 0.637403
1305031814.434097 -0.326709 0.28821 -0.317957 0.0889014 0.510911 0.583262 0.625181
1305031814.466875 -0.331459 0.287329 -0.327614 0.0983585 0.525543 0.581421 0.613235
1305031814.503242 -0.337442 0.283096 -0.337692 0.106089 0.541268 0.57955 0.599892
1305031814.535346 -0.344659 0.276406 -0.34409 0.11286 0.558242 0.57678 0.585599
1305031814.567625 -0.345446 0.280101 -0.357358 0.121042 0.571887 0.575109 0.572288
1305031814.601706 -0.346955 0.281144 -0.363266 0.13065 0.589043 0.569762 0.557939
1305031814.635644 -0.352473 0.278363 -0.376887 0.140267 0.603784 0.56557 0.543933
1305031814.667643 -0.358088 0.276009 -0.377981 0.147804 0.620478 0.558035 0.530769
1305031814.702775 -0.360065 0.27621 -0.387392 0.156014 0.632965 0.551496 0.520407
1305031814.734657 -0.363286 0.274303 -0.394724 0.163387 0.644936 0.543903 0.511354
1305031814.766015 -0.36784 0.273004 -0.399705 0.169555 0.656583 0.53618 0.5026
1305031814.801939 -0.371589 0.269832 -0.404908 0.174025 0.666556 0.529708 0.494783
1305031814.834141 -0.374527 0.270697 -0.409456 0.17751 0.6764 0.521959 0.488378
1305031814.866927 -0.376136 0.270218 -0.416822 0.180913 0.686715 0.514669 0.480406
1305031814.901856 -0.379216 0.264958 -0.42399 0.184715 0.69624 0.508088 0.472186
1305031814.934189 -0.381316 0.263889 -0.427566 0.188826 0.704725 0.500241 0.466312
1305031814.966026 -0.38334 0.263009 -0.432278 0.193604 0.711784 0.493094 0.461216
1305031815.002785 -0.38671 0.260499 -0.43668 0.198823 0.718525 0.486964 0.455013
1305031815.034070 -0.389009 0.256594 -0.439198 0.20336 0.724141 0.482098 0.44925
1305031815.066249 -0.390237 0.252893 -0.442957 0.208488 0.727849 0.477971 0.4453
1305031815.098276 -0.391303 0.250457 -0.446024 0.215093 0.730568 0.473378 0.442605
1305031815.134087 -0.393234 0.247862 -0.44777 0.221278 0.733073 0.468716 0.440368
1305031815.167703 -0.394513 0.244987 -0.45004 0.226313 0.73541 0.464289 0.4386
1305031815.200200 -0.394797 0.242804 -0.45206 0.230521 0.73809 0.458862 0.437615
1305031815.235479 -0.395163 0.240329 -0.454723 0.234627 0.741198 0.452779 0.436517
1305031815.269898 -0.395949 0.238329 -0.456798 0.238704 0.745296 0.445609 0.434702
1305031815.303120 -0.397913 0.236186 -0.457703 0.241967 0.750517 0.43735 0.432297
1305031815.335140 -0.399739 0.234372 -0.458293 0.243601 0.756143 0.429156 0.42978
1305031815.369858 -0.401303 0.230152 -0.460099 0.245679 0.762027 0.421155 0.426104
1305031815.402087 -0.403929 0.225629 -0.45987 0.248607 0.767209 0.413681 0.422411
1305031815.435520 -0.406055 0.222072 -0.459886 0.251743 0.7701 0.408175 0.420646
1305031815.469069 -0.406927 0.220516 -0.460307 0.254568 0.772346 0.403019 0.419798
1305031815.503584 -0.407908 0.217807 -0.460393 0.256549 0.774498 0.398659 0.41879
1305031815.533867 -0.409055 0.215861 -0.461113 0.257935 0.776135 0.395444 0.417966
1305031815.570080 -0.409011 0.213657 -0.461557 0.258653 0.777498 0.393205 0.417098
1305031815.602977 -0.409573 0.212882 -0.462754 0.25989 0.778151 0.392042 0.416207
1305031815.633580 -0.409599 0.212441 -0.46202 0.26067 0.778775 0.391225 0.415317
1305031815.669542 -0.410209 0.211533 -0.461556 0.261053 0.778779 0.391903 0.414429
1305031815.703270 -0.410201 0.211676 -0.461673 0.261301 0.778337 0.393039 0.414029
1305031815.734736 -0.409709 0.215349 -0.459624 0.260908 0.778372 0.393132 0.414122
1305031815.770261 -0.408537 0.214294 -0.458749 0.260109 0.778432 0.394081 0.41361
1305031815.803102 -0.408273 0.215473 -0.458514 0.260229 0.777863 0.395322 0.413421
