1305031453.374112 0 0 0 0 0 0 1
1305031453.404816 0.00291033 0.00447667 -0.00924933 -0.000820252 0.00623858 0.0111995 0.999917
1305031453.436941 0.00738431 0.00672592 -0.0184855 -9.70141e-05 0.0101727 0.0204829 0.999738
1305031453.473352 0.0122599 0.0113333 -0.0291139 0.00363943 0.0158954 0.0293909 0.999435
1305031453.505218 0.0162462 0.01494 -0.0411538 0.00728548 0.0220728 0.0392808 0.998958
1305031453.538301 0.0175586 0.0197299 -0.0538429 0.0136977 0.0271007 0.0483493 0.998369
1305031453.574074 0.0179238 0.0262283 -0.0678247 0.0212838 0.0302077 0.0551469 0.997794
1305031453.605314 0.0166502 0.0329389 -0.082026 0.029047 0.0334382 0.0593726 0.997253
1305031453.636951 0.011758 0.0382677 -0.0978981 0.0354882 0.0355999 0.0630618 0.996743
1305031453.673185 0.00198606 0.0476651 -0.111214 0.0444477 0.0343609 0.0621475 0.996485
1305031453.705487 -0.00401467 0.0572206 -0.12523 0.051836 0.029833 0.0574554 0.996555
1305031453.736856 -0.0105517 0.0664824 -0.140044 0.0566866 0.0247486 0.052768 0.996689
1305031453.773786 -0.0266828 0.0723494 -0.152464 0.060711 0.0197887 0.0454409 0.996924
1305031453.805041 -0.03336 0.080841 -0.165512 0.0655043 0.0104571 0.0376184 0.997088
1305031453.840352 -0.0442157 0.0887467 -0.17665 0.0684543 0.00388362 0.0314506 0.997151
1305031453.869618 -0.0615195 0.0981435 -0.188816 0.071215 -0.0052288 0.0236157 0.997168
1305031453.905519 -0.0760861 0.10906 -0.196613 0.0725708 -0.0191825 0.0163848 0.997044
1305031453.940012 -0.0847728 0.113759 -0.201618 0.0700631 -0.038254 0.0125576 0.99673
1305031453.972592 -0.0995208 0.120254 -0.210193 0.0682302 -0.0529063 0.00483177 0.996254
1305031454.003179 -0.111324 0.120835 -0.215233 0.0655082 -0.0644143 -0.00711302 0.995745
1305031454.040976 -0.124178 0.120884 -0.221183 0.066637 -0.0759542 -0.0165953 0.994744
1305031454.072690 -0.141313 0.128814 -0.224391 0.0688876 -0.0850929 -0.0284723 0.993581
1305031454.104619 -0.155349 0.128298 -0.228211 0.068045 -0.0954364 -0.0411675 0.992253
1305031454.141030 -0.173042 0.130735 -0.231187 0.0711362 -0.107171 -0.0554452 0.990141
1305031454.172688 -0.188287 0.138558 -0.232134 0.0731964 -0.120438 -0.0681155 0.987673
1305031454.204626 -0.203642 0.143104 -0.234265 0.0717452 -0.134745 -0.0818303 0.984886
1305031454.240858 -0.221547 0.133929 -0.23655 0.0696813 -0.148699 -0.098355 0.981509
1305031454.273489 -0.230026 0.140836 -0.234031 0.0769147 -0.161802 -0.114822 0.977098
1305031454.304744 -0.238088 0.146422 -0.235081 0.0761155 -0.169372 -0.126806 0.974392
1305031454.340806 -0.255716 0.141837 -0.23961 0.0745031 -0.175978 -0.14138 0.971336
1305031454.372652 -0.260269 0.145666 -0.239057 0.0808648 -0.188332 -0.156425 0.96619
1305031454.401962 -0.268664 0.152479 -0.240954 0.0833322 -0.195824 -0.169103 0.962347
1305031454.437248 -0.282689 0.156239 -0.24402 0.0845241 -0.205581 -0.184176 0.95743
1305031454.470741 -0.284718 0.160249 -0.242583 0.0873795 -0.216495 -0.199471 0.951686
1305031454.503859 -0.292626 0.166072 -0.244814 0.0893012 -0.220091 -0.21598 0.947068
1305031454.538424 -0.297129 0.174098 -0.246276 0.0893055 -0.225706 -0.23224 0.941884
1305031454.570323 -0.300842 0.182591 -0.248409 0.0873046 -0.231897 -0.245564 0.937176
1305031454.602019 -0.308218 0.19023 -0.250185 0.0851605 -0.240692 -0.262659 0.930497
1305031454.639284 -0.308922 0.194772 -0.250244 0.0829314 -0.254457 -0.275986 0.92315
1305031454.669573 -0.309903 0.207788 -0.25113 0.0793391 -0.266332 -0.282799 0.91804
1305031454.702030 -0.313264 0.214923 -0.253032 0.072459 -0.278497 -0.289974 0.912745
1305031454.740764 -0.306683 0.215709 -0.248352 0.0668746 -0.294482 -0.294176 0.90679
1305031454.772865 -0.299955 0.219367 -0.244738 0.0604309 -0.30247 -0.289985 0.905963
1305031454.802574 -0.296819 0.226297 -0.242643 0.0561472 -0.305808 -0.283174 0.907271
1305031454.840500 -0.289027 0.237622 -0.241743 0.0534793 -0.307313 -0.276691 0.908923
1305031454.870269 -0.285768 0.247402 -0.241911 0.0491282 -0.304132 -0.26979 0.912307
1305031454.901065 -0.2804 0.254495 -0.242976 0.0451333 -0.299662 -0.262406 0.916138
1305031454.940240 -0.278412 0.264029 -0.247439 0.0422179 -0.292853 -0.256407 0.920169
1305031454.973081 -0.2791 0.272331 -0.249121 0.038466 -0.287442 -0.250251 0.923727
1305031455.010759 -0.282505 0.282331 -0.254916 0.0363438 -0.282652 -0.243884 0.926988
1305031455.040446 -0.284485 0.295127 -0.260253 0.0363303 -0.281003 -0.240141 0.928466
1305031455.074282 -0.287792 0.303123 -0.264007 0.0353841 -0.277585 -0.238541 0.929942
1305031455.110340 -0.293236 0.31452 -0.267908 0.0386154 -0.273357 -0.237606 0.931304
1305031455.142700 -0.298472 0.32819 -0.272426 0.0416388 -0.268159 -0.236508 0.932964
1305031455.172771 -0.308525 0.33514 -0.277876 0.039096 -0.262926 -0.232686 0.93552
1305031455.210307 -0.319096 0.345223 -0.283664 0.0363381 -0.257998 -0.227285 0.938327
1305031455.240960 -0.328592 0.351695 -0.28781 0.0353325 -0.254422 -0.221511 0.94072
1305031455.273001 -0.335295 0.366343 -0.289805 0.034735 -0.25028 -0.214935 0.943375
1305031455.310303 -0.347482 0.375633 -0.296782 0.0279391 -0.242705 -0.205331 0.947709
1305031455.342381 -0.360041 0.384579 -0.303131 0.0222485 -0.239057 -0.194213 0.951125
1305031455.374120 -0.367092 0.397035 -0.30557 0.0159651 -0.237373 -0.18761 0.952996
1305031455.409213 -0.379238 0.396805 -0.309213 0.00390635 -0.229612 -0.179954 0.956493
1305031455.442380 -0.393822 0.401203 -0.317037 -0.00355719 -0.22111 -0.170099 0.960294
1305031455.473168 -0.406892 0.399619 -0.323693 -0.0101644 -0.217287 -0.161553 0.962592
1305031455.509397 -0.419851 0.40622 -0.332154 -0.0134165 -0.212562 -0.150634 0.965374
1305031455.540835 -0.437396 0.4047 -0.339696 -0.0193164 -0.207953 -0.137809 0.968189
1305031455.572996 -0.456211 0.408301 -0.351843 -0.0208055 -0.205842 -0.125264 0.970312
1305031455.608802 -0.472554 0.411364 -0.36145 -0.0239517 -0.205992 -0.110252 0.972028
1305031455.641333 -0.490534 0.406207 -0.371097 -0.0304112 -0.202501 -0.097868 0.973905
1305031455.672887 -0.508589 0.403129 -0.382132 -0.0288435 -0.198945 -0.0916081 0.975293
1305031455.707680 -0.526077 0.403206 -0.394579 -0.0253824 -0.195505 -0.0917958 0.976067
1305031455.742005 -0.546188 0.402633 -0.408274 -0.0228191 -0.189384 -0.0962182 0.976911
1305031455.773667 -0.562103 0.399848 -0.420404 -0.021892 -0.182913 -0.0994376 0.977842
1305031455.809109 -0.579899 0.39045 -0.433467 -0.0221189 -0.176016 -0.0989433 0.979152
1305031455.838364 -0.596681 0.38933 -0.44754 -0.018872 -0.171275 -0.0981129 0.980144
1305031455.872220 -0.6105 0.383785 -0.460238 -0.0195272 -0.168436 -0.0994491 0.980489
1305031455.908418 -0.624292 0.380231 -0.470809 -0.0194082 -0.164733 -0.0997478 0.98109
1305031455.939606 -0.63875 0.372464 -0.481543 -0.0217272 -0.159708 -0.100229 0.981822
1305031455.973594 -0.650467 0.374265 -0.491791 -0.0193455 -0.155338 -0.102819 0.982306
1305031456.008998 -0.660273 0.371434 -0.500583 -0.0214433 -0.150573 -0.105212 0.98275
1305031456.041930 -0.669103 0.374872 -0.509572 -0.0244801 -0.14455 -0.109559 0.983109
1305031456.073846 -0.684637 0.36686 -0.516104 -0.0350916 -0.137309 -0.11746 0.982913
1305031456.108963 -0.700561 0.35769 -0.522172 -0.0419923 -0.130942 -0.123056 0.982826
1305031456.140836 -0.713322 0.351461 -0.526931 -0.0438264 -0.125664 -0.124462 0.983258
1305031456.173198 -0.721613 0.335274 -0.528106 -0.0482341 -0.120977 -0.125385 0.983523
1305031456.208934 -0.732727 0.326329 -0.530274 -0.0443543 -0.112616 -0.12342 0.984946
1305031456.240996 -0.739819 0.334155 -0.534086 -0.0373012 -0.10299 -0.120874 0.986606
1305031456.277928 -0.752162 0.325988 -0.53424 -0.0393399 -0.0907645 -0.118709 0.987989
1305031456.310040 -0.765562 0.314972 -0.53353 -0.0388193 -0.0789138 -0.113854 0.989597
1305031456.341659 -0.776383 0.309006 -0.531486 -0.0348449 -0.0682183 -0.107434 0.991257
1305031456.377115 -0.783449 0.317592 -0.53014 -0.0270202 -0.0568412 -0.102186 0.992772
1305031456.409172 -0.798685 0.304265 -0.524008 -0.0293619 -0.0429047 -0.0986253 0.993766
1305031456.440717 -0.817287 0.310672 -0.519679 -0.0199822 -0.0296064 -0.0911803 0.995194
1305031456.476027 -0.840499 0.328032 -0.514176 -0.0144554 -0.0195897 -0.0837411 0.99619
1305031456.508911 -0.857244 0.329057 -0.506118 -0.0206535 -0.0174657 -0.0777651 0.996605
1305031456.541832 -0.872989 0.3309 -0.495489 -0.0259314 -0.0169092 -0.0719576 0.996927
1305031456.576087 -0.88621 0.322308 -0.484507 -0.0311679 -0.0151648 -0.0671857 0.997138
1305031456.607930 -0.892748 0.334645 -0.479699 -0.0275815 -0.0123269 -0.0606328 0.997703
1305031456.640699 -0.903866 0.344526 -0.470842 -0.0378317 -0.00618541 -0.0551578 0.997742
1305031456.675835 -0.920619 0.331318 -0.455961 -0.053126 0.00150654 -0.0481424 0.997426
1305031456.709099 -0.936157 0.331773 -0.446267 -0.0515814 0.00692045 -0.0380943 0.997918
1305031456.740863 -0.95444 0.347377 -0.437131 -0.0521158 0.0107074 -0.0281884 0.998186
1305031456.777218 -0.975915 0.333792 -0.426723 -0.0625391 0.0109717 -0.0209681 0.997762
1305031456.808986 -0.987226 0.338308 -0.415792 -0.0569071 0.00402117 -0.0132384 0.998284
1305031456.841050 -0.993691 0.355455 -0.406105 -0.0537211 -5.34229e-05 -0.00590836 0.998539
1305031456.878006 -1.00445 0.353689 -0.39365 -0.061547 0.00166742 0.00150685 0.998102
1305031456.909883 -1.01387 0.349574 -0.381564 -0.0649091 0.00472379 0.00640694 0.997859
1305031456.942298 -1.02427 0.358738 -0.370118 -0.0577057 0.0100579 0.0126284 0.998203
1305031456.977139 -1.03732 0.372467 -0.363701 -0.0560954 0.0168398 0.0173641 0.998132
1305031457.006193 -1.05146 0.369569 -0.354523 -0.065388 0.0228656 0.0196229 0.997405
1305031457.042512 -1.06312 0.369847 -0.348859 -0.0672235 0.0275538 0.0236903 0.997076
1305031457.076011 -1.07515 0.378893 -0.346314 -0.0688135 0.0331984 0.0286854 0.996664
1305031457.108053 -1.08708 0.374139 -0.342662 -0.079394 0.0393142 0.0332816 0.995512
1305031457.142120 -1.09988 0.367134 -0.34046 -0.0840324 0.0467151 0.0379855 0.994642
1305031457.177463 -1.11283 0.366629 -0.342131 -0.0822548 0.0544398 0.0442894 0.994137
1305031457.209336 -1.12703 0.369173 -0.346584 -0.0805515 0.0626855 0.0502573 0.993507
1305031457.240792 -1.14114 0.364629 -0.349542 -0.0850225 0.0701071 0.0562944 0.992314
1305031457.277247 -1.15392 0.352377 -0.351873 -0.0857416 0.0775786 0.0628592 0.991301
1305031457.309693 -1.17011 0.355185 -0.359811 -0.0761061 0.0872864 0.068107 0.990934
1305031457.342954 -1.18538 0.3586 -0.367803 -0.0716151 0.0978409 0.0728256 0.989947
1305031457.376037 -1.20061 0.350221 -0.374304 -0.073559 0.109613 0.0781027 0.988167
1305031457.407980 -1.21667 0.345106 -0.380593 -0.0681176 0.121497 0.0859883 0.986511
1305031457.441357 -1.23617 0.344143 -0.389383 -0.0640932 0.130769 0.0932985 0.98493
1305031457.476577 -1.25344 0.338297 -0.396126 -0.0637169 0.134944 0.0989058 0.983843
1305031457.508603 -1.26837 0.327743 -0.403225 -0.0640882 0.137647 0.102588 0.983067
1305031457.543946 -1.2821 0.320106 -0.412429 -0.060605 0.141264 0.105597 0.982456
1305031457.576581 -1.29658 0.315668 -0.421179 -0.0564945 0.146209 0.109131 0.981591
1305031457.607246 -1.31714 0.312774 -0.427841 -0.0528378 0.152813 0.112274 0.980434
1305031457.643534 -1.33011 0.301819 -0.433401 -0.0535148 0.154802 0.11597 0.979655
1305031457.675414 -1.34828 0.305094 -0.440233 -0.0480239 0.157918 0.118963 0.979083
1305031457.707739 -1.3643 0.296523 -0.444001 -0.0539302 0.159317 0.121937 0.978182
1305031457.745071 -1.37652 0.279812 -0.44688 -0.0574611 0.160834 0.121934 0.977733
1305031457.773518 -1.39082 0.267892 -0.45152 -0.0556609 0.163791 0.120618 0.97751
1305031457.807824 -1.39981 0.249014 -0.454298 -0.0514329 0.168278 0.118865 0.977194
1305031457.842853 -1.41591 0.251059 -0.461964 -0.0394375 0.176764 0.118071 0.976349
1305031457.875920 -1.43028 0.241156 -0.464589 -0.0375274 0.185516 0.11808 0.974799
1305031457.906126 -1.44535 0.21994 -0.463216 -0.0332315 0.194322 0.118683 0.973164
1305031457.942604 -1.46454 0.218272 -0.466184 -0.0182967 0.200182 0.121923 0.971971
1305031457.976744 -1.48612 0.204899 -0.463821 -0.0095644 0.203258 0.126221 0.970908
1305031458.009019 -1.50083 0.192478 -0.457827 -0.00334408 0.208002 0.125457 0.970043
1305031458.046303 -1.5174 0.193864 -0.454635 0.0073042 0.213701 0.126019 0.968709
1305031458.077315 -1.5335 0.195871 -0.447168 0.0125713 0.219448 0.127612 0.96716
1305031458.108896 -1.54855 0.188146 -0.435433 0.0113949 0.224844 0.128624 0.965801
1305031458.144808 -1.56355 0.177432 -0.422945 0.010745 0.229339 0.12992 0.964577
1305031458.178039 -1.58328 0.175529 -0.407781 0.0124826 0.232957 0.13274 0.963304
1305031458.209384 -1.60256 0.172553 -0.39008 0.00855532 0.233967 0.135161 0.962765
1305031458.245729 -1.61004 0.150903 -0.372008 0.00171103 0.232047 0.135183 0.963263
1305031458.277447 -1.62531 0.139892 -0.355573 0.00456175 0.23031 0.133093 0.963962
1305031458.308343 -1.64116 0.134679 -0.337233 0.00971565 0.227759 0.134318 0.96436
1305031458.343898 -1.64943 0.119028 -0.32114 0.0126393 0.223889 0.135958 0.965002
1305031458.376213 -1.65863 0.114828 -0.303717 0.022708 0.221049 0.136759 0.965359
1305031458.407856 -1.6651 0.117887 -0.285756 0.0345119 0.220342 0.1407 0.964604
1305031458.443957 -1.66654 0.107209 -0.273793 0.0425014 0.222893 0.147121 0.96274
1305031458.476034 -1.66611 0.0982817 -0.259107 0.0572382 0.230473 0.148384 0.959994
1305031458.508869 -1.6756 0.108011 -0.238308 0.0786578 0.242473 0.14398 0.956185
1305031458.544401 -1.68443 0.121951 -0.216371 0.0950426 0.253529 0.140791 0.952296
1305031458.576178 -1.68937 0.124507 -0.192475 0.103633 0.262007 0.134753 0.949976
1305031458.608421 -1.69827 0.142803 -0.167994 0.112739 0.266394 0.129107 0.948501
1305031458.643659 -1.71116 0.153596 -0.136126 0.114098 0.267834 0.127503 0.94815
1305031458.676991 -1.71288 0.155629 -0.11338 0.10829 0.258532 0.124374 0.951822
1305031458.707780 -1.70578 0.154098 -0.0899331 0.104194 0.244051 0.117971 0.956904
1305031458.744924 -1.70671 0.155541 -0.0764808 0.105722 0.230159 0.10764 0.961386
1305031458.773802 -1.70072 0.164807 -0.0604508 0.107651 0.213519 0.0976154 0.96607
1305031458.810621 -1.69542 0.170658 -0.046872 0.10446 0.202836 0.0920686 0.969262
1305031458.842919 -1.69025 0.160352 -0.0398766 0.0994791 0.195722 0.0890855 0.971525
1305031458.875889 -1.68744 0.161372 -0.0297154 0.103124 0.19379 0.0836447 0.972016
1305031458.910599 -1.69176 0.166432 -0.0214004 0.105751 0.19831 0.0819287 0.970967
1305031458.943997 -1.69669 0.163145 -0.0108332 0.10177 0.204321 0.0930232 0.969145
1305031458.976007 -1.70477 0.144887 0.00358787 0.0970192 0.211483 0.100326 0.967366
1305031459.012560 -1.72145 0.130429 0.0146701 0.101046 0.215497 0.102245 0.965866
1305031459.044413 -1.74018 0.12061 0.0316588 0.110579 0.213454 0.106511 0.964814
1305031459.073657 -1.76299 0.104697 0.0454401 0.119957 0.205372 0.116202 0.964328
1305031459.112711 -1.78196 0.09621 0.0591396 0.132948 0.187231 0.121658 0.965644
1305031459.144497 -1.79427 0.0914286 0.0747785 0.144142 0.163619 0.122516 0.968216
1305031459.176463 -1.81054 0.0852377 0.086356 0.15164 0.144377 0.12697 0.969556
1305031459.208791 -1.81977 0.0802399 0.0925805 0.155476 0.129585 0.135867 0.969832
1305031459.244159 -1.82461 0.0834214 0.107911 0.15838 0.122445 0.144427 0.969053
1305031459.274941 -1.8244 0.0896822 0.118662 0.158505 0.125983 0.155398 0.966879
1305031459.311921 -1.82784 0.0913494 0.129882 0.157407 0.140315 0.16993 0.962631
1305031459.344169 -1.83755 0.0931576 0.136191 0.159841 0.161875 0.189713 0.955121
1305031459.374084 -1.8445 0.11127 0.151029 0.165022 0.184124 0.208626 0.946225
1305031459.408831 -1.84522 0.124131 0.165106 0.161137 0.209224 0.235723 0.935251
1305031459.443181 -1.85658 0.128227 0.172415 0.158133 0.243761 0.276839 0.915933
1305031459.473401 -1.87629 0.143787 0.185229 0.160508 0.269333 0.308891 0.897932
1305031459.510267 -1.88572 0.150027 0.192888 0.15391 0.28483 0.339238 0.883233
1305031459.544431 -1.9004 0.142433 0.20311 0.14547 0.302681 0.367261 0.867376
1305031459.576817 -1.91853 0.141578 0.210512 0.144434 0.312667 0.385739 0.85591
1305031459.611939 -1.9313 0.141591 0.221392 0.143817 0.316696 0.397437 0.849155
1305031459.643453 -1.93825 0.142426 0.22866 0.143361 0.320288 0.401029 0.84619
1305031459.675678 -1.95646 0.137859 0.240098 0.139859 0.332005 0.404208 0.84073
1305031459.711531 -1.96784 0.123586 0.24484 0.132824 0.340784 0.409053 0.836001
1305031459.743425 -1.98304 0.107882 0.247738 0.129748 0.348364 0.40887 0.833446
1305031459.776577 -1.99882 0.0930077 0.256659 0.128794 0.354695 0.4055 0.832569
1305031459.812562 -2.01387 0.0793393 0.263657 0.12821 0.357144 0.403827 0.832425
1305031459.844736 -2.02999 0.0643661 0.271369 0.124203 0.357677 0.402821 0.833291
1305031459.877006 -2.04282 0.0503555 0.278571 0.119946 0.35506 0.404963 0.833996
1305031459.911472 -2.05037 0.0347692 0.286728 0.117648 0.3527 0.407702 0.83399
1305031459.943616 -2.05619 0.0217596 0.293408 0.116855 0.350061 0.411663 0.833267
1305031459.979430 -2.06452 0.00415133 0.298013 0.113032 0.348693 0.417098 0.831664
1305031460.011909 -2.0754 -0.0164866 0.303935 0.110738 0.351494 0.42243 0.828095
1305031460.043717 -2.08155 -0.0326925 0.313441 0.110285 0.353215 0.424271 0.82648
1305031460.079449 -2.08792 -0.0500036 0.320695 0.11205 0.350445 0.42944 0.824751
1305031460.111951 -2.08856 -0.0616945 0.331129 0.118744 0.342947 0.436405 0.823308
1305031460.144204 -2.09466 -0.0772893 0.336912 0.124773 0.335808 0.443972 0.821312
1305031460.178730 -2.09596 -0.0894144 0.345049 0.128245 0.328635 0.451224 0.819724
1305031460.208637 -2.09278 -0.0969526 0.348292 0.12879 0.32456 0.455537 0.818876
1305031460.243467 -2.08649 -0.110161 0.35171 0.12876 0.327605 0.459453 0.815474
1305031460.279164 -2.08678 -0.12108 0.3567 0.128805 0.336068 0.459059 0.812238
1305031460.311712 -2.08547 -0.132419 0.360941 0.128384 0.344436 0.459328 0.808639
1305031460.342879 -2.0856 -0.143728 0.367697 0.127451 0.3537 0.460954 0.803848
1305031460.377806 -2.08321 -0.154501 0.373877 0.124338 0.362963 0.464325 0.798247
1305031460.409883 -2.08097 -0.166065 0.377144 0.121624 0.372329 0.469178 0.791486
1305031460.444036 -2.0776 -0.173637 0.381799 0.119622 0.382713 0.473593 0.784175
1305031460.479856 -2.07755 -0.179236 0.386054 0.11519 0.394098 0.478958 0.775896
1305031460.508966 -2.07702 -0.191613 0.395013 0.108394 0.406172 0.487308 0.765378
1305031460.544245 -2.07336 -0.203522 0.398739 0.10097 0.414825 0.494337 0.757201
1305031460.579561 -2.07285 -0.216305 0.404183 0.094516 0.424516 0.496859 0.750987
1305031460.612190 -2.07053 -0.226161 0.410526 0.0908354 0.432836 0.498371 0.745671
1305031460.644011 -2.06918 -0.23737 0.415984 0.0875077 0.44022 0.499177 0.741193
1305031460.679350 -2.07038 -0.248724 0.425704 0.084749 0.447125 0.499544 0.737122
1305031460.711684 -2.06959 -0.257396 0.433031 0.0807708 0.450114 0.500379 0.735181
1305031460.743767 -2.0665 -0.268878 0.439606 0.0758114 0.45399 0.500403 0.733308
1305031460.779201 -2.06548 -0.28237 0.450016 0.0715077 0.459849 0.499419 0.730755
1305031460.811318 -2.06351 -0.291279 0.459156 0.0674475 0.462899 0.497953 0.730215
1305031460.843836 -2.05997 -0.300024 0.46668 0.0612259 0.465372 0.496588 0.730121
1305031460.879093 -2.05551 -0.311554 0.475731 0.0530692 0.46993 0.495239 0.728755
1305031460.911313 -2.0506 -0.324853 0.484727 0.0453033 0.473261 0.495111 0.727209
1305031460.943375 -2.04145 -0.336771 0.48948 0.0397852 0.473112 0.497724 0.725843
1305031460.979083 -2.03298 -0.348379 0.493334 0.0375361 0.474719 0.499111 0.723959
1305031461.011290 -2.02563 -0.359898 0.499307 0.0378036 0.477394 0.499681 0.721789
1305031461.043398 -2.02028 -0.371412 0.507654 0.0395738 0.480164 0.49952 0.719966
1305031461.079602 -2.01405 -0.377898 0.514135 0.0402624 0.479188 0.49956 0.720551
1305031461.111961 -2.00496 -0.385438 0.521178 0.037582 0.478901 0.498399 0.72169
1305031461.144098 -1.99565 -0.397702 0.526174 0.0358992 0.480239 0.497114 0.721773
1305031461.179883 -1.98877 -0.404059 0.531325 0.037568 0.481506 0.493982 0.722992
1305031461.211180 -1.98299 -0.40884 0.536412 0.0383007 0.482832 0.490843 0.724207
1305031461.246864 -1.97627 -0.415873 0.541883 0.038184 0.484293 0.487773 0.725311
1305031461.278888 -1.96957 -0.419897 0.545215 0.0388981 0.484915 0.483187 0.727922
1305031461.311240 -1.9633 -0.421686 0.549856 0.0395063 0.48698 0.478251 0.729768
1305031461.346875 -1.96143 -0.420766 0.558868 0.0379655 0.491356 0.473229 0.73019
1305031461.378850 -1.95037 -0.426112 0.564165 0.0302924 0.491957 0.473993 0.729649
1305031461.411130 -1.94063 -0.42981 0.566636 0.0260196 0.491743 0.474451 0.729661
1305031461.447015 -1.93648 -0.429409 0.57109 0.0240856 0.492477 0.474543 0.729171
1305031461.478901 -1.92208 -0.435622 0.571187 0.0173094 0.491332 0.47733 0.728317
1305031461.512120 -1.91631 -0.438295 0.569765 0.0178276 0.492112 0.476815 0.728115
1305031461.547338 -1.91248 -0.433399 0.563369 0.0195823 0.49219 0.474047 0.729822
1305031461.578847 -1.90859 -0.429611 0.559592 0.0181049 0.496643 0.470491 0.729145
1305031461.609662 -1.90806 -0.424677 0.559065 0.0169536 0.503184 0.467922 0.726335
1305031461.646970 -1.90557 -0.420254 0.555473 0.0144871 0.506903 0.468026 0.723731
1305031461.676203 -1.9057 -0.413913 0.553405 0.0138686 0.509649 0.470605 0.720133
1305031461.711212 -1.90193 -0.407375 0.548962 0.0125775 0.509363 0.475891 0.716877
1305031461.746919 -1.90237 -0.397885 0.544875 0.0127052 0.509972 0.479041 0.714339
1305031461.778616 -1.90448 -0.385382 0.539272 0.0124971 0.51062 0.482035 0.711862
1305031461.811319 -1.90503 -0.374361 0.53452 0.0114009 0.512772 0.485892 0.707699
1305031461.847090 -1.90996 -0.359929 0.531014 0.013046 0.516191 0.4902 0.702192
1305031461.879162 -1.91837 -0.344116 0.531079 0.0150009 0.51852 0.498247 0.694734
1305031461.911121 -1.92175 -0.32864 0.524973 0.0137672 0.515122 0.508126 0.690117
1305031461.947264 -1.92385 -0.310284 0.514128 0.013126 0.511767 0.515104 0.687447
1305031461.979223 -1.93844 -0.290958 0.521592 0.0120796 0.519536 0.515999 0.680937
1305031462.011791 -1.93982 -0.288741 0.52512 0.00256752 0.521206 0.526784 0.671438
1305031462.047463 -1.94354 -0.279415 0.525896 0.000653635 0.516588 0.539064 0.665234
1305031462.079285 -1.94837 -0.266886 0.52188 0.00314977 0.508478 0.550627 0.661998
1305031462.112081 -1.95359 -0.257313 0.519656 0.00312048 0.502682 0.560186 0.658395
1305031462.147634 -1.95834 -0.251111 0.519877 0.000867534 0.499955 0.567063 0.654579
1305031462.179358 -1.96469 -0.242302 0.519056 -0.0010483 0.497735 0.569813 0.653883
1305031462.212836 -1.97335 -0.237468 0.522751 -0.00573672 0.498552 0.5706 0.652549
1305031462.248986 -1.98086 -0.230561 0.526674 -0.0118582 0.498268 0.569708 0.653462
1305031462.280774 -1.98738 -0.224884 0.529104 -0.0182505 0.495938 0.568677 0.655981
1305031462.311931 -1.99458 -0.217491 0.530582 -0.0253584 0.492902 0.565636 0.660647
1305031462.347816 -2.00305 -0.210499 0.534846 -0.0328865 0.491581 0.56147 0.664838
1305031462.379950 -2.01297 -0.203651 0.541771 -0.0412933 0.489372 0.557165 0.669604
1305031462.413016 -2.0203 -0.197599 0.54636 -0.0497102 0.483582 0.555172 0.674874
1305031462.448295 -2.03169 -0.189878 0.551243 -0.0565721 0.476684 0.551113 0.682524
1305031462.480843 -2.0404 -0.184573 0.552947 -0.0661153 0.468343 0.549232 0.688928
1305031462.517041 -2.04779 -0.180246 0.554623 -0.0721694 0.460899 0.547512 0.694685
1305031462.548959 -2.05503 -0.175879 0.548069 -0.0772521 0.449727 0.544002 0.704154
1305031462.581088 -2.06397 -0.169188 0.543414 -0.0806646 0.444731 0.536466 0.712675
1305031462.617123 -2.07478 -0.158344 0.539246 -0.0816491 0.441704 0.525899 0.722257
1305031462.648708 -2.08103 -0.157895 0.535869 -0.0860266 0.441145 0.517816 0.727909
1305031462.680788 -2.09194 -0.154471 0.532421 -0.0858267 0.440388 0.508409 0.734988
1305031462.716812 -2.10309 -0.144988 0.526626 -0.0844091 0.434628 0.49818 0.74551
1305031462.748732 -2.11281 -0.133222 0.518638 -0.0840195 0.427063 0.48736 0.75699
1305031462.780885 -2.1229 -0.125485 0.511153 -0.0852089 0.422055 0.479393 0.764713
1305031462.816821 -2.13297 -0.113851 0.500955 -0.084775 0.415765 0.473461 0.77187
1305031462.848525 -2.14233 -0.0995836 0.490968 -0.0859878 0.410794 0.467217 0.778177
1305031462.880471 -2.14862 -0.0864804 0.476306 -0.085953 0.407276 0.463849 0.782034
1305031462.916800 -2.15259 -0.0759793 0.461766 -0.0858814 0.404869 0.461968 0.784402
1305031462.947939 -2.15538 -0.0679309 0.447341 -0.0850963 0.400846 0.460644 0.787327
1305031462.979943 -2.15739 -0.0597675 0.430672 -0.0823111 0.396055 0.457465 0.791889
1305031463.016121 -2.15907 -0.0543547 0.415044 -0.0787051 0.392584 0.45204 0.797082
1305031463.050783 -2.1661 -0.0402505 0.402086 -0.0706498 0.389294 0.442573 0.804726
1305031463.076870 -2.17029 -0.0339407 0.386203 -0.0717356 0.384479 0.434059 0.811553
1305031463.116806 -2.16991 -0.0269906 0.370071 -0.0700841 0.381367 0.426327 0.817245
1305031463.148565 -2.17177 -0.00668992 0.354952 -0.0623396 0.378602 0.413597 0.825657
1305031463.180505 -2.17644 0.00662906 0.340597 -0.0599264 0.376832 0.405183 0.830801
1305031463.217123 -2.17255 0.016894 0.327105 -0.0604399 0.373325 0.400703 0.834511
1305031463.248719 -2.17072 0.0241663 0.312276 -0.0564684 0.372642 0.396025 0.837323
1305031463.278737 -2.1729 0.0298141 0.298273 -0.0553115 0.372829 0.390531 0.839894
1305031463.317110 -2.16861 0.040021 0.285462 -0.0542422 0.368868 0.387195 0.843251
1305031463.348740 -2.16108 0.0516205 0.271007 -0.048363 0.363153 0.384327 0.847391
1305031463.380514 -2.15992 0.0637761 0.258244 -0.0431657 0.359236 0.378798 0.851819
1305031463.416326 -2.15478 0.0769417 0.246199 -0.0410921 0.355351 0.374722 0.855347
1305031463.444773 -2.1495 0.0882068 0.23451 -0.0402867 0.354385 0.37135 0.857254
1305031463.480415 -2.14132 0.10236 0.219221 -0.0392525 0.352714 0.369854 0.858638
1305031463.516994 -2.13113 0.107429 0.201153 -0.0414747 0.35432 0.368926 0.85827
1305031463.548505 -2.12664 0.117243 0.189845 -0.037491 0.357883 0.36791 0.857411
1305031463.580684 -2.12068 0.120745 0.172472 -0.0388315 0.355665 0.36934 0.85766
1305031463.616671 -2.1037 0.125585 0.152375 -0.0395468 0.349605 0.369224 0.860165
1305031463.646147 -2.09716 0.130285 0.135058 -0.0331162 0.351943 0.365534 0.861058
1305031463.683908 -2.08938 0.14218 0.117469 -0.0264401 0.350097 0.362407 0.863361
1305031463.716110 -2.07433 0.143165 0.0930021 -0.0294072 0.345682 0.361582 0.865387
1305031463.747849 -2.05811 0.140999 0.0721 -0.0283993 0.346732 0.357184 0.866826
1305031463.783912 -2.05294 0.143786 0.0517401 -0.0245458 0.35093 0.345926 0.869815
1305031463.815883 -2.03903 0.146407 0.0297791 -0.0250205 0.349486 0.337947 0.873512
1305031463.848094 -2.02381 0.14522 0.00614271 -0.0257717 0.348673 0.328835 0.877285
1305031463.883817 -2.01797 0.144035 -0.0128274 -0.0237238 0.3521 0.318801 0.879674
1305031463.917433 -2.00985 0.14047 -0.0330624 -0.024094 0.351282 0.312438 0.88227
1305031463.944435 -1.99798 0.136513 -0.0523707 -0.023867 0.347198 0.307446 0.885641
1305031463.983748 -1.98877 0.132234 -0.0750629 -0.0215397 0.343158 0.300835 0.889537
1305031464.015867 -1.98319 0.129905 -0.0959264 -0.0202519 0.340613 0.292128 0.893438
1305031464.047778 -1.97449 0.125383 -0.113623 -0.0208813 0.339473 0.283483 0.896637
1305031464.083152 -1.97204 0.116675 -0.134847 -0.0200847 0.342641 0.273932 0.898417
1305031464.115837 -1.97093 0.110425 -0.151145 -0.018206 0.343515 0.26754 0.900048
1305031464.147663 -1.96616 0.100211 -0.167152 -0.0150635 0.340484 0.265177 0.901956
1305031464.183566 -1.96321 0.0951167 -0.183845 -0.0048421 0.334827 0.262422 0.904987
1305031464.212447 -1.96699 0.0884136 -0.19798 0.00439767 0.328511 0.254769 0.90948
1305031464.247602 -1.96925 0.0875975 -0.211275 0.0130709 0.317123 0.252171 0.91415
1305031464.283694 -1.96422 0.0889536 -0.22415 0.0182432 0.301456 0.247653 0.920575
1305031464.315699 -1.94826 0.0863775 -0.248695 0.019243 0.282661 0.242937 0.927746
1305031464.347553 -1.93713 0.0853375 -0.26488 0.0233979 0.272506 0.23771 0.932033
1305031464.383465 -1.92429 0.0880454 -0.285157 0.0281974 0.264273 0.230296 0.936124
1305031464.415539 -1.9145 0.0912236 -0.303115 0.0300291 0.261348 0.219925 0.939376
1305031464.444269 -1.90635 0.088074 -0.320361 0.0305327 0.259457 0.210941 0.941941
1305031464.487561 -1.89322 0.0878921 -0.341574 0.032147 0.255295 0.204837 0.944369
1305031464.513688 -1.8875 0.0871716 -0.36209 0.032331 0.254601 0.19675 0.946267
1305031464.548007 -1.87625 0.0870627 -0.381428 0.0301274 0.251918 0.187154 0.949001
1305031464.584260 -1.84958 0.0696952 -0.411438 0.0256007 0.24949 0.179689 0.951215
1305031464.615688 -1.84077 0.0601728 -0.440871 0.0288674 0.257456 0.167989 0.951137
1305031464.648851 -1.83447 0.0596583 -0.458878 0.0367845 0.269926 0.155035 0.949605
1305031464.684318 -1.82368 0.0410386 -0.477339 0.0414045 0.281248 0.138734 0.94865
1305031464.716305 -1.81842 0.0414675 -0.486162 0.0565952 0.290423 0.119429 0.947727
1305031464.748588 -1.82171 0.0412693 -0.49392 0.0690845 0.295259 0.0977481 0.947889
1305031464.784268 -1.81908 0.0295395 -0.502686 0.0734782 0.29299 0.0801054 0.949916
1305031464.816195 -1.8172 0.0218457 -0.500347 0.0801771 0.285836 0.0643058 0.95275
1305031464.848283 -1.80968 0.0254873 -0.503135 0.088202 0.270448 0.0487772 0.957444
1305031464.884177 -1.79849 0.0337874 -0.509606 0.0888194 0.253591 0.0289864 0.962789
1305031464.916391 -1.77794 0.0242279 -0.507619 0.0828214 0.238985 0.00886721 0.967444
1305031464.952471 -1.75468 0.00933098 -0.508738 0.0793283 0.228966 -0.00974687 0.970148
1305031464.984257 -1.73181 0.00762398 -0.510937 0.0821525 0.223593 -0.0279091 0.970813
1305031465.015390 -1.71849 0.00861513 -0.503773 0.0842927 0.222848 -0.0491831 0.969956
1305031465.048430 -1.70943 0.017964 -0.488095 0.0884096 0.220094 -0.069614 0.968966
1305031465.083338 -1.69738 0.047519 -0.47861 0.0900874 0.210236 -0.0866673 0.969625
1305031465.115475 -1.67681 0.0662312 -0.467144 0.077017 0.196093 -0.101357 0.972287
1305031465.151558 -1.66044 0.0728505 -0.451101 0.0587561 0.184376 -0.110533 0.974852
1305031465.183558 -1.64305 0.0753981 -0.437107 0.0434898 0.173149 -0.117118 0.97694
1305031465.215832 -1.62275 0.0882869 -0.427404 0.0321893 0.162476 -0.122208 0.978586
1305031465.251788 -1.60061 0.0965668 -0.416254 0.0213403 0.151746 -0.122429 0.980576
1305031465.283737 -1.57935 0.101573 -0.409878 0.0146071 0.140733 -0.115443 0.983185
1305031465.315985 -1.55622 0.118722 -0.397477 0.0125999 0.12721 -0.101996 0.986537
1305031465.351729 -1.54129 0.126985 -0.388487 0.00894537 0.113032 -0.0895231 0.98951
1305031465.383701 -1.51494 0.131957 -0.385649 0.00941693 0.0932652 -0.0769991 0.992615
1305031465.416543 -1.48579 0.141542 -0.386939 0.0132476 0.0755988 -0.0667212 0.994815
1305031465.452401 -1.46428 0.155791 -0.386041 0.0180782 0.0634132 -0.055965 0.996253
1305031465.483803 -1.43984 0.17535 -0.389806 0.0212945 0.0509852 -0.0445823 0.997477
1305031465.516043 -1.41545 0.181725 -0.394001 0.0188041 0.0392036 -0.0394788 0.998274
1305031465.551838 -1.38702 0.188345 -0.399659 0.0221982 0.0267535 -0.0336282 0.99883
1305031465.583570 -1.3608 0.204499 -0.406354 0.0297077 0.0183369 -0.0271261 0.999022
1305031465.615685 -1.34183 0.220045 -0.413917 0.0356018 0.0136251 -0.0187206 0.999098
1305031465.651645 -1.32161 0.236584 -0.41966 0.0417427 0.00468364 -0.0094137 0.999073
1305031465.684759 -1.29279 0.252847 -0.426379 0.0483883 -0.0069706 -0.00209105 0.998802
1305031465.716279 -1.26749 0.269829 -0.433783 0.0559261 -0.0135854 0.0055087 0.998327
1305031465.753153 -1.24352 0.292629 -0.439198 0.0656747 -0.0197753 0.0145212 0.997539
1305031465.784387 -1.21875 0.312236 -0.444453 0.0726398 -0.0253219 0.0215703 0.996803
1305031465.816591 -1.19706 0.327761 -0.449691 0.0801465 -0.028888 0.0266871 0.996007
1305031465.852860 -1.16984 0.350642 -0.454259 0.0919597 -0.0340597 0.0319833 0.994666
1305031465.884370 -1.14458 0.379024 -0.458119 0.0999773 -0.0343797 0.035362 0.993767
1305031465.912828 -1.12253 0.393863 -0.46295 0.103419 -0.0280519 0.0373956 0.993539
1305031465.952840 -1.1015 0.414304 -0.470388 0.113173 -0.0208807 0.03747 0.992649
1305031465.984183 -1.07981 0.438839 -0.473823 0.122705 -0.0162221 0.0350974 0.99169
1305031466.016599 -1.0633 0.462932 -0.476026 0.129985 -0.0136873 0.03239 0.990892
1305031466.052655 -1.04759 0.492299 -0.479217 0.133847 -0.0130025 0.0337223 0.990343
1305031466.083913 -1.03215 0.517817 -0.483292 0.132192 -0.0142994 0.0351087 0.990499
1305031466.116400 -1.0173 0.535828 -0.489739 0.127182 -0.0187406 0.0351205 0.99108
1305031466.152540 -1.00732 0.55231 -0.498856 0.121695 -0.0231777 0.0369655 0.991608
1305031466.184186 -0.998491 0.569487 -0.510095 0.115297 -0.0298502 0.0389045 0.99212
1305031466.220477 -0.980944 0.58689 -0.516886 0.106837 -0.040763 0.0350951 0.99282
1305031466.252491 -0.956524 0.58976 -0.530036 0.0983289 -0.0492923 0.0300003 0.99348
1305031466.284389 -0.941963 0.598396 -0.547305 0.0983597 -0.0458162 0.019729 0.9939
1305031466.320055 -0.927082 0.611968 -0.561179 0.0996268 -0.0375908 0.0101057 0.994263
1305031466.352082 -0.910391 0.622449 -0.574346 0.0958503 -0.0297954 0.00254082 0.994946
1305031466.384479 -0.89624 0.623481 -0.586807 0.0915825 -0.025064 -0.00132517 0.995481
1305031466.420844 -0.884602 0.631989 -0.600173 0.096103 -0.0248736 -0.00517265 0.995047
1305031466.452369 -0.867555 0.64696 -0.611929 0.0995498 -0.0304172 -0.00965539 0.994521
1305031466.483315 -0.847021 0.657198 -0.620826 0.0970311 -0.0364615 -0.0122298 0.994538
1305031466.519548 -0.824244 0.662795 -0.628178 0.0937273 -0.0384836 -0.0123117 0.994778
1305031466.552219 -0.805504 0.674096 -0.63451 0.0933243 -0.0353916 -0.0139989 0.994908
1305031466.584438 -0.784753 0.687359 -0.641839 0.0885771 -0.035212 -0.0165199 0.99531
1305031466.620424 -0.759622 0.688066 -0.642719 0.0802032 -0.0364232 -0.0202592 0.995907
1305031466.648654 -0.739433 0.689376 -0.648298 0.0813953 -0.0333774 -0.024022 0.995833
1305031466.684412 -0.720819 0.702789 -0.654805 0.0859785 -0.0333672 -0.0313047 0.995246
1305031466.719744 -0.699476 0.711244 -0.657898 0.082046 -0.0363982 -0.0407063 0.995131
1305031466.748734 -0.677523 0.707182 -0.661677 0.0784946 -0.0380386 -0.0492083 0.994972
1305031466.784300 -0.66295 0.715068 -0.666649 0.084918 -0.0371333 -0.0555386 0.994146
1305031466.819502 -0.644178 0.72561 -0.67272 0.086904 -0.0413847 -0.0608085 0.993497
1305031466.851527 -0.629152 0.722862 -0.678336 0.0821687 -0.0466066 -0.0622053 0.993583
1305031466.883430 -0.616878 0.725908 -0.683976 0.0836917 -0.0549721 -0.0614826 0.993073
1305031466.919411 -0.598139 0.729145 -0.689135 0.0854119 -0.0697313 -0.0639116 0.991846
1305031466.952451 -0.577922 0.729614 -0.693467 0.0852399 -0.0829656 -0.0663271 0.990682
1305031466.984027 -0.557374 0.73354 -0.695931 0.087043 -0.0910726 -0.0688159 0.989643
1305031467.020424 -0.540522 0.73543 -0.699114 0.087681 -0.0957038 -0.073353 0.988824
1305031467.052391 -0.520171 0.737639 -0.703502 0.0881735 -0.100307 -0.0773921 0.988015
1305031467.084130 -0.503688 0.74178 -0.705374 0.0877726 -0.102401 -0.0816262 0.987495
1305031467.120528 -0.490466 0.74016 -0.709182 0.0859509 -0.103833 -0.0903882 0.986743
1305031467.152363 -0.476368 0.740162 -0.712995 0.0868422 -0.10654 -0.099776 0.985471
1305031467.184216 -0.463141 0.742903 -0.715235 0.0885815 -0.110608 -0.10487 0.984338
1305031467.220466 -0.449574 0.745252 -0.718428 0.0897781 -0.11654 -0.110563 0.982921
1305031467.252275 -0.434728 0.745432 -0.722042 0.0907658 -0.122717 -0.115775 0.981477
1305031467.284258 -0.420891 0.747104 -0.725373 0.0929006 -0.127849 -0.12187 0.979883
1305031467.318028 -0.406184 0.750126 -0.728906 0.0948811 -0.133587 -0.127537 0.978206
1305031467.349355 -0.392488 0.757101 -0.732737 0.0949793 -0.139389 -0.130602 0.976981
1305031467.383844 -0.37521 0.760006 -0.736555 0.0906696 -0.147461 -0.134841 0.975629
1305031467.420160 -0.359948 0.758744 -0.74013 0.0867525 -0.154146 -0.139897 0.974239
1305031467.452057 -0.346104 0.760233 -0.744321 0.0862993 -0.160281 -0.141703 0.973027
1305031467.484357 -0.327633 0.764697 -0.750092 0.0843126 -0.168115 -0.146229 0.971208
1305031467.520535 -0.310542 0.766338 -0.751841 0.0798588 -0.173431 -0.153475 0.969531
1305031467.552164 -0.296151 0.761782 -0.75415 0.0769073 -0.175407 -0.157972 0.968691
1305031467.584354 -0.283257 0.76207 -0.754908 0.0772085 -0.176773 -0.157588 0.968481
1305031467.618680 -0.271473 0.757265 -0.755656 0.0770054 -0.180184 -0.156786 0.967999
1305031467.651977 -0.25785 0.750557 -0.754388 0.0811963 -0.186634 -0.153806 0.966912
1305031467.686044 -0.24352 0.748109 -0.754316 0.0860372 -0.191485 -0.153917 0.965526
1305031467.718326 -0.22966 0.737939 -0.747737 0.0886368 -0.195571 -0.159006 0.963645
1305031467.752580 -0.221323 0.730207 -0.742721 0.0936824 -0.197161 -0.161568 0.962417
1305031467.788562 -0.21022 0.725019 -0.736224 0.0990388 -0.20036 -0.1642 0.960773
1305031467.820454 -0.201173 0.713126 -0.725642 0.102415 -0.203904 -0.166148 0.959338
1305031467.852678 -0.19562 0.700221 -0.716626 0.10754 -0.20792 -0.164307 0.958231
1305031467.888472 -0.187181 0.693062 -0.704935 0.113548 -0.215325 -0.162813 0.956155
1305031467.920800 -0.178947 0.683059 -0.691957 0.117144 -0.223617 -0.16554 0.953346
1305031467.952485 -0.172724 0.66939 -0.677044 0.121641 -0.229977 -0.167113 0.950993
1305031467.988523 -0.159716 0.662305 -0.663229 0.126796 -0.234794 -0.168734 0.948854
1305031468.020491 -0.151536 0.648548 -0.64629 0.125697 -0.236944 -0.172631 0.947764
1305031468.052668 -0.149481 0.630211 -0.63286 0.126832 -0.238474 -0.175372 0.946725
1305031468.088379 -0.143201 0.6203 -0.617903 0.130641 -0.242397 -0.177987 0.94472
1305031468.120522 -0.136487 0.605233 -0.601206 0.129626 -0.24611 -0.179875 0.943542
1305031468.152356 -0.130422 0.587837 -0.585024 0.129507 -0.249026 -0.182222 0.942342
1305031468.188327 -0.122865 0.573751 -0.569464 0.129988 -0.250981 -0.185846 0.941048
1305031468.220648 -0.11382 0.552389 -0.557646 0.126503 -0.252297 -0.186849 0.940973
1305031468.252517 -0.106456 0.533795 -0.545654 0.124706 -0.251985 -0.185585 0.941546
1305031468.288361 -0.0990797 0.513954 -0.534335 0.122971 -0.25072 -0.185764 0.942077
1305031468.320522 -0.0937594 0.487478 -0.523915 0.120758 -0.249504 -0.185318 0.942773
1305031468.352594 -0.0863042 0.466882 -0.517888 0.121904 -0.247636 -0.181229 0.943913
1305031468.384700 -0.0781798 0.453017 -0.509474 0.12171 -0.247258 -0.180037 0.944265
1305031468.420595 -0.0746701 0.429699 -0.503917 0.115638 -0.247053 -0.180817 0.944932
1305031468.452605 -0.0707409 0.407207 -0.499235 0.111923 -0.247866 -0.179636 0.945392
1305031468.488646 -0.0651598 0.384795 -0.493968 0.107995 -0.248124 -0.179736 0.945762
1305031468.520786 -0.0652845 0.359664 -0.491065 0.104613 -0.246128 -0.184287 0.945788
1305031468.552701 -0.0684191 0.335463 -0.490241 0.106882 -0.245131 -0.192358 0.944185
1305031468.588614 -0.0701767 0.324046 -0.490216 0.112043 -0.244848 -0.19842 0.942404
1305031468.620590 -0.0735511 0.30632 -0.48827 0.107249 -0.245588 -0.201576 0.942099
1305031468.656644 -0.0816662 0.281047 -0.490228 0.101351 -0.247149 -0.203435 0.941944
1305031468.688643 -0.0897096 0.259229 -0.48963 0.102169 -0.25196 -0.205947 0.940033
1305031468.720560 -0.0940672 0.244588 -0.487933 0.10598 -0.25797 -0.207674 0.937598
1305031468.756725 -0.0976409 0.228685 -0.484938 0.107318 -0.263228 -0.208271 0.935851
1305031468.788562 -0.102689 0.208745 -0.48335 0.108885 -0.266213 -0.211453 0.93411
1305031468.817997 -0.110283 0.194753 -0.483648 0.115849 -0.26703 -0.217077 0.931746
1305031468.854887 -0.111252 0.186003 -0.481279 0.120729 -0.267753 -0.221541 0.929867
1305031468.889220 -0.113656 0.174222 -0.477838 0.119309 -0.26436 -0.224488 0.930314
1305031468.920539 -0.118886 0.162359 -0.475591 0.114925 -0.258626 -0.223241 0.932774
1305031468.956482 -0.122274 0.158739 -0.471924 0.110307 -0.253131 -0.22005 0.935593
1305031468.986011 -0.121171 0.161571 -0.464814 0.101001 -0.250757 -0.220936 0.937073
1305031469.020731 -0.128322 0.152994 -0.460044 0.0826866 -0.246727 -0.22876 0.93806
1305031469.056318 -0.137892 0.143384 -0.455343 0.0668937 -0.243081 -0.236085 0.938456
1305031469.088069 -0.137963 0.138515 -0.444868 0.0560359 -0.24317 -0.243994 0.93712
1305031469.119984 -0.143762 0.128141 -0.437009 0.0428661 -0.237095 -0.256556 0.936017
1305031469.155046 -0.146268 0.121648 -0.428117 0.0323329 -0.228211 -0.264449 0.936451
1305031469.184648 -0.148915 0.11479 -0.417194 0.0242134 -0.219314 -0.270554 0.937078
1305031469.219541 -0.160789 0.11015 -0.409801 0.0179602 -0.209218 -0.274801 0.93829
1305031469.256002 -0.163422 0.106633 -0.398155 0.0130945 -0.206397 -0.278431 0.937925
1305031469.288263 -0.167915 0.105422 -0.386587 0.00871156 -0.201961 -0.281914 0.937902
1305031469.319772 -0.169782 0.106121 -0.375015 0.00417685 -0.198706 -0.28363 0.938111
1305031469.356116 -0.169833 0.107611 -0.360355 -0.00134164 -0.195375 -0.286781 0.93786
1305031469.388556 -0.175665 0.102648 -0.350741 -0.00604379 -0.184414 -0.29262 0.938258
1305031469.420278 -0.177988 0.106938 -0.338689 -0.00443079 -0.172113 -0.298029 0.938901
1305031469.456563 -0.179842 0.110993 -0.326139 -0.00400977 -0.162232 -0.304372 0.938627
1305031469.488520 -0.188189 0.11544 -0.312561 -0.00506075 -0.154298 -0.309453 0.938299
1305031469.520417 -0.190234 0.124022 -0.299786 -0.00670705 -0.153212 -0.310194 0.938222
1305031469.556139 -0.190532 0.132915 -0.285325 -0.0112192 -0.154433 -0.310649 0.937828
1305031469.588500 -0.191633 0.14123 -0.27166 -0.0183645 -0.154976 -0.309575 0.93798
1305031469.620563 -0.192161 0.148673 -0.257626 -0.0273785 -0.154176 -0.310173 0.937695
1305031469.656279 -0.195623 0.158264 -0.242987 -0.0336092 -0.150556 -0.309479 0.93831
1305031469.687925 -0.198236 0.167543 -0.23081 -0.038002 -0.146427 -0.30852 0.939111
1305031469.718943 -0.201041 0.178975 -0.217655 -0.0423247 -0.142024 -0.30682 0.940159
1305031469.756754 -0.206099 0.190088 -0.205585 -0.0481861 -0.136943 -0.304459 0.941397
1305031469.784733 -0.209426 0.207382 -0.193935 -0.0526645 -0.134715 -0.299535 0.943057
1305031469.820544 -0.214687 0.22076 -0.18252 -0.058077 -0.135123 -0.296448 0.943656
1305031469.854359 -0.221236 0.23644 -0.173713 -0.0636923 -0.1361 -0.293531 0.944065
1305031469.885343 -0.231897 0.253507 -0.165286 -0.0688094 -0.135318 -0.289896 0.944941
1305031469.921773 -0.237467 0.269251 -0.157786 -0.0718049 -0.137387 -0.286541 0.945443
1305031469.953180 -0.247192 0.285103 -0.151127 -0.0737515 -0.139265 -0.283885 0.945819
1305031469.985327 -0.257159 0.300184 -0.145937 -0.075852 -0.140782 -0.281272 0.946209
1305031470.024714 -0.268245 0.315042 -0.140827 -0.0781799 -0.142026 -0.280996 0.945916
1305031470.057400 -0.28122 0.332427 -0.138631 -0.0793524 -0.141173 -0.280372 0.946131
1305031470.088874 -0.291282 0.346345 -0.137966 -0.0811944 -0.14092 -0.278858 0.94646
1305031470.124820 -0.303113 0.360094 -0.137078 -0.0851196 -0.140134 -0.277085 0.946752
1305031470.156744 -0.31593 0.377272 -0.134889 -0.0873939 -0.139583 -0.273788 0.947585
1305031470.188876 -0.329329 0.391413 -0.1364 -0.0894401 -0.13887 -0.271742 0.948088
1305031470.224776 -0.341215 0.403771 -0.138859 -0.0937123 -0.138627 -0.269031 0.948484
1305031470.253015 -0.354057 0.416424 -0.139207 -0.0984408 -0.137372 -0.26584 0.949087
1305031470.287867 -0.366464 0.430132 -0.141987 -0.103218 -0.135183 -0.263178 0.949636
1305031470.324266 -0.377918 0.442168 -0.141908 -0.109861 -0.134931 -0.260098 0.949775
1305031470.356871 -0.392119 0.456512 -0.144551 -0.114485 -0.134056 -0.255822 0.950514
1305031470.388056 -0.403763 0.467735 -0.146543 -0.118302 -0.134993 -0.252814 0.950719
1305031470.424090 -0.416143 0.479383 -0.149176 -0.118962 -0.13623 -0.252909 0.950435
1305031470.455875 -0.430299 0.489232 -0.150991 -0.118696 -0.136652 -0.252186 0.950599
1305031470.487958 -0.442616 0.495298 -0.153913 -0.120028 -0.138829 -0.253174 0.949854
1305031470.524431 -0.456214 0.503161 -0.158789 -0.120161 -0.137056 -0.255045 0.949594
1305031470.556484 -0.466631 0.510659 -0.162228 -0.121171 -0.136177 -0.254269 0.9498
1305031470.588797 -0.479512 0.518025 -0.163862 -0.122331 -0.134609 -0.250962 0.950754
1305031470.624535 -0.489506 0.524354 -0.165759 -0.125043 -0.133991 -0.246808 0.951575
1305031470.656787 -0.500264 0.529729 -0.166069 -0.127564 -0.133631 -0.242987 0.952275
1305031470.688640 -0.512618 0.537476 -0.16616 -0.129795 -0.132509 -0.239211 0.953085
1305031470.724461 -0.523799 0.541304 -0.166216 -0.131018 -0.13195 -0.238527 0.953167
1305031470.755944 -0.534459 0.540603 -0.169884 -0.135598 -0.12704 -0.236533 0.95369
1305031470.788407 -0.542487 0.54804 -0.170302 -0.135169 -0.122422 -0.231792 0.955518
1305031470.820633 -0.552532 0.553603 -0.167237 -0.130725 -0.121392 -0.226699 0.957487
1305031470.855509 -0.562295 0.555245 -0.169082 -0.126863 -0.121628 -0.222025 0.959071
1305031470.886079 -0.571874 0.557188 -0.171499 -0.123686 -0.122397 -0.21689 0.960562
1305031470.924410 -0.580486 0.558217 -0.172741 -0.120188 -0.125727 -0.213331 0.961372
1305031470.956439 -0.592236 0.559421 -0.17705 -0.109579 -0.127664 -0.21127 0.962839
1305031470.988276 -0.60401 0.558798 -0.179381 -0.103618 -0.125961 -0.209072 0.964202
1305031471.024309 -0.61288 0.555868 -0.18189 -0.0970301 -0.124414 -0.208634 0.965183
1305031471.056616 -0.622886 0.552685 -0.185419 -0.0899451 -0.121365 -0.202771 0.967504
1305031471.088440 -0.631805 0.550538 -0.189683 -0.0837138 -0.119757 -0.195585 0.96974
1305031471.123837 -0.640717 0.548013 -0.192626 -0.0792207 -0.119704 -0.18913 0.971403
1305031471.155886 -0.648213 0.546695 -0.195933 -0.0747111 -0.118635 -0.183031 0.973059
1305031471.192698 -0.653358 0.547287 -0.198389 -0.07138 -0.116793 -0.176631 0.974713
1305031471.224404 -0.661513 0.547207 -0.200357 -0.0711517 -0.112507 -0.171392 0.976168
1305031471.256397 -0.668214 0.546859 -0.201334 -0.0715334 -0.1102 -0.168217 0.976955
1305031471.288603 -0.674099 0.545291 -0.202013 -0.071185 -0.108066 -0.164313 0.977883
1305031471.324440 -0.679242 0.542853 -0.203551 -0.0691961 -0.104419 -0.161053 0.978964
1305031471.356569 -0.682885 0.542139 -0.207452 -0.0681398 -0.0970787 -0.158592 0.980194
1305031471.392751 -0.69004 0.538214 -0.207439 -0.0695215 -0.0891069 -0.153209 0.981709
1305031471.424494 -0.696083 0.54119 -0.210182 -0.0636419 -0.0851422 -0.146095 0.983543
1305031471.456975 -0.700716 0.541531 -0.213753 -0.0621757 -0.084739 -0.140889 0.984431
1305031471.492705 -0.706129 0.540784 -0.215912 -0.0635805 -0.0835698 -0.136715 0.985029
1305031471.524343 -0.710223 0.538257 -0.218602 -0.0656232 -0.082883 -0.131806 0.985622
1305031471.556561 -0.713373 0.537919 -0.221898 -0.0661066 -0.0811326 -0.129858 0.985994
1305031471.592606 -0.715709 0.538109 -0.224303 -0.0660131 -0.0774041 -0.127687 0.986583
1305031471.624486 -0.718244 0.537782 -0.22775 -0.0655864 -0.0727053 -0.125912 0.987197
1305031471.656831 -0.722551 0.536849 -0.231301 -0.0648266 -0.0665469 -0.123345 0.988005
1305031471.693182 -0.724855 0.538958 -0.234404 -0.0618316 -0.062173 -0.118123 0.98912
1305031471.724753 -0.725446 0.541854 -0.236948 -0.0607357 -0.0591052 -0.113643 0.9899
1305031471.753002 -0.725626 0.539852 -0.238313 -0.063338 -0.0556653 -0.107784 0.990592
1305031471.792706 -0.725977 0.543766 -0.240864 -0.0606966 -0.0496786 -0.0999513 0.991896
1305031471.823821 -0.728774 0.549283 -0.242378 -0.0610883 -0.0433434 -0.0920386 0.992934
1305031471.855793 -0.731212 0.54968 -0.24284 -0.0657588 -0.0392833 -0.0860152 0.993345
1305031471.892838 -0.731952 0.554802 -0.243775 -0.0671818 -0.0357126 -0.078705 0.99399
1305031471.924928 -0.733342 0.557416 -0.242937 -0.0720409 -0.0311227 -0.0745615 0.994124
1305031471.957162 -0.736897 0.553939 -0.24263 -0.0775157 -0.023615 -0.073597 0.99399
1305031471.993177 -0.741458 0.560275 -0.244741 -0.0749738 -0.0146483 -0.0693795 0.994661
1305031472.024660 -0.742729 0.568296 -0.243419 -0.0779308 -0.00971874 -0.0657932 0.994738
1305031472.058063 -0.749025 0.565311 -0.241592 -0.0844914 -0.00298198 -0.0638951 0.994369
1305031472.092883 -0.752809 0.57098 -0.242399 -0.0820804 0.00216669 -0.0579944 0.994935
1305031472.124760 -0.759058 0.578607 -0.241863 -0.0832567 0.00718999 -0.0545023 0.995011
1305031472.156982 -0.764017 0.574075 -0.239718 -0.0906279 0.00893944 -0.0522592 0.994472
1305031472.192890 -0.767437 0.573863 -0.239242 -0.0882995 0.0100074 -0.047973 0.994888
1305031472.224678 -0.770006 0.576909 -0.240061 -0.0840796 0.0109183 -0.0450567 0.99538
1305031472.256642 -0.773311 0.571425 -0.240134 -0.0856643 0.012902 -0.0441686 0.995261
1305031472.293139 -0.775112 0.570932 -0.241557 -0.0791693 0.014794 -0.0421523 0.99586
1305031472.324844 -0.776292 0.572048 -0.242781 -0.0728281 0.0157546 -0.0402956 0.996406
1305031472.360912 -0.778649 0.572405 -0.243995 -0.0715882 0.0165855 -0.0390317 0.996532
1305031472.392956 -0.782131 0.569341 -0.243314 -0.0730602 0.0165196 -0.03763 0.99648
1305031472.424694 -0.781156 0.565475 -0.244161 -0.07297 0.0123799 -0.0365182 0.996588
1305031472.460919 -0.780469 0.563904 -0.244665 -0.0708619 0.0103463 -0.0377324 0.996718
1305031472.492972 -0.779664 0.561774 -0.245236 -0.0708336 0.0113102 -0.0384565 0.996682
1305031472.524781 -0.781014 0.555202 -0.244821 -0.0731867 0.0141927 -0.0378832 0.996497
1305031472.561296 -0.781149 0.54999 -0.245386 -0.0702057 0.0140852 -0.0360092 0.996783
1305031472.592968 -0.779019 0.551651 -0.246646 -0.0633068 0.011911 -0.0336218 0.997356
1305031472.624647 -0.777264 0.54828 -0.246509 -0.063303 0.0104826 -0.0314575 0.997443
1305031472.660836 -0.775103 0.54345 -0.245741 -0.0641814 0.00918566 -0.0304061 0.997433
1305031472.693008 -0.77398 0.540168 -0.245112 -0.0627349 0.00858337 -0.0289569 0.997573
1305031472.724752 -0.772956 0.535193 -0.24474 -0.0619435 0.00779969 -0.028613 0.997639
1305031472.760654 -0.770594 0.53357 -0.243936 -0.0591679 0.00708122 -0.030315 0.997762
1305031472.792775 -0.769365 0.529036 -0.242725 -0.0587317 0.00776787 -0.0319078 0.997733
1305031472.824692 -0.768672 0.527282 -0.241815 -0.0557737 0.00843886 -0.0318538 0.997899
1305031472.860936 -0.76889 0.526974 -0.240666 -0.0527774 0.00881799 -0.0307854 0.998093
1305031472.892944 -0.768443 0.526168 -0.239913 -0.0521567 0.0074477 -0.0282129 0.998212
1305031472.924814 -0.766674 0.524057 -0.238634 -0.0528493 0.00558807 -0.0270182 0.998221
1305031472.961213 -0.765988 0.521354 -0.237395 -0.0539169 0.00542536 -0.0256763 0.9982
1305031472.992815 -0.766233 0.522163 -0.236065 -0.0537444 0.00492248 -0.0244855 0.998242
1305031473.024564 -0.765877 0.522692 -0.235138 -0.0535868 0.00345351 -0.0246038 0.998254
1305031473.060795 -0.76632 0.518634 -0.23408 -0.0568044 0.00323618 -0.0257579 0.998048
1305031473.092012 -0.764688 0.518862 -0.23364 -0.0558042 0.00300215 -0.0275915 0.998056
1305031473.124072 -0.765847 0.519192 -0.233093 -0.0551315 0.00483917 -0.029062 0.998044
1305031473.158420 -0.768083 0.515557 -0.233057 -0.056583 0.00576236 -0.0297298 0.997938
1305031473.190828 -0.767387 0.515117 -0.233229 -0.0553393 0.00461189 -0.0296927 0.998015
