1305031453.374112 0 0 0 0 0 0 1
1305031453.404816 0.00289197 0.00452623 -0.00920408 -0.000791767 0.00623505 0.0112237 0.999917
1305031453.436941 0.00689475 0.00696923 -0.0182966 2.84085e-05 0.010361 0.020488 0.999736
1305031453.473352 0.0116589 0.0113766 -0.0288904 0.00367104 0.0161168 0.0293444 0.999433
1305031453.505218 0.0166183 0.0145975 -0.040926 0.00716804 0.0218212 0.0390483 0.998973
1305031453.538301 0.0175723 0.0195462 -0.0537893 0.0135997 0.0270486 0.0480699 0.998385
1305031453.574074 0.0178277 0.0237036 -0.0683296 0.0202413 0.0302719 0.0545706 0.997846
1305031453.605314 0.0184101 0.0305303 -0.0826719 0.027929 0.0326354 0.0588795 0.997341
1305031453.636951 0.0122214 0.0366638 -0.0976486 0.0348865 0.0353197 0.0626753 0.996799
1305031453.673185 0.00271847 0.0440463 -0.111561 0.0429965 0.0341906 0.0613531 0.996603
1305031453.705487 -0.00547069 0.0542228 -0.126563 0.050478 0.0304491 0.0564163 0.996665
1305031453.736856 -0.0148539 0.0640547 -0.140376 0.0556175 0.0263719 0.0514367 0.996778
1305031453.773786 -0.0276998 0.0695979 -0.152378 0.0595968 0.0204094 0.0446669 0.997014
1305031453.805041 -0.0355694 0.0788446 -0.165569 0.0646568 0.0113708 0.036782 0.997165
1305031453.840352 -0.045649 0.0873603 -0.178117 0.0676327 0.00454545 0.0304725 0.997234
1305031453.869618 -0.0609861 0.0973905 -0.189679 0.0706407 -0.00488728 0.0232031 0.99722
1305031453.905519 -0.0764254 0.107562 -0.197298 0.0718425 -0.0186491 0.0159919 0.997113
1305031453.940012 -0.0874822 0.112985 -0.204258 0.0695953 -0.0364286 0.0121923 0.996835
1305031453.972592 -0.100332 0.119089 -0.206875 0.0679166 -0.052259 0.00420543 0.996313
1305031454.003179 -0.112298 0.120013 -0.210882 0.0654326 -0.0638598 -0.00717243 0.995786
1305031454.040976 -0.126072 0.121591 -0.216129 0.0670003 -0.0748301 -0.0167369 0.994802
1305031454.072690 -0.140407 0.127461 -0.219369 0.0687329 -0.0850845 -0.0283188 0.993597
1305031454.104619 -0.156774 0.127488 -0.223163 0.0680155 -0.0946967 -0.0415005 0.992313
1305031454.141030 -0.171812 0.128562 -0.226183 0.0706209 -0.107323 -0.0557382 0.990145
1305031454.172688 -0.186158 0.136328 -0.229846 0.0725664 -0.120494 -0.0682698 0.987702
1305031454.204626 -0.199625 0.140104 -0.230525 0.0710364 -0.135472 -0.081915 0.984831
1305031454.240858 -0.213061 0.135873 -0.229686 0.0707732 -0.15112 -0.0978708 0.981109
1305031454.273489 -0.220236 0.140119 -0.228096 0.0771886 -0.164793 -0.114785 0.97658
1305031454.304744 -0.229772 0.145494 -0.228109 0.0764375 -0.171801 -0.126938 0.973924
1305031454.340806 -0.246607 0.141901 -0.232224 0.0750169 -0.178741 -0.141091 0.970833
1305031454.372652 -0.253268 0.14619 -0.231224 0.0817471 -0.190437 -0.156054 0.965763
1305031454.401962 -0.261965 0.153265 -0.233723 0.0841531 -0.197501 -0.168547 0.962031
1305031454.437248 -0.275295 0.156928 -0.236048 0.085424 -0.207705 -0.183554 0.95701
1305031454.470741 -0.277255 0.160679 -0.233469 0.0886277 -0.218766 -0.199484 0.951048
1305031454.503859 -0.284586 0.165556 -0.23573 0.0901199 -0.222534 -0.215679 0.946488
1305031454.538424 -0.28874 0.17406 -0.236987 0.0906589 -0.2285 -0.231908 0.941163
1305031454.570323 -0.295613 0.183701 -0.238634 0.0888439 -0.23315 -0.245003 0.936868
1305031454.602019 -0.302965 0.190422 -0.240245 0.086325 -0.242117 -0.262034 0.930196
1305031454.639284 -0.305409 0.196569 -0.239563 0.0847421 -0.255285 -0.275463 0.922913
1305031454.669573 -0.305242 0.206809 -0.241177 0.0801894 -0.267347 -0.282225 0.917848
1305031454.702030 -0.307588 0.214419 -0.241719 0.0738568 -0.280363 -0.288818 0.912428
1305031454.740764 -0.302778 0.217777 -0.240472 0.0692307 -0.294418 -0.293389 0.906889
1305031454.772865 -0.296252 0.222352 -0.238284 0.0636843 -0.302039 -0.290191 0.905818
1305031454.802574 -0.292219 0.229436 -0.238478 0.0592874 -0.304887 -0.283204 0.907372
1305031454.840500 -0.285104 0.237993 -0.236952 0.055523 -0.306919 -0.276584 0.908966
1305031454.870269 -0.280291 0.244975 -0.236161 0.050244 -0.304618 -0.27003 0.912012
1305031454.901065 -0.276487 0.253619 -0.236753 0.046965 -0.299777 -0.26272 0.915918
1305031454.940240 -0.274521 0.263627 -0.237888 0.0437876 -0.294005 -0.256191 0.919788
1305031454.973081 -0.275562 0.272535 -0.240934 0.0405557 -0.28809 -0.25029 0.923426
1305031455.010759 -0.278963 0.281603 -0.246107 0.0377819 -0.283827 -0.24416 0.926499
1305031455.040446 -0.280252 0.294185 -0.249042 0.0381799 -0.282851 -0.240529 0.92773
1305031455.074282 -0.284927 0.301467 -0.25292 0.0366663 -0.279072 -0.238762 0.929391
1305031455.110340 -0.290365 0.311075 -0.257782 0.0391459 -0.274883 -0.238137 0.930697
1305031455.142700 -0.295874 0.322683 -0.262239 0.0409912 -0.269856 -0.236539 0.932495
1305031455.172771 -0.304643 0.332033 -0.267816 0.039774 -0.264544 -0.232516 0.935078
1305031455.210307 -0.314516 0.341479 -0.271546 0.0367004 -0.260315 -0.226778 0.937796
1305031455.240960 -0.323985 0.348046 -0.275773 0.0357548 -0.256755 -0.221076 0.940172
1305031455.273001 -0.33087 0.362194 -0.279026 0.0350741 -0.252335 -0.214717 0.942865
1305031455.310303 -0.34388 0.365814 -0.28393 0.0257644 -0.245628 -0.205865 0.946902
1305031455.342381 -0.35603 0.375733 -0.290185 0.0204597 -0.241996 -0.194764 0.950309
1305031455.374120 -0.362174 0.386406 -0.290885 0.013508 -0.241096 -0.187822 0.952057
1305031455.409213 -0.374188 0.386804 -0.293907 0.00223945 -0.233681 -0.181068 0.955302
1305031455.442380 -0.388321 0.390407 -0.301189 -0.00564926 -0.225493 -0.171114 0.959083
1305031455.473168 -0.400738 0.390306 -0.30741 -0.0118065 -0.221919 -0.162269 0.961395
1305031455.509397 -0.413832 0.395516 -0.315053 -0.0157743 -0.21749 -0.151734 0.964067
1305031455.540835 -0.430993 0.393829 -0.324311 -0.021875 -0.21257 -0.13912 0.966944
1305031455.572996 -0.448957 0.396205 -0.335199 -0.02396 -0.211266 -0.125844 0.968997
1305031455.608802 -0.463704 0.401556 -0.345987 -0.0258268 -0.211295 -0.111619 0.970684
1305031455.641333 -0.481012 0.397598 -0.35491 -0.0321315 -0.208278 -0.0988848 0.972527
1305031455.672887 -0.499005 0.394348 -0.366504 -0.0306142 -0.204613 -0.0927203 0.973961
1305031455.707680 -0.515678 0.396092 -0.378841 -0.0263495 -0.201537 -0.0933954 0.974662
1305031455.742005 -0.53214 0.394217 -0.390559 -0.0243167 -0.197076 -0.0982055 0.975154
1305031455.773667 -0.547834 0.392811 -0.402446 -0.0226712 -0.190661 -0.101522 0.976129
1305031455.809109 -0.564442 0.384463 -0.414851 -0.0225728 -0.18422 -0.100676 0.977455
1305031455.838364 -0.580385 0.383405 -0.429287 -0.019278 -0.179598 -0.100156 0.978438
1305031455.872220 -0.593406 0.378797 -0.441223 -0.0194409 -0.177223 -0.101278 0.978753
1305031455.908418 -0.606054 0.37488 -0.452993 -0.0194494 -0.173789 -0.101589 0.979336
1305031455.939606 -0.618676 0.369145 -0.463822 -0.02079 -0.169378 -0.102198 0.980018
1305031455.973594 -0.629882 0.368861 -0.474548 -0.019346 -0.165138 -0.10448 0.98053
1305031456.008998 -0.640844 0.367594 -0.483604 -0.0207086 -0.159835 -0.107115 0.981096
1305031456.041930 -0.65035 0.371004 -0.492043 -0.0236539 -0.153445 -0.111643 0.981545
1305031456.073846 -0.665115 0.363801 -0.498583 -0.033769 -0.146412 -0.119428 0.981407
1305031456.108963 -0.678843 0.354034 -0.503937 -0.0408115 -0.14104 -0.124696 0.981271
1305031456.140836 -0.691643 0.347938 -0.508972 -0.0425805 -0.135697 -0.126167 0.981761
1305031456.173198 -0.701506 0.337495 -0.512016 -0.044966 -0.130128 -0.126776 0.98233
1305031456.208934 -0.711981 0.328784 -0.51503 -0.040996 -0.121955 -0.124902 0.983791
1305031456.240996 -0.721076 0.335441 -0.519602 -0.0344458 -0.111484 -0.122169 0.985626
1305031456.277928 -0.73252 0.328501 -0.519239 -0.0360339 -0.0997449 -0.119842 0.987112
1305031456.310040 -0.745835 0.319574 -0.518324 -0.0346251 -0.0879955 -0.115245 0.988826
1305031456.341659 -0.756325 0.31394 -0.516622 -0.0304695 -0.0774266 -0.108863 0.990568
1305031456.377115 -0.764965 0.322761 -0.516867 -0.022488 -0.0653796 -0.103724 0.9922
1305031456.409172 -0.779281 0.310524 -0.510286 -0.02453 -0.0519221 -0.0998666 0.993342
1305031456.440717 -0.795603 0.314235 -0.50601 -0.0162069 -0.0397903 -0.0924483 0.99479
1305031456.476027 -0.811741 0.326034 -0.502373 -0.0127852 -0.0328962 -0.0857773 0.995689
1305031456.508911 -0.828656 0.327359 -0.494501 -0.0189038 -0.0308021 -0.0798659 0.99615
1305031456.541832 -0.84275 0.326235 -0.485903 -0.0254099 -0.0310876 -0.0745392 0.996409
1305031456.576087 -0.856486 0.31849 -0.475502 -0.0302695 -0.0294083 -0.0698908 0.996662
1305031456.607930 -0.865849 0.331329 -0.468384 -0.0263645 -0.0255164 -0.0638518 0.997285
1305031456.640699 -0.877027 0.340628 -0.459411 -0.0367865 -0.0194354 -0.0583168 0.997431
1305031456.675835 -0.89672 0.326785 -0.445785 -0.0519431 -0.0105499 -0.0521 0.997234
1305031456.709099 -0.911665 0.329334 -0.436888 -0.0495627 -0.0055711 -0.0416384 0.997887
1305031456.740863 -0.928711 0.343691 -0.429218 -0.0506519 -0.00225647 -0.0319952 0.998201
1305031456.777218 -0.946527 0.329976 -0.417493 -0.0612485 -0.00346222 -0.023948 0.997829
1305031456.808986 -0.958583 0.334732 -0.407237 -0.055539 -0.0103264 -0.0163395 0.998269
1305031456.841050 -0.967682 0.351324 -0.397364 -0.0527348 -0.013559 -0.0090407 0.998476
1305031456.878006 -0.978813 0.350272 -0.385314 -0.0603171 -0.0117257 -0.00207261 0.998108
1305031456.909883 -0.988906 0.345144 -0.373824 -0.0642387 -0.00862892 0.0025447 0.997894
1305031456.942298 -1.00061 0.351493 -0.365517 -0.0582067 -0.00245588 0.00841628 0.998266
1305031456.977139 -1.01433 0.364413 -0.360275 -0.0570347 0.00443065 0.0126916 0.998282
1305031457.006193 -1.02788 0.362145 -0.351221 -0.0658809 0.0102724 0.0150262 0.997661
1305031457.042512 -1.04066 0.362762 -0.346005 -0.0674912 0.015342 0.0186905 0.997427
1305031457.076011 -1.05313 0.371718 -0.344112 -0.0689795 0.0210638 0.0236084 0.997116
1305031457.108053 -1.06488 0.367703 -0.340642 -0.079283 0.0270414 0.0281532 0.996088
1305031457.142120 -1.07587 0.359664 -0.338674 -0.0845616 0.033447 0.0329481 0.995312
1305031457.177463 -1.08843 0.359146 -0.340705 -0.0829168 0.041045 0.0394215 0.99493
1305031457.209336 -1.10259 0.362248 -0.344968 -0.0809897 0.049305 0.0450491 0.994475
1305031457.240792 -1.11697 0.358019 -0.348446 -0.0854999 0.0569307 0.0508317 0.993411
1305031457.277247 -1.1291 0.345167 -0.351603 -0.0865799 0.0639524 0.0578317 0.992507
1305031457.309693 -1.14442 0.347627 -0.360081 -0.0771647 0.0733541 0.063184 0.992307
1305031457.342954 -1.15983 0.351134 -0.368776 -0.0727577 0.0841001 0.0676587 0.991492
1305031457.376037 -1.1746 0.343017 -0.375604 -0.0746352 0.0956485 0.0729442 0.989929
1305031457.407980 -1.1908 0.337944 -0.383742 -0.0691658 0.107537 0.0805877 0.988513
1305031457.441357 -1.21078 0.33667 -0.392954 -0.0653321 0.117257 0.0880341 0.987032
1305031457.476577 -1.2282 0.329329 -0.401233 -0.0658545 0.121444 0.0933826 0.985999
1305031457.508603 -1.24175 0.319428 -0.409848 -0.0660243 0.123432 0.0971801 0.985374
1305031457.543946 -1.25499 0.312245 -0.419385 -0.0624294 0.126892 0.100209 0.984865
1305031457.576581 -1.27021 0.307573 -0.428251 -0.0584758 0.132354 0.103561 0.984042
1305031457.607246 -1.29015 0.305359 -0.435926 -0.054736 0.138612 0.106868 0.983041
1305031457.643534 -1.30421 0.294338 -0.441551 -0.05562 0.141048 0.109988 0.9823
1305031457.675414 -1.32133 0.296687 -0.448991 -0.0504794 0.143925 0.113376 0.981776
1305031457.707739 -1.33573 0.289536 -0.454126 -0.0558645 0.144615 0.116439 0.981024
1305031457.745071 -1.34787 0.271811 -0.456777 -0.0600148 0.14624 0.116455 0.980536
1305031457.773518 -1.36225 0.259684 -0.461506 -0.0582284 0.149224 0.115001 0.980365
1305031457.807824 -1.37156 0.242185 -0.46605 -0.0534763 0.153399 0.11395 0.980115
1305031457.842853 -1.38741 0.244072 -0.47396 -0.041362 0.161922 0.113441 0.979388
1305031457.875920 -1.40165 0.233938 -0.477629 -0.039616 0.170562 0.113425 0.977995
1305031457.906126 -1.41598 0.213841 -0.477419 -0.0350371 0.178832 0.113952 0.97663
1305031457.942604 -1.4352 0.211397 -0.479582 -0.0204659 0.184758 0.117035 0.975576
1305031457.976744 -1.45836 0.199801 -0.477967 -0.0110203 0.188213 0.121419 0.974531
1305031458.009019 -1.46926 0.188075 -0.474976 -0.00440665 0.191325 0.121995 0.973906
1305031458.046303 -1.48423 0.187998 -0.472788 0.00566044 0.196239 0.122735 0.972828
1305031458.077315 -1.50124 0.189343 -0.466161 0.0106635 0.202161 0.124255 0.971379
1305031458.108896 -1.5165 0.181811 -0.455629 0.00953635 0.20752 0.125274 0.970129
1305031458.144808 -1.53251 0.171305 -0.443087 0.00887033 0.212103 0.126368 0.969002
1305031458.178039 -1.55139 0.170643 -0.429402 0.0110094 0.215051 0.129224 0.967953
1305031458.209384 -1.56778 0.166233 -0.414174 0.00635913 0.214725 0.131584 0.967749
1305031458.245729 -1.57876 0.142068 -0.396912 -0.00147069 0.213162 0.130774 0.968224
1305031458.277447 -1.59323 0.130713 -0.383416 0.00125926 0.210712 0.129083 0.968987
1305031458.308343 -1.60822 0.126409 -0.366232 0.00635474 0.207591 0.130199 0.969491
1305031458.343898 -1.61829 0.111908 -0.347968 0.00960173 0.204024 0.131209 0.970086
1305031458.376213 -1.62739 0.108687 -0.333012 0.01971 0.200767 0.131848 0.970526
1305031458.407856 -1.63479 0.109729 -0.316775 0.0307816 0.19994 0.136581 0.969753
1305031458.443957 -1.63806 0.106786 -0.300315 0.0417541 0.202681 0.142659 0.967897
1305031458.476034 -1.64257 0.100753 -0.284244 0.0575556 0.211629 0.142946 0.965125
1305031458.508869 -1.6467 0.112448 -0.265803 0.0792974 0.221201 0.1409 0.961732
1305031458.544401 -1.65627 0.125379 -0.242835 0.0953103 0.232485 0.137257 0.958137
1305031458.576178 -1.66604 0.128531 -0.220339 0.104448 0.241814 0.131814 0.955637
1305031458.608421 -1.67633 0.147972 -0.192623 0.114083 0.246801 0.125462 0.954114
1305031458.643659 -1.68578 0.158492 -0.164529 0.114652 0.247143 0.123261 0.954244
1305031458.676991 -1.689 0.161223 -0.14047 0.109287 0.238193 0.120181 0.957537
1305031458.707780 -1.68381 0.157601 -0.120605 0.10425 0.223515 0.113148 0.962481
1305031458.744924 -1.68574 0.15835 -0.105108 0.105553 0.21039 0.102573 0.966475
1305031458.773802 -1.68326 0.1664 -0.0918603 0.107969 0.193938 0.0926647 0.970641
1305031458.810621 -1.67727 0.167998 -0.0777294 0.103334 0.182201 0.088093 0.97384
1305031458.842919 -1.66913 0.159981 -0.0661157 0.0992743 0.174424 0.0858209 0.975887
1305031458.875889 -1.66627 0.159767 -0.0598007 0.102232 0.17261 0.0798436 0.976412
1305031458.910599 -1.67121 0.165201 -0.0508431 0.105135 0.17733 0.0785062 0.975365
1305031458.943997 -1.67629 0.162883 -0.0408965 0.101386 0.183361 0.0890675 0.973738
1305031458.976007 -1.68374 0.143505 -0.0300141 0.0961738 0.189632 0.0976025 0.972247
1305031459.012560 -1.70144 0.128921 -0.0181977 0.100053 0.193704 0.0991608 0.970894
1305031459.044413 -1.7209 0.11747 -0.0067421 0.108878 0.191029 0.105037 0.969856
1305031459.073657 -1.74187 0.103044 0.00744252 0.118321 0.182367 0.114964 0.969291
1305031459.112711 -1.76143 0.09157 0.0169947 0.129993 0.163365 0.12192 0.970334
1305031459.144497 -1.77304 0.0883143 0.0337284 0.141671 0.139454 0.122791 0.972319
1305031459.176463 -1.78792 0.0829123 0.0434816 0.148715 0.119828 0.126584 0.973397
1305031459.208791 -1.79662 0.0804389 0.0567041 0.153418 0.105509 0.135036 0.973189
1305031459.244159 -1.79753 0.0824232 0.0723173 0.155955 0.0972237 0.14401 0.972361
1305031459.274941 -1.80053 0.0874716 0.0833106 0.1555 0.100926 0.15322 0.970648
1305031459.311921 -1.80405 0.0889723 0.0947837 0.154078 0.1153 0.168053 0.966811
1305031459.344169 -1.81306 0.0926825 0.105177 0.156916 0.136932 0.186773 0.960074
1305031459.374084 -1.82393 0.10906 0.115511 0.160694 0.160443 0.208174 0.951367
1305031459.408831 -1.82761 0.120015 0.126717 0.1559 0.186463 0.236574 0.940723
1305031459.443181 -1.83628 0.122272 0.126183 0.151086 0.217351 0.275881 0.924024
1305031459.473401 -1.85732 0.133124 0.1367 0.150973 0.242853 0.30873 0.907147
1305031459.510267 -1.86761 0.139035 0.144143 0.143281 0.259579 0.338999 0.892842
1305031459.544431 -1.87953 0.13407 0.152041 0.134948 0.275875 0.366978 0.878071
1305031459.576817 -1.89739 0.133639 0.159723 0.133631 0.286378 0.38567 0.866827
1305031459.611939 -1.90827 0.133219 0.165057 0.131702 0.289024 0.397915 0.860687
1305031459.643453 -1.92007 0.133087 0.17231 0.131264 0.294611 0.400889 0.857474
1305031459.675678 -1.93546 0.12937 0.180699 0.127562 0.305045 0.404413 0.852716
1305031459.711531 -1.94694 0.114156 0.184703 0.119813 0.314005 0.409314 0.848237
1305031459.743425 -1.95992 0.099367 0.187469 0.117093 0.32113 0.409108 0.846046
1305031459.776577 -1.97704 0.0840852 0.193072 0.116323 0.327137 0.406245 0.84523
1305031459.812562 -1.99216 0.070966 0.200205 0.115472 0.329535 0.403808 0.845583
1305031459.844736 -2.00757 0.0570675 0.207599 0.111747 0.329871 0.402403 0.846622
1305031459.877006 -2.01756 0.0424703 0.214883 0.106907 0.326685 0.404282 0.847586
1305031459.911472 -2.02493 0.0277178 0.221785 0.104661 0.323895 0.407179 0.847551
1305031459.943616 -2.03448 0.0159633 0.230263 0.104063 0.322537 0.409566 0.846992
1305031459.979430 -2.04176 0.00184879 0.237641 0.101184 0.321318 0.413743 0.845773
1305031460.011909 -2.04565 -0.0134102 0.243982 0.0988727 0.320817 0.417555 0.844362
1305031460.043717 -2.05349 -0.0297761 0.251049 0.0983526 0.322041 0.419888 0.842798
1305031460.079449 -2.0617 -0.0468362 0.258331 0.0999717 0.319978 0.42469 0.840986
1305031460.111951 -2.06455 -0.061886 0.266839 0.10494 0.312869 0.432332 0.839159
1305031460.144204 -2.06903 -0.0731872 0.274023 0.111911 0.305146 0.439236 0.837515
1305031460.178730 -2.0724 -0.0828863 0.284307 0.115982 0.298556 0.445545 0.836003
1305031460.208637 -2.06754 -0.0911049 0.287537 0.115845 0.293944 0.450019 0.835259
1305031460.243467 -2.0649 -0.101872 0.289912 0.115711 0.29734 0.45197 0.83302
1305031460.279164 -2.0654 -0.112926 0.29426 0.115729 0.305567 0.451809 0.830122
1305031460.311712 -2.06409 -0.123461 0.298842 0.115662 0.313872 0.45211 0.826862
1305031460.342879 -2.06402 -0.132586 0.30467 0.115291 0.322361 0.453482 0.822887
1305031460.377806 -2.06318 -0.141833 0.31129 0.112865 0.33174 0.456435 0.817848
1305031460.409883 -2.06043 -0.152713 0.315706 0.10998 0.341219 0.460964 0.811778
1305031460.444036 -2.05813 -0.159036 0.322482 0.108298 0.352467 0.464172 0.805346
1305031460.479856 -2.05843 -0.165626 0.326943 0.103546 0.364449 0.469605 0.797448
1305031460.508966 -2.05624 -0.176749 0.331741 0.096604 0.374789 0.478938 0.787919
1305031460.544245 -2.05328 -0.18773 0.335935 0.089602 0.383649 0.485757 0.780271
1305031460.579561 -2.0522 -0.198294 0.339718 0.0839165 0.392233 0.488384 0.774977
1305031460.612190 -2.05056 -0.208476 0.344097 0.0802779 0.400063 0.490425 0.770056
1305031460.644011 -2.05155 -0.219574 0.350272 0.0774528 0.408487 0.490961 0.765567
1305031460.679350 -2.05417 -0.230657 0.359306 0.0748771 0.415461 0.491277 0.761858
1305031460.711684 -2.05423 -0.23983 0.36693 0.0708664 0.418743 0.492016 0.759967
1305031460.743767 -2.05234 -0.250241 0.373573 0.0664686 0.422566 0.49166 0.758477
1305031460.779201 -2.05247 -0.262901 0.383013 0.0627107 0.428103 0.490768 0.756266
1305031460.811318 -2.05176 -0.271097 0.392374 0.0589927 0.431144 0.48879 0.756119
1305031460.843836 -2.04924 -0.279894 0.40057 0.052944 0.433941 0.487145 0.756028
1305031460.879093 -2.04629 -0.291789 0.409772 0.0450528 0.438722 0.485532 0.754816
1305031460.911313 -2.0425 -0.303615 0.418577 0.0379966 0.441888 0.485043 0.753672
1305031460.943375 -2.03573 -0.314772 0.425104 0.0330348 0.44241 0.486746 0.752501
1305031460.979083 -2.02854 -0.326873 0.429791 0.0308805 0.444342 0.488017 0.750628
1305031461.011290 -2.02237 -0.339 0.436122 0.0311637 0.447168 0.488698 0.748491
1305031461.043398 -2.01789 -0.348767 0.443341 0.0335725 0.449198 0.488673 0.747187
1305031461.079602 -2.01311 -0.355917 0.451488 0.0340812 0.44887 0.488296 0.747608
1305031461.111961 -2.00436 -0.364348 0.45591 0.0315106 0.447357 0.487939 0.74886
1305031461.144098 -1.99496 -0.376612 0.460604 0.0298425 0.448235 0.487115 0.748939
1305031461.179883 -1.98938 -0.383176 0.466355 0.0317012 0.449603 0.483701 0.750254
1305031461.211180 -1.98429 -0.388784 0.471877 0.0323651 0.451048 0.480509 0.751409
1305031461.246864 -1.97797 -0.39626 0.477518 0.0323714 0.452339 0.477875 0.752312
1305031461.278888 -1.97222 -0.399808 0.481989 0.0335446 0.453003 0.472757 0.755089
1305031461.311240 -1.96613 -0.400933 0.487707 0.0346998 0.454971 0.467365 0.757207
1305031461.346875 -1.96456 -0.400535 0.496923 0.033249 0.459379 0.46243 0.757641
1305031461.378850 -1.95509 -0.40521 0.502797 0.0264544 0.460167 0.462754 0.757233
1305031461.411130 -1.94559 -0.409402 0.505135 0.0219921 0.459652 0.462919 0.757588
1305031461.447015 -1.9414 -0.408056 0.508856 0.020611 0.459873 0.463128 0.757364
1305031461.478901 -1.92957 -0.41365 0.508266 0.0151302 0.45861 0.466245 0.756346
1305031461.512120 -1.9239 -0.416021 0.507787 0.01614 0.459537 0.465762 0.756061
1305031461.547338 -1.91972 -0.412361 0.503554 0.0175541 0.460198 0.462663 0.757528
1305031461.578847 -1.91666 -0.410217 0.500332 0.0160048 0.465171 0.458906 0.75681
1305031461.609662 -1.91479 -0.406722 0.499158 0.014217 0.471487 0.456925 0.754131
1305031461.646970 -1.91214 -0.40258 0.497089 0.0117272 0.475941 0.456731 0.751488
1305031461.676203 -1.91135 -0.395743 0.495149 0.0111855 0.478649 0.459288 0.748211
1305031461.711212 -1.9075 -0.389315 0.491116 0.0098893 0.478657 0.464942 0.744723
1305031461.746919 -1.90715 -0.381132 0.486719 0.00947589 0.479329 0.468263 0.742211
1305031461.778616 -1.90769 -0.370157 0.48277 0.00837055 0.480655 0.471199 0.739505
1305031461.811319 -1.90671 -0.360694 0.477487 0.0060669 0.482818 0.475305 0.735479
1305031461.847090 -1.91087 -0.346472 0.474844 0.00707933 0.486842 0.479382 0.730152
1305031461.879162 -1.91605 -0.333378 0.476722 0.00647233 0.490225 0.487296 0.722616
1305031461.911121 -1.91847 -0.31898 0.472824 0.00469784 0.487895 0.497813 0.717017
1305031461.947264 -1.91934 -0.303459 0.462361 0.00224643 0.485437 0.50464 0.713917
1305031461.979223 -1.9297 -0.291285 0.4654 -0.00181083 0.492427 0.507586 0.707009
1305031462.011791 -1.9323 -0.28658 0.46908 -0.0103183 0.494339 0.517164 0.69861
1305031462.047463 -1.93495 -0.278498 0.469122 -0.0136977 0.489794 0.529596 0.692411
1305031462.079285 -1.93908 -0.266734 0.466354 -0.0124205 0.482521 0.540973 0.688738
1305031462.112081 -1.94401 -0.256682 0.46407 -0.0126651 0.477089 0.55033 0.685094
1305031462.147634 -1.94812 -0.25062 0.463266 -0.0152567 0.474047 0.557762 0.681131
1305031462.179358 -1.9538 -0.24202 0.461425 -0.0175078 0.471725 0.5606 0.680359
1305031462.212836 -1.96006 -0.236581 0.462669 -0.0231582 0.471456 0.561444 0.679681
1305031462.248986 -1.9661 -0.231427 0.464848 -0.0297648 0.470683 0.561624 0.679811
1305031462.280774 -1.97263 -0.225497 0.46695 -0.0364105 0.468307 0.559979 0.682481
1305031462.311931 -1.97976 -0.217525 0.467088 -0.0427722 0.4648 0.557124 0.686833
1305031462.347816 -1.98861 -0.211608 0.471622 -0.0506578 0.464145 0.552451 0.690503
1305031462.379950 -1.99798 -0.204383 0.477035 -0.0584784 0.461358 0.54843 0.694943
1305031462.413016 -2.00663 -0.198748 0.482064 -0.067456 0.456282 0.545421 0.699832
1305031462.448295 -2.01689 -0.190669 0.485935 -0.0744424 0.44916 0.541557 0.706699
1305031462.480843 -2.02568 -0.184332 0.486592 -0.0834431 0.44045 0.539196 0.712954
1305031462.517041 -2.0323 -0.181594 0.488289 -0.0903252 0.433129 0.537859 0.717595
1305031462.548959 -2.03823 -0.177157 0.482371 -0.0959239 0.422166 0.533505 0.726595
1305031462.581088 -2.04444 -0.173534 0.477459 -0.100706 0.416908 0.527038 0.73367
1305031462.617123 -2.05284 -0.169141 0.472727 -0.104085 0.413684 0.518827 0.740841
1305031462.648708 -2.0593 -0.165048 0.467969 -0.106472 0.412252 0.509733 0.747583
1305031462.680788 -2.0691 -0.162976 0.464576 -0.106532 0.411665 0.500642 0.754013
1305031462.716812 -2.07894 -0.159964 0.459979 -0.108128 0.406933 0.491228 0.762499
1305031462.748732 -2.08834 -0.150091 0.450547 -0.107603 0.398893 0.481313 0.773071
1305031462.780885 -2.09716 -0.142181 0.441552 -0.108374 0.392993 0.473551 0.780741
1305031462.816821 -2.10669 -0.133787 0.431885 -0.109709 0.387348 0.467575 0.786953
1305031462.848525 -2.11543 -0.118564 0.421396 -0.110037 0.382274 0.461131 0.793166
1305031462.880471 -2.12119 -0.105576 0.406956 -0.110057 0.379117 0.457063 0.797024
1305031462.916800 -2.12522 -0.0972851 0.392606 -0.110284 0.377515 0.455554 0.798615
1305031462.947939 -2.12799 -0.0905881 0.378976 -0.10949 0.374378 0.454131 0.801009
1305031462.979943 -2.1292 -0.0817688 0.365344 -0.105915 0.370902 0.450414 0.805194
1305031463.016121 -2.12953 -0.0773877 0.349912 -0.10252 0.367328 0.445207 0.810153
1305031463.050783 -2.13439 -0.0694657 0.334922 -0.0975941 0.363124 0.437258 0.816956
1305031463.076870 -2.13915 -0.0575838 0.321136 -0.0950418 0.358902 0.427469 0.824272
1305031463.116806 -2.13858 -0.0511911 0.305441 -0.0930766 0.355996 0.419441 0.829861
1305031463.148565 -2.1423 -0.0421252 0.289625 -0.0888881 0.354367 0.408736 0.836335
1305031463.180505 -2.1469 -0.0322969 0.275054 -0.0878663 0.353008 0.400295 0.841086
1305031463.217123 -2.14226 -0.0241939 0.261366 -0.0890684 0.349336 0.396114 0.844465
1305031463.248719 -2.13791 -0.0164238 0.246435 -0.0852027 0.3479 0.391458 0.847623
1305031463.278737 -2.1384 -0.00721649 0.232659 -0.0827162 0.347396 0.384645 0.851187
1305031463.317110 -2.13443 0.00455886 0.220303 -0.0803963 0.343657 0.380752 0.854671
1305031463.348740 -2.12842 0.0118514 0.20844 -0.075741 0.339575 0.37811 0.857894
1305031463.380514 -2.12624 0.0235676 0.195847 -0.0706733 0.335479 0.372654 0.862314
1305031463.416326 -2.12008 0.0373139 0.18348 -0.0683635 0.331099 0.368314 0.86605
1305031463.444773 -2.11299 0.0499695 0.170611 -0.0668856 0.329071 0.365038 0.868322
1305031463.480415 -2.1036 0.0630253 0.156655 -0.0665427 0.327974 0.363181 0.869542
1305031463.516994 -2.09169 0.0709789 0.144569 -0.0671382 0.330661 0.361089 0.869349
1305031463.548505 -2.08787 0.0763393 0.132467 -0.0647915 0.334788 0.360893 0.868028
1305031463.580684 -2.08098 0.0845224 0.119232 -0.0636703 0.332694 0.361088 0.868835
1305031463.616671 -2.0639 0.0878195 0.101258 -0.0645103 0.327637 0.360858 0.870788
1305031463.646147 -2.05223 0.0914603 0.0839501 -0.0589571 0.327921 0.358692 0.871969
1305031463.683908 -2.04731 0.10215 0.0682678 -0.0519527 0.328295 0.354285 0.874073
1305031463.716110 -2.03008 0.105398 0.0471764 -0.0538706 0.323734 0.35211 0.876533
1305031463.747849 -2.01273 0.101451 0.0249922 -0.0536371 0.323839 0.347759 0.878244
1305031463.783912 -2.00399 0.107088 0.00823272 -0.0477864 0.32704 0.337516 0.881386
1305031463.815883 -1.99113 0.108716 -0.0122432 -0.0479994 0.326424 0.326992 0.885561
1305031463.848094 -1.97647 0.104644 -0.0334351 -0.0492374 0.326678 0.317674 0.888785
1305031463.883817 -1.96673 0.105803 -0.0518136 -0.0457404 0.328211 0.308512 0.89163
1305031463.917433 -1.95737 0.102526 -0.0704946 -0.0455894 0.327297 0.301818 0.894261
1305031463.944435 -1.94525 0.0978116 -0.089384 -0.0449912 0.323043 0.296811 0.897508
1305031463.983748 -1.93459 0.0921032 -0.108474 -0.0430917 0.319608 0.290045 0.901036
1305031464.015867 -1.9268 0.0912136 -0.127807 -0.0408192 0.316218 0.281687 0.904981
1305031464.047778 -1.91524 0.0846541 -0.147479 -0.0419596 0.313758 0.273431 0.908311
1305031464.083152 -1.90725 0.0779857 -0.165275 -0.0404189 0.314593 0.264444 0.91075
1305031464.115837 -1.90384 0.0723079 -0.180811 -0.0380227 0.314934 0.25807 0.912562
1305031464.147663 -1.89869 0.0627715 -0.194811 -0.0343926 0.312156 0.256019 0.914237
1305031464.183566 -1.89415 0.0529275 -0.209278 -0.02637 0.306712 0.252729 0.917256
1305031464.212447 -1.89615 0.0521455 -0.222323 -0.0141072 0.299568 0.247566 0.921287
1305031464.247602 -1.89767 0.0531754 -0.236208 -0.00449412 0.287606 0.244394 0.926031
1305031464.283694 -1.89212 0.0531319 -0.249625 0.000427436 0.271621 0.24053 0.931862
1305031464.315699 -1.87955 0.0523981 -0.266643 0.00281961 0.25559 0.23516 0.937744
1305031464.347553 -1.86607 0.0473673 -0.283768 0.00514497 0.243927 0.229982 0.942115
1305031464.383465 -1.85417 0.048722 -0.302974 0.00987731 0.236197 0.222292 0.945885
1305031464.415539 -1.84421 0.0517507 -0.320817 0.012246 0.233258 0.211877 0.948972
1305031464.444269 -1.83483 0.0476669 -0.335736 0.0128152 0.231342 0.203156 0.951338
1305031464.487561 -1.82216 0.0492396 -0.353959 0.0153545 0.227542 0.196107 0.953693
1305031464.513688 -1.81491 0.0495352 -0.372376 0.0164813 0.226818 0.188534 0.955372
1305031464.548007 -1.80383 0.0490733 -0.389608 0.014412 0.224538 0.177901 0.95798
1305031464.584260 -1.77484 0.0359579 -0.415474 0.0111714 0.221118 0.16861 0.960496
1305031464.615688 -1.75995 0.0292045 -0.437152 0.0158001 0.228258 0.158012 0.960562
1305031464.648851 -1.75097 0.024153 -0.456793 0.0231005 0.240139 0.145611 0.959477
1305031464.684318 -1.74008 0.008873 -0.476205 0.0294787 0.251025 0.129734 0.958794
1305031464.716305 -1.7357 -0.00280039 -0.485146 0.041609 0.260575 0.111606 0.958077
1305031464.748588 -1.73465 1.58724e-05 -0.493149 0.0555985 0.264054 0.091737 0.958524
1305031464.784268 -1.73219 -0.00479581 -0.494527 0.0622412 0.262189 0.0721339 0.960302
1305031464.816195 -1.73044 -0.0141069 -0.49288 0.0691659 0.254591 0.0564534 0.962918
1305031464.848283 -1.72498 -0.0112606 -0.495716 0.0772488 0.239606 0.0414949 0.966902
1305031464.884177 -1.71065 -0.00596813 -0.496313 0.0780007 0.222329 0.0232143 0.971569
1305031464.916391 -1.69338 -0.0164894 -0.497204 0.0720631 0.207891 0.00281079 0.97549
1305031464.952471 -1.67339 -0.0294685 -0.497288 0.0694924 0.198433 -0.0167612 0.977504
1305031464.984257 -1.65311 -0.0333999 -0.495779 0.0723824 0.193657 -0.0353243 0.977757
1305031465.015390 -1.63784 -0.031124 -0.486868 0.0754986 0.19227 -0.0565223 0.976799
1305031465.048430 -1.63068 -0.0210439 -0.471437 0.0801633 0.189668 -0.0766791 0.975561
1305031465.083338 -1.61475 0.0064062 -0.456848 0.0825881 0.178977 -0.0923325 0.976023
1305031465.115475 -1.59394 0.0248781 -0.443529 0.0700908 0.164638 -0.106946 0.97803
1305031465.151558 -1.57751 0.0299834 -0.426588 0.0518245 0.152662 -0.116217 0.980052
1305031465.183558 -1.55975 0.0370508 -0.409669 0.0380739 0.141533 -0.122297 0.981612
1305031465.215832 -1.54091 0.0504413 -0.396594 0.0274417 0.131495 -0.127621 0.982684
1305031465.251788 -1.52387 0.0574626 -0.381074 0.0156796 0.122451 -0.129022 0.983927
1305031465.283737 -1.50485 0.0657541 -0.369929 0.00949976 0.11251 -0.122255 0.986055
1305031465.315985 -1.48573 0.0800271 -0.35921 0.00574743 0.100323 -0.109836 0.988857
1305031465.351729 -1.46983 0.0857675 -0.349775 0.000713604 0.0858365 -0.0971442 0.991562
1305031465.383701 -1.44503 0.0905009 -0.345564 0.000455548 0.0672363 -0.0849773 0.994112
1305031465.416543 -1.41699 0.0989999 -0.34528 0.00346882 0.0499717 -0.0744904 0.995963
1305031465.452401 -1.39317 0.113144 -0.346624 0.00801588 0.0370427 -0.0626125 0.997318
1305031465.483803 -1.37021 0.132121 -0.349582 0.010629 0.025574 -0.0515773 0.998285
1305031465.516043 -1.34881 0.136296 -0.351107 0.00745937 0.0153278 -0.0468609 0.998756
1305031465.551838 -1.32398 0.144594 -0.354577 0.0114468 0.00459907 -0.0414823 0.999063
1305031465.583570 -1.29715 0.159915 -0.360629 0.0186855 -0.00384642 -0.0346578 0.999217
1305031465.615685 -1.27823 0.175222 -0.367673 0.024432 -0.00822004 -0.0264464 0.999318
1305031465.651645 -1.25759 0.189895 -0.3736 0.0298665 -0.0169054 -0.0171231 0.999264
1305031465.684759 -1.22864 0.205414 -0.37958 0.0361768 -0.0282009 -0.00958826 0.998901
1305031465.716279 -1.20491 0.222002 -0.38576 0.0436597 -0.0340806 -0.00262532 0.998462
1305031465.753153 -1.18202 0.242337 -0.391657 0.0524264 -0.0394453 0.00614737 0.997827
1305031465.784387 -1.15657 0.262143 -0.396785 0.0595048 -0.0449557 0.0130644 0.99713
1305031465.816591 -1.13326 0.276168 -0.400776 0.0664707 -0.0490515 0.0186045 0.996408
1305031465.852860 -1.10769 0.300457 -0.406235 0.0788499 -0.053125 0.0238866 0.995183
1305031465.884370 -1.07966 0.328808 -0.411081 0.0872094 -0.0538758 0.0266281 0.994376
1305031465.912828 -1.05539 0.343839 -0.413318 0.0910097 -0.0488103 0.0282202 0.994253
1305031465.952840 -1.03472 0.363599 -0.418063 0.100968 -0.0416031 0.0285328 0.99361
1305031465.984183 -1.01802 0.388122 -0.423467 0.110943 -0.0348211 0.0257857 0.992882
1305031466.016599 -1.0001 0.412012 -0.428194 0.11806 -0.0323822 0.0240083 0.992188
1305031466.052655 -0.982864 0.439596 -0.432671 0.121368 -0.0316902 0.0244885 0.991799
1305031466.083913 -0.968732 0.460322 -0.436296 0.118383 -0.0324179 0.0259123 0.9921
1305031466.116400 -0.954164 0.478573 -0.441883 0.113673 -0.0365748 0.0260467 0.992503
1305031466.152540 -0.942312 0.495394 -0.450685 0.108389 -0.0412722 0.0274971 0.992871
1305031466.184186 -0.931639 0.513537 -0.461059 0.102524 -0.0483053 0.0291141 0.99313
1305031466.220477 -0.917106 0.526633 -0.471235 0.0926158 -0.0576386 0.02634 0.993683
1305031466.252491 -0.896647 0.529425 -0.481736 0.084435 -0.0641079 0.020085 0.994162
1305031466.284389 -0.878031 0.538582 -0.497285 0.0850899 -0.062094 0.00981181 0.994388
1305031466.320055 -0.862889 0.550801 -0.511364 0.0864713 -0.053798 -0.000364307 0.994801
1305031466.352082 -0.848685 0.5615 -0.524368 0.0833902 -0.0449607 -0.00794825 0.99547
1305031466.384479 -0.837683 0.558501 -0.538332 0.0778522 -0.03888 -0.0116083 0.996139
1305031466.420844 -0.826744 0.565821 -0.552236 0.082131 -0.0383552 -0.0152428 0.995767
1305031466.452369 -0.810031 0.580307 -0.563909 0.0857983 -0.0435943 -0.0198511 0.99516
1305031466.483315 -0.789275 0.5904 -0.571355 0.0835 -0.0496814 -0.0222893 0.995019
1305031466.519548 -0.766491 0.595207 -0.577731 0.0803099 -0.0515436 -0.0228802 0.995173
1305031466.552219 -0.74705 0.605751 -0.584786 0.0797247 -0.0485925 -0.0239028 0.995345
1305031466.584438 -0.725799 0.617663 -0.589087 0.0749189 -0.0488406 -0.0268213 0.995632
1305031466.620424 -0.702081 0.615763 -0.590808 0.0660246 -0.0491595 -0.0307643 0.996131
1305031466.648654 -0.68227 0.617041 -0.595446 0.0676435 -0.0459351 -0.03458 0.996051
1305031466.684412 -0.662428 0.631702 -0.600236 0.0729293 -0.0465886 -0.0403586 0.995431
1305031466.719744 -0.641834 0.638614 -0.603003 0.0689614 -0.0494923 -0.0501314 0.995129
1305031466.748734 -0.621147 0.634568 -0.605478 0.06589 -0.0506954 -0.0588444 0.994799
1305031466.784300 -0.605769 0.640429 -0.610501 0.0717641 -0.0502836 -0.0646933 0.99405
1305031466.819502 -0.585902 0.650684 -0.614483 0.0738586 -0.0552319 -0.0691683 0.993333
1305031466.851527 -0.571655 0.651239 -0.617125 0.0706574 -0.0602216 -0.0702587 0.993199
1305031466.883430 -0.558507 0.653404 -0.620358 0.072222 -0.0692246 -0.069192 0.992575
1305031466.919411 -0.540991 0.655789 -0.625597 0.0735098 -0.0832691 -0.0717982 0.991215
1305031466.952451 -0.522254 0.655746 -0.63122 0.0732645 -0.0956286 -0.0743942 0.989926
1305031466.984027 -0.502506 0.657279 -0.635267 0.0742315 -0.103302 -0.0772901 0.98886
1305031467.020424 -0.485251 0.658816 -0.63866 0.0748766 -0.108106 -0.0813649 0.987971
1305031467.052391 -0.467426 0.659728 -0.643109 0.0749378 -0.11187 -0.0854542 0.987202
1305031467.084130 -0.449665 0.663519 -0.645066 0.0746298 -0.114214 -0.0900329 0.986549
1305031467.120528 -0.435612 0.664305 -0.646703 0.0741998 -0.11623 -0.0987023 0.985517
1305031467.152363 -0.421228 0.664606 -0.648852 0.0753281 -0.119279 -0.107309 0.984166
1305031467.184216 -0.408644 0.666993 -0.651117 0.0770996 -0.123122 -0.112538 0.982971
1305031467.220466 -0.395152 0.668755 -0.653937 0.0781449 -0.129114 -0.117988 0.981479
1305031467.252275 -0.380873 0.669063 -0.656985 0.0793739 -0.135121 -0.123364 0.97991
1305031467.284258 -0.366384 0.670376 -0.659801 0.0816111 -0.140606 -0.129288 0.978189
1305031467.318028 -0.351636 0.673015 -0.662757 0.0836057 -0.146358 -0.134999 0.976404
1305031467.349355 -0.337408 0.679005 -0.666056 0.0835661 -0.152436 -0.137715 0.975097
1305031467.383844 -0.322255 0.682334 -0.668431 0.079462 -0.159788 -0.141813 0.973675
1305031467.420160 -0.307747 0.681518 -0.670953 0.0758802 -0.166349 -0.146555 0.972158
1305031467.452057 -0.293762 0.68184 -0.675978 0.0751405 -0.172388 -0.148661 0.970843
1305031467.484357 -0.276159 0.685855 -0.68153 0.0731791 -0.179908 -0.152803 0.968983
1305031467.520535 -0.259796 0.688648 -0.682801 0.0691589 -0.185005 -0.159536 0.967232
1305031467.552164 -0.245518 0.684883 -0.684061 0.0666811 -0.186944 -0.163847 0.966312
1305031467.584354 -0.231455 0.68416 -0.685254 0.0667354 -0.188636 -0.163588 0.966024
1305031467.618680 -0.21891 0.679248 -0.683877 0.0665404 -0.192746 -0.162058 0.965483
1305031467.651977 -0.207451 0.671254 -0.683776 0.0699343 -0.198235 -0.159582 0.964544
1305031467.686044 -0.194065 0.668386 -0.683093 0.0747502 -0.202833 -0.159846 0.963182
1305031467.718326 -0.18125 0.661641 -0.676099 0.078451 -0.206485 -0.164415 0.961341
1305031467.752580 -0.171982 0.652231 -0.671101 0.0830625 -0.208643 -0.167249 0.959998
1305031467.788562 -0.16258 0.645379 -0.664443 0.0879159 -0.21161 -0.16996 0.958439
1305031467.820454 -0.153824 0.634309 -0.654775 0.0914101 -0.214981 -0.171762 0.95704
1305031467.852678 -0.148747 0.622757 -0.644166 0.0969488 -0.219004 -0.169936 0.955908
1305031467.888472 -0.141412 0.616701 -0.631744 0.103427 -0.22635 -0.168426 0.953782
1305031467.920800 -0.132774 0.607667 -0.61725 0.107216 -0.235111 -0.170658 0.950843
1305031467.952485 -0.127233 0.592815 -0.602812 0.111214 -0.241467 -0.172365 0.94848
1305031467.988523 -0.116685 0.58736 -0.58754 0.117187 -0.245865 -0.174457 0.946246
1305031468.020491 -0.108166 0.575618 -0.569572 0.116811 -0.2484 -0.178033 0.944964
1305031468.052668 -0.107441 0.557531 -0.556066 0.117785 -0.249677 -0.180409 0.944055
1305031468.088379 -0.100246 0.547694 -0.540988 0.121607 -0.2539 -0.182608 0.942019
1305031468.120522 -0.0937382 0.532692 -0.524 0.12052 -0.257654 -0.184367 0.940796
1305031468.152356 -0.0889443 0.515547 -0.508946 0.120455 -0.26016 -0.187036 0.939587
1305031468.188327 -0.0817485 0.501032 -0.493286 0.120714 -0.262206 -0.190692 0.938249
1305031468.220648 -0.0771086 0.481982 -0.478978 0.118015 -0.262468 -0.191839 0.938286
1305031468.252517 -0.0708908 0.463418 -0.465347 0.116409 -0.26196 -0.190325 0.938936
1305031468.288361 -0.0641701 0.443713 -0.452662 0.114705 -0.26084 -0.190346 0.939454
1305031468.320522 -0.0602855 0.417269 -0.441601 0.112388 -0.259356 -0.189397 0.940336
1305031468.352594 -0.0550873 0.399706 -0.435428 0.114583 -0.256653 -0.185816 0.941526
1305031468.384700 -0.0483337 0.387306 -0.42694 0.114613 -0.255852 -0.184201 0.942058
1305031468.420595 -0.0454612 0.363413 -0.420576 0.108564 -0.255594 -0.185134 0.942661
1305031468.452605 -0.0434475 0.343177 -0.415201 0.105616 -0.255806 -0.183623 0.943234
1305031468.488646 -0.0390143 0.324075 -0.409636 0.102585 -0.255692 -0.183396 0.943644
1305031468.520786 -0.0395012 0.29953 -0.405492 0.0993119 -0.253844 -0.187627 0.943661
1305031468.552701 -0.0420286 0.277816 -0.4033 0.102495 -0.253164 -0.194939 0.94202
1305031468.588614 -0.0444681 0.266093 -0.403536 0.107389 -0.252795 -0.2011 0.940277
1305031468.620590 -0.0477567 0.249913 -0.40115 0.103107 -0.253491 -0.203926 0.93996
1305031468.656644 -0.0569342 0.225116 -0.401392 0.0972922 -0.255067 -0.205758 0.939754
1305031468.688643 -0.0643232 0.203384 -0.400485 0.0980803 -0.260158 -0.208441 0.937683
1305031468.720560 -0.0697803 0.187227 -0.399607 0.101718 -0.265932 -0.210468 0.93522
1305031468.756725 -0.0753511 0.171183 -0.398015 0.102737 -0.270592 -0.211198 0.933606
1305031468.788562 -0.08098 0.15096 -0.396276 0.103741 -0.273559 -0.214334 0.931914
1305031468.817997 -0.0886488 0.135717 -0.395999 0.110534 -0.274641 -0.220157 0.929454
1305031468.854887 -0.0885735 0.12775 -0.392277 0.115875 -0.27588 -0.224432 0.927412
1305031468.889220 -0.0917212 0.115889 -0.387929 0.114457 -0.272569 -0.227532 0.927811
1305031468.920539 -0.0967322 0.105875 -0.38504 0.110994 -0.266849 -0.226428 0.930162
1305031468.956482 -0.0991857 0.101735 -0.382095 0.106087 -0.261494 -0.222543 0.933188
1305031468.986011 -0.0981935 0.107649 -0.37588 0.0976515 -0.258612 -0.223253 0.934741
1305031469.020731 -0.105594 0.0991902 -0.369972 0.0795015 -0.254816 -0.230796 0.935671
1305031469.056318 -0.1154 0.0894762 -0.365496 0.0638622 -0.251121 -0.237598 0.936166
1305031469.088069 -0.117391 0.0855334 -0.355495 0.0534923 -0.250652 -0.246857 0.934544
1305031469.119984 -0.120593 0.0767249 -0.344582 0.041398 -0.245727 -0.258174 0.933408
1305031469.155046 -0.125037 0.0689374 -0.333919 0.0307848 -0.236974 -0.26705 0.933584
1305031469.184648 -0.130705 0.0602661 -0.323748 0.0217154 -0.227269 -0.27326 0.934454
1305031469.219541 -0.138209 0.0572935 -0.314771 0.0165784 -0.218933 -0.276556 0.93558
1305031469.256002 -0.141804 0.0556554 -0.303666 0.0123705 -0.215672 -0.280211 0.935315
1305031469.288263 -0.146411 0.0540038 -0.291821 0.00768926 -0.211424 -0.283531 0.935334
1305031469.319772 -0.15043 0.0554127 -0.280094 0.00321711 -0.207469 -0.28537 0.935687
1305031469.356116 -0.149795 0.0527351 -0.266302 -0.00348986 -0.204546 -0.289165 0.935164
1305031469.388556 -0.15272 0.0490683 -0.252709 -0.00732678 -0.195173 -0.294652 0.935432
1305031469.420278 -0.155715 0.0542319 -0.240302 -0.00561167 -0.183006 -0.29957 0.936341
1305031469.456563 -0.159915 0.0601396 -0.227384 -0.00474697 -0.172457 -0.305959 0.936282
1305031469.488520 -0.168086 0.067465 -0.213051 -0.00471203 -0.164598 -0.310508 0.936199
1305031469.520417 -0.171378 0.0747432 -0.199762 -0.00699387 -0.163374 -0.311463 0.936082
1305031469.556139 -0.172005 0.0824324 -0.186515 -0.0120631 -0.164313 -0.311849 0.935738
1305031469.588500 -0.17311 0.0908548 -0.172933 -0.0193047 -0.164726 -0.311363 0.935706
1305031469.620563 -0.175008 0.0993638 -0.159121 -0.0278826 -0.163564 -0.311683 0.935586
1305031469.656279 -0.179273 0.109828 -0.144884 -0.0339997 -0.159542 -0.311058 0.936287
1305031469.687925 -0.181754 0.119551 -0.132336 -0.0381388 -0.155601 -0.310053 0.937123
1305031469.718943 -0.185737 0.12975 -0.119832 -0.0431564 -0.150867 -0.30879 0.938096
1305031469.756754 -0.189392 0.142431 -0.107886 -0.0482509 -0.146293 -0.305683 0.939589
1305031469.784733 -0.194032 0.158129 -0.0962551 -0.053437 -0.143759 -0.301991 0.940892
1305031469.820544 -0.199457 0.171831 -0.08616 -0.0588753 -0.143915 -0.298615 0.941621
1305031469.854359 -0.206661 0.18756 -0.0765954 -0.064565 -0.144591 -0.296051 0.941954
1305031469.885343 -0.214677 0.203243 -0.0681345 -0.0697199 -0.144911 -0.293276 0.942406
1305031469.921773 -0.223016 0.220808 -0.0599459 -0.0727034 -0.145753 -0.289435 0.943238
1305031469.953180 -0.233242 0.237011 -0.0534813 -0.074715 -0.147494 -0.2868 0.943615
1305031469.985327 -0.244135 0.251896 -0.0480773 -0.0769403 -0.148864 -0.284964 0.943777
1305031470.024714 -0.254474 0.267046 -0.0443427 -0.0791364 -0.150283 -0.283995 0.943662
1305031470.057400 -0.266786 0.282353 -0.0413193 -0.0812751 -0.150047 -0.284223 0.94345
1305031470.088874 -0.278744 0.297468 -0.0400794 -0.0829632 -0.148973 -0.282635 0.94395
1305031470.124820 -0.290493 0.311129 -0.0398413 -0.0867727 -0.14801 -0.281036 0.944236
1305031470.156744 -0.301138 0.32624 -0.039428 -0.0897593 -0.148518 -0.278157 0.944729
1305031470.188876 -0.313258 0.3403 -0.0416186 -0.0920453 -0.148947 -0.274926 0.945387
1305031470.224776 -0.325261 0.352502 -0.0430798 -0.0961722 -0.148655 -0.272649 0.945682
1305031470.253015 -0.3364 0.36539 -0.045397 -0.100714 -0.148049 -0.269389 0.946238
1305031470.287867 -0.347768 0.37765 -0.0477525 -0.10627 -0.146812 -0.267054 0.946485
1305031470.324266 -0.359973 0.39159 -0.0488891 -0.111946 -0.145709 -0.263637 0.946959
1305031470.356871 -0.371991 0.403057 -0.0512598 -0.117834 -0.146212 -0.259615 0.947279
1305031470.388056 -0.384416 0.415707 -0.0538581 -0.12117 -0.146747 -0.256107 0.94773
1305031470.424090 -0.397238 0.427919 -0.0568322 -0.121855 -0.147558 -0.255742 0.947614
1305031470.455875 -0.409658 0.436639 -0.0606298 -0.121739 -0.148816 -0.256032 0.947354
1305031470.487958 -0.422329 0.444876 -0.0646151 -0.121294 -0.14999 -0.254566 0.947621
1305031470.524431 -0.434768 0.451674 -0.0686548 -0.122014 -0.150117 -0.255154 0.947351
1305031470.556484 -0.445464 0.458368 -0.0716527 -0.123573 -0.149405 -0.254932 0.947321
1305031470.588797 -0.456552 0.464118 -0.0736872 -0.125491 -0.148939 -0.251762 0.947989
1305031470.624535 -0.466976 0.470897 -0.0758436 -0.128153 -0.148111 -0.247685 0.948837
1305031470.656787 -0.477077 0.476663 -0.0775678 -0.13021 -0.147777 -0.243242 0.949758
1305031470.688640 -0.488055 0.483282 -0.0792814 -0.132747 -0.147521 -0.240361 0.95018
1305031470.724461 -0.499439 0.488258 -0.0808463 -0.132719 -0.146887 -0.238986 0.950629
1305031470.755944 -0.510063 0.487751 -0.0839073 -0.136961 -0.142256 -0.237123 0.951198
1305031470.788407 -0.516538 0.495128 -0.0845869 -0.136627 -0.138509 -0.232272 0.952994
1305031470.820633 -0.524798 0.501208 -0.0850482 -0.131494 -0.138173 -0.226609 0.955126
1305031470.855509 -0.534389 0.502519 -0.0873748 -0.127761 -0.138522 -0.222197 0.956617
1305031470.886079 -0.544118 0.505016 -0.0902049 -0.124113 -0.139128 -0.216712 0.958267
1305031470.924410 -0.553038 0.506577 -0.0922777 -0.120258 -0.142205 -0.212027 0.959354
1305031470.956439 -0.564139 0.506023 -0.0957569 -0.11193 -0.144364 -0.209815 0.960525
1305031470.988276 -0.572799 0.505456 -0.100374 -0.10435 -0.144819 -0.208235 0.961653
1305031471.024309 -0.582114 0.502794 -0.103681 -0.0975221 -0.143175 -0.206128 0.963069
1305031471.056616 -0.591013 0.50131 -0.107252 -0.088821 -0.140667 -0.201832 0.965188
1305031471.088440 -0.599409 0.500332 -0.111867 -0.0815827 -0.139288 -0.194603 0.967508
1305031471.123837 -0.608234 0.499218 -0.114952 -0.0760152 -0.139048 -0.18809 0.969283
1305031471.155886 -0.614064 0.49899 -0.118135 -0.0703397 -0.139142 -0.181623 0.97093
1305031471.192698 -0.620118 0.498639 -0.121185 -0.0678463 -0.136607 -0.175441 0.972602
1305031471.224404 -0.627792 0.498464 -0.123575 -0.067755 -0.13253 -0.170021 0.974134
1305031471.256397 -0.634809 0.497422 -0.124307 -0.0687285 -0.130188 -0.16655 0.974981
1305031471.288603 -0.641494 0.49504 -0.125266 -0.0689734 -0.127646 -0.162569 0.975971
1305031471.324440 -0.645239 0.494593 -0.126989 -0.0653492 -0.124651 -0.159312 0.977144
1305031471.356569 -0.648434 0.496022 -0.129567 -0.0626253 -0.11775 -0.156699 0.9786
1305031471.392751 -0.656849 0.490936 -0.130924 -0.0650097 -0.108825 -0.151644 0.980273
1305031471.424494 -0.663041 0.491293 -0.134346 -0.0612172 -0.104967 -0.144406 0.982029
1305031471.456975 -0.667343 0.491736 -0.137425 -0.0598597 -0.10484 -0.138859 0.982926
1305031471.492705 -0.671698 0.490987 -0.139522 -0.0612143 -0.104237 -0.134549 0.983506
1305031471.524343 -0.676377 0.49039 -0.142345 -0.0620093 -0.103039 -0.129957 0.9842
1305031471.556561 -0.678561 0.490377 -0.145208 -0.0622668 -0.101961 -0.127639 0.984599
1305031471.592606 -0.681624 0.489777 -0.14846 -0.0627291 -0.0976563 -0.125643 0.985262
1305031471.624486 -0.684405 0.490144 -0.151409 -0.0618983 -0.0928183 -0.123686 0.98603
1305031471.656831 -0.687664 0.489405 -0.154741 -0.0610714 -0.0873533 -0.120862 0.986931
1305031471.693182 -0.689805 0.491231 -0.158324 -0.0583731 -0.0829702 -0.115963 0.988059
1305031471.724753 -0.691315 0.493738 -0.1616 -0.057701 -0.0792053 -0.111447 0.988927
1305031471.753002 -0.691618 0.491808 -0.163049 -0.0604222 -0.0755798 -0.105871 0.989661
1305031471.792706 -0.692571 0.495644 -0.16567 -0.0580554 -0.0691517 -0.0978371 0.991098
1305031471.823821 -0.694354 0.501235 -0.167469 -0.0583973 -0.0636418 -0.0903266 0.992159
1305031471.855793 -0.695966 0.501566 -0.167687 -0.0632371 -0.0602603 -0.0840878 0.992622
1305031471.892838 -0.69792 0.505293 -0.168894 -0.065649 -0.0559676 -0.0775626 0.993248
1305031471.924928 -0.69945 0.506522 -0.168938 -0.071647 -0.0513447 -0.0732243 0.993413
1305031471.957162 -0.70232 0.505208 -0.167621 -0.075676 -0.0443619 -0.0717588 0.993557
1305031471.993177 -0.704512 0.514485 -0.169454 -0.0710083 -0.0368938 -0.0680735 0.994466
1305031472.024660 -0.708514 0.518138 -0.168821 -0.0768028 -0.0304121 -0.064744 0.994477
1305031472.058063 -0.71244 0.518273 -0.16678 -0.0811922 -0.0254989 -0.0619146 0.994447
1305031472.092883 -0.717137 0.524042 -0.167997 -0.0788592 -0.0196798 -0.056321 0.995099
1305031472.124760 -0.722045 0.529126 -0.16721 -0.0818001 -0.0158857 -0.0522126 0.995153
1305031472.156982 -0.727249 0.523535 -0.164928 -0.0900642 -0.0141795 -0.0502622 0.994566
1305031472.192890 -0.731599 0.523514 -0.165273 -0.0876202 -0.0124385 -0.0460505 0.995011
1305031472.224678 -0.734919 0.524225 -0.166595 -0.0853377 -0.0110033 -0.0430004 0.995363
1305031472.256642 -0.737985 0.521475 -0.16595 -0.0847045 -0.0091356 -0.0421549 0.995472
1305031472.293139 -0.73948 0.519893 -0.167174 -0.0789742 -0.00749788 -0.0397448 0.996056
1305031472.324844 -0.741541 0.522899 -0.16897 -0.0714909 -0.00581179 -0.0376398 0.996714
1305031472.360912 -0.743248 0.523631 -0.169767 -0.0699683 -0.00534738 -0.0361643 0.996879
1305031472.392956 -0.745524 0.522061 -0.168907 -0.0703771 -0.0062454 -0.0341755 0.996915
1305031472.424694 -0.746197 0.518104 -0.169377 -0.0703035 -0.00921692 -0.0335192 0.99692
1305031472.460919 -0.745303 0.516071 -0.169978 -0.0685602 -0.0112976 -0.0344708 0.996987
1305031472.492972 -0.744672 0.514278 -0.170532 -0.0682301 -0.0102122 -0.0354678 0.996987
1305031472.524781 -0.74457 0.507472 -0.169491 -0.0707906 -0.00838712 -0.0348103 0.996848
1305031472.561296 -0.744094 0.504054 -0.169871 -0.0666678 -0.00889223 -0.032984 0.99719
1305031472.592968 -0.742346 0.50434 -0.171321 -0.0608066 -0.0106903 -0.0307731 0.997618
1305031472.624647 -0.740379 0.501826 -0.171046 -0.0603391 -0.0122756 -0.0287303 0.997689
1305031472.660836 -0.738788 0.49778 -0.17009 -0.0607017 -0.0132623 -0.0272795 0.997695
1305031472.693008 -0.737292 0.493493 -0.169315 -0.0600742 -0.0142704 -0.0257548 0.99776
1305031472.724752 -0.735903 0.489129 -0.168636 -0.0588241 -0.0152524 -0.0254613 0.997827
1305031472.760654 -0.733584 0.487046 -0.167908 -0.0563739 -0.0160214 -0.026811 0.997921
1305031472.792775 -0.732819 0.483648 -0.16653 -0.055092 -0.0149814 -0.0286128 0.997959
1305031472.824692 -0.732489 0.48151 -0.165714 -0.0525306 -0.0139393 -0.0285888 0.998113
1305031472.860936 -0.732448 0.48041 -0.164584 -0.0502136 -0.0138723 -0.0273912 0.998266
1305031472.892944 -0.732248 0.479939 -0.163608 -0.0493583 -0.0150359 -0.0251188 0.998352
1305031472.924814 -0.731181 0.477835 -0.162021 -0.0501784 -0.0164533 -0.0239624 0.998317
1305031472.961213 -0.730708 0.47732 -0.160856 -0.0497144 -0.0164925 -0.0226403 0.998371
1305031472.992815 -0.731613 0.477179 -0.159944 -0.0499717 -0.0165339 -0.021447 0.998383
1305031473.024564 -0.731896 0.477045 -0.159113 -0.0503209 -0.0176213 -0.0215618 0.998345
1305031473.060795 -0.731048 0.475181 -0.158092 -0.0517985 -0.0186989 -0.0225734 0.998227
1305031473.092012 -0.731001 0.474361 -0.157668 -0.0515858 -0.0178448 -0.0245264 0.998208
1305031473.124072 -0.731336 0.47304 -0.156816 -0.0521922 -0.0167339 -0.0257567 0.998165
1305031473.158420 -0.732604 0.472299 -0.156714 -0.0515616 -0.0164305 -0.0260384 0.998195
1305031473.190828 -0.732059 0.471761 -0.156961 -0.0503776 -0.0174052 -0.0262123 0.998234
