1305032354.009456 0 0 0 0 0 0 1
1305032354.045335 -0.000840432 -0.0114967 0.00157109 -0.0102345 0.00197729 -0.00298478 0.999941
1305032354.076940 -0.000962818 -0.0235526 -0.000608015 -0.019405 0.000784062 -0.00486652 0.9998
1305032354.109860 -0.00132764 -0.0366873 -0.00459204 -0.032162 0.000891791 -0.00949567 0.999437
1305032354.145200 -0.00158709 -0.0494477 -0.00458595 -0.0485744 0.00382695 -0.0114167 0.998747
1305032354.177151 -0.00175443 -0.0651148 -0.00362643 -0.0648322 0.00629805 -0.00545178 0.997861
1305032354.209651 -0.00134303 -0.0806442 -0.00665063 -0.0792914 0.00829809 -0.000311077 0.996817
1305032354.244910 -0.00141879 -0.0978175 -0.00637957 -0.0953486 0.0104316 0.000810097 0.995389
1305032354.277122 -0.000971894 -0.114992 -0.00706041 -0.105671 0.0123074 0.000737697 0.994325
1305032354.309733 -4.31144e-05 -0.132717 -0.0093239 -0.111164 0.012105 -0.00129783 0.993728
1305032354.345124 -0.000230965 -0.152865 -0.0106781 -0.116972 0.0117365 -0.00612927 0.993047
1305032354.377091 -2.39218e-05 -0.173399 -0.011898 -0.121911 0.0114287 -0.0112096 0.992412
1305032354.407556 0.0012637 -0.194776 -0.0141204 -0.126609 0.0105529 -0.0153296 0.991778
1305032354.445200 0.00160915 -0.215819 -0.0191484 -0.133654 0.0105275 -0.020309 0.990764
1305032354.477221 0.0024587 -0.234321 -0.0194373 -0.143528 0.0117423 -0.0235092 0.989297
1305032354.510161 0.00417572 -0.251506 -0.0227371 -0.154456 0.0144571 -0.0236082 0.987612
1305032354.545622 0.00529729 -0.266195 -0.0259263 -0.168439 0.0191449 -0.0209872 0.985303
1305032354.577445 0.00533468 -0.282428 -0.0249567 -0.18644 0.0243335 -0.0155718 0.982041
1305032354.610249 0.00608978 -0.295452 -0.0240588 -0.20063 0.0284657 -0.00788471 0.979222
1305032354.645613 0.00698013 -0.309453 -0.0250047 -0.212972 0.0316861 -0.00114763 0.976544
1305032354.677651 0.007166 -0.323469 -0.0240595 -0.224354 0.0335418 0.00474627 0.973919
1305032354.709984 0.00749394 -0.335946 -0.0242415 -0.235403 0.0324713 0.00834912 0.971319
1305032354.745813 0.00763118 -0.348426 -0.0196603 -0.246623 0.0298113 0.010151 0.9686
1305032354.777561 0.00822518 -0.36489 -0.0182169 -0.255599 0.0262288 0.00779445 0.966396
1305032354.813526 0.00995138 -0.379411 -0.016941 -0.26163 0.0218342 0.00305853 0.964916
1305032354.845896 0.0124417 -0.394302 -0.0172058 -0.26758 0.0176345 -0.00190566 0.963372
1305032354.877727 0.0147548 -0.407212 -0.0139198 -0.274852 0.0135787 -0.00649308 0.961369
1305032354.913596 0.0172343 -0.421484 -0.0162188 -0.281665 0.0085508 -0.0107079 0.959415
1305032354.946029 0.0187161 -0.436022 -0.0134903 -0.292261 0.00265093 -0.0189574 0.956147
1305032354.977691 0.0220504 -0.450766 -0.0114809 -0.300133 -0.00279171 -0.0273537 0.953501
1305032355.013557 0.0267461 -0.46427 -0.0150492 -0.309112 -0.00853148 -0.0361687 0.950299
1305032355.045678 0.0290466 -0.476524 -0.00879013 -0.322703 -0.0151181 -0.0484432 0.945139
1305032355.077711 0.030371 -0.490122 -0.00238132 -0.332448 -0.0227968 -0.0597578 0.94095
1305032355.113721 0.0316493 -0.502252 0.00308645 -0.340025 -0.0330316 -0.0694355 0.937268
1305032355.145771 0.0360804 -0.516382 0.0055304 -0.349055 -0.0458425 -0.074771 0.932989
1305032355.177863 0.0377263 -0.529002 0.0113268 -0.360657 -0.0593815 -0.0814728 0.927234
1305032355.213995 0.0373989 -0.540561 0.0199289 -0.370266 -0.0725406 -0.08676 0.922016
1305032355.246379 0.0412049 -0.553115 0.0288976 -0.37843 -0.0896205 -0.0902378 0.916851
1305032355.278991 0.0392307 -0.564728 0.0401907 -0.384228 -0.107191 -0.0947779 0.912083
1305032355.312689 0.0423033 -0.578095 0.0464588 -0.388022 -0.125033 -0.0968644 0.907978
1305032355.347016 0.0453909 -0.588153 0.0528528 -0.392356 -0.140119 -0.0975732 0.903827
1305032355.379246 0.0499017 -0.5985 0.0619355 -0.395417 -0.156112 -0.0993962 0.899664
1305032355.415084 0.0528047 -0.607101 0.0748406 -0.396481 -0.170045 -0.104965 0.89603
1305032355.446636 0.0574102 -0.621144 0.079135 -0.395539 -0.181301 -0.110176 0.893611
1305032355.479127 0.0657442 -0.627686 0.0907303 -0.39266 -0.195856 -0.11189 0.891594
1305032355.514371 0.0719121 -0.638483 0.0955237 -0.389509 -0.209621 -0.113146 0.889685
1305032355.546522 0.0819867 -0.640043 0.104287 -0.386305 -0.222081 -0.112183 0.88818
1305032355.578354 0.0927429 -0.645534 0.108795 -0.384363 -0.231047 -0.111168 0.886862
1305032355.614298 0.105394 -0.651227 0.118597 -0.382114 -0.238643 -0.111118 0.885828
1305032355.646429 0.117877 -0.663211 0.125978 -0.378963 -0.243743 -0.112184 0.885658
1305032355.679021 0.131175 -0.684128 0.129285 -0.377304 -0.249719 -0.111873 0.884741
1305032355.715171 0.143389 -0.693797 0.138562 -0.373303 -0.257395 -0.110117 0.884459
1305032355.747547 0.159426 -0.70112 0.142955 -0.36686 -0.263824 -0.107687 0.885559
1305032355.779172 0.17719 -0.702104 0.145615 -0.362813 -0.266376 -0.10715 0.886527
1305032355.815082 0.199005 -0.698933 0.174243 -0.359845 -0.267586 -0.106973 0.887393
1305032355.847746 0.211343 -0.711084 0.188953 -0.346204 -0.26592 -0.111495 0.892747
1305032355.879256 0.220984 -0.731548 0.171596 -0.325271 -0.262925 -0.122102 0.900089
1305032355.914958 0.237454 -0.737272 0.161816 -0.315285 -0.261569 -0.127938 0.903221
1305032355.947516 0.250495 -0.743441 0.155972 -0.317445 -0.258983 -0.127686 0.903245
1305032355.979562 0.263062 -0.741278 0.157861 -0.325869 -0.258167 -0.12351 0.901057
1305032356.015124 0.272701 -0.753799 0.158318 -0.338016 -0.259889 -0.115939 0.897085
1305032356.047385 0.273748 -0.768661 0.166348 -0.347378 -0.266231 -0.106881 0.892763
1305032356.083040 0.287426 -0.767108 0.167664 -0.345372 -0.278966 -0.0995337 0.890499
1305032356.114352 0.303665 -0.770268 0.167003 -0.343483 -0.290616 -0.097715 0.887701
1305032356.146404 0.313925 -0.768461 0.168724 -0.343937 -0.299823 -0.102507 0.883915
1305032356.182442 0.324605 -0.764946 0.178529 -0.342481 -0.310079 -0.111508 0.879843
1305032356.214279 0.327304 -0.761725 0.194037 -0.335864 -0.318952 -0.122098 0.877813
1305032356.246658 0.337061 -0.759582 0.201762 -0.323071 -0.328579 -0.128923 0.878089
1305032356.282363 0.348627 -0.757963 0.197182 -0.313292 -0.334164 -0.131341 0.879165
1305032356.314238 0.356451 -0.753413 0.19915 -0.310721 -0.337558 -0.128301 0.87923
1305032356.346442 0.357875 -0.752478 0.208122 -0.307683 -0.341987 -0.12363 0.879256
1305032356.382453 0.362135 -0.748678 0.218353 -0.296967 -0.349661 -0.117212 0.8808
1305032356.414237 0.369889 -0.742609 0.223826 -0.280932 -0.359208 -0.112118 0.882879
1305032356.446755 0.380856 -0.730729 0.230492 -0.265473 -0.36827 -0.108847 0.884338
1305032356.482444 0.391228 -0.718919 0.237044 -0.250598 -0.374569 -0.107828 0.886155
1305032356.514490 0.398009 -0.704057 0.245023 -0.235105 -0.377566 -0.111062 0.888726
1305032356.546721 0.408678 -0.690002 0.248412 -0.217494 -0.378297 -0.118385 0.891949
1305032356.582446 0.420695 -0.677493 0.245864 -0.202513 -0.37688 -0.126133 0.895009
1305032356.614314 0.431607 -0.656158 0.24835 -0.192483 -0.374801 -0.13458 0.896863
1305032356.646374 0.4371 -0.641837 0.265761 -0.185735 -0.37302 -0.139341 0.898299
1305032356.683322 0.444571 -0.63081 0.263458 -0.175725 -0.369913 -0.1395 0.901568
1305032356.715172 0.450974 -0.613056 0.265999 -0.16637 -0.367803 -0.135048 0.904878
1305032356.743534 0.464569 -0.593801 0.271168 -0.156524 -0.366771 -0.128681 0.907976
1305032356.782372 0.474257 -0.574616 0.271501 -0.148113 -0.364799 -0.124156 0.910807
1305032356.814985 0.480607 -0.556838 0.277249 -0.138902 -0.364568 -0.117173 0.913272
1305032356.846535 0.489727 -0.535542 0.274173 -0.127514 -0.365793 -0.107504 0.91563
1305032356.882068 0.500246 -0.511149 0.274308 -0.121196 -0.368054 -0.0974007 0.916712
1305032356.914707 0.50707 -0.49603 0.282091 -0.122407 -0.370327 -0.0864464 0.916734
1305032356.947460 0.513159 -0.477847 0.28337 -0.122995 -0.372766 -0.0732392 0.916817
1305032356.982294 0.521341 -0.455386 0.284822 -0.123082 -0.3763 -0.060349 0.916301
1305032357.014261 0.52648 -0.438506 0.287113 -0.123872 -0.379226 -0.0505013 0.915583
1305032357.046550 0.534904 -0.42577 0.288932 -0.121894 -0.383928 -0.0413014 0.91435
1305032357.082118 0.539928 -0.40765 0.290282 -0.117971 -0.390258 -0.0316967 0.912566
1305032357.114108 0.544831 -0.393293 0.292558 -0.114241 -0.398083 -0.0234121 0.909907
1305032357.146528 0.553239 -0.374025 0.292272 -0.108427 -0.404515 -0.0164398 0.907932
1305032357.182108 0.559076 -0.359691 0.295015 -0.106916 -0.408019 -0.0110346 0.906624
1305032357.214184 0.562941 -0.34763 0.295768 -0.103244 -0.412835 -0.00369402 0.904928
1305032357.250098 0.574101 -0.326494 0.30023 -0.0925555 -0.418032 0.00349843 0.903698
1305032357.282087 0.582167 -0.309338 0.298233 -0.084845 -0.416942 0.0125184 0.904878
1305032357.314085 0.589388 -0.293761 0.29636 -0.0818313 -0.415544 0.0232278 0.905586
1305032357.350168 0.593973 -0.276982 0.294896 -0.0771181 -0.415282 0.0323596 0.90584
1305032357.382141 0.599955 -0.257183 0.291656 -0.0733657 -0.414833 0.0387933 0.906105
1305032357.414454 0.604048 -0.242607 0.288734 -0.0760763 -0.413304 0.043255 0.906378
1305032357.450340 0.605053 -0.22685 0.286822 -0.0799266 -0.411326 0.0510761 0.906539
1305032357.482241 0.610152 -0.208176 0.283038 -0.0869813 -0.409539 0.0605496 0.906116
1305032357.513987 0.611348 -0.194059 0.281865 -0.0941334 -0.406991 0.0665243 0.90613
1305032357.549979 0.615684 -0.180791 0.278651 -0.0999314 -0.404441 0.0728021 0.906168
1305032357.582946 0.619694 -0.167897 0.273892 -0.103354 -0.402934 0.076635 0.906139
1305032357.611057 0.624775 -0.157181 0.270073 -0.107249 -0.40164 0.0774163 0.906195
1305032357.650783 0.626077 -0.142287 0.267752 -0.11199 -0.399619 0.0752058 0.906701
1305032357.683024 0.62897 -0.132399 0.265487 -0.11723 -0.396689 0.0729238 0.907511
1305032357.710979 0.633033 -0.12334 0.264835 -0.122484 -0.393079 0.0732092 0.908365
1305032357.750457 0.637253 -0.11237 0.262917 -0.126327 -0.38828 0.0701446 0.910143
1305032357.783108 0.639121 -0.104431 0.262701 -0.12969 -0.38307 0.0674176 0.912081
1305032357.814444 0.647085 -0.0941096 0.258176 -0.130588 -0.378599 0.0642846 0.914044
1305032357.850329 0.649004 -0.0846561 0.255746 -0.132838 -0.372247 0.0584192 0.916719
1305032357.882357 0.650268 -0.0767122 0.255666 -0.135106 -0.36532 0.0560114 0.919321
1305032357.914168 0.651204 -0.0688135 0.256177 -0.132523 -0.358115 0.0549779 0.922588
1305032357.948987 0.650091 -0.0618394 0.253356 -0.129266 -0.350984 0.0570447 0.92566
1305032357.982077 0.650008 -0.0552373 0.252395 -0.124877 -0.347641 0.0571881 0.927513
1305032358.010855 0.650501 -0.0505402 0.249826 -0.119025 -0.345031 0.0574715 0.929238
1305032358.050220 0.646363 -0.0428044 0.251579 -0.108031 -0.342884 0.0624143 0.931055
1305032358.082211 0.645956 -0.0374298 0.249468 -0.0994545 -0.341513 0.0639196 0.932412
1305032358.115784 0.641178 -0.0330922 0.251863 -0.0876917 -0.341588 0.066464 0.933386
1305032358.150676 0.634825 -0.0294008 0.25323 -0.0731102 -0.342226 0.0687127 0.934245
1305032358.183396 0.62778 -0.0257191 0.255526 -0.0614026 -0.343651 0.0702254 0.934453
1305032358.214748 0.62061 -0.0232215 0.258468 -0.0497758 -0.346552 0.072961 0.933863
1305032358.251221 0.612582 -0.0162519 0.262929 -0.0371874 -0.350614 0.079658 0.932385
1305032358.283060 0.603334 -0.0120375 0.267408 -0.0304694 -0.353844 0.0828245 0.931131
1305032358.314611 0.594556 -0.00673381 0.271417 -0.0226758 -0.35765 0.0884868 0.929377
1305032358.350749 0.587221 0.000708039 0.275229 -0.0151977 -0.361892 0.09572 0.927168
1305032358.381865 0.5773 0.0059881 0.28016 -0.0148513 -0.367113 0.0988512 0.924789
1305032358.414355 0.571267 0.0137049 0.282546 -0.0118935 -0.375588 0.0990796 0.921398
1305032358.447967 0.566644 0.0198683 0.285303 -0.0078994 -0.382076 0.0994847 0.918726
1305032358.481387 0.563642 0.0287753 0.286753 -0.0113476 -0.384113 0.101509 0.917619
1305032358.517650 0.56174 0.0358841 0.289213 -0.0169632 -0.384655 0.102068 0.917243
1305032358.548167 0.56196 0.0429934 0.29001 -0.0201678 -0.384162 0.101619 0.917434
1305032358.582146 0.564039 0.0493915 0.288908 -0.0227498 -0.382902 0.102112 0.917846
1305032358.616710 0.567679 0.0538212 0.288058 -0.0262407 -0.382598 0.10103 0.917999
1305032358.649112 0.56886 0.0554044 0.287328 -0.028555 -0.382566 0.0999054 0.918067
1305032358.681202 0.571194 0.05455 0.286688 -0.0296924 -0.383145 0.10051 0.917723
1305032358.716920 0.572745 0.0498024 0.286916 -0.0315717 -0.383843 0.101045 0.91731
1305032358.746598 0.57502 0.042342 0.287644 -0.0308564 -0.385419 0.103043 0.916451
1305032358.779352 0.577552 0.0337043 0.286326 -0.0278043 -0.388337 0.102237 0.915406
1305032358.817050 0.580478 0.0234327 0.285098 -0.0257467 -0.393729 0.100752 0.913325
1305032358.849277 0.583613 0.012518 0.284161 -0.0224501 -0.400066 0.0977931 0.910977
1305032358.882669 0.58797 -0.00161494 0.282904 -0.0187135 -0.404732 0.0957482 0.909216
1305032358.917982 0.594098 -0.0154935 0.280049 -0.0185058 -0.408513 0.0941342 0.907696
1305032358.951038 0.599378 -0.0305657 0.279021 -0.0202177 -0.413005 0.0888361 0.90616
1305032358.983085 0.607326 -0.042717 0.275224 -0.0211346 -0.417643 0.0824363 0.904617
1305032359.019148 0.618513 -0.0562124 0.271899 -0.0274463 -0.421888 0.0737402 0.903227
1305032359.051225 0.626177 -0.0675379 0.271085 -0.0354006 -0.423694 0.0612807 0.903036
1305032359.082899 0.633355 -0.0802628 0.270931 -0.0434312 -0.424224 0.0502982 0.903115
1305032359.118855 0.643109 -0.0941294 0.271881 -0.051767 -0.424183 0.0414242 0.903146
1305032359.151254 0.654667 -0.11024 0.271569 -0.0612071 -0.421699 0.0314356 0.904121
1305032359.183363 0.662502 -0.124001 0.27143 -0.0704167 -0.418831 0.0219984 0.905062
1305032359.219267 0.675489 -0.140025 0.270803 -0.0830086 -0.416262 0.0128055 0.905357
1305032359.251063 0.685807 -0.15453 0.271708 -0.099354 -0.411915 0.00714548 0.905761
1305032359.283123 0.692293 -0.169215 0.272815 -0.115869 -0.406214 -0.00105406 0.906401
1305032359.319238 0.695124 -0.185319 0.276125 -0.12876 -0.403057 -0.0122996 0.905988
1305032359.350945 0.700281 -0.201712 0.278123 -0.141891 -0.400484 -0.0225041 0.904971
1305032359.383033 0.706756 -0.221212 0.281252 -0.15696 -0.397481 -0.0301196 0.903584
1305032359.418684 0.710329 -0.238237 0.284733 -0.168508 -0.395497 -0.0369623 0.90212
1305032359.450700 0.713986 -0.256753 0.287046 -0.176176 -0.394819 -0.0478117 0.900441
1305032359.482630 0.715703 -0.275733 0.2916 -0.185956 -0.394053 -0.0582726 0.89819
1305032359.517271 0.715275 -0.295228 0.29669 -0.194886 -0.393058 -0.0655389 0.89623
1305032359.549406 0.717652 -0.313398 0.302038 -0.200372 -0.393322 -0.0683763 0.894692
1305032359.580783 0.719551 -0.327886 0.308179 -0.209896 -0.392128 -0.0728111 0.89268
1305032359.618509 0.719049 -0.344937 0.315044 -0.22535 -0.388471 -0.075513 0.890284
1305032359.648297 0.719415 -0.361599 0.322286 -0.238317 -0.385726 -0.0773592 0.887939
1305032359.682616 0.716385 -0.377742 0.330373 -0.250099 -0.384541 -0.0818639 0.884803
1305032359.717507 0.710444 -0.395181 0.33991 -0.258112 -0.38668 -0.0886866 0.880903
1305032359.747140 0.708338 -0.411412 0.347765 -0.265831 -0.391341 -0.0932849 0.876061
1305032359.784467 0.705359 -0.429666 0.358165 -0.27404 -0.39437 -0.100886 0.871318
1305032359.814695 0.701017 -0.444228 0.369012 -0.280056 -0.395767 -0.107825 0.867934
1305032359.847549 0.697727 -0.459892 0.380197 -0.287144 -0.397849 -0.114975 0.863739
1305032359.886136 0.69269 -0.475538 0.389777 -0.294248 -0.399132 -0.12132 0.85988
1305032359.915265 0.690269 -0.492406 0.401371 -0.300646 -0.402713 -0.129204 0.854833
1305032359.947309 0.685618 -0.505481 0.412035 -0.306695 -0.406853 -0.138002 0.849331
1305032359.984090 0.681135 -0.51899 0.42288 -0.314099 -0.411742 -0.14694 0.842744
1305032360.018877 0.676248 -0.531597 0.435369 -0.323413 -0.417708 -0.159 0.834052
1305032360.051651 0.67018 -0.540921 0.446403 -0.333008 -0.422538 -0.17037 0.825555
1305032360.087324 0.666525 -0.550449 0.458918 -0.34245 -0.42908 -0.181608 0.815865
1305032360.119052 0.659963 -0.556898 0.472321 -0.351884 -0.435772 -0.192199 0.805815
1305032360.151201 0.650425 -0.563177 0.486083 -0.359499 -0.443162 -0.201163 0.796178
1305032360.187139 0.644484 -0.573452 0.500182 -0.364634 -0.452369 -0.210603 0.786161
1305032360.218935 0.635758 -0.580966 0.514752 -0.367882 -0.460022 -0.220379 0.77748
1305032360.251170 0.625115 -0.583378 0.531077 -0.36979 -0.467909 -0.227114 0.769892
1305032360.285679 0.605881 -0.58824 0.5424 -0.367933 -0.478099 -0.235184 0.762059
1305032360.318280 0.593058 -0.6038 0.561092 -0.364228 -0.490484 -0.242433 0.75365
1305032360.347303 0.583226 -0.615442 0.575372 -0.357107 -0.502205 -0.247756 0.747583
1305032360.387567 0.573367 -0.623657 0.587966 -0.350956 -0.514696 -0.254222 0.739789
1305032360.419307 0.566078 -0.632136 0.598909 -0.346204 -0.525592 -0.262896 0.731286
1305032360.447080 0.554478 -0.639221 0.611316 -0.341613 -0.533277 -0.2734 0.723993
1305032360.487302 0.54403 -0.64834 0.623133 -0.336804 -0.539811 -0.28272 0.717798
1305032360.516084 0.532653 -0.66132 0.64003 -0.334932 -0.546272 -0.289792 0.710933
1305032360.550452 0.519912 -0.667002 0.648771 -0.332067 -0.550655 -0.294359 0.707006
1305032360.585577 0.510239 -0.673366 0.65817 -0.327175 -0.555378 -0.298559 0.703826
1305032360.616453 0.494631 -0.681996 0.668382 -0.320889 -0.560863 -0.304041 0.700014
1305032360.651196 0.477728 -0.689652 0.677856 -0.310147 -0.569587 -0.308934 0.695655
1305032360.683724 0.461117 -0.696204 0.685404 -0.294352 -0.579669 -0.314804 0.691546
1305032360.716902 0.444599 -0.701945 0.691756 -0.276152 -0.589484 -0.318113 0.689238
1305032360.750823 0.432192 -0.70489 0.694181 -0.260543 -0.59892 -0.317256 0.687574
1305032360.787088 0.423639 -0.706581 0.696409 -0.250028 -0.607898 -0.310283 0.68678
1305032360.817705 0.413022 -0.713836 0.696025 -0.245947 -0.615419 -0.302045 0.685225
1305032360.851074 0.405662 -0.709103 0.699801 -0.243257 -0.622634 -0.29427 0.683047
1305032360.887553 0.400445 -0.708093 0.70472 -0.240768 -0.62913 -0.293946 0.678099
1305032360.919281 0.390717 -0.705413 0.709562 -0.238646 -0.634316 -0.298794 0.67187
1305032360.951273 0.382666 -0.705665 0.713003 -0.234102 -0.640464 -0.301838 0.666253
1305032360.983341 0.376997 -0.70009 0.716798 -0.230215 -0.647744 -0.301185 0.660841
1305032361.019684 0.377655 -0.694427 0.719666 -0.230505 -0.65346 -0.301196 0.655083
1305032361.055112 0.374659 -0.689073 0.725072 -0.233679 -0.65843 -0.304453 0.647432
1305032361.083402 0.368572 -0.684873 0.730522 -0.233204 -0.664139 -0.309249 0.639449
1305032361.118826 0.363845 -0.680435 0.737099 -0.228225 -0.671981 -0.310796 0.63226
1305032361.155055 0.363184 -0.677914 0.74547 -0.218333 -0.6825 -0.309259 0.625202
1305032361.187451 0.365449 -0.673351 0.754042 -0.204857 -0.693402 -0.303924 0.620364
1305032361.214912 0.367403 -0.670145 0.764682 -0.190556 -0.7028 -0.298981 0.616736
1305032361.250889 0.377239 -0.664009 0.772921 -0.176328 -0.711729 -0.2925 0.61383
1305032361.283006 0.384418 -0.650674 0.784559 -0.165258 -0.720698 -0.285114 0.609907
1305032361.318300 0.398035 -0.643871 0.796803 -0.158008 -0.727931 -0.28089 0.605181
1305032361.353596 0.412092 -0.631612 0.807215 -0.154637 -0.733301 -0.277756 0.600999
1305032361.385885 0.426201 -0.613968 0.825015 -0.151049 -0.740927 -0.273337 0.594551
1305032361.418314 0.441086 -0.601589 0.834192 -0.147156 -0.746408 -0.272596 0.588985
1305032361.454287 0.444154 -0.592339 0.849817 -0.143017 -0.751521 -0.273546 0.583031
1305032361.482980 0.458603 -0.582292 0.864865 -0.138054 -0.755304 -0.271613 0.580236
1305032361.517186 0.471113 -0.570661 0.877872 -0.133812 -0.759418 -0.269004 0.577065
1305032361.554410 0.480922 -0.563833 0.891641 -0.125911 -0.765705 -0.265349 0.572209
1305032361.586249 0.495554 -0.554562 0.906836 -0.113087 -0.772091 -0.259784 0.568847
1305032361.614853 0.509628 -0.542396 0.926032 -0.102038 -0.776745 -0.252379 0.567935
1305032361.654354 0.524017 -0.532106 0.940622 -0.0911953 -0.780195 -0.24312 0.569089
1305032361.683032 0.535172 -0.520887 0.954589 -0.080558 -0.781847 -0.231655 0.573191
1305032361.715384 0.549169 -0.510413 0.964988 -0.0722715 -0.782353 -0.219144 0.578504
1305032361.754316 0.563017 -0.498599 0.97862 -0.0697335 -0.781308 -0.207114 0.584628
1305032361.782986 0.573284 -0.484594 0.9916 -0.0747552 -0.776695 -0.1959 0.593943
1305032361.819589 0.584365 -0.469548 1.00155 -0.081763 -0.77043 -0.187584 0.603783
1305032361.855109 0.59334 -0.454462 1.01077 -0.0891793 -0.764295 -0.182475 0.612042
1305032361.886775 0.599735 -0.438603 1.01582 -0.0948611 -0.759963 -0.178363 0.617766
1305032361.919175 0.602238 -0.423472 1.01903 -0.0990438 -0.757192 -0.172963 0.622034
1305032361.955033 0.604672 -0.408092 1.01978 -0.0979961 -0.75659 -0.160591 0.626236
1305032361.987135 0.617316 -0.388328 1.02864 -0.101003 -0.757456 -0.146856 0.628081
1305032362.019273 0.621152 -0.370954 1.0348 -0.107109 -0.75721 -0.145545 0.62767
1305032362.054809 0.622502 -0.356136 1.04007 -0.11186 -0.755041 -0.142361 0.63018
1305032362.086432 0.625479 -0.337844 1.0475 -0.119218 -0.752907 -0.131649 0.633703
1305032362.118268 0.630057 -0.322388 1.0513 -0.126349 -0.750929 -0.119871 0.636997
1305032362.154488 0.638416 -0.304058 1.06044 -0.131857 -0.749941 -0.107973 0.639168
1305032362.186946 0.642189 -0.285251 1.06604 -0.134647 -0.750888 -0.0997967 0.638805
1305032362.223302 0.646994 -0.26891 1.074 -0.1356 -0.753002 -0.0950614 0.636834
1305032362.254745 0.648946 -0.248987 1.0803 -0.139688 -0.754476 -0.0889046 0.635093
1305032362.286962 0.650156 -0.229233 1.08521 -0.143406 -0.756719 -0.0832614 0.632353
1305032362.322988 0.651558 -0.212527 1.09156 -0.14427 -0.760271 -0.0777113 0.628591
1305032362.355069 0.65548 -0.194009 1.10089 -0.144051 -0.765559 -0.0711895 0.622972
1305032362.386153 0.654811 -0.174266 1.11133 -0.143517 -0.772064 -0.0648218 0.61572
1305032362.421202 0.65408 -0.156109 1.12026 -0.140564 -0.778005 -0.058597 0.609514
1305032362.452718 0.654504 -0.137171 1.13084 -0.136605 -0.783322 -0.051989 0.604181
1305032362.487094 0.65481 -0.118593 1.14045 -0.136077 -0.787678 -0.0466834 0.599047
1305032362.523226 0.652324 -0.102465 1.14603 -0.134414 -0.791943 -0.0434089 0.594026
1305032362.554152 0.648093 -0.0846076 1.1507 -0.130307 -0.795623 -0.0403726 0.590225
1305032362.586874 0.643434 -0.0694312 1.15496 -0.126764 -0.798536 -0.0348381 0.587407
1305032362.623276 0.649535 -0.0556041 1.16565 -0.126849 -0.800853 -0.0278798 0.5846
1305032362.655272 0.648199 -0.0396599 1.16931 -0.129671 -0.802349 -0.0244888 0.582072
1305032362.687068 0.644651 -0.0242914 1.16969 -0.133007 -0.804593 -0.0218097 0.578321
1305032362.723139 0.641666 -0.0107 1.17008 -0.136456 -0.807235 -0.019512 0.573898
1305032362.752501 0.637489 0.000744243 1.16969 -0.138938 -0.809105 -0.016037 0.570768
1305032362.786189 0.633836 0.011174 1.17007 -0.140312 -0.810384 -0.00981606 0.568754
1305032362.822975 0.63147 0.0223244 1.1689 -0.140449 -0.811258 -0.00112134 0.567557
1305032362.854747 0.629319 0.0332019 1.16893 -0.139106 -0.811993 0.00658712 0.566796
1305032362.887079 0.627444 0.0424026 1.1696 -0.137899 -0.813373 0.013557 0.564989
1305032362.922917 0.624534 0.0514863 1.16972 -0.132545 -0.815366 0.0181637 0.563266
1305032362.955254 0.621578 0.0595825 1.16995 -0.126096 -0.815832 0.0242084 0.563843
1305032362.987432 0.618078 0.0676915 1.17026 -0.12163 -0.815164 0.036492 0.565127
1305032363.023019 0.615098 0.0770785 1.17171 -0.113319 -0.814277 0.0512581 0.566984
1305032363.050785 0.613686 0.0839143 1.17318 -0.105315 -0.811577 0.0611019 0.571406
1305032363.087129 0.612372 0.092018 1.17307 -0.101382 -0.808166 0.0746204 0.575336
1305032363.121871 0.613215 0.0995457 1.17396 -0.0942945 -0.806473 0.0890154 0.576867
1305032363.152039 0.614368 0.104735 1.17316 -0.0880677 -0.804418 0.0962807 0.579545
1305032363.186339 0.614071 0.112775 1.17134 -0.0840786 -0.802245 0.106181 0.581419
1305032363.223545 0.614238 0.120551 1.17064 -0.0813569 -0.801263 0.116741 0.581137
1305032363.254897 0.615815 0.128145 1.16952 -0.079159 -0.800862 0.122562 0.580793
1305032363.286746 0.615029 0.134471 1.16748 -0.0748714 -0.800638 0.126087 0.580916
1305032363.323009 0.615864 0.140612 1.16724 -0.0709445 -0.799315 0.131303 0.582076
1305032363.351268 0.617706 0.148014 1.16757 -0.069547 -0.795323 0.137899 0.586174
1305032363.387226 0.619142 0.154507 1.16626 -0.0683153 -0.791956 0.146395 0.588811
1305032363.423169 0.62366 0.163394 1.16997 -0.0695231 -0.790493 0.151481 0.589348
1305032363.454680 0.621843 0.171067 1.1674 -0.0709527 -0.788614 0.151087 0.59179
1305032363.490519 0.623403 0.181514 1.1685 -0.0707753 -0.787415 0.153393 0.592813
1305032363.522372 0.624508 0.193885 1.16814 -0.0763192 -0.786634 0.156396 0.592378
1305032363.554139 0.624325 0.204086 1.16649 -0.0838327 -0.785758 0.154757 0.592955
1305032363.589728 0.625382 0.212531 1.16386 -0.0905021 -0.785231 0.158308 0.591736
1305032363.622073 0.628024 0.220482 1.16418 -0.0944953 -0.786079 0.161144 0.589214
1305032363.653876 0.625757 0.229096 1.16209 -0.0968178 -0.787258 0.163005 0.586746
1305032363.689996 0.624097 0.235955 1.16249 -0.0980909 -0.79019 0.166364 0.581627
1305032363.721151 0.619419 0.235952 1.16065 -0.0980519 -0.793673 0.166814 0.576741
1305032363.754688 0.617144 0.237681 1.16256 -0.0925746 -0.797081 0.168594 0.572411
1305032363.789766 0.615268 0.236154 1.16692 -0.0869725 -0.798987 0.172781 0.569375
1305032363.820015 0.614666 0.236479 1.17402 -0.0807197 -0.799293 0.179326 0.567843
1305032363.850926 0.61292 0.234084 1.18046 -0.0746044 -0.798193 0.187462 0.5676
1305032363.889635 0.610689 0.233728 1.18549 -0.0695882 -0.797975 0.196211 0.565582
1305032363.918945 0.606533 0.234328 1.19036 -0.0677134 -0.800849 0.197648 0.561229
1305032363.953919 0.603728 0.230371 1.19392 -0.0593175 -0.80441 0.195428 0.557854
1305032363.989477 0.605321 0.228546 1.2 -0.0526826 -0.806328 0.195646 0.55567
1305032364.021974 0.602917 0.223713 1.20236 -0.0502708 -0.807906 0.194991 0.553829
1305032364.051316 0.601085 0.218183 1.20477 -0.0457065 -0.810047 0.194595 0.551232
1305032364.089983 0.603717 0.212406 1.21069 -0.043315 -0.813083 0.19456 0.546949
1305032364.121945 0.598828 0.206195 1.20751 -0.0417055 -0.816245 0.192782 0.542978
1305032364.154479 0.599828 0.199826 1.20977 -0.0399833 -0.822137 0.190239 0.535058
1305032364.187829 0.602556 0.194036 1.21633 -0.0385385 -0.830042 0.182517 0.525561
1305032364.220131 0.600419 0.185494 1.21764 -0.0390572 -0.838347 0.169733 0.516548
1305032364.254427 0.600932 0.174118 1.22317 -0.039004 -0.847214 0.157709 0.505784
1305032364.287208 0.602399 0.16078 1.22717 0.0382202 0.854929 -0.146561 -0.496133
1305032364.321001 0.603655 0.149574 1.23545 0.0401539 0.862782 -0.133852 -0.485871
1305032364.353803 0.603815 0.13618 1.24132 0.0407555 0.869873 -0.118307 -0.477133
1305032364.390393 0.602289 0.122158 1.24771 0.0412413 0.876359 -0.100446 -0.469252
1305032364.422934 0.601025 0.108076 1.25394 0.0405926 0.882773 -0.0822248 -0.46076
1305032364.454973 0.597189 0.0931726 1.26017 0.0388899 0.889164 -0.0624214 -0.451637
1305032364.490909 0.590817 0.0743462 1.2661 0.0384396 0.894218 -0.0418719 -0.444006
1305032364.523222 0.586239 0.0566548 1.27358 0.0353662 0.898715 -0.0237945 -0.436453
1305032364.555371 0.580369 0.0374505 1.28337 0.0306993 0.903155 -0.00425167 -0.42819
1305032364.590015 0.575462 0.0139653 1.2953 0.0261737 0.905167 0.0131967 -0.424041
1305032364.622240 0.566489 -0.00709141 1.30397 0.020566 0.906075 0.0264593 -0.421783
1305032364.654940 0.564292 -0.0292932 1.31566 0.019903 0.906824 0.0390152 -0.419224
1305032364.691021 0.557371 -0.0495593 1.32578 0.0170362 0.906909 0.0553424 -0.417324
1305032364.723145 0.548693 -0.0687362 1.33391 0.0152126 0.906466 0.0731512 -0.415611
1305032364.758771 0.541431 -0.0884052 1.34328 0.0186612 0.905632 0.092701 -0.413383
1305032364.790576 0.53332 -0.108316 1.35182 0.0197402 0.903834 0.110864 -0.412796
1305032364.822800 0.519966 -0.133783 1.35565 0.0158044 0.902253 0.12651 -0.411925
1305032364.858509 0.510666 -0.156981 1.35728 0.0104301 0.902941 0.136778 -0.407279
1305032364.889427 0.503764 -0.179027 1.3641 0.00726319 0.903904 0.145803 -0.402047
1305032364.923105 0.492538 -0.198611 1.36693 0.00808935 0.90408 0.155374 -0.398031
1305032364.956761 0.481939 -0.218655 1.36891 0.00933024 0.904768 0.165012 -0.392524
1305032364.991437 0.470809 -0.237752 1.37207 0.0105085 0.905997 0.172039 -0.386597
1305032365.022936 0.460053 -0.256746 1.37797 0.0128359 0.90697 0.178025 -0.381502
1305032365.059290 0.448193 -0.270675 1.38118 0.013457 0.90756 0.184264 -0.377091
1305032365.087143 0.439168 -0.292381 1.38825 0.0106866 0.907787 0.194162 -0.371625
1305032365.123256 0.428251 -0.305513 1.39012 0.00926148 0.907651 0.204826 -0.366232
1305032365.159298 0.415259 -0.318191 1.39096 0.00801197 0.907676 0.215437 -0.36006
1305032365.191271 0.403209 -0.331219 1.39259 0.00246831 0.907957 0.223759 -0.354313
1305032365.223463 0.391517 -0.343084 1.39353 -0.00509337 0.908475 0.231115 -0.34818
1305032365.256958 0.381267 -0.353683 1.3944 -0.0115726 0.909302 0.238059 -0.341118
1305032365.290273 0.370836 -0.365664 1.39761 -0.0148939 0.910294 0.24539 -0.333053
1305032365.323458 0.357692 -0.377657 1.39607 -0.01843 0.910983 0.253182 -0.325064
1305032365.359591 0.348792 -0.38923 1.39741 -0.0241012 0.912068 0.256997 -0.318591
1305032365.391371 0.340482 -0.398136 1.40411 -0.0284816 0.912939 0.26169 -0.311845
1305032365.423267 0.331356 -0.40456 1.40269 -0.0319973 0.913172 0.267655 -0.305697
1305032365.459383 0.324568 -0.411819 1.40308 -0.0347802 0.914469 0.270598 -0.298847
1305032365.491152 0.318627 -0.418449 1.4058 -0.0350309 0.916169 0.272967 -0.291365
1305032365.523217 0.313357 -0.425531 1.40614 -0.0351153 0.917524 0.27531 -0.284812
1305032365.558893 0.308328 -0.435039 1.40724 -0.0370551 0.919309 0.276068 -0.277994
1305032365.591436 0.304725 -0.439031 1.40515 -0.0402667 0.922091 0.273799 -0.270477
1305032365.623205 0.301209 -0.444886 1.40745 -0.0429807 0.924969 0.272179 -0.261726
1305032365.659377 0.297878 -0.450285 1.40937 -0.04544 0.926786 0.27257 -0.254372
1305032365.691155 0.293855 -0.456284 1.41032 -0.0478538 0.927926 0.273826 -0.248355
1305032365.723383 0.290815 -0.46003 1.40416 -0.0496831 0.929567 0.273126 -0.242558
1305032365.759259 0.287832 -0.467561 1.40426 -0.05243 0.932486 0.26937 -0.234857
1305032365.791166 0.283062 -0.470959 1.40634 -0.0533374 0.93492 0.265346 -0.229495
1305032365.823223 0.279741 -0.473767 1.40228 -0.0541159 0.936464 0.262434 -0.226343
1305032365.859634 0.274147 -0.476963 1.40004 -0.0525693 0.938901 0.257154 -0.222644
1305032365.889504 0.269444 -0.481169 1.39966 -0.0482634 0.941864 0.250148 -0.219055
1305032365.927362 0.262111 -0.484609 1.39894 -0.0426598 0.944319 0.243758 -0.216843
1305032365.959313 0.25617 -0.487666 1.39748 -0.036762 0.946434 0.236541 -0.216692
1305032365.991061 0.250723 -0.489849 1.39396 -0.029865 0.948826 0.227915 -0.216537
1305032366.026870 0.243549 -0.496343 1.39251 -0.0232535 0.950796 0.222616 -0.214207
1305032366.059164 0.236204 -0.503047 1.38848 -0.0190841 0.952595 0.216193 -0.213204
1305032366.091112 0.232157 -0.504652 1.38992 -0.0146419 0.953313 0.212684 -0.21387
1305032366.127026 0.228503 -0.514015 1.38592 -0.0155376 0.950986 0.224015 -0.212595
1305032366.159365 0.221844 -0.523885 1.37668 -0.0275502 0.948792 0.233623 -0.210837
1305032366.190979 0.22147 -0.536361 1.37034 -0.0435222 0.947106 0.238466 -0.210301
1305032366.227205 0.221521 -0.533588 1.36925 -0.0527228 0.945948 0.243033 -0.208168
1305032366.259172 0.218794 -0.549672 1.35537 -0.0552836 0.944278 0.253094 -0.203036
1305032366.291401 0.216 -0.560094 1.34898 -0.055522 0.944002 0.259869 -0.195554
1305032366.327121 0.212826 -0.569021 1.34536 -0.0543399 0.94266 0.269832 -0.18875
1305032366.359097 0.20827 -0.577737 1.33461 -0.0568804 0.940534 0.279841 -0.183972
1305032366.391043 0.205137 -0.584794 1.3275 -0.0616078 0.939249 0.286053 -0.179405
1305032366.427242 0.202336 -0.589294 1.32211 -0.0670294 0.938006 0.292175 -0.174019
1305032366.459233 0.199048 -0.592698 1.31487 -0.070159 0.936686 0.298525 -0.169047
1305032366.491285 0.195595 -0.597826 1.30455 -0.0752085 0.936056 0.30289 -0.162472
1305032366.526997 0.194153 -0.599708 1.30017 -0.0801973 0.936566 0.303819 -0.155247
1305032366.559109 0.194074 -0.599201 1.29391 -0.0857111 0.937152 0.304755 -0.1467
1305032366.591375 0.192524 -0.59879 1.28734 -0.0916055 0.938188 0.305012 -0.135559
1305032366.626920 0.19282 -0.594946 1.28651 -0.0957182 0.938774 0.30699 -0.123673
1305032366.655039 0.191815 -0.594519 1.28484 -0.100829 0.938234 0.311864 -0.110849
1305032366.687461 0.192026 -0.596493 1.28241 -0.104555 0.937647 0.315536 -0.101588
1305032366.727328 0.191348 -0.594203 1.27785 -0.106061 0.938533 0.314545 -0.0946742
1305032366.759333 0.190438 -0.590925 1.27887 -0.103001 0.940147 0.313032 -0.0867201
1305032366.790587 0.187722 -0.590901 1.27959 -0.101393 0.940931 0.313634 -0.0774515
1305032366.826895 0.184487 -0.59144 1.28047 -0.10339 0.941823 0.312374 -0.0685439
1305032366.859205 0.182154 -0.588984 1.28397 -0.106936 0.942665 0.310225 -0.0608642
1305032366.888643 0.181002 -0.58669 1.29106 -0.108879 0.942994 0.309859 -0.0537621
1305032366.926959 0.17807 -0.585572 1.29405 -0.109425 0.942732 0.311565 -0.0469765
1305032366.958281 0.176747 -0.586675 1.29608 -0.11085 0.943363 0.30988 -0.0418216
1305032366.990487 0.17427 -0.58625 1.30283 -0.112063 0.945654 0.302917 -0.0376631
1305032367.026585 0.16998 -0.583326 1.31167 -0.110988 0.948305 0.29524 -0.035056
1305032367.058683 0.16576 -0.579894 1.32004 -0.108356 0.951035 0.287413 -0.0343801
1305032367.087523 0.160779 -0.575989 1.33146 -0.104837 0.953944 0.278916 -0.0346713
1305032367.126868 0.152548 -0.571525 1.34165 -0.101232 0.956567 0.271008 -0.0358121
1305032367.158939 0.144762 -0.565424 1.35398 -0.0986152 0.959256 0.262002 -0.0381349
1305032367.191850 0.138984 -0.561551 1.37079 -0.0973009 0.96128 0.254102 -0.0436092
1305032367.226101 0.130361 -0.554859 1.38095 -0.0952484 0.96318 0.24657 -0.0491115
1305032367.257578 0.123955 -0.548997 1.39164 -0.0941231 0.965457 0.236922 -0.0538483
1305032367.293991 0.116345 -0.53829 1.4065 -0.0910505 0.967673 0.22798 -0.0577989
1305032367.326110 0.108533 -0.530851 1.41466 -0.0916224 0.968032 0.225585 -0.060234
1305032367.358269 0.100683 -0.52308 1.41732 -0.0976155 0.969475 0.215881 -0.0630944
1305032367.394011 0.0946937 -0.515589 1.43067 -0.100108 0.972241 0.200885 -0.0660836
1305032367.425982 0.0897563 -0.503961 1.43748 -0.0995378 0.97424 0.190878 -0.0671596
1305032367.458337 0.0853444 -0.497113 1.44244 -0.0989692 0.976362 0.180199 -0.0666776
1305032367.494794 0.0801423 -0.488721 1.44902 -0.0968305 0.979099 0.166491 -0.065316
1305032367.525123 0.0751501 -0.478979 1.45606 -0.0958655 0.981348 0.154561 -0.0622379
1305032367.558998 0.0678319 -0.468192 1.46445 -0.0938924 0.983125 0.145435 -0.0591086
1305032367.594540 0.0608359 -0.454889 1.46946 -0.0908635 0.984127 0.14129 -0.0572031
1305032367.627313 0.0547645 -0.445531 1.47233 -0.0905423 0.984834 0.137727 -0.054133
1305032367.659071 0.0473641 -0.435518 1.4785 -0.0938469 0.985429 0.13234 -0.0510338
1305032367.694516 0.0408012 -0.422389 1.48325 -0.096733 0.985785 0.128403 -0.0487802
1305032367.727182 0.0343889 -0.410305 1.48559 -0.0972998 0.98625 0.125707 -0.0451414
1305032367.759159 0.0253066 -0.39666 1.4908 -0.0943818 0.987212 0.121747 -0.0409615
1305032367.794852 0.0162711 -0.383063 1.4953 -0.0905902 0.988082 0.11869 -0.0373449
1305032367.826871 0.00636976 -0.371389 1.4971 -0.0875298 0.988859 0.115661 -0.0333789
1305032367.858142 -0.00417493 -0.35778 1.49993 -0.0844067 0.990044 0.108944 -0.0285356
1305032367.894056 -0.0199171 -0.344578 1.50685 -0.080475 0.991205 0.102492 -0.0229856
1305032367.925922 -0.0327494 -0.332353 1.51045 -0.0793396 0.992084 0.0952184 -0.0200951
1305032367.957958 -0.043107 -0.318809 1.51255 -0.0794322 0.993032 0.0854382 -0.0165471
1305032367.994884 -0.0544168 -0.304765 1.51595 -0.0799648 0.993987 0.0740716 -0.0102512
1305032368.025983 -0.0639197 -0.291714 1.51872 -0.079121 0.994852 0.0632442 -0.00230782
1305032368.058921 -0.0750345 -0.2807 1.52227 -0.0790431 0.99552 0.0514794 0.00615567
1305032368.094710 -0.0849401 -0.266763 1.52546 -0.0787781 0.996111 0.0369292 0.0137121
1305032368.126824 -0.0923437 -0.253082 1.52912 -0.078652 0.996355 0.0242246 0.0223207
1305032368.156667 -0.0991426 -0.240591 1.53421 -0.0797784 0.996224 0.0113741 0.0322399
1305032368.190798 -0.106846 -0.226602 1.53585 -0.0787137 0.995982 -0.000272649 0.042644
1305032368.226380 -0.113302 -0.212873 1.53644 -0.0796782 0.995317 -0.0138473 0.0529059
1305032368.258177 -0.120486 -0.196936 1.53763 -0.080375 0.994536 -0.0265285 0.0610829
1305032368.293455 -0.12355 -0.18247 1.53718 -0.0786783 0.993989 -0.0354598 0.0673277
1305032368.326215 -0.129947 -0.171611 1.53823 -0.0773227 0.993346 -0.0437603 0.0732432
1305032368.358554 -0.137277 -0.161817 1.53405 -0.0779393 0.9926 -0.0534613 0.0762051
1305032368.393756 -0.135649 -0.143833 1.53213 -0.0782029 0.991972 -0.0626672 0.0771073
1305032368.425949 -0.137501 -0.130352 1.52663 -0.0804739 0.991222 -0.0680946 0.0797653
1305032368.462413 -0.142037 -0.123256 1.52387 -0.0844186 0.990373 -0.0749395 0.0800859
1305032368.494411 -0.139534 -0.109949 1.52042 -0.0835726 0.988912 -0.0943946 0.0784488
1305032368.526548 -0.142192 -0.0961979 1.51713 -0.0808652 0.986787 -0.1163 0.0786207
1305032368.561964 -0.149743 -0.0789464 1.50972 -0.0784812 0.98528 -0.133337 0.0726729
1305032368.594201 -0.154135 -0.0655913 1.50417 -0.0722365 0.984508 -0.146911 0.0627584
1305032368.626418 -0.160735 -0.0521159 1.50722 -0.062145 0.98317 -0.162268 0.0563912
1305032368.662780 -0.16427 -0.03294 1.50749 -0.0504594 0.981943 -0.175157 0.0505547
1305032368.692306 -0.170574 -0.0139762 1.50443 -0.0362516 0.981371 -0.182801 0.0466359
1305032368.726391 -0.173418 0.00201595 1.5024 -0.0220023 0.980306 -0.19068 0.0463795
1305032368.762429 -0.177837 0.0245614 1.50038 -0.0101055 0.979198 -0.196133 0.0509679
1305032368.794488 -0.18116 0.0418282 1.49754 -0.000539332 0.978661 -0.197281 0.0574396
1305032368.826920 -0.1802 0.0608609 1.48953 0.0109951 0.977933 -0.198529 0.0640894
1305032368.862385 -0.181362 0.0740656 1.48308 0.0160487 0.976702 -0.20158 0.0718117
1305032368.894079 -0.180719 0.0902433 1.47186 0.0187703 0.975377 -0.206245 0.0758008
1305032368.926364 -0.183429 0.101704 1.46665 0.0246927 0.973792 -0.212143 0.0781647
1305032368.959769 -0.185607 0.114603 1.4622 0.0316666 0.972155 -0.218276 0.0791414
1305032368.992519 -0.189641 0.122631 1.45626 0.0351773 0.971099 -0.222452 0.0790008
1305032369.026559 -0.193987 0.128728 1.44911 0.040321 0.969288 -0.229494 0.078632
1305032369.062508 -0.198693 0.140139 1.44851 0.0496774 0.966605 -0.239297 0.0770571
1305032369.092465 -0.203759 0.152336 1.44164 0.0573785 0.965006 -0.244763 0.0745548
1305032369.126422 -0.207309 0.159878 1.43769 0.0642081 0.963681 -0.248058 0.0752335
1305032369.162529 -0.212496 0.168801 1.43534 0.0706479 0.962306 -0.250364 0.0793043
1305032369.194429 -0.215658 0.17776 1.43216 0.0751088 0.961439 -0.251383 0.0824439
1305032369.226184 -0.218923 0.182347 1.42838 0.0781109 0.960795 -0.251587 0.0864311
1305032369.262275 -0.226215 0.188873 1.42515 0.0805594 0.960084 -0.251912 0.0910242
1305032369.294549 -0.231235 0.193038 1.42053 0.0836823 0.959475 -0.252501 0.0929719
1305032369.325603 -0.234713 0.198028 1.4205 0.0886671 0.958454 -0.254164 0.0943433
1305032369.361711 -0.23633 0.196914 1.41565 0.0955201 0.956957 -0.256114 0.0975181
1305032369.393865 -0.238901 0.195621 1.41687 0.100372 0.954265 -0.263501 0.0993339
1305032369.425788 -0.241612 0.201683 1.41615 0.104133 0.952241 -0.267871 0.10312
1305032369.461699 -0.242208 0.202799 1.41695 0.10404 0.952443 -0.265724 0.106838
1305032369.493663 -0.240347 0.198637 1.41426 0.108355 0.952185 -0.263008 0.11147
1305032369.526387 -0.24014 0.201617 1.41426 0.111666 0.952158 -0.259451 0.116643
1305032369.561511 -0.240924 0.203005 1.41488 0.110087 0.953079 -0.254714 0.120984
1305032369.590662 -0.23896 0.205479 1.41553 0.107373 0.955035 -0.246891 0.124174
1305032369.629343 -0.239556 0.202606 1.41658 0.104342 0.957979 -0.2352 0.12675
1305032369.661976 -0.238351 0.19958 1.42202 0.103477 0.959592 -0.229112 0.126407
1305032369.694117 -0.239669 0.196115 1.42925 0.100957 0.961675 -0.221493 0.126194
1305032369.730214 -0.24209 0.191213 1.43717 0.0949812 0.963606 -0.216182 0.125305
1305032369.762462 -0.24508 0.187223 1.44621 0.0894313 0.965548 -0.211063 0.123149
1305032369.794288 -0.248855 0.183541 1.45517 0.0844987 0.967605 -0.206063 0.118886
1305032369.830464 -0.252296 0.183188 1.46563 0.0791185 0.969812 -0.200593 0.113851
1305032369.862646 -0.255451 0.183667 1.47338 0.0759807 0.97194 -0.194498 0.108283
1305032369.894378 -0.257726 0.183106 1.48142 0.0720128 0.974192 -0.188712 0.100736
1305032369.930439 -0.261042 0.183652 1.49203 0.0694423 0.975975 -0.183559 0.094619
1305032369.962123 -0.262315 0.185121 1.49928 0.0643276 0.978075 -0.176879 0.0891148
1305032369.994406 -0.262946 0.185849 1.50628 0.0613934 0.979916 -0.169552 0.0851038
1305032370.029452 -0.262687 0.185768 1.51148 0.0589124 0.981087 -0.164732 0.0827929
1305032370.062431 -0.262232 0.18617 1.51991 0.0552008 0.982125 -0.160692 0.0809775
1305032370.094141 -0.262119 0.188067 1.53035 0.0521851 0.983596 -0.153133 0.0797613
1305032370.131075 -0.260654 0.189409 1.53709 0.0491147 0.985251 -0.144172 0.0779617
1305032370.163765 -0.260642 0.191424 1.54608 0.0484378 0.986573 -0.135897 0.0765069
1305032370.191957 -0.258671 0.194945 1.55308 0.048149 0.987806 -0.128286 0.073891
1305032370.227691 -0.257838 0.196048 1.56259 0.0483673 0.988732 -0.12259 0.0709759
1305032370.260069 -0.258116 0.197944 1.57233 0.0485889 0.989563 -0.116796 0.0689815
1305032370.292473 -0.257326 0.198125 1.58169 0.0475049 0.990571 -0.109493 0.0672235
1305032370.330184 -0.255585 0.198884 1.58764 0.0465039 0.99112 -0.105138 0.066796
1305032370.362216 -0.255415 0.199736 1.59558 0.0444834 0.991737 -0.100246 0.0665143
1305032370.393732 -0.254628 0.199195 1.60139 0.0416926 0.992467 -0.0952966 0.0646792
1305032370.429519 -0.253655 0.199331 1.60618 0.0417574 0.992767 -0.0941308 0.0616832
1305032370.462719 -0.256628 0.201077 1.61286 0.042153 0.99309 -0.0923724 0.0588073
1305032370.494226 -0.258944 0.20225 1.61747 0.0408679 0.993687 -0.0885827 0.0553499
1305032370.530396 -0.258862 0.202925 1.62242 0.0397654 0.994126 -0.0856709 0.0527988
1305032370.559254 -0.259535 0.20721 1.62719 0.0364878 0.994723 -0.0812772 0.0508327
1305032370.594716 -0.261255 0.209905 1.63136 0.0314526 0.995638 -0.0727471 0.0491883
1305032370.630635 -0.260722 0.210584 1.63137 0.0271466 0.996444 -0.0640823 0.0474582
1305032370.662528 -0.261917 0.211166 1.63468 0.0242849 0.997028 -0.0572561 0.0454272
1305032370.694786 -0.263068 0.210781 1.63684 0.0193733 0.997723 -0.0500784 0.0407431
1305032370.730482 -0.263644 0.208349 1.63897 0.018949 0.998073 -0.0460289 0.0369877
1305032370.762399 -0.26502 0.207031 1.64128 0.0183765 0.998301 -0.0436414 0.0338944
1305032370.794226 -0.267245 0.205415 1.64398 0.0160516 0.998691 -0.0376179 0.0306208
1305032370.830572 -0.267788 0.199141 1.64267 0.0137147 0.998979 -0.030218 0.0305991
1305032370.862608 -0.269166 0.192139 1.64667 0.0116768 0.999009 -0.0249546 0.034909
1305032370.898515 -0.271819 0.184951 1.65104 0.00769295 0.999104 -0.0177883 0.0375579
1305032370.930670 -0.274271 0.170783 1.65338 0.00202791 0.999241 -0.00549658 0.0384589
1305032370.962798 -0.277629 0.159746 1.65514 -0.00082036 0.99919 0.00506865 0.0398523
1305032370.998569 -0.283297 0.146313 1.65772 -0.00542339 0.998998 0.0165448 0.0411814
1305032371.030841 -0.291546 0.134176 1.66041 -0.00711737 0.998691 0.0306904 0.0402427
1305032371.063015 -0.297211 0.11668 1.66079 -0.00739205 0.998101 0.04772 0.038184
1305032371.098694 -0.304851 0.0974876 1.66028 -0.0111761 0.997343 0.0618602 0.0367632
1305032371.127227 -0.314739 0.0751546 1.66093 -0.0181655 0.996397 0.0749351 0.0352665
1305032371.163393 -0.321707 0.0531816 1.65696 -0.0268605 0.995266 0.0881748 0.0307397
1305032371.199223 -0.327322 0.0248823 1.65369 -0.0372371 0.994254 0.0964939 0.0275234
1305032371.231580 -0.333943 -0.00189026 1.65074 -0.0504532 0.993429 0.0989745 0.0274443
1305032371.263109 -0.341281 -0.0287704 1.64919 -0.0617895 0.992489 0.102058 0.0269533
1305032371.298947 -0.348117 -0.0553007 1.64576 -0.0721379 0.991342 0.106405 0.0266467
1305032371.331335 -0.353052 -0.0834439 1.64151 -0.0833201 0.989967 0.110302 0.0291914
1305032371.362306 -0.359133 -0.109022 1.63596 -0.0958265 0.988251 0.11407 0.0340754
1305032371.399028 -0.365501 -0.133617 1.63222 -0.107049 0.986212 0.120034 0.0388945
1305032371.429259 -0.368946 -0.158847 1.62869 -0.118834 0.983567 0.128879 0.043123
1305032371.461631 -0.37515 -0.186788 1.62154 -0.131315 0.980248 0.139928 0.0478068
1305032371.500366 -0.380224 -0.208488 1.61355 -0.142489 0.976796 0.151053 0.0523902
1305032371.528780 -0.386193 -0.23245 1.60531 -0.15469 0.972543 0.163794 0.0583002
1305032371.563035 -0.390296 -0.254981 1.59465 -0.16997 0.967571 0.175633 0.063754
1305032371.594845 -0.393524 -0.273294 1.58207 -0.182851 0.962898 0.186194 0.0686915
1305032371.627278 -0.398136 -0.293208 1.56994 -0.192098 0.958548 0.196853 0.0743528
1305032371.661699 -0.403967 -0.311587 1.55576 -0.198236 0.954699 0.206748 0.0806384
1305032371.698085 -0.409693 -0.329742 1.54142 -0.208619 0.949983 0.214966 0.0882874
1305032371.726894 -0.419011 -0.348279 1.5292 -0.221223 0.944791 0.222489 0.0944688
1305032371.763078 -0.424157 -0.360028 1.51171 -0.228437 0.940205 0.233168 0.0972546
1305032371.798775 -0.428521 -0.371764 1.49057 -0.23237 0.93682 0.241345 0.100594
1305032371.830728 -0.435652 -0.383245 1.4704 -0.232372 0.9347 0.247326 0.105667
1305032371.862988 -0.438198 -0.39362 1.44697 -0.234016 0.932492 0.250423 0.113919
1305032371.898658 -0.447914 -0.409137 1.43253 -0.237168 0.929793 0.251533 0.12634
1305032371.930961 -0.455804 -0.425662 1.41771 -0.244439 0.925546 0.25423 0.137749
1305032371.960332 -0.463552 -0.442732 1.4014 -0.254636 0.920852 0.254917 0.14901
1305032371.999011 -0.461786 -0.455425 1.37646 -0.265933 0.91627 0.254025 0.15873
1305032372.030867 -0.453172 -0.471776 1.34606 -0.276647 0.911672 0.253419 0.167616
1305032372.058918 -0.452731 -0.490202 1.32661 -0.287507 0.907389 0.250404 0.176856
1305032372.098264 -0.45509 -0.507413 1.31081 -0.297709 0.903115 0.249318 0.18327
1305032372.127609 -0.445071 -0.512452 1.28736 -0.307751 0.899093 0.247926 0.188277
1305032372.166169 -0.435662 -0.522261 1.26691 -0.316248 0.895738 0.241456 0.198329
1305032372.198119 -0.430904 -0.538936 1.25396 -0.324759 0.891375 0.235255 0.211265
1305032372.230071 -0.418359 -0.548718 1.23687 -0.335637 0.885932 0.229652 0.222995
1305032372.266126 -0.408943 -0.557324 1.22514 -0.343601 0.881364 0.222832 0.235533
1305032372.297790 -0.402248 -0.568596 1.21308 -0.350546 0.876237 0.219089 0.247632
1305032372.329039 -0.391 -0.577023 1.20121 -0.361797 0.869607 0.215114 0.258084
1305032372.366292 -0.382539 -0.592204 1.19237 -0.373645 0.86315 0.212718 0.264774
1305032372.398337 -0.370877 -0.60137 1.18248 -0.384834 0.85769 0.211181 0.26771
1305032372.430932 -0.361825 -0.609002 1.1755 -0.392358 0.853252 0.210416 0.271544
1305032372.466079 -0.353693 -0.624405 1.16975 -0.400727 0.84709 0.213805 0.27593
1305032372.498135 -0.334737 -0.627002 1.16021 -0.411623 0.840642 0.217094 0.277042
1305032372.530492 -0.314046 -0.624628 1.15274 -0.42048 0.836237 0.214184 0.279328
1305032372.570271 -0.30385 -0.640417 1.14866 -0.423597 0.832664 0.21404 0.285336
1305032372.597861 -0.288717 -0.650403 1.14162 -0.429293 0.827527 0.21797 0.288772
1305032372.629218 -0.27 -0.654413 1.1351 -0.434815 0.823969 0.219452 0.28956
1305032372.664108 -0.257173 -0.658923 1.12987 -0.437999 0.821846 0.219002 0.291133
1305032372.698696 -0.245622 -0.664466 1.126 -0.440506 0.818936 0.220174 0.294647
1305032372.728994 -0.230354 -0.666182 1.12001 -0.443833 0.814842 0.220914 0.300393
1305032372.766505 -0.215286 -0.673401 1.11479 -0.44723 0.810429 0.220342 0.307625
1305032372.797997 -0.203246 -0.680981 1.1089 -0.44729 0.807866 0.218233 0.31568
1305032372.831463 -0.195618 -0.689265 1.10273 -0.445447 0.806356 0.211182 0.326746
1305032372.866969 -0.186567 -0.698626 1.09865 -0.438691 0.807483 0.20532 0.33669
1305032372.898841 -0.175983 -0.70156 1.09353 -0.433509 0.807517 0.201102 0.345743
1305032372.930454 -0.164289 -0.705568 1.09027 -0.429104 0.807046 0.197179 0.354488
1305032372.966691 -0.151835 -0.710962 1.08324 -0.423765 0.806001 0.19581 0.36392
1305032372.998926 -0.151096 -0.710533 1.08297 -0.420404 0.801971 0.195658 0.376584
1305032373.030611 -0.133631 -0.710885 1.07745 -0.421722 0.795037 0.19788 0.388464
1305032373.066897 -0.127234 -0.7089 1.07314 -0.42348 0.788499 0.199831 0.398743
1305032373.099775 -0.124059 -0.704767 1.06968 -0.424067 0.782417 0.207055 0.406341
1305032373.127898 -0.11811 -0.698666 1.06381 -0.424664 0.77554 0.218444 0.412885
1305032373.166377 -0.106851 -0.698428 1.06082 -0.427786 0.766515 0.231336 0.419442
1305032373.198404 -0.0986409 -0.69184 1.05513 -0.434026 0.756408 0.239632 0.426659
1305032373.230484 -0.0932374 -0.688657 1.04889 -0.439808 0.747492 0.247352 0.432014
1305032373.266752 -0.0865393 -0.683782 1.04634 -0.444676 0.739681 0.254649 0.436214
1305032373.298845 -0.0776974 -0.68025 1.04218 -0.448596 0.731436 0.262863 0.441202
1305032373.331228 -0.0688622 -0.67353 1.0388 -0.449468 0.72518 0.26865 0.447117
1305032373.366882 -0.0637577 -0.673783 1.03698 -0.446939 0.72051 0.274977 0.453313
1305032373.399055 -0.0530136 -0.676616 1.03293 -0.447356 0.714099 0.283414 0.457828
1305032373.434622 -0.0450007 -0.676056 1.02934 -0.448496 0.70843 0.286159 0.463773
1305032373.465659 -0.0411049 -0.675698 1.02675 -0.447232 0.705089 0.288742 0.468458
1305032373.498970 -0.0360865 -0.675321 1.02471 -0.443087 0.703152 0.2952 0.471277
1305032373.534678 -0.0329301 -0.673927 1.02015 -0.439246 0.700247 0.301049 0.47548
1305032373.566786 -0.0288936 -0.674506 1.01535 -0.437968 0.696981 0.306445 0.478002
1305032373.598786 -0.0260629 -0.67221 1.00867 -0.438402 0.694002 0.310399 0.479386
1305032373.635967 -0.0236115 -0.667482 0.99955 -0.440332 0.691863 0.311956 0.479699
1305032373.663912 -0.0204152 -0.666289 0.992561 -0.441284 0.693293 0.310242 0.477866
1305032373.697914 -0.0179593 -0.670185 0.993643 -0.442381 0.696463 0.30531 0.475413
1305032373.734507 -0.0150586 -0.671971 0.990562 -0.442261 0.698342 0.302667 0.474457
1305032373.766443 -0.0138188 -0.673612 0.99131 -0.437123 0.701656 0.298005 0.477272
1305032373.795838 -0.0239062 -0.67355 0.998004 -0.430596 0.703863 0.294898 0.481865
1305032373.834934 -0.0289253 -0.672264 0.994062 -0.43055 0.700631 0.298351 0.484482
1305032373.867293 -0.0317018 -0.672966 0.988545 -0.431357 0.699012 0.296846 0.487019
1305032373.899270 -0.0423083 -0.671977 0.987669 -0.430372 0.702892 0.288321 0.487428
1305032373.935073 -0.0513508 -0.677919 0.989508 -0.431637 0.705999 0.282842 0.485023
1305032373.967085 -0.0583876 -0.68268 0.99236 -0.432231 0.707483 0.277126 0.485632
1305032373.999199 -0.073209 -0.682563 0.993637 -0.430095 0.710444 0.268582 0.488001
1305032374.031187 -0.0908998 -0.680728 0.990471 -0.428763 0.712702 0.260764 0.490116
1305032374.066725 -0.105602 -0.679513 0.986282 -0.432521 0.714273 0.249557 0.490363
1305032374.098933 -0.116219 -0.68563 0.997664 -0.438178 0.717026 0.23588 0.488085
1305032374.134653 -0.132609 -0.685821 1.00452 -0.43966 0.718377 0.223171 0.490734
1305032374.165256 -0.149045 -0.684221 1.00807 -0.434319 0.722506 0.214716 0.493195
1305032374.198931 -0.168784 -0.680808 1.01404 -0.427044 0.725839 0.206811 0.498009
1305032374.234571 -0.188277 -0.678242 1.01605 -0.42012 0.725038 0.200713 0.507458
1305032374.266232 -0.210499 -0.672948 1.01813 -0.41204 0.724998 0.193598 0.516819
1305032374.295091 -0.236432 -0.661965 1.01974 -0.403296 0.724181 0.188758 0.526559
1305032374.334758 -0.256165 -0.655833 1.01942 -0.397622 0.721538 0.184172 0.536044
1305032374.364907 -0.278928 -0.648184 1.01973 -0.392078 0.719275 0.17302 0.54677
1305032374.399126 -0.303394 -0.63735 1.01981 -0.384168 0.716345 0.157273 0.56081
1305032374.434942 -0.334763 -0.623065 1.01698 -0.376318 0.713404 0.143923 0.57333
1305032374.465697 -0.359349 -0.614217 1.01321 -0.368532 0.71236 0.136597 0.581421
1305032374.498778 -0.388067 -0.604046 1.01154 -0.355344 0.713181 0.128001 0.59051
1305032374.534408 -0.42409 -0.58393 0.999317 -0.341964 0.711496 0.121855 0.60164
1305032374.565648 -0.453975 -0.567662 0.990738 -0.334161 0.711667 0.121448 0.605888
1305032374.605154 -0.481356 -0.553676 0.980454 -0.327119 0.715215 0.12118 0.605606
1305032374.634454 -0.50493 -0.544413 0.974924 -0.321292 0.719538 0.120053 0.603829
1305032374.666026 -0.530401 -0.525763 0.965842 -0.309411 0.723523 0.114092 0.606421
1305032374.699355 -0.55939 -0.509569 0.956736 -0.295971 0.727748 0.107976 0.609186
1305032374.733811 -0.583992 -0.492822 0.948575 -0.283527 0.733343 0.106328 0.608687
1305032374.764278 -0.606112 -0.47539 0.939958 -0.270043 0.738619 0.100938 0.609356
1305032374.799002 -0.632239 -0.454822 0.933959 -0.258916 0.743917 0.0920166 0.609153
1305032374.833082 -0.654039 -0.437374 0.927685 -0.251697 0.748148 0.0875006 0.60766
1305032374.865385 -0.673236 -0.417773 0.921388 -0.243749 0.751522 0.0836977 0.607272
1305032374.902777 -0.69341 -0.398688 0.914294 -0.237459 0.754863 0.0833245 0.605669
1305032374.934055 -0.708259 -0.377151 0.907616 -0.231111 0.75947 0.083365 0.602352
1305032374.963033 -0.724723 -0.357073 0.903746 -0.219676 0.76452 0.085124 0.59999
1305032375.002817 -0.741577 -0.337381 0.898262 -0.209635 0.768875 0.0938722 0.596702
1305032375.033887 -0.751101 -0.319868 0.894093 -0.199052 0.774386 0.103385 0.591605
1305032375.063190 -0.760882 -0.300091 0.888195 -0.188086 0.779784 0.109261 0.587027
1305032375.102173 -0.771203 -0.282475 0.884823 -0.180656 0.785121 0.116097 0.580902
1305032375.133604 -0.776095 -0.268462 0.883889 -0.174229 0.789641 0.120044 0.575917
1305032375.165423 -0.783845 -0.254368 0.881346 -0.170055 0.79331 0.112686 0.573603
1305032375.200434 -0.79226 -0.238699 0.881615 -0.1663 0.798218 0.101551 0.569963
1305032375.233840 -0.798641 -0.224718 0.881501 -0.165129 0.800946 0.0935226 0.567847
1305032375.266195 -0.803557 -0.209116 0.881547 -0.161436 0.803684 0.0851709 0.566351
1305032375.301769 -0.808491 -0.193828 0.883104 -0.157128 0.804772 0.0796618 0.566821
1305032375.333732 -0.812213 -0.177913 0.883669 -0.153987 0.804359 0.0749337 0.568909
1305032375.365885 -0.815867 -0.165439 0.885135 -0.150777 0.804012 0.0682375 0.571098
1305032375.402005 -0.818826 -0.150112 0.886467 -0.14289 0.801678 0.0577322 0.577528
1305032375.434228 -0.824042 -0.140856 0.887609 -0.136725 0.796806 0.0433164 0.586949
1305032375.465844 -0.82764 -0.130986 0.889608 -0.133738 0.792394 0.0328636 0.594246
1305032375.499846 -0.830922 -0.122064 0.889556 -0.12957 0.787889 0.0228834 0.601584
1305032375.532923 -0.832395 -0.113935 0.890374 -0.122453 0.784292 0.0096468 0.608098
1305032375.564754 -0.835896 -0.105196 0.891348 -0.114667 0.780626 0.00206839 0.614374
1305032375.601530 -0.836477 -0.0965631 0.892332 -0.108855 0.777728 -0.00299377 0.619086
1305032375.633994 -0.838152 -0.0866335 0.888715 -0.105874 0.775681 -0.00807933 0.622116
1305032375.665634 -0.841058 -0.0771668 0.886191 -0.099535 0.774918 -0.0136543 0.624012
1305032375.701032 -0.844888 -0.0660683 0.880196 -0.0911035 0.774941 -0.0176271 0.625172
1305032375.733424 -0.847054 -0.056237 0.876385 -0.0853531 0.775685 -0.0191851 0.625014
1305032375.765813 -0.84868 -0.0462174 0.871234 -0.082614 0.775345 -0.0215179 0.625729
1305032375.801369 -0.850496 -0.0345359 0.865373 -0.0792397 0.774612 -0.0251521 0.626938
1305032375.833207 -0.851743 -0.0230598 0.859937 -0.0751967 0.774264 -0.0279047 0.627745
1305032375.871496 -0.853446 -0.0115923 0.854328 -0.0705181 0.774095 -0.0311855 0.628344
1305032375.901646 -0.85754 -0.000376271 0.850584 -0.060303 0.773103 -0.0365625 0.630335
1305032375.933407 -0.862295 0.0113694 0.845986 -0.0465052 0.770645 -0.0425695 0.634127
1305032375.970923 -0.867325 0.0229121 0.841213 -0.0372806 0.768155 -0.0415666 0.637814
1305032375.998893 -0.872079 0.0345372 0.837066 -0.029397 0.765683 -0.0408415 0.641235
1305032376.032870 -0.877734 0.0476707 0.832652 -0.0156395 0.763504 -0.0398013 0.644375
1305032376.071463 -0.885062 0.0595217 0.825388 -0.00405693 0.76301 -0.0347905 0.645426
1305032376.102191 -0.889827 0.0711587 0.820209 0.00137101 0.764566 -0.0307247 0.6438
1305032376.133788 -0.895373 0.0786802 0.816206 0.00823262 0.765106 -0.0283566 0.643217
1305032376.169914 -0.901647 0.0905754 0.809904 0.0170081 0.765757 -0.0256798 0.642381
1305032376.199876 -0.907799 0.100499 0.805647 0.0205613 0.768456 -0.0222586 0.639173
1305032376.230465 -0.909829 0.109097 0.801554 0.0260242 0.770673 -0.019958 0.636375
1305032376.273911 -0.915704 0.119684 0.79924 0.0350085 0.772073 -0.0156401 0.634363
1305032376.301938 -0.915901 0.134341 0.795729 0.0346497 0.774155 -0.0130714 0.631899
1305032376.333881 -0.916673 0.142742 0.795596 0.0369416 0.775418 -0.0105853 0.630264
1305032376.373272 -0.919164 0.151712 0.794339 0.0426765 0.775311 -0.00677326 0.630087
1305032376.401634 -0.918119 0.159317 0.793513 0.0457801 0.776 -0.00769235 0.62901
1305032376.433772 -0.919094 0.166077 0.792187 0.052674 0.776137 -0.00902537 0.628283
1305032376.470927 -0.91958 0.171619 0.791426 0.0622305 0.776514 -0.0120443 0.626891
1305032376.502274 -0.916998 0.178607 0.789612 0.0749566 0.777881 -0.0170209 0.623679
1305032376.534012 -0.917325 0.18497 0.790161 0.0887605 0.778919 -0.0233952 0.620358
1305032376.570435 -0.917808 0.191155 0.791684 0.0997313 0.778413 -0.0294315 0.619068
1305032376.602018 -0.91721 0.196172 0.793555 0.105317 0.777993 -0.036148 0.618313
1305032376.633878 -0.916441 0.202447 0.795222 0.11305 0.777115 -0.042821 0.617627
1305032376.670038 -0.916981 0.210481 0.798379 0.121606 0.775217 -0.0461597 0.618145
1305032376.702106 -0.915743 0.21702 0.800074 0.124137 0.773349 -0.0487484 0.619782
1305032376.734286 -0.912602 0.224365 0.802685 0.127875 0.771325 -0.0510563 0.621355
1305032376.770230 -0.912109 0.23336 0.804808 0.132208 0.768239 -0.0533904 0.62407
1305032376.802346 -0.909441 0.24085 0.807027 0.132814 0.766699 -0.0565308 0.625558
1305032376.833992 -0.906117 0.248741 0.808535 0.135334 0.765671 -0.0596335 0.625989
1305032376.870589 -0.903783 0.256397 0.809663 0.140523 0.763461 -0.062173 0.627293
1305032376.901913 -0.901978 0.263418 0.810758 0.142425 0.762812 -0.0635176 0.62752
1305032376.933692 -0.896835 0.269097 0.810202 0.143555 0.762276 -0.0649783 0.627766
1305032376.970386 -0.893751 0.27544 0.810076 0.147094 0.760386 -0.0689782 0.628812
1305032376.999115 -0.890932 0.2812 0.8096 0.150997 0.759736 -0.0737275 0.62813
1305032377.033983 -0.88843 0.283749 0.808706 0.153603 0.759181 -0.0758587 0.627917
1305032377.070323 -0.884798 0.290262 0.807687 0.157907 0.756614 -0.0788632 0.629575
1305032377.102669 -0.882932 0.293942 0.808509 0.161859 0.754503 -0.0808466 0.630852
1305032377.138244 -0.879696 0.298059 0.807354 0.162726 0.75375 -0.0794682 0.631703
1305032377.170226 -0.877342 0.301829 0.806477 0.163894 0.752482 -0.0772391 0.633187
1305032377.201999 -0.874853 0.306035 0.80596 0.164134 0.751783 -0.0749768 0.634227
1305032377.240571 -0.871907 0.308539 0.806497 0.162729 0.752369 -0.0734403 0.634075
1305032377.270905 -0.869739 0.309597 0.806711 0.166195 0.750921 -0.0730969 0.63493
1305032377.301796 -0.869143 0.308295 0.80734 0.166916 0.749512 -0.0716477 0.63657
1305032377.340942 -0.867788 0.305003 0.807756 0.161897 0.749605 -0.0691398 0.638031
1305032377.370316 -0.864703 0.301831 0.808571 0.159604 0.748423 -0.06763 0.640156
1305032377.401804 -0.865995 0.296061 0.809109 0.157286 0.74701 -0.067089 0.642432
1305032377.439875 -0.865436 0.286365 0.809488 0.149626 0.747568 -0.065255 0.643801
1305032377.472533 -0.864628 0.276161 0.808939 0.144555 0.747182 -0.0645744 0.645474
1305032377.501559 -0.866249 0.262975 0.808761 0.140215 0.746268 -0.0640177 0.647541
1305032377.537201 -0.867216 0.250142 0.806713 0.132413 0.746959 -0.0631033 0.648476
1305032377.569572 -0.866912 0.235304 0.805871 0.12445 0.747156 -0.0617599 0.649953
1305032377.602349 -0.868467 0.220133 0.804202 0.116895 0.745559 -0.0614704 0.653212
1305032377.640524 -0.87018 0.203036 0.800765 0.107932 0.7459 -0.0594694 0.654547
1305032377.669877 -0.869843 0.185525 0.79711 0.0973777 0.746648 -0.0566345 0.6556
1305032377.701705 -0.869566 0.166897 0.793663 0.0872186 0.745798 -0.0559003 0.658057
1305032377.737307 -0.870489 0.149274 0.788173 0.0753769 0.745606 -0.0548731 0.659822
1305032377.769318 -0.869319 0.1295 0.783656 0.0620523 0.746617 -0.0541658 0.660126
1305032377.801678 -0.86965 0.107633 0.778272 0.0519164 0.745923 -0.0537509 0.661817
1305032377.837451 -0.870088 0.0891138 0.770979 0.0413619 0.745518 -0.0519745 0.663156
1305032377.869348 -0.86739 0.07072 0.764931 0.0278622 0.745917 -0.0502569 0.663545
1305032377.901238 -0.864711 0.0494408 0.759269 0.0135647 0.744631 -0.0489777 0.665528
1305032377.940265 -0.862406 0.0314194 0.752294 0.000909872 0.742801 -0.0465976 0.667878
1305032377.969308 -0.859038 0.0116805 0.745708 -0.0132789 0.741655 -0.0427713 0.669275
1305032378.001243 -0.854252 -0.0106024 0.741622 -0.028278 0.74009 -0.039668 0.670731
1305032378.040183 -0.852089 -0.0298868 0.735893 -0.0428494 0.737222 -0.0389489 0.673155
1305032378.068725 -0.848298 -0.048171 0.728307 -0.0578454 0.734902 -0.0358045 0.674744
1305032378.101420 -0.842012 -0.0657275 0.723199 -0.0717717 0.733615 -0.0321304 0.674991
1305032378.139924 -0.834852 -0.0860869 0.717726 -0.0809948 0.732295 -0.0306626 0.675448
1305032378.169193 -0.829637 -0.104287 0.712341 -0.0884557 0.729124 -0.0275281 0.678073
1305032378.202266 -0.823443 -0.121171 0.70744 -0.0995906 0.724774 -0.0252875 0.681274
1305032378.237421 -0.820296 -0.138475 0.699743 -0.111616 0.719299 -0.0230583 0.685278
1305032378.269616 -0.812269 -0.153045 0.695243 -0.124604 0.712792 -0.0186599 0.689957
1305032378.306182 -0.801602 -0.167217 0.692942 -0.136942 0.704335 -0.0161601 0.696339
1305032378.340777 -0.79537 -0.183235 0.686511 -0.149691 0.693677 -0.0141633 0.704409
1305032378.367690 -0.791766 -0.198247 0.678405 -0.168526 0.683351 -0.011609 0.710273
1305032378.406284 -0.784373 -0.212782 0.670555 -0.185857 0.674359 -0.00101531 0.714622
1305032378.438513 -0.775732 -0.229276 0.664067 -0.200688 0.66541 0.00898218 0.718933
1305032378.470434 -0.769675 -0.248239 0.656592 -0.216432 0.656136 0.0159685 0.722758
1305032378.504807 -0.760014 -0.268225 0.651336 -0.234882 0.647304 0.0207934 0.724836
1305032378.539167 -0.750964 -0.287783 0.647368 -0.250522 0.636751 0.0187834 0.728989
1305032378.570470 -0.742141 -0.309331 0.642905 -0.268082 0.624836 0.014801 0.733133
1305032378.607040 -0.735549 -0.330666 0.640102 -0.286371 0.61518 0.0141756 0.734394
1305032378.640593 -0.727705 -0.350811 0.63744 -0.304143 0.606033 0.0174423 0.734785
1305032378.674045 -0.71881 -0.373216 0.635647 -0.323431 0.598223 0.022024 0.732823
1305032378.708133 -0.705268 -0.398729 0.637734 -0.339638 0.592836 0.0249532 0.729768
1305032378.741855 -0.693772 -0.419078 0.641634 -0.346243 0.589595 0.0263933 0.729239
1305032378.774289 -0.684315 -0.439964 0.644865 -0.34915 0.586842 0.0309119 0.729895
1305032378.811244 -0.671095 -0.458161 0.648418 -0.349539 0.58408 0.0334677 0.731808
1305032378.840101 -0.662892 -0.476287 0.652026 -0.348769 0.581526 0.0341795 0.734174
1305032378.871857 -0.651825 -0.488534 0.657187 -0.350863 0.577533 0.0348296 0.736294
1305032378.907789 -0.640418 -0.500048 0.663952 -0.352794 0.569774 0.0310647 0.741566
1305032378.938846 -0.632418 -0.510112 0.668831 -0.357773 0.556567 0.0200211 0.749549
1305032378.971348 -0.622354 -0.518312 0.672563 -0.367437 0.540886 0.00500438 0.756571
1305032379.007038 -0.61287 -0.528148 0.675926 -0.378243 0.525854 -0.0115249 0.761754
1305032379.038668 -0.605722 -0.534389 0.675268 -0.387052 0.51539 -0.0222891 0.764238
1305032379.071271 -0.594452 -0.538443 0.676024 -0.397727 0.508637 -0.0230641 0.763258
1305032379.106727 -0.581184 -0.547101 0.676958 -0.40157 0.505412 -0.0172369 0.763542
1305032379.138937 -0.569035 -0.55404 0.677197 -0.402589 0.504821 -0.00634956 0.763565
1305032379.170930 -0.55632 -0.564841 0.674642 -0.403987 0.505916 0.00850106 0.762079
1305032379.206680 -0.542579 -0.576035 0.676101 -0.408111 0.508415 0.0218437 0.757942
1305032379.238614 -0.526511 -0.590216 0.682084 -0.410081 0.509851 0.0302621 0.755622
1305032379.271270 -0.514391 -0.602301 0.685936 -0.408084 0.510699 0.0346095 0.755943
1305032379.310742 -0.500921 -0.615624 0.692297 -0.406681 0.508593 0.0370916 0.757997
1305032379.342450 -0.486964 -0.62781 0.698081 -0.405777 0.500823 0.0311594 0.763901
1305032379.373747 -0.473406 -0.641424 0.70308 -0.407145 0.490773 0.017199 0.770112
1305032379.406812 -0.468114 -0.651652 0.708315 -0.410847 0.483367 0.00281367 0.773011
1305032379.440732 -0.458042 -0.660159 0.713695 -0.417172 0.477045 -0.00705657 0.773524
1305032379.472994 -0.448816 -0.668731 0.720818 -0.423387 0.470123 -0.0166282 0.774239
1305032379.507528 -0.442695 -0.67002 0.731992 -0.425222 0.463043 -0.0289537 0.777131
1305032379.539852 -0.437542 -0.670341 0.742752 -0.421957 0.450582 -0.0425734 0.785564
1305032379.575545 -0.432221 -0.679071 0.747722 -0.417502 0.435875 -0.050699 0.795694
1305032379.607089 -0.429961 -0.683475 0.749903 -0.412666 0.42721 -0.0530659 0.802732
1305032379.641416 -0.427222 -0.683607 0.749101 -0.409732 0.420618 -0.0532566 0.807688
1305032379.676703 -0.424432 -0.689276 0.743756 -0.40778 0.416031 -0.0550545 0.810924
1305032379.707878 -0.423306 -0.694391 0.738325 -0.410451 0.411687 -0.0613471 0.811343
1305032379.738599 -0.423256 -0.697202 0.729206 -0.413589 0.406676 -0.0723712 0.811367
1305032379.775239 -0.425414 -0.699782 0.711787 -0.415755 0.40554 -0.0808556 0.810026
1305032379.807815 -0.427349 -0.702035 0.699148 -0.422559 0.409475 -0.0824331 0.804347
1305032379.839500 -0.428197 -0.702116 0.683249 -0.428544 0.413175 -0.0798418 0.799536
1305032379.875565 -0.42842 -0.702988 0.674645 -0.435468 0.415125 -0.0778687 0.794965
1305032379.903833 -0.427417 -0.704777 0.661631 -0.440176 0.41659 -0.0744978 0.791923
1305032379.940009 -0.426203 -0.70598 0.652043 -0.445496 0.418143 -0.0725202 0.788305
1305032379.976659 -0.425319 -0.704499 0.644209 -0.448891 0.420972 -0.0732518 0.784798
1305032380.007756 -0.427882 -0.702009 0.633652 -0.451877 0.425317 -0.073489 0.780708
1305032380.040494 -0.431411 -0.701208 0.623541 -0.45591 0.427119 -0.0733224 0.777389
1305032380.076762 -0.433159 -0.698133 0.615936 -0.457316 0.428785 -0.0727808 0.775695
1305032380.107291 -0.436125 -0.693188 0.609883 -0.458057 0.428372 -0.0716831 0.775587
1305032380.140050 -0.439119 -0.6867 0.606076 -0.458209 0.425147 -0.0715554 0.777283
1305032380.176572 -0.441847 -0.682192 0.604248 -0.456698 0.41938 -0.0739782 0.781069
1305032380.207110 -0.444441 -0.677653 0.601206 -0.452333 0.411824 -0.079714 0.787042
1305032380.239460 -0.446588 -0.672402 0.594793 -0.446784 0.406297 -0.083726 0.792649
1305032380.276664 -0.449702 -0.665841 0.590188 -0.439637 0.4042 -0.0845832 0.79761
1305032380.307734 -0.453753 -0.655418 0.582125 -0.429695 0.403665 -0.0772359 0.804019
1305032380.339866 -0.455597 -0.645933 0.572801 -0.421909 0.40331 -0.0634646 0.809507
1305032380.375602 -0.455904 -0.637341 0.571243 -0.413394 0.404434 -0.0505249 0.814236
1305032380.407488 -0.459159 -0.623875 0.568701 -0.398273 0.404529 -0.0399822 0.822273
1305032380.439180 -0.463473 -0.608293 0.558971 -0.382793 0.4009 -0.0286644 0.831819
1305032380.473087 -0.462171 -0.598665 0.555258 -0.370566 0.395519 -0.0223052 0.840086
1305032380.507283 -0.46493 -0.583588 0.543659 -0.348038 0.391845 -0.0218919 0.851378
1305032380.539774 -0.472185 -0.563485 0.52081 -0.335059 0.389872 -0.0187203 0.857544
1305032380.576395 -0.472303 -0.543521 0.511357 -0.336247 0.390566 -0.0173883 0.856791
1305032380.609316 -0.471067 -0.524054 0.502771 -0.333242 0.39428 -0.0204258 0.856197
1305032380.639507 -0.473436 -0.503807 0.491552 -0.329724 0.399467 -0.0250497 0.85503
1305032380.675545 -0.470695 -0.486155 0.493023 -0.325612 0.402217 -0.0325005 0.855066
1305032380.707658 -0.470468 -0.465189 0.483862 -0.311256 0.400936 -0.0432349 0.860522
1305032380.739529 -0.470368 -0.445804 0.47585 -0.298277 0.399519 -0.0527453 0.865234
1305032380.776434 -0.471058 -0.42625 0.467007 -0.280131 0.397805 -0.0572705 0.871777
1305032380.803780 -0.471465 -0.399358 0.449394 -0.270354 0.396792 -0.054035 0.875524
1305032380.843621 -0.467881 -0.384506 0.443581 -0.269784 0.399023 -0.0502571 0.87491
1305032380.876451 -0.466431 -0.369481 0.436437 -0.258912 0.40058 -0.048988 0.877552
1305032380.906774 -0.465633 -0.351157 0.421555 -0.245981 0.401592 -0.0481885 0.880848
1305032380.944580 -0.464606 -0.336382 0.408723 -0.235854 0.407325 -0.0458305 0.881111
1305032380.976235 -0.464235 -0.320935 0.396181 -0.222054 0.416971 -0.0425161 0.880351
1305032381.010534 -0.464561 -0.306176 0.381756 -0.210544 0.426999 -0.0391439 0.878526
1305032381.043413 -0.469389 -0.287254 0.365098 -0.199943 0.437403 -0.035684 0.876028
1305032381.075126 -0.474786 -0.271574 0.352985 -0.19079 0.447501 -0.0277168 0.873253
1305032381.107139 -0.479329 -0.255864 0.341118 -0.182967 0.455766 -0.0184125 0.870895
1305032381.143098 -0.485341 -0.23955 0.329606 -0.176851 0.464995 -0.00428645 0.867457
1305032381.175951 -0.490706 -0.226797 0.322415 -0.170962 0.475172 0.0122906 0.863035
1305032381.206840 -0.500273 -0.212461 0.315437 -0.164842 0.484661 0.0308201 0.858474
1305032381.244183 -0.510243 -0.201015 0.310172 -0.162966 0.489501 0.0454368 0.855431
1305032381.275997 -0.518574 -0.19214 0.307422 -0.16221 0.493585 0.05071 0.852928
1305032381.309728 -0.528065 -0.184672 0.305777 -0.156808 0.500258 0.057197 0.849634
1305032381.341217 -0.539226 -0.178207 0.299777 -0.146948 0.504721 0.0668505 0.84805
1305032381.373199 -0.549477 -0.173248 0.292084 -0.140924 0.509289 0.0753667 0.845624
1305032381.408681 -0.560122 -0.170405 0.280217 -0.137712 0.515637 0.0805113 0.841824
1305032381.444067 -0.568992 -0.167162 0.268458 -0.134493 0.524637 0.0869365 0.836125
1305032381.474756 -0.577053 -0.169262 0.258471 -0.130617 0.535988 0.0908894 0.82909
1305032381.508685 -0.586477 -0.170682 0.248202 -0.123863 0.551521 0.0932747 0.81962
1305032381.545353 -0.59389 -0.171441 0.237961 -0.117754 0.564814 0.094806 0.811249
1305032381.576827 -0.602152 -0.175898 0.232632 -0.110826 0.575452 0.0897575 0.805301
1305032381.608397 -0.611453 -0.177948 0.223362 -0.100676 0.585702 0.0881507 0.799401
1305032381.644906 -0.617359 -0.181103 0.221582 -0.0929948 0.595507 0.0904156 0.792806
1305032381.675936 -0.625059 -0.184575 0.214099 -0.0824391 0.603451 0.0888211 0.788134
1305032381.707240 -0.630646 -0.186839 0.213235 -0.0710132 0.610269 0.0842587 0.784489
1305032381.744570 -0.639401 -0.189647 0.204351 -0.0593949 0.610873 0.0813305 0.785293
1305032381.776694 -0.643001 -0.190941 0.198241 -0.0512897 0.6113 0.0788778 0.785782
1305032381.810015 -0.643465 -0.197472 0.193268 -0.0422312 0.610234 0.0766417 0.787369
1305032381.843860 -0.6428 -0.202087 0.186937 -0.026542 0.609464 0.0745322 0.788852
1305032381.876540 -0.643378 -0.205618 0.17772 -0.0120662 0.608854 0.0767607 0.789463
1305032381.907470 -0.639758 -0.214095 0.16731 0.000229965 0.610894 0.0770506 0.787949
1305032381.943636 -0.635274 -0.218779 0.158836 0.0153273 0.614291 0.0702381 0.785793
1305032381.975700 -0.633963 -0.221463 0.14781 0.0310369 0.615616 0.062871 0.784917
1305032382.007016 -0.639242 -0.224718 0.137573 0.0417173 0.619819 0.0570794 0.78155
1305032382.043778 -0.634839 -0.224848 0.127296 0.0533636 0.623657 0.0549063 0.777935
1305032382.076551 -0.633533 -0.228278 0.118417 0.0645735 0.627619 0.0549852 0.773882
1305032382.112595 -0.625377 -0.226436 0.106389 0.0759002 0.629387 0.0568085 0.771282
1305032382.142801 -0.629115 -0.2281 0.101536 0.0803551 0.633021 0.0580535 0.767756
1305032382.175194 -0.631011 -0.225639 0.0941357 0.0812131 0.635067 0.061998 0.765665
1305032382.212343 -0.623703 -0.225496 0.0837408 0.0777797 0.634404 0.0700621 0.765875
1305032382.244823 -0.620888 -0.227404 0.0747568 0.0707188 0.633799 0.0750439 0.766589
1305032382.275045 -0.617787 -0.223137 0.0711439 0.0586709 0.632171 0.0784892 0.768602
1305032382.311569 -0.602908 -0.232357 0.0635748 0.0436934 0.626892 0.0848247 0.773237
1305032382.343035 -0.59287 -0.233914 0.0593202 0.0290356 0.620022 0.0867171 0.779232
1305032382.375765 -0.582342 -0.242014 0.0532826 0.00798722 0.610255 0.0887537 0.787173
1305032382.411673 -0.566464 -0.245425 0.0513549 -0.0110686 0.599342 0.0915394 0.795161
1305032382.445108 -0.549081 -0.243404 0.0486286 -0.0306492 0.585859 0.0963863 0.804074
1305032382.476983 -0.524908 -0.25017 0.0470499 -0.0518519 0.57118 0.102749 0.812713
1305032382.512630 -0.501314 -0.255127 0.0440755 -0.0727512 0.554763 0.105471 0.82208
1305032382.545000 -0.47722 -0.257088 0.0484355 -0.0972624 0.536492 0.107249 0.83139
1305032382.577082 -0.445751 -0.269845 0.0462377 -0.116356 0.517734 0.105843 0.840956
1305032382.614372 -0.422532 -0.27593 0.0508382 -0.132252 0.502239 0.103159 0.848304
1305032382.644837 -0.392674 -0.286023 0.0589872 -0.15447 0.482795 0.105673 0.855498
1305032382.675979 -0.360862 -0.301398 0.0699114 -0.172128 0.462984 0.103472 0.863312
1305032382.713425 -0.327714 -0.325438 0.0764295 -0.186434 0.446508 0.0980759 0.869627
1305032382.744674 -0.302475 -0.339945 0.0872561 -0.195952 0.433741 0.0889545 0.87496
1305032382.776770 -0.276301 -0.358993 0.0982919 -0.212766 0.417295 0.0763741 0.880204
1305032382.812185 -0.251488 -0.3801 0.11437 -0.223707 0.403568 0.0598239 0.885159
1305032382.844824 -0.231981 -0.399329 0.128279 -0.231612 0.390092 0.0471657 0.88992
1305032382.875189 -0.213849 -0.421674 0.145026 -0.24349 0.374579 0.0364233 0.89391
1305032382.913733 -0.195354 -0.442447 0.167928 -0.251752 0.356215 0.0246222 0.899513
1305032382.943823 -0.180847 -0.463451 0.188936 -0.255529 0.336318 0.01426 0.906306
1305032382.975989 -0.16658 -0.485668 0.197866 -0.258812 0.315339 0.00951408 0.912954
1305032383.012820 -0.15522 -0.504257 0.210659 -0.264017 0.296467 0.00807608 0.917788
1305032383.044130 -0.143643 -0.522066 0.222364 -0.271813 0.276883 0.00711715 0.92163
1305032383.077761 -0.131255 -0.53924 0.233375 -0.277481 0.25989 0.00487348 0.924898
1305032383.113060 -0.117812 -0.550579 0.249065 -0.280534 0.244357 0.00148706 0.928217
1305032383.144756 -0.112864 -0.557555 0.261939 -0.277467 0.230421 -0.00381704 0.932686
1305032383.177793 -0.10771 -0.562104 0.261059 -0.281138 0.214466 -0.00421541 0.935386
1305032383.213287 -0.0995593 -0.574923 0.264601 -0.295884 0.196471 -0.0107723 0.934737
1305032383.243505 -0.0912591 -0.582676 0.271554 -0.309456 0.183938 -0.0225852 0.93268
1305032383.279376 -0.086233 -0.58763 0.281899 -0.319208 0.173522 -0.0346928 0.931016
1305032383.311447 -0.0843763 -0.586767 0.290748 -0.321684 0.16157 -0.044712 0.931887
1305032383.341434 -0.0801322 -0.598082 0.297595 -0.322717 0.144801 -0.0510319 0.93396
1305032383.379477 -0.0761381 -0.608513 0.29649 -0.322133 0.12738 -0.0565545 0.936379
1305032383.411502 -0.0691394 -0.616598 0.301661 -0.323155 0.110713 -0.0624626 0.937769
1305032383.443669 -0.0654792 -0.62303 0.304981 -0.322921 0.0966659 -0.0700261 0.938868
1305032383.479196 -0.061165 -0.629452 0.305349 -0.32434 0.0828754 -0.0763961 0.9392
1305032383.511381 -0.055936 -0.64139 0.304509 -0.325861 0.0717823 -0.0839729 0.938941
1305032383.544691 -0.052 -0.652248 0.297619 -0.329258 0.0648562 -0.0883636 0.937856
1305032383.579562 -0.0540751 -0.659284 0.306126 -0.330256 0.0569014 -0.0954615 0.937326
1305032383.613124 -0.0543747 -0.666555 0.303383 -0.322933 0.0470902 -0.0945736 0.940506
1305032383.644735 -0.0533349 -0.668844 0.298978 -0.321486 0.0364495 -0.0879315 0.942117
1305032383.679654 -0.0552851 -0.675776 0.298212 -0.322605 0.0222307 -0.0875838 0.94221
1305032383.712037 -0.0588436 -0.682161 0.29408 -0.323569 0.00703298 -0.0913207 0.941761
1305032383.742653 -0.060111 -0.686271 0.29013 -0.329023 -0.00744453 -0.0940505 0.939597
1305032383.778285 -0.0622269 -0.691192 0.294215 -0.337269 -0.0203116 -0.096674 0.936211
1305032383.812039 -0.0643146 -0.694898 0.295227 -0.341735 -0.0314869 -0.0989798 0.934038
1305032383.843925 -0.0673736 -0.694557 0.299283 -0.343576 -0.0428353 -0.101494 0.932641
1305032383.878906 -0.0676489 -0.693052 0.2975 -0.344283 -0.0529392 -0.102941 0.931702
1305032383.911427 -0.0654037 -0.696451 0.297419 -0.346702 -0.0606603 -0.102337 0.9304
1305032383.943289 -0.0642156 -0.693519 0.298764 -0.346968 -0.0645547 -0.101153 0.930168
1305032383.979220 -0.0636456 -0.691145 0.294468 -0.347655 -0.0658728 -0.0970618 0.930255
1305032384.011402 -0.0598228 -0.686371 0.29481 -0.349647 -0.0672011 -0.0903054 0.930094
1305032384.042763 -0.057076 -0.683898 0.295822 -0.350952 -0.067518 -0.0834676 0.930218
1305032384.079025 -0.0532527 -0.681533 0.292768 -0.351225 -0.0680974 -0.0760759 0.930707
1305032384.112211 -0.0499971 -0.678405 0.293314 -0.352083 -0.0696403 -0.0716315 0.930621
1305032384.143402 -0.046799 -0.676577 0.292196 -0.351407 -0.0711775 -0.0661828 0.931164
1305032384.179113 -0.0420997 -0.674047 0.292185 -0.349743 -0.0722955 -0.0597861 0.932136
1305032384.211262 -0.038679 -0.671572 0.294017 -0.346942 -0.0720453 -0.0558849 0.933443
1305032384.241759 -0.0368903 -0.667937 0.292833 -0.341997 -0.0728716 -0.0537546 0.935327
1305032384.278407 -0.0348217 -0.669711 0.292252 -0.338802 -0.0739366 -0.0517342 0.93652
1305032384.308313 -0.0337804 -0.665502 0.295766 -0.331018 -0.0747665 -0.048567 0.939403
1305032384.341175 -0.0309132 -0.6629 0.291343 -0.321387 -0.077433 -0.0440884 0.942746
1305032384.375647 -0.0245488 -0.65719 0.285144 -0.314015 -0.079828 -0.0393173 0.945238
1305032384.411880 -0.0194633 -0.647865 0.282172 -0.310328 -0.0801378 -0.0378609 0.946488
1305032384.444075 -0.0151277 -0.636865 0.279322 -0.307508 -0.0812261 -0.0396907 0.947241
1305032384.479096 -0.0110155 -0.627371 0.275061 -0.305381 -0.0844766 -0.0444079 0.947435
1305032384.512157 -0.00764085 -0.615873 0.26986 -0.30395 -0.087276 -0.0482732 0.947453
1305032384.544929 -0.0038055 -0.603298 0.267648 -0.303247 -0.088589 -0.0486973 0.947534
1305032384.580765 0.000789374 -0.588479 0.260495 -0.301169 -0.0911809 -0.0493536 0.947917
1305032384.613105 0.00545238 -0.574139 0.256056 -0.302293 -0.0932046 -0.0495012 0.947354
1305032384.647706 0.00984664 -0.562561 0.25488 -0.3019 -0.0929642 -0.0472418 0.947619
1305032384.679303 0.0137552 -0.548949 0.248375 -0.29859 -0.0916371 -0.0401119 0.949124
1305032384.712109 0.0189595 -0.53487 0.242845 -0.295524 -0.0926781 -0.0306505 0.950335
1305032384.746434 0.0273078 -0.520969 0.240145 -0.290659 -0.0940926 -0.0211264 0.951954
1305032384.778315 0.032732 -0.508249 0.236002 -0.282001 -0.0919793 -0.0125196 0.954913
1305032384.811269 0.0396838 -0.496017 0.230134 -0.271256 -0.0927448 -0.00503964 0.958015
1305032384.846699 0.0471578 -0.484372 0.224177 -0.255622 -0.095287 0.000279022 0.962069
1305032384.879179 0.0543078 -0.470556 0.216169 -0.237598 -0.0972982 0.00460426 0.966467
1305032384.911051 0.0626486 -0.455963 0.207434 -0.220731 -0.0994812 0.00924311 0.970204
1305032384.947623 0.0701478 -0.442143 0.19909 -0.205814 -0.0993776 0.0129403 0.973446
1305032384.979039 0.0791645 -0.42618 0.189823 -0.190817 -0.0985946 0.0183469 0.976489
1305032385.011611 0.0901427 -0.410403 0.17956 -0.177285 -0.0970547 0.0222817 0.979109
1305032385.047788 0.0989007 -0.398206 0.169743 -0.165798 -0.0934995 0.0258782 0.981376
1305032385.079238 0.108039 -0.379422 0.160123 -0.152283 -0.0923902 0.0323601 0.983477
1305032385.110028 0.118573 -0.362634 0.150123 -0.143824 -0.0901388 0.0367613 0.984804
1305032385.147955 0.127561 -0.349128 0.14237 -0.136452 -0.0857071 0.0412272 0.986071
1305032385.180315 0.137251 -0.333571 0.132201 -0.126523 -0.0820154 0.0453303 0.987527
1305032385.212521 0.148214 -0.318077 0.126518 -0.121351 -0.0772804 0.0502528 0.98832
1305032385.247861 0.155716 -0.304123 0.121543 -0.1135 -0.074338 0.053061 0.989331
1305032385.279278 0.167594 -0.288634 0.114485 -0.102288 -0.0718906 0.0523038 0.990774
1305032385.313088 0.174349 -0.271077 0.108174 -0.0939519 -0.0673515 0.0482595 0.992123
1305032385.347825 0.182547 -0.25554 0.102179 -0.0874227 -0.0649276 0.0425522 0.993142
1305032385.379172 0.188192 -0.239616 0.100796 -0.0802473 -0.0633562 0.0389276 0.993997
1305032385.411331 0.194374 -0.226292 0.09586 -0.0696481 -0.0649152 0.0321705 0.994937
1305032385.446560 0.198816 -0.208421 0.0930102 -0.0585525 -0.0655795 0.0249016 0.995817
1305032385.478895 0.202371 -0.195852 0.0897018 -0.0517978 -0.0677441 0.0192509 0.996171
1305032385.512276 0.206063 -0.186581 0.0864533 -0.0409254 -0.0719575 0.0127505 0.996486
1305032385.546621 0.209746 -0.172041 0.0833356 -0.0252143 -0.0765198 0.0105784 0.996693
1305032385.579100 0.209576 -0.15333 0.0845813 -0.015171 -0.081881 0.00843275 0.996491
1305032385.611944 0.212625 -0.135309 0.0824622 -0.01301 -0.0865487 0.00814086 0.996129
1305032385.647972 0.212608 -0.11941 0.0842033 -0.0138074 -0.0896775 0.00958259 0.995829
1305032385.677687 0.215826 -0.104736 0.0820266 -0.0110528 -0.0969905 0.0144466 0.995119
1305032385.708060 0.217884 -0.0881633 0.0814117 -0.0090241 -0.103373 0.0209555 0.994381
1305032385.743325 0.219154 -0.0734356 0.0823433 -0.011007 -0.10915 0.0281553 0.993566
1305032385.779209 0.221876 -0.0592016 0.0849113 -0.00976891 -0.114989 0.0370438 0.992628
1305032385.816091 0.228046 -0.0438199 0.0849509 -0.00970166 -0.116697 0.0502285 0.991849
1305032385.846913 0.230968 -0.0317769 0.0867314 -0.0114001 -0.11521 0.0632336 0.991261
1305032385.879571 0.233055 -0.0212952 0.0883809 -0.00391493 -0.11322 0.0765257 0.990611
1305032385.915659 0.236524 -0.00814773 0.0891478 0.00384291 -0.112703 0.0929087 0.989268
1305032385.943376 0.240468 0.00420849 0.0915484 0.0053491 -0.112898 0.104041 0.98813
1305032385.980099 0.242924 0.0140737 0.096059 0.00968706 -0.111671 0.110118 0.987578
1305032386.014821 0.24552 0.0242915 0.100012 0.0153876 -0.110078 0.115146 0.987111
1305032386.048023 0.250143 0.032667 0.103804 0.020062 -0.108536 0.12444 0.986069
1305032386.080071 0.251925 0.0438942 0.108469 0.0212535 -0.105858 0.134328 0.985037
1305032386.115561 0.252395 0.0536137 0.111504 0.0225508 -0.105652 0.144223 0.98363
1305032386.148299 0.253597 0.0620992 0.115539 0.0250257 -0.111641 0.150575 0.981956
1305032386.179328 0.254999 0.0716272 0.119277 0.0230543 -0.118705 0.15444 0.980574
1305032386.215559 0.255692 0.0790954 0.126383 0.0179661 -0.127815 0.158543 0.978879
1305032386.243605 0.257173 0.0855209 0.132318 0.0135958 -0.138839 0.162138 0.976857
1305032386.278957 0.258537 0.0909103 0.137605 0.00818525 -0.151451 0.162581 0.974968
1305032386.315386 0.262026 0.0973437 0.140899 0.000265043 -0.162949 0.161753 0.973285
1305032386.346831 0.264954 0.101282 0.14521 -0.00602622 -0.174877 0.163431 0.970913
1305032386.379033 0.269579 0.103119 0.146944 -0.015972 -0.187653 0.159686 0.969036
1305032386.415310 0.272721 0.10463 0.150218 -0.0278756 -0.198432 0.152417 0.96779
1305032386.447187 0.276835 0.102842 0.152934 -0.0361101 -0.20991 0.14684 0.965956
1305032386.479658 0.281566 0.0987605 0.156299 -0.0417071 -0.21957 0.137254 0.964992
1305032386.514929 0.285978 0.0943908 0.159469 -0.0484812 -0.229113 0.129853 0.96348
1305032386.547514 0.291535 0.0858085 0.162015 -0.0512422 -0.241843 0.118542 0.961683
1305032386.578838 0.299042 0.0780995 0.164616 -0.0529012 -0.252793 0.107356 0.960089
1305032386.614264 0.305803 0.0679462 0.168905 -0.0575633 -0.262794 0.098613 0.958071
1305032386.646315 0.313525 0.0582465 0.172167 -0.0580018 -0.271951 0.0915871 0.956185
1305032386.678968 0.326118 0.0459137 0.173052 -0.0575743 -0.277653 0.0836745 0.955297
1305032386.714163 0.333992 0.0363732 0.177004 -0.0601807 -0.281854 0.0783524 0.954357
1305032386.746448 0.343504 0.0263551 0.179255 -0.0645527 -0.287386 0.0713013 0.952973
1305032386.778959 0.352347 0.0182108 0.182216 -0.0716705 -0.291914 0.0609401 0.951806
1305032386.814157 0.361195 0.00998096 0.186616 -0.0793265 -0.295425 0.052286 0.95063
1305032386.846480 0.37284 -0.000535072 0.189139 -0.0909591 -0.299595 0.0428571 0.948753
1305032386.878932 0.382223 -0.00762453 0.191135 -0.103681 -0.301736 0.0294992 0.947278
1305032386.915107 0.391189 -0.016952 0.195504 -0.122292 -0.303277 0.0214453 0.944779
1305032386.947042 0.399941 -0.026067 0.199601 -0.138306 -0.306731 0.0128679 0.941606
1305032386.979534 0.40777 -0.0358431 0.204652 -0.157593 -0.308136 0.0012345 0.938198
1305032387.015340 0.418092 -0.0535808 0.215118 -0.188595 -0.309133 -0.00749939 0.932101
1305032387.047204 0.425864 -0.0654846 0.219163 -0.200075 -0.310035 -0.009744 0.929383
1305032387.083123 0.432128 -0.0823777 0.226789 -0.207036 -0.311606 -0.0146816 0.927266
1305032387.115144 0.442912 -0.100606 0.230446 -0.213934 -0.314323 -0.0238858 0.924588
1305032387.146938 0.449272 -0.114713 0.237836 -0.2211 -0.316039 -0.0371186 0.921876
1305032387.183366 0.456575 -0.131171 0.245722 -0.229052 -0.315507 -0.0484309 0.919589
1305032387.211762 0.463487 -0.147408 0.25085 -0.232834 -0.311886 -0.0565234 0.919413
1305032387.243500 0.474512 -0.166933 0.261154 -0.236413 -0.309867 -0.0646911 0.918643
1305032387.283242 0.482575 -0.184417 0.269019 -0.238553 -0.308004 -0.0753745 0.917902
1305032387.315110 0.4898 -0.202203 0.276567 -0.242996 -0.305952 -0.087025 0.916391
1305032387.347681 0.497563 -0.216234 0.283281 -0.25104 -0.303986 -0.0963109 0.913945
1305032387.382764 0.503239 -0.232714 0.29227 -0.25937 -0.302907 -0.105249 0.910987
1305032387.414331 0.508298 -0.249043 0.301005 -0.265299 -0.303369 -0.112446 0.908261
1305032387.443532 0.512882 -0.263889 0.309067 -0.271228 -0.304634 -0.120345 0.905069
1305032387.482745 0.517116 -0.278422 0.317864 -0.277162 -0.305044 -0.127673 0.902124
1305032387.511705 0.520153 -0.292167 0.325576 -0.280107 -0.305944 -0.134423 0.899926
1305032387.543542 0.522036 -0.305204 0.334798 -0.281515 -0.310651 -0.141646 0.896761
1305032387.583132 0.525669 -0.320272 0.342249 -0.283 -0.318096 -0.150198 0.892281
1305032387.614697 0.523739 -0.338427 0.351018 -0.286655 -0.324997 -0.16161 0.886615
1305032387.646620 0.524986 -0.347273 0.360783 -0.287195 -0.33319 -0.170532 0.881715
1305032387.682795 0.525936 -0.359756 0.368176 -0.288053 -0.341737 -0.179079 0.876453
1305032387.715088 0.529939 -0.372832 0.376124 -0.291005 -0.35057 -0.185898 0.87055
1305032387.746770 0.532131 -0.383239 0.384953 -0.296165 -0.357181 -0.191861 0.86481
1305032387.782837 0.535759 -0.393877 0.394049 -0.303772 -0.362642 -0.199015 0.858256
1305032387.815294 0.535522 -0.402104 0.402307 -0.313817 -0.365955 -0.207231 0.851263
1305032387.846872 0.536493 -0.409031 0.411048 -0.323795 -0.368556 -0.210526 0.845576
1305032387.883126 0.538924 -0.419369 0.421203 -0.335861 -0.369628 -0.209051 0.840754
1305032387.914658 0.540597 -0.424055 0.430748 -0.348387 -0.369372 -0.204831 0.836799
1305032387.947098 0.542232 -0.433293 0.442113 -0.360123 -0.370064 -0.203581 0.831815
1305032387.983846 0.542667 -0.441766 0.453156 -0.36609 -0.371737 -0.207984 0.827363
1305032388.015687 0.546341 -0.453075 0.46284 -0.367728 -0.373969 -0.213902 0.824115
1305032388.047380 0.550292 -0.46242 0.47327 -0.367873 -0.376394 -0.221651 0.820892
1305032388.083777 0.551531 -0.470631 0.485277 -0.366506 -0.378715 -0.227935 0.818712
1305032388.115961 0.552176 -0.479667 0.494668 -0.364123 -0.381243 -0.230863 0.817782
1305032388.148173 0.557836 -0.490993 0.506739 -0.359805 -0.387517 -0.232399 0.816307
1305032388.184052 0.560298 -0.504112 0.516346 -0.356566 -0.391816 -0.232432 0.815667
1305032388.212538 0.563459 -0.51328 0.52619 -0.354043 -0.395461 -0.231148 0.815372
1305032388.250425 0.566657 -0.523144 0.535192 -0.353712 -0.398011 -0.22867 0.814973
1305032388.283226 0.567137 -0.531201 0.545093 -0.354544 -0.400344 -0.225655 0.814309
1305032388.315193 0.566563 -0.538702 0.554278 -0.354174 -0.402688 -0.221231 0.814529
1305032388.350541 0.567629 -0.549961 0.566594 -0.354546 -0.405118 -0.214883 0.814861
1305032388.383342 0.568258 -0.557934 0.576714 -0.353454 -0.407556 -0.209566 0.815504
1305032388.414973 0.568059 -0.567727 0.585757 -0.353018 -0.408715 -0.20418 0.816478
1305032388.450875 0.56613 -0.575475 0.594322 -0.35169 -0.40973 -0.200823 0.817375
1305032388.483696 0.564794 -0.583154 0.602816 -0.348638 -0.412158 -0.199437 0.817801
1305032388.515455 0.56029 -0.59084 0.610883 -0.345126 -0.415436 -0.199464 0.817626
1305032388.551418 0.557645 -0.600181 0.617888 -0.341797 -0.420699 -0.200298 0.816128
1305032388.581086 0.551824 -0.607125 0.62434 -0.338452 -0.426256 -0.203345 0.813881
1305032388.615087 0.543412 -0.61684 0.63363 -0.335619 -0.43149 -0.209035 0.810849
1305032388.650929 0.539821 -0.624327 0.639124 -0.332532 -0.43553 -0.214618 0.8085
1305032388.684041 0.535195 -0.628436 0.644985 -0.331517 -0.439413 -0.22315 0.804495
1305032388.713169 0.52827 -0.632787 0.650976 -0.332475 -0.442341 -0.233573 0.799521
1305032388.751435 0.519947 -0.636209 0.657556 -0.334185 -0.444762 -0.242712 0.794729
1305032388.783449 0.511225 -0.640026 0.663273 -0.335625 -0.447543 -0.250478 0.790137
1305032388.814824 0.501398 -0.642584 0.66992 -0.33738 -0.45057 -0.255069 0.786191
1305032388.847513 0.493295 -0.647849 0.677127 -0.338414 -0.454262 -0.257757 0.782738
1305032388.882983 0.487554 -0.652491 0.682978 -0.337776 -0.458482 -0.259762 0.779885
1305032388.914716 0.477146 -0.654282 0.689206 -0.336227 -0.463015 -0.262147 0.777073
1305032388.950492 0.47029 -0.658934 0.695405 -0.334762 -0.467463 -0.263202 0.774682
1305032388.983354 0.463831 -0.660828 0.701922 -0.333153 -0.471689 -0.262589 0.77302
1305032389.015302 0.460068 -0.662914 0.707793 -0.331666 -0.476817 -0.262517 0.770534
1305032389.050498 0.454572 -0.663152 0.714295 -0.32933 -0.482882 -0.264964 0.766912
1305032389.083544 0.450883 -0.66435 0.721702 -0.325061 -0.489506 -0.269452 0.76296
1305032389.114834 0.448632 -0.664156 0.727616 -0.321151 -0.495015 -0.274008 0.759431
1305032389.150563 0.446798 -0.661533 0.733518 -0.318555 -0.499416 -0.278018 0.756178
1305032389.183847 0.443891 -0.663666 0.74192 -0.315119 -0.504426 -0.282375 0.752671
1305032389.215520 0.444732 -0.663014 0.748173 -0.309119 -0.509769 -0.286049 0.750167
1305032389.251042 0.4466 -0.659078 0.751432 -0.303718 -0.515441 -0.289395 0.747208
1305032389.283231 0.448537 -0.658101 0.756901 -0.29948 -0.522478 -0.293128 0.742561
1305032389.315296 0.453248 -0.655454 0.763089 -0.295483 -0.529521 -0.294982 0.738428
1305032389.351461 0.45916 -0.652768 0.769203 -0.293206 -0.534441 -0.29668 0.735104
1305032389.383520 0.464864 -0.647946 0.773867 -0.29282 -0.537638 -0.298277 0.732274
1305032389.415851 0.469766 -0.644101 0.781259 -0.292497 -0.541635 -0.299165 0.729089
1305032389.447191 0.476306 -0.641919 0.785957 -0.289955 -0.54613 -0.299187 0.726737
1305032389.484520 0.487563 -0.637667 0.79166 -0.28802 -0.550742 -0.298839 0.724166
1305032389.519411 0.497522 -0.632624 0.800684 -0.287757 -0.554458 -0.299219 0.721271
1305032389.551432 0.505499 -0.63081 0.806674 -0.286687 -0.556528 -0.301034 0.719346
1305032389.583908 0.515007 -0.62585 0.810819 -0.285132 -0.558969 -0.301165 0.718014
1305032389.619179 0.524903 -0.621076 0.814927 -0.285212 -0.561884 -0.300657 0.715917
1305032389.651751 0.532386 -0.619145 0.820401 -0.285278 -0.564469 -0.299623 0.714289
1305032389.683655 0.540499 -0.619199 0.826602 -0.28381 -0.566621 -0.295996 0.714682
1305032389.719141 0.550936 -0.614961 0.830205 -0.280773 -0.568766 -0.291034 0.716214
1305032389.751256 0.560498 -0.610187 0.834729 -0.27762 -0.571342 -0.287335 0.716887
1305032389.783396 0.566256 -0.604879 0.838548 -0.274102 -0.573066 -0.282087 0.718946
1305032389.815171 0.575342 -0.59931 0.841355 -0.27004 -0.57476 -0.273963 0.722264
1305032389.850251 0.584229 -0.594279 0.844822 -0.26665 -0.576368 -0.266205 0.725138
1305032389.883751 0.590708 -0.586363 0.847094 -0.260776 -0.578562 -0.259825 0.727836
1305032389.915433 0.594635 -0.578792 0.847064 -0.2499 -0.584039 -0.255024 0.728974
1305032389.950745 0.601078 -0.571756 0.845989 -0.23763 -0.591413 -0.249102 0.72918
1305032389.982637 0.607505 -0.563018 0.844785 -0.225733 -0.59987 -0.242328 0.728333
1305032390.019198 0.612517 -0.554143 0.842566 -0.212647 -0.60905 -0.236017 0.726725
1305032390.053174 0.618149 -0.545299 0.842079 -0.201393 -0.61644 -0.229944 0.725645
1305032390.081015 0.622917 -0.533163 0.841159 -0.193904 -0.619796 -0.225463 0.726233
1305032390.118347 0.625995 -0.522848 0.839918 -0.188465 -0.621518 -0.219524 0.72801
1305032390.149354 0.629931 -0.512471 0.838782 -0.18284 -0.62309 -0.211554 0.730456
1305032390.183538 0.635044 -0.50158 0.838272 -0.177674 -0.624217 -0.204506 0.732772
1305032390.219241 0.636062 -0.491409 0.837944 -0.17183 -0.624672 -0.198531 0.735417
1305032390.251134 0.638772 -0.482274 0.837226 -0.164503 -0.62457 -0.189898 0.739448
1305032390.282589 0.642874 -0.471712 0.837107 -0.158919 -0.624364 -0.17913 0.743519
1305032390.314979 0.645503 -0.461459 0.836243 -0.154374 -0.623428 -0.168842 0.747658
1305032390.350267 0.649181 -0.450849 0.835418 -0.15149 -0.622538 -0.15798 0.751354
1305032390.382610 0.650852 -0.440534 0.834742 -0.14887 -0.623303 -0.147556 0.753361
1305032390.415081 0.652366 -0.432513 0.83354 -0.144783 -0.62503 -0.138318 0.754479
1305032390.451519 0.654893 -0.422293 0.833709 -0.140101 -0.626742 -0.12967 0.755477
1305032390.479658 0.658058 -0.411689 0.834139 -0.136632 -0.628097 -0.121967 0.75627
1305032390.514929 0.659109 -0.403458 0.835279 -0.133295 -0.629515 -0.114371 0.756873
1305032390.550339 0.661721 -0.396025 0.837698 -0.128341 -0.630995 -0.106228 0.757683
1305032390.582772 0.663733 -0.385623 0.838685 -0.12358 -0.63182 -0.0970855 0.759013
1305032390.618377 0.664396 -0.378543 0.841701 -0.119801 -0.632374 -0.0883224 0.760226
1305032390.650434 0.666484 -0.37001 0.84547 -0.114783 -0.631743 -0.0795197 0.762494
1305032390.682873 0.672543 -0.35736 0.847528 -0.10931 -0.631304 -0.0720085 0.764406
1305032390.718194 0.676091 -0.344926 0.851449 -0.105837 -0.631984 -0.065756 0.764896
1305032390.750175 0.680033 -0.334056 0.856536 -0.104474 -0.632404 -0.0598143 0.765224
1305032390.786274 0.68322 -0.321333 0.8613 -0.104969 -0.632427 -0.0555402 0.765459
1305032390.818507 0.684961 -0.310121 0.866375 -0.105905 -0.632696 -0.0523221 0.765334
1305032390.850437 0.687578 -0.300036 0.872367 -0.105615 -0.633744 -0.0476897 0.76481
1305032390.886597 0.690428 -0.285688 0.8783 -0.103902 -0.635147 -0.0431965 0.764147
1305032390.918398 0.691606 -0.272859 0.88597 -0.102129 -0.636503 -0.0391935 0.763473
1305032390.950305 0.693086 -0.260018 0.891933 -0.096962 -0.638237 -0.0344053 0.76293
1305032390.987238 0.696574 -0.245554 0.898397 -0.0885978 -0.641391 -0.0273659 0.761586
1305032391.019268 0.702525 -0.231272 0.907052 -0.0824236 -0.645072 -0.0228883 0.759315
1305032391.051279 0.705935 -0.215407 0.915271 -0.0818664 -0.646611 -0.0195701 0.758158
1305032391.087153 0.706343 -0.20162 0.920012 -0.083257 -0.647601 -0.01532 0.757259
1305032391.118251 0.705169 -0.188984 0.9243 -0.0809014 -0.650241 -0.0106358 0.75533
1305032391.150434 0.707915 -0.17803 0.931092 -0.0768557 -0.6534 -0.00648297 0.75307
1305032391.186761 0.708755 -0.164542 0.935799 -0.0755967 -0.654517 -0.00208341 0.752252
1305032391.218382 0.709558 -0.151154 0.939184 -0.0765351 -0.655102 0.00402123 0.751639
1305032391.250262 0.709144 -0.136954 0.942884 -0.076351 -0.656382 0.0107282 0.750475
1305032391.286409 0.71017 -0.124291 0.946339 -0.0765607 -0.657883 0.0153762 0.749057
1305032391.318198 0.711312 -0.107305 0.950619 -0.0776645 -0.659858 0.0211151 0.747063
1305032391.350223 0.712074 -0.095786 0.952972 -0.0799487 -0.661297 0.0270728 0.745356
1305032391.386404 0.711887 -0.0826202 0.954507 -0.0819022 -0.662466 0.0322315 0.743899
1305032391.418275 0.712234 -0.0736608 0.950507 -0.0854605 -0.663792 0.0359369 0.742145
1305032391.450231 0.713521 -0.0633824 0.959073 -0.0891236 -0.66699 0.0401344 0.738624
1305032391.483296 0.71216 -0.0545527 0.961728 -0.0943797 -0.668034 0.0434288 0.736838
1305032391.518579 0.708261 -0.0457325 0.962123 -0.0983519 -0.667433 0.0482681 0.736562
1305032391.548166 0.707989 -0.0365824 0.96262 -0.101324 -0.667505 0.0553591 0.735594
1305032391.584774 0.707833 -0.0289864 0.9617 -0.105172 -0.667846 0.0617562 0.734234
1305032391.617070 0.705939 -0.0173875 0.958315 -0.108793 -0.668139 0.066756 0.733001
1305032391.647210 0.704428 -0.00998201 0.955097 -0.112076 -0.669216 0.0706781 0.731154
1305032391.683817 0.704606 -0.000581802 0.953312 -0.11681 -0.671664 0.0751976 0.727709
1305032391.719489 0.701476 0.00671089 0.949861 -0.121966 -0.673894 0.0753961 0.724775
1305032391.748029 0.695511 0.014229 0.946008 -0.124709 -0.675111 0.0729297 0.723427
1305032391.784539 0.694746 0.0200651 0.943397 -0.12881 -0.674671 0.0737164 0.723039
1305032391.815353 0.692919 0.0256031 0.940227 -0.134875 -0.671719 0.0740604 0.724645
1305032391.850480 0.688387 0.03032 0.935532 -0.13876 -0.667008 0.0735174 0.728309
1305032391.884688 0.686103 0.0353161 0.93108 -0.138649 -0.663159 0.074374 0.73175
1305032391.921342 0.684572 0.0398826 0.926574 -0.139418 -0.660339 0.0751478 0.734071
1305032391.953133 0.679414 0.0440958 0.924156 -0.14016 -0.65941 0.0722732 0.735053
1305032391.983420 0.67423 0.0462962 0.922074 -0.13499 -0.659946 0.0672978 0.736012
