1305031102.160407 0 0 0 0 0 0 1
1305031102.194330 -0.00237894 0.00529931 0.0114951 -0.00143093 -0.00301658 -0.00177126 0.999993
1305031102.226738 -0.0028006 0.00705549 0.0241533 -0.00639239 -0.0064008 -0.00259313 0.999956
1305031102.262886 -0.00426138 0.0089287 0.0360302 -0.0113371 -0.00885847 -0.0025357 0.999893
1305031102.295279 -0.00354564 0.00863947 0.0489853 -0.0161894 -0.0115272 -0.00180294 0.999801
1305031102.329195 -0.00499588 0.00942405 0.0604585 -0.0191191 -0.0128881 -0.000244386 0.999734
1305031102.363013 -0.00578727 0.0104016 0.0724194 -0.0211314 -0.0146826 0.000551846 0.999669
1305031102.394772 -0.00882921 0.0143147 0.0835039 -0.0221004 -0.0161397 0.000126862 0.999625
1305031102.427815 -0.00882681 0.0195955 0.0953265 -0.0250116 -0.0196806 7.68969e-05 0.999493
1305031102.462395 -0.0082579 0.0214818 0.10779 -0.0310963 -0.0226247 -0.000464845 0.99926
1305031102.494271 -0.00809048 0.0213276 0.120565 -0.0373218 -0.0228635 -0.000984146 0.999041
1305031102.526330 -0.0094937 0.0215136 0.132567 -0.0420988 -0.0211727 -0.0028822 0.998885
1305031102.562224 -0.00878563 0.0191098 0.146034 -0.0457064 -0.020027 -0.00454892 0.998744
1305031102.594158 -0.010951 0.0163287 0.157832 -0.045589 -0.0169242 -0.00489912 0.998805
1305031102.626818 -0.0141551 0.0202482 0.168199 -0.0427311 -0.0146891 -0.00379935 0.998971
1305031102.663273 -0.0142404 0.0247049 0.181023 -0.0421237 -0.0158116 -0.00262778 0.998984
1305031102.695165 -0.0144823 0.0256649 0.193908 -0.0434346 -0.0165844 -0.00157381 0.998917
1305031102.728423 -0.0156358 0.0309685 0.206158 -0.0432597 -0.0165623 -0.00026813 0.998927
1305031102.763549 -0.0137562 0.0339473 0.219103 -0.0446054 -0.0162255 -0.000502183 0.998873
1305031102.794978 -0.015234 0.0368029 0.231464 -0.0458087 -0.0129703 -0.00182404 0.998864
1305031102.828537 -0.0154291 0.0383748 0.244785 -0.0475988 -0.009589 -0.00283117 0.998817
1305031102.862808 -0.0179289 0.0404279 0.256788 -0.0477997 -0.00551072 -0.00461309 0.998831
1305031102.894167 -0.0186635 0.0430843 0.268097 -0.0474731 -0.00371526 -0.00633752 0.998846
1305031102.926851 -0.0231552 0.0454508 0.279189 -0.0472685 -0.00177778 -0.00794748 0.998849
1305031102.962137 -0.0277607 0.0485687 0.290072 -0.0475621 -0.00470877 -0.00819968 0.998824
1305031102.994164 -0.0290383 0.0524582 0.300878 -0.0480462 -0.0108955 -0.00633247 0.998766
1305031103.027881 -0.0305336 0.0557428 0.312093 -0.0494378 -0.0163281 -0.00347799 0.998638
1305031103.062273 -0.028655 0.0566623 0.323287 -0.0504153 -0.0210232 -0.00120444 0.998506
1305031103.094040 -0.0287929 0.0618875 0.331426 -0.0486993 -0.0216147 0.000552833 0.998579
1305031103.129109 -0.0287668 0.0656058 0.341123 -0.0489518 -0.0216949 0.00167781 0.998564
1305031103.162795 -0.0294221 0.0699784 0.349291 -0.0494542 -0.0204791 0.00237 0.998564
1305031103.191061 -0.030313 0.0757114 0.357392 -0.0517781 -0.0198005 0.00329738 0.998457
1305031103.227845 -0.0302906 0.0795545 0.365038 -0.057577 -0.0200676 0.00599253 0.998121
1305031103.262576 -0.0344977 0.0821198 0.371587 -0.0653909 -0.0199099 0.00929257 0.997618
1305031103.294208 -0.0344911 0.0782875 0.377871 -0.075004 -0.0268026 0.0113965 0.996758
1305031103.327550 -0.0310359 0.0785596 0.381142 -0.0780527 -0.0339137 0.0116407 0.996304
1305031103.362405 -0.029404 0.0779883 0.382147 -0.0807986 -0.0346825 0.0126794 0.996046
1305031103.394162 -0.0297018 0.0749591 0.382233 -0.0839298 -0.0335951 0.014195 0.995804
1305031103.428437 -0.0309711 0.0708846 0.378895 -0.085737 -0.034215 0.0145731 0.995623
1305031103.463886 -0.0311975 0.0676242 0.375462 -0.0859218 -0.0367573 0.0130714 0.995538
1305031103.494472 -0.0305938 0.062308 0.369661 -0.0854038 -0.0388343 0.0113112 0.995525
1305031103.531502 -0.0301338 0.0567652 0.362322 -0.0827968 -0.0402969 0.00916891 0.995709
1305031103.562651 -0.0315267 0.0532633 0.353517 -0.0786505 -0.0409188 0.00835627 0.996027
1305031103.595310 -0.0316029 0.0490924 0.344065 -0.0757189 -0.0434219 0.00970383 0.996136
1305031103.631376 -0.0317684 0.0442018 0.333396 -0.0735052 -0.0468059 0.0104645 0.996141
1305031103.663594 -0.0296815 0.0396595 0.322525 -0.0712926 -0.0504549 0.011648 0.99611
1305031103.694695 -0.0280821 0.0354942 0.310479 -0.0688333 -0.0521304 0.0117326 0.996196
1305031103.731542 -0.026388 0.0292693 0.298248 -0.067148 -0.0526187 0.0111255 0.996292
1305031103.762865 -0.0256278 0.0252514 0.284523 -0.0642834 -0.0521854 0.00874425 0.996528
1305031103.794329 -0.0255487 0.0239896 0.270621 -0.0622814 -0.0510573 0.00559631 0.996736
1305031103.830367 -0.026178 0.0242451 0.25684 -0.0629781 -0.0503299 0.00289838 0.996741
1305031103.862379 -0.0271414 0.0176732 0.244558 -0.0687291 -0.0518123 -0.000102425 0.996289
1305031103.894237 -0.0270806 0.00927596 0.231248 -0.0717402 -0.0549922 -0.00199343 0.995904
1305031103.930503 -0.0260505 0.00442288 0.216447 -0.070485 -0.0580529 -0.00289928 0.995818
1305031103.962461 -0.0234789 6.32381e-05 0.20293 -0.0686182 -0.060849 -0.00400919 0.995778
1305031103.994365 -0.0198558 -0.00618994 0.189732 -0.0661108 -0.0623111 -0.00455374 0.995854
1305031104.030279 -0.0174446 -0.011175 0.174077 -0.0604413 -0.0604858 -0.00685157 0.996314
1305031104.062542 -0.0148409 -0.0116458 0.158664 -0.0543779 -0.0568741 -0.00932544 0.996856
1305031104.095305 -0.0102308 -0.0159137 0.14641 -0.0514863 -0.0529886 -0.0115036 0.997201
1305031104.131292 -0.0104119 -0.0210593 0.131099 -0.0477111 -0.0466383 -0.0128279 0.997689
1305031104.163440 -0.00962213 -0.0241537 0.11735 -0.0432826 -0.0426919 -0.0135085 0.998059
1305031104.194053 -0.00860435 -0.0288223 0.10413 -0.0397226 -0.0401181 -0.0138257 0.998309
1305031104.227247 -0.00754826 -0.031169 0.0908945 -0.0350112 -0.0378831 -0.0135648 0.998577
1305031104.263335 -0.00645405 -0.0334079 0.0779088 -0.0304745 -0.0356444 -0.0144011 0.998796
1305031104.294957 -0.00482511 -0.035889 0.0657933 -0.0267179 -0.0331426 -0.0148031 0.998984
1305031104.331403 -0.00204469 -0.0362856 0.0541279 -0.022964 -0.0302567 -0.0149709 0.999166
1305031104.363345 -0.00140715 -0.0377468 0.0430057 -0.020791 -0.025828 -0.0151473 0.999335
1305031104.395019 -0.00488485 -0.0372568 0.0319289 -0.0184429 -0.0205578 -0.0152852 0.999502
1305031104.431435 -0.00727068 -0.0376495 0.0214606 -0.0175799 -0.017775 -0.0146678 0.99958
1305031104.463413 -0.0109862 -0.0373774 0.0116514 -0.0171093 -0.0172138 -0.0138409 0.99961
1305031104.495673 -0.0115509 -0.0398475 0.00303933 -0.0169731 -0.0194658 -0.0125451 0.999588
1305031104.531450 -0.0106605 -0.042043 -0.00628597 -0.0149072 -0.0219473 -0.0117148 0.999579
1305031104.563149 -0.00646037 -0.0461276 -0.015391 -0.0118121 -0.0235259 -0.0109166 0.999594
1305031104.595033 -0.000157749 -0.0528892 -0.0233587 -0.00578797 -0.0220643 -0.00922916 0.999697
1305031104.631368 0.000449057 -0.0533778 -0.0345308 0.0055306 -0.0153223 -0.00882256 0.999828
1305031104.659863 0.00428613 -0.0557519 -0.0449032 0.0170144 -0.0083489 -0.00832585 0.999786
1305031104.695185 0.00267453 -0.0572336 -0.0567534 0.0297793 0.000240001 -0.00667049 0.999534
1305031104.730936 0.00401185 -0.056759 -0.067509 0.0436362 0.00722726 -0.00513901 0.999008
1305031104.763178 0.00633962 -0.0562852 -0.0765286 0.0562558 0.0139389 -0.00301926 0.998315
1305031104.799499 0.00845538 -0.0531711 -0.0849593 0.0683017 0.0202456 -0.000884158 0.997459
1305031104.830961 0.00759212 -0.0492776 -0.0918111 0.0782015 0.0272249 0.0015239 0.996565
1305031104.863256 0.00797042 -0.0451316 -0.0975898 0.0851868 0.0313774 0.00440422 0.995861
1305031104.899165 0.00957865 -0.0415998 -0.10049 0.0891423 0.0325661 0.00653329 0.995465
1305031104.931091 0.00906707 -0.0376939 -0.100663 0.091269 0.0336104 0.00774748 0.995229
1305031104.959750 0.0098126 -0.0327291 -0.0979836 0.0917631 0.0330915 0.0084108 0.995195
1305031104.998342 0.0106806 -0.027744 -0.0929825 0.0892439 0.0321408 0.00924397 0.995448
1305031105.030427 0.0107039 -0.0243907 -0.0857552 0.0842892 0.0316151 0.00887481 0.9959
1305031105.062445 0.0104532 -0.0231362 -0.0769132 0.0777779 0.0307387 0.00698985 0.996472
1305031105.097639 0.0075232 -0.0232319 -0.0664361 0.0712996 0.0306104 0.00518586 0.996972
1305031105.130269 0.00287138 -0.0160609 -0.0542344 0.0665971 0.0293639 0.00287057 0.997344
1305031105.159979 0.00251724 -0.00828712 -0.0407138 0.0578418 0.0257622 0.00017378 0.997993
1305031105.198212 -0.00161895 -0.0106964 -0.0272623 0.044423 0.0229115 -0.00262814 0.998747
1305031105.228250 -0.00679048 -0.0101285 -0.0127503 0.0346001 0.0189079 -0.00421863 0.999213
1305031105.262389 -0.010863 -0.00681348 0.000971713 0.0254363 0.01331 -0.00595809 0.99957
1305031105.298501 -0.0151077 -0.00683968 0.0141965 0.0148992 0.00722082 -0.00666647 0.999841
1305031105.328878 -0.0162778 -0.0100109 0.0284765 0.00473398 0.000518061 -0.00652031 0.999967
1305031105.362286 -0.0188134 -0.0107889 0.0423651 -0.000983791 -0.00441037 -0.00644828 0.999969
1305031105.398191 -0.0204982 -0.00602711 0.0564134 -0.00472217 -0.00906104 -0.00672252 0.999925
1305031105.430336 -0.0221659 -0.00622798 0.0707925 -0.0113155 -0.0132596 -0.00787195 0.999817
1305031105.461421 -0.0236449 -0.00576036 0.0840513 -0.0160681 -0.0163763 -0.00780348 0.999706
1305031105.497931 -0.0231587 -0.00308928 0.0980793 -0.019873 -0.0197356 -0.00781993 0.999577
1305031105.529583 -0.024185 -0.00337097 0.1122 -0.0245543 -0.0207711 -0.00736528 0.999456
1305031105.562109 -0.025979 -0.00156904 0.125898 -0.0275991 -0.0212414 -0.00669928 0.999371
1305031105.597193 -0.0250088 -0.00260659 0.14034 -0.0311585 -0.0228439 -0.00630133 0.999234
1305031105.627128 -0.0265642 -0.00117149 0.154516 -0.0324633 -0.0227523 -0.00399414 0.999206
1305031105.659104 -0.0256166 0.0018963 0.167986 -0.0333157 -0.0237705 -0.00203101 0.99916
1305031105.698235 -0.0227657 0.0015307 0.18345 -0.0340916 -0.0232693 -0.00197072 0.999146
1305031105.730336 -0.0227251 0.00571094 0.196589 -0.0319312 -0.0195388 -0.00191675 0.999297
1305031105.762384 -0.0197543 0.00618826 0.211382 -0.0322707 -0.0161561 -0.00169716 0.999347
1305031105.798056 -0.0198013 0.00866139 0.225809 -0.0311607 -0.0109485 -0.00154413 0.999453
1305031105.830008 -0.0178447 0.0106678 0.239979 -0.0298966 -0.00733663 -0.000365406 0.999526
1305031105.862238 -0.0151414 0.016119 0.253422 -0.0281738 -0.0036204 0.0013322 0.999596
1305031105.898018 -0.0146662 0.0211239 0.267251 -0.0290779 0.000791664 0.00470902 0.999566
1305031105.929855 -0.0140393 0.0257188 0.279995 -0.0313601 0.00429911 0.00780713 0.999468
1305031105.966193 -0.0134655 0.0310455 0.292711 -0.0343972 0.0066288 0.00968617 0.999339
1305031105.998271 -0.0118608 0.0357091 0.305374 -0.0382645 0.00824033 0.0113828 0.999169
1305031106.030147 -0.0118117 0.0386012 0.317449 -0.0431657 0.0104046 0.0128539 0.998931
1305031106.066060 -0.0128968 0.042489 0.329289 -0.0473131 0.012025 0.014626 0.998701
1305031106.096295 -0.0155647 0.049992 0.340216 -0.0502813 0.0131249 0.0150522 0.998535
1305031106.130445 -0.016798 0.0531655 0.351419 -0.0566563 0.0123244 0.0165217 0.998181
1305031106.166330 -0.0180428 0.0553909 0.361739 -0.0618888 0.0109431 0.0178464 0.997863
1305031106.195074 -0.0188457 0.0558544 0.371511 -0.0661495 0.0095312 0.0187465 0.997588
1305031106.230058 -0.0206713 0.0583473 0.37944 -0.0671361 0.00875887 0.0209651 0.997485
1305031106.265976 -0.0214481 0.0635039 0.386401 -0.0671193 0.00704008 0.0229643 0.997456
1305031106.298174 -0.0219964 0.0671685 0.39217 -0.0697764 0.0057541 0.0253765 0.997223
1305031106.330215 -0.0229349 0.0725262 0.396529 -0.0733542 0.00480205 0.0270158 0.996928
1305031106.366158 -0.0204314 0.0756387 0.399338 -0.0805961 0.00311855 0.0223168 0.996492
1305031106.398281 -0.0198663 0.0711887 0.402036 -0.0897574 0.00681313 0.0159387 0.995813
1305031106.430639 -0.022799 0.0661309 0.401449 -0.094155 0.0125056 0.0110181 0.995418
1305031106.466046 -0.0243283 0.063498 0.398711 -0.0948167 0.0132756 0.00846256 0.99537
1305031106.498096 -0.0249088 0.0582436 0.393503 -0.0951052 0.0104523 0.00827545 0.995378
1305031106.528267 -0.0241135 0.0545068 0.385537 -0.0929515 0.00605074 0.00750299 0.995624
1305031106.564414 -0.0247015 0.0517903 0.376031 -0.0899535 0.00370336 0.00594177 0.995921
1305031106.597879 -0.0257905 0.0499207 0.365086 -0.0883392 0.00128356 0.00350829 0.996083
1305031106.630776 -0.0260058 0.0440882 0.354135 -0.0894315 -0.00159313 0.000985115 0.995991
1305031106.667282 -0.0281685 0.0410844 0.341522 -0.0878396 -0.00374121 2.74003e-05 0.996128
1305031106.699110 -0.0295487 0.0373764 0.329122 -0.0882626 -0.00822212 -0.000159981 0.996063
1305031106.729550 -0.030125 0.0329374 0.314963 -0.0884395 -0.0143415 -0.000125566 0.995978
1305031106.767126 -0.0290805 0.0285607 0.30011 -0.0878414 -0.0207448 0.000365791 0.995918
1305031106.798309 -0.0288816 0.027289 0.284402 -0.0866919 -0.0252791 -0.000169324 0.995914
1305031106.830652 -0.0281699 0.0198192 0.269891 -0.088746 -0.0294682 -0.00087635 0.995618
1305031106.866893 -0.0260271 0.0147192 0.253682 -0.0855207 -0.0332133 -0.00344672 0.995777
1305031106.897828 -0.0268216 0.0128836 0.235538 -0.0803689 -0.0330323 -0.00801004 0.996185
1305031106.930797 -0.0271219 0.00937076 0.219007 -0.0777988 -0.0319889 -0.0123795 0.996379
1305031106.967232 -0.0263368 0.000445236 0.202259 -0.0750619 -0.0305423 -0.0159071 0.996584
1305031106.998876 -0.0270427 0.000393075 0.182638 -0.0674161 -0.0276361 -0.0195804 0.99715
1305031107.030348 -0.0274908 -0.00194851 0.166187 -0.0648655 -0.0250189 -0.0223222 0.997331
1305031107.066405 -0.0293423 -0.00836167 0.150531 -0.0625967 -0.0230421 -0.0239208 0.997486
1305031107.098268 -0.0288355 -0.0106 0.134005 -0.0575577 -0.0234675 -0.0242162 0.997773
1305031107.130308 -0.0268999 -0.0103568 0.118422 -0.0539105 -0.0236747 -0.0246333 0.997961
1305031107.165964 -0.0259307 -0.0158922 0.104612 -0.0528297 -0.0224906 -0.025644 0.998021
1305031107.198208 -0.0236906 -0.0215351 0.09132 -0.0487303 -0.0209635 -0.026647 0.998236
1305031107.235026 -0.0228282 -0.0227537 0.0764717 -0.0418374 -0.0180463 -0.0278109 0.998574
1305031107.267071 -0.0198996 -0.0260227 0.064267 -0.0364848 -0.0156598 -0.0279837 0.99882
1305031107.299273 -0.018244 -0.0307546 0.051959 -0.0303689 -0.0122584 -0.0284418 0.999059
1305031107.334800 -0.0168678 -0.0354982 0.0394749 -0.0212593 -0.0084003 -0.0289792 0.999319
1305031107.367183 -0.0147715 -0.0330078 0.0277513 -0.0101142 -0.00441678 -0.0289539 0.99952
1305031107.399345 -0.0119646 -0.0330594 0.0181483 -0.00242067 -6.93534e-05 -0.0297238 0.999555
1305031107.434926 -0.00921349 -0.0318759 0.0112746 0.00379687 0.00408955 -0.0296846 0.999544
1305031107.467141 -0.00540967 -0.0312049 0.00655266 0.0079692 0.0077957 -0.0289468 0.999519
1305031107.498426 -0.00345926 -0.0283311 0.00307189 0.0107977 0.0115031 -0.0282927 0.999475
1305031107.534830 0.001277 -0.0264259 0.00261696 0.010227 0.0132869 -0.026959 0.999496
1305031107.567015 0.00395006 -0.0298224 0.00300871 0.00827502 0.0152531 -0.0244793 0.99955
1305031107.598904 0.00642081 -0.0256236 0.00311366 0.00965224 0.0166388 -0.0221899 0.999569
1305031107.634944 0.00858456 -0.022564 0.00403038 0.00832834 0.0176408 -0.0214536 0.99958
1305031107.667179 0.00814897 -0.0217049 0.0062135 0.00634743 0.0188443 -0.020522 0.999592
1305031107.699390 0.00811966 -0.0182976 0.00790043 0.00569101 0.0188643 -0.0195874 0.999614
1305031107.735041 0.00715755 -0.0130303 0.010038 0.0041961 0.0180324 -0.0187199 0.999653
1305031107.767895 0.00581545 -0.0117122 0.0125916 0.00129891 0.016207 -0.0197267 0.999673
1305031107.799544 0.00609737 -0.00992108 0.0147324 -0.000838908 0.0141194 -0.0201024 0.999698
1305031107.835751 0.00775745 -0.00938361 0.0164358 -0.00343315 0.0129788 -0.0202884 0.999704
1305031107.863505 0.0098643 -0.00968973 0.0187034 -0.0049085 0.0135635 -0.0229594 0.999632
1305031107.899222 0.0130157 -0.00985043 0.0207363 -0.00450302 0.0158501 -0.0257898 0.999532
1305031107.933609 0.0176156 -0.0106125 0.0230413 -0.00316549 0.0187653 -0.0268446 0.999458
1305031107.964840 0.0228441 -0.0106577 0.0258068 -0.000857279 0.022634 -0.0267722 0.999385
1305031107.998469 0.0305604 -0.010086 0.028091 0.00268744 0.0269694 -0.0279985 0.99924
1305031108.034824 0.0414394 -0.00773685 0.0305848 0.00622026 0.0322167 -0.0282525 0.999062
1305031108.067271 0.0528169 -0.00954442 0.0334794 0.0073212 0.0400692 -0.0231856 0.998901
1305031108.099365 0.0616713 -0.010133 0.0364021 0.0096031 0.0471192 -0.0214874 0.998612
1305031108.135281 0.0745179 -0.0077952 0.0397658 0.0126018 0.050306 -0.0211407 0.998431
1305031108.167357 0.0857422 -0.00264773 0.0426392 0.0136215 0.053595 -0.0187526 0.998294
1305031108.199225 0.0983691 -0.00208333 0.0463392 0.00984574 0.0548752 -0.0180649 0.998281
1305031108.235213 0.113484 -0.00624143 0.0498278 0.00647225 0.0563771 -0.0195954 0.998196
1305031108.267660 0.125508 -0.00296092 0.0524311 0.00761377 0.0601776 -0.0199777 0.997959
1305031108.299547 0.135399 0.0017509 0.0553043 0.00624489 0.0624658 -0.0183393 0.997859
1305031108.335019 0.145422 0.00498766 0.0595143 0.00178934 0.0617768 -0.0169435 0.997945
1305031108.367285 0.155445 0.00714107 0.0627137 -0.00326203 0.0594342 -0.0128539 0.998144
1305031108.399284 0.167883 0.00812133 0.0664955 -0.00825251 0.0554199 -0.00685796 0.998405
1305031108.435023 0.182573 0.00903491 0.0680609 -0.0127165 0.0521998 -0.000142035 0.998556
1305031108.467680 0.194635 0.00913104 0.0714566 -0.0161339 0.0514313 0.00638708 0.998526
1305031108.503548 0.207679 0.00510925 0.0729638 -0.0178949 0.053115 0.0115139 0.998362
1305031108.534811 0.221336 0.00264431 0.0740493 -0.0154326 0.0590626 0.0123473 0.998059
1305031108.567154 0.230908 0.00847737 0.0752233 -0.00965493 0.065502 0.0108251 0.997747
1305031108.603547 0.244411 0.00895455 0.07568 -0.00905198 0.069899 0.0100712 0.997462
1305031108.634212 0.257138 0.0122706 0.0771811 -0.00808617 0.0754619 0.0113084 0.997052
1305031108.667189 0.273129 0.0170411 0.0764459 -0.00888379 0.0786311 0.014149 0.996764
1305031108.703346 0.285465 0.0158995 0.0780488 -0.0128177 0.0851205 0.018259 0.996121
1305031108.735052 0.293102 0.014822 0.0792594 -0.0154081 0.0913781 0.0206111 0.995484
1305031108.767031 0.303485 0.0167486 0.0789412 -0.0159831 0.0942501 0.0222745 0.995171
1305031108.803370 0.309348 0.0165491 0.080066 -0.0174178 0.0977245 0.0262531 0.994715
1305031108.835163 0.314401 0.0150768 0.0795801 -0.017495 0.0980678 0.0319294 0.994514
1305031108.867534 0.31692 0.0157805 0.0788165 -0.0155328 0.0959516 0.03759 0.994555
1305031108.903540 0.318555 0.011854 0.0765061 -0.0140421 0.0923135 0.0435878 0.994676
1305031108.935116 0.31635 0.0102611 0.0738972 -0.0102327 0.0894556 0.0459746 0.994877
1305031108.967245 0.312909 0.0128375 0.0704363 -0.00535175 0.084629 0.0443463 0.995411
1305031109.003064 0.310616 0.0124071 0.0686541 -0.00493728 0.0801089 0.0423641 0.995873
1305031109.034955 0.303715 0.0118512 0.066531 -0.00467939 0.0793148 0.0409286 0.995998
1305031109.067091 0.29539 0.0169566 0.0646557 -0.00370631 0.0777953 0.0361751 0.996306
1305031109.103294 0.288139 0.0167881 0.0636943 -0.00710007 0.0758717 0.0325688 0.99656
1305031109.134968 0.275699 0.0146028 0.0636965 -0.00935743 0.0748553 0.0304512 0.996685
1305031109.165848 0.262941 0.0173393 0.0610914 -0.00905005 0.0699956 0.027036 0.99714
1305031109.203388 0.254009 0.0272382 0.0618054 -0.00936717 0.0642411 0.0278946 0.9975
1305031109.234324 0.24068 0.026726 0.0620706 -0.0174343 0.061821 0.0321075 0.997418
1305031109.266325 0.225596 0.020177 0.0630714 -0.0236575 0.0595215 0.0367091 0.997271
1305031109.303457 0.206948 0.0224013 0.063075 -0.0217377 0.0542049 0.0387467 0.997541
1305031109.334602 0.191014 0.0274018 0.0599034 -0.0211688 0.0457796 0.03866 0.997979
1305031109.364882 0.182308 0.0264258 0.0591553 -0.0245999 0.0360265 0.0384694 0.998307
1305031109.403386 0.166804 0.0287736 0.0589877 -0.0249041 0.0297352 0.0356692 0.998611
1305031109.434469 0.153375 0.0329003 0.0569737 -0.025973 0.0241562 0.0301609 0.998916
1305031109.467362 0.14022 0.0304959 0.0566961 -0.0302391 0.0214422 0.0258894 0.998977
1305031109.503193 0.125308 0.0284674 0.0553872 -0.031546 0.0200397 0.0220221 0.999059
1305031109.535715 0.111662 0.0287253 0.0530557 -0.0296905 0.0185198 0.0187 0.999213
1305031109.567452 0.0984384 0.0306507 0.050479 -0.028117 0.0178711 0.0176728 0.999289
1305031109.603601 0.0829766 0.0308891 0.049175 -0.028313 0.0176063 0.0158198 0.999319
1305031109.635323 0.0723425 0.0330026 0.0479956 -0.0283875 0.0155538 0.0145386 0.99937
1305031109.667570 0.0570376 0.0358067 0.0465957 -0.0293591 0.0158351 0.0153668 0.999325
1305031109.703265 0.0437215 0.0380306 0.0459034 -0.0314986 0.0137591 0.015395 0.999291
1305031109.735059 0.0304536 0.0402831 0.0462885 -0.0349128 0.0108643 0.0144712 0.999227
1305031109.767470 0.0208836 0.0391524 0.0482146 -0.0391399 0.00795935 0.0151439 0.999087
1305031109.803396 0.00629903 0.041703 0.0493726 -0.0408069 0.0074962 0.014551 0.999033
1305031109.834910 -0.0078614 0.0438727 0.0510337 -0.0433121 0.00586147 0.0136467 0.998951
1305031109.871271 -0.0238005 0.0455844 0.0528417 -0.0463816 0.00384331 0.0124733 0.998839
1305031109.900535 -0.0379014 0.0438734 0.0556241 -0.049168 -0.000897908 0.00853178 0.998754
1305031109.934960 -0.0503634 0.0489382 0.0587185 -0.0494766 -0.0046534 0.00475577 0.998753
1305031109.970213 -0.0662733 0.0515614 0.0620859 -0.0523775 -0.005861 -9.97249e-05 0.99861
1305031109.999657 -0.0805923 0.0519595 0.0658075 -0.0555216 -0.00765809 -0.00613572 0.998409
1305031110.031356 -0.0951676 0.0528497 0.0684144 -0.0578915 -0.00817893 -0.0130914 0.998204
1305031110.068125 -0.10774 0.0549551 0.0720315 -0.0598648 -0.00868097 -0.0184221 0.997999
1305031110.101397 -0.120834 0.0543875 0.0746219 -0.0642954 -0.00974179 -0.0229255 0.99762
1305031110.132317 -0.133957 0.0507255 0.0782129 -0.0676815 -0.0124855 -0.026916 0.997266
1305031110.168323 -0.14673 0.0561719 0.0796234 -0.0676203 -0.0155726 -0.0285341 0.997181
1305031110.203162 -0.15802 0.0541772 0.0813081 -0.071944 -0.0187455 -0.0301067 0.996778
1305031110.234909 -0.169954 0.0522923 0.0831611 -0.0737494 -0.0221521 -0.0303482 0.996569
1305031110.271394 -0.180593 0.0532457 0.0848144 -0.0720636 -0.0256537 -0.0310541 0.996586
1305031110.303648 -0.193004 0.05266 0.0835404 -0.0701605 -0.0283573 -0.032588 0.9966
1305031110.331570 -0.20353 0.0553036 0.083683 -0.0683453 -0.0329466 -0.0339667 0.996539
1305031110.371607 -0.214525 0.0575954 0.0848 -0.0669936 -0.0384624 -0.036267 0.996352
1305031110.403480 -0.230044 0.0618959 0.0818726 -0.0658751 -0.0429604 -0.0397707 0.996109
1305031110.435647 -0.241268 0.0637269 0.0814822 -0.0691511 -0.048768 -0.0429822 0.995486
1305031110.470588 -0.255027 0.0634819 0.0842572 -0.0726014 -0.0547346 -0.0483378 0.994684
1305031110.502539 -0.269557 0.0648433 0.0828103 -0.0732106 -0.0602432 -0.0535213 0.994056
1305031110.534532 -0.280607 0.0697902 0.0831576 -0.0735907 -0.0665532 -0.0570272 0.99343
1305031110.571676 -0.292055 0.075092 0.0834637 -0.0763472 -0.071795 -0.0620209 0.992557
1305031110.604289 -0.301678 0.0756743 0.0878482 -0.080374 -0.0758165 -0.066239 0.991667
1305031110.635485 -0.312326 0.0734225 0.0884919 -0.080961 -0.0773629 -0.0693102 0.99129
1305031110.671775 -0.321 0.078098 0.0864442 -0.0796863 -0.0788288 -0.0723563 0.99106
1305031110.699957 -0.326798 0.0807099 0.0887974 -0.0814742 -0.0810362 -0.0741043 0.990608
1305031110.735440 -0.334514 0.0787789 0.0885938 -0.0833252 -0.0819049 -0.0754564 0.99028
1305031110.769734 -0.337077 0.0801382 0.0884516 -0.0831407 -0.0840468 -0.0764 0.990044
1305031110.799684 -0.339787 0.082133 0.0880804 -0.0832088 -0.0847717 -0.0782401 0.989833
1305031110.835248 -0.342918 0.0816544 0.0887314 -0.0848826 -0.0862545 -0.0800783 0.989415
1305031110.871293 -0.342459 0.0823302 0.0896874 -0.0849758 -0.0885963 -0.0806609 0.989153
1305031110.901900 -0.341726 0.0822356 0.0897138 -0.0856623 -0.0900505 -0.0804506 0.98898
1305031110.938668 -0.339505 0.0847456 0.0908752 -0.0848505 -0.0918505 -0.0816238 0.988788
1305031110.971316 -0.330657 0.088439 0.0924158 -0.0837451 -0.0930823 -0.0821918 0.98872
1305031111.003669 -0.323894 0.0915115 0.0945734 -0.0835915 -0.0892157 -0.0826738 0.989049
1305031111.039669 -0.316831 0.089862 0.0957514 -0.0839039 -0.0840996 -0.0800672 0.989685
1305031111.071605 -0.3104 0.0891987 0.0933549 -0.0856568 -0.0805404 -0.0775571 0.990031
1305031111.103658 -0.300809 0.0887705 0.0967403 -0.0868269 -0.0791374 -0.074374 0.990286
1305031111.139211 -0.292605 0.0868399 0.0961087 -0.0863133 -0.076273 -0.0724882 0.990696
1305031111.170937 -0.281979 0.0896855 0.0977036 -0.0822158 -0.0732642 -0.0740707 0.991154
1305031111.199395 -0.270487 0.0889602 0.0957476 -0.0803111 -0.0661366 -0.0712582 0.992017
1305031111.236670 -0.260399 0.0832408 0.0944529 -0.0813174 -0.062275 -0.0689203 0.99235
1305031111.269939 -0.246917 0.0792828 0.0929748 -0.0787833 -0.0614838 -0.0676978 0.992688
1305031111.302311 -0.238702 0.0817171 0.0902718 -0.0741678 -0.0561079 -0.0643105 0.993587
1305031111.339460 -0.226839 0.079554 0.0900122 -0.0773823 -0.058608 -0.0619216 0.993349
1305031111.370908 -0.21065 0.0726594 0.0932741 -0.0795906 -0.0629235 -0.0589897 0.993089
1305031111.402911 -0.199691 0.0705911 0.0903582 -0.0764784 -0.0638226 -0.05706 0.993389
1305031111.438948 -0.186216 0.0727365 0.0914566 -0.0745338 -0.0684761 -0.0614636 0.992964
1305031111.470919 -0.160283 0.0669747 0.0973317 -0.0737469 -0.0697601 -0.0615256 0.99293
1305031111.503531 -0.147361 0.0617552 0.0948052 -0.0711596 -0.0594022 -0.0613554 0.993802
1305031111.539482 -0.136166 0.0623845 0.0948498 -0.0661052 -0.0513383 -0.0613475 0.994601
1305031111.571320 -0.117606 0.0602735 0.0883202 -0.0631816 -0.0437857 -0.0547493 0.995537
1305031111.603391 -0.108566 0.0593606 0.0887923 -0.0631086 -0.0376387 -0.047507 0.996164
1305031111.639405 -0.0855489 0.0491594 0.0902784 -0.0640853 -0.0416421 -0.0395324 0.996291
1305031111.671252 -0.0658161 0.0526913 0.0890896 -0.0574649 -0.0383075 -0.0320284 0.997098
1305031111.703791 -0.0526747 0.0530827 0.089105 -0.0555661 -0.0301056 -0.0296342 0.997561
1305031111.739504 -0.0260671 0.050694 0.0959856 -0.0535547 -0.0253377 -0.0256496 0.997914
1305031111.771228 -0.0135032 0.0550377 0.0928901 -0.0474087 -0.00781898 -0.0223291 0.998595
1305031111.800077 -0.00172045 0.0485115 0.089646 -0.0468514 0.00741304 -0.0224425 0.998622
1305031111.839333 0.0120521 0.0484479 0.0884004 -0.0434551 0.0174252 -0.02044 0.998694
1305031111.870985 0.0228472 0.0499358 0.0880233 -0.0422203 0.0249464 -0.01686 0.998655
1305031111.903356 0.0302042 0.0467196 0.0898085 -0.0428596 0.0275968 -0.0121129 0.998626
1305031111.939680 0.0459573 0.0456861 0.0900251 -0.0413743 0.0232751 -0.00415247 0.998864
1305031111.971494 0.0667597 0.048314 0.0901027 -0.0390071 0.020921 0.00384529 0.999012
1305031112.003596 0.0820928 0.0450612 0.0884139 -0.0382193 0.0261202 0.00599603 0.99891
1305031112.039412 0.0962112 0.0462447 0.0879865 -0.0341941 0.033921 0.00435937 0.99883
1305031112.070731 0.113105 0.0459159 0.0881571 -0.031472 0.0429782 0.00329501 0.998575
1305031112.102495 0.119727 0.0462673 0.0869046 -0.0287047 0.0541848 -9.25506e-05 0.998118
1305031112.139107 0.137665 0.0452843 0.084385 -0.0279312 0.0569962 -0.00622772 0.997964
1305031112.169345 0.154906 0.0434234 0.0836627 -0.0300169 0.0659028 -0.00927452 0.997331
1305031112.207733 0.165333 0.0391223 0.086847 -0.031922 0.0773609 -0.0142118 0.996391
1305031112.235657 0.179638 0.0320549 0.0857031 -0.0297658 0.0862121 -0.0189208 0.995652
1305031112.269488 0.188536 0.0325048 0.0863032 -0.0237059 0.093714 -0.0227377 0.995057
1305031112.303591 0.200349 0.028255 0.0872646 -0.0192012 0.0961945 -0.024971 0.994864
1305031112.335789 0.210791 0.0267541 0.0863824 -0.0128754 0.0969802 -0.0247505 0.994895
1305031112.371231 0.225295 0.0274207 0.0853063 -0.00767092 0.0945847 -0.0209711 0.995266
1305031112.407491 0.238591 0.0281476 0.0841935 -0.00435082 0.0915342 -0.0168566 0.99565
1305031112.439064 0.252169 0.0247458 0.0829125 -0.00312578 0.0891811 -0.011102 0.995949
1305031112.471066 0.262958 0.0256728 0.0828236 0.000498724 0.0878852 -0.00258294 0.996127
1305031112.506669 0.272035 0.024794 0.0821653 0.00276975 0.0848246 0.0057426 0.996375
1305031112.538310 0.281391 0.0229358 0.0817706 0.00454006 0.0814632 0.0102104 0.996614
1305031112.567470 0.290593 0.0239932 0.0810199 0.00718874 0.0782457 0.0154653 0.996788
1305031112.606742 0.307175 0.0280082 0.0775366 0.00920405 0.0741026 0.0221656 0.996962
1305031112.639418 0.316895 0.0292671 0.0777827 0.00745365 0.0780295 0.0284804 0.996516
1305031112.671325 0.322713 0.0299736 0.0786346 0.00579455 0.0841393 0.0334882 0.995874
1305031112.707325 0.327126 0.0318294 0.0786636 0.00435051 0.0884915 0.0353771 0.995439
1305031112.739546 0.329397 0.039295 0.0803281 0.00280413 0.0919945 0.0379415 0.995032
1305031112.771523 0.331108 0.039901 0.0819364 -0.00386341 0.0955889 0.0411718 0.994562
1305031112.807539 0.322527 0.0377085 0.0862452 -0.00779922 0.0994254 0.0410745 0.994166
1305031112.839560 0.319522 0.0428201 0.0857017 -0.00820269 0.095598 0.0390852 0.994619
1305031112.871083 0.320393 0.0452611 0.0861592 -0.0109984 0.0907163 0.0406362 0.994987
1305031112.907246 0.311353 0.0441592 0.0882696 -0.0144899 0.0896203 0.0422543 0.994974
1305031112.939323 0.303022 0.0429377 0.0890934 -0.0170239 0.0859983 0.042294 0.995252
1305031112.971164 0.298002 0.0431374 0.0886594 -0.0178817 0.0804648 0.0409013 0.995757
1305031113.007166 0.291597 0.0453092 0.086771 -0.0185498 0.076785 0.0402077 0.996064
1305031113.039492 0.282104 0.044634 0.0864574 -0.022645 0.0755453 0.0378846 0.996165
1305031113.071210 0.268607 0.0396369 0.0883923 -0.0258677 0.0755165 0.0338487 0.996234
1305031113.107662 0.256513 0.0406461 0.0847719 -0.0236564 0.0716034 0.0286687 0.99674
1305031113.139664 0.247088 0.0450456 0.0826081 -0.0234317 0.0679917 0.0261069 0.997069
1305031113.171088 0.234006 0.0405171 0.0826339 -0.0280043 0.0674406 0.026783 0.99697
1305031113.207181 0.219222 0.0396139 0.0792924 -0.0272219 0.0638146 0.0287908 0.997175
1305031113.239732 0.203311 0.0430756 0.0781448 -0.0266124 0.0583486 0.0292686 0.997512
1305031113.271470 0.191214 0.0378841 0.0788255 -0.0306869 0.0526041 0.0307516 0.99767
1305031113.307323 0.169698 0.0316101 0.0786928 -0.0297462 0.0490877 0.0343653 0.99776
1305031113.339396 0.153507 0.0368627 0.0758588 -0.0223953 0.0404713 0.0339668 0.998352
1305031113.371377 0.139506 0.0371875 0.0754174 -0.0237443 0.0308774 0.0311761 0.998755
1305031113.407351 0.12229 0.0342069 0.0782253 -0.0253207 0.0241774 0.0306286 0.998918
1305031113.439787 0.102639 0.0375355 0.0782938 -0.0223495 0.0190711 0.0271297 0.9992
1305031113.475657 0.084588 0.0398302 0.0795333 -0.0237976 0.0129252 0.0200727 0.999432
1305031113.507987 0.0659151 0.0386203 0.0812386 -0.0280409 0.00818711 0.0167547 0.999433
1305031113.539417 0.048816 0.0347688 0.0810545 -0.0316998 0.00317273 0.0144256 0.999388
1305031113.574964 0.0320818 0.0365676 0.0817224 -0.031488 -0.00106967 0.0105621 0.999448
1305031113.607216 0.0171265 0.0374658 0.0821434 -0.0334653 -0.00415193 0.00599213 0.999413
1305031113.638418 0.002631 0.0372616 0.0829002 -0.0362116 -0.00459927 0.00192754 0.999332
1305031113.674244 -0.0118776 0.0367657 0.0836807 -0.0379447 -0.00383417 -0.00148653 0.999271
1305031113.704256 -0.0260436 0.0363942 0.0842854 -0.0384142 -0.00297286 -0.00596853 0.99924
1305031113.736263 -0.0384293 0.0376472 0.0859284 -0.0375465 -0.00121835 -0.0114177 0.999229
1305031113.774168 -0.054598 0.0366612 0.0866953 -0.037086 0.00242799 -0.0161408 0.999179
1305031113.805795 -0.0668508 0.03814 0.0873109 -0.0358137 0.0034232 -0.0181886 0.999187
1305031113.838437 -0.0791719 0.0408214 0.0885884 -0.0352341 0.0049883 -0.0211801 0.999142
1305031113.874200 -0.0958463 0.0361472 0.0903444 -0.0362793 0.00703344 -0.0256613 0.998987
1305031113.906361 -0.108505 0.0390859 0.0921821 -0.0327219 0.00599639 -0.0266167 0.999092
1305031113.938561 -0.121364 0.0407988 0.0924809 -0.0296051 0.00723184 -0.0290404 0.999114
1305031113.974245 -0.13578 0.0410588 0.0942389 -0.0266769 0.00971842 -0.0331098 0.999048
1305031114.007082 -0.153316 0.0433337 0.0941718 -0.0230443 0.0121825 -0.0385341 0.998917
1305031114.038546 -0.170362 0.0446509 0.0963665 -0.0210282 0.011149 -0.0409751 0.998877
1305031114.074298 -0.187727 0.0433549 0.0963906 -0.0196617 0.00738351 -0.0415021 0.998918
1305031114.106402 -0.201188 0.0476808 0.0983704 -0.0162593 0.00201679 -0.0439211 0.998901
1305031114.138562 -0.214417 0.0503613 0.10071 -0.0150573 -0.00295356 -0.0473163 0.998762
1305031114.174114 -0.225905 0.0485454 0.101729 -0.013987 -0.00596114 -0.0501851 0.998624
1305031114.206255 -0.239885 0.0554831 0.103384 -0.0102817 -0.0060394 -0.0528205 0.998533
1305031114.238473 -0.256205 0.0568559 0.1044 -0.0117067 -0.00688313 -0.0557606 0.998352
1305031114.271075 -0.272 0.0551281 0.106208 -0.0132407 -0.0113549 -0.0573482 0.998202
1305031114.306710 -0.283798 0.0574475 0.108178 -0.0136742 -0.0190854 -0.0576698 0.99806
1305031114.338919 -0.29377 0.0594959 0.112378 -0.0144528 -0.0255495 -0.0605315 0.997735
1305031114.374307 -0.303816 0.0590821 0.114541 -0.0150396 -0.0282597 -0.0648088 0.997384
1305031114.406591 -0.316236 0.0602406 0.116918 -0.0141588 -0.0293869 -0.069856 0.997024
1305031114.438540 -0.329736 0.0590469 0.115935 -0.0146922 -0.032015 -0.0716872 0.996805
1305031114.474489 -0.341721 0.0579097 0.116241 -0.0157129 -0.0378219 -0.0721322 0.996554
1305031114.506573 -0.352377 0.0611317 0.118761 -0.0154 -0.0447108 -0.0755084 0.996023
1305031114.539953 -0.35795 0.0624647 0.1222 -0.0172825 -0.050318 -0.0762272 0.99567
1305031114.575185 -0.363148 0.061164 0.124323 -0.0193152 -0.0516111 -0.0735778 0.995766
1305031114.607560 -0.369517 0.0621462 0.123888 -0.0210885 -0.0519066 -0.0710703 0.995897
1305031114.644150 -0.376353 0.0614364 0.124855 -0.0255938 -0.0533012 -0.0692796 0.995843
1305031114.675655 -0.381857 0.0582073 0.126086 -0.0299474 -0.0584301 -0.0693643 0.995428
1305031114.706141 -0.38405 0.0571167 0.127775 -0.0313221 -0.0637101 -0.0692976 0.995067
1305031114.743276 -0.386219 0.0555029 0.128058 -0.0312995 -0.0669145 -0.0717086 0.994686
1305031114.774847 -0.386238 0.0560209 0.128027 -0.0294024 -0.0690748 -0.0752021 0.994338
1305031114.807310 -0.385326 0.0592622 0.126846 -0.0279892 -0.069387 -0.076853 0.994231
1305031114.842137 -0.383853 0.0585005 0.12569 -0.0285063 -0.0698857 -0.0787518 0.994033
1305031114.875056 -0.380194 0.0624963 0.125992 -0.0276245 -0.0706692 -0.079304 0.993959
1305031114.907504 -0.376988 0.0645244 0.12508 -0.0282018 -0.0708169 -0.0791004 0.993948
1305031114.943264 -0.370529 0.0689786 0.126213 -0.0289834 -0.0712699 -0.0809621 0.993743
1305031114.975411 -0.363965 0.0711389 0.126398 -0.0309267 -0.0693413 -0.0817983 0.993753
1305031115.007179 -0.356159 0.0760725 0.126834 -0.0332487 -0.0683719 -0.0830923 0.993637
1305031115.043530 -0.34447 0.0767121 0.131219 -0.0368011 -0.0675007 -0.0836121 0.993528
1305031115.071577 -0.334267 0.0773209 0.130635 -0.0386545 -0.0646783 -0.0836773 0.99364
1305031115.107074 -0.31843 0.0814701 0.135399 -0.0398258 -0.0622892 -0.0831875 0.993788
1305031115.143294 -0.305923 0.0787433 0.138419 -0.0424192 -0.0547096 -0.081127 0.994297
1305031115.172642 -0.295414 0.077733 0.137141 -0.0440997 -0.0501291 -0.0789903 0.994637
1305031115.206453 -0.279854 0.0737786 0.142024 -0.0456183 -0.0496667 -0.0760799 0.994819
1305031115.240975 -0.261363 0.0671674 0.143157 -0.0436383 -0.0464866 -0.0716517 0.99539
1305031115.273468 -0.247826 0.0746788 0.146046 -0.0387109 -0.0436354 -0.0686661 0.995933
1305031115.305534 -0.219894 0.0660594 0.148767 -0.0414493 -0.0448958 -0.0613139 0.996246
1305031115.343426 -0.205578 0.0659867 0.14785 -0.0378724 -0.0357233 -0.0581543 0.996949
1305031115.375054 -0.198487 0.076454 0.148458 -0.0369017 -0.0292902 -0.0534955 0.997456
1305031115.406164 -0.182966 0.0726673 0.154334 -0.0444846 -0.0350044 -0.0494299 0.997172
1305031115.443040 -0.160323 0.0720534 0.157627 -0.0481468 -0.0406065 -0.0441607 0.997037
1305031115.474863 -0.143526 0.0729213 0.157932 -0.051453 -0.0401708 -0.0379629 0.997145
1305031115.507440 -0.11056 0.0668131 0.162291 -0.0566003 -0.0452848 -0.0326804 0.996834
1305031115.543620 -0.0852316 0.0650352 0.163722 -0.056565 -0.036797 -0.0275095 0.997341
1305031115.575290 -0.0722759 0.0630651 0.163125 -0.0562535 -0.0229232 -0.0203971 0.997945
1305031115.607428 -0.0556436 0.0610701 0.161978 -0.0558287 -0.0163526 -0.0153806 0.998188
1305031115.643254 -0.035092 0.0574457 0.161304 -0.0554651 -0.0115705 -0.00833246 0.998359
1305031115.675106 -0.0231489 0.0564917 0.159446 -0.0537377 -0.00602553 0.00135539 0.998536
1305031115.706301 -0.00208781 0.0591851 0.158598 -0.051781 -0.00815667 0.0108964 0.998566
1305031115.742905 0.0231629 0.0589041 0.158894 -0.0511507 -0.00618505 0.0171147 0.998525
1305031115.774329 0.0379926 0.0576925 0.156172 -0.0497226 0.0038457 0.0239771 0.998468
1305031115.806425 0.0590403 0.0588077 0.153979 -0.0485359 0.0103924 0.0314536 0.998272
1305031115.841936 0.0732439 0.0601068 0.153168 -0.0493511 0.0204648 0.0386052 0.997825
1305031115.875347 0.0842565 0.0563067 0.153238 -0.0503352 0.0287825 0.0459571 0.997259
1305031115.910716 0.101832 0.0606606 0.153746 -0.0464508 0.0306638 0.0523593 0.997076
1305031115.942015 0.119249 0.0607034 0.152745 -0.0468125 0.0354189 0.0589111 0.996536
1305031115.973799 0.132288 0.0646963 0.154036 -0.0465072 0.0412428 0.0643584 0.995989
1305031116.010843 0.149003 0.0671302 0.152427 -0.0479312 0.0479731 0.0685628 0.995339
1305031116.042618 0.161592 0.0698176 0.154766 -0.0497069 0.0600037 0.0709823 0.99443
1305031116.071527 0.17209 0.0752309 0.15772 -0.0518513 0.0710877 0.0738719 0.993378
1305031116.108247 0.182854 0.0737527 0.158599 -0.0589834 0.081392 0.0773739 0.991922
1305031116.143447 0.195421 0.0756139 0.16216 -0.0629811 0.0895359 0.0808443 0.990697
1305031116.174891 0.207052 0.0779571 0.164316 -0.0646768 0.094482 0.0838014 0.989882
1305031116.211320 0.21861 0.0812669 0.165552 -0.0668692 0.0991857 0.0864871 0.989045
1305031116.242720 0.232743 0.0745314 0.166526 -0.0730362 0.103841 0.0904145 0.987779
1305031116.274421 0.246348 0.0754587 0.165305 -0.0731308 0.11027 0.094024 0.986738
1305031116.310686 0.256355 0.0766877 0.164039 -0.0749023 0.118266 0.0979457 0.985296
1305031116.342459 0.259905 0.0722423 0.165598 -0.0780324 0.12674 0.100845 0.983706
1305031116.374490 0.263706 0.0702202 0.164621 -0.0744692 0.131258 0.102378 0.983232
1305031116.409631 0.265814 0.0749284 0.162036 -0.0680108 0.133738 0.104305 0.983163
1305031116.442496 0.27047 0.0770221 0.158657 -0.068099 0.133906 0.111922 0.982296
1305031116.473394 0.270763 0.0707776 0.158463 -0.0719098 0.13571 0.117887 0.981078
1305031116.510576 0.269015 0.0713589 0.155773 -0.0696983 0.135079 0.115922 0.981559
1305031116.542695 0.261133 0.0717752 0.154378 -0.0672053 0.136368 0.111142 0.982107
1305031116.574389 0.25402 0.0717815 0.152136 -0.067069 0.134736 0.107593 0.982737
1305031116.610891 0.241562 0.0682247 0.150572 -0.0682883 0.131515 0.102676 0.983615
1305031116.642664 0.227209 0.0690338 0.150095 -0.0664621 0.125478 0.093991 0.985395
1305031116.674523 0.213637 0.0693674 0.14939 -0.065877 0.119029 0.0852241 0.98703
1305031116.710942 0.20023 0.0695708 0.147723 -0.065673 0.114282 0.0761541 0.988346
1305031116.740575 0.180442 0.0731925 0.149566 -0.0652332 0.112987 0.0653519 0.989296
1305031116.775059 0.165279 0.0707692 0.147738 -0.0687868 0.108722 0.0549256 0.990167
1305031116.811343 0.147647 0.0678621 0.147091 -0.0707541 0.106447 0.0468739 0.990689
1305031116.840370 0.132289 0.0692956 0.146198 -0.0689238 0.0981495 0.0393188 0.992003
1305031116.871726 0.113856 0.0696018 0.145767 -0.0696415 0.0884478 0.032559 0.99311
1305031116.907955 0.093599 0.072315 0.14426 -0.0687339 0.0791108 0.0271702 0.994122
1305031116.940626 0.0748934 0.0754344 0.142789 -0.068157 0.0669923 0.0201479 0.995219
1305031116.974656 0.0555663 0.0765488 0.142912 -0.0684021 0.0559441 0.00989736 0.996039
1305031117.008812 0.0330335 0.0803227 0.142947 -0.065927 0.0468812 -0.000196658 0.996722
1305031117.042065 0.0184574 0.0833896 0.141827 -0.0654727 0.0356867 -0.00702057 0.997191
1305031117.071181 0.00125909 0.0876247 0.139212 -0.0664118 0.0273915 -0.0128046 0.997334
1305031117.110454 -0.0156087 0.0870802 0.137001 -0.0695418 0.0185221 -0.015629 0.997285
1305031117.142383 -0.0241231 0.0931537 0.138383 -0.070182 0.00701415 -0.015629 0.997387
1305031117.175059 -0.0356252 0.0958231 0.139726 -0.0727367 -0.00137794 -0.0188577 0.997172
1305031117.207753 -0.0415512 0.0987793 0.143128 -0.0744063 -0.00908799 -0.0222788 0.996938
1305031117.241340 -0.0438596 0.104009 0.14489 -0.0758972 -0.0133328 -0.0240785 0.996736
1305031117.276516 -0.0466116 0.103472 0.146429 -0.0808149 -0.0132056 -0.0277491 0.996255
1305031117.310121 -0.0506927 0.100939 0.147835 -0.08529 -0.0109916 -0.0303085 0.995834
1305031117.341044 -0.0539531 0.0970638 0.149231 -0.0881895 -0.0103242 -0.0310353 0.995567
1305031117.375067 -0.0555399 0.0921911 0.148676 -0.0890547 -0.0102894 -0.0314335 0.995477
1305031117.408538 -0.0571792 0.0869992 0.1489 -0.0886209 -0.011338 -0.0308918 0.995522
1305031117.442208 -0.0578213 0.0838242 0.14834 -0.0859036 -0.0129372 -0.0299965 0.995768
1305031117.475651 -0.0579616 0.0782474 0.148076 -0.0843868 -0.014082 -0.0281635 0.995935
1305031117.508882 -0.0595257 0.0695633 0.147679 -0.0827091 -0.0150652 -0.0267755 0.9961
1305031117.539736 -0.0601286 0.0638413 0.147314 -0.0783255 -0.016059 -0.0260991 0.996457
1305031117.577860 -0.0607577 0.0582779 0.148531 -0.0750497 -0.0176702 -0.0273857 0.996647
1305031117.607777 -0.0616518 0.0526161 0.149643 -0.0733521 -0.0194007 -0.0276027 0.996735
1305031117.643284 -0.06263 0.0445092 0.152034 -0.0723549 -0.0211322 -0.0259965 0.996816
1305031117.675483 -0.0635159 0.0378943 0.154497 -0.0716491 -0.0236818 -0.0251832 0.996831
1305031117.711215 -0.0638111 0.0298163 0.158174 -0.0723617 -0.0261871 -0.0231604 0.996766
1305031117.742995 -0.0641609 0.0186766 0.162622 -0.0733985 -0.0284814 -0.0200664 0.996694
1305031117.778969 -0.0634634 0.0114716 0.166035 -0.0727661 -0.0313808 -0.0177485 0.996697
1305031117.811060 -0.0603708 -0.00294095 0.17077 -0.0758968 -0.0346386 -0.0146954 0.996405
1305031117.843307 -0.057498 -0.0124245 0.175129 -0.0742561 -0.0358623 -0.0139498 0.996496
1305031117.879467 -0.0597927 -0.0199177 0.178334 -0.0719145 -0.0323853 -0.0145683 0.996778
1305031117.908762 -0.0603705 -0.0315553 0.183835 -0.0723867 -0.030512 -0.0146048 0.996803
1305031117.943272 -0.0623407 -0.0393532 0.186766 -0.07057 -0.0280331 -0.0152878 0.996996
1305031117.979263 -0.0635861 -0.0478248 0.191355 -0.0715723 -0.0259951 -0.0153955 0.996978
1305031118.011013 -0.063872 -0.0601333 0.197992 -0.0745918 -0.025675 -0.0157367 0.996759
1305031118.043549 -0.0644585 -0.0705909 0.202998 -0.0743395 -0.0243101 -0.0155159 0.996816
1305031118.079369 -0.0633207 -0.0797056 0.20726 -0.0741328 -0.0234792 -0.016602 0.996834
1305031118.110863 -0.0610356 -0.0912165 0.21296 -0.0744252 -0.0208214 -0.0181673 0.996844
1305031118.142285 -0.0631988 -0.10007 0.217181 -0.0729445 -0.0156605 -0.0198816 0.997015
1305031118.178170 -0.0623811 -0.112196 0.222478 -0.0735455 -0.013031 -0.0211546 0.996982
1305031118.210782 -0.0659742 -0.124068 0.225906 -0.0717874 -0.00941838 -0.0203233 0.997168
1305031118.242948 -0.0690281 -0.133255 0.228704 -0.0685871 -0.00886021 -0.0204189 0.997397
1305031118.278991 -0.0682638 -0.144638 0.232933 -0.065883 -0.00972423 -0.0209889 0.997559
1305031118.310731 -0.0686262 -0.15293 0.236301 -0.0598706 -0.0098503 -0.0212064 0.997932
1305031118.342079 -0.0669707 -0.158792 0.239325 -0.0544614 -0.0100021 -0.0224537 0.998213
1305031118.377003 -0.0696011 -0.166595 0.240923 -0.0507331 -0.00736958 -0.0240071 0.998396
1305031118.408818 -0.070271 -0.170707 0.243214 -0.0472938 -0.00873974 -0.024611 0.99854
1305031118.445703 -0.068838 -0.172586 0.246296 -0.0457311 -0.0100031 -0.0230725 0.998637
1305031118.477869 -0.0673166 -0.175806 0.248883 -0.045587 -0.0107093 -0.0200805 0.998701
1305031118.510201 -0.0658229 -0.174603 0.250088 -0.0434135 -0.0114869 -0.0186524 0.998817
1305031118.545199 -0.0644312 -0.170529 0.250321 -0.0431178 -0.0113428 -0.0193619 0.998818
1305031118.576377 -0.0624134 -0.168688 0.251965 -0.0452319 -0.0110028 -0.0201344 0.998713
1305031118.610869 -0.061824 -0.161835 0.25101 -0.0447049 -0.00900317 -0.0218087 0.998722
1305031118.645331 -0.0626366 -0.155392 0.249127 -0.0455803 -0.00633426 -0.0242436 0.998646
1305031118.675082 -0.0621534 -0.148341 0.247279 -0.0481297 -0.00526487 -0.0260404 0.998488
1305031118.710140 -0.061543 -0.144697 0.246228 -0.0507049 -0.00549992 -0.0277328 0.998313
1305031118.746801 -0.0654 -0.136009 0.242387 -0.0489304 -0.00613917 -0.0279235 0.998393
1305031118.778790 -0.0646723 -0.119278 0.236447 -0.0477175 -0.0100809 -0.028543 0.998402
1305031118.810703 -0.0615314 -0.114673 0.235085 -0.0535248 -0.0132061 -0.0291899 0.998052
1305031118.846774 -0.0601281 -0.107182 0.230637 -0.051801 -0.0136061 -0.0284104 0.99816
1305031118.875402 -0.0591436 -0.0860288 0.221794 -0.0462163 -0.0118339 -0.030101 0.998408
1305031118.909608 -0.0591367 -0.0796889 0.21783 -0.0502288 -0.0105714 -0.0328373 0.998142
1305031118.947009 -0.058872 -0.0666086 0.211046 -0.0489687 -0.00923236 -0.0341436 0.998174
1305031118.979394 -0.0601385 -0.0501119 0.203698 -0.0477694 -0.00783606 -0.0377299 0.998115
1305031119.009712 -0.0611398 -0.0387911 0.198042 -0.0508639 -0.00778258 -0.0404037 0.997858
1305031119.047180 -0.0625741 -0.0288712 0.192771 -0.0534328 -0.00794217 -0.0409907 0.997698
1305031119.078966 -0.0652805 -0.0181067 0.186044 -0.0540485 -0.00888054 -0.0406156 0.997672
1305031119.110884 -0.0657688 -0.00684681 0.180029 -0.0539119 -0.0122027 -0.0400482 0.997668
1305031119.147629 -0.0682077 0.00539426 0.173218 -0.0534025 -0.0147646 -0.0385293 0.99772
1305031119.179262 -0.0681673 0.0125849 0.167659 -0.0545382 -0.0188517 -0.0385348 0.99759
1305031119.210906 -0.0671853 0.0223535 0.161526 -0.0524554 -0.0214433 -0.037616 0.997684
1305031119.247660 -0.0680443 0.0347062 0.156031 -0.0503977 -0.0224154 -0.0367057 0.997803
1305031119.279244 -0.0674596 0.0461622 0.151001 -0.0494779 -0.0237152 -0.036997 0.997808
1305031119.310755 -0.0688586 0.056356 0.146315 -0.0492226 -0.02351 -0.034847 0.997903
1305031119.347750 -0.0697208 0.0637732 0.141667 -0.049195 -0.0247954 -0.0323765 0.997956
1305031119.378631 -0.0696208 0.0778214 0.13779 -0.0466861 -0.027045 -0.0315917 0.998044
1305031119.411492 -0.0682369 0.0876309 0.133616 -0.047209 -0.0276442 -0.0315308 0.998004
1305031119.447726 -0.0672019 0.0969974 0.13088 -0.0477975 -0.0258695 -0.030973 0.998041
1305031119.477682 -0.067683 0.10823 0.12747 -0.0462354 -0.0237136 -0.0313685 0.998156
1305031119.511258 -0.0704639 0.119845 0.123099 -0.0464336 -0.0213837 -0.0317353 0.998188
1305031119.547414 -0.0705858 0.131347 0.118969 -0.0473755 -0.0211686 -0.029903 0.998205
1305031119.579569 -0.0689854 0.146642 0.116195 -0.0474305 -0.0207938 -0.0293034 0.998228
1305031119.615024 -0.0700467 0.153676 0.114844 -0.052258 -0.0186897 -0.028658 0.998047
1305031119.648889 -0.0720239 0.168471 0.111786 -0.0531754 -0.0171302 -0.028153 0.998041
1305031119.675566 -0.0692058 0.181219 0.110315 -0.0564178 -0.0163103 -0.0296889 0.997832
1305031119.715249 -0.0703027 0.190994 0.109841 -0.0618077 -0.0116864 -0.0281986 0.997621
1305031119.744886 -0.0738255 0.19873 0.107878 -0.0661458 -0.00841918 -0.0230422 0.997508
1305031119.778628 -0.0746101 0.210155 0.107029 -0.0679722 -0.00945102 -0.0206911 0.997428
1305031119.814571 -0.0739032 0.220426 0.106288 -0.0696607 -0.0107914 -0.0171119 0.997366
1305031119.847445 -0.0722941 0.230721 0.10457 -0.0714768 -0.0107063 -0.0126604 0.997304
1305031119.879232 -0.0736801 0.23657 0.102363 -0.0731098 -0.00827982 -0.0119852 0.997217
1305031119.911424 -0.0755161 0.24973 0.0997064 -0.07069 -0.00576389 -0.0117705 0.997412
1305031119.947462 -0.0763091 0.259946 0.097929 -0.0731764 -0.00369543 -0.0118183 0.997242
1305031119.979546 -0.0756895 0.26547 0.0966056 -0.0761592 -0.00107865 -0.0126409 0.997015
1305031120.015283 -0.0762738 0.273859 0.0938498 -0.0791463 0.00231908 -0.0116049 0.996793
1305031120.047310 -0.0788434 0.279473 0.0944098 -0.0849981 0.00445727 -0.00986041 0.996322
1305031120.075690 -0.0805909 0.277643 0.0937852 -0.0889284 0.00336155 -0.00780202 0.996002
1305031120.115249 -0.080266 0.2836 0.0934244 -0.0880941 0.000761641 -0.00620311 0.996093
1305031120.148175 -0.0792772 0.277886 0.0932107 -0.0925504 -0.000384473 -0.00510055 0.995695
1305031120.179261 -0.0787831 0.271869 0.094309 -0.0935321 -0.00034851 -0.00244609 0.995613
1305031120.215260 -0.0777848 0.266508 0.0945915 -0.0903681 -0.000670642 -0.00187146 0.995906
1305031120.248018 -0.077664 0.263482 0.0952158 -0.0856423 -0.000752969 -0.00416393 0.996317
1305031120.279441 -0.0769673 0.254823 0.0961865 -0.0839842 -0.000373379 -0.00619744 0.996448
1305031120.315213 -0.077066 0.245501 0.098092 -0.0822765 0.000136013 -0.00860415 0.996572
1305031120.347797 -0.0775747 0.238774 0.100454 -0.0784291 0.000875342 -0.0102994 0.996866
1305031120.379446 -0.0765961 0.227355 0.103377 -0.0777283 0.00041997 -0.0111554 0.996912
1305031120.415490 -0.0756979 0.210914 0.109095 -0.0750278 -0.000475549 -0.0112212 0.997118
1305031120.447433 -0.0761212 0.202869 0.112171 -0.0674761 -0.000938367 -0.0118663 0.99765
1305031120.475582 -0.0749506 0.191752 0.116514 -0.0646603 -0.00222308 -0.01151 0.997838
1305031120.514877 -0.0739979 0.177171 0.122274 -0.0603042 -0.00442821 -0.00946503 0.998125
1305031120.547807 -0.07477 0.168108 0.126212 -0.0538305 -0.00705663 -0.00778152 0.998495
1305031120.579559 -0.0737632 0.160908 0.130445 -0.0494362 -0.011442 -0.00397971 0.998704
1305031120.615271 -0.0720192 0.148776 0.135858 -0.0474881 -0.0163201 -0.00124369 0.998738
1305031120.646607 -0.0718524 0.141502 0.140112 -0.0419964 -0.0192455 -0.00115428 0.998932
1305031120.678467 -0.0694147 0.132952 0.144462 -0.0391643 -0.0217968 7.5953e-05 0.998995
1305031120.714553 -0.0688244 0.122494 0.148996 -0.0378549 -0.0226086 0.001137 0.999027
1305031120.747396 -0.0689088 0.113098 0.152506 -0.0368025 -0.0244953 0.00150572 0.999021
1305031120.779908 -0.0670173 0.100981 0.158075 -0.0358976 -0.0272969 0.0014201 0.998982
1305031120.814905 -0.0664735 0.0920943 0.159554 -0.0334013 -0.027931 0.000596295 0.999051
1305031120.847942 -0.0652221 0.0838607 0.163406 -0.0334266 -0.0291772 -0.00086826 0.999015
1305031120.883454 -0.0635365 0.0713319 0.167481 -0.0330171 -0.029623 -0.00271046 0.999012
1305031120.915454 -0.0639463 0.0648392 0.169457 -0.0306274 -0.0281904 -0.00445724 0.999123
1305031120.947509 -0.0638015 0.0547109 0.172374 -0.0311636 -0.0278759 -0.00641734 0.999105
1305031120.983390 -0.0651885 0.0446944 0.175816 -0.0311776 -0.0273239 -0.00833932 0.999106
1305031121.015029 -0.0653958 0.034281 0.178073 -0.0304209 -0.0279182 -0.00953366 0.999102
1305031121.047755 -0.066338 0.0269459 0.180202 -0.0291647 -0.0276874 -0.0105875 0.999135
1305031121.083117 -0.0683094 0.013783 0.182641 -0.0299706 -0.0278614 -0.0117561 0.999093
1305031121.114878 -0.0673375 0.00405098 0.183556 -0.028053 -0.0297226 -0.0111774 0.999102
1305031121.147355 -0.0684024 -0.00397855 0.185967 -0.0258688 -0.0302765 -0.0119676 0.999135
1305031121.183281 -0.0691109 -0.0143994 0.188051 -0.0246896 -0.0313614 -0.0127465 0.999122
1305031121.211431 -0.0677954 -0.024436 0.191313 -0.0226281 -0.0318366 -0.0129128 0.999153
1305031121.247201 -0.0704361 -0.0320053 0.19182 -0.0200557 -0.0295857 -0.0137503 0.999266
1305031121.282822 -0.0716096 -0.0428743 0.195105 -0.0206962 -0.0302995 -0.012718 0.999246
1305031121.313588 -0.0709318 -0.0536732 0.198493 -0.0189011 -0.0309306 -0.0120266 0.99927
1305031121.347540 -0.0727923 -0.0628153 0.201037 -0.0170007 -0.0313519 -0.0110814 0.999302
1305031121.383248 -0.0713535 -0.0757717 0.204634 -0.0167667 -0.0333384 -0.0105079 0.999248
1305031121.414328 -0.0708351 -0.0854093 0.207061 -0.0130534 -0.0328653 -0.0115658 0.999308
1305031121.447024 -0.0717941 -0.0924851 0.209572 -0.0107488 -0.032321 -0.0116349 0.999352
1305031121.483015 -0.0707697 -0.105155 0.213302 -0.0104427 -0.030873 -0.0102747 0.999416
1305031121.514164 -0.0735922 -0.11299 0.213223 -0.00728822 -0.0279911 -0.00934253 0.999538
1305031121.546810 -0.0739778 -0.118916 0.215354 -0.00737424 -0.0277929 -0.00897485 0.999546
1305031121.583213 -0.0736353 -0.129697 0.21885 -0.00973579 -0.0267885 -0.00944119 0.999549
1305031121.614719 -0.0732827 -0.139765 0.221604 -0.00963802 -0.0252316 -0.0105294 0.99958
1305031121.646966 -0.0720786 -0.14511 0.223758 -0.0083614 -0.021877 -0.0130187 0.999641
1305031121.683211 -0.0760287 -0.151794 0.225716 -0.0100204 -0.0168342 -0.0152841 0.999691
1305031121.714528 -0.0785602 -0.161478 0.227441 -0.0118848 -0.0149594 -0.0145387 0.999712
1305031121.746484 -0.0781975 -0.166301 0.230123 -0.0130121 -0.0150686 -0.0142966 0.9997
1305031121.782871 -0.0778671 -0.173683 0.233339 -0.0152359 -0.0148384 -0.0125971 0.999694
1305031121.811545 -0.0762118 -0.178809 0.236588 -0.016576 -0.0142323 -0.0102054 0.999709
1305031121.846870 -0.0754646 -0.18197 0.237942 -0.0181899 -0.0128585 -0.00780751 0.999721
1305031121.882123 -0.0757212 -0.184838 0.239898 -0.0204799 -0.0123762 -0.00188421 0.999712
1305031121.914943 -0.0756021 -0.185602 0.240173 -0.0222597 -0.0137435 0.00174436 0.999656
1305031121.947318 -0.0756201 -0.185851 0.241522 -0.0226075 -0.0156393 0.0016146 0.999621
1305031121.982935 -0.0740391 -0.182399 0.240996 -0.0222787 -0.0160293 0.00117065 0.999623
1305031122.014424 -0.0752834 -0.178944 0.240046 -0.0228306 -0.0154061 -0.000528523 0.99962
1305031122.046908 -0.0753742 -0.17426 0.237971 -0.0220628 -0.0164989 -0.00390438 0.999613
1305031122.082969 -0.0739926 -0.167108 0.236111 -0.0210917 -0.0176395 -0.00715034 0.999596
1305031122.114688 -0.073966 -0.157 0.232178 -0.0192663 -0.0177611 -0.0109965 0.999596
1305031122.150748 -0.0743411 -0.147698 0.229164 -0.0193881 -0.0177715 -0.0161794 0.999523
1305031122.183052 -0.073116 -0.137504 0.225345 -0.0178869 -0.0170627 -0.021215 0.999469
1305031122.214969 -0.0754959 -0.117001 0.219656 -0.0166271 -0.0149058 -0.0267607 0.999392
1305031122.251355 -0.0744694 -0.108321 0.218137 -0.022609 -0.0145819 -0.0300839 0.999185
1305031122.283866 -0.0761232 -0.09698 0.213126 -0.0236669 -0.0144394 -0.0317167 0.999112
1305031122.314309 -0.07715 -0.0772969 0.20799 -0.0260695 -0.0163441 -0.0355096 0.998896
1305031122.351351 -0.0770388 -0.0686124 0.205356 -0.0335066 -0.0188391 -0.0380282 0.998537
1305031122.382678 -0.079348 -0.0552624 0.199754 -0.0374934 -0.0200318 -0.0390171 0.998334
1305031122.415008 -0.0811323 -0.0471655 0.195451 -0.0423637 -0.0233701 -0.0388184 0.998074
1305031122.451272 -0.0825226 -0.0354276 0.18963 -0.0440593 -0.0274488 -0.037356 0.997953
1305031122.483388 -0.0837255 -0.0239783 0.18427 -0.046315 -0.0317785 -0.0375128 0.997716
1305031122.515135 -0.083014 -0.0128515 0.179211 -0.0474943 -0.0360668 -0.0387672 0.997467
1305031122.551510 -0.081315 -0.00155432 0.173836 -0.0487884 -0.0377125 -0.0409916 0.997255
1305031122.583217 -0.0812379 0.00761857 0.169072 -0.0505807 -0.0366123 -0.0424785 0.997144
1305031122.615017 -0.084786 0.0168669 0.164865 -0.0514271 -0.0354258 -0.0419168 0.997168
1305031122.648810 -0.0844669 0.0264339 0.159789 -0.0505547 -0.037418 -0.0406663 0.997191
1305031122.683420 -0.0852751 0.0386304 0.154975 -0.0491181 -0.0384735 -0.0393836 0.997274
1305031122.715219 -0.0868425 0.0497306 0.150216 -0.0486915 -0.0404333 -0.0365986 0.997324
1305031122.751309 -0.0865193 0.0658772 0.146416 -0.0463584 -0.0431263 -0.036522 0.997325
1305031122.783438 -0.0842509 0.0785224 0.142339 -0.0487562 -0.0444406 -0.0367334 0.997145
1305031122.812565 -0.0840109 0.0888715 0.140062 -0.0532031 -0.0435736 -0.0378222 0.996915
1305031122.851486 -0.0789643 0.0997185 0.138672 -0.0547321 -0.0417457 -0.0390978 0.996862
1305031122.883775 -0.0811307 0.11118 0.13539 -0.0564705 -0.034884 -0.0395629 0.99701
1305031122.914585 -0.0860831 0.116521 0.133392 -0.0610152 -0.0299542 -0.0384787 0.996945
1305031122.951413 -0.0859738 0.12325 0.130843 -0.0625776 -0.0292398 -0.0373794 0.996911
1305031122.983000 -0.0870988 0.133804 0.128063 -0.0631584 -0.0288229 -0.033887 0.997011
1305031123.015462 -0.0872649 0.140538 0.126125 -0.065663 -0.0297743 -0.0310291 0.996915
1305031123.051838 -0.0862878 0.147365 0.123806 -0.0655738 -0.0298358 -0.0294433 0.996967
1305031123.082992 -0.0871023 0.159787 0.120529 -0.0634639 -0.0286604 -0.0275689 0.997191
1305031123.113939 -0.0864949 0.170227 0.117012 -0.0654211 -0.0277824 -0.0249919 0.997158
1305031123.150840 -0.0861909 0.178585 0.116093 -0.0683466 -0.0271173 -0.0244606 0.996993
1305031123.182176 -0.0839895 0.191948 0.11397 -0.0688551 -0.0261613 -0.0241758 0.99699
1305031123.214724 -0.0840744 0.204684 0.113472 -0.0713423 -0.0216767 -0.0251132 0.9969
1305031123.250641 -0.0822851 0.218937 0.111677 -0.0749237 -0.0182879 -0.0255034 0.996695
1305031123.282363 -0.0810227 0.227394 0.112031 -0.0832529 -0.0155466 -0.023904 0.99612
1305031123.320992 -0.080349 0.238077 0.111852 -0.0880638 -0.0116524 -0.0222908 0.995797
1305031123.350493 -0.0792344 0.246793 0.111227 -0.0925031 -0.00781936 -0.0216799 0.995446
1305031123.382263 -0.0776808 0.25719 0.110845 -0.0960136 -0.00368784 -0.0194203 0.995184
1305031123.421343 -0.0795588 0.266802 0.10931 -0.0980458 0.00251166 -0.0167745 0.995037
1305031123.451266 -0.0779247 0.27441 0.108413 -0.100117 0.00456702 -0.0152703 0.994848
1305031123.483605 -0.0767116 0.284433 0.107433 -0.10283 0.00612714 -0.0105723 0.994624
1305031123.519725 -0.0760297 0.289352 0.105459 -0.107263 0.00803162 -0.0071541 0.994172
1305031123.551573 -0.0760551 0.297228 0.104643 -0.108469 0.00842592 -0.00527599 0.99405
1305031123.579616 -0.0749789 0.307952 0.103439 -0.108667 0.00859141 -0.00210073 0.994039
1305031123.620387 -0.0728664 0.314096 0.101418 -0.110471 0.00938511 -0.000730385 0.993835
1305031123.652430 -0.0717016 0.321862 0.100654 -0.113654 0.0112916 -0.000933407 0.993456
1305031123.683785 -0.0702308 0.328679 0.0999226 -0.117254 0.0143623 0.000256104 0.992998
1305031123.719975 -0.0690002 0.33683 0.0995404 -0.120376 0.0178371 0.00157308 0.992567
1305031123.751980 -0.0671444 0.342188 0.0982921 -0.122932 0.0193354 0.0042282 0.992218
1305031123.784138 -0.0664896 0.34577 0.097458 -0.124307 0.0190746 0.00589098 0.992043
1305031123.819696 -0.0669473 0.347023 0.096542 -0.125631 0.0191613 0.00693626 0.991868
1305031123.851551 -0.0640972 0.349495 0.096012 -0.125832 0.0177468 0.00909745 0.991851
1305031123.883819 -0.0649647 0.3496 0.0957239 -0.125109 0.0169556 0.00975791 0.99195
1305031123.915794 -0.0658951 0.345637 0.0960623 -0.123662 0.0160976 0.00904856 0.992152
1305031123.951530 -0.0650414 0.342298 0.0953189 -0.123981 0.0150729 0.0105464 0.992114
1305031123.983421 -0.0654526 0.342613 0.0967032 -0.123079 0.0131521 0.0130448 0.992224
1305031124.019737 -0.0651278 0.335883 0.09877 -0.119207 0.00913858 0.0121564 0.992753
1305031124.051531 -0.066671 0.326887 0.100596 -0.117247 0.00665989 0.0123238 0.993004
1305031124.083902 -0.0666427 0.32427 0.103535 -0.114081 0.00390946 0.0128837 0.99338
1305031124.119669 -0.0662166 0.314975 0.10696 -0.108929 0.000662438 0.0109588 0.993989
1305031124.147458 -0.0680652 0.302266 0.109495 -0.107049 6.49212e-05 0.00923516 0.994211
1305031124.182707 -0.0670505 0.296887 0.112808 -0.104164 -0.00154617 0.00704356 0.994534
1305031124.217179 -0.0681794 0.272581 0.1172 -0.106881 -0.00226682 0.00479383 0.994258
1305031124.249340 -0.0665098 0.260696 0.118588 -0.10371 -0.00441481 0.00463893 0.994587
1305031124.282555 -0.0674272 0.252068 0.120413 -0.103246 -0.00804533 0.0041789 0.994614
1305031124.316782 -0.0669257 0.242459 0.125273 -0.0996969 -0.0125643 0.00416176 0.99493
1305031124.350371 -0.0664219 0.231331 0.126824 -0.0959156 -0.016244 0.00308164 0.995252
1305031124.382432 -0.0664911 0.222323 0.128539 -0.0919278 -0.0186189 0.00187162 0.99559
1305031124.418555 -0.0670138 0.210653 0.132037 -0.0874034 -0.0199211 0.00013639 0.995974
1305031124.450256 -0.0670504 0.199105 0.132945 -0.0812986 -0.0211846 -0.000978449 0.996464
1305031124.480126 -0.0677196 0.187288 0.13453 -0.0753583 -0.0221766 -0.00388628 0.996902
1305031124.516737 -0.0684695 0.175671 0.136432 -0.0694864 -0.0238357 -0.0055379 0.997283
1305031124.550503 -0.0683878 0.166162 0.138873 -0.0646707 -0.0257816 -0.00802334 0.997541
1305031124.584606 -0.0704207 0.152452 0.141639 -0.0618619 -0.0273404 -0.0106506 0.997653
1305031124.617653 -0.0692355 0.138928 0.145223 -0.0580653 -0.0306177 -0.0127823 0.997761
1305031124.651313 -0.0707333 0.1291 0.147665 -0.0535495 -0.0323516 -0.0147605 0.997932
1305031124.685473 -0.0688673 0.114611 0.152009 -0.0509963 -0.0349969 -0.0162935 0.997952
1305031124.715791 -0.0685659 0.103371 0.155044 -0.0466611 -0.0355649 -0.0185151 0.998106
1305031124.749941 -0.0696207 0.0915448 0.159312 -0.0443131 -0.0353953 -0.0206221 0.998177
1305031124.785178 -0.0702273 0.0771401 0.16407 -0.0423248 -0.0365176 -0.0211218 0.998213
1305031124.816641 -0.0689467 0.0668021 0.167838 -0.0396413 -0.038091 -0.0209482 0.998268
1305031124.850559 -0.0700904 0.0532811 0.173084 -0.0399053 -0.0389199 -0.0219282 0.998204
1305031124.883594 -0.0660044 0.0386326 0.179822 -0.039035 -0.0408704 -0.022338 0.998152
1305031124.918770 -0.0652788 0.0299839 0.184167 -0.0367102 -0.0388789 -0.0226736 0.998312
1305031124.950748 -0.0657517 0.0188764 0.19077 -0.039135 -0.0373606 -0.02267 0.998278
1305031124.986460 -0.0666984 0.000911343 0.197805 -0.0405731 -0.0361123 -0.0211026 0.998301
1305031125.019467 -0.0691987 -0.0106009 0.201486 -0.0365548 -0.0372777 -0.0188028 0.998459
1305031125.050798 -0.0667208 -0.0158584 0.206223 -0.0327725 -0.0406329 -0.0187479 0.998461
1305031125.083480 -0.0662822 -0.0271035 0.211386 -0.0338021 -0.0402174 -0.0163009 0.998486
1305031125.119029 -0.0679641 -0.0392892 0.215889 -0.0336192 -0.0404908 -0.0148508 0.998504
1305031125.151037 -0.0668959 -0.0502256 0.219711 -0.030919 -0.0415406 -0.0167646 0.998518
1305031125.187064 -0.0687858 -0.052796 0.22144 -0.0288414 -0.0386665 -0.0169618 0.998692
1305031125.219018 -0.0698459 -0.0646242 0.226962 -0.0327271 -0.0370226 -0.0163559 0.998644
1305031125.250642 -0.0734752 -0.0778724 0.229593 -0.0325523 -0.0355973 -0.0182835 0.998669
1305031125.286396 -0.075188 -0.0835646 0.231446 -0.0290733 -0.0351782 -0.0200812 0.998756
1305031125.319140 -0.0751644 -0.0928674 0.235305 -0.0289745 -0.0338076 -0.0195916 0.998816
1305031125.348899 -0.0778353 -0.0999839 0.236859 -0.0257258 -0.0317174 -0.0221869 0.998919
1305031125.386792 -0.0751019 -0.105016 0.240524 -0.0251938 -0.0311256 -0.0268495 0.998837
1305031125.419574 -0.0751086 -0.110734 0.243685 -0.025377 -0.0252669 -0.0283652 0.998956
1305031125.451232 -0.0767946 -0.116599 0.246581 -0.0278941 -0.0193214 -0.0299331 0.998976
1305031125.486999 -0.0763107 -0.12601 0.249782 -0.0290912 -0.0156237 -0.0316108 0.998955
1305031125.519354 -0.0770497 -0.127609 0.250426 -0.0278558 -0.0117991 -0.0324635 0.999015
1305031125.551050 -0.0774756 -0.130127 0.251608 -0.0285451 -0.0085332 -0.0345693 0.998958
1305031125.585303 -0.0751981 -0.132762 0.252762 -0.0301915 -0.00581792 -0.0365174 0.99886
1305031125.617870 -0.0763072 -0.138453 0.253567 -0.0309354 -0.0021819 -0.0370002 0.998834
1305031125.650354 -0.0798014 -0.142784 0.24998 -0.0281604 -0.000512819 -0.0335829 0.999039
1305031125.684602 -0.0827461 -0.136174 0.2447 -0.022745 -0.00362318 -0.0322319 0.999215
1305031125.715669 -0.0802123 -0.135798 0.243813 -0.0217453 -0.00995467 -0.0306539 0.999244
1305031125.751292 -0.0784078 -0.125778 0.239116 -0.0159938 -0.0131522 -0.0294727 0.999351
1305031125.786805 -0.0785677 -0.116548 0.235575 -0.0146881 -0.0140742 -0.0326769 0.999259
1305031125.819450 -0.0768346 -0.108093 0.23224 -0.0142653 -0.0140453 -0.034124 0.999217
1305031125.854774 -0.0766584 -0.0993883 0.228439 -0.0158147 -0.0125256 -0.0360566 0.999146
1305031125.886645 -0.0784446 -0.0910186 0.2242 -0.0161633 -0.0123822 -0.0364787 0.999127
1305031125.919334 -0.0805049 -0.0781984 0.219464 -0.0178496 -0.0146864 -0.0357841 0.999092
1305031125.955252 -0.0825955 -0.0737127 0.216118 -0.0229095 -0.0202731 -0.0329334 0.998989
1305031125.987094 -0.0806679 -0.0616066 0.213551 -0.0228254 -0.0283526 -0.029458 0.998903
1305031126.019572 -0.0779032 -0.045928 0.210956 -0.0232172 -0.0346961 -0.0294427 0.998694
1305031126.055038 -0.0731067 -0.0321333 0.208641 -0.0253447 -0.0379014 -0.0295184 0.998524
1305031126.087076 -0.0718397 -0.0189366 0.206378 -0.0290258 -0.0366448 -0.0291065 0.998483
1305031126.119452 -0.0700101 -0.00814202 0.205243 -0.0330445 -0.0361886 -0.0289273 0.998379
1305031126.155000 -0.0675546 0.00810368 0.203566 -0.0342268 -0.0357585 -0.0265979 0.99842
1305031126.187174 -0.0690144 0.0240945 0.200688 -0.0388411 -0.0350026 -0.0266384 0.998277
1305031126.219473 -0.0667565 0.0340405 0.199628 -0.0442232 -0.0359126 -0.0257876 0.998043
1305031126.255236 -0.063696 0.048529 0.196235 -0.0465146 -0.0354923 -0.0250841 0.997972
1305031126.287105 -0.0632513 0.0622685 0.19446 -0.0497909 -0.0337186 -0.0259843 0.997852
1305031126.319787 -0.0628895 0.0771789 0.191545 -0.052795 -0.0305618 -0.0279709 0.997746
1305031126.355415 -0.0635706 0.08857 0.18937 -0.0571034 -0.0260708 -0.029171 0.997601
1305031126.387483 -0.0639643 0.0996433 0.186444 -0.0605316 -0.0229135 -0.030325 0.997442
1305031126.419793 -0.0637468 0.11193 0.183522 -0.0643767 -0.0211138 -0.0321413 0.997184
1305031126.455380 -0.0648953 0.119549 0.181419 -0.0696295 -0.0190206 -0.0315124 0.996894
1305031126.490386 -0.0658507 0.129215 0.178547 -0.0721556 -0.0185886 -0.0283958 0.996816
1305031126.522321 -0.0661278 0.144765 0.174232 -0.0728648 -0.0197707 -0.0267115 0.996788
1305031126.558209 -0.0625244 0.15335 0.172299 -0.0789552 -0.0214968 -0.0262379 0.996301
1305031126.590176 -0.0619898 0.163088 0.170071 -0.0827989 -0.0192883 -0.0243293 0.996082
1305031126.618687 -0.0611035 0.173315 0.168024 -0.0867523 -0.0175113 -0.0231142 0.995808
1305031126.654474 -0.0582986 0.17699 0.167658 -0.09205 -0.0166607 -0.0210737 0.995392
1305031126.690022 -0.0582239 0.182947 0.164771 -0.093981 -0.0141041 -0.0167264 0.995333
1305031126.715770 -0.0565468 0.191326 0.162316 -0.0953306 -0.012913 -0.0135503 0.99527
1305031126.755374 -0.0554156 0.192022 0.160369 -0.0982086 -0.0112903 -0.01026 0.995049
1305031126.787565 -0.0552247 0.198565 0.157746 -0.0968565 -0.0100241 -0.00776906 0.995217
1305031126.819929 -0.053502 0.204774 0.155323 -0.0958376 -0.00818929 -0.00740267 0.995336
1305031126.858378 -0.0520141 0.206718 0.152175 -0.0968217 -0.00488668 -0.00680881 0.995266
1305031126.888154 -0.0515041 0.208503 0.150564 -0.0979426 -0.00259867 -0.00616331 0.99517
1305031126.919409 -0.0503745 0.211466 0.149395 -0.0973413 -0.000746164 -0.00689482 0.995227
1305031126.955501 -0.0495781 0.211189 0.147785 -0.0988726 0.00010443 -0.00484987 0.995088
1305031126.987316 -0.0491293 0.213026 0.147106 -0.0984442 -0.000682022 -0.003869 0.995135
1305031127.019524 -0.0488348 0.210071 0.146581 -0.0984752 -0.00163611 -0.00321575 0.995133
1305031127.053318 -0.0468553 0.209965 0.146144 -0.0978831 -0.00302933 -0.00262832 0.99519
1305031127.088649 -0.0478696 0.208982 0.146183 -0.0983791 -0.00295053 -0.00196466 0.995143
1305031127.120963 -0.0480916 0.206575 0.147 -0.0988677 -0.00506358 -0.00126134 0.995087
1305031127.157692 -0.0487162 0.203976 0.147612 -0.0979831 -0.00819297 -0.00091647 0.995154
1305031127.187500 -0.0499948 0.20402 0.147254 -0.0952568 -0.010306 -0.00135134 0.995398
1305031127.221831 -0.049241 0.202537 0.148616 -0.0944755 -0.0123717 -0.00186127 0.995448
1305031127.259761 -0.0485461 0.197965 0.150777 -0.0935912 -0.0130039 -0.00253358 0.995522
1305031127.287038 -0.0498124 0.196107 0.150648 -0.0914322 -0.0125339 -0.00335728 0.995727
1305031127.320468 -0.0512772 0.194592 0.152564 -0.0911031 -0.0129999 -0.00458157 0.995746
1305031127.353407 -0.0513335 0.18764 0.155053 -0.0911321 -0.0146777 -0.00488776 0.995719
1305031127.383713 -0.0519327 0.186832 0.155925 -0.0881245 -0.015665 -0.00507263 0.995973
1305031127.419650 -0.0525339 0.185793 0.157747 -0.0873565 -0.0166248 -0.00598596 0.99602
1305031127.454246 -0.0511558 0.179447 0.160751 -0.0884422 -0.0187186 -0.00575921 0.995889
1305031127.487200 -0.0528085 0.180335 0.161323 -0.0856756 -0.0191932 -0.00669608 0.996116
1305031127.521900 -0.053876 0.179964 0.16247 -0.0860563 -0.0198608 -0.00795657 0.99606
1305031127.553725 -0.0539208 0.175373 0.165167 -0.0872521 -0.0209165 -0.00790855 0.995935
1305031127.586632 -0.0545579 0.175509 0.165325 -0.0851956 -0.021179 -0.00818399 0.996105
1305031127.620657 -0.0546423 0.177468 0.166305 -0.0843507 -0.021879 -0.00837916 0.996161
1305031127.654656 -0.0541024 0.173358 0.167673 -0.0863575 -0.0224125 -0.00723333 0.995986
1305031127.687110 -0.0539191 0.170991 0.168777 -0.0855945 -0.0229812 -0.0064476 0.996044
1305031127.723210 -0.0542926 0.172505 0.168706 -0.0842635 -0.0236771 -0.00691775 0.996138
1305031127.754694 -0.053619 0.170244 0.169704 -0.0861075 -0.0244411 -0.00666487 0.995964
1305031127.787641 -0.0544151 0.167746 0.170342 -0.0856719 -0.0242829 -0.00672454 0.996005
1305031127.820128 -0.0553191 0.168891 0.169625 -0.0835897 -0.0243123 -0.00768231 0.996174
1305031127.855132 -0.0559535 0.167957 0.169587 -0.0840987 -0.0242121 -0.00874896 0.996125
1305031127.887122 -0.0567081 0.166248 0.170378 -0.0845626 -0.0243756 -0.00909681 0.996078
1305031127.922560 -0.057376 0.166395 0.170742 -0.0840978 -0.0251669 -0.00933214 0.996096
1305031127.955088 -0.0576186 0.167226 0.170517 -0.0843929 -0.02591 -0.00913683 0.996054
1305031127.987093 -0.0571235 0.166735 0.172781 -0.0859087 -0.0270084 -0.00954534 0.995891
1305031128.021776 -0.0566522 0.167014 0.173998 -0.0867965 -0.0271765 -0.0100577 0.995804
1305031128.055718 -0.0550728 0.164679 0.176689 -0.0898012 -0.0268199 -0.00850241 0.995562
1305031128.087206 -0.0558799 0.161178 0.178649 -0.0907325 -0.0261359 -0.0079005 0.995501
1305031128.124746 -0.0558605 0.160569 0.179768 -0.0901151 -0.0263866 -0.00725168 0.995555
1305031128.157782 -0.0554721 0.161005 0.181086 -0.0902484 -0.0265538 -0.0056354 0.995549
1305031128.187221 -0.0532579 0.155973 0.183267 -0.0912998 -0.0275054 -0.00435283 0.995434
1305031128.225442 -0.0541668 0.157729 0.182697 -0.0883871 -0.0269773 -0.0044014 0.995711
1305031128.256007 -0.0544995 0.158365 0.183007 -0.0883309 -0.0272812 -0.00372277 0.995711
1305031128.291275 -0.0546402 0.155089 0.184013 -0.0894266 -0.0275862 -0.00387472 0.995604
1305031128.324170 -0.0541973 0.156234 0.183268 -0.0877581 -0.027843 -0.00441535 0.995743
1305031128.355206 -0.0555098 0.156875 0.183118 -0.0873954 -0.0274145 -0.00536352 0.995782
1305031128.391397 -0.0564196 0.155439 0.183495 -0.0879922 -0.0274949 -0.00721694 0.995715
1305031128.423609 -0.0559046 0.154383 0.183934 -0.0877467 -0.0278915 -0.00806348 0.99572
1305031128.455499 -0.0570723 0.154209 0.183182 -0.0872537 -0.0275227 -0.00957132 0.99576
1305031128.489523 -0.0576393 0.153125 0.183166 -0.087774 -0.0274857 -0.0103938 0.995707
1305031128.523604 -0.0572222 0.152002 0.183191 -0.0877426 -0.0276399 -0.0111382 0.995697
1305031128.555639 -0.0574508 0.150759 0.183261 -0.0881704 -0.027004 -0.0114598 0.995673
1305031128.591460 -0.0571577 0.148621 0.18359 -0.0882947 -0.0266216 -0.0119432 0.995667
1305031128.623368 -0.0591544 0.148378 0.1827 -0.0869285 -0.0258627 -0.0118641 0.995808
1305031128.655554 -0.0595721 0.148239 0.181932 -0.086428 -0.0269139 -0.0115101 0.995828
1305031128.690449 -0.0593324 0.1472 0.182545 -0.0863372 -0.0285188 -0.0120661 0.995785
1305031128.722976 -0.0588199 0.147386 0.182035 -0.085007 -0.0286231 -0.0128832 0.995886
1305031128.754646 -0.0591263 0.147422 0.181242 -0.0841751 -0.0276548 -0.0139199 0.99597
