1305031790.640468 0 0 0 0 0 0 1
1305031790.672866 0.00380679 0.0084568 0.00166445 -0.00945926 0.000509915 0.00329554 0.99995
1305031790.709421 0.00841611 0.0150973 0.00367716 -0.0199276 0.000423653 0.00629294 0.999782
1305031790.739530 0.0136063 0.0202413 0.00516758 -0.0296001 0.000712597 0.0106258 0.999505
1305031790.773548 0.0195838 0.0283755 0.00488734 -0.0377078 0.00178545 0.0170419 0.999142
1305031790.809521 0.0249399 0.0372371 0.00616533 -0.0480297 0.00296276 0.0244865 0.998541
1305031790.839363 0.0318013 0.0420767 0.00648451 -0.0611544 0.00381689 0.0314695 0.997625
1305031790.871606 0.0368317 0.0454282 0.00858487 -0.0726338 0.00684871 0.0375236 0.996629
1305031790.909436 0.0424483 0.047488 0.00883383 -0.0822094 0.0115025 0.0452535 0.995521
1305031790.941495 0.0457618 0.0521479 0.00937882 -0.0880093 0.0176442 0.0533283 0.994535
1305031790.973696 0.0482317 0.055623 0.00849539 -0.0910526 0.0237657 0.063398 0.993542
1305031791.009486 0.0478439 0.0541 0.00884275 -0.0895834 0.0306559 0.0728615 0.992837
1305031791.041197 0.0524198 0.0493815 0.00538349 -0.0823498 0.0376084 0.0833532 0.992399
1305031791.073525 0.0569593 0.0499252 0.00297967 -0.0696486 0.047576 0.0927926 0.992106
1305031791.109452 0.0640738 0.0418832 -0.00428999 -0.0557202 0.0592474 0.100034 0.991654
1305031791.141330 0.0725057 0.0302301 -0.0126158 -0.0334173 0.0752836 0.103085 0.991256
1305031791.173227 0.0692158 0.0248736 -0.0143857 -0.0086935 0.0977156 0.103227 0.989808
1305031791.209506 0.0705658 0.0111921 -0.0214884 0.0144657 0.117599 0.102473 0.987654
1305031791.241091 0.0736467 0.00991296 -0.0366733 0.0462522 0.137858 0.105124 0.983771
1305031791.273558 0.075893 0.00596174 -0.0504127 0.0698883 0.156703 0.107751 0.97926
1305031791.309764 0.070521 0.0038388 -0.0569424 0.0991144 0.178751 0.112082 0.972452
1305031791.341415 0.0602407 0.00495701 -0.061436 0.129891 0.201443 0.114388 0.964087
1305031791.373525 0.0608542 -0.00410171 -0.074733 0.151423 0.217877 0.120321 0.956621
1305031791.409609 0.0535163 -0.0120901 -0.075194 0.177399 0.233149 0.128068 0.947507
1305031791.441538 0.0484347 -0.0196442 -0.0851479 0.203268 0.243861 0.135864 0.938485
1305031791.473230 0.0398982 -0.0195181 -0.0828963 0.225026 0.254368 0.139595 0.930147
1305031791.509595 0.0371391 -0.0302283 -0.089322 0.244577 0.260863 0.142591 0.92293
1305031791.541450 0.0239074 -0.04444 -0.0948304 0.262678 0.269194 0.142895 0.915487
1305031791.574034 0.0187959 -0.0476987 -0.101055 0.279775 0.275869 0.143757 0.908271
1305031791.609401 0.0160671 -0.0582088 -0.107388 0.29333 0.282193 0.143057 0.902141
1305031791.641229 -6.8811e-05 -0.0667215 -0.11293 0.310056 0.290833 0.139165 0.894379
1305031791.677621 0.00728476 -0.0697227 -0.123918 0.330543 0.294319 0.137246 0.886161
1305031791.709275 0.000353237 -0.0710557 -0.128397 0.351542 0.302813 0.135508 0.87542
1305031791.741364 -0.0269353 -0.0949841 -0.139379 0.36577 0.31649 0.135212 0.864733
1305031791.776668 -0.030524 -0.0946009 -0.139269 0.38471 0.326184 0.130975 0.853491
1305031791.808429 -0.0367557 -0.0999589 -0.153241 0.401388 0.336142 0.127157 0.842453
1305031791.840375 -0.0342619 -0.0985406 -0.161569 0.419648 0.344172 0.124374 0.830646
1305031791.876494 -0.0355297 -0.0981263 -0.166004 0.436305 0.353124 0.121874 0.818589
1305031791.908433 -0.0871138 -0.0379953 -0.0720523 0.470753 0.372547 0.115287 0.791397
1305031791.944357 -0.0939776 -0.0437949 -0.0888294 0.483163 0.376285 0.113369 0.782375
1305031791.977200 -0.102015 -0.0475028 -0.0803965 0.499519 0.381874 0.111719 0.769527
1305031792.005506 -0.0993658 -0.0406809 -0.0786201 0.51447 0.38641 0.105656 0.758185
1305031792.041730 -0.0998728 -0.0488205 -0.105651 0.522544 0.388844 0.100169 0.75214
1305031792.076713 -0.126552 -0.0607689 -0.113145 0.527406 0.396705 0.0972751 0.744987
1305031792.109497 -0.132817 -0.0628902 -0.115433 0.534166 0.400388 0.0947261 0.7385
1305031792.141484 -0.142131 -0.0786104 -0.142705 0.536009 0.40154 0.0952952 0.736463
1305031792.177376 -0.151853 -0.0878644 -0.138106 0.540235 0.406081 0.0928334 0.731182
1305031792.209274 -0.147662 -0.0767193 -0.134853 0.546763 0.408689 0.0854731 0.725753
1305031792.241751 -0.154858 -0.0810217 -0.1271 0.550644 0.413983 0.0813224 0.720275
1305031792.277507 -0.158238 -0.0815347 -0.131616 0.551618 0.414607 0.0798397 0.719336
1305031792.309357 -0.215976 -0.137605 -0.180252 0.536037 0.42037 0.0921645 0.726263
1305031792.341029 -0.216151 -0.130443 -0.167696 0.535186 0.419966 0.0916979 0.727182
1305031792.377088 -0.211604 -0.127509 -0.1635 0.529872 0.419626 0.0944331 0.730911
1305031792.409323 -0.208403 -0.124009 -0.159496 0.522824 0.419056 0.10063 0.735472
1305031792.441590 -0.199582 -0.115041 -0.144968 0.517063 0.417414 0.105576 0.739773
1305031792.477100 -0.191806 -0.10886 -0.148445 0.507727 0.412742 0.114368 0.747513
1305031792.509589 -0.172109 -0.0919537 -0.143842 0.499008 0.406836 0.121071 0.755524
1305031792.541061 -0.161525 -0.0784256 -0.116899 0.490442 0.40483 0.129615 0.760775
1305031792.577055 -0.149699 -0.0692974 -0.127405 0.474434 0.400908 0.138169 0.771423
1305031792.609388 -0.144613 -0.0654175 -0.123684 0.4587 0.400051 0.148077 0.779504
1305031792.641219 -0.14151 -0.0622872 -0.122399 0.442326 0.401775 0.155565 0.78659
1305031792.677662 -0.139522 -0.0589783 -0.132815 0.424097 0.401669 0.163603 0.795008
1305031792.709219 -0.130089 -0.0511564 -0.134882 0.408819 0.399955 0.171517 0.802175
1305031792.741510 -0.163077 -0.0804191 -0.164387 0.381761 0.401134 0.188115 0.811149
1305031792.777507 -0.158895 -0.0766344 -0.150734 0.366797 0.400729 0.194884 0.816637
1305031792.809440 -0.153051 -0.0747122 -0.146127 0.351081 0.399128 0.204463 0.821969
1305031792.845359 -0.145896 -0.0764879 -0.147606 0.33417 0.397604 0.213124 0.827538
1305031792.877574 -0.138685 -0.0873329 -0.158658 0.314516 0.396503 0.222317 0.833331
1305031792.909293 -0.130845 -0.0749709 -0.152627 0.302397 0.394059 0.231402 0.836497
1305031792.945340 -0.12245 -0.0703603 -0.149789 0.288961 0.389867 0.242356 0.8401
1305031792.977564 -0.145835 -0.0866308 -0.166316 0.263795 0.391535 0.255259 0.843774
1305031793.009530 -0.138366 -0.0674061 -0.160158 0.252937 0.385199 0.267086 0.84635
1305031793.045243 -0.134295 -0.0687269 -0.154351 0.240383 0.382481 0.278406 0.847593
1305031793.077518 -0.130819 -0.0549694 -0.139187 0.232558 0.381917 0.287637 0.846948
1305031793.109651 -0.124666 -0.0467287 -0.138365 0.221814 0.382515 0.297543 0.846137
1305031793.145401 -0.119281 -0.022054 -0.125933 0.216117 0.385109 0.303391 0.844356
1305031793.177537 -0.111733 -0.0161466 -0.128166 0.205726 0.387529 0.310657 0.843202
1305031793.209609 -0.103442 0.00267831 -0.118262 0.196324 0.394372 0.313163 0.841342
1305031793.245617 -0.102572 0.0028509 -0.116582 0.184601 0.398777 0.320978 0.838971
1305031793.277180 -0.0965587 0.00802051 -0.111367 0.173797 0.402442 0.327543 0.836989
1305031793.309399 -0.0927039 0.0154164 -0.109648 0.164133 0.404823 0.335545 0.834618
1305031793.345594 -0.0880194 0.0133874 -0.106538 0.153109 0.406724 0.345434 0.83175
1305031793.377232 -0.0840288 0.0261045 -0.101056 0.145046 0.407003 0.353519 0.829659
1305031793.405708 -0.0800386 0.0366081 -0.0923298 0.137274 0.407414 0.361613 0.827288
1305031793.442259 -0.0777223 0.043664 -0.0860996 0.128219 0.408938 0.37013 0.824217
1305031793.474150 -0.0763694 0.0484621 -0.0767077 0.119171 0.41072 0.380617 0.8199
1305031793.507244 -0.102078 0.0542197 -0.0444612 0.113901 0.418393 0.390932 0.811878
1305031793.545400 -0.100779 0.0608859 -0.0324165 0.106015 0.419151 0.400532 0.807865
1305031793.577186 -0.09937 0.0659554 -0.0223806 0.0974374 0.419388 0.412286 0.802895
1305031793.609703 -0.0995566 0.0694465 -0.0111716 0.0894528 0.419097 0.426287 0.79664
1305031793.645429 -0.0980052 0.0734772 -0.00348856 0.0812895 0.417308 0.4388 0.791644
1305031793.677435 -0.0996242 0.0902805 0.00630068 0.0753401 0.415226 0.449477 0.787325
1305031793.709532 -0.097678 0.0860323 0.0169606 0.0646461 0.414144 0.462308 0.781394
1305031793.745574 -0.097212 0.0925965 0.0258047 0.0573611 0.411155 0.474508 0.776211
1305031793.777364 -0.0952437 0.0947988 0.0339671 0.0476729 0.408359 0.4858 0.771341
1305031793.809469 -0.0902036 0.0992468 0.0413985 0.0387163 0.405412 0.496121 0.766815
1305031793.844756 -0.0830757 0.102656 0.044238 0.030785 0.402515 0.506058 0.762193
1305031793.876455 -0.100053 0.0994406 0.0724285 0.0270738 0.40732 0.516458 0.752747
1305031793.908753 -0.100863 0.0974871 0.0789495 0.0212636 0.407421 0.525895 0.746318
1305031793.946431 -0.0956987 0.0980344 0.0822548 0.0146788 0.404829 0.533489 0.742486
1305031793.976745 -0.0922826 0.0983874 0.0833363 0.0098792 0.402219 0.541687 0.738035
1305031794.009162 -0.0896682 0.0986672 0.085072 0.00612527 0.401171 0.54908 0.733167
1305031794.044747 -0.0857826 0.102021 0.0877843 0.00438298 0.401286 0.55317 0.730036
1305031794.076455 -0.083855 0.100918 0.0864559 0.00332477 0.401193 0.556904 0.727248
1305031794.112475 -0.0791816 0.0992497 0.0837102 0.00285268 0.400687 0.561019 0.72436
1305031794.145599 -0.067377 0.0950081 0.0779974 0.0021699 0.400193 0.563586 0.722641
1305031794.177734 -0.0695695 0.0954124 0.0754633 0.00554932 0.403511 0.563019 0.721218
1305031794.213866 -0.0611414 0.0948576 0.0640613 0.0081298 0.405373 0.562351 0.720671
1305031794.245539 -0.0471363 0.0871438 0.0494575 0.0112322 0.408381 0.56251 0.718805
1305031794.277346 -0.0498342 0.0786406 0.0461385 0.0188578 0.418472 0.556953 0.717167
1305031794.313708 -0.0432205 0.0746023 0.0363507 0.0261741 0.426089 0.551912 0.716349
1305031794.345350 -0.0487282 0.0694725 0.0330317 0.0365754 0.437133 0.543733 0.715494
1305031794.377641 -0.0455443 0.0597038 0.0208168 0.0464797 0.446809 0.534969 0.715547
1305031794.414154 -0.051185 0.0537055 0.0163821 0.0559567 0.457446 0.524553 0.71586
1305031794.445415 -0.0510755 0.043906 0.0107655 0.0628576 0.465759 0.515795 0.71629
1305031794.477731 -0.0484324 0.038871 -0.00497733 0.0741748 0.470815 0.5099 0.716123
1305031794.513643 -0.0569942 0.0280901 -0.00771453 0.0861258 0.480102 0.50232 0.713973
1305031794.545650 -0.058988 0.0306433 -0.0199637 0.0986217 0.485681 0.496247 0.712828
1305031794.577340 -0.059049 0.0285197 -0.0332623 0.10966 0.493676 0.491389 0.70908
1305031794.613627 -0.0622998 0.0230557 -0.0433146 0.119831 0.505268 0.483961 0.704361
1305031794.645569 -0.0594334 0.0264009 -0.0565041 0.130976 0.517734 0.476068 0.698681
1305031794.677507 -0.0652761 0.0198951 -0.0701408 0.138122 0.533322 0.466883 0.691744
1305031794.713599 -0.0776033 0.0127978 -0.0607987 0.146642 0.554397 0.456254 0.680419
1305031794.745368 -0.0798856 0.00552537 -0.0751239 0.155677 0.573683 0.447614 0.668051
1305031794.776816 -0.0821977 -0.00188216 -0.0872807 0.164305 0.596309 0.435301 0.654165
1305031794.813463 -0.0894914 -0.00118886 -0.0926751 0.175474 0.619841 0.420727 0.638743
1305031794.846026 -0.094965 -0.0098399 -0.104375 0.183865 0.640751 0.40732 0.624275
1305031794.873764 -0.103078 -0.0160757 -0.113356 0.193813 0.660843 0.393057 0.609284
1305031794.910108 -0.110402 -0.0253022 -0.124151 0.203943 0.678985 0.379001 0.594761
1305031794.945596 -0.120761 -0.0272793 -0.12872 0.213713 0.695394 0.363443 0.581945
1305031794.977250 -0.12838 -0.0297241 -0.129878 0.220927 0.709845 0.349886 0.569991
1305031795.013538 -0.133173 -0.0262403 -0.128121 0.228162 0.721387 0.338402 0.559484
1305031795.045683 -0.139975 -0.0364583 -0.151413 0.232697 0.727267 0.335417 0.551749
1305031795.077205 -0.146917 -0.037729 -0.163988 0.235836 0.732752 0.332235 0.545041
1305031795.113230 -0.145626 -0.058776 -0.198863 0.237576 0.738175 0.330814 0.537783
1305031795.145139 -0.151084 -0.0714238 -0.211312 0.246421 0.748917 0.320038 0.525326
1305031795.177574 -0.166616 -0.0706132 -0.215352 0.257529 0.758381 0.308938 0.512922
1305031795.213517 -0.169306 -0.0812435 -0.223074 0.265151 0.766806 0.302518 0.50018
1305031795.245440 -0.174549 -0.0780156 -0.22327 0.276726 0.773208 0.294455 0.488739
1305031795.277594 -0.185159 -0.0916903 -0.247339 0.282099 0.777609 0.289546 0.481565
1305031795.312820 -0.194856 -0.0915184 -0.249997 0.289502 0.784087 0.282081 0.470984
1305031795.345404 -0.194304 -0.0980903 -0.252028 0.292001 0.793044 0.27303 0.459641
1305031795.381033 -0.206357 -0.100455 -0.264812 0.29353 0.801077 0.265435 0.449062
1305031795.413248 -0.235495 -0.095482 -0.311588 0.294187 0.805679 0.261991 0.442373
1305031795.444944 -0.242048 -0.0992969 -0.323526 0.293972 0.813727 0.259556 0.429018
1305031795.480855 -0.246027 -0.091816 -0.325499 0.296472 0.82063 0.256653 0.415691
1305031795.509058 -0.240566 -0.0898615 -0.316448 0.298037 0.828955 0.251908 0.400684
1305031795.543822 -0.24378 -0.0982747 -0.318181 0.297563 0.835171 0.250851 0.388609
1305031795.580571 -0.246505 -0.0926405 -0.327336 0.296694 0.840314 0.246871 0.380653
1305031795.612694 -0.237532 -0.0947905 -0.321921 0.294718 0.847286 0.242228 0.369556
1305031795.644499 -0.240578 -0.0928806 -0.321182 0.293425 0.853685 0.236398 0.359495
1305031795.680455 -0.244685 -0.0801533 -0.315803 0.295095 0.859184 0.229571 0.349309
1305031795.713145 -0.243168 -0.0795238 -0.309225 0.293981 0.863015 0.228655 0.341316
1305031795.745356 -0.249287 -0.0761732 -0.314611 0.289342 0.864556 0.233206 0.338285
1305031795.781187 -0.242187 -0.0915076 -0.328427 0.279666 0.867026 0.243501 0.332804
1305031795.812774 -0.244365 -0.0710875 -0.314734 0.276659 0.868656 0.250954 0.325448
1305031795.844570 -0.236399 -0.0133279 -0.301211 0.278341 0.867702 0.256035 0.32259
1305031795.880527 -0.229687 -0.0615745 -0.301878 0.267703 0.866073 0.278069 0.317692
1305031795.909127 -0.21872 -0.0598517 -0.301135 0.263988 0.862916 0.293547 0.315458
1305031795.944316 -0.271735 0.0745594 -0.325304 0.27147 0.85335 0.296734 0.33173
1305031795.980897 -0.258392 0.0935175 -0.319183 0.263874 0.850577 0.311584 0.331365
1305031796.012654 -0.248606 0.100441 -0.314974 0.256637 0.847635 0.327818 0.328915
1305031796.045068 -0.236021 0.103789 -0.311963 0.251137 0.843814 0.344854 0.325548
1305031796.081241 -0.223687 0.120987 -0.300993 0.245987 0.839481 0.359863 0.324435
1305031796.113736 -0.209204 0.0885088 -0.31091 0.235138 0.832124 0.385361 0.322138
1305031796.145545 -0.212432 0.113919 -0.314274 0.230473 0.825338 0.400808 0.324114
1305031796.179196 -0.191746 0.130624 -0.287617 0.226097 0.82288 0.412906 0.318205
1305031796.212249 -0.18478 0.143495 -0.278353 0.220831 0.81796 0.427871 0.3148
1305031796.244465 -0.17802 0.123266 -0.295915 0.211284 0.811414 0.448784 0.309121
1305031796.280467 -0.172333 0.128799 -0.289406 0.207632 0.807814 0.462079 0.301343
1305031796.312376 -0.12633 0.133135 -0.202951 0.209338 0.808964 0.470874 0.282893
1305031796.342290 -0.124907 0.136462 -0.199485 0.203865 0.802314 0.486423 0.279503
1305031796.380122 -0.121391 0.142228 -0.19375 0.20074 0.796592 0.499503 0.275024
1305031796.411800 -0.120074 0.152179 -0.179618 0.197728 0.791073 0.511449 0.271154
1305031796.444268 -0.119768 0.152455 -0.178247 0.192814 0.782229 0.527949 0.268713
1305031796.481198 -0.120365 0.156047 -0.177669 0.188568 0.775083 0.540721 0.267032
1305031796.512896 -0.119717 0.1658 -0.163799 0.184357 0.770814 0.549277 0.264859
1305031796.544633 -0.118856 0.170592 -0.151529 0.177612 0.764656 0.561259 0.262184
1305031796.581150 -0.116969 0.172885 -0.150027 0.172595 0.757068 0.574276 0.25935
1305031796.613198 -0.11797 0.177982 -0.137944 0.170832 0.749222 0.585976 0.257122
1305031796.649045 -0.120854 0.183271 -0.123717 0.168744 0.739286 0.598759 0.257807
1305031796.679446 -0.13041 0.195103 -0.122747 0.168167 0.72716 0.611958 0.261652
1305031796.712815 -0.131764 0.201314 -0.114412 0.166014 0.717886 0.623363 0.261714
1305031796.749489 -0.133102 0.206389 -0.105028 0.163939 0.709607 0.633803 0.260524
1305031796.781421 -0.110972 0.210967 -0.0529946 0.162845 0.706852 0.639897 0.253712
1305031796.813561 -0.11236 0.216621 -0.0455506 0.16177 0.696879 0.651427 0.252644
1305031796.849638 -0.115291 0.223406 -0.0362897 0.162607 0.688308 0.660697 0.251528
1305031796.877643 -0.116627 0.225854 -0.025149 0.161278 0.679579 0.6699 0.251782
1305031796.913380 -0.121544 0.235026 -0.015364 0.161532 0.668655 0.680105 0.253498
1305031796.949604 -0.123768 0.242234 -0.00973005 0.162157 0.658013 0.690355 0.253241
1305031796.980992 -0.128799 0.247809 0.00142069 0.161417 0.649442 0.69804 0.254767
1305031797.013555 -0.132575 0.253796 0.0123404 0.158976 0.642035 0.705215 0.255315
1305031797.049352 -0.13809 0.256463 0.0181615 0.1558 0.634473 0.712827 0.25504
1305031797.081428 -0.142023 0.259954 0.0263752 0.152354 0.627758 0.719674 0.254505
1305031797.112264 -0.146316 0.263361 0.0326155 0.148851 0.62054 0.726968 0.253548
1305031797.149559 -0.15127 0.264754 0.0393075 0.147298 0.612971 0.734577 0.250924
1305031797.181442 -0.156967 0.2695 0.0447268 0.148665 0.604114 0.742652 0.247809
1305031797.213717 -0.162822 0.271387 0.0484277 0.150404 0.59445 0.750742 0.245744
1305031797.249736 -0.167633 0.276254 0.0521418 0.152222 0.583448 0.75884 0.246121
1305031797.281280 -0.173564 0.279487 0.0585568 0.15517 0.573919 0.76554 0.245938
1305031797.313591 -0.181776 0.281392 0.0668582 0.156886 0.567948 0.769206 0.247266
1305031797.349653 -0.184848 0.286481 0.0730162 0.156652 0.562237 0.773567 0.246858
