1305032354.009456 0 0 0 0 0 0 1
1305032354.045335 -0.00119231 -0.0111198 0.00157442 -0.0100523 0.00203458 -0.00327455 0.999942
1305032354.076940 -0.00189507 -0.0236807 -0.000503539 -0.019517 0.00111011 -0.00470738 0.999798
1305032354.109860 -0.00252113 -0.037116 -0.0053883 -0.0321152 0.0016529 -0.00866856 0.999445
1305032354.145200 -0.00285568 -0.0508458 -0.00402581 -0.0485245 0.00461853 -0.0109738 0.998751
1305032354.177151 -0.00355782 -0.0654943 -0.00477176 -0.0645705 0.00721864 -0.00549335 0.997872
1305032354.209651 -0.00399702 -0.0824999 -0.00733982 -0.079809 0.00962419 0.000366631 0.996764
1305032354.244910 -0.00421284 -0.0995966 -0.00687804 -0.0957743 0.0118358 0.00126434 0.995332
1305032354.277122 -0.00443129 -0.11776 -0.00682527 -0.106448 0.0138467 0.000750306 0.994222
1305032354.309733 -0.00474005 -0.135603 -0.00940001 -0.111706 0.0142581 -0.00113473 0.993638
1305032354.345124 -0.00508236 -0.156275 -0.0113787 -0.117876 0.0140343 -0.00591435 0.992912
1305032354.377091 -0.00520098 -0.176078 -0.0126464 -0.122707 0.0139084 -0.0105633 0.992289
1305032354.407556 -0.00441708 -0.196713 -0.0147931 -0.127195 0.0131504 -0.0148813 0.991679
1305032354.445200 -0.00388651 -0.21781 -0.0188194 -0.134623 0.0129913 -0.0202107 0.990606
1305032354.477221 -0.0027366 -0.236702 -0.0205073 -0.144797 0.0141203 -0.0235029 0.989081
1305032354.510161 -0.00109546 -0.254607 -0.0230212 -0.15613 0.0168572 -0.023521 0.987313
1305032354.545622 0.000360276 -0.270306 -0.0260031 -0.17043 0.0213085 -0.0208967 0.984918
1305032354.577445 0.00162105 -0.284714 -0.0255611 -0.187416 0.0258153 -0.0154821 0.981819
1305032354.610249 0.00226842 -0.298715 -0.0239133 -0.201987 0.0301044 -0.00707719 0.9789
1305032354.645613 0.00305823 -0.311711 -0.0239641 -0.213917 0.0334412 -0.000182425 0.976279
1305032354.677651 0.00242041 -0.325057 -0.0240938 -0.225333 0.0355547 0.00545098 0.973618
1305032354.709984 0.00177935 -0.337438 -0.0230865 -0.236463 0.0350243 0.00923005 0.970965
1305032354.745813 0.00145396 -0.34995 -0.0213914 -0.247078 0.0324034 0.0102274 0.9684
1305032354.777561 0.00155514 -0.363474 -0.0194014 -0.255206 0.0289798 0.00758445 0.966422
1305032354.813526 0.00284025 -0.378273 -0.01804 -0.261354 0.024784 0.00265239 0.964921
1305032354.845896 0.00514753 -0.392669 -0.0186689 -0.267231 0.020844 -0.00204283 0.963405
1305032354.877727 0.00696339 -0.406156 -0.0178709 -0.273993 0.016956 -0.00713609 0.961556
1305032354.913596 0.00900408 -0.420126 -0.0191676 -0.281052 0.012225 -0.0115221 0.959545
1305032354.946029 0.0104635 -0.433125 -0.017438 -0.291193 0.00670641 -0.0184183 0.956463
1305032354.977691 0.0136999 -0.447372 -0.0169028 -0.298553 0.001179 -0.0277737 0.953988
1305032355.013557 0.0174323 -0.460047 -0.0186576 -0.308086 -0.00419248 -0.0358641 0.950673
1305032355.045678 0.0187411 -0.472168 -0.0129764 -0.321851 -0.0104203 -0.0477527 0.945528
1305032355.077711 0.0201561 -0.486261 -0.00710087 -0.331424 -0.0180374 -0.0586411 0.941485
1305032355.113721 0.0225885 -0.49918 -0.00147333 -0.339331 -0.0287745 -0.0679256 0.93777
1305032355.145771 0.0253666 -0.512158 0.00119198 -0.348854 -0.0413012 -0.0747334 0.933279
1305032355.177863 0.0264384 -0.524499 0.00767029 -0.360547 -0.0544517 -0.080987 0.927621
1305032355.213995 0.0276457 -0.537284 0.0146198 -0.370213 -0.0680425 -0.0864588 0.922409
1305032355.246379 0.0254166 -0.549199 0.0224157 -0.378132 -0.0832655 -0.0906438 0.917533
1305032355.278991 0.0241955 -0.561887 0.0312939 -0.383567 -0.100329 -0.0936614 0.913257
1305032355.312689 0.0255108 -0.576201 0.036079 -0.387175 -0.117481 -0.0958104 0.909458
1305032355.347016 0.0292546 -0.584648 0.0416775 -0.391228 -0.132641 -0.096197 0.90559
1305032355.379246 0.0328276 -0.592552 0.0509783 -0.393902 -0.148685 -0.0985459 0.901678
1305032355.415084 0.0383346 -0.600998 0.0585574 -0.393804 -0.163073 -0.104333 0.898577
1305032355.446636 0.0427924 -0.6107 0.0673471 -0.393052 -0.174403 -0.109216 0.896195
1305032355.479127 0.0486729 -0.621852 0.0724708 -0.38995 -0.187259 -0.111498 0.894674
1305032355.514371 0.0561857 -0.628142 0.0787307 -0.386394 -0.201736 -0.112225 0.892977
1305032355.546522 0.0658665 -0.636264 0.0831713 -0.383547 -0.213996 -0.111624 0.891424
1305032355.578354 0.0771532 -0.642499 0.0892101 -0.382147 -0.223854 -0.111197 0.889656
1305032355.614298 0.0900888 -0.64921 0.0994511 -0.380086 -0.231709 -0.111522 0.888487
1305032355.646429 0.10241 -0.66118 0.107215 -0.377053 -0.236522 -0.112102 0.888438
1305032355.679021 0.114474 -0.672536 0.113489 -0.373619 -0.242206 -0.111913 0.888381
1305032355.715171 0.128243 -0.681789 0.122405 -0.369498 -0.250156 -0.110277 0.888106
1305032355.747547 0.14392 -0.69008 0.126916 -0.363252 -0.256698 -0.10818 0.889073
1305032355.779172 0.162345 -0.694306 0.127189 -0.359412 -0.259203 -0.107648 0.889971
1305032355.815082 0.179148 -0.696253 0.145819 -0.356485 -0.259771 -0.109699 0.890732
1305032355.847746 0.189914 -0.711944 0.155301 -0.342394 -0.256935 -0.114788 0.896423
1305032355.879256 0.20564 -0.715861 0.153401 -0.322201 -0.256559 -0.122465 0.902977
1305032355.914958 0.222818 -0.718908 0.142675 -0.312189 -0.255302 -0.127657 0.906125
1305032355.947516 0.235763 -0.719186 0.140393 -0.31374 -0.253117 -0.127757 0.906188
1305032355.979562 0.246905 -0.721227 0.139357 -0.322652 -0.251342 -0.122466 0.904281
1305032356.015124 0.254404 -0.727414 0.143109 -0.334565 -0.253048 -0.114978 0.900452
1305032356.047385 0.254651 -0.737238 0.149393 -0.3424 -0.259583 -0.107194 0.896598
1305032356.083040 0.265046 -0.742881 0.151876 -0.341689 -0.27112 -0.100167 0.894265
1305032356.114352 0.281303 -0.744168 0.152406 -0.339697 -0.283443 -0.0986286 0.891369
1305032356.146404 0.294496 -0.742451 0.154516 -0.340414 -0.293408 -0.102803 0.88739
1305032356.182442 0.303163 -0.740491 0.162583 -0.338853 -0.3029 -0.112508 0.883613
1305032356.214279 0.310029 -0.745857 0.174254 -0.332345 -0.312069 -0.123322 0.881449
1305032356.246658 0.318365 -0.745499 0.177727 -0.319456 -0.320852 -0.130676 0.882001
1305032356.282363 0.329849 -0.741925 0.173106 -0.309476 -0.326248 -0.132932 0.883242
1305032356.314238 0.338355 -0.735752 0.176034 -0.306797 -0.329933 -0.129723 0.883285
1305032356.346442 0.340179 -0.732913 0.183817 -0.30394 -0.333862 -0.124117 0.883602
1305032356.382453 0.34345 -0.729402 0.193424 -0.292826 -0.341366 -0.118363 0.885275
1305032356.414237 0.34965 -0.723254 0.197794 -0.276996 -0.350243 -0.113307 0.887561
1305032356.446755 0.358834 -0.710473 0.202759 -0.261245 -0.359153 -0.11066 0.889109
1305032356.482444 0.369883 -0.699173 0.211843 -0.246352 -0.3665 -0.110182 0.89042
1305032356.514490 0.379733 -0.686545 0.220908 -0.230647 -0.369952 -0.113179 0.89282
1305032356.546721 0.388664 -0.672573 0.224995 -0.213174 -0.370714 -0.12067 0.895861
1305032356.582446 0.400635 -0.660469 0.221601 -0.197774 -0.369521 -0.129681 0.898622
1305032356.614314 0.411764 -0.642474 0.226542 -0.188615 -0.367887 -0.138014 0.90002
1305032356.646374 0.415476 -0.629109 0.232307 -0.18041 -0.364969 -0.144628 0.901849
1305032356.683322 0.42334 -0.613714 0.235608 -0.169634 -0.362776 -0.144287 0.904875
1305032356.715172 0.43317 -0.595748 0.239767 -0.160363 -0.361369 -0.139547 0.907867
1305032356.743534 0.444647 -0.576478 0.242681 -0.150267 -0.360053 -0.133426 0.911032
1305032356.782372 0.455017 -0.555066 0.245889 -0.141623 -0.358472 -0.127934 0.913824
1305032356.814985 0.459615 -0.541652 0.250166 -0.133024 -0.357893 -0.121683 0.916193
1305032356.846535 0.468999 -0.5206 0.250068 -0.121793 -0.359519 -0.111417 0.918422
1305032356.882068 0.479518 -0.497397 0.251052 -0.11593 -0.361624 -0.101549 0.919498
1305032356.914707 0.486417 -0.477778 0.252674 -0.114431 -0.363155 -0.0910574 0.920181
1305032356.947460 0.492204 -0.458109 0.253914 -0.114113 -0.365727 -0.0785493 0.920354
1305032356.982294 0.50012 -0.43778 0.255443 -0.114564 -0.369 -0.0658946 0.919985
1305032357.014261 0.506953 -0.421303 0.257936 -0.11542 -0.372189 -0.0558914 0.919255
1305032357.046550 0.511408 -0.405739 0.26085 -0.113021 -0.376392 -0.0471082 0.918333
1305032357.082118 0.515 -0.389177 0.259868 -0.108837 -0.382175 -0.0384853 0.916851
1305032357.114108 0.519587 -0.373917 0.262599 -0.104525 -0.390078 -0.0307862 0.914312
1305032357.146528 0.529137 -0.357264 0.262151 -0.0989338 -0.396539 -0.0242516 0.912349
1305032357.182108 0.533444 -0.341531 0.265385 -0.09739 -0.399998 -0.0185953 0.911137
1305032357.214184 0.537126 -0.326578 0.268056 -0.092793 -0.404963 -0.0113363 0.909542
1305032357.250098 0.544322 -0.310993 0.269368 -0.0832057 -0.40927 -0.00466288 0.9086
1305032357.282087 0.552329 -0.294454 0.268571 -0.0753648 -0.40886 0.0039973 0.909471
1305032357.314085 0.559699 -0.279041 0.267928 -0.0720889 -0.407779 0.0146411 0.910112
1305032357.350168 0.564295 -0.263264 0.266774 -0.0677218 -0.407505 0.0240449 0.910371
1305032357.382141 0.571899 -0.246433 0.263225 -0.0642555 -0.407201 0.0300275 0.91058
1305032357.414454 0.57465 -0.229935 0.262301 -0.0667147 -0.405796 0.034722 0.910864
1305032357.450340 0.579755 -0.215238 0.259562 -0.0707256 -0.404354 0.0428271 0.910858
1305032357.482241 0.583694 -0.201179 0.257547 -0.0779752 -0.402721 0.0508564 0.910576
1305032357.513987 0.587477 -0.186668 0.255288 -0.0853933 -0.400145 0.0574692 0.910653
1305032357.549979 0.590654 -0.174559 0.252922 -0.0909041 -0.397678 0.0633527 0.91081
1305032357.582946 0.593027 -0.162856 0.249662 -0.0944585 -0.396123 0.0669884 0.910866
1305032357.611057 0.59817 -0.152085 0.244912 -0.0982892 -0.394642 0.0678611 0.911039
1305032357.650783 0.600324 -0.14005 0.243385 -0.103931 -0.392417 0.0661698 0.911498
1305032357.683024 0.602568 -0.129841 0.24285 -0.109214 -0.389479 0.0643617 0.91227
1305032357.710979 0.607639 -0.120912 0.240785 -0.113421 -0.385806 0.0636508 0.913366
1305032357.750457 0.61045 -0.110632 0.239596 -0.117662 -0.380941 0.0613169 0.91503
1305032357.783108 0.612088 -0.103418 0.239498 -0.120994 -0.375771 0.0584346 0.91692
1305032357.814444 0.617899 -0.0951044 0.236111 -0.122134 -0.371174 0.0554899 0.918822
1305032357.850329 0.62194 -0.0864208 0.234158 -0.124742 -0.365209 0.0501005 0.921169
1305032357.882357 0.622059 -0.0798473 0.235605 -0.126753 -0.358288 0.0478058 0.923731
1305032357.914168 0.624746 -0.0743752 0.23337 -0.124951 -0.350608 0.0478484 0.926915
1305032357.948987 0.624028 -0.0674035 0.230568 -0.121628 -0.343533 0.0500146 0.929887
1305032357.982077 0.623518 -0.0610674 0.228192 -0.117261 -0.339431 0.0508088 0.931909
1305032358.010855 0.620897 -0.0569004 0.22873 -0.111114 -0.336922 0.0513085 0.933544
1305032358.050220 0.61891 -0.0511415 0.22837 -0.100403 -0.334689 0.055584 0.935314
1305032358.082211 0.614666 -0.0463141 0.228891 -0.0914852 -0.333064 0.0576728 0.936682
1305032358.115784 0.609713 -0.0414461 0.231145 -0.0790468 -0.333371 0.0591704 0.937611
1305032358.150676 0.603964 -0.0396047 0.233831 -0.0653441 -0.334328 0.061231 0.938193
1305032358.183396 0.596622 -0.0363269 0.235887 -0.0534634 -0.335676 0.0619296 0.938418
1305032358.214748 0.588316 -0.0322922 0.239656 -0.0410999 -0.338493 0.0645297 0.937853
1305032358.251221 0.580049 -0.0263842 0.243057 -0.0290932 -0.34192 0.0713734 0.936563
1305032358.283060 0.571753 -0.0221063 0.247814 -0.0223357 -0.345555 0.074181 0.935195
1305032358.314611 0.562614 -0.0156222 0.251581 -0.0143833 -0.349158 0.0814921 0.933403
1305032358.350749 0.555384 -0.00910862 0.255437 -0.00782219 -0.353408 0.0884843 0.931242
1305032358.381865 0.547248 -0.00401492 0.260172 -0.00753374 -0.359403 0.0913623 0.928669
1305032358.414355 0.537616 0.00115402 0.26344 -0.00525021 -0.366639 0.0921582 0.925773
1305032358.447967 0.53177 0.00623099 0.266031 -0.00188402 -0.37242 0.0924484 0.923446
1305032358.481387 0.529001 0.0109881 0.269212 -0.00618236 -0.374722 0.093195 0.922421
1305032358.517650 0.527688 0.0184759 0.271802 -0.0116009 -0.375418 0.0937053 0.922034
1305032358.548167 0.528089 0.0240897 0.272724 -0.0150841 -0.37454 0.0933738 0.922374
1305032358.582146 0.529551 0.0282786 0.272543 -0.0184184 -0.373119 0.0939857 0.922827
1305032358.616710 0.530416 0.0307583 0.272143 -0.0222669 -0.372239 0.0928434 0.923213
1305032358.649112 0.531551 0.0322383 0.272049 -0.0244243 -0.372127 0.0921816 0.92327
1305032358.681202 0.534082 0.0318479 0.270448 -0.0254439 -0.372397 0.0930445 0.923047
1305032358.716920 0.53538 0.0286772 0.269801 -0.0265371 -0.372753 0.0935341 0.922823
1305032358.746598 0.538332 0.0233317 0.268659 -0.0252764 -0.374432 0.0952422 0.922004
1305032358.779352 0.540068 0.0149609 0.267789 -0.0226186 -0.37736 0.0951022 0.920893
1305032358.817050 0.54456 0.00624807 0.265165 -0.019714 -0.382944 0.092928 0.918874
1305032358.849277 0.546807 -0.00452127 0.263621 -0.0161939 -0.389204 0.0896571 0.916635
1305032358.882669 0.553516 -0.0164334 0.261279 -0.0120356 -0.394221 0.0872428 0.914786
1305032358.917982 0.55867 -0.0293566 0.259206 -0.0120932 -0.398187 0.085356 0.913244
1305032358.951038 0.563853 -0.0423006 0.256473 -0.013503 -0.402325 0.0803774 0.911862
1305032358.983085 0.571862 -0.0544506 0.252175 -0.0144538 -0.407062 0.074116 0.910274
1305032359.019148 0.579835 -0.0669541 0.248878 -0.0206313 -0.410738 0.0648333 0.909212
1305032359.051225 0.587712 -0.079527 0.247956 -0.029073 -0.412538 0.0516193 0.909012
1305032359.082899 0.595974 -0.0924629 0.246312 -0.0373906 -0.412986 0.0403046 0.909077
1305032359.118855 0.60455 -0.104726 0.246035 -0.0454165 -0.412704 0.0319733 0.90917
1305032359.151254 0.614594 -0.118728 0.244979 -0.0541087 -0.410173 0.0222759 0.910129
1305032359.183363 0.624476 -0.132726 0.244008 -0.0633529 -0.407659 0.0129207 0.910842
1305032359.219267 0.632803 -0.147109 0.244638 -0.0759268 -0.404858 0.0047708 0.911209
1305032359.251063 0.642615 -0.161811 0.245191 -0.0919141 -0.400633 -0.00248524 0.911613
1305032359.283123 0.648617 -0.17564 0.246047 -0.108362 -0.394719 -0.0100194 0.912335
1305032359.319238 0.654865 -0.19143 0.24644 -0.121232 -0.391472 -0.0200667 0.911949
1305032359.350945 0.661184 -0.208785 0.247247 -0.134511 -0.388757 -0.0301509 0.91097
1305032359.383033 0.665379 -0.225749 0.249888 -0.14879 -0.385444 -0.0376744 0.909876
1305032359.418684 0.669029 -0.242475 0.252412 -0.159929 -0.383357 -0.0453412 0.908518
1305032359.450700 0.672045 -0.260079 0.254428 -0.167851 -0.382302 -0.0552011 0.906987
1305032359.482630 0.674722 -0.277266 0.257854 -0.177286 -0.381201 -0.0650298 0.905001
1305032359.517271 0.67439 -0.296404 0.262612 -0.186051 -0.380168 -0.070952 0.903229
1305032359.549406 0.677362 -0.313503 0.267781 -0.191202 -0.380684 -0.0736982 0.901715
1305032359.580783 0.680031 -0.328191 0.272124 -0.201008 -0.379586 -0.0786443 0.899625
1305032359.618509 0.678952 -0.34468 0.27955 -0.21603 -0.376049 -0.0813781 0.897383
1305032359.648297 0.679078 -0.361105 0.286533 -0.228675 -0.373763 -0.083543 0.895002
1305032359.682616 0.675338 -0.376729 0.295617 -0.240083 -0.372851 -0.0883269 0.891931
1305032359.717507 0.669892 -0.392801 0.303183 -0.247877 -0.374736 -0.0942483 0.888396
1305032359.747140 0.668332 -0.408699 0.310846 -0.255391 -0.379743 -0.0991607 0.883594
1305032359.784467 0.664454 -0.423638 0.320935 -0.263193 -0.382474 -0.105868 0.879338
1305032359.814695 0.661275 -0.440038 0.331446 -0.269329 -0.384006 -0.112943 0.875925
1305032359.847549 0.657093 -0.454194 0.341657 -0.276279 -0.386156 -0.119876 0.871885
1305032359.886136 0.653086 -0.469846 0.352752 -0.28366 -0.388019 -0.125962 0.86782
1305032359.915265 0.64854 -0.484248 0.363926 -0.289871 -0.391225 -0.133483 0.863192
1305032359.947309 0.644496 -0.49756 0.374011 -0.296145 -0.395369 -0.141866 0.85782
1305032359.984090 0.641229 -0.510066 0.383819 -0.303299 -0.400294 -0.150448 0.851551
1305032360.018877 0.637859 -0.519032 0.39393 -0.311918 -0.405547 -0.160977 0.843994
1305032360.051651 0.633279 -0.530583 0.405667 -0.321828 -0.410833 -0.172601 0.835375
1305032360.087324 0.627253 -0.538863 0.416165 -0.331507 -0.416259 -0.183791 0.826469
1305032360.119052 0.620585 -0.546182 0.42783 -0.340746 -0.422443 -0.194321 0.817112
1305032360.151201 0.612307 -0.552891 0.441002 -0.348361 -0.429926 -0.203472 0.807717
1305032360.187139 0.604764 -0.562851 0.45473 -0.35386 -0.438634 -0.213159 0.798089
1305032360.218935 0.596824 -0.571251 0.468765 -0.357254 -0.446182 -0.223143 0.789619
1305032360.251170 0.587491 -0.577601 0.48296 -0.359289 -0.453992 -0.230964 0.781958
1305032360.285679 0.57684 -0.585738 0.498869 -0.358619 -0.465419 -0.236464 0.773862
1305032360.318280 0.564588 -0.595486 0.513641 -0.353206 -0.477225 -0.243084 0.76708
1305032360.347303 0.554677 -0.607648 0.526395 -0.346187 -0.488367 -0.248847 0.761399
1305032360.387567 0.548306 -0.616133 0.538856 -0.339426 -0.501307 -0.254986 0.753965
1305032360.419307 0.540754 -0.625522 0.550545 -0.334743 -0.512582 -0.264367 0.745196
1305032360.447080 0.530212 -0.632967 0.561775 -0.330558 -0.51993 -0.274906 0.738127
1305032360.487302 0.521034 -0.642462 0.573357 -0.325745 -0.526355 -0.284174 0.732179
1305032360.516084 0.510471 -0.64979 0.584157 -0.322005 -0.531939 -0.291889 0.726743
1305032360.550452 0.499064 -0.657481 0.594577 -0.319231 -0.536533 -0.296801 0.722588
1305032360.585577 0.487322 -0.664988 0.604319 -0.31494 -0.540856 -0.301515 0.719288
1305032360.616453 0.473668 -0.670217 0.613124 -0.308034 -0.546389 -0.306849 0.715834
1305032360.651196 0.458689 -0.6774 0.62277 -0.296299 -0.555635 -0.312954 0.711011
1305032360.683724 0.443129 -0.683542 0.629963 -0.27988 -0.565752 -0.319421 0.706797
1305032360.716902 0.427505 -0.690905 0.636062 -0.261959 -0.575173 -0.323119 0.704377
1305032360.750823 0.415166 -0.695979 0.639982 -0.246902 -0.584538 -0.32223 0.702512
1305032360.787088 0.404801 -0.698424 0.642085 -0.236808 -0.593162 -0.316003 0.701585
1305032360.817705 0.395494 -0.700266 0.645053 -0.232542 -0.600862 -0.306554 0.700653
1305032360.851074 0.387973 -0.699651 0.649018 -0.229881 -0.608323 -0.299526 0.698127
1305032360.887553 0.382609 -0.69767 0.653366 -0.228046 -0.614358 -0.298375 0.693924
1305032360.919281 0.373177 -0.694779 0.658089 -0.22597 -0.619453 -0.303125 0.68799
1305032360.951273 0.362418 -0.695127 0.66184 -0.221435 -0.625667 -0.307314 0.681957
1305032360.983341 0.359186 -0.693484 0.66537 -0.217552 -0.632823 -0.307538 0.676481
1305032361.019684 0.358299 -0.687393 0.668514 -0.218815 -0.638167 -0.307158 0.671205
1305032361.055112 0.355083 -0.68245 0.673952 -0.222096 -0.643111 -0.31026 0.663943
1305032361.083402 0.349218 -0.678038 0.680681 -0.22171 -0.649066 -0.315385 0.655813
1305032361.118826 0.343723 -0.675619 0.686351 -0.216778 -0.656681 -0.318107 0.648525
1305032361.155055 0.341568 -0.672187 0.692927 -0.207278 -0.666524 -0.316372 0.642409
1305032361.187451 0.34259 -0.669766 0.700747 -0.193978 -0.677022 -0.312671 0.637378
1305032361.214912 0.346474 -0.666362 0.710463 -0.179315 -0.686639 -0.30779 0.633749
1305032361.250889 0.354996 -0.660093 0.719925 -0.16585 -0.695719 -0.30114 0.6307
1305032361.283006 0.366539 -0.652015 0.731317 -0.154112 -0.705074 -0.294337 0.626487
1305032361.318300 0.380768 -0.641422 0.743424 -0.1467 -0.712221 -0.289456 0.622443
1305032361.353596 0.390871 -0.630793 0.755899 -0.143946 -0.717803 -0.286936 0.617823
1305032361.385885 0.402238 -0.619855 0.767841 -0.14059 -0.724609 -0.28429 0.611846
1305032361.418314 0.415249 -0.608826 0.781897 -0.136721 -0.73102 -0.283803 0.605287
1305032361.454287 0.425458 -0.599104 0.796626 -0.132065 -0.735905 -0.28449 0.600056
1305032361.482980 0.439965 -0.589385 0.811303 -0.127193 -0.739815 -0.282633 0.597173
1305032361.517186 0.452426 -0.579156 0.823505 -0.123033 -0.743932 -0.280432 0.593958
1305032361.554410 0.463729 -0.570946 0.836173 -0.114699 -0.750295 -0.276504 0.589446
1305032361.586249 0.478491 -0.562981 0.850328 -0.101812 -0.756561 -0.271812 0.585977
1305032361.614853 0.492053 -0.553269 0.863867 -0.0900647 -0.761064 -0.266322 0.584588
1305032361.654354 0.505349 -0.546506 0.878941 -0.0788883 -0.764895 -0.258564 0.584685
1305032361.683032 0.517259 -0.534384 0.893108 -0.0674559 -0.766888 -0.246987 0.588498
1305032361.715384 0.530473 -0.523483 0.904907 -0.0591668 -0.767765 -0.234126 0.593482
1305032361.754316 0.543834 -0.512595 0.918096 -0.0559461 -0.76709 -0.222367 0.599162
1305032361.782986 0.554964 -0.499655 0.932963 -0.0602388 -0.763211 -0.21123 0.60767
1305032361.819589 0.565914 -0.486626 0.946065 -0.0672415 -0.757719 -0.202351 0.616761
1305032361.855109 0.575567 -0.472444 0.955847 -0.0744513 -0.751617 -0.196942 0.625094
1305032361.886775 0.583053 -0.459145 0.960975 -0.0804652 -0.747032 -0.192814 0.631104
1305032361.919175 0.585363 -0.44545 0.963971 -0.0844325 -0.744125 -0.187756 0.635528
1305032361.955033 0.589117 -0.433132 0.966715 -0.0842436 -0.743537 -0.175072 0.639848
1305032361.987135 0.600609 -0.415871 0.973937 -0.0861599 -0.74485 -0.162283 0.641436
1305032362.019273 0.605452 -0.397708 0.981248 -0.0923779 -0.744777 -0.160083 0.641208
1305032362.054809 0.606672 -0.382623 0.987599 -0.0968842 -0.74286 -0.156595 0.643622
1305032362.086432 0.608664 -0.365378 0.994191 -0.103842 -0.740864 -0.146034 0.64731
1305032362.118268 0.612764 -0.349308 1.0011 -0.11063 -0.739474 -0.134153 0.65034
1305032362.154488 0.616009 -0.329608 1.00754 -0.11552 -0.738216 -0.122512 0.65321
1305032362.186946 0.619558 -0.310823 1.01303 -0.117808 -0.739212 -0.114919 0.653055
1305032362.223302 0.624036 -0.293575 1.02044 -0.119028 -0.741014 -0.109374 0.651742
1305032362.254745 0.625366 -0.273114 1.02682 -0.122968 -0.742587 -0.102984 0.65026
1305032362.286962 0.626534 -0.25516 1.03287 -0.126924 -0.744956 -0.0974797 0.647633
1305032362.322988 0.627401 -0.237801 1.03958 -0.12784 -0.748701 -0.0916187 0.64398
1305032362.355069 0.629547 -0.219122 1.04767 -0.127736 -0.754042 -0.0851135 0.638639
1305032362.386153 0.62946 -0.200995 1.0556 -0.127217 -0.760074 -0.0796602 0.632263
1305032362.421202 0.628755 -0.18327 1.06457 -0.123867 -0.766168 -0.0737904 0.626258
1305032362.452718 0.629302 -0.165403 1.07604 -0.120133 -0.771734 -0.0674757 0.62084
1305032362.487094 0.628781 -0.147315 1.08512 -0.119638 -0.776122 -0.0624892 0.615968
1305032362.523226 0.626827 -0.131113 1.0924 -0.118261 -0.780578 -0.0588236 0.610943
1305032362.554152 0.624212 -0.116293 1.09903 -0.114212 -0.784424 -0.0568778 0.60696
1305032362.586874 0.620609 -0.101603 1.10453 -0.111245 -0.787509 -0.0506866 0.604058
1305032362.623276 0.620599 -0.086801 1.11066 -0.110859 -0.789629 -0.0439941 0.601882
1305032362.655272 0.618655 -0.0715974 1.1142 -0.113586 -0.791118 -0.0410806 0.599619
1305032362.687068 0.614946 -0.0567752 1.11528 -0.117065 -0.793296 -0.0384396 0.596238
1305032362.723139 0.612627 -0.0433845 1.11626 -0.120419 -0.795902 -0.0361163 0.592229
1305032362.752501 0.608479 -0.0322666 1.11624 -0.122761 -0.797786 -0.0330912 0.589383
1305032362.786189 0.604092 -0.0212945 1.11682 -0.124602 -0.799229 -0.0261032 0.587389
1305032362.822975 0.601725 -0.0109318 1.11777 -0.123826 -0.800593 -0.0182232 0.585991
1305032362.854747 0.599813 -0.000270456 1.11964 -0.122872 -0.801734 -0.0101492 0.584826
1305032362.887079 0.597536 0.00934227 1.12064 -0.121329 -0.803345 -0.00322045 0.583015
1305032362.922917 0.594751 0.0179332 1.12109 -0.115885 -0.805378 0.000968166 0.581322
1305032362.955254 0.591279 0.0253377 1.12144 -0.109587 -0.805922 0.00631848 0.581756
1305032362.987432 0.588129 0.0334094 1.123 -0.104384 -0.80556 0.0188728 0.582942
1305032363.023019 0.585979 0.0399331 1.12499 -0.0956266 -0.805082 0.0319526 0.584531
1305032363.050785 0.585298 0.0468895 1.12703 -0.0870674 -0.802614 0.0415442 0.588646
1305032363.087129 0.584253 0.0555349 1.12766 -0.0832601 -0.79938 0.0558203 0.592405
1305032363.121871 0.583895 0.0622594 1.12724 -0.0754709 -0.79787 0.070047 0.593971
1305032363.152039 0.585232 0.0694844 1.12735 -0.0679044 -0.796109 0.0778561 0.59627
1305032363.186339 0.584379 0.0764261 1.12523 -0.0634403 -0.794 0.0869083 0.59832
1305032363.223545 0.586017 0.0836653 1.12411 -0.0607841 -0.793156 0.097991 0.598002
1305032363.254897 0.587096 0.0912417 1.12302 -0.0583183 -0.792904 0.103425 0.597667
1305032363.286746 0.585835 0.0976276 1.12135 -0.053515 -0.792893 0.106435 0.597602
1305032363.323009 0.587214 0.10269 1.12192 -0.049765 -0.79177 0.11092 0.598599
1305032363.351268 0.587929 0.10922 1.12276 -0.0479701 -0.788223 0.117244 0.60221
1305032363.387226 0.58961 0.114644 1.12169 -0.0467954 -0.784965 0.125725 0.604842
1305032363.423169 0.594789 0.121987 1.12428 -0.0474921 -0.783483 0.130452 0.605707
1305032363.454680 0.594256 0.130397 1.12434 -0.0496339 -0.781715 0.130923 0.607715
1305032363.490519 0.596376 0.138495 1.12481 -0.0499892 -0.780392 0.132742 0.60899
1305032363.522372 0.600977 0.150302 1.12726 -0.054495 -0.779782 0.133379 0.609246
1305032363.554139 0.599232 0.160621 1.1257 -0.0619143 -0.778773 0.132422 0.610036
1305032363.589728 0.597544 0.169272 1.12276 -0.0686549 -0.778492 0.136384 0.608799
1305032363.622073 0.599321 0.177186 1.12283 -0.0726203 -0.779326 0.138972 0.606682
1305032363.653876 0.597285 0.183991 1.1218 -0.0756654 -0.780553 0.140695 0.604331
1305032363.689996 0.596905 0.188899 1.12235 -0.0770675 -0.783587 0.143287 0.5996
1305032363.721151 0.595127 0.191344 1.12339 -0.0761214 -0.787487 0.143429 0.594556
1305032363.754688 0.593181 0.192266 1.12559 -0.0701364 -0.790861 0.144916 0.59044
1305032363.789766 0.590977 0.190244 1.12998 -0.0641548 -0.793126 0.14884 0.587096
1305032363.820015 0.589509 0.188748 1.1359 -0.0577741 -0.793556 0.155136 0.585546
1305032363.850926 0.586637 0.18588 1.1401 -0.051138 -0.792578 0.163264 0.585278
1305032363.889635 0.586661 0.184989 1.1466 -0.0468488 -0.79278 0.171857 0.582898
1305032363.918945 0.583724 0.185366 1.14913 -0.0448643 -0.7954 0.173243 0.579062
1305032363.953919 0.580304 0.180269 1.15228 -0.0373861 -0.798933 0.171009 0.575382
1305032363.989477 0.579499 0.175685 1.15734 -0.031128 -0.800948 0.170295 0.57316
1305032364.021974 0.577391 0.172179 1.15962 -0.0285214 -0.80256 0.170015 0.571121
1305032364.051316 0.576765 0.16675 1.16206 -0.0242961 -0.80477 0.169561 0.568335
1305032364.089983 0.578344 0.16027 1.16538 -0.0218679 -0.807653 0.168895 0.564529
1305032364.121945 0.577012 0.154392 1.16628 -0.0207765 -0.811323 0.167119 0.559817
1305032364.154479 0.577724 0.147775 1.16783 -0.0200262 -0.817183 0.164746 0.551968
1305032364.187829 0.57848 0.141849 1.17037 -0.0189345 -0.824517 0.156948 0.543306
1305032364.220131 0.576485 0.133941 1.17208 -0.0196577 -0.83273 0.144684 0.53408
1305032364.254427 0.575217 0.122682 1.17397 -0.0211679 -0.841229 0.133227 0.523581
1305032364.287208 0.575805 0.109957 1.17663 -0.0194278 -0.848726 0.120847 0.514474
1305032364.321001 0.577431 0.0985309 1.18133 -0.0195345 -0.855979 0.107642 0.505304
1305032364.353803 0.577499 0.0849765 1.18595 0.0207429 0.862744 -0.0918369 -0.496798
1305032364.390393 0.576379 0.071343 1.19042 0.0210547 0.86855 -0.0739722 -0.489598
1305032364.422934 0.575133 0.0564443 1.19514 0.0210271 0.874493 -0.0554188 -0.481403
1305032364.454973 0.573099 0.0409926 1.2012 0.0209284 0.880432 -0.0354887 -0.47238
1305032364.490909 0.56838 0.0233722 1.20747 0.0203698 0.885164 -0.0149006 -0.464593
1305032364.523222 0.563609 0.00536122 1.21372 0.0175118 0.889241 0.0031315 -0.457093
1305032364.555371 0.559083 -0.0145176 1.22184 0.0133472 0.892857 0.0223712 -0.449586
1305032364.590015 0.553904 -0.0354547 1.23064 0.0072621 0.894487 0.0397881 -0.445261
1305032364.622240 0.54702 -0.0575485 1.23947 0.00306564 0.895014 0.0531514 -0.44285
1305032364.654940 0.541766 -0.0785787 1.24865 0.00197349 0.89552 0.0648845 -0.440261
1305032364.691021 0.535481 -0.0978576 1.25767 -0.000647984 0.89511 0.0808374 -0.438456
1305032364.723145 0.5289 -0.11743 1.26476 -0.00203483 0.893969 0.0987961 -0.437098
1305032364.758771 0.522438 -0.136993 1.27201 0.00166301 0.892555 0.11817 -0.435176
1305032364.790576 0.512805 -0.157623 1.27769 0.00249393 0.890229 0.136736 -0.434499
1305032364.822800 0.503064 -0.176175 1.27844 -0.000164576 0.888131 0.148935 -0.434789
1305032364.858509 0.495066 -0.198864 1.28102 -0.00479553 0.888749 0.158629 -0.430045
1305032364.889427 0.487105 -0.221239 1.28707 -0.00721409 0.889592 0.167974 -0.424686
1305032364.923105 0.477006 -0.240184 1.28992 -0.00652977 0.88963 0.177192 -0.420855
1305032364.956761 0.466159 -0.259788 1.29106 -0.00468108 0.890212 0.186816 -0.415453
1305032364.991437 0.45511 -0.279999 1.29346 -0.00279307 0.891438 0.193902 -0.409552
1305032365.022936 0.44522 -0.297975 1.29781 -0.000303705 0.892346 0.199695 -0.404773
1305032365.059290 0.43362 -0.313373 1.30047 0.000569262 0.892837 0.20626 -0.400374
1305032365.087143 0.423148 -0.327937 1.3044 -0.00133684 0.893066 0.214447 -0.395531
1305032365.123256 0.411842 -0.340291 1.30787 -0.00179079 0.893018 0.224565 -0.389983
1305032365.159298 0.399554 -0.353366 1.30895 -0.00291127 0.892946 0.235298 -0.383762
1305032365.191271 0.387636 -0.366322 1.30867 -0.00823647 0.892978 0.243935 -0.378177
1305032365.223463 0.376006 -0.377137 1.30957 -0.0154291 0.893536 0.251218 -0.371813
1305032365.256958 0.365584 -0.388704 1.31077 -0.0211541 0.894348 0.258326 -0.364638
1305032365.290273 0.356285 -0.39919 1.3134 -0.0233669 0.895238 0.265183 -0.357325
1305032365.323458 0.345811 -0.409302 1.31205 -0.0265035 0.895865 0.272227 -0.350165
1305032365.359591 0.336799 -0.420658 1.31326 -0.032148 0.896931 0.276581 -0.343488
1305032365.391371 0.32941 -0.428059 1.31704 -0.0361337 0.89758 0.281198 -0.337597
1305032365.423267 0.320784 -0.434821 1.31613 -0.0394445 0.897814 0.28724 -0.331462
1305032365.459383 0.314267 -0.442082 1.31564 -0.0418727 0.898943 0.290567 -0.325144
1305032365.491152 0.308971 -0.448098 1.31697 -0.0420671 0.900583 0.29309 -0.318242
1305032365.523217 0.303612 -0.454983 1.3167 -0.04251 0.902099 0.295486 -0.311606
1305032365.558893 0.2987 -0.462077 1.31637 -0.0440441 0.904118 0.295555 -0.305413
1305032365.591436 0.296046 -0.468597 1.31516 -0.0463889 0.906928 0.293913 -0.298236
1305032365.623205 0.293263 -0.474368 1.31686 -0.0486448 0.909971 0.292442 -0.289936
1305032365.659377 0.289756 -0.480332 1.31845 -0.0511257 0.911979 0.293103 -0.282438
1305032365.691155 0.286527 -0.48394 1.31763 -0.0533678 0.913179 0.294177 -0.276975
1305032365.723383 0.283873 -0.489091 1.31326 -0.05538 0.914953 0.293824 -0.271036
1305032365.759259 0.281358 -0.49488 1.31235 -0.0583973 0.918158 0.289965 -0.26362
1305032365.791166 0.276778 -0.498179 1.31321 -0.0602609 0.920656 0.286568 -0.258147
1305032365.823223 0.273537 -0.501308 1.31058 -0.0607703 0.922333 0.283835 -0.255043
1305032365.859634 0.269559 -0.505608 1.30687 -0.0593589 0.924698 0.279074 -0.252046
1305032365.889504 0.264955 -0.508475 1.30626 -0.056233 0.927999 0.271975 -0.248366
1305032365.927362 0.258825 -0.511451 1.30526 -0.0511537 0.930651 0.265701 -0.246323
1305032365.959313 0.251689 -0.514983 1.30197 -0.0450635 0.932938 0.25872 -0.246293
1305032365.991061 0.246576 -0.518026 1.29891 -0.0387277 0.935556 0.250251 -0.246192
1305032366.026870 0.24095 -0.522689 1.29579 -0.0323312 0.93764 0.244743 -0.244717
1305032366.059164 0.233602 -0.529689 1.29155 -0.0283108 0.939641 0.238308 -0.243892
1305032366.091112 0.229975 -0.532058 1.29403 -0.0244408 0.940512 0.234737 -0.244412
1305032366.127026 0.224352 -0.539499 1.29125 -0.0250369 0.938262 0.245356 -0.242564
1305032366.159365 0.219921 -0.551378 1.28249 -0.0366028 0.935557 0.255454 -0.241117
1305032366.190979 0.21818 -0.561938 1.27666 -0.0522265 0.933802 0.26019 -0.239972
1305032366.227205 0.217815 -0.567402 1.26988 -0.0605698 0.931962 0.266912 -0.237773
1305032366.259172 0.216766 -0.5753 1.25835 -0.0634428 0.930382 0.275733 -0.233099
1305032366.291401 0.215224 -0.582461 1.25186 -0.0632589 0.930237 0.282018 -0.226103
1305032366.327121 0.211178 -0.589738 1.24652 -0.0615679 0.928872 0.29181 -0.219667
1305032366.359097 0.206594 -0.5973 1.23584 -0.0639653 0.926672 0.301489 -0.215154
1305032366.391043 0.203196 -0.603408 1.22765 -0.0684423 0.92524 0.307997 -0.210677
1305032366.427242 0.200439 -0.607236 1.22186 -0.073373 0.923893 0.314264 -0.205613
1305032366.459233 0.197225 -0.609838 1.2144 -0.0769551 0.922521 0.320766 -0.200353
1305032366.491285 0.194459 -0.613162 1.20587 -0.0806811 0.922169 0.324427 -0.194532
1305032366.526997 0.193018 -0.614856 1.20092 -0.0858673 0.922733 0.325744 -0.1873
1305032366.559109 0.192294 -0.613998 1.19476 -0.0921559 0.923477 0.326892 -0.178432
1305032366.591375 0.192039 -0.61287 1.19141 -0.0973856 0.92485 0.327164 -0.167724
1305032366.626920 0.192532 -0.608185 1.19127 -0.101241 0.925834 0.328988 -0.156039
1305032366.655039 0.190607 -0.60681 1.18887 -0.105324 0.925641 0.334045 -0.143213
1305032366.687461 0.189634 -0.607452 1.18454 -0.109138 0.925202 0.337983 -0.133634
1305032366.727328 0.189936 -0.605082 1.18171 -0.110068 0.926417 0.336888 -0.127053
1305032366.759333 0.189853 -0.602736 1.18408 -0.107034 0.928266 0.335591 -0.119347
1305032366.790587 0.187216 -0.602735 1.18477 -0.10511 0.929413 0.336261 -0.10987
1305032366.826895 0.184588 -0.602894 1.18624 -0.107559 0.93058 0.334999 -0.101131
1305032366.859205 0.182489 -0.601407 1.19041 -0.111129 0.931626 0.333237 -0.0931481
1305032366.888643 0.180841 -0.597991 1.19613 -0.112751 0.932234 0.332941 -0.0858908
1305032366.926959 0.178361 -0.596318 1.19858 -0.113369 0.932158 0.334559 -0.0793718
1305032366.958281 0.176624 -0.596759 1.19928 -0.114716 0.932969 0.333044 -0.0741027
1305032366.990487 0.173996 -0.596358 1.20558 -0.115973 0.935588 0.326115 -0.0698123
1305032367.026585 0.170491 -0.593467 1.21481 -0.115347 0.938507 0.318372 -0.0673691
1305032367.058683 0.166582 -0.590136 1.2243 -0.113115 0.941483 0.310481 -0.0664544
1305032367.087523 0.161126 -0.586938 1.23645 -0.109747 0.944638 0.301987 -0.0664708
1305032367.126868 0.155274 -0.582891 1.24839 -0.107224 0.947389 0.293887 -0.0677301
1305032367.158939 0.147929 -0.578555 1.26117 -0.105323 0.950127 0.28513 -0.0697591
1305032367.191850 0.140795 -0.573387 1.27543 -0.103765 0.952324 0.277026 -0.074617
1305032367.226101 0.134309 -0.567101 1.28623 -0.102021 0.954193 0.269444 -0.0806698
1305032367.257578 0.129225 -0.561708 1.29778 -0.101431 0.956543 0.259718 -0.0853514
1305032367.293991 0.120439 -0.552602 1.31552 -0.0990369 0.958902 0.250789 -0.0883427
1305032367.326110 0.112343 -0.546207 1.3254 -0.0995201 0.95925 0.248427 -0.0906568
1305032367.358269 0.108708 -0.542778 1.33033 -0.105153 0.960587 0.239444 -0.094243
1305032367.394011 0.103543 -0.534613 1.34408 -0.109284 0.963531 0.224175 -0.0970125
1305032367.425982 0.0990791 -0.526177 1.35395 -0.109426 0.965614 0.214537 -0.097923
1305032367.458337 0.094944 -0.519666 1.36011 -0.109089 0.968067 0.20372 -0.0971803
1305032367.494794 0.0910864 -0.51167 1.36795 -0.107179 0.971173 0.19002 -0.096065
1305032367.525123 0.0868174 -0.502473 1.37573 -0.106623 0.973742 0.178291 -0.0931091
1305032367.558998 0.0805223 -0.492366 1.38492 -0.105155 0.975826 0.169133 -0.0900023
1305032367.594540 0.0740128 -0.481668 1.39187 -0.10238 0.976944 0.165222 -0.0883202
1305032367.627313 0.0685858 -0.472919 1.39501 -0.102177 0.977812 0.161787 -0.0852496
1305032367.659071 0.0613605 -0.463475 1.40164 -0.105355 0.978549 0.156796 -0.082206
1305032367.694516 0.0549038 -0.451623 1.40686 -0.108352 0.978976 0.153286 -0.0798042
1305032367.727182 0.049331 -0.440938 1.41113 -0.108694 0.979597 0.150757 -0.0764737
1305032367.759159 0.0417797 -0.429471 1.4167 -0.105686 0.980782 0.146993 -0.0727302
1305032367.794852 0.0322292 -0.416886 1.42261 -0.101952 0.981898 0.14393 -0.06904
1305032367.826871 0.0229677 -0.405994 1.42693 -0.0990649 0.98289 0.140878 -0.0653243
1305032367.858142 0.0136762 -0.394082 1.43253 -0.0962244 0.984342 0.134424 -0.0611708
1305032367.894056 0.00173827 -0.382942 1.43911 -0.0933798 0.985699 0.12839 -0.0565056
1305032367.925922 -0.0110508 -0.370812 1.4432 -0.0924752 0.98687 0.121063 -0.0536689
1305032367.957958 -0.0210982 -0.357517 1.44711 -0.0926078 0.988189 0.111335 -0.0501144
1305032367.994884 -0.0310364 -0.34445 1.45114 -0.0939013 0.989538 0.100378 -0.0438439
1305032368.025983 -0.0396484 -0.331002 1.45771 -0.0927973 0.99101 0.0892316 -0.0364192
1305032368.058921 -0.0502529 -0.322292 1.46286 -0.0927278 0.992219 0.0782056 -0.0280686
1305032368.094710 -0.0602108 -0.308963 1.46814 -0.0922611 0.993497 0.063525 -0.0204201
1305032368.126824 -0.0683825 -0.295379 1.47215 -0.0930413 0.994304 0.0507276 -0.0113501
1305032368.156667 -0.0759052 -0.281725 1.47703 -0.0939479 0.994877 0.0373133 -0.00128308
1305032368.190798 -0.0828777 -0.267832 1.48077 -0.0934906 0.995243 0.0258467 0.00907204
1305032368.226380 -0.0889406 -0.255387 1.48262 -0.0948469 0.995223 0.0126605 0.019361
1305032368.258177 -0.0952643 -0.240829 1.48504 -0.0954267 0.995059 0.000529657 0.0274217
1305032368.293455 -0.100846 -0.226718 1.48633 -0.0932132 0.995027 -0.00812492 0.0341686
1305032368.326215 -0.106255 -0.215284 1.48599 -0.0917797 0.994835 -0.0166593 0.0400385
1305032368.358554 -0.110395 -0.20062 1.48472 -0.093276 0.994362 -0.0273947 0.0423496
1305032368.393756 -0.112135 -0.184254 1.48546 -0.0945065 0.993876 -0.036511 0.0441023
1305032368.425949 -0.114145 -0.170564 1.48082 -0.097055 0.993292 -0.0419278 0.0468275
1305032368.462413 -0.117465 -0.162187 1.47804 -0.101659 0.992482 -0.0491072 0.0472662
1305032368.494411 -0.117683 -0.154349 1.47241 -0.10139 0.991505 -0.0666493 0.0468623
1305032368.526548 -0.123933 -0.141443 1.47241 -0.098924 0.990013 -0.0881941 0.0480659
1305032368.561964 -0.130316 -0.125761 1.46632 -0.0979193 0.988764 -0.104639 0.0425228
1305032368.594201 -0.136237 -0.111088 1.46154 -0.0927763 0.987951 -0.119407 0.032961
1305032368.626418 -0.138525 -0.0947038 1.45673 -0.0831891 0.986783 -0.136681 0.0256401
1305032368.662780 -0.144951 -0.0713869 1.45709 -0.0709339 0.985771 -0.151072 0.0200497
1305032368.692306 -0.149324 -0.0517794 1.45251 -0.05596 0.985369 -0.160275 0.0151453
1305032368.726391 -0.153824 -0.0331184 1.45377 -0.0420676 0.984563 -0.169251 0.0148431
1305032368.762429 -0.151293 -0.00888874 1.45124 -0.0287688 0.98385 -0.175756 0.0179148
1305032368.794488 -0.15314 0.0112169 1.44847 -0.0174082 0.983526 -0.178298 0.0241399
1305032368.826920 -0.15316 0.027083 1.44115 -0.00710968 0.98303 -0.180631 0.0312152
1305032368.862385 -0.154108 0.0397158 1.43695 -0.00281875 0.982279 -0.183472 0.0381866
1305032368.894079 -0.155224 0.0498279 1.43298 -0.000541033 0.981556 -0.18643 0.0423153
1305032368.926364 -0.158108 0.0608816 1.42814 0.00385188 0.980393 -0.191939 0.0444398
1305032368.959769 -0.160513 0.0715011 1.42521 0.0104467 0.979115 -0.197955 0.0451541
1305032368.992519 -0.165169 0.0825811 1.4212 0.0146171 0.977804 -0.204005 0.0454697
1305032369.026559 -0.168538 0.089141 1.41734 0.0192101 0.976203 -0.211388 0.0444359
1305032369.062508 -0.174087 0.101338 1.41822 0.0276015 0.97387 -0.221236 0.0432334
1305032369.092465 -0.181117 0.113532 1.41384 0.0361744 0.972162 -0.227783 0.0413107
1305032369.126422 -0.184703 0.120773 1.40888 0.0436494 0.970931 -0.231539 0.0421697
1305032369.162529 -0.193334 0.124894 1.41201 0.0505721 0.970033 -0.233009 0.0467467
1305032369.194429 -0.198696 0.130513 1.41024 0.0554758 0.96938 -0.233902 0.0501515
1305032369.226184 -0.201952 0.135365 1.4052 0.0600407 0.968659 -0.234855 0.0541928
1305032369.262275 -0.207429 0.139965 1.40549 0.0637942 0.968157 -0.234948 0.0583262
1305032369.294549 -0.21255 0.143303 1.40435 0.0676234 0.967668 -0.235352 0.0604632
1305032369.325603 -0.215739 0.146939 1.4031 0.0732475 0.966693 -0.237345 0.0616984
1305032369.361711 -0.218445 0.143897 1.40213 0.0797778 0.965696 -0.238545 0.0645155
1305032369.393865 -0.220257 0.141492 1.40184 0.0848538 0.963218 -0.246178 0.0663865
1305032369.425788 -0.223334 0.148089 1.40043 0.0888635 0.961138 -0.251747 0.0702923
1305032369.461699 -0.222147 0.148352 1.39859 0.0892434 0.961397 -0.24968 0.0735549
1305032369.493663 -0.222523 0.149845 1.40016 0.0931685 0.961149 -0.247688 0.0784985
1305032369.526387 -0.221476 0.152498 1.39834 0.0968402 0.961133 -0.244773 0.0832611
1305032369.561511 -0.221842 0.153921 1.39892 0.0962654 0.962046 -0.239814 0.0876911
1305032369.590662 -0.221394 0.156883 1.39997 0.0956109 0.963717 -0.231881 0.0913237
1305032369.629343 -0.222109 0.154562 1.40143 0.092719 0.96637 -0.220805 0.0936874
1305032369.661976 -0.221642 0.150927 1.40694 0.0919102 0.967949 -0.2142 0.0935213
1305032369.694117 -0.221844 0.147169 1.41022 0.0900961 0.969667 -0.207296 0.0930453
1305032369.730214 -0.222725 0.141127 1.41679 0.0837871 0.971607 -0.201334 0.0917821
1305032369.762462 -0.225062 0.136713 1.42756 0.0774867 0.973451 -0.195871 0.08957
1305032369.794288 -0.226848 0.13276 1.437 0.0719676 0.975348 -0.190568 0.0848574
1305032369.830464 -0.229783 0.132137 1.44959 0.0675423 0.977178 -0.184802 0.0800631
1305032369.862646 -0.231849 0.131395 1.45724 0.0632967 0.979133 -0.178223 0.0743531
1305032369.894378 -0.234091 0.131208 1.46637 0.0588897 0.980978 -0.172409 0.0669992
1305032369.930439 -0.235537 0.131549 1.47656 0.0559591 0.982494 -0.167054 0.0605619
1305032369.962123 -0.235991 0.131845 1.48349 0.0526753 0.984104 -0.160385 0.0551534
1305032369.994406 -0.236042 0.132834 1.48929 0.0505375 0.985533 -0.153435 0.0512609
1305032370.029452 -0.235056 0.132171 1.49506 0.0478316 0.986534 -0.148636 0.0486869
1305032370.062431 -0.234549 0.131954 1.50504 0.0442053 0.987434 -0.144261 0.0469903
1305032370.094141 -0.234688 0.133454 1.51567 0.0423432 0.988629 -0.136725 0.0461084
1305032370.131075 -0.233253 0.133671 1.52309 0.0391199 0.990111 -0.127206 0.0443707
1305032370.163765 -0.232261 0.135484 1.53182 0.0385473 0.99124 -0.118872 0.0427359
1305032370.191957 -0.230107 0.136307 1.5386 0.038311 0.992247 -0.111211 0.0401183
1305032370.227691 -0.22834 0.137212 1.54721 0.0390845 0.992949 -0.10569 0.0368075
1305032370.260069 -0.226916 0.138204 1.55665 0.0394088 0.993646 -0.0997261 0.0342023
1305032370.292473 -0.224927 0.138853 1.56379 0.0387649 0.994391 -0.0929767 0.0322281
1305032370.330184 -0.223535 0.13891 1.57005 0.0373961 0.994868 -0.0883667 0.0320888
1305032370.362216 -0.223109 0.139104 1.57715 0.0355042 0.995378 -0.0833149 0.0319584
1305032370.393732 -0.221458 0.138509 1.58116 0.0330218 0.995917 -0.0784806 0.0299972
1305032370.429519 -0.221304 0.138242 1.58636 0.0328852 0.996105 -0.0771367 0.027265
1305032370.462719 -0.22316 0.138012 1.59261 0.032851 0.996373 -0.0746142 0.0243728
1305032370.494226 -0.222358 0.139446 1.59674 0.0317955 0.996729 -0.0715207 0.0201523
1305032370.530396 -0.222198 0.139894 1.60181 0.0304921 0.997023 -0.0685733 0.0176863
1305032370.559254 -0.223086 0.142162 1.60764 0.0277733 0.997468 -0.0635141 0.0158963
1305032370.594716 -0.22376 0.145298 1.61123 0.0224866 0.998135 -0.0550037 0.0140153
1305032370.630635 -0.223485 0.145066 1.61193 0.0188088 0.998686 -0.0460139 0.0124901
1305032370.662528 -0.224067 0.145178 1.61426 0.015769 0.999062 -0.0390147 0.0102076
1305032370.694786 -0.225392 0.145356 1.61574 0.0117857 0.999396 -0.0321794 0.00581666
1305032370.730482 -0.225875 0.144035 1.61672 0.0114213 0.999519 -0.028744 0.00212704
1305032370.762399 -0.227634 0.141462 1.6206 0.0108088 0.999606 -0.0259029 -0.000626939
1305032370.794226 -0.229831 0.139585 1.62349 0.00836284 0.999759 -0.0199349 -0.00385368
1305032370.830572 -0.230341 0.135309 1.62256 0.00703546 0.999884 -0.0129914 -0.0037488
1305032370.862608 -0.231706 0.127378 1.62499 0.00480645 0.999962 -0.00727274 0.000589693
1305032370.898515 -0.233459 0.12067 1.62886 0.000616169 0.999995 4.3662e-05 0.00301752
1305032370.930670 -0.235784 0.111609 1.62944 -0.00270603 0.99993 0.0107794 0.00396356
1305032370.962798 -0.238734 0.100477 1.6315 -0.00562069 0.999743 0.0213594 0.00517966
1305032370.998569 -0.242798 0.0883863 1.63376 -0.00918682 0.999411 0.0324822 0.0061359
1305032371.030841 -0.248565 0.0764176 1.63572 -0.0109334 0.998832 0.0468532 0.00442951
1305032371.063015 -0.25518 0.0624698 1.63549 -0.0102438 0.997982 0.0626041 0.00266774
1305032371.098694 -0.261611 0.0449488 1.63443 -0.0133694 0.997024 0.0759114 0.00111648
1305032371.127227 -0.269202 0.0245333 1.63491 -0.0204599 0.995832 0.0888725 -0.000849227
1305032371.163393 -0.277587 0.00303473 1.63313 -0.0282851 0.994413 0.10159 -0.00481228
1305032371.199223 -0.282405 -0.0202002 1.62825 -0.0380004 0.993287 0.108964 -0.00800681
1305032371.231580 -0.289333 -0.0482961 1.62639 -0.0511731 0.992343 0.112127 -0.0079747
1305032371.263109 -0.295729 -0.0734339 1.62349 -0.0630325 0.99129 0.115333 -0.00833832
1305032371.298947 -0.301185 -0.0984424 1.61873 -0.0734128 0.990058 0.119652 -0.00884599
1305032371.331335 -0.305359 -0.126406 1.61322 -0.0847669 0.988627 0.124063 -0.00635468
1305032371.362306 -0.309543 -0.153397 1.60773 -0.0972209 0.986886 0.128844 -0.00171789
1305032371.399028 -0.316093 -0.179443 1.60453 -0.108573 0.984802 0.135519 0.00341873
1305032371.429259 -0.321277 -0.20342 1.5973 -0.120006 0.982133 0.144733 0.00804371
1305032371.461631 -0.325741 -0.227957 1.59036 -0.132481 0.9788 0.155705 0.012502
1305032371.500366 -0.33105 -0.250502 1.58255 -0.142802 0.975311 0.167557 0.0173238
1305032371.528780 -0.33715 -0.272605 1.57436 -0.154246 0.971208 0.180074 0.0231497
1305032371.563035 -0.341733 -0.293536 1.56346 -0.168667 0.966345 0.192078 0.0288825
1305032371.594845 -0.346764 -0.311826 1.55254 -0.180895 0.961757 0.202784 0.0343341
1305032371.627278 -0.352242 -0.330037 1.54049 -0.189188 0.957607 0.213526 0.0400436
1305032371.661699 -0.357451 -0.346616 1.52693 -0.19516 0.953914 0.22323 0.0461426
1305032371.698085 -0.3619 -0.363053 1.51278 -0.205533 0.949403 0.231363 0.0534968
1305032371.726894 -0.37084 -0.379676 1.50219 -0.216383 0.944773 0.238847 0.0594508
1305032371.763078 -0.379109 -0.391516 1.48558 -0.222906 0.940205 0.249717 0.0630053
1305032371.798775 -0.384185 -0.404499 1.4653 -0.226706 0.936745 0.258338 0.0661422
1305032371.830728 -0.392537 -0.415583 1.447 -0.226903 0.934705 0.26407 0.0714737
1305032371.862988 -0.397427 -0.425917 1.42456 -0.228647 0.932768 0.266925 0.0801011
1305032371.898658 -0.405576 -0.440966 1.40787 -0.232419 0.930215 0.268697 0.0921065
1305032371.930961 -0.412384 -0.454965 1.38882 -0.2405 0.926168 0.271477 0.103303
1305032371.960332 -0.416002 -0.46819 1.36774 -0.252199 0.921477 0.272577 0.113921
1305032371.999011 -0.418206 -0.480814 1.34762 -0.263276 0.91732 0.271665 0.124127
1305032372.030867 -0.419329 -0.494169 1.32682 -0.27255 0.913765 0.269917 0.133772
1305032372.058918 -0.420517 -0.511875 1.30731 -0.283011 0.909956 0.267165 0.143204
1305032372.098264 -0.422547 -0.526626 1.29126 -0.293287 0.905945 0.266257 0.14951
1305032372.127609 -0.414384 -0.530978 1.26829 -0.30341 0.902103 0.265143 0.154437
1305032372.166169 -0.407874 -0.54356 1.24894 -0.312236 0.898823 0.259309 0.165484
1305032372.198119 -0.402629 -0.554647 1.23365 -0.320805 0.895338 0.252658 0.177817
1305032372.230071 -0.392922 -0.56291 1.21629 -0.330786 0.890758 0.246906 0.190179
1305032372.266126 -0.383596 -0.572606 1.20137 -0.33973 0.886231 0.240851 0.202903
1305032372.297790 -0.376372 -0.581266 1.18768 -0.347234 0.881428 0.236857 0.215434
1305032372.329039 -0.366325 -0.590568 1.17505 -0.358392 0.875153 0.23367 0.225968
1305032372.366292 -0.358558 -0.601052 1.16405 -0.369699 0.869396 0.230903 0.232715
1305032372.398337 -0.34773 -0.605597 1.15343 -0.380055 0.864705 0.229042 0.235335
1305032372.430932 -0.337344 -0.611017 1.14482 -0.387903 0.860338 0.228559 0.238979
1305032372.466079 -0.328002 -0.618962 1.13748 -0.395875 0.854932 0.23121 0.242727
1305032372.498135 -0.313238 -0.621363 1.12806 -0.405585 0.849004 0.234404 0.244434
1305032372.530492 -0.295351 -0.626211 1.11896 -0.413834 0.844342 0.233251 0.247835
1305032372.570271 -0.284499 -0.634658 1.11378 -0.417484 0.841246 0.23188 0.253463
1305032372.597861 -0.271197 -0.641334 1.1071 -0.422438 0.83686 0.235144 0.256745
1305032372.629218 -0.254932 -0.646221 1.09873 -0.427712 0.833228 0.237109 0.258016
1305032372.664108 -0.241974 -0.651352 1.09268 -0.430816 0.831153 0.237013 0.259629
1305032372.698696 -0.231006 -0.654543 1.08711 -0.433195 0.828534 0.237758 0.263335
1305032372.728994 -0.217919 -0.65836 1.08125 -0.436561 0.824535 0.238521 0.269564
1305032372.766505 -0.202302 -0.662269 1.07508 -0.439964 0.82072 0.23785 0.276185
1305032372.797997 -0.185566 -0.66616 1.06817 -0.440518 0.818697 0.235622 0.283128
1305032372.831463 -0.170979 -0.669622 1.06087 -0.437297 0.819223 0.229356 0.291617
1305032372.866969 -0.161772 -0.677108 1.05622 -0.430911 0.820858 0.222961 0.301326
1305032372.898841 -0.151322 -0.679214 1.05064 -0.425962 0.821394 0.218469 0.310063
1305032372.930454 -0.143336 -0.681177 1.0451 -0.420522 0.821882 0.213783 0.319324
1305032372.966691 -0.136451 -0.677911 1.0427 -0.414884 0.822177 0.209626 0.328564
1305032372.998926 -0.129272 -0.672753 1.03787 -0.411606 0.819299 0.209605 0.339698
1305032373.030611 -0.121037 -0.672391 1.03175 -0.413454 0.812382 0.210288 0.35337
1305032373.066897 -0.115228 -0.669439 1.02749 -0.415479 0.806186 0.211806 0.364113
1305032373.099775 -0.110752 -0.662903 1.02313 -0.415669 0.800837 0.219156 0.371282
1305032373.127898 -0.104456 -0.655958 1.01734 -0.416064 0.794421 0.230038 0.377979
1305032373.166377 -0.0980053 -0.650752 1.01114 -0.417917 0.786202 0.241412 0.385943
1305032373.198404 -0.0910209 -0.646459 1.0048 -0.423971 0.776331 0.250116 0.393702
1305032373.230484 -0.0865146 -0.641254 0.999459 -0.429281 0.768115 0.257275 0.399407
1305032373.266752 -0.0801342 -0.636526 0.995663 -0.433635 0.760624 0.264868 0.404051
1305032373.298845 -0.0727623 -0.630874 0.991799 -0.437209 0.753058 0.27236 0.409356
1305032373.331228 -0.0641854 -0.626346 0.987484 -0.437686 0.747072 0.278519 0.415622
1305032373.366882 -0.0594121 -0.624623 0.984411 -0.434846 0.742925 0.284399 0.422005
1305032373.399055 -0.0523631 -0.623485 0.979691 -0.43358 0.738049 0.291692 0.426859
1305032373.434622 -0.0449543 -0.622561 0.974552 -0.434611 0.732695 0.294226 0.433245
1305032373.465659 -0.0410941 -0.621952 0.972392 -0.433811 0.729504 0.296336 0.437969
1305032373.498970 -0.0361563 -0.621462 0.969146 -0.429415 0.727669 0.302825 0.440906
1305032373.534678 -0.0329296 -0.620467 0.965061 -0.425845 0.724854 0.308465 0.445075
1305032373.566786 -0.0300359 -0.619694 0.960196 -0.424258 0.721954 0.313327 0.447899
1305032373.598786 -0.0279164 -0.618637 0.95433 -0.424121 0.719316 0.317564 0.449287
1305032373.635967 -0.0251407 -0.616282 0.946147 -0.426671 0.716898 0.319385 0.449446
1305032373.663912 -0.020588 -0.615853 0.938642 -0.428707 0.717797 0.317627 0.447316
1305032373.697914 -0.0205749 -0.616653 0.936086 -0.428807 0.721103 0.312397 0.445582
1305032373.734507 -0.0184527 -0.617641 0.934413 -0.428703 0.723264 0.309398 0.44427
1305032373.766443 -0.0180928 -0.617732 0.936038 -0.423532 0.727013 0.304115 0.446752
1305032373.795838 -0.0260577 -0.619629 0.940346 -0.416527 0.729196 0.302217 0.451046
1305032373.834934 -0.03373 -0.616849 0.938651 -0.416327 0.726363 0.304868 0.45401
1305032373.867293 -0.0367684 -0.618983 0.935389 -0.41807 0.724838 0.302921 0.456143
1305032373.899270 -0.0461653 -0.622305 0.936239 -0.418162 0.728121 0.295123 0.455942
1305032373.935073 -0.0555299 -0.625807 0.938195 -0.418735 0.731302 0.289713 0.453789
1305032373.967085 -0.0632336 -0.628826 0.94145 -0.419336 0.733092 0.2835 0.454269
1305032373.999199 -0.0752066 -0.630993 0.945218 -0.418398 0.735594 0.275521 0.455996
1305032374.031187 -0.0904638 -0.631562 0.947607 -0.41823 0.737968 0.268148 0.456709
1305032374.066725 -0.104106 -0.63164 0.948311 -0.423524 0.739459 0.256803 0.455938
1305032374.098933 -0.115366 -0.634974 0.957051 -0.429147 0.741884 0.243 0.454303
1305032374.134653 -0.130872 -0.635207 0.963477 -0.430369 0.743237 0.231175 0.457099
1305032374.165256 -0.148927 -0.631239 0.968799 -0.425509 0.74739 0.221616 0.459605
1305032374.198931 -0.166971 -0.629654 0.976636 -0.418848 0.750684 0.214379 0.463768
1305032374.234571 -0.187596 -0.624646 0.980473 -0.411727 0.750697 0.207137 0.473318
1305032374.266232 -0.209084 -0.620037 0.98415 -0.404446 0.750602 0.19973 0.482833
1305032374.295091 -0.233072 -0.611476 0.988386 -0.396574 0.749874 0.195467 0.49215
1305032374.334758 -0.252277 -0.604259 0.987719 -0.390648 0.747859 0.190731 0.50172
1305032374.364907 -0.273692 -0.597669 0.989045 -0.385063 0.746119 0.179926 0.512503
1305032374.399126 -0.298668 -0.588667 0.990439 -0.378413 0.743305 0.164521 0.52653
1305032374.434942 -0.3303 -0.574431 0.991352 -0.371459 0.740757 0.150446 0.539132
1305032374.465697 -0.355211 -0.565669 0.987869 -0.364624 0.739316 0.14272 0.547806
1305032374.498778 -0.38351 -0.554415 0.987302 -0.351924 0.740341 0.133256 0.557035
1305032374.534408 -0.420582 -0.537731 0.98524 -0.339313 0.739806 0.126841 0.566979
1305032374.565648 -0.449981 -0.52119 0.977697 -0.331153 0.739978 0.126397 0.571659
1305032374.605154 -0.478456 -0.506903 0.969258 -0.323666 0.74363 0.126183 0.571255
1305032374.634454 -0.502097 -0.495431 0.964507 -0.317716 0.747656 0.124129 0.569789
1305032374.666026 -0.526974 -0.48199 0.960192 -0.307667 0.751423 0.117852 0.571678
1305032374.699355 -0.555957 -0.464941 0.953355 -0.294375 0.755723 0.111345 0.574307
1305032374.733811 -0.580378 -0.448532 0.946712 -0.282613 0.760846 0.109058 0.57389
1305032374.764278 -0.602154 -0.434203 0.940502 -0.269952 0.765861 0.103455 0.574352
1305032374.799002 -0.627047 -0.415579 0.934343 -0.25912 0.77066 0.0945185 0.574462
1305032374.833082 -0.64771 -0.398438 0.929569 -0.252217 0.774708 0.0899561 0.572819
1305032374.865385 -0.666689 -0.38143 0.924696 -0.244954 0.777817 0.0863068 0.572319
1305032374.902777 -0.685605 -0.363411 0.919588 -0.238784 0.781196 0.0858668 0.570388
1305032374.934055 -0.700924 -0.347317 0.914385 -0.232817 0.785287 0.0867374 0.567095
1305032374.963033 -0.717031 -0.327872 0.911884 -0.221636 0.790216 0.0880378 0.564522
1305032375.002817 -0.732535 -0.308555 0.907475 -0.210492 0.794769 0.0969146 0.560931
1305032375.033887 -0.742336 -0.294016 0.904002 -0.19971 0.800008 0.106433 0.555675
1305032375.063190 -0.753176 -0.274941 0.901269 -0.188661 0.805481 0.111718 0.550569
1305032375.102173 -0.763171 -0.256972 0.898678 -0.180807 0.8106 0.117981 0.544349
1305032375.133604 -0.768257 -0.243258 0.898236 -0.174886 0.814794 0.120734 0.539397
1305032375.165423 -0.773585 -0.22991 0.897693 -0.170996 0.81873 0.11356 0.536233
1305032375.200434 -0.782138 -0.214905 0.898049 -0.168145 0.823156 0.101785 0.532711
1305032375.233840 -0.788451 -0.198724 0.899023 -0.166384 0.826128 0.0931311 0.530241
1305032375.266195 -0.793561 -0.183424 0.899001 -0.163088 0.828728 0.0847538 0.528611
1305032375.301769 -0.799 -0.167454 0.900381 -0.15881 0.829723 0.0790235 0.529239
1305032375.333732 -0.802737 -0.153658 0.901146 -0.15621 0.829246 0.074659 0.531391
1305032375.365885 -0.805326 -0.142767 0.902456 -0.153624 0.82883 0.0682942 0.533644
1305032375.402005 -0.805678 -0.131803 0.904759 -0.148012 0.826741 0.0584826 0.539603
1305032375.434228 -0.808615 -0.12139 0.907193 -0.142329 0.82277 0.0439044 0.548511
1305032375.465844 -0.811889 -0.11161 0.908697 -0.139527 0.818555 0.0335717 0.556213
1305032375.499846 -0.811409 -0.103791 0.909614 -0.136355 0.814609 0.0231358 0.56328
1305032375.532923 -0.812781 -0.0968193 0.910818 -0.12974 0.811301 0.00997851 0.569963
1305032375.564754 -0.814674 -0.0888651 0.9103 -0.122213 0.807834 0.00281166 0.576594
1305032375.601530 -0.815144 -0.0804164 0.909724 -0.116396 0.804993 -0.0027612 0.581747
1305032375.633994 -0.817096 -0.0717973 0.907772 -0.113599 0.803219 -0.00752503 0.584703
1305032375.665634 -0.818482 -0.0632793 0.904947 -0.108335 0.802383 -0.0135284 0.586739
1305032375.701032 -0.822096 -0.0529054 0.900824 -0.100148 0.802596 -0.0181829 0.587774
1305032375.733424 -0.825341 -0.0429115 0.897334 -0.0944216 0.80343 -0.0200049 0.587524
1305032375.765813 -0.827526 -0.0321709 0.892463 -0.0918803 0.803106 -0.0229445 0.588261
1305032375.801369 -0.829773 -0.0208518 0.887816 -0.0885667 0.802573 -0.0267357 0.589337
1305032375.833207 -0.833367 -0.0102677 0.882554 -0.0844862 0.802112 -0.0296867 0.590421
1305032375.871496 -0.836186 -0.000633387 0.877191 -0.0800382 0.801878 -0.0327278 0.591198
1305032375.901646 -0.838474 0.00937571 0.873745 -0.0719621 0.800908 -0.0393399 0.593145
1305032375.933407 -0.844177 0.0200227 0.869882 -0.0581791 0.79867 -0.0452166 0.597241
1305032375.970923 -0.849788 0.0311289 0.865488 -0.0487462 0.796499 -0.0441205 0.601055
1305032375.998893 -0.85251 0.0392572 0.861536 -0.0412856 0.79433 -0.0430769 0.604549
1305032376.032870 -0.859987 0.0494533 0.85749 -0.0280182 0.792289 -0.0417823 0.608069
1305032376.071463 -0.867918 0.0609223 0.851043 -0.0162093 0.792058 -0.0372246 0.609094
1305032376.102191 -0.873759 0.0722012 0.845989 -0.0105205 0.793572 -0.0333502 0.607471
1305032376.133788 -0.877062 0.0796656 0.841961 -0.00371223 0.794206 -0.0313852 0.606826
1305032376.169914 -0.885403 0.0893191 0.837149 0.00442539 0.795034 -0.0289891 0.605856
1305032376.199876 -0.891424 0.100301 0.833523 0.00846291 0.797648 -0.0265372 0.60248
1305032376.230465 -0.893992 0.107366 0.830514 0.0141927 0.80002 -0.02433 0.599311
1305032376.273911 -0.900226 0.116621 0.828055 0.0225594 0.80142 -0.0200279 0.59734
1305032376.301938 -0.903293 0.127897 0.825657 0.0227427 0.803299 -0.0167187 0.594906
1305032376.333881 -0.904397 0.135204 0.823575 0.0251809 0.804084 -0.0147056 0.593801
1305032376.373272 -0.906737 0.143849 0.821564 0.030868 0.803941 -0.0111909 0.593802
1305032376.401634 -0.906731 0.151016 0.820162 0.033842 0.804455 -0.0125579 0.592915
1305032376.433772 -0.90601 0.15771 0.819684 0.0409332 0.804838 -0.0142612 0.591909
1305032376.470927 -0.906342 0.164443 0.818995 0.0503689 0.80515 -0.0184607 0.59064
1305032376.502274 -0.906778 0.169927 0.817974 0.0624232 0.806454 -0.0238693 0.587508
1305032376.534012 -0.906698 0.174666 0.818049 0.0754405 0.807315 -0.0304419 0.584487
1305032376.570435 -0.906859 0.180771 0.819219 0.0860501 0.806729 -0.0373551 0.583428
1305032376.602018 -0.906079 0.187472 0.82071 0.0921115 0.806243 -0.0442137 0.582695
1305032376.633878 -0.904833 0.193181 0.822401 0.0998818 0.805373 -0.0506487 0.582094
1305032376.670038 -0.9039 0.200656 0.824749 0.108046 0.803589 -0.0543475 0.582766
1305032376.702106 -0.902262 0.207832 0.826134 0.110734 0.801832 -0.056993 0.584428
1305032376.734286 -0.899377 0.216367 0.827142 0.114852 0.799657 -0.059644 0.586344
1305032376.770230 -0.897574 0.223848 0.82946 0.118904 0.796831 -0.0617336 0.589161
1305032376.802346 -0.894953 0.232701 0.830358 0.120133 0.79521 -0.0649121 0.590758
1305032376.833992 -0.892042 0.239321 0.830554 0.122269 0.793957 -0.0679061 0.591669
1305032376.870589 -0.889415 0.246854 0.831438 0.127498 0.791996 -0.0704052 0.5929
1305032376.901913 -0.886837 0.254254 0.831599 0.129767 0.7912 -0.0721703 0.593257
1305032376.933692 -0.881722 0.26059 0.830745 0.13108 0.790708 -0.0738131 0.593423
1305032376.970386 -0.879222 0.264909 0.831031 0.134257 0.789084 -0.0773438 0.594423
1305032376.999115 -0.87572 0.268949 0.830136 0.137576 0.788439 -0.0818087 0.593922
1305032377.033983 -0.873008 0.272936 0.829201 0.140105 0.787817 -0.0849493 0.593716
1305032377.070323 -0.869768 0.278127 0.828476 0.14453 0.785576 -0.0872296 0.595292
1305032377.102669 -0.867485 0.282262 0.827961 0.147999 0.783491 -0.0897656 0.596809
1305032377.138244 -0.864107 0.287607 0.826405 0.149148 0.782644 -0.0892044 0.597718
1305032377.170226 -0.861014 0.291958 0.825794 0.150129 0.781512 -0.0880258 0.599126
1305032377.201999 -0.859877 0.295234 0.825732 0.150123 0.780958 -0.0857087 0.600185
1305032377.240571 -0.856906 0.297326 0.824867 0.148694 0.781403 -0.0842434 0.600169
1305032377.270905 -0.855075 0.29647 0.825051 0.151849 0.780232 -0.0828794 0.601091
1305032377.301796 -0.854323 0.294161 0.825194 0.152314 0.778857 -0.0812557 0.602976
1305032377.340942 -0.852271 0.29189 0.82534 0.147809 0.778948 -0.0788123 0.604303
1305032377.370316 -0.849237 0.288337 0.825249 0.144896 0.777753 -0.0775163 0.60671
1305032377.401804 -0.849515 0.282108 0.826127 0.143009 0.776517 -0.0765082 0.608865
1305032377.439875 -0.848473 0.275588 0.826776 0.135402 0.777111 -0.0758253 0.60993
1305032377.472533 -0.847871 0.266419 0.825941 0.129977 0.776536 -0.0754344 0.611888
1305032377.501559 -0.849897 0.250815 0.826579 0.125605 0.775819 -0.073379 0.613957
1305032377.537201 -0.851027 0.239408 0.826026 0.117978 0.776734 -0.0723405 0.614436
1305032377.569572 -0.850422 0.226249 0.825104 0.110289 0.776785 -0.0709096 0.615965
1305032377.602349 -0.852061 0.210091 0.824949 0.10302 0.775607 -0.0692079 0.618895
1305032377.640524 -0.854298 0.195031 0.822971 0.0941878 0.776094 -0.0672175 0.61991
1305032377.669877 -0.855339 0.179597 0.819868 0.0840898 0.776744 -0.0647288 0.620812
1305032377.701705 -0.855606 0.161348 0.816808 0.0744557 0.775917 -0.063025 0.623247
1305032377.737307 -0.856801 0.14533 0.812785 0.0623992 0.775913 -0.0626382 0.624613
1305032377.769318 -0.855142 0.128291 0.807136 0.0502542 0.776492 -0.0620771 0.625044
1305032377.801678 -0.855267 0.110475 0.803126 0.0402051 0.775861 -0.0627124 0.62649
1305032377.837451 -0.856372 0.093404 0.797398 0.0298255 0.775626 -0.0609811 0.627532
1305032377.869348 -0.854189 0.0784814 0.792094 0.016865 0.776078 -0.0597411 0.627575
1305032377.901238 -0.851776 0.0604529 0.786233 0.00413246 0.77502 -0.0577988 0.629274
1305032377.940265 -0.851221 0.0424135 0.781153 -0.00845934 0.773642 -0.0546751 0.631203
1305032377.969308 -0.849642 0.023867 0.774234 -0.022329 0.772455 -0.0506149 0.632656
1305032378.001243 -0.845109 0.00523272 0.769105 -0.0366252 0.770852 -0.0481101 0.634138
1305032378.040183 -0.842633 -0.0134409 0.763742 -0.0513104 0.768278 -0.0472522 0.636304
1305032378.068725 -0.842374 -0.0315702 0.756721 -0.0653071 0.766104 -0.0429838 0.637943
1305032378.101420 -0.838127 -0.0481935 0.751153 -0.0784765 0.764935 -0.0392904 0.638101
1305032378.139924 -0.83224 -0.0652167 0.745901 -0.0865448 0.763564 -0.038122 0.63877
1305032378.169193 -0.828619 -0.0819207 0.74073 -0.0931765 0.760579 -0.0347131 0.641586
1305032378.202266 -0.822527 -0.0978826 0.735089 -0.104065 0.756444 -0.0323744 0.644914
1305032378.237421 -0.817252 -0.113579 0.729369 -0.115796 0.751943 -0.029666 0.6483
1305032378.269616 -0.810256 -0.129243 0.724402 -0.128751 0.745741 -0.0242636 0.653226
1305032378.306182 -0.803378 -0.144333 0.720494 -0.140406 0.737619 -0.0208395 0.660129
1305032378.340777 -0.798471 -0.15974 0.71337 -0.152333 0.727435 -0.0179638 0.668812
1305032378.367690 -0.796332 -0.174734 0.704724 -0.169781 0.717867 -0.013163 0.675032
1305032378.406284 -0.790488 -0.18982 0.696559 -0.187505 0.7091 -0.00276363 0.679714
1305032378.438513 -0.78237 -0.206349 0.68924 -0.201668 0.700629 0.00800296 0.684386
1305032378.470434 -0.776203 -0.224335 0.682248 -0.217051 0.691847 0.0157427 0.688468
1305032378.504807 -0.768384 -0.243096 0.676492 -0.234697 0.683328 0.0207139 0.691051
1305032378.539167 -0.760059 -0.263065 0.67331 -0.251036 0.673231 0.0189696 0.695256
1305032378.570470 -0.75377 -0.284817 0.669095 -0.268013 0.662059 0.0161567 0.699704
1305032378.607040 -0.747375 -0.305572 0.66464 -0.285783 0.652405 0.0169009 0.701719
1305032378.640593 -0.740775 -0.325955 0.661023 -0.302827 0.64343 0.0211937 0.70274
1305032378.674045 -0.732522 -0.348066 0.658228 -0.321677 0.635942 0.0268197 0.700987
1305032378.708133 -0.720157 -0.370279 0.660566 -0.337621 0.630915 0.0288435 0.697944
1305032378.741855 -0.709349 -0.390808 0.662424 -0.343983 0.627447 0.0301351 0.69791
1305032378.774289 -0.699099 -0.409007 0.664781 -0.346496 0.625111 0.0344553 0.698562
1305032378.811244 -0.685812 -0.42724 0.668371 -0.346859 0.62282 0.0370933 0.700292
1305032378.840101 -0.678034 -0.4427 0.670811 -0.345391 0.620545 0.0373649 0.703017
1305032378.871857 -0.668154 -0.454446 0.674762 -0.346763 0.617127 0.0382871 0.705297
1305032378.907789 -0.657212 -0.466259 0.681993 -0.349783 0.609616 0.0337368 0.71055
1305032378.938846 -0.649167 -0.474906 0.686081 -0.354904 0.596945 0.022919 0.719149
1305032378.971348 -0.640313 -0.483487 0.688783 -0.364996 0.582249 0.00866014 0.726422
1305032379.007038 -0.630872 -0.492337 0.690186 -0.376187 0.5676 -0.00728247 0.732298
1305032379.038668 -0.624193 -0.498467 0.688293 -0.385768 0.556605 -0.0182062 0.735556
1305032379.071271 -0.612159 -0.503971 0.688502 -0.396294 0.54995 -0.017918 0.734973
1305032379.106727 -0.599188 -0.512 0.690007 -0.400794 0.546601 -0.0125939 0.735142
1305032379.138937 -0.587144 -0.52043 0.688749 -0.400965 0.545958 -0.00156365 0.735632
1305032379.170930 -0.575752 -0.529447 0.686671 -0.401275 0.547554 0.0125811 0.734169
1305032379.206680 -0.561874 -0.540666 0.6866 -0.404704 0.549732 0.0260997 0.730293
1305032379.238614 -0.546555 -0.552801 0.690054 -0.405961 0.551061 0.0335895 0.728285
1305032379.271270 -0.535344 -0.565175 0.69265 -0.403734 0.551814 0.0376914 0.728752
1305032379.310742 -0.522408 -0.576739 0.698113 -0.402345 0.550161 0.0395001 0.730672
1305032379.342450 -0.510247 -0.589905 0.703328 -0.401736 0.542787 0.0331246 0.736813
1305032379.373747 -0.498267 -0.601032 0.707419 -0.403131 0.533672 0.019687 0.743163
1305032379.406812 -0.490654 -0.609835 0.709986 -0.406611 0.5266 0.00530382 0.746547
1305032379.440732 -0.482197 -0.616111 0.714674 -0.41304 0.52049 -0.00490434 0.747305
1305032379.472994 -0.472288 -0.623307 0.721479 -0.419711 0.514071 -0.0141895 0.747912
1305032379.507528 -0.462224 -0.630177 0.732328 -0.423331 0.506351 -0.0259132 0.750818
1305032379.539852 -0.456142 -0.629685 0.743056 -0.420666 0.494364 -0.0398613 0.759642
1305032379.575545 -0.451696 -0.635337 0.747805 -0.416556 0.480633 -0.048907 0.770117
1305032379.607089 -0.448609 -0.639334 0.750429 -0.411836 0.472407 -0.0511108 0.777567
1305032379.641416 -0.444672 -0.642975 0.750094 -0.409733 0.465701 -0.0507653 0.782728
1305032379.676703 -0.443819 -0.646924 0.743738 -0.407433 0.461367 -0.0533548 0.786316
1305032379.707878 -0.444172 -0.648984 0.736933 -0.409477 0.457591 -0.0586399 0.787083
1305032379.738599 -0.444814 -0.65253 0.728766 -0.413339 0.452462 -0.0694962 0.787146
1305032379.775239 -0.448639 -0.657543 0.71345 -0.41672 0.450548 -0.0786868 0.785595
1305032379.807815 -0.451692 -0.657862 0.700401 -0.423209 0.454025 -0.0804392 0.779927
1305032379.839500 -0.454404 -0.657384 0.689812 -0.429888 0.458033 -0.0780534 0.774151
1305032379.875565 -0.45483 -0.657037 0.680427 -0.436264 0.460122 -0.0754412 0.769591
1305032379.903833 -0.45592 -0.658207 0.668928 -0.441045 0.461709 -0.0722107 0.766218
1305032379.940009 -0.45598 -0.660534 0.659533 -0.446262 0.463272 -0.0694341 0.762501
1305032379.976659 -0.456277 -0.661625 0.650551 -0.44988 0.465615 -0.0697691 0.758909
1305032380.007756 -0.459802 -0.65968 0.63948 -0.452158 0.470098 -0.0693682 0.754817
1305032380.040494 -0.46181 -0.655685 0.632928 -0.455568 0.47307 -0.0685565 0.750975
1305032380.076762 -0.464315 -0.651764 0.627101 -0.457292 0.474617 -0.0684416 0.748958
1305032380.107291 -0.466904 -0.645411 0.621305 -0.457894 0.474287 -0.0675533 0.748881
1305032380.140050 -0.469818 -0.639662 0.6179 -0.458337 0.471122 -0.0673946 0.750619
1305032380.176572 -0.472132 -0.63558 0.616674 -0.457472 0.465375 -0.0697344 0.754508
1305032380.207110 -0.474707 -0.630155 0.613541 -0.453376 0.458185 -0.0756323 0.760787
1305032380.239460 -0.477261 -0.62465 0.608709 -0.448621 0.453041 -0.0803012 0.766189
1305032380.276664 -0.480283 -0.617095 0.604567 -0.441538 0.451024 -0.0816614 0.771332
1305032380.307734 -0.484735 -0.609653 0.59732 -0.432104 0.450542 -0.0751955 0.777588
1305032380.339866 -0.488029 -0.601117 0.589309 -0.423766 0.451116 -0.0614868 0.78303
1305032380.375602 -0.487639 -0.58999 0.587011 -0.413975 0.45253 -0.048743 0.788331
1305032380.407488 -0.489943 -0.574496 0.585598 -0.398256 0.453176 -0.0393086 0.796542
1305032380.439180 -0.493394 -0.558783 0.577573 -0.382588 0.450485 -0.0288028 0.806139
1305032380.473087 -0.493777 -0.549738 0.572932 -0.36966 0.445746 -0.0228728 0.814947
1305032380.507283 -0.497685 -0.536909 0.564649 -0.348967 0.442297 -0.0246177 0.825826
1305032380.539774 -0.505875 -0.51844 0.546453 -0.33737 0.440601 -0.0223481 0.831597
1305032380.576395 -0.505799 -0.50292 0.537795 -0.338984 0.441132 -0.0198651 0.830721
1305032380.609316 -0.504919 -0.487716 0.530262 -0.336583 0.44473 -0.023166 0.829693
1305032380.639507 -0.507323 -0.467395 0.517773 -0.333019 0.449237 -0.0279906 0.828554
1305032380.675545 -0.503696 -0.45025 0.51806 -0.329474 0.451517 -0.0361974 0.828413
1305032380.707658 -0.505563 -0.430261 0.509097 -0.315842 0.450644 -0.0474556 0.833613
1305032380.739529 -0.505094 -0.409866 0.502081 -0.30369 0.44942 -0.0580505 0.838108
1305032380.776434 -0.506275 -0.388981 0.492442 -0.285125 0.447627 -0.0643156 0.845102
1305032380.803780 -0.507086 -0.363625 0.473658 -0.274718 0.445784 -0.0630652 0.849606
1305032380.843621 -0.502959 -0.347386 0.467248 -0.273659 0.448053 -0.0595011 0.84901
1305032380.876451 -0.501793 -0.331961 0.459063 -0.262005 0.449603 -0.0590595 0.851894
1305032380.906774 -0.504082 -0.316988 0.443425 -0.249737 0.45064 -0.0583705 0.855072
1305032380.944580 -0.503335 -0.305069 0.429699 -0.240315 0.455683 -0.0561778 0.855246
1305032380.976235 -0.505116 -0.290533 0.415573 -0.225837 0.465123 -0.0529331 0.854316
1305032381.010534 -0.508172 -0.275346 0.399645 -0.214513 0.474559 -0.0518275 0.85211
1305032381.043413 -0.5111 -0.260566 0.385309 -0.204657 0.484539 -0.0487142 0.849096
1305032381.075126 -0.517105 -0.245723 0.372896 -0.195121 0.494032 -0.0413851 0.846255
1305032381.107139 -0.522336 -0.229719 0.361974 -0.186469 0.502121 -0.0324436 0.843831
1305032381.143098 -0.528061 -0.213702 0.351086 -0.179222 0.511232 -0.0188445 0.840337
1305032381.175951 -0.534683 -0.200137 0.343877 -0.17219 0.521493 -0.00272235 0.835696
1305032381.206840 -0.543593 -0.184503 0.336672 -0.164527 0.530412 0.0153808 0.831479
1305032381.244183 -0.552306 -0.171863 0.333394 -0.161446 0.535261 0.029781 0.82858
1305032381.275997 -0.559961 -0.163773 0.330117 -0.160002 0.53907 0.0361206 0.826135
1305032381.309728 -0.570561 -0.15591 0.326359 -0.152516 0.544784 0.0425705 0.82349
1305032381.341217 -0.582447 -0.149635 0.321499 -0.142568 0.549284 0.0511693 0.821792
1305032381.373199 -0.592918 -0.143833 0.314446 -0.135512 0.553709 0.0593379 0.819465
1305032381.408681 -0.604123 -0.14126 0.304816 -0.132544 0.560151 0.0636947 0.815234
1305032381.444067 -0.613949 -0.139279 0.294965 -0.129745 0.568981 0.0694579 0.809075
1305032381.474756 -0.623063 -0.141621 0.284082 -0.124912 0.579942 0.073665 0.801647
1305032381.508685 -0.632718 -0.143526 0.273336 -0.117592 0.594542 0.0763015 0.791751
1305032381.545353 -0.64129 -0.144562 0.267195 -0.111759 0.607935 0.0765349 0.782348
1305032381.576827 -0.64998 -0.14897 0.262184 -0.103809 0.617878 0.0723781 0.776023
1305032381.608397 -0.660084 -0.151417 0.255081 -0.0938191 0.627811 0.0701448 0.769501
1305032381.644906 -0.668227 -0.153372 0.253312 -0.0853614 0.637118 0.0715616 0.762675
1305032381.675936 -0.675727 -0.15848 0.249501 -0.0752087 0.64499 0.0691784 0.757328
1305032381.707240 -0.683277 -0.161257 0.247843 -0.0633943 0.651046 0.0645828 0.753625
1305032381.744570 -0.690797 -0.162816 0.24347 -0.0524741 0.652047 0.0601404 0.753966
1305032381.776694 -0.695148 -0.164111 0.238046 -0.0447375 0.652142 0.0569978 0.754626
1305032381.810015 -0.695183 -0.171918 0.232336 -0.0356913 0.650747 0.0548089 0.756472
1305032381.843860 -0.696041 -0.178611 0.225318 -0.0199117 0.649656 0.0527281 0.758136
1305032381.876540 -0.696956 -0.183207 0.215759 -0.00553705 0.648828 0.0545643 0.758956
1305032381.907470 -0.694829 -0.190769 0.205372 0.00699992 0.650425 0.0540756 0.757611
1305032381.943636 -0.694358 -0.19982 0.199668 0.0213071 0.654121 0.0469795 0.754629
1305032381.975700 -0.694125 -0.20369 0.191164 0.0360725 0.655489 0.0381576 0.753377
1305032382.007016 -0.696347 -0.204348 0.181166 0.0479326 0.658929 0.0326645 0.749966
1305032382.043778 -0.697231 -0.207642 0.172411 0.0591541 0.662779 0.0296804 0.745885
1305032382.076551 -0.696761 -0.209812 0.163785 0.0704718 0.666191 0.0286177 0.741892
1305032382.112595 -0.695803 -0.211115 0.153307 0.0811608 0.668034 0.0296974 0.739095
1305032382.142801 -0.697356 -0.207451 0.145247 0.0869754 0.670494 0.0299237 0.736192
1305032382.175194 -0.696844 -0.204825 0.138282 0.0883972 0.672395 0.0339695 0.73411
1305032382.212343 -0.694715 -0.207456 0.12951 0.084277 0.672395 0.0414855 0.734208
1305032382.244823 -0.692936 -0.210592 0.121317 0.0769219 0.672252 0.0465733 0.734841
1305032382.275045 -0.685267 -0.207806 0.112584 0.0649531 0.670074 0.0513954 0.737659
1305032382.311569 -0.674457 -0.214453 0.105912 0.0500203 0.665781 0.0564401 0.742326
1305032382.343035 -0.661724 -0.219543 0.099795 0.0342882 0.658901 0.0600004 0.749048
1305032382.375765 -0.648312 -0.222406 0.0932353 0.0151657 0.650322 0.062886 0.7569
1305032382.411673 -0.632272 -0.22878 0.0890151 -0.00358052 0.640045 0.0678626 0.765326
1305032382.445108 -0.613621 -0.230101 0.0856922 -0.0233045 0.627584 0.0744248 0.774633
1305032382.476983 -0.591031 -0.236393 0.0817897 -0.0435437 0.614099 0.0819663 0.783753
1305032382.512630 -0.567403 -0.240943 0.0799633 -0.0648123 0.598896 0.0854702 0.793611
1305032382.545000 -0.54311 -0.246721 0.0779298 -0.0891339 0.581335 0.0901939 0.803723
1305032382.577082 -0.515428 -0.258203 0.0771531 -0.106883 0.56539 0.0893957 0.812969
1305032382.614372 -0.489656 -0.265989 0.0784522 -0.124431 0.550101 0.0868586 0.821195
1305032382.644837 -0.461496 -0.27592 0.0827409 -0.145402 0.531828 0.0913021 0.829266
1305032382.675979 -0.432451 -0.290147 0.086426 -0.160716 0.512948 0.0903313 0.838388
1305032382.713425 -0.402472 -0.308356 0.0916817 -0.17208 0.499182 0.0844061 0.845034
1305032382.744674 -0.37652 -0.324102 0.0999858 -0.183105 0.486627 0.0752054 0.850888
1305032382.776770 -0.350241 -0.343629 0.110398 -0.200648 0.471637 0.0638046 0.856287
1305032382.812185 -0.325033 -0.367286 0.122522 -0.212598 0.458435 0.047897 0.861594
1305032382.844824 -0.305372 -0.386583 0.135553 -0.221744 0.445328 0.0344892 0.866789
1305032382.875189 -0.286262 -0.407888 0.151517 -0.233991 0.430413 0.023907 0.871448
1305032382.913733 -0.269685 -0.429854 0.171457 -0.242949 0.413962 0.013262 0.877175
1305032382.943823 -0.255339 -0.454968 0.189872 -0.248366 0.395067 0.00349771 0.884434
1305032382.975989 -0.240779 -0.475245 0.202082 -0.252854 0.375746 -0.00118388 0.89156
1305032383.012820 -0.227905 -0.492948 0.213616 -0.258915 0.357037 -0.00258017 0.897486
1305032383.044130 -0.214164 -0.510497 0.225447 -0.266985 0.338164 -0.00302999 0.902416
1305032383.077761 -0.201497 -0.527116 0.23543 -0.272843 0.321796 -0.00470322 0.906632
1305032383.113060 -0.191177 -0.540126 0.249722 -0.276596 0.307931 -0.0094071 0.910266
1305032383.144756 -0.183071 -0.550296 0.258584 -0.274463 0.293454 -0.0141131 0.915617
1305032383.177793 -0.177454 -0.555496 0.257413 -0.279064 0.27764 -0.0131867 0.919166
1305032383.213287 -0.166595 -0.565984 0.260226 -0.29383 0.260213 -0.0178118 0.919585
1305032383.243505 -0.157864 -0.573277 0.266794 -0.308161 0.248146 -0.0285531 0.917957
1305032383.279376 -0.153211 -0.57733 0.277631 -0.318378 0.238414 -0.0411718 0.916569
1305032383.311447 -0.152488 -0.584471 0.28541 -0.323042 0.226911 -0.0511443 0.917355
1305032383.341434 -0.149494 -0.589763 0.293337 -0.324162 0.211344 -0.0581544 0.920256
1305032383.379477 -0.145443 -0.597855 0.296019 -0.323943 0.194981 -0.0627877 0.923635
1305032383.411502 -0.139888 -0.607057 0.298892 -0.325842 0.178345 -0.0691723 0.92587
1305032383.443669 -0.135226 -0.613483 0.301359 -0.326437 0.163847 -0.0766061 0.927753
1305032383.479196 -0.131592 -0.619999 0.302697 -0.328784 0.14988 -0.0836871 0.928673
1305032383.511381 -0.125726 -0.629305 0.303608 -0.330707 0.138921 -0.0901463 0.929089
1305032383.544691 -0.123453 -0.635645 0.300242 -0.334349 0.132492 -0.094834 0.928258
1305032383.579562 -0.127304 -0.646004 0.307209 -0.33665 0.125195 -0.102485 0.927626
1305032383.613124 -0.130382 -0.653065 0.305063 -0.329544 0.115711 -0.103311 0.93131
1305032383.644735 -0.13257 -0.656263 0.300852 -0.328261 0.10521 -0.0975864 0.933623
1305032383.679654 -0.134403 -0.662209 0.300964 -0.329806 0.0913458 -0.0970663 0.934592
1305032383.712037 -0.137842 -0.66695 0.298814 -0.331466 0.0760992 -0.100894 0.934965
1305032383.742653 -0.139929 -0.670257 0.295704 -0.33756 0.0615619 -0.103116 0.933611
1305032383.778285 -0.142512 -0.674579 0.299451 -0.346225 0.04904 -0.105457 0.930915
1305032383.812039 -0.144834 -0.678864 0.300695 -0.3514 0.0377093 -0.107587 0.929258
1305032383.843925 -0.146992 -0.680254 0.303298 -0.353883 0.0262757 -0.109974 0.92843
1305032383.878906 -0.147122 -0.680239 0.302367 -0.355449 0.015457 -0.111656 0.927874
1305032383.911427 -0.145973 -0.681146 0.30393 -0.357898 0.00830556 -0.111362 0.927059
1305032383.943289 -0.145081 -0.679561 0.303359 -0.358148 0.00467694 -0.109817 0.927172
1305032383.979220 -0.143344 -0.676515 0.300446 -0.358664 0.00303203 -0.105228 0.927512
1305032384.011402 -0.139265 -0.673355 0.299829 -0.360513 0.00141546 -0.0988286 0.927503
1305032384.042763 -0.135643 -0.670148 0.299394 -0.360845 0.00120407 -0.0915277 0.928123
1305032384.079025 -0.131401 -0.665841 0.297189 -0.36053 0.000382514 -0.0847319 0.928891
1305032384.112211 -0.127414 -0.662764 0.296934 -0.361066 -0.00105856 -0.079439 0.92915
1305032384.143402 -0.124168 -0.660784 0.297249 -0.360365 -0.00263986 -0.0741553 0.929855
1305032384.179113 -0.11989 -0.658479 0.296348 -0.358281 -0.00338595 -0.0675085 0.931164
1305032384.211262 -0.117542 -0.657314 0.297123 -0.355386 -0.00322963 -0.0645984 0.932479
1305032384.241759 -0.116104 -0.656081 0.295783 -0.350963 -0.00434619 -0.0632665 0.934239
1305032384.278407 -0.113363 -0.654597 0.295798 -0.346791 -0.00538766 -0.0611691 0.93593
1305032384.308313 -0.111705 -0.654596 0.296588 -0.339294 -0.00607582 -0.0582292 0.938857
1305032384.341175 -0.108725 -0.650965 0.292642 -0.329358 -0.00878251 -0.0540902 0.942614
1305032384.375647 -0.10315 -0.643755 0.286804 -0.321554 -0.0114069 -0.0499258 0.945505
1305032384.411880 -0.0972172 -0.636555 0.281577 -0.317696 -0.011787 -0.0477474 0.946916
1305032384.444075 -0.0926458 -0.628121 0.278387 -0.315646 -0.0127114 -0.0492243 0.947514
1305032384.479096 -0.0889367 -0.618521 0.274427 -0.313872 -0.0156771 -0.0538299 0.947809
1305032384.512157 -0.0855569 -0.607592 0.269206 -0.31287 -0.0185068 -0.0574299 0.947877
1305032384.544929 -0.0809702 -0.596015 0.265772 -0.312031 -0.0200144 -0.0582685 0.948072
1305032384.580765 -0.0768515 -0.583074 0.258227 -0.31058 -0.0225497 -0.058681 0.948466
1305032384.613105 -0.0712455 -0.5686 0.253133 -0.311539 -0.0247049 -0.0589752 0.94808
1305032384.647706 -0.0660915 -0.556223 0.250407 -0.310496 -0.0248012 -0.056949 0.948543
1305032384.679303 -0.0619897 -0.543797 0.245058 -0.30715 -0.0234776 -0.0501801 0.950047
1305032384.712109 -0.0577362 -0.530157 0.239064 -0.303602 -0.0241571 -0.0408128 0.951618
1305032384.746434 -0.0503019 -0.518471 0.236121 -0.298898 -0.0254838 -0.0320166 0.953407
1305032384.778315 -0.043091 -0.50603 0.230514 -0.28961 -0.0237453 -0.0241545 0.956545
1305032384.811269 -0.0373457 -0.495123 0.225139 -0.278906 -0.0243877 -0.017084 0.959857
1305032384.846699 -0.029927 -0.483165 0.219325 -0.262915 -0.0274276 -0.0136677 0.964332
1305032384.879179 -0.0226668 -0.470026 0.209827 -0.244734 -0.0297698 -0.0107112 0.969074
1305032384.911051 -0.0145385 -0.455742 0.199817 -0.22755 -0.0320864 -0.00705976 0.973212
1305032384.947623 -0.00512237 -0.440547 0.190148 -0.21136 -0.0327502 -0.00315859 0.976854
1305032384.979039 0.00361572 -0.425582 0.179554 -0.196121 -0.0326167 0.000544213 0.980037
1305032385.011611 0.0136391 -0.410312 0.168866 -0.18225 -0.0311599 0.00360746 0.982752
1305032385.047788 0.0214803 -0.39678 0.158749 -0.169792 -0.0279933 0.00599721 0.985064
1305032385.079238 0.0290675 -0.381918 0.147105 -0.156919 -0.0268716 0.0105778 0.987189
1305032385.110028 0.0394259 -0.366659 0.136218 -0.148571 -0.0249776 0.0149585 0.988473
1305032385.147955 0.0483703 -0.35373 0.128042 -0.140609 -0.020847 0.0185555 0.989672
1305032385.180315 0.0574521 -0.339189 0.117473 -0.130592 -0.0174086 0.0221451 0.991036
1305032385.212521 0.0655209 -0.323939 0.108657 -0.124161 -0.0123075 0.0254114 0.99186
1305032385.247861 0.0731267 -0.310142 0.102118 -0.115895 -0.009569 0.0276451 0.992831
1305032385.279278 0.0834963 -0.294959 0.0949418 -0.104663 -0.00716773 0.025929 0.994144
1305032385.313088 0.0903288 -0.278571 0.0875912 -0.0964315 -0.00260036 0.0215731 0.995102
1305032385.347825 0.0976595 -0.264715 0.0811775 -0.0907466 -5.62204e-05 0.0152429 0.995757
1305032385.379172 0.104083 -0.25118 0.0766726 -0.083931 0.00120667 0.0100399 0.99642
1305032385.411331 0.109922 -0.237164 0.0722406 -0.0735358 -0.000634887 0.00206627 0.99729
1305032385.446560 0.115799 -0.22162 0.0680417 -0.0635206 -0.00182705 -0.00582855 0.997962
1305032385.478895 0.120374 -0.207779 0.0660217 -0.0569382 -0.00455927 -0.0114772 0.998301
1305032385.512276 0.12407 -0.196668 0.0652499 -0.0457219 -0.00925715 -0.0198996 0.998713
1305032385.546621 0.127019 -0.183567 0.0628033 -0.0311074 -0.0140906 -0.0235164 0.99914
1305032385.579100 0.131381 -0.167442 0.0611655 -0.0225256 -0.0207766 -0.0251636 0.999214
1305032385.611944 0.135229 -0.149444 0.0608633 -0.0200917 -0.0255642 -0.0283547 0.999069
1305032385.647972 0.136037 -0.133231 0.0629165 -0.0206251 -0.0288038 -0.0266609 0.999017
1305032385.677687 0.137737 -0.118896 0.0641483 -0.0179714 -0.0358445 -0.0215717 0.998963
1305032385.708060 0.140906 -0.102461 0.0635032 -0.0156571 -0.0424672 -0.0155466 0.998854
1305032385.743325 0.142959 -0.0888107 0.0645679 -0.0175996 -0.0482566 -0.00817801 0.998646
1305032385.779209 0.146409 -0.077145 0.0662041 -0.0167942 -0.0539476 -4.04792e-05 0.998403
1305032385.816091 0.150604 -0.0631978 0.066849 -0.0163031 -0.0546855 0.0118213 0.998301
1305032385.846913 0.154703 -0.0526501 0.0675695 -0.0171426 -0.0530349 0.0243378 0.998149
1305032385.879571 0.157279 -0.0435728 0.0706702 -0.00932543 -0.0511857 0.0365191 0.997978
1305032385.915659 0.16171 -0.0305861 0.0695572 -0.000974144 -0.0509087 0.0522318 0.997336
1305032385.943376 0.165831 -0.0192326 0.0719271 0.00131018 -0.0510223 0.0630203 0.996706
1305032385.980099 0.170245 -0.0101669 0.0747861 0.00597852 -0.0502592 0.068965 0.996334
1305032386.014821 0.17332 -0.000833034 0.0776923 0.0117967 -0.0487024 0.0727225 0.996093
1305032386.048023 0.177542 0.00792431 0.0799138 0.0171184 -0.0470489 0.0807262 0.995478
1305032386.080071 0.181809 0.0181421 0.0838421 0.0191347 -0.0446428 0.0913223 0.994636
1305032386.115561 0.184083 0.0273462 0.08738 0.0212857 -0.0447267 0.101093 0.993643
1305032386.148299 0.186321 0.0356774 0.0904173 0.0237878 -0.0507888 0.107086 0.992667
1305032386.179328 0.189349 0.0440088 0.093132 0.0216405 -0.0577979 0.110679 0.991938
1305032386.215559 0.191679 0.0517196 0.0983226 0.0164662 -0.0666102 0.114689 0.991029
1305032386.243605 0.194035 0.0583195 0.102747 0.0120587 -0.0768689 0.119566 0.989773
1305032386.278957 0.197309 0.0638847 0.106891 0.00643685 -0.0896088 0.120353 0.988658
1305032386.315386 0.200687 0.0696956 0.111866 -0.00190811 -0.100733 0.119973 0.987652
1305032386.346831 0.203061 0.0731909 0.117074 -0.00859211 -0.112245 0.122235 0.986096
1305032386.379033 0.208649 0.0753883 0.119387 -0.0188094 -0.124767 0.118814 0.984867
1305032386.415310 0.212405 0.0764499 0.122404 -0.0315696 -0.135196 0.112841 0.983866
1305032386.447187 0.216168 0.0747531 0.125444 -0.0407043 -0.146376 0.108098 0.982462
1305032386.479658 0.221623 0.0701956 0.126615 -0.0476194 -0.155713 0.097848 0.98179
1305032386.514929 0.225748 0.0649596 0.129869 -0.0556263 -0.165171 0.0912755 0.980455
1305032386.547514 0.230753 0.0556719 0.131475 -0.0598807 -0.177819 0.0803511 0.978948
1305032386.578838 0.236455 0.045883 0.13359 -0.0632259 -0.188257 0.0687415 0.977669
1305032386.614264 0.24361 0.0360939 0.134873 -0.0688158 -0.197977 0.0605587 0.975911
1305032386.646315 0.249814 0.0261949 0.137061 -0.0698148 -0.206883 0.053097 0.974426
1305032386.678968 0.258838 0.0154567 0.137195 -0.0693005 -0.212233 0.0446982 0.973733
1305032386.714163 0.269004 0.00418638 0.138646 -0.0731237 -0.217214 0.0399499 0.972561
1305032386.746448 0.277566 -0.00671532 0.140747 -0.0783759 -0.222833 0.0332064 0.971133
1305032386.778959 0.286634 -0.015807 0.14254 -0.0864159 -0.227577 0.023626 0.96963
1305032386.814157 0.295244 -0.0246752 0.145204 -0.0948317 -0.230851 0.0161373 0.968222
1305032386.846480 0.303837 -0.0348436 0.146052 -0.106943 -0.233916 0.00784958 0.966325
1305032386.878932 0.313305 -0.0434971 0.146616 -0.12116 -0.23586 -0.00307466 0.964199
1305032386.915107 0.3223 -0.0523897 0.149894 -0.139157 -0.237082 -0.0112865 0.961405
1305032386.947042 0.329819 -0.061994 0.152135 -0.155838 -0.23973 -0.0192777 0.958057
1305032386.979534 0.338137 -0.0703069 0.153985 -0.17407 -0.240822 -0.0299288 0.954363
1305032387.015340 0.350359 -0.0868565 0.16204 -0.203205 -0.241558 -0.0364639 0.948171
1305032387.047204 0.356836 -0.10161 0.166011 -0.215886 -0.241932 -0.0377395 0.945218
1305032387.083123 0.363007 -0.116687 0.170489 -0.221918 -0.243218 -0.0418545 0.943316
1305032387.115144 0.37024 -0.13386 0.174208 -0.229069 -0.245648 -0.0508923 0.940529
1305032387.146938 0.376042 -0.148744 0.179505 -0.2378 -0.246709 -0.0630945 0.937339
1305032387.183366 0.382857 -0.166032 0.1863 -0.246319 -0.245973 -0.0740426 0.934528
1305032387.211762 0.391045 -0.183684 0.192414 -0.250771 -0.243482 -0.082694 0.93327
1305032387.243500 0.398832 -0.201893 0.19959 -0.254312 -0.24084 -0.0904017 0.932282
1305032387.283242 0.406052 -0.219503 0.205835 -0.25679 -0.238892 -0.10084 0.931032
1305032387.315110 0.413089 -0.235341 0.211288 -0.261083 -0.236781 -0.111478 0.929163
1305032387.347681 0.419608 -0.249833 0.216957 -0.269549 -0.234477 -0.119424 0.926338
1305032387.382764 0.423612 -0.263853 0.224972 -0.277886 -0.232779 -0.126836 0.923312
1305032387.414331 0.43071 -0.280801 0.231508 -0.283591 -0.233851 -0.133445 0.920371
1305032387.443532 0.435075 -0.295338 0.238367 -0.289813 -0.234983 -0.140505 0.917088
1305032387.482745 0.438361 -0.308819 0.246589 -0.295887 -0.235251 -0.147585 0.913962
1305032387.511705 0.441302 -0.322938 0.254708 -0.299483 -0.236478 -0.154362 0.911351
1305032387.543542 0.444769 -0.337241 0.261114 -0.301309 -0.241275 -0.160942 0.908348
1305032387.583132 0.447774 -0.351528 0.267989 -0.303559 -0.248553 -0.168478 0.904261
1305032387.614697 0.449412 -0.365167 0.27563 -0.306091 -0.256143 -0.177756 0.899501
1305032387.646620 0.450447 -0.376886 0.282724 -0.307882 -0.2641 -0.187317 0.894635
1305032387.682795 0.451525 -0.388946 0.290491 -0.309735 -0.273039 -0.195458 0.889556
1305032387.715088 0.454753 -0.401051 0.298216 -0.313052 -0.281893 -0.201583 0.884251
1305032387.746770 0.458837 -0.412616 0.306124 -0.318715 -0.288951 -0.207139 0.878648
1305032387.782837 0.461704 -0.421504 0.313066 -0.326113 -0.294153 -0.213761 0.8726
1305032387.815294 0.464452 -0.428212 0.321152 -0.335805 -0.298375 -0.219786 0.865968
1305032387.846872 0.465056 -0.435032 0.329975 -0.346353 -0.300678 -0.22209 0.860411
1305032387.883126 0.468498 -0.443966 0.339448 -0.357437 -0.301893 -0.219445 0.856121
1305032387.914658 0.470745 -0.450025 0.348233 -0.370134 -0.301205 -0.214386 0.852241
1305032387.947098 0.473305 -0.458872 0.357537 -0.380962 -0.301815 -0.212944 0.847603
1305032387.983846 0.475555 -0.466099 0.367638 -0.386831 -0.303442 -0.215851 0.843619
1305032388.015687 0.479873 -0.477136 0.377532 -0.388698 -0.306336 -0.221906 0.840137
1305032388.047380 0.483305 -0.486148 0.386315 -0.38953 -0.308292 -0.229191 0.837075
1305032388.083777 0.48603 -0.494181 0.396371 -0.388257 -0.310471 -0.235129 0.835211
1305032388.115961 0.487659 -0.503562 0.406545 -0.386309 -0.313433 -0.237872 0.834231
1305032388.148173 0.490443 -0.513452 0.417008 -0.382575 -0.318871 -0.239405 0.833453
1305032388.184052 0.4947 -0.526478 0.426335 -0.379195 -0.323827 -0.239305 0.833114
1305032388.212538 0.49891 -0.535701 0.435562 -0.376555 -0.327622 -0.238393 0.83309
1305032388.250425 0.503369 -0.54534 0.444053 -0.376143 -0.330476 -0.235717 0.83291
1305032388.283226 0.505589 -0.553398 0.452558 -0.376741 -0.332884 -0.232365 0.832623
1305032388.315193 0.506261 -0.561925 0.461569 -0.376727 -0.334884 -0.227544 0.833158
1305032388.350541 0.506896 -0.571626 0.470889 -0.375548 -0.337116 -0.222286 0.83421
1305032388.383342 0.508948 -0.579799 0.47967 -0.373853 -0.33956 -0.216773 0.835429
1305032388.414973 0.509156 -0.58797 0.487619 -0.372688 -0.340533 -0.211407 0.836928
1305032388.450875 0.508063 -0.595341 0.49602 -0.371125 -0.341451 -0.207989 0.838104
1305032388.483696 0.506681 -0.603268 0.503919 -0.368115 -0.343533 -0.206988 0.838828
1305032388.515455 0.50378 -0.610077 0.512148 -0.364339 -0.346984 -0.207054 0.83904
1305032388.551418 0.501064 -0.618273 0.519214 -0.361275 -0.352237 -0.207915 0.837962
1305032388.581086 0.495501 -0.624756 0.526411 -0.358558 -0.357973 -0.210843 0.835965
1305032388.615087 0.49043 -0.632192 0.534796 -0.354781 -0.363893 -0.216254 0.833634
1305032388.650929 0.486279 -0.638867 0.540608 -0.351894 -0.368222 -0.222494 0.831312
1305032388.684041 0.482203 -0.641032 0.546778 -0.351401 -0.372284 -0.231052 0.827368
1305032388.713169 0.476275 -0.644662 0.553854 -0.353149 -0.37547 -0.241083 0.822306
1305032388.751435 0.469605 -0.64768 0.560646 -0.355347 -0.378083 -0.249545 0.817624
1305032388.783449 0.462512 -0.650249 0.568135 -0.357483 -0.381114 -0.256369 0.813162
1305032388.814824 0.454636 -0.652693 0.575078 -0.359393 -0.384323 -0.260592 0.809459
1305032388.847513 0.44725 -0.655655 0.582535 -0.360414 -0.387981 -0.262836 0.806529
1305032388.882983 0.439921 -0.65844 0.588946 -0.359941 -0.391989 -0.265307 0.803989
1305032388.914716 0.432817 -0.66017 0.596376 -0.3585 -0.397172 -0.26764 0.801312
1305032388.950492 0.426088 -0.663355 0.60403 -0.357115 -0.401898 -0.268868 0.79916
1305032388.983354 0.420709 -0.664744 0.610709 -0.35529 -0.406358 -0.268643 0.797792
1305032389.015302 0.416259 -0.665414 0.616744 -0.354043 -0.411372 -0.268738 0.795743
1305032389.050498 0.411622 -0.665639 0.623853 -0.352072 -0.417725 -0.271462 0.792375
1305032389.083544 0.4087 -0.666504 0.6313 -0.348242 -0.424779 -0.276368 0.788613
1305032389.114834 0.406758 -0.666348 0.638095 -0.344741 -0.430779 -0.281561 0.785051
1305032389.150563 0.405982 -0.665034 0.644385 -0.343108 -0.435322 -0.285402 0.781868
1305032389.183847 0.404229 -0.664931 0.652141 -0.339613 -0.440413 -0.289749 0.778939
1305032389.215520 0.404691 -0.664843 0.657132 -0.333889 -0.445739 -0.294542 0.776582
1305032389.251042 0.407776 -0.662537 0.660868 -0.329355 -0.451744 -0.298029 0.773713
1305032389.283231 0.410239 -0.659631 0.665491 -0.325552 -0.458966 -0.301482 0.769724
1305032389.315296 0.414619 -0.659176 0.67139 -0.322333 -0.466127 -0.304094 0.765737
1305032389.351461 0.421861 -0.656373 0.676514 -0.320138 -0.471371 -0.305954 0.762701
1305032389.383520 0.429016 -0.652727 0.681333 -0.32 -0.474993 -0.30725 0.759986
1305032389.415851 0.434879 -0.649889 0.686807 -0.319632 -0.479153 -0.308536 0.757003
1305032389.447191 0.442458 -0.648104 0.692196 -0.317225 -0.484366 -0.308592 0.754671
1305032389.484520 0.45357 -0.645398 0.696508 -0.315889 -0.488936 -0.307923 0.752555
1305032389.519411 0.4634 -0.64277 0.701389 -0.315832 -0.49234 -0.309001 0.749913
1305032389.551432 0.471845 -0.640251 0.705688 -0.314932 -0.494345 -0.310337 0.748419
1305032389.583908 0.482192 -0.63763 0.709089 -0.313839 -0.49693 -0.310691 0.747018
1305032389.619179 0.492834 -0.634768 0.712044 -0.313991 -0.500131 -0.31029 0.744983
1305032389.651751 0.500718 -0.632788 0.716095 -0.313984 -0.50267 -0.309142 0.743753
1305032389.683655 0.508909 -0.630697 0.719747 -0.311671 -0.504449 -0.305574 0.744995
1305032389.719141 0.520155 -0.627641 0.722174 -0.308383 -0.506645 -0.300984 0.74674
1305032389.751256 0.529949 -0.622604 0.724399 -0.305277 -0.508627 -0.297011 0.748257
1305032389.783396 0.537699 -0.618567 0.727014 -0.301501 -0.510411 -0.29201 0.750538
1305032389.815171 0.546937 -0.614861 0.729006 -0.297029 -0.512072 -0.284664 0.754004
1305032389.850251 0.556022 -0.610044 0.730861 -0.293133 -0.513526 -0.277571 0.757178
1305032389.883751 0.562754 -0.602361 0.732142 -0.286894 -0.51583 -0.27136 0.760246
1305032389.915433 0.567301 -0.595265 0.732051 -0.276193 -0.521509 -0.267198 0.761808
1305032389.950745 0.573482 -0.589266 0.729584 -0.263706 -0.529211 -0.262522 0.762547
1305032389.982637 0.57938 -0.580698 0.727296 -0.252047 -0.53778 -0.256228 0.762635
1305032390.019198 0.585173 -0.571651 0.725037 -0.238799 -0.547572 -0.250572 0.76181
1305032390.053174 0.592629 -0.563812 0.72417 -0.227455 -0.555783 -0.245339 0.761038
1305032390.081015 0.599318 -0.553071 0.722117 -0.220085 -0.559 -0.240906 0.762263
1305032390.118347 0.602542 -0.543222 0.721055 -0.214711 -0.560675 -0.235772 0.764169
1305032390.149354 0.606224 -0.533588 0.719978 -0.208544 -0.562431 -0.2286 0.766761
1305032390.183538 0.611573 -0.523075 0.718191 -0.202769 -0.563649 -0.222112 0.769318
1305032390.219241 0.61276 -0.51338 0.717838 -0.196637 -0.563961 -0.217028 0.772128
1305032390.251134 0.616013 -0.503764 0.716927 -0.188788 -0.563933 -0.208737 0.776381
1305032390.282589 0.620211 -0.493331 0.715797 -0.182394 -0.563466 -0.198659 0.78088
1305032390.314979 0.623375 -0.482597 0.714019 -0.176959 -0.562164 -0.188534 0.785565
1305032390.350267 0.627175 -0.472393 0.71257 -0.173371 -0.561209 -0.178043 0.789485
1305032390.382610 0.629595 -0.462599 0.710767 -0.169974 -0.561693 -0.168001 0.792077
1305032390.415081 0.631555 -0.453568 0.709893 -0.165161 -0.563591 -0.158809 0.793642
1305032390.451519 0.635141 -0.444974 0.709928 -0.159872 -0.565606 -0.150955 0.794823
1305032390.479658 0.638279 -0.435641 0.710054 -0.155901 -0.56718 -0.143992 0.795781
1305032390.514929 0.640567 -0.427324 0.71115 -0.152037 -0.568899 -0.136372 0.796644
1305032390.550339 0.643927 -0.419037 0.712829 -0.146471 -0.570434 -0.128443 0.797905
1305032390.582772 0.647964 -0.409826 0.713644 -0.141294 -0.571386 -0.11973 0.799512
1305032390.618377 0.650972 -0.401607 0.716774 -0.136658 -0.572203 -0.111146 0.800971
1305032390.650434 0.655725 -0.39207 0.720435 -0.130126 -0.572101 -0.102487 0.803283
1305032390.682873 0.660747 -0.380564 0.721884 -0.12426 -0.5716 -0.0953815 0.805441
1305032390.718194 0.665344 -0.370086 0.725072 -0.120659 -0.5723 -0.0895691 0.806158
1305032390.750175 0.670365 -0.358739 0.72934 -0.118524 -0.57278 -0.0840702 0.806726
1305032390.786274 0.67586 -0.34653 0.733918 -0.118418 -0.573074 -0.0796268 0.806984
1305032390.818507 0.678726 -0.334455 0.738665 -0.119031 -0.573384 -0.0763098 0.806994
1305032390.850437 0.682598 -0.323174 0.744407 -0.118156 -0.574449 -0.0718091 0.806778
1305032390.886597 0.68777 -0.311426 0.750709 -0.116854 -0.575985 -0.0676476 0.806232
1305032390.918398 0.690644 -0.299587 0.75797 -0.114904 -0.577493 -0.0640272 0.805729
1305032390.950305 0.69338 -0.287541 0.764201 -0.109463 -0.579673 -0.0595036 0.805268
1305032390.987238 0.697239 -0.274248 0.770825 -0.101008 -0.583453 -0.0537394 0.804047
1305032391.019268 0.70327 -0.259685 0.778103 -0.0944004 -0.587422 -0.0496927 0.802219
1305032391.051279 0.707596 -0.246891 0.785222 -0.0936296 -0.589088 -0.0469021 0.801254
1305032391.087153 0.707485 -0.232403 0.78993 -0.0944098 -0.590043 -0.0426982 0.800695
1305032391.118251 0.707741 -0.219823 0.794138 -0.091899 -0.592855 -0.0379712 0.799147
1305032391.150434 0.711885 -0.207601 0.800185 -0.0873797 -0.596328 -0.033931 0.797249
1305032391.186761 0.713804 -0.195072 0.805273 -0.0860543 -0.597615 -0.029884 0.796591
1305032391.218382 0.714158 -0.181812 0.809144 -0.0865565 -0.5984 -0.023693 0.796156
1305032391.250262 0.715887 -0.169105 0.812457 -0.0861565 -0.599791 -0.0172689 0.795317
1305032391.286409 0.716615 -0.156503 0.814798 -0.0860247 -0.601175 -0.0128882 0.794369
1305032391.318198 0.717308 -0.144648 0.817615 -0.0877232 -0.602803 -0.00773143 0.793015
1305032391.350223 0.718485 -0.132549 0.820519 -0.0894826 -0.604288 -0.00191366 0.791723
1305032391.386404 0.719648 -0.12033 0.822768 -0.0916024 -0.605681 0.00325863 0.79041
1305032391.418275 0.720303 -0.109635 0.824655 -0.0946046 -0.60794 0.00724644 0.788293
1305032391.450231 0.721116 -0.0993099 0.827198 -0.0981552 -0.610367 0.0118427 0.785925
1305032391.483296 0.721297 -0.0908981 0.829918 -0.10306 -0.611347 0.015078 0.784478
1305032391.518579 0.719082 -0.0823205 0.831783 -0.10663 -0.610955 0.020272 0.784189
1305032391.548166 0.718684 -0.0734631 0.832622 -0.109462 -0.610957 0.0281486 0.783554
1305032391.584774 0.719 -0.0652881 0.832242 -0.113197 -0.611344 0.0352795 0.782432
1305032391.617070 0.716843 -0.0566681 0.830935 -0.116831 -0.611794 0.0404377 0.781296
1305032391.647210 0.714442 -0.0485276 0.828207 -0.120162 -0.612819 0.0451943 0.779725
1305032391.683817 0.713205 -0.0400119 0.825525 -0.124691 -0.615046 0.0497449 0.776979
1305032391.719489 0.710313 -0.0324843 0.822744 -0.129762 -0.617304 0.0496547 0.774359
1305032391.748029 0.705265 -0.0258976 0.819735 -0.132835 -0.618332 0.0473594 0.77316
1305032391.784539 0.702485 -0.0198504 0.816166 -0.136319 -0.617562 0.0478869 0.773137
1305032391.815353 0.699635 -0.0144714 0.813321 -0.142523 -0.614245 0.0486465 0.774612
1305032391.850480 0.694395 -0.0093032 0.809612 -0.145403 -0.609363 0.0475762 0.777992
1305032391.884688 0.692509 -0.00424502 0.805589 -0.144909 -0.605356 0.0486208 0.781141
1305032391.921342 0.690742 0.000981361 0.801463 -0.145597 -0.602274 0.0497011 0.783324
1305032391.953133 0.686429 0.00558807 0.797884 -0.145915 -0.600973 0.0468246 0.784441
1305032391.983420 0.681208 0.00814548 0.796036 -0.140935 -0.601376 0.0421972 0.785305
