1305031229.528784 0 0 0 0 0 0 1
1305031229.564442 -0.0160463 -0.00169055 0.0130729 -0.00356348 -0.0289472 0.00171878 0.999573
1305031229.596617 -0.00737656 -0.0101678 0.00815621 -0.00752309 -0.056948 0.00696635 0.998324
1305031229.628790 -0.0106142 -0.00148533 0.00942342 -0.00793331 -0.0737003 0.0115912 0.997182
1305031229.664358 -0.0153412 -0.0174719 0.0125461 -0.0137287 -0.0918553 0.00819614 0.995644
1305031229.696843 -0.012616 -0.0180655 0.0103464 -0.0145065 -0.104446 0.0105402 0.994369
1305031229.729077 -0.0212968 -0.00504484 0.0176123 -0.00898289 -0.121789 0.0162237 0.992383
1305031229.764869 -0.0186572 -0.0102143 0.0172347 -0.0112321 -0.141961 0.0201219 0.989604
1305031229.796923 -0.0237916 -0.00539585 0.0126707 -0.00941709 -0.157015 0.0266897 0.987191
1305031229.825630 -0.0293949 -0.0046442 0.0123054 -0.00900442 -0.177091 0.0309571 0.983666
1305031229.863062 -0.0307577 -0.00855582 0.0124512 -0.011256 -0.197487 0.0355667 0.979596
1305031229.896938 -0.0426097 -0.00600115 0.00813271 -0.00932465 -0.214853 0.0403214 0.975769
1305031229.926255 -0.0404931 -0.00802245 0.00952405 -0.0103347 -0.241409 0.0443805 0.969353
1305031229.966241 -0.0382866 -0.00828475 0.0110355 -0.0107826 -0.265147 0.0485548 0.962924
1305031229.997931 -0.0353591 -0.00540027 0.0130343 -0.00943829 -0.285786 0.0505124 0.956915
1305031230.030002 -0.0364603 -0.00897588 0.0108517 -0.0108182 -0.301864 0.0511756 0.951915
1305031230.065696 -0.0437749 -0.00907983 0.0101261 -0.0100241 -0.314133 0.0533491 0.947826
1305031230.098274 -0.043989 -0.00538474 0.0120433 -0.008084 -0.329713 0.0554761 0.942415
1305031230.129935 -0.0528384 -0.00688365 0.00715692 -0.00885884 -0.339301 0.0555476 0.938995
1305031230.165780 -0.0521056 -0.00779488 0.00882914 -0.0103013 -0.354249 0.0570061 0.933355
1305031230.197782 -0.0556456 -0.00881678 0.00782766 -0.010276 -0.367499 0.057404 0.928194
1305031230.229853 -0.0581114 -0.0103752 0.00513092 -0.0108806 -0.380411 0.0580102 0.922932
1305031230.265590 -0.0627328 -0.00911503 0.000905336 -0.010304 -0.393492 0.0596771 0.917331
1305031230.297993 -0.0654716 -0.0116491 3.60445e-05 -0.0121365 -0.407967 0.0603068 0.910922
1305031230.335112 -0.0697383 -0.0126491 -0.000991953 -0.0114612 -0.42164 0.0629148 0.904506
1305031230.365680 -0.0752788 -0.00792273 -0.00356802 -0.00923931 -0.435918 0.0647874 0.897604
1305031230.397329 -0.0738122 -0.00989366 -0.000927899 -0.0119831 -0.453808 0.0679743 0.888422
1305031230.436814 -0.0791915 -0.0101491 -0.0090662 -0.012941 -0.467894 0.0701979 0.880897
1305031230.465312 -0.0921746 -0.0120067 -0.0228736 -0.0148074 -0.483016 0.0737466 0.872375
1305031230.497300 -0.0956436 -0.0120769 -0.026558 -0.0172272 -0.505963 0.0757734 0.859048
1305031230.530192 -0.0978537 -0.0152123 -0.0306325 -0.020459 -0.529929 0.0787842 0.844127
1305031230.566115 -0.10223 -0.0185036 -0.0420523 -0.02303 -0.55114 0.0793825 0.830309
1305031230.598843 -0.106117 -0.01782 -0.0429007 -0.0235341 -0.574235 0.0782854 0.814599
1305031230.631914 -0.109289 -0.0141915 -0.0465212 -0.0229118 -0.59541 0.0781276 0.799286
1305031230.666047 -0.113451 -0.0101743 -0.0444497 -0.0234561 -0.614557 0.0767961 0.784775
1305031230.697945 -0.122374 -0.00773027 -0.0427811 -0.0235664 -0.629938 0.0764686 0.772512
1305031230.733641 -0.120037 -0.00931413 -0.0465236 -0.0256 -0.644605 0.076664 0.760232
1305031230.765924 -0.117915 -0.0162839 -0.0499314 -0.0305599 -0.66017 0.0791162 0.746313
1305031230.797323 -0.125877 -0.0179871 -0.0554044 -0.0298148 -0.673995 0.0808232 0.733696
1305031230.831757 -0.123021 -0.0209585 -0.0572636 -0.0305594 -0.690012 0.083227 0.718347
1305031230.865542 -0.126255 -0.0223445 -0.0603944 -0.030744 -0.706098 0.0864194 0.702148
1305031230.897394 -0.126182 -0.0200332 -0.0631429 -0.0274667 -0.72186 0.0870935 0.685987
1305031230.937310 -0.130745 -0.0141124 -0.0713196 -0.0227845 -0.73392 0.0864863 0.673322
1305031230.965035 -0.135031 -0.0119868 -0.0717211 -0.0202636 -0.742507 0.087057 0.663848
1305031230.997124 -0.137193 -0.00893508 -0.0708296 -0.0184945 -0.746928 0.0863441 0.659015
1305031231.036750 -0.138302 -0.00931118 -0.0783618 -0.0180663 -0.747237 0.0849392 0.658859
1305031231.064474 -0.13732 -0.00315122 -0.0768766 -0.0149691 -0.746409 0.0852679 0.659832
1305031231.096788 -0.137186 -0.00748176 -0.0803955 -0.0159149 -0.744646 0.0839711 0.661965
1305031231.134711 -0.142332 -0.00612044 -0.0749355 -0.0170682 -0.744496 0.0846672 0.662016
1305031231.165276 -0.138336 0.00167794 -0.090143 -0.0147135 -0.740487 0.0852638 0.666477
1305031231.197771 -0.140362 0.0200809 -0.0912712 -0.00889779 -0.735171 0.0823758 0.672799
1305031231.234468 -0.146447 0.0284389 -0.0910048 -0.00633021 -0.723971 0.0840037 0.684668
1305031231.265635 -0.125917 0.0223191 -0.0952107 -0.00738583 -0.70644 0.0822863 0.702934
1305031231.297861 -0.127258 0.0199426 -0.0951551 -0.00928972 -0.685024 0.0825988 0.723764
1305031231.335152 -0.104787 0.0245573 -0.10686 -0.00646759 -0.658899 0.0757578 0.748379
1305031231.365077 -0.102975 0.0200073 -0.102396 -0.00903112 -0.636111 0.0738738 0.768
1305031231.397330 -0.0979122 0.0191139 -0.100691 -0.00954567 -0.614344 0.0724935 0.785643
1305031231.436858 -0.10885 0.0195556 -0.0730112 -0.00979577 -0.598958 0.0689811 0.797743
1305031231.464989 -0.104554 0.0167143 -0.0725677 -0.0137446 -0.581468 0.0680169 0.810605
1305031231.499244 -0.102235 0.01897 -0.0653472 -0.0146216 -0.565946 0.0669762 0.821587
1305031231.533196 -0.0989318 0.0190731 -0.0618079 -0.0169701 -0.551044 0.0665925 0.831642
1305031231.565068 -0.096827 0.020561 -0.0622322 -0.0174728 -0.535033 0.06476 0.842164
1305031231.601317 -0.112864 0.0277047 -0.0378145 -0.0152175 -0.523723 0.0604534 0.849605
1305031231.633159 -0.11058 0.027739 -0.0334787 -0.0157647 -0.508975 0.0590255 0.85861
1305031231.665055 -0.108566 0.0275737 -0.0350299 -0.0154528 -0.492076 0.0573121 0.868526
1305031231.703508 -0.104468 0.0300814 -0.0357116 -0.0146591 -0.475577 0.0547058 0.877849
1305031231.733938 -0.104039 0.0329684 -0.0289364 -0.0124037 -0.459581 0.0501062 0.886635
1305031231.765509 -0.100209 0.0340615 -0.0193452 -0.012147 -0.441142 0.0452084 0.896216
1305031231.801191 -0.099109 0.0361389 -0.0184545 -0.0111998 -0.417493 0.0398769 0.907736
1305031231.833292 -0.0950485 0.035942 -0.0118489 -0.0114106 -0.395597 0.0350004 0.917686
1305031231.864959 -0.0916202 0.034528 -0.00786708 -0.0091832 -0.369625 0.027711 0.928722
1305031231.901270 -0.0850655 0.0378402 0.00899877 -0.0103456 -0.350654 0.0258107 0.936092
1305031231.933046 -0.0852131 0.0385643 0.0123569 -0.00918776 -0.326476 0.0216661 0.944912
1305031231.965030 -0.0840812 0.0407356 0.0105748 -0.00829086 -0.30311 0.0211755 0.952684
1305031232.000720 -0.0785645 0.0427843 0.00672982 -0.00825983 -0.283102 0.0198334 0.958849
1305031232.033203 -0.0718665 0.0411145 0.0104685 -0.00824204 -0.266185 0.0183342 0.963712
1305031232.065145 -0.0657013 0.0429721 0.0122447 -0.00610328 -0.246456 0.0154235 0.969012
1305031232.100799 -0.0631203 0.0406042 0.00919284 -0.0076029 -0.22588 0.0147558 0.974014
1305031232.132838 -0.0557834 0.0295718 0.018923 -0.012964 -0.213296 0.0119672 0.976828
1305031232.165052 -0.0493259 0.0345141 0.0205633 -0.00980188 -0.199331 0.0113505 0.979817
1305031232.199224 -0.0468504 0.0378557 0.0182356 -0.00695212 -0.181199 0.00853823 0.983385
1305031232.236468 -0.0456788 0.0332987 0.0190514 -0.00938455 -0.162954 0.00602696 0.986571
1305031232.262698 -0.0354326 0.031588 0.0193593 -0.00887575 -0.148462 0.00332211 0.988873
1305031232.298025 -0.0289001 0.034014 0.0188193 -0.00845378 -0.130663 -0.00016273 0.991391
1305031232.332143 -0.0369008 0.0301703 0.0175744 -0.00948699 -0.109653 -0.00369305 0.993918
1305031232.364749 -0.0235034 0.0188131 0.0167792 -0.0139863 -0.100358 -0.00968663 0.994806
1305031232.400878 -0.0245433 0.0226001 0.0160084 -0.0130707 -0.0871368 -0.0113355 0.996046
1305031232.433144 -0.0302855 0.0168238 0.0148061 -0.0161417 -0.0747094 -0.0150471 0.996961
1305031232.464721 -0.0308661 0.0146844 0.0147336 -0.0162415 -0.0662628 -0.0181707 0.997505
1305031232.501526 -0.0263018 0.0103889 0.0142076 -0.0176468 -0.0574888 -0.0211349 0.997966
1305031232.532464 -0.0257701 0.00823909 0.013115 -0.0186863 -0.0450688 -0.0251176 0.998493
1305031232.564745 -0.0236481 0.00713626 0.0127081 -0.0186215 -0.0336296 -0.0282105 0.998863
1305031232.600350 -0.0277368 0.00888761 0.0127041 -0.0176804 -0.0179945 -0.0309876 0.999201
1305031232.629427 -0.0230684 0.00355146 0.00783742 -0.0202626 -0.00339075 -0.0364234 0.999125
1305031232.664708 -0.0241627 0.00893798 0.0102315 -0.0174578 0.0120317 -0.0381095 0.999049
1305031232.700509 -0.0244134 0.00886761 0.00874504 -0.0154087 0.0256608 -0.0421111 0.998664
1305031232.732798 -0.0205122 0.00429358 0.00405723 -0.0171682 0.0407353 -0.0472437 0.997905
1305031232.768460 -0.0202177 0.0043413 0.00221172 -0.0174016 0.0590106 -0.0532823 0.996682
1305031232.804538 -0.0236296 0.0031701 0.00522685 -0.0154017 0.0770961 -0.0590873 0.995152
1305031232.834645 -0.0132284 0.00467993 -0.00066222 -0.0134608 0.0887386 -0.0612354 0.99408
1305031232.868557 -0.0218381 0.00761211 -0.000363764 -0.0124172 0.104845 -0.0631465 0.992404
1305031232.904183 -0.0208709 -0.00438057 -0.000300936 -0.0150678 0.111975 -0.0670978 0.991329
1305031232.933000 -0.0208321 0.00100138 -0.000484597 -0.0123554 0.115042 -0.062058 0.991343
1305031232.968364 -0.0195503 0.00117092 -0.00176813 -0.0111246 0.1152 -0.0603528 0.991445
1305031233.001151 -0.0230706 0.0121967 -0.00188639 -0.00854612 0.115507 -0.0538373 0.99181
1305031233.033022 -0.0322326 0.00680594 0.00102485 -0.010852 0.104229 -0.0485987 0.993306
1305031233.068843 -0.0225322 0.00484329 -0.00524297 -0.00882181 0.0778018 -0.0396869 0.99614
1305031233.100447 -0.0337337 0.014358 -0.00216604 -0.00524747 0.0527348 -0.0253849 0.998272
1305031233.132892 -0.0240657 0.0127164 -0.00882204 -0.0076975 0.0225775 -0.0179477 0.999554
1305031233.168480 -0.0206064 0.0123441 -0.0134639 -0.0120941 0.0103175 -0.0130098 0.999789
1305031233.200634 -0.0259804 0.0109149 -0.00370886 -0.019891 0.00608608 -0.0120895 0.999711
1305031233.233009 -0.0329983 0.0152848 -0.00179663 -0.0230211 -0.00137019 -0.0096472 0.999687
1305031233.268468 -0.0336159 0.026575 0.00201898 -0.0182576 -0.0242342 -0.00204364 0.999537
1305031233.300395 -0.0510066 0.0340888 -0.00373092 -0.0175629 -0.0515031 0.00619327 0.998499
1305031233.332530 -0.0833126 0.041044 0.00765475 -0.0189503 -0.0915461 0.0157506 0.995496
1305031233.368630 -0.0968822 0.0338401 -0.00370303 -0.0228619 -0.130151 0.0270202 0.990862
1305031233.400893 -0.108843 0.0390353 0.00459909 -0.0241147 -0.167854 0.032915 0.984967
1305031233.433008 -0.105651 0.0169714 -0.00468525 -0.0349532 -0.206692 0.0329822 0.977225
1305031233.468787 -0.095703 0.013873 -0.00210796 -0.0373305 -0.237242 0.0394247 0.969932
1305031233.500736 -0.096558 0.0157086 -0.00171425 -0.0365691 -0.250605 0.040229 0.966562
1305031233.534161 -0.101615 0.0131806 -0.00380481 -0.0357926 -0.263303 0.0374396 0.963322
1305031233.569727 -0.110126 0.013079 -0.00621583 -0.0362044 -0.278048 0.0393893 0.959076
1305031233.601275 -0.116555 0.00623422 -0.0155471 -0.0391382 -0.29858 0.0431656 0.952604
1305031233.633041 -0.113137 0.00234757 -0.011567 -0.0401707 -0.328313 0.0468543 0.942551
1305031233.671783 -0.112976 0.0104808 -0.0124164 -0.0363741 -0.34976 0.050575 0.934766
1305031233.702296 -0.107429 0.00536459 -0.0123953 -0.0390509 -0.366029 0.0519173 0.928333
1305031233.731201 -0.10129 0.0179356 -0.00234991 -0.0316377 -0.375726 0.0496897 0.924857
1305031233.769160 -0.0937301 0.0226842 0.00554718 -0.0307077 -0.375721 0.0468833 0.925037
1305031233.799768 -0.0939845 0.0242237 0.00592992 -0.0318025 -0.368713 0.0434197 0.927984
1305031233.833831 -0.0959594 0.0159139 0.00536871 -0.0363818 -0.363218 0.0417611 0.930056
1305031233.865570 -0.0991263 0.0156668 0.00119467 -0.0343742 -0.360489 0.0414316 0.931209
1305031233.898697 -0.0980307 0.0144553 0.00194569 -0.0344687 -0.362994 0.0425077 0.930183
1305031233.932003 -0.0930866 0.0105681 0.00818751 -0.0344116 -0.366549 0.0450792 0.928669
1305031233.968159 -0.0925166 0.0138732 0.0131553 -0.0285241 -0.366492 0.0473027 0.92878
1305031233.998938 -0.0897404 0.00829736 0.0172097 -0.023653 -0.364691 0.0485389 0.929562
1305031234.037068 -0.0880585 0.0156346 0.0159675 -0.0122003 -0.360463 0.0520923 0.931238
1305031234.068756 -0.0853949 0.0138032 0.0172274 -0.00525274 -0.35553 0.0541924 0.933078
1305031234.099741 -0.0842598 0.0117666 0.0155932 0.00331526 -0.349472 0.0560926 0.93526
1305031234.135069 -0.0855886 0.00973364 0.0157328 0.0140136 -0.344695 0.0582134 0.936803
1305031234.165901 -0.0859827 0.0161839 0.0138128 0.025719 -0.339812 0.0615032 0.938128
1305031234.201004 -0.0849993 0.00746165 0.0147025 0.0314321 -0.337305 0.0639599 0.938694
1305031234.238575 -0.0858332 0.0128278 0.0153993 0.0460167 -0.334467 0.0678392 0.938836
1305031234.265510 -0.0844109 0.0135496 0.0163729 0.0541306 -0.332433 0.0705383 0.938926
1305031234.302455 -0.0829833 0.00607114 0.0210914 0.0591358 -0.331599 0.0734121 0.938699
1305031234.338458 -0.0853022 0.00703972 0.0194097 0.0717582 -0.328714 0.076239 0.938608
1305031234.366181 -0.084845 0.0103191 0.0201949 0.0820447 -0.327826 0.0797038 0.937788
1305031234.400035 -0.0850109 0.00810163 0.0208844 0.0907765 -0.326448 0.082735 0.937201
1305031234.436771 -0.082342 0.000574909 0.0202848 0.101613 -0.324695 0.0839885 0.936586
1305031234.467606 -0.0838111 0.00478458 0.0215968 0.117719 -0.321342 0.0892862 0.935366
1305031234.497781 -0.0830874 0.00174423 0.0211412 0.129173 -0.318323 0.0930914 0.934515
1305031234.537671 -0.0804222 -0.00656666 0.0188824 0.143617 -0.315591 0.0977286 0.932859
1305031234.569037 -0.0808825 -0.00151111 0.01855 0.162719 -0.314945 0.104014 0.929254
1305031234.598248 -0.0805275 -0.00343188 0.0182349 0.177599 -0.314192 0.108092 0.926314
1305031234.633649 -0.0777411 -0.00676704 0.0186521 0.194491 -0.312602 0.11382 0.922767
1305031234.665859 -0.0777202 -0.00584402 0.015837 0.210901 -0.309594 0.116408 0.919849
1305031234.698732 -0.0781355 -0.00630017 0.0164841 0.228117 -0.30596 0.120069 0.916479
1305031234.734437 -0.0755057 -0.0111271 0.0180644 0.241732 -0.304496 0.124926 0.91282
1305031234.768972 -0.0747256 -0.0115745 0.015734 0.259672 -0.300368 0.128907 0.908699
1305031234.801553 -0.0767142 -0.000655078 0.0109768 0.277016 -0.296792 0.13231 0.904252
1305031234.837808 -0.0765815 -0.00239464 0.0106453 0.287828 -0.29436 0.133256 0.901526
1305031234.869321 -0.076133 0.0017478 0.0109764 0.298947 -0.291487 0.135842 0.89845
1305031234.901998 -0.0757271 0.0014561 0.0115476 0.304428 -0.290555 0.135857 0.896908
1305031234.938161 -0.0776309 0.0141355 0.00633905 0.306031 -0.288796 0.13522 0.897027
1305031234.973080 -0.0785253 0.0119161 0.00648997 0.29989 -0.29031 0.135201 0.898614
1305031235.005083 -0.0921279 0.0279162 0.0106432 0.294409 -0.292183 0.133269 0.900107
1305031235.039972 -0.0876855 0.0188774 0.0145432 0.283781 -0.29676 0.131927 0.902218
1305031235.072940 -0.0976041 0.0325537 0.0256112 0.274655 -0.301735 0.13204 0.903375
1305031235.099591 -0.0969259 0.0344151 0.0358135 0.262379 -0.306951 0.130253 0.905523
1305031235.136271 -0.0965515 0.025768 0.0319573 0.250283 -0.308425 0.126913 0.908914
1305031235.166371 -0.100851 0.0408922 0.0331461 0.242809 -0.311595 0.125482 0.910059
1305031235.199847 -0.0938375 0.0323617 0.0374234 0.223953 -0.316265 0.119946 0.914021
1305031235.237570 -0.098267 0.0342965 0.0374928 0.212491 -0.316491 0.117357 0.91701
1305031235.269039 -0.096236 0.0354057 0.0409679 0.199556 -0.319868 0.112687 0.919328
1305031235.306487 -0.0965754 0.0401264 0.0470066 0.186785 -0.321759 0.108907 0.921804
1305031235.338000 -0.0972728 0.0452273 0.0493688 0.17055 -0.322098 0.104011 0.92539
1305031235.369888 -0.0991087 0.0380321 0.0496322 0.151882 -0.321808 0.0981915 0.929371
1305031235.406016 -0.103592 0.0465584 0.0457196 0.13952 -0.321824 0.0945975 0.931673
1305031235.438153 -0.103213 0.049141 0.0504779 0.118078 -0.326451 0.090009 0.933481
1305031235.470059 -0.10277 0.0491232 0.0521223 0.0992909 -0.329353 0.0883842 0.934803
1305031235.505985 -0.103715 0.0501372 0.0515747 0.0813751 -0.332133 0.084415 0.935916
1305031235.538554 -0.104528 0.0521518 0.0576697 0.0625282 -0.336823 0.0814622 0.935951
1305031235.570365 -0.105968 0.0536077 0.0596358 0.0452898 -0.338571 0.0778107 0.936624
1305031235.606006 -0.107675 0.0604494 0.0616074 0.0274819 -0.340849 0.0744209 0.936765
1305031235.638951 -0.109181 0.0614518 0.0641635 0.00858151 -0.342738 0.070296 0.936758
1305031235.670516 -0.113237 0.0641355 0.0635331 -0.0112386 -0.343679 0.0674153 0.936597
1305031235.705778 -0.11432 0.0665676 0.0676631 -0.0307831 -0.346842 0.0635888 0.935259
1305031235.738797 -0.116273 0.0686964 0.068004 -0.0497155 -0.34904 0.0593592 0.933904
1305031235.769630 -0.117728 0.0749754 0.0704468 -0.0681532 -0.351632 0.0554405 0.932007
1305031235.807225 -0.120482 0.0761653 0.0719272 -0.0883687 -0.352078 0.0507471 0.930407
1305031235.838812 -0.121234 0.0746234 0.0730565 -0.108512 -0.352325 0.0455113 0.928451
1305031235.870067 -0.121552 0.0794265 0.0766686 -0.124486 -0.353144 0.041323 0.926329
1305031235.906111 -0.125246 0.0862692 0.0766515 -0.138619 -0.35215 0.0388204 0.924807
1305031235.938233 -0.125141 0.082314 0.0772616 -0.15658 -0.35151 0.0339792 0.922371
1305031235.970011 -0.127736 0.0950562 0.0760898 -0.165549 -0.351661 0.0316055 0.920831
1305031236.006853 -0.129274 0.101861 0.075984 -0.175686 -0.351219 0.0298455 0.919178
1305031236.038048 -0.129264 0.0997468 0.0786712 -0.189421 -0.351754 0.0261062 0.916355
1305031236.069878 -0.131441 0.109004 0.0769771 -0.199059 -0.350396 0.0252237 0.914856
1305031236.105872 -0.131278 0.11629 0.0755298 -0.203841 -0.349942 0.0239643 0.91401
1305031236.138325 -0.130499 0.121097 0.0758459 -0.208543 -0.349294 0.0213873 0.913261
1305031236.170933 -0.129991 0.124421 0.0760395 -0.212402 -0.34879 0.0217114 0.912557
1305031236.207190 -0.131971 0.127906 0.076715 -0.218448 -0.346952 0.0205452 0.911857
1305031236.238375 -0.133297 0.133668 0.0746958 -0.217506 -0.344246 0.0207271 0.913103
1305031236.269959 -0.133246 0.135945 0.0747618 -0.212601 -0.34308 0.020062 0.91471
1305031236.306994 -0.13438 0.137363 0.076325 -0.206754 -0.341467 0.021501 0.916619
1305031236.339217 -0.134735 0.13625 0.076997 -0.197569 -0.340467 0.0249211 0.918927
1305031236.370096 -0.133022 0.140684 0.0733689 -0.185285 -0.340896 0.0306746 0.921151
1305031236.405869 -0.131153 0.142754 0.070423 -0.17245 -0.341796 0.0357518 0.923124
1305031236.438788 -0.130428 0.141543 0.0688296 -0.159592 -0.341156 0.0390129 0.925538
1305031236.475141 -0.128093 0.138093 0.0663325 -0.145683 -0.340104 0.0446183 0.927963
1305031236.507721 -0.127865 0.135956 0.0631634 -0.132941 -0.338427 0.0482321 0.930305
1305031236.538645 -0.124933 0.132752 0.0613385 -0.116428 -0.33842 0.0512624 0.932357
1305031236.574095 -0.124803 0.12683 0.0567004 -0.104412 -0.336333 0.0536383 0.934399
1305031236.605757 -0.121761 0.128358 0.0542157 -0.0862824 -0.335371 0.057089 0.936388
1305031236.638401 -0.117839 0.116004 0.0511978 -0.0738085 -0.334951 0.0588768 0.937493
1305031236.675147 -0.114701 0.111329 0.0467885 -0.0599281 -0.335085 0.0618787 0.938242
1305031236.703362 -0.109341 0.0778972 0.0513544 -0.0617441 -0.338281 0.0593246 0.937142
1305031236.733922 -0.105578 0.04013 0.0508173 -0.0645667 -0.338917 0.0545865 0.937009
1305031236.774041 -0.0997451 0.0252294 0.0529218 -0.0568506 -0.341682 0.0562222 0.936408
1305031236.802588 -0.0988366 0.0191017 0.0454378 -0.0399015 -0.339993 0.0590961 0.937721
1305031236.836415 -0.0957638 0.0165955 0.0412792 -0.0218215 -0.33933 0.0609771 0.938435
1305031236.874398 -0.0935041 0.0125752 0.0352059 -0.0061885 -0.337196 0.0639309 0.939241
1305031236.906069 -0.0928701 0.00865309 0.0299746 0.0116355 -0.335569 0.0663181 0.939606
1305031236.934437 -0.0889285 0.00648115 0.0269945 0.028697 -0.336185 0.0710265 0.938675
1305031236.974400 -0.0861682 0.000950865 0.020384 0.0437878 -0.335817 0.0742775 0.937973
1305031237.007426 -0.0840155 -0.00612088 0.0117532 0.060505 -0.334849 0.0771864 0.937154
1305031237.037024 -0.0797273 -0.00318801 0.00575462 0.0805423 -0.334688 0.0810327 0.935377
1305031237.073427 -0.0746254 -0.0045921 0.00135303 0.0974389 -0.333328 0.0844986 0.933948
1305031237.105968 -0.0709539 -0.012093 -0.00138885 0.112653 -0.33191 0.0880542 0.932411
1305031237.137832 -0.0677352 -0.0103059 -0.00759451 0.134453 -0.327778 0.0915444 0.930647
1305031237.171227 -0.0643217 -0.00938485 -0.0121952 0.150647 -0.324492 0.0971882 0.928744
1305031237.204229 -0.0629607 -0.0174002 -0.0137308 0.164197 -0.322558 0.101231 0.926687
1305031237.237569 -0.0624694 -0.0133384 -0.020228 0.181587 -0.318686 0.106922 0.924139
1305031237.274659 -0.057121 -0.0193461 -0.0207264 0.19329 -0.317489 0.110078 0.921804
1305031237.305810 -0.0554406 -0.013849 -0.0234186 0.209356 -0.312379 0.113172 0.919664
1305031237.337142 -0.0522916 -0.0209066 -0.0272819 0.220002 -0.307555 0.115416 0.918525
1305031237.374166 -0.0537637 -0.019123 -0.03051 0.234738 -0.302324 0.11943 0.916097
1305031237.405734 -0.0509602 -0.012104 -0.0355682 0.246438 -0.298985 0.121878 0.913795
1305031237.437722 -0.0483838 -0.0147221 -0.0355398 0.255807 -0.296345 0.124808 0.911683
1305031237.474128 -0.047214 -0.0183734 -0.0409017 0.264236 -0.293007 0.130693 0.90953
1305031237.506045 -0.0501208 -0.00833851 -0.0441865 0.275386 -0.291266 0.134826 0.906173
1305031237.537650 -0.0454453 -0.011554 -0.0424585 0.282085 -0.290326 0.136446 0.904169
1305031237.573948 -0.0429455 -0.012542 -0.0467941 0.289188 -0.288626 0.141117 0.901749
1305031237.606813 -0.0459137 -0.00125797 -0.0475711 0.297785 -0.287513 0.142354 0.899108
1305031237.637855 -0.044466 -0.00284001 -0.0470688 0.301854 -0.286468 0.144495 0.897742
1305031237.675276 -0.0434269 0.000508116 -0.0461921 0.304576 -0.2862 0.145944 0.896673
1305031237.707118 -0.0452117 -0.00133525 -0.0448941 0.307436 -0.284447 0.146993 0.896084
1305031237.741667 -0.0451657 0.00312287 -0.0494013 0.306126 -0.284565 0.148086 0.896315
1305031237.774306 -0.0426978 -0.00207871 -0.0471799 0.304693 -0.285514 0.147401 0.896614
1305031237.806496 -0.0415521 -0.00674296 -0.049696 0.307951 -0.283426 0.148728 0.895944
1305031237.843031 -0.0423098 0.00318892 -0.050426 0.307162 -0.285048 0.150342 0.895431
1305031237.875422 -0.0418303 -0.00340802 -0.047467 0.302103 -0.286277 0.149124 0.896962
1305031237.907784 -0.0449641 -0.0103681 -0.0475287 0.306185 -0.28559 0.153185 0.895111
1305031237.944187 -0.0420244 0.00331642 -0.051613 0.305404 -0.289952 0.154065 0.893823
1305031237.973810 -0.0433956 0.00237204 -0.0482293 0.297382 -0.293666 0.152303 0.895616
1305031238.006932 -0.0434765 0.00107301 -0.0474465 0.287724 -0.300139 0.151806 0.896708
1305031238.043140 -0.0602572 0.0274368 -0.0308871 0.282438 -0.306807 0.14832 0.896716
1305031238.074032 -0.0697486 0.0420109 -0.0317691 0.269136 -0.31148 0.141913 0.900226
1305031238.106588 -0.0610018 0.0397795 -0.0217804 0.248541 -0.319165 0.13204 0.904945
1305031238.143328 -0.0642292 0.0321558 -0.0261709 0.230467 -0.318744 0.120437 0.911472
1305031238.172300 -0.0725615 0.0490821 -0.0312656 0.213307 -0.31931 0.110121 0.916741
1305031238.205426 -0.0714479 0.0347139 -0.0310727 0.185066 -0.325001 0.101372 0.921872
1305031238.240147 -0.0737723 0.0376055 -0.0255751 0.166895 -0.331146 0.0947414 0.923857
1305031238.272527 -0.0725303 0.0357503 -0.0231993 0.147672 -0.33532 0.0853547 0.926536
1305031238.306053 -0.0744512 0.0505485 -0.0241995 0.12999 -0.336796 0.0794261 0.929173
1305031238.342596 -0.0734406 0.0427526 -0.0158794 0.104896 -0.341076 0.0733021 0.931284
1305031238.374104 -0.0790392 0.0410985 -0.0183072 0.0845438 -0.341442 0.0653278 0.93381
1305031238.406036 -0.080074 0.0430586 -0.0147042 0.0649816 -0.344142 0.0570745 0.934926
1305031238.443424 -0.0817057 0.0427865 -0.0101306 0.0445936 -0.345863 0.0515813 0.935804
1305031238.474082 -0.0850611 0.0424803 -0.00945651 0.0278283 -0.346284 0.0454651 0.936614
1305031238.505811 -0.0890344 0.0435724 -0.00953193 0.0137489 -0.346909 0.038952 0.936989
1305031238.543264 -0.0902854 0.0378172 -0.00794538 0.000413672 -0.349298 0.0341101 0.93639
1305031238.574184 -0.0928552 0.0462547 -0.00809134 -0.00832856 -0.351283 0.0305184 0.935735
1305031238.605825 -0.0948051 0.0483351 -0.0064415 -0.0196155 -0.35378 0.0263837 0.934751
1305031238.642759 -0.0944572 0.0510537 -0.00375561 -0.0320237 -0.355833 0.0222983 0.933734
1305031238.673813 -0.094696 0.052602 -0.00256118 -0.0439456 -0.356229 0.0173922 0.933203
1305031238.705189 -0.0974515 0.0607811 -0.0021481 -0.0541087 -0.355575 0.0135769 0.932981
1305031238.741307 -0.0923685 0.0380441 0.00531086 -0.0803693 -0.359736 0.0054603 0.929571
1305031238.771796 -0.0931244 0.0385625 0.00701171 -0.0920077 -0.36156 0.00279921 0.927794
1305031238.807019 -0.0934589 0.0398843 0.00856245 -0.103127 -0.36363 -0.000169373 0.925818
1305031238.842940 -0.0956864 0.0394623 0.00972874 -0.116656 -0.363916 -0.00396725 0.924089
1305031238.873723 -0.0963096 0.0482104 0.00896985 -0.122781 -0.363832 -0.0038995 0.923329
1305031238.906172 -0.0979155 0.0508434 0.0101254 -0.128501 -0.364233 -0.00495064 0.922387
1305031238.942786 -0.0982682 0.0479933 0.0109927 -0.136462 -0.365006 -0.00687491 0.920924
1305031238.972308 -0.0981457 0.0554695 0.00892695 -0.139378 -0.364649 -0.0090485 0.92061
1305031239.010483 -0.100318 0.0533191 0.00812398 -0.145353 -0.362694 -0.012636 0.920416
1305031239.040879 -0.101451 0.0552433 0.00992361 -0.152433 -0.362207 -0.015332 0.919421
1305031239.074661 -0.101455 0.0622016 0.00857252 -0.15364 -0.361624 -0.0155313 0.919446
1305031239.110906 -0.102073 0.0625755 0.00842554 -0.153449 -0.361443 -0.0168587 0.919526
1305031239.141779 -0.102564 0.0686792 0.00585995 -0.150543 -0.359919 -0.015518 0.920627
1305031239.175750 -0.102168 0.0707588 0.00704712 -0.144714 -0.359041 -0.0142764 0.921924
1305031239.209645 -0.098787 0.0686727 0.00619066 -0.141366 -0.35915 -0.0126479 0.922424
1305031239.241710 -0.0997956 0.0708436 0.00696605 -0.136209 -0.360084 -0.0101784 0.922867
1305031239.273820 -0.101009 0.0723424 0.00570579 -0.128935 -0.36047 -0.00595386 0.923797
1305031239.310177 -0.101457 0.0732416 0.00380293 -0.120278 -0.359819 -0.00251323 0.925234
1305031239.341970 -0.100719 0.0707228 0.00340762 -0.112356 -0.359563 0.00061543 0.926331
1305031239.375024 -0.100384 0.0705182 0.00320114 -0.102325 -0.359443 0.00472678 0.927528
1305031239.410631 -0.10049 0.0696381 0.00273352 -0.0931877 -0.359515 0.0093048 0.928428
1305031239.441542 -0.102134 0.0547238 0.00171 -0.0892158 -0.358797 0.0127238 0.929055
1305031239.473318 -0.100099 0.0372756 0.000814753 -0.0849798 -0.35973 0.01351 0.92908
1305031239.509739 -0.0989577 0.034363 0.00123188 -0.0746744 -0.360339 0.0173481 0.929666
1305031239.543802 -0.0979848 0.0323114 0.00201639 -0.0622611 -0.359908 0.0214679 0.930661
1305031239.576116 -0.0956118 0.0300957 0.00104367 -0.0494344 -0.357531 0.0238354 0.932287
1305031239.611161 -0.0926111 0.0241308 0.00440458 -0.0394488 -0.356396 0.0257094 0.933148
1305031239.641422 -0.092403 0.019397 0.00265444 -0.0278737 -0.353307 0.0297135 0.93462
1305031239.671056 -0.0928679 0.0213623 -0.0015109 -0.0129811 -0.349763 0.0338482 0.936137
1305031239.707555 -0.0901413 0.015352 -0.000665732 -0.00281428 -0.349207 0.0380972 0.936267
1305031239.741755 -0.0895454 0.0123836 -0.00406169 0.0123375 -0.347377 0.0437388 0.936624
1305031239.771260 -0.0870422 0.00295 -0.00492067 0.0255202 -0.346878 0.0489082 0.936286
1305031239.806087 -0.0816227 -0.00161212 -0.00419242 0.0425669 -0.346972 0.0615224 0.934887
1305031239.839289 -0.0827759 -0.00142583 -0.0114512 0.060653 -0.344167 0.0737472 0.934041
1305031239.874430 -0.082665 -0.00452295 -0.015665 0.0784549 -0.345877 0.0768397 0.931831
1305031239.909062 -0.077833 -0.00545731 -0.0152547 0.096279 -0.346894 0.0814928 0.929384
1305031239.940373 -0.0745265 -0.00590064 -0.0196268 0.113076 -0.344437 0.085218 0.92807
1305031239.971067 -0.0715197 -0.00769389 -0.0207019 0.128677 -0.341438 0.0865528 0.927023
1305031240.008865 -0.0702697 -0.0161602 -0.0249674 0.140913 -0.337487 0.090411 0.926322
1305031240.039660 -0.0705555 -0.0129706 -0.0263663 0.158021 -0.335223 0.0966054 0.923754
1305031240.071187 -0.0688894 -0.0181865 -0.0309422 0.170719 -0.33381 0.100395 0.9216
1305031240.109346 -0.0625115 -0.024522 -0.0340094 0.184983 -0.333483 0.106033 0.918329
1305031240.143502 -0.0587158 -0.0305069 -0.0350981 0.203781 -0.332311 0.1119 0.914069
1305031240.177577 -0.0616761 -0.0198401 -0.0394946 0.223527 -0.328961 0.117119 0.910002
1305031240.209331 -0.0516065 -0.0307777 -0.0382631 0.235452 -0.329359 0.12471 0.905833
1305031240.241005 -0.0527808 -0.0288507 -0.0425356 0.259478 -0.324978 0.132905 0.899665
1305031240.277434 -0.0505337 -0.0171116 -0.0444382 0.275076 -0.323181 0.138169 0.894872
1305031240.308929 -0.0425957 -0.0317816 -0.0547322 0.286624 -0.320346 0.145583 0.891084
1305031240.342273 -0.0492572 -0.0167424 -0.0547605 0.306209 -0.316616 0.150888 0.884999
1305031240.377426 -0.0445846 -0.0155312 -0.051383 0.318887 -0.313384 0.15473 0.880999
1305031240.409111 -0.0471533 -0.0144277 -0.0521973 0.331077 -0.307796 0.160191 0.87749
1305031240.441786 -0.0470947 -0.0131149 -0.0513444 0.340331 -0.30664 0.165365 0.873385
1305031240.477639 -0.0465961 -0.00579651 -0.0589831 0.347131 -0.30486 0.166815 0.871053
1305031240.508449 -0.0468613 -0.00877593 -0.059763 0.352849 -0.301734 0.168204 0.869576
1305031240.541270 -0.0492879 -0.00679349 -0.0619694 0.358486 -0.300121 0.171153 0.86725
1305031240.575909 -0.0490768 -0.000802117 -0.0606301 0.358198 -0.302147 0.170761 0.866742
1305031240.610134 -0.0476876 0.002048 -0.062617 0.354603 -0.302726 0.17051 0.868067
1305031240.639823 -0.0486635 0.00343766 -0.0637055 0.347877 -0.305639 0.170016 0.869863
1305031240.674757 -0.0496161 0.00380289 -0.0590621 0.342193 -0.307325 0.164451 0.872589
1305031240.707932 -0.0518867 0.00126476 -0.0548874 0.336219 -0.308428 0.164185 0.87457
1305031240.743958 -0.0515743 0.00440571 -0.0489517 0.325897 -0.311547 0.158487 0.878414
1305031240.776833 -0.054445 0.00110121 -0.0545643 0.317576 -0.309463 0.154248 0.882942
1305031240.809625 -0.0543724 0.00377957 -0.0482521 0.310231 -0.312211 0.151512 0.885056
1305031240.842596 -0.0651377 0.0378138 -0.0247071 0.303835 -0.313716 0.145648 0.887724
1305031240.879410 -0.0684776 0.0293319 -0.0243248 0.288842 -0.313286 0.139814 0.893798
1305031240.908450 -0.0671627 0.0312532 -0.0270949 0.276847 -0.314328 0.133728 0.898149
1305031240.942319 -0.0696569 0.0383507 -0.0257177 0.262652 -0.315094 0.124153 0.903502
1305031240.977936 -0.0714188 0.0345317 -0.0216775 0.242002 -0.315442 0.116391 0.910156
1305031241.008303 -0.0755355 0.0378451 -0.0224354 0.225875 -0.31663 0.110786 0.914578
1305031241.040148 -0.0740609 0.0430938 -0.0165282 0.20276 -0.319893 0.10236 0.919826
1305031241.075933 -0.0786236 0.0418841 -0.0199993 0.181786 -0.319581 0.0998851 0.924578
1305031241.106556 -0.0802139 0.0437124 -0.0222415 0.16158 -0.323944 0.094529 0.927371
1305031241.140052 -0.0804538 0.0426966 -0.0147878 0.138428 -0.330399 0.0903353 0.929254
1305031241.178182 -0.0832329 0.04641 -0.0150622 0.119385 -0.333408 0.0852595 0.931299
1305031241.210679 -0.0839756 0.0524678 -0.0122476 0.100204 -0.337271 0.079448 0.932682
1305031241.239315 -0.0838045 0.0503039 -0.00903397 0.0803083 -0.339974 0.0719621 0.934232
1305031241.276847 -0.0839167 0.0499676 -0.00549513 0.0635039 -0.340872 0.0665014 0.935602
1305031241.306330 -0.0854408 0.0528127 -0.00391481 0.0459765 -0.340511 0.0624281 0.937038
1305031241.342476 -0.0853428 0.0632264 -0.00210786 0.0254685 -0.340956 0.0631653 0.937609
1305031241.379515 -0.0907932 0.0580551 -0.00524114 0.00174721 -0.340401 0.0620524 0.938229
1305031241.409682 -0.096267 0.0593652 -0.0101857 -0.0152711 -0.342167 0.0636761 0.937355
1305031241.445546 -0.0976033 0.0658044 -0.00827339 -0.0323702 -0.349405 0.0638777 0.934231
1305031241.477507 -0.0932189 0.0627304 -0.000748174 -0.0482517 -0.355824 0.0621304 0.931236
1305031241.509849 -0.091982 0.0569716 0.00263584 -0.0547464 -0.354802 0.0579475 0.931537
1305031241.547730 -0.0873226 0.047273 0.00447043 -0.0539939 -0.350598 0.0498444 0.933639
1305031241.578395 -0.091299 0.0466725 0.00457326 -0.0524582 -0.348526 0.0499902 0.934494
1305031241.609264 -0.0900024 0.0410182 0.00512525 -0.0468188 -0.349722 0.0491791 0.93439
1305031241.647584 -0.0905968 0.0479075 0.00116608 -0.0368093 -0.348821 0.0491795 0.935174
1305031241.678366 -0.0882343 0.0461501 0.00191584 -0.0334123 -0.349082 0.0473929 0.935296
1305031241.709827 -0.0859906 0.0470821 0.00149814 -0.0277646 -0.349602 0.0443356 0.935437
1305031241.747102 -0.0869314 0.0451214 0.000241374 -0.0239836 -0.348594 0.0418889 0.93603
1305031241.778268 -0.0874979 0.0490789 -0.00282239 -0.0194991 -0.348552 0.0399885 0.936233
1305031241.809829 -0.090006 0.0411321 -0.00354332 -0.0187987 -0.350624 0.0339771 0.935711
1305031241.846436 -0.0910496 0.0434726 -0.00970932 -0.0101668 -0.353435 0.0288185 0.93496
1305031241.878799 -0.0910355 0.0535561 -0.0100633 -0.00412551 -0.358363 0.0234072 0.93328
1305031241.911487 -0.0902782 0.0478907 -0.00745485 -0.0029019 -0.363535 0.011812 0.931501
1305031241.947705 -0.0916935 0.0504166 -0.0102294 0.00371283 -0.364259 -0.000794547 0.93129
1305031241.978343 -0.0874615 0.0535267 -0.0101722 0.00757084 -0.366395 -0.0152064 0.930304
1305031242.010570 -0.0840414 0.0532835 -0.00528164 0.00933197 -0.367101 -0.0323746 0.929571
1305031242.046360 -0.086827 0.0526194 -0.0077078 0.0120365 -0.360627 -0.0517564 0.931195
1305031242.079549 -0.0861793 0.0473463 -0.00837751 0.012359 -0.356558 -0.0724223 0.93138
1305031242.110584 -0.0854423 0.0479978 -0.00928718 0.0152006 -0.350884 -0.0911498 0.931848
1305031242.146605 -0.0883712 0.0468156 -0.0115619 0.0169544 -0.344303 -0.109332 0.932317
1305031242.179708 -0.091385 0.0426083 -0.0125117 0.0181393 -0.342404 -0.12658 0.93081
1305031242.208725 -0.0965305 0.0406237 -0.0160047 0.0211708 -0.339477 -0.141309 0.929698
1305031242.247809 -0.0959905 0.0377902 -0.0160399 0.0253325 -0.339919 -0.157924 0.926754
1305031242.279498 -0.0926553 0.0326633 -0.0158666 0.0299445 -0.33914 -0.176745 0.923498
1305031242.309764 -0.0915578 0.0260958 -0.0151578 0.0361092 -0.335109 -0.196568 0.920738
1305031242.347127 -0.0902895 0.0280637 -0.016675 0.0438497 -0.330981 -0.211286 0.918633
1305031242.378479 -0.0916611 0.0244104 -0.0177495 0.0476455 -0.327194 -0.227659 0.915885
1305031242.410997 -0.095493 0.0198556 -0.0232747 0.0546926 -0.322852 -0.246668 0.912102
1305031242.447099 -0.088649 0.0198451 -0.0219531 0.063555 -0.321984 -0.265631 0.906492
1305031242.477647 -0.0941055 0.0128732 -0.0277575 0.0716362 -0.313893 -0.291222 0.900849
1305031242.509726 -0.0981501 0.0179755 -0.0321144 0.0864564 -0.308685 -0.315453 0.893156
1305031242.548546 -0.0911613 0.0226168 -0.0311687 0.0967841 -0.309861 -0.335054 0.88451
1305031242.574843 -0.0906823 0.0138637 -0.0349011 0.100242 -0.30542 -0.361272 0.875302
1305031242.606115 -0.090101 0.00983521 -0.0345185 0.103817 -0.299448 -0.380155 0.868928
1305031242.643811 -0.0993406 0.0167236 -0.0380537 0.111928 -0.291491 -0.400209 0.86159
1305031242.675202 -0.100885 0.0233471 -0.0377227 0.125675 -0.291785 -0.424048 0.848086
1305031242.713982 -0.0975691 0.0210431 -0.0430978 0.129738 -0.291663 -0.448956 0.834589
1305031242.745258 -0.100377 0.0159379 -0.0451721 0.129975 -0.287015 -0.470462 0.824254
1305031242.777540 -0.105711 0.0300899 -0.0429738 0.138473 -0.283684 -0.485776 0.815089
1305031242.814071 -0.103618 0.032077 -0.0435655 0.137897 -0.285804 -0.500186 0.805676
1305031242.844318 -0.106856 0.0242483 -0.0472861 0.133402 -0.286465 -0.520969 0.792927
1305031242.874088 -0.107804 0.0167695 -0.0569285 0.129931 -0.282252 -0.544062 0.77939
1305031242.913707 -0.11405 0.0232631 -0.0559758 0.132103 -0.273835 -0.563761 0.767943
1305031242.944438 -0.113524 0.0259084 -0.0584714 0.131548 -0.27083 -0.580658 0.756427
1305031242.976062 -0.109513 0.0290128 -0.0553527 0.129806 -0.268565 -0.594741 0.74653
1305031243.014166 -0.115173 0.0325572 -0.0568 0.126989 -0.265728 -0.606122 0.738837
1305031243.046910 -0.116416 0.0372382 -0.0563534 0.125617 -0.262596 -0.618178 0.730151
1305031243.078045 -0.11801 0.0398525 -0.0549034 0.126157 -0.25846 -0.629604 0.721721
1305031243.113615 -0.115644 0.0433817 -0.056237 0.128766 -0.25416 -0.637166 0.71613
1305031243.145816 -0.111714 0.043831 -0.051372 0.130641 -0.252297 -0.635358 0.718052
1305031243.178076 -0.108931 0.0490001 -0.0490428 0.133812 -0.258288 -0.623032 0.726094
1305031243.213658 -0.1089 0.0461822 -0.047697 0.131739 -0.267375 -0.609054 0.734989
1305031243.245561 -0.105089 0.0463711 -0.0407543 0.134949 -0.270659 -0.589391 0.749099
1305031243.278180 -0.110105 0.0414419 -0.0474711 0.135351 -0.276422 -0.565912 0.764863
1305031243.314271 -0.113322 0.042109 -0.0460664 0.134083 -0.283251 -0.550091 0.774074
1305031243.346036 -0.112104 0.0403621 -0.0424863 0.135787 -0.285174 -0.526425 0.789376
1305031243.378935 -0.117171 0.0423075 -0.0441618 0.13457 -0.290315 -0.50113 0.804038
1305031243.413974 -0.125748 0.0397823 -0.0482201 0.132014 -0.292338 -0.486361 0.812751
1305031243.447091 -0.129293 0.0434967 -0.0459257 0.135827 -0.29156 -0.463818 0.825479
1305031243.478037 -0.132354 0.0453432 -0.0481247 0.134309 -0.290213 -0.446089 0.835908
1305031243.515401 -0.133731 0.0432052 -0.0447589 0.133277 -0.288954 -0.430373 0.844702
1305031243.545943 -0.135809 0.0493962 -0.0412383 0.135349 -0.28946 -0.40592 0.856226
1305031243.577984 -0.137009 0.048275 -0.0426472 0.134777 -0.293521 -0.385971 0.864122
1305031243.614055 -0.139946 0.0411124 -0.0450443 0.129958 -0.290273 -0.367349 0.874018
1305031243.646187 -0.151417 0.0406762 -0.0446099 0.135498 -0.285507 -0.338282 0.886392
1305031243.678280 -0.141378 0.0432617 -0.0451485 0.140166 -0.291636 -0.308478 0.894507
1305031243.714296 -0.135042 0.0386739 -0.0370143 0.137074 -0.291052 -0.279655 0.904595
1305031243.747378 -0.148258 0.038787 -0.0354579 0.137109 -0.286314 -0.237717 0.917996
1305031243.779036 -0.141928 0.036181 -0.035693 0.138982 -0.301625 -0.19601 0.922652
1305031243.814193 -0.131114 0.0272421 -0.0312593 0.136108 -0.309486 -0.158219 0.927717
1305031243.846292 -0.129641 0.0260203 -0.0326575 0.136201 -0.312172 -0.113824 0.933296
1305031243.878809 -0.127652 0.0269011 -0.0307767 0.137953 -0.319705 -0.0775493 0.934208
1305031243.914000 -0.12028 0.0257027 -0.0284315 0.137084 -0.327923 -0.0440912 0.933665
1305031243.947078 -0.115833 0.0241207 -0.0266692 0.135346 -0.33126 -0.0160979 0.933643
1305031243.981652 -0.108612 0.024392 -0.0218617 0.136412 -0.333841 0.00950187 0.932658
1305031244.011270 -0.108719 0.0347622 -0.0226858 0.139546 -0.331714 0.0316237 0.932466
1305031244.043823 -0.108236 0.0382413 -0.0188311 0.13525 -0.333067 0.0496705 0.93183
1305031244.081809 -0.107116 0.0361426 -0.0191826 0.131057 -0.334188 0.0684501 0.930837
1305031244.112790 -0.10813 0.0410857 -0.0232395 0.128783 -0.336979 0.0881665 0.928486
1305031244.148495 -0.107491 0.0464226 -0.0136374 0.123024 -0.343705 0.108592 0.924629
1305031244.182431 -0.105123 0.0512361 -0.00830545 0.115914 -0.345791 0.132129 0.921702
1305031244.212401 -0.105489 0.0551304 -0.00736854 0.109734 -0.345217 0.15411 0.919257
1305031244.247347 -0.103719 0.0586982 -0.00312497 0.101596 -0.345592 0.178158 0.915699
1305031244.283147 -0.0975634 0.0635368 0.000598582 0.0926599 -0.344847 0.204765 0.911354
1305031244.313795 -0.0944775 0.0721902 0.00581038 0.0862464 -0.3392 0.229706 0.908152
1305031244.345960 -0.0957491 0.077219 0.00194655 0.0784382 -0.329158 0.255795 0.905578
1305031244.380856 -0.0936008 0.0817375 0.00516116 0.0735415 -0.32486 0.281021 0.900047
1305031244.413019 -0.0947084 0.0887176 0.00484859 0.068944 -0.317296 0.305021 0.895283
1305031244.445167 -0.0955393 0.0910673 0.0032813 0.0621247 -0.310338 0.327332 0.890328
1305031244.480659 -0.0982956 0.0929755 0.00239076 0.057668 -0.306805 0.346076 0.884747
1305031244.514228 -0.101453 0.0974109 0.00286919 0.0542254 -0.303689 0.361917 0.879687
1305031244.546214 -0.103434 0.101815 0.00550427 0.0481876 -0.299853 0.377168 0.874934
1305031244.580805 -0.103564 0.100157 0.00833539 0.0403073 -0.296783 0.393787 0.869038
1305031244.613277 -0.105405 0.102602 0.00883182 0.0347554 -0.294702 0.409446 0.862726
1305031244.642840 -0.108755 0.107136 0.0109343 0.0287172 -0.292128 0.424017 0.856765
1305031244.680610 -0.112127 0.109474 0.0102492 0.0185501 -0.287692 0.440261 0.850329
1305031244.715250 -0.108995 0.107923 0.0110483 0.00439368 -0.286262 0.457507 0.841856
1305031244.745888 -0.106033 0.107173 0.00471965 -0.00337144 -0.28621 0.472905 0.833327
1305031244.781851 -0.10551 0.107494 0.0104419 -0.00915425 -0.290365 0.490285 0.821721
1305031244.814094 -0.103987 0.111345 0.0165831 -0.00853534 -0.292332 0.505479 0.811764
1305031244.841822 -0.103111 0.114642 0.0137376 -0.00645891 -0.292081 0.515992 0.805233
1305031244.881801 -0.101106 0.116376 0.0128523 -0.00810824 -0.293821 0.525788 0.798217
1305031244.914908 -0.0994004 0.118109 0.0123686 -0.00818361 -0.296015 0.533837 0.79204
1305031244.945868 -0.0992213 0.120331 0.0144693 -0.00981991 -0.298395 0.540241 0.786768
1305031244.981800 -0.0978595 0.122423 0.0244999 -0.00875408 -0.300299 0.54534 0.782527
1305031245.014055 -0.0960837 0.121172 0.0098275 -0.00624568 -0.300749 0.543001 0.784003
1305031245.046440 -0.0975262 0.122982 0.023489 -0.00762464 -0.306549 0.544203 0.780905
1305031245.081769 -0.0976977 0.122127 0.0235256 -0.00100844 -0.308464 0.539079 0.783737
1305031245.114315 -0.0971714 0.117898 0.0194383 0.00211135 -0.313392 0.530455 0.787654
1305031245.145710 -0.0997458 0.113967 0.0232407 0.00699837 -0.318523 0.520813 0.79199
1305031245.181871 -0.102553 0.112505 0.0222613 0.0229705 -0.323941 0.501079 0.802156
1305031245.214094 -0.100427 0.107871 0.0167814 0.0331977 -0.328837 0.481841 0.811538
1305031245.248795 -0.103688 0.101261 0.0114217 0.0383385 -0.333469 0.461277 0.821312
1305031245.280795 -0.105697 0.100724 0.0104452 0.0500833 -0.338582 0.435637 0.832511
1305031245.314318 -0.103326 0.0972477 0.0105234 0.0612742 -0.336868 0.408959 0.845883
1305031245.349181 -0.109445 0.0956665 -0.00250026 0.0767498 -0.328695 0.374029 0.863812
1305031245.380686 -0.106573 0.0913787 -0.0120489 0.0788455 -0.323178 0.347794 0.876572
1305031245.413311 -0.107831 0.0846388 -0.0155615 0.0838252 -0.323788 0.32138 0.885917
1305031245.448997 -0.107625 0.0835313 -0.0176168 0.0957785 -0.324042 0.297283 0.892999
1305031245.484671 -0.105023 0.0805158 -0.0222386 0.100276 -0.322031 0.27303 0.900942
1305031245.512432 -0.104786 0.0782186 -0.0279497 0.103271 -0.323874 0.248686 0.906971
1305031245.548146 -0.103952 0.0777334 -0.0296754 0.10484 -0.323265 0.224681 0.913251
1305031245.578689 -0.104432 0.0704954 -0.0341484 0.107894 -0.320801 0.200313 0.919413
1305031245.610475 -0.103819 0.0704443 -0.0358918 0.111796 -0.323965 0.177653 0.92249
1305031245.649463 -0.104486 0.0752283 -0.0391271 0.11298 -0.323367 0.155393 0.926565
1305031245.680235 -0.104672 0.0713197 -0.0405587 0.11176 -0.321747 0.134302 0.930565
1305031245.711032 -0.103905 0.0743784 -0.0429291 0.112585 -0.31809 0.111374 0.93474
1305031245.749775 -0.0996455 0.0723405 -0.0435577 0.110431 -0.311971 0.086959 0.939637
1305031245.781850 -0.0938041 0.0754183 -0.0388047 0.110349 -0.305088 0.0648213 0.943686
1305031245.813569 -0.0958594 0.0716496 -0.0410224 0.107513 -0.293216 0.0382815 0.94921
1305031245.849109 -0.0977896 0.0697711 -0.0424055 0.105156 -0.28481 0.0168878 0.952649
1305031245.882028 -0.100209 0.0684462 -0.0431024 0.102229 -0.27795 -0.00315566 0.955135
1305031245.912608 -0.10313 0.0664064 -0.0442862 0.101962 -0.273748 -0.0251404 0.956051
1305031245.945896 -0.1046 0.0669887 -0.04721 0.103324 -0.270599 -0.0474517 0.955954
1305031245.980818 -0.103787 0.0640832 -0.0473263 0.102617 -0.267801 -0.0698608 0.955443
1305031246.011003 -0.106736 0.0611831 -0.0492604 0.10485 -0.265168 -0.0907073 0.954183
1305031246.048393 -0.113563 0.0551612 -0.0550664 0.107624 -0.263847 -0.114962 0.951623
1305031246.080525 -0.115467 0.0532003 -0.0587073 0.116521 -0.268068 -0.142781 0.945609
1305031246.112356 -0.111337 0.0501679 -0.0596157 0.123837 -0.271126 -0.169227 0.939424
1305031246.148449 -0.107124 0.0469038 -0.0628508 0.125925 -0.267262 -0.192559 0.935754
1305031246.180596 -0.115116 0.0461559 -0.062851 0.130806 -0.261811 -0.216785 0.931316
1305031246.211137 -0.117132 0.0448032 -0.0653298 0.138602 -0.261918 -0.242766 0.923717
1305031246.246969 -0.118611 0.0386813 -0.0686596 0.145831 -0.25945 -0.272009 0.915112
1305031246.279696 -0.118492 0.0374578 -0.072355 0.154388 -0.254381 -0.299048 0.906656
1305031246.312473 -0.121405 0.0337788 -0.0734977 0.162775 -0.247747 -0.329584 0.896382
1305031246.348272 -0.121817 0.0328224 -0.0761788 0.173674 -0.238343 -0.358238 0.885831
1305031246.378206 -0.126824 0.0383388 -0.075018 0.181654 -0.2319 -0.381583 0.876138
1305031246.415637 -0.129385 0.0368061 -0.0761705 0.190063 -0.227547 -0.410084 0.862514
1305031246.445289 -0.132224 0.0364017 -0.0788703 0.196849 -0.219028 -0.437706 0.849524
1305031246.477465 -0.13817 0.0370622 -0.0823353 0.204101 -0.210183 -0.462224 0.836968
1305031246.516395 -0.135927 0.0417889 -0.077593 0.212226 -0.206268 -0.481904 0.824732
1305031246.549175 -0.141023 0.049552 -0.0744469 0.219706 -0.204113 -0.501054 0.811796
1305031246.579511 -0.14987 0.0467591 -0.0816009 0.224772 -0.200951 -0.527552 0.79422
1305031246.616453 -0.144686 0.0519392 -0.0785478 0.231871 -0.200227 -0.54227 0.782361
1305031246.647763 -0.153673 0.0563668 -0.0813254 0.235724 -0.196463 -0.561493 0.768481
1305031246.680758 -0.151931 0.0581119 -0.0831808 0.243246 -0.198314 -0.582056 0.750143
1305031246.716974 -0.150976 0.0626458 -0.0798705 0.248837 -0.197957 -0.60148 0.732882
1305031246.749166 -0.156281 0.0671004 -0.0824099 0.254077 -0.197538 -0.621053 0.714644
1305031246.780817 -0.148807 0.0637709 -0.0833062 0.256908 -0.202713 -0.637716 0.697298
1305031246.816808 -0.140795 0.0645286 -0.0804674 0.254936 -0.202404 -0.653736 0.683132
1305031246.848812 -0.152229 0.0723955 -0.0821759 0.253036 -0.195927 -0.670542 0.669297
1305031246.880643 -0.153031 0.0739548 -0.0838571 0.255615 -0.197442 -0.686681 0.651265
1305031246.916671 -0.144029 0.0733276 -0.0812199 0.256302 -0.203747 -0.698399 0.636424
1305031246.949534 -0.131764 0.0704542 -0.0855593 0.249015 -0.206228 -0.713627 0.621449
1305031246.977597 -0.142929 0.0812218 -0.0874509 0.243192 -0.1983 -0.730608 0.606421
1305031247.016790 -0.137336 0.0787921 -0.086857 0.236772 -0.203591 -0.744064 0.590643
1305031247.047934 -0.137888 0.0809934 -0.0873162 0.229724 -0.203146 -0.758336 0.575226
1305031247.077890 -0.150582 0.088235 -0.0968961 0.225574 -0.192894 -0.772313 0.561641
1305031247.116213 -0.147268 0.0883226 -0.101163 0.222385 -0.188171 -0.777973 0.556682
1305031247.147366 -0.14825 0.0894225 -0.100401 0.218111 -0.186491 -0.78191 0.553413
1305031247.179692 -0.146327 0.0887824 -0.101906 0.212807 -0.187328 -0.784073 0.552132
1305031247.216943 -0.14876 0.0893693 -0.102173 0.212801 -0.18607 -0.785079 0.55113
1305031247.248793 -0.14783 0.0860886 -0.104443 0.215406 -0.18903 -0.777819 0.559344
1305031247.279422 -0.150071 0.0855004 -0.101835 0.213712 -0.19501 -0.769697 0.569091
1305031247.316643 -0.156769 0.0865683 -0.104934 0.211707 -0.203266 -0.759046 0.58113
1305031247.347790 -0.157207 0.0868782 -0.104565 0.212211 -0.211874 -0.744239 0.596812
1305031247.378611 -0.156936 0.0880915 -0.100394 0.21356 -0.226996 -0.725343 0.613794
1305031247.416862 -0.156021 0.0878852 -0.104304 0.210622 -0.241993 -0.707999 0.629139
1305031247.448770 -0.160403 0.0924094 -0.101135 0.210912 -0.249026 -0.687852 0.648353
1305031247.480263 -0.16196 0.0929925 -0.100121 0.211611 -0.261282 -0.66509 0.666789
1305031247.517846 -0.166134 0.0962941 -0.101399 0.209584 -0.26956 -0.645547 0.68314
1305031247.545901 -0.166056 0.0978303 -0.0989826 0.212266 -0.280614 -0.620364 0.700962
1305031247.577921 -0.164531 0.0959449 -0.101083 0.210377 -0.290259 -0.59784 0.716993
1305031247.615280 -0.160332 0.0932942 -0.100244 0.207224 -0.296071 -0.573527 0.735164
1305031247.648400 -0.164553 0.0947484 -0.0978925 0.205002 -0.297878 -0.54694 0.75505
1305031247.683558 -0.161128 0.0920441 -0.0957145 0.203801 -0.306525 -0.516291 0.773273
1305031247.715961 -0.155039 0.091787 -0.0922921 0.194611 -0.311815 -0.483044 0.794711
1305031247.746902 -0.16487 0.0907168 -0.0948411 0.18646 -0.312883 -0.447811 0.81658
1305031247.782261 -0.170257 0.0821691 -0.102521 0.185574 -0.321208 -0.418639 0.828933
1305031247.813983 -0.155811 0.0691118 -0.106897 0.185155 -0.32517 -0.393396 0.839775
1305031247.848442 -0.160342 0.0647043 -0.106595 0.189095 -0.315855 -0.366671 0.854419
1305031247.882072 -0.167006 0.0760218 -0.108436 0.202619 -0.312111 -0.338814 0.86414
1305031247.917332 -0.15226 0.0747934 -0.106837 0.204905 -0.320211 -0.317282 0.868799
1305031247.949686 -0.145274 0.0591985 -0.108418 0.202832 -0.320528 -0.296446 0.876493
1305031247.986145 -0.146538 0.0664764 -0.112847 0.210485 -0.314191 -0.265693 0.886785
1305031248.018156 -0.145384 0.0646743 -0.114821 0.213261 -0.317802 -0.241541 0.891728
1305031248.049914 -0.133859 0.0609783 -0.113564 0.214453 -0.323305 -0.213836 0.896525
1305031248.085746 -0.129805 0.0611452 -0.111654 0.218628 -0.320805 -0.182893 0.903236
1305031248.117579 -0.12777 0.0614243 -0.110828 0.22244 -0.32242 -0.154659 0.906999
1305031248.149346 -0.117707 0.0593972 -0.106766 0.223196 -0.326125 -0.126693 0.909821
1305031248.184863 -0.110744 0.0593299 -0.107381 0.222576 -0.323257 -0.0976428 0.914566
1305031248.216769 -0.112507 0.0605995 -0.112007 0.222224 -0.321694 -0.0709617 0.917657
1305031248.248851 -0.0991461 0.0617876 -0.10802 0.219189 -0.328425 -0.0420382 0.917783
1305031248.284740 -0.0950336 0.0663766 -0.101338 0.212877 -0.327586 -0.0168053 0.920374
1305031248.316181 -0.0946246 0.0604162 -0.105597 0.204793 -0.323387 0.00570687 0.923822
1305031248.348843 -0.095712 0.0645361 -0.104992 0.203121 -0.324705 0.0291747 0.923286
1305031248.388197 -0.0936992 0.0671083 -0.10404 0.197945 -0.327643 0.0507251 0.922439
1305031248.415507 -0.0926358 0.0670883 -0.104469 0.193476 -0.328379 0.0716122 0.921741
1305031248.448252 -0.087486 0.0648964 -0.104603 0.191287 -0.329943 0.0914739 0.91988
1305031248.485297 -0.0872303 0.0733967 -0.106372 0.195637 -0.328754 0.104148 0.918042
1305031248.515431 -0.0803009 0.0774396 -0.100326 0.190998 -0.328039 0.119133 0.917452
1305031248.547003 -0.0776222 0.0740449 -0.0995732 0.184235 -0.318794 0.140924 0.919004
1305031248.586058 -0.0820083 0.0754287 -0.104863 0.183284 -0.310905 0.16129 0.918548
1305031248.618038 -0.0836876 0.0748789 -0.106962 0.1825 -0.309621 0.178894 0.915874
1305031248.649439 -0.0839559 0.0804485 -0.104848 0.181196 -0.31084 0.200209 0.911297
1305031248.686028 -0.0819034 0.0836889 -0.104005 0.177865 -0.311025 0.223707 0.906412
1305031248.719923 -0.0808987 0.0882294 -0.104687 0.174837 -0.310293 0.244944 0.90175
1305031248.749837 -0.0709235 0.0851752 -0.0963989 0.173011 -0.310848 0.265901 0.895956
1305031248.785675 -0.0712255 0.0994704 -0.0951595 0.174978 -0.305664 0.284815 0.891534
1305031248.818141 -0.0697252 0.103491 -0.0885881 0.171426 -0.298561 0.301203 0.889242
1305031248.849679 -0.0626957 0.100143 -0.0896213 0.167182 -0.288962 0.315743 0.888176
1305031248.885593 -0.0704694 0.112924 -0.0841551 0.170061 -0.278471 0.324931 0.887667
1305031248.917882 -0.0612168 0.113579 -0.0778463 0.16365 -0.270899 0.337297 0.886602
1305031248.952681 -0.0608861 0.11388 -0.0770465 0.160142 -0.258281 0.351097 0.88565
1305031248.984554 -0.0646816 0.115104 -0.0804835 0.155794 -0.249436 0.363402 0.883996
1305031249.016951 -0.0630649 0.117201 -0.0811843 0.151717 -0.246858 0.375648 0.880302
1305031249.052366 -0.0650317 0.118234 -0.0804956 0.146917 -0.246092 0.386046 0.876825
1305031249.084503 -0.0593784 0.116604 -0.0715845 0.142778 -0.248082 0.392473 0.874091
1305031249.116884 -0.0713162 0.124244 -0.0697393 0.142428 -0.244825 0.395467 0.873717
1305031249.153447 -0.0711671 0.121359 -0.0763175 0.132576 -0.245355 0.397173 0.874344
1305031249.184739 -0.0655857 0.113652 -0.0695415 0.125729 -0.251621 0.402175 0.871283
1305031249.216865 -0.0667257 0.116352 -0.0728025 0.123374 -0.259068 0.406992 0.867191
1305031249.253224 -0.0673435 0.110456 -0.063605 0.11736 -0.270229 0.413649 0.861451
1305031249.284804 -0.0674236 0.111239 -0.0649807 0.120096 -0.278095 0.415917 0.857469
1305031249.317434 -0.0725523 0.116818 -0.0658575 0.118608 -0.282548 0.416843 0.855769
1305031249.352736 -0.0707595 0.11288 -0.0543592 0.117083 -0.287157 0.415274 0.855208
1305031249.384754 -0.0757661 0.115321 -0.0525323 0.129356 -0.286886 0.404007 0.858919
1305031249.417834 -0.0692099 0.109603 -0.0573148 0.136116 -0.284842 0.387786 0.866002
1305031249.453722 -0.0717288 0.109544 -0.0604678 0.143111 -0.281107 0.36715 0.875042
1305031249.485915 -0.0700236 0.105324 -0.0619676 0.149083 -0.276467 0.342679 0.885388
1305031249.517734 -0.0688154 0.103091 -0.0652896 0.161762 -0.271575 0.314987 0.89491
1305031249.554325 -0.066067 0.101937 -0.0706292 0.169062 -0.26746 0.289026 0.903519
1305031249.585905 -0.0681703 0.0972566 -0.079623 0.169465 -0.265084 0.261733 0.912419
1305031249.618079 -0.065093 0.0952944 -0.0803898 0.177954 -0.266514 0.227746 0.919475
1305031249.654213 -0.0630363 0.0952878 -0.0841747 0.178956 -0.261065 0.198768 0.927529
1305031249.685674 -0.0679296 0.0939893 -0.0844749 0.177124 -0.255324 0.163399 0.936343
1305031249.717790 -0.0560458 0.0952422 -0.0750392 0.176161 -0.25162 0.13176 0.942494
1305031249.753962 -0.0582405 0.0924031 -0.0798161 0.171345 -0.236061 0.102879 0.950964
1305031249.785417 -0.0624964 0.0891575 -0.0808578 0.17037 -0.226576 0.0751038 0.956032
1305031249.818602 -0.0551866 0.0795842 -0.082041 0.170819 -0.214732 0.0401924 0.960779
1305031249.853747 -0.0470603 0.0812711 -0.081639 0.169406 -0.19635 0.00980857 0.965739
1305031249.885525 -0.0495918 0.0704251 -0.0858568 0.165651 -0.178278 -0.0154943 0.969813
1305031249.917065 -0.0531478 0.0649767 -0.0844696 0.167566 -0.162865 -0.0378442 0.971578
1305031249.953398 -0.0583143 0.0615157 -0.0882976 0.170449 -0.149775 -0.0578948 0.972195
1305031249.985179 -0.0569347 0.0608026 -0.087216 0.169917 -0.1409 -0.0762685 0.972347
1305031250.016440 -0.0657667 0.0515067 -0.0895882 0.170497 -0.127193 -0.100595 0.971922
1305031250.053194 -0.0768585 0.0507361 -0.0909233 0.178911 -0.115823 -0.130961 0.968207
1305031250.084507 -0.0764813 0.0495788 -0.0913948 0.183633 -0.112128 -0.156872 0.963897
1305031250.120850 -0.0975704 0.0544793 -0.084343 0.187811 -0.109826 -0.180659 0.959181
1305031250.153248 -0.107486 0.0591389 -0.0817093 0.19437 -0.120699 -0.214607 0.949524
1305031250.185328 -0.0913327 0.0500411 -0.0874122 0.194073 -0.13496 -0.240106 0.941526
1305031250.221446 -0.100204 0.0521561 -0.0840829 0.191549 -0.137197 -0.258262 0.936903
1305031250.253735 -0.113509 0.0463206 -0.0849978 0.194476 -0.144752 -0.286364 0.926942
1305031250.285224 -0.111313 0.0490798 -0.0844323 0.200626 -0.15199 -0.307949 0.917505
1305031250.320862 -0.114848 0.0464455 -0.0845593 0.205688 -0.155836 -0.33749 0.905267
1305031250.351700 -0.115552 0.040535 -0.0895519 0.207686 -0.154808 -0.36431 0.894527
1305031250.385149 -0.11043 0.0380486 -0.091373 0.21117 -0.1503 -0.387454 0.884701
1305031250.421536 -0.111594 0.0421066 -0.0905769 0.213501 -0.140832 -0.407803 0.876516
1305031250.454018 -0.11892 0.04547 -0.0839061 0.212981 -0.135947 -0.427998 0.867742
1305031250.485613 -0.125964 0.0435814 -0.0865962 0.211497 -0.13064 -0.44935 0.858071
1305031250.521538 -0.119967 0.0441158 -0.0889882 0.208911 -0.126482 -0.464063 0.851471
1305031250.553658 -0.12803 0.0465095 -0.08285 0.205539 -0.120888 -0.475643 0.846702
1305031250.585379 -0.135951 0.0480963 -0.0792367 0.204895 -0.118125 -0.489571 0.839277
1305031250.621303 -0.137284 0.0469109 -0.082075 0.205691 -0.115557 -0.504318 0.830663
1305031250.653544 -0.133973 0.0523517 -0.0763082 0.207265 -0.115703 -0.514689 0.823862
1305031250.685297 -0.138521 0.0571538 -0.0693773 0.207228 -0.117932 -0.530143 0.813694
1305031250.721640 -0.147342 0.0570211 -0.0754845 0.207173 -0.114921 -0.549794 0.800999
1305031250.753428 -0.14536 0.0597356 -0.0743695 0.207792 -0.114004 -0.556867 0.796068
1305031250.785365 -0.14371 0.0647213 -0.0653426 0.207265 -0.118109 -0.558851 0.794214
1305031250.821793 -0.153784 0.0664367 -0.0625907 0.206117 -0.119433 -0.562949 0.791417
1305031250.853828 -0.157011 0.066317 -0.0636863 0.208115 -0.12292 -0.563958 0.789639
1305031250.882014 -0.156449 0.0690444 -0.0631044 0.212308 -0.128976 -0.564062 0.78748
1305031250.921800 -0.159566 0.0650582 -0.0722888 0.210499 -0.129541 -0.568096 0.784969
1305031250.953542 -0.162054 0.0647906 -0.0687014 0.21361 -0.129861 -0.563755 0.787202
1305031250.985308 -0.155786 0.06669 -0.0673467 0.217865 -0.138674 -0.555702 0.790253
1305031251.021488 -0.155242 0.0657606 -0.0694083 0.215797 -0.145683 -0.548965 0.794258
1305031251.053468 -0.157358 0.0624619 -0.0707265 0.214282 -0.151163 -0.538896 0.800515
1305031251.085186 -0.156432 0.0590683 -0.0722152 0.2178 -0.159648 -0.523392 0.808169
1305031251.121445 -0.153018 0.0558578 -0.0766895 0.21864 -0.166253 -0.506904 0.817071
1305031251.153781 -0.150967 0.0514846 -0.0775476 0.216125 -0.171404 -0.481274 0.832037
1305031251.185160 -0.154145 0.0494619 -0.076937 0.217551 -0.17735 -0.454288 0.845483
1305031251.220466 -0.145726 0.0463863 -0.0783251 0.219353 -0.190366 -0.425248 0.85721
1305031251.252424 -0.144337 0.0425028 -0.0824157 0.217336 -0.200143 -0.394311 0.870188
1305031251.284482 -0.137002 0.037532 -0.0866582 0.214145 -0.208937 -0.35715 0.884834
1305031251.319004 -0.136559 0.0339534 -0.0868951 0.2117 -0.215856 -0.323044 0.89679
1305031251.353244 -0.131008 0.0363717 -0.0868243 0.21076 -0.222723 -0.290805 0.906315
1305031251.387007 -0.13467 0.0343966 -0.0848614 0.206671 -0.228742 -0.261397 0.914678
1305031251.421050 -0.128783 0.029963 -0.0887581 0.20362 -0.235682 -0.227308 0.922672
1305031251.449663 -0.12301 0.0328972 -0.0825844 0.200029 -0.24454 -0.191762 0.929202
1305031251.489014 -0.116421 0.0297444 -0.0841448 0.194746 -0.251581 -0.161246 0.934227
1305031251.520773 -0.108194 0.0244744 -0.086599 0.187322 -0.255704 -0.127094 0.939879
1305031251.553045 -0.107638 0.0289213 -0.0843185 0.183919 -0.257712 -0.0933787 0.943948
1305031251.588760 -0.107771 0.0309786 -0.082021 0.179492 -0.263024 -0.0643415 0.94576
1305031251.620874 -0.108154 0.0308821 -0.0833719 0.174481 -0.269945 -0.0329886 0.94636
1305031251.652875 -0.10318 0.031888 -0.0907872 0.16872 -0.281581 9.73824e-05 0.944588
1305031251.689768 -0.109264 0.0325705 -0.0896621 0.16385 -0.29473 0.0281733 0.941007
1305031251.720461 -0.103755 0.0330865 -0.0817903 0.156402 -0.310541 0.0618764 0.935561
1305031251.753144 -0.102707 0.0357553 -0.0840301 0.154154 -0.322454 0.0948265 0.929122
1305031251.789250 -0.101 0.0373826 -0.0894682 0.147965 -0.337549 0.124228 0.921268
1305031251.820979 -0.0974361 0.028788 -0.0931135 0.139283 -0.353018 0.153241 0.912412
1305031251.853797 -0.097866 0.0266924 -0.0917467 0.139075 -0.366365 0.182156 0.901806
1305031251.889654 -0.0927944 0.0340939 -0.0926738 0.142158 -0.379371 0.206348 0.890668
1305031251.921930 -0.0853871 0.0449 -0.0847456 0.140655 -0.388308 0.229716 0.881285
1305031251.953837 -0.0853332 0.0450028 -0.0828539 0.136475 -0.39184 0.250629 0.874655
1305031251.989807 -0.0856584 0.0459245 -0.0774354 0.134466 -0.396194 0.269817 0.867264
1305031252.022160 -0.0844808 0.0510677 -0.0751353 0.132097 -0.398708 0.294061 0.858551
1305031252.053762 -0.0867777 0.0621589 -0.0704746 0.125741 -0.399212 0.322417 0.849038
1305031252.089562 -0.0845816 0.0661428 -0.0694842 0.11548 -0.397126 0.351871 0.839727
1305031252.122152 -0.0797387 0.0692827 -0.0598828 0.106036 -0.397731 0.380162 0.828277
1305031252.153971 -0.0788851 0.0760736 -0.0615078 0.102501 -0.389608 0.406989 0.819792
1305031252.189789 -0.0875706 0.0936921 -0.0654055 0.0979023 -0.38075 0.427748 0.813927
1305031252.222086 -0.0879217 0.0979001 -0.0637157 0.0789234 -0.3778 0.446743 0.80713
1305031252.253064 -0.0844537 0.0930519 -0.0485661 0.0639311 -0.374338 0.465782 0.799269
1305031252.288878 -0.0846179 0.0967213 -0.0492079 0.0597679 -0.367402 0.477514 0.79588
1305031252.320609 -0.0863484 0.100763 -0.05298 0.0511004 -0.362355 0.487958 0.792455
1305031252.352855 -0.0822902 0.0986864 -0.0490761 0.0403672 -0.358408 0.500684 0.786911
1305031252.389319 -0.0734417 0.0998376 -0.0590223 0.0289331 -0.359729 0.509911 0.780864
1305031252.421702 -0.0791834 0.0991111 -0.049409 0.0212932 -0.362658 0.520089 0.773003
1305031252.453825 -0.0829737 0.10185 -0.0515213 0.0185722 -0.362257 0.525412 0.769654
1305031252.489559 -0.0825502 0.102167 -0.0490204 0.0135858 -0.363845 0.529321 0.766324
1305031252.522170 -0.0816202 0.100136 -0.0483935 0.0113821 -0.365644 0.532855 0.763046
1305031252.553774 -0.0788261 0.101206 -0.0588836 0.00768006 -0.370146 0.536178 0.758581
1305031252.589746 -0.0838315 0.100385 -0.0452102 0.00592431 -0.376631 0.540623 0.752224
1305031252.622125 -0.0874434 0.0999126 -0.0454627 0.012459 -0.378877 0.536388 0.754046
1305031252.657856 -0.0883021 0.101115 -0.0394642 0.0229027 -0.379893 0.526596 0.760167
1305031252.688998 -0.0913494 0.102154 -0.0377716 0.0362994 -0.37475 0.508679 0.774267
1305031252.721654 -0.0941128 0.103107 -0.0415987 0.0503763 -0.363724 0.480188 0.796609
1305031252.757822 -0.103826 0.0998003 -0.0372096 0.0700177 -0.342882 0.446512 0.823503
1305031252.789692 -0.089776 0.095035 -0.0487855 0.0777269 -0.326552 0.416799 0.844749
1305031252.822405 -0.0869867 0.0893526 -0.0490903 0.0765822 -0.319641 0.393995 0.858332
1305031252.853978 -0.0936087 0.0893863 -0.051437 0.0850074 -0.311229 0.373412 0.869755
1305031252.889729 -0.0939623 0.0894991 -0.0539022 0.0881182 -0.308486 0.355006 0.87809
1305031252.920672 -0.0942039 0.0860923 -0.0524662 0.0930588 -0.306151 0.328924 0.888494
1305031252.957865 -0.0950519 0.0827439 -0.0553782 0.101025 -0.302245 0.299249 0.899384
1305031252.989424 -0.098747 0.0854772 -0.0572666 0.108724 -0.298417 0.264998 0.910441
1305031253.019696 -0.104488 0.0813968 -0.0606903 0.11159 -0.293021 0.234501 0.920161
1305031253.057426 -0.109988 0.0769273 -0.0621852 0.115937 -0.289805 0.207472 0.927107
1305031253.089550 -0.10876 0.0715587 -0.0674555 0.122238 -0.287033 0.180284 0.932828
1305031253.119724 -0.111974 0.06442 -0.0748753 0.132153 -0.28563 0.153707 0.936656
1305031253.157384 -0.117597 0.0651758 -0.0738405 0.14451 -0.291937 0.127255 0.936854
1305031253.189218 -0.121966 0.0698105 -0.072158 0.148339 -0.296016 0.113845 0.936701
1305031253.218027 -0.123428 0.0662319 -0.0740859 0.142786 -0.302629 0.109136 0.936011
1305031253.257847 -0.125286 0.063684 -0.0774307 0.138597 -0.313108 0.105592 0.933598
1305031253.289742 -0.122723 0.059222 -0.0703189 0.135447 -0.323374 0.107275 0.930363
1305031253.322007 -0.11734 0.0519605 -0.0673426 0.135759 -0.328678 0.111496 0.92796
1305031253.357830 -0.117189 0.0556785 -0.0671156 0.141413 -0.330688 0.117826 0.925616
1305031253.388097 -0.115434 0.0534458 -0.0665032 0.143519 -0.332915 0.122587 0.923873
1305031253.421352 -0.114409 0.0538069 -0.0664826 0.148825 -0.333321 0.125294 0.922523
1305031253.457963 -0.114032 0.057599 -0.0658028 0.153747 -0.331002 0.124999 0.922591
1305031253.489690 -0.117083 0.0565828 -0.0641909 0.155882 -0.328186 0.124218 0.923344
1305031253.520734 -0.117553 0.0549296 -0.0670857 0.158537 -0.326005 0.126987 0.923288
1305031253.557854 -0.126074 0.0627001 -0.0703232 0.162022 -0.325455 0.127513 0.922805
1305031253.589805 -0.123753 0.0620047 -0.0656378 0.158891 -0.329939 0.126579 0.921885
