1305031102.160407 0 0 0 0 0 0 1
1305031102.194330 -0.0020159 0.00794961 0.0109858 -0.00200767 -0.00303061 -0.00152181 0.999992
1305031102.226738 -0.00229283 0.00706995 0.0237723 -0.00861901 -0.00615087 -0.00149694 0.999943
1305031102.262886 -0.00349349 0.00898707 0.0351932 -0.0129892 -0.00857353 -0.0013823 0.999878
1305031102.295279 -0.00134395 0.00676493 0.0488986 -0.0181081 -0.0115099 -0.000224802 0.99977
1305031102.329195 -0.00234823 0.00752649 0.0602183 -0.0200866 -0.0129827 0.00174825 0.999712
1305031102.363013 -0.0030679 0.00809081 0.0724964 -0.0221856 -0.0148456 0.00180915 0.999642
1305031102.394772 -0.00656911 0.0128722 0.0832537 -0.0229195 -0.0167015 0.000804272 0.999597
1305031102.427815 -0.00518338 0.0192084 0.0950635 -0.0271762 -0.0209176 0.00136746 0.999411
1305031102.462395 -0.00301872 0.0181069 0.108258 -0.0349453 -0.0237417 0.000818847 0.999107
1305031102.494271 -0.00137479 0.0186877 0.121329 -0.0397662 -0.0233199 -0.000444587 0.998937
1305031102.526330 -0.00275343 0.0155331 0.134196 -0.0456998 -0.0216873 -0.0021843 0.998717
1305031102.562224 -0.000902693 0.0110581 0.148276 -0.0485439 -0.0208244 -0.00332332 0.998598
1305031102.594158 -0.00470582 0.00890075 0.160032 -0.0463003 -0.0166111 -0.0027692 0.998786
1305031102.626818 -0.00896763 0.0158885 0.169564 -0.0433076 -0.0149123 -0.00123187 0.99895
1305031102.663273 -0.00820999 0.0188032 0.183654 -0.0446451 -0.0170346 -5.54722e-05 0.998858
1305031102.695165 -0.00807267 0.0188859 0.196738 -0.0456832 -0.0175665 0.000970685 0.998801
1305031102.728423 -0.00871821 0.0266973 0.208503 -0.0451161 -0.017615 0.00252801 0.998823
1305031102.763549 -0.0052914 0.02758 0.222001 -0.0472478 -0.0168646 0.000891615 0.99874
1305031102.794978 -0.00817836 0.0312349 0.233867 -0.0479972 -0.0128083 -0.000191832 0.998765
1305031102.828537 -0.00758818 0.0315999 0.247825 -0.0502329 -0.00958011 -0.00123661 0.998691
1305031102.862808 -0.0121833 0.0343155 0.259765 -0.0492706 -0.00507656 -0.00369601 0.998766
1305031102.894167 -0.0121482 0.0374435 0.271364 -0.0489177 -0.00411763 -0.00486837 0.998782
1305031102.926851 -0.0197215 0.0397229 0.282974 -0.0487996 -0.00168559 -0.00681621 0.998784
1305031102.962137 -0.0252836 0.0434695 0.293365 -0.0491965 -0.00686042 -0.0062522 0.998746
1305031102.994164 -0.0249547 0.047172 0.303366 -0.0498303 -0.0133319 -0.0037334 0.998662
1305031103.027881 -0.0259241 0.0503877 0.314574 -0.0514024 -0.0189511 -0.00134629 0.998497
1305031103.062273 -0.0211477 0.0496759 0.326388 -0.0520129 -0.0233729 0.000983188 0.998372
1305031103.094040 -0.0212739 0.0576591 0.333212 -0.0492186 -0.0231192 0.00259687 0.998517
1305031103.129109 -0.0205502 0.0594719 0.343771 -0.0511982 -0.0235587 0.00369506 0.998404
1305031103.162795 -0.0218783 0.065793 0.351076 -0.0505339 -0.0215717 0.00400002 0.998481
1305031103.191061 -0.0230917 0.0714799 0.358989 -0.0548009 -0.0214799 0.0053304 0.998252
1305031103.227845 -0.0229019 0.0760076 0.366816 -0.0607302 -0.0217716 0.00897013 0.997876
1305031103.262576 -0.0295731 0.0768293 0.372051 -0.0700898 -0.022019 0.0124757 0.99722
1305031103.294208 -0.0288159 0.0710019 0.378159 -0.0784384 -0.0315932 0.0123092 0.996342
1305031103.327550 -0.0222069 0.0730959 0.380411 -0.0786852 -0.0378202 0.0123998 0.996105
1305031103.362405 -0.0203323 0.071077 0.380724 -0.0829686 -0.0368267 0.014362 0.995768
1305031103.394162 -0.021257 0.0673488 0.380565 -0.0852269 -0.0359774 0.0155767 0.99559
1305031103.428437 -0.0236843 0.0641596 0.375569 -0.0858606 -0.0371834 0.0151218 0.995498
1305031103.463886 -0.0238379 0.0607532 0.371719 -0.0856537 -0.0396324 0.0127667 0.995455
1305031103.494472 -0.0221163 0.0544362 0.365064 -0.0845094 -0.0417763 0.0110237 0.995486
1305031103.531502 -0.0212 0.0497028 0.35713 -0.0805235 -0.0433965 0.00900839 0.995767
1305031103.562651 -0.0238675 0.0475834 0.34746 -0.0759143 -0.0435919 0.00885334 0.996122
1305031103.595310 -0.0235148 0.0429066 0.338052 -0.0738366 -0.0471732 0.0105029 0.996099
1305031103.631376 -0.0239579 0.038092 0.326221 -0.0711648 -0.0506874 0.0101967 0.996124
1305031103.663594 -0.0196501 0.0345846 0.315257 -0.0686634 -0.0545618 0.0116242 0.996079
1305031103.694695 -0.0173166 0.030484 0.30269 -0.0664224 -0.0558716 0.0117141 0.996157
1305031103.731542 -0.0152819 0.0231192 0.290265 -0.0649541 -0.0558875 0.0107291 0.996264
1305031103.762865 -0.0143059 0.0206263 0.275487 -0.0616083 -0.0556135 0.00759136 0.996521
1305031103.794329 -0.0144221 0.020493 0.26153 -0.0606113 -0.0542365 0.00422743 0.996678
1305031103.830367 -0.0157142 0.0223224 0.247807 -0.0621716 -0.0539833 0.00202238 0.996602
1305031103.862379 -0.0171208 0.0116879 0.235651 -0.0698329 -0.0564655 -0.00153347 0.995958
1305031103.894237 -0.015827 0.00418021 0.22177 -0.0695504 -0.0603962 -0.00326909 0.995743
1305031103.930503 -0.014513 0.000730667 0.206477 -0.0676219 -0.0629884 -0.00376039 0.995714
1305031103.962461 -0.0109404 -0.00441441 0.193401 -0.0658761 -0.0657279 -0.00501934 0.995648
1305031103.994365 -0.0045392 -0.0111585 0.181074 -0.0626737 -0.0675281 -0.00526332 0.995733
1305031104.030279 -0.00220275 -0.0143611 0.164311 -0.0553637 -0.0642322 -0.00759112 0.996369
1305031104.062542 0.00053913 -0.0132493 0.148835 -0.0503657 -0.059949 -0.0100689 0.996879
1305031104.095305 0.005698 -0.0191981 0.138372 -0.0481495 -0.0558108 -0.0113849 0.997215
1305031104.131292 0.00342165 -0.0246045 0.121376 -0.0437491 -0.0489556 -0.0128484 0.99776
1305031104.163440 0.00355478 -0.0265182 0.107806 -0.039394 -0.045691 -0.0133131 0.99809
1305031104.194053 0.00398504 -0.0326134 0.0943829 -0.0362409 -0.0430206 -0.0135862 0.998324
1305031104.227247 0.00484944 -0.0331505 0.0816101 -0.0308047 -0.0409085 -0.0136198 0.998595
1305031104.263335 0.0051775 -0.0350618 0.0681007 -0.0263362 -0.0380814 -0.0146659 0.99882
1305031104.294957 0.00630982 -0.0368898 0.0564508 -0.022731 -0.0350204 -0.0146991 0.99902
1305031104.331403 0.0115837 -0.0370812 0.0449194 -0.0194026 -0.0324844 -0.0141812 0.999183
1305031104.363345 0.0116633 -0.038752 0.034392 -0.0179117 -0.0276595 -0.0139324 0.99936
1305031104.395019 0.00686635 -0.0379789 0.0240168 -0.0157014 -0.0225254 -0.0139612 0.999525
1305031104.431435 0.000144566 -0.0369186 0.0126153 -0.0146174 -0.0192649 -0.0141354 0.999608
1305031104.463413 -0.00498554 -0.0382741 0.00267826 -0.0150256 -0.0192961 -0.0135127 0.99961
1305031104.495673 -0.00275632 -0.042337 -0.00577123 -0.0148981 -0.0228578 -0.0116411 0.99956
1305031104.531450 -0.000543094 -0.0440235 -0.0143601 -0.0115504 -0.0255078 -0.011175 0.999545
1305031104.563149 0.0072135 -0.0498155 -0.0221819 -0.00845495 -0.027203 -0.0100001 0.999544
1305031104.595033 0.0202847 -0.060691 -0.0272859 -0.00137066 -0.0261436 -0.00750466 0.999629
1305031104.631368 0.0203366 -0.0571033 -0.0386706 0.0117123 -0.0183207 -0.00773959 0.999734
1305031104.659863 0.0244144 -0.063038 -0.0473993 0.0218462 -0.0112048 -0.00619476 0.999679
1305031104.695185 0.0208156 -0.0636345 -0.0594198 0.0356792 -0.00234333 -0.00485088 0.999349
1305031104.730936 0.0244679 -0.0616514 -0.0690195 0.0491472 0.00384339 -0.00256994 0.998781
1305031104.763178 0.0254253 -0.0605669 -0.0765198 0.0613911 0.0108457 -0.000228691 0.998055
1305031104.799499 0.0287837 -0.0558896 -0.0828501 0.0731213 0.0168002 0.00224782 0.997179
1305031104.830961 0.0226538 -0.0487686 -0.0892472 0.0826054 0.0250402 0.00473552 0.996256
1305031104.863256 0.0166739 -0.0427066 -0.0947534 0.0890282 0.0293772 0.00665016 0.995574
1305031104.899165 0.0210691 -0.0400057 -0.097247 0.0914106 0.0292091 0.00861533 0.995348
1305031104.931091 0.0202413 -0.0372494 -0.0976537 0.0925884 0.0302445 0.00932814 0.995201
1305031104.959750 0.0189564 -0.0296859 -0.0934974 0.092793 0.0294919 0.0101625 0.995197
1305031104.998342 0.0198249 -0.0267856 -0.0886089 0.0883315 0.028854 0.0107669 0.995615
1305031105.030427 0.0192011 -0.0246463 -0.0820224 0.0826165 0.0283368 0.00941476 0.996134
1305031105.062445 0.020731 -0.0248145 -0.0720673 0.0754593 0.0268793 0.00783753 0.996756
1305031105.097639 0.0160116 -0.0273701 -0.0607919 0.0689008 0.0269006 0.00592524 0.997243
1305031105.130269 0.010591 -0.0141204 -0.0474114 0.0652879 0.0250049 0.00303186 0.997549
1305031105.159979 0.00987601 -0.00724667 -0.0345796 0.0535503 0.0213464 0.000300724 0.998337
1305031105.198212 0.00375966 -0.015382 -0.0203004 0.0394337 0.0184468 -0.00236792 0.999049
1305031105.228250 -0.00109785 -0.0132603 -0.00605713 0.0313051 0.0136098 -0.00414158 0.999409
1305031105.262389 -0.00546926 -0.0082108 0.00793517 0.0220382 0.00787013 -0.00570799 0.99971
1305031105.298501 -0.00975248 -0.0112008 0.0191311 0.0110389 0.00117399 -0.0066096 0.999917
1305031105.328878 -0.0104079 -0.0165691 0.0321731 0.00131266 -0.00522467 -0.00687944 0.999962
1305031105.362286 -0.0130113 -0.0174633 0.0456439 -0.00239246 -0.00963772 -0.00703677 0.999926
1305031105.398191 -0.0135268 -0.00987054 0.0598797 -0.00642727 -0.0147643 -0.00716553 0.999845
1305031105.430336 -0.0144936 -0.0156546 0.0746375 -0.0151327 -0.0188542 -0.00814168 0.999675
1305031105.461421 -0.0149378 -0.014347 0.0877194 -0.0184064 -0.0223642 -0.00814294 0.999547
1305031105.497931 -0.0133065 -0.0115631 0.101942 -0.0227496 -0.0256499 -0.00761549 0.999383
1305031105.529583 -0.0152628 -0.0124475 0.116685 -0.0270425 -0.0258351 -0.00706901 0.999275
1305031105.562109 -0.0163497 -0.0116226 0.130206 -0.0302541 -0.0270199 -0.00684534 0.999154
1305031105.597193 -0.0140478 -0.0138478 0.145712 -0.0338566 -0.0289001 -0.00601494 0.998991
1305031105.627128 -0.0163932 -0.0117989 0.159857 -0.0343092 -0.0287527 -0.00302498 0.998993
1305031105.659104 -0.0142718 -0.00906831 0.17312 -0.0357273 -0.0301803 -0.00190522 0.998904
1305031105.698235 -0.00852419 -0.0122193 0.190473 -0.0364644 -0.0297331 -0.00203096 0.99889
1305031105.730336 -0.00969852 -0.00407186 0.202174 -0.0327819 -0.0252082 -0.00184668 0.999143
1305031105.762384 -0.00577034 -0.00714505 0.21747 -0.0351626 -0.0219528 -0.00158091 0.999139
1305031105.798056 -0.00705171 -0.00355064 0.232635 -0.0329772 -0.016518 -0.00114238 0.999319
1305031105.830008 -0.00469852 -0.00133743 0.246708 -0.0315781 -0.0134322 0.000120653 0.999411
1305031105.862238 -0.00337499 0.00638752 0.259725 -0.0296135 -0.00862077 0.00227628 0.999522
1305031105.898018 -0.00460644 0.010921 0.27383 -0.031743 -0.00387197 0.00672399 0.999466
1305031105.929855 -0.00465295 0.0163328 0.286225 -0.0337646 -0.000500406 0.0090157 0.999389
1305031105.966193 -0.00476301 0.0216551 0.29913 -0.0373954 0.00158286 0.0106609 0.999242
1305031105.998271 -0.00252399 0.0258352 0.311695 -0.0414176 0.00289684 0.0124651 0.99906
1305031106.030147 -0.0029423 0.0288063 0.324052 -0.0463511 0.00489555 0.013786 0.998818
1305031106.066060 -0.00527032 0.032269 0.335449 -0.0504445 0.00645908 0.0154232 0.998587
1305031106.096295 -0.00742838 0.0407973 0.346533 -0.0535477 0.00675866 0.0160632 0.998413
1305031106.130445 -0.00989928 0.0426166 0.357603 -0.0607082 0.00605469 0.0178339 0.997978
1305031106.166330 -0.0108121 0.0446771 0.367132 -0.0646215 0.00455424 0.0188229 0.997722
1305031106.195074 -0.0116909 0.0437464 0.376761 -0.0689398 0.00307518 0.0193213 0.997429
1305031106.230058 -0.0143843 0.0478721 0.384335 -0.068028 0.00277962 0.0225839 0.997424
1305031106.265976 -0.0154382 0.0541046 0.390818 -0.068293 0.00111112 0.0234552 0.997389
1305031106.298174 -0.0149441 0.0572576 0.396319 -0.0719718 -0.000612826 0.0272398 0.997034
1305031106.330215 -0.0161874 0.064533 0.399638 -0.0752739 -0.00168864 0.0273025 0.996788
1305031106.366158 -0.0118586 0.0665969 0.402128 -0.0837331 -0.00349702 0.0200023 0.996281
1305031106.398281 -0.0105704 0.0593628 0.404254 -0.0923455 0.00159898 0.0141305 0.995625
1305031106.430639 -0.0161106 0.0547115 0.402542 -0.0945058 0.00764663 0.00947744 0.99545
1305031106.466046 -0.0189517 0.0528799 0.39922 -0.0941993 0.0076598 0.00782018 0.995493
1305031106.498096 -0.0187324 0.0460768 0.39319 -0.0943706 0.00351093 0.00839447 0.995496
1305031106.528267 -0.0176928 0.0435503 0.383989 -0.0911241 -0.000749029 0.0076861 0.99581
1305031106.564414 -0.0179118 0.0420612 0.37359 -0.0874627 -0.00246022 0.0063387 0.996145
1305031106.597879 -0.0192527 0.0413051 0.361912 -0.0865045 -0.00547831 0.00301361 0.996232
1305031106.630776 -0.0188008 0.0335111 0.350919 -0.0879931 -0.00818145 0.00104594 0.996087
1305031106.667282 -0.0223049 0.0338987 0.337307 -0.0844001 -0.0100819 0.000973873 0.99638
1305031106.699110 -0.0232214 0.0284357 0.325035 -0.0869158 -0.0159165 0.00042815 0.996088
1305031106.729550 -0.0239385 0.0243062 0.309793 -0.0857647 -0.0220758 0.00067699 0.996071
1305031106.767126 -0.0216818 0.0208692 0.294018 -0.0848006 -0.0288009 0.0010262 0.995981
1305031106.798309 -0.0211828 0.0201032 0.277576 -0.0843378 -0.0327493 0.000306401 0.995899
1305031106.830652 -0.0187518 0.00907181 0.263951 -0.0874295 -0.0378689 -0.000668085 0.99545
1305031106.866893 -0.0152362 0.00588449 0.246536 -0.0810435 -0.0411545 -0.00394596 0.995853
1305031106.897828 -0.015627 0.00650693 0.227329 -0.0763615 -0.0399619 -0.00830521 0.996244
1305031106.930797 -0.0149743 0.00013522 0.211771 -0.0751369 -0.0391188 -0.0128146 0.996323
1305031106.967232 -0.0128114 -0.00950441 0.195766 -0.0710883 -0.0377222 -0.0155154 0.996636
1305031106.998876 -0.014774 -0.0042403 0.173885 -0.0618145 -0.0339656 -0.0196233 0.997317
1305031107.030348 -0.0141401 -0.0111072 0.159357 -0.0630207 -0.031949 -0.0218445 0.997261
1305031107.066405 -0.0187388 -0.0182267 0.143097 -0.0591785 -0.0293845 -0.0229344 0.997551
1305031107.098268 -0.0171243 -0.0177189 0.126435 -0.0535272 -0.0306272 -0.0234545 0.997821
1305031107.130308 -0.0129951 -0.0176674 0.111469 -0.0514619 -0.0308472 -0.0231826 0.997929
1305031107.165964 -0.0115025 -0.0260641 0.0990224 -0.0507774 -0.0297474 -0.0244608 0.997967
1305031107.198208 -0.00892245 -0.030804 0.085795 -0.0446608 -0.0278819 -0.0259303 0.998276
1305031107.235026 -0.00715463 -0.0314402 0.0703621 -0.038163 -0.0248005 -0.0261861 0.99862
1305031107.267071 -0.00411417 -0.0347899 0.0599657 -0.0328773 -0.0221673 -0.0258779 0.998878
1305031107.299273 -0.00287702 -0.0401091 0.0480274 -0.0261729 -0.0187144 -0.0268346 0.999122
1305031107.334800 -0.00166099 -0.0452308 0.035827 -0.0156332 -0.0145991 -0.0275566 0.999391
1305031107.367183 0.00133894 -0.038959 0.0241724 -0.00473218 -0.010238 -0.0271526 0.999568
1305031107.399345 0.00426354 -0.0422705 0.0155735 0.000863914 -0.00589487 -0.0279537 0.999591
1305031107.434926 0.00733706 -0.0392638 0.0101631 0.00687468 -0.0018209 -0.0273141 0.999602
1305031107.467141 0.0105538 -0.0398419 0.00664359 0.00982818 0.00218229 -0.0261016 0.999609
1305031107.498426 0.0112177 -0.0345638 0.00302726 0.0124181 0.00603061 -0.0257311 0.999574
1305031107.534830 0.0160053 -0.0356487 0.00381055 0.00944142 0.00776833 -0.0235012 0.999649
1305031107.567015 0.0183612 -0.0408433 0.00522615 0.00822121 0.00943406 -0.0208542 0.999704
1305031107.598904 0.0196028 -0.0328909 0.00569848 0.010263 0.0110453 -0.0189088 0.999708
1305031107.634944 0.0200714 -0.0328272 0.00666248 0.00685386 0.0126875 -0.0183317 0.999728
1305031107.667179 0.0195862 -0.0315761 0.00903671 0.00589959 0.0134086 -0.0175372 0.999739
1305031107.699390 0.0188107 -0.0281876 0.0107616 0.00489826 0.013348 -0.0163314 0.999766
1305031107.735041 0.0162764 -0.0215693 0.0122968 0.00317767 0.0125294 -0.015743 0.999793
1305031107.767895 0.0160581 -0.0226654 0.0154594 1.71196e-05 0.00976288 -0.0174296 0.9998
1305031107.799544 0.0175236 -0.0203164 0.0181832 -0.00187187 0.00763835 -0.0172342 0.999821
1305031107.835751 0.0194903 -0.0202248 0.019215 -0.00456271 0.00687694 -0.0181752 0.999801
1305031107.863505 0.0247442 -0.0248069 0.0224248 -0.0065706 0.00705158 -0.0213914 0.999725
1305031107.899222 0.0284879 -0.024644 0.0241636 -0.00555822 0.00984406 -0.0235752 0.999658
1305031107.933609 0.0351747 -0.0253277 0.0276931 -0.00357307 0.0124636 -0.0242017 0.999623
1305031107.964840 0.0408664 -0.0247229 0.0316591 -0.000839319 0.0166736 -0.0237894 0.999578
1305031107.998469 0.0482555 -0.0220027 0.0348691 0.0038103 0.0215452 -0.0260444 0.999421
1305031108.034824 0.0631189 -0.019289 0.0372868 0.00656388 0.026403 -0.0240917 0.999339
1305031108.067271 0.0720264 -0.0204259 0.042556 0.00779459 0.0358129 -0.0182393 0.999162
1305031108.099365 0.0788692 -0.0226292 0.0469604 0.00988215 0.0421596 -0.0183931 0.998893
1305031108.135281 0.0941959 -0.0166688 0.0517891 0.013538 0.0440634 -0.0174089 0.998785
1305031108.167357 0.106115 -0.0123121 0.0528609 0.0125819 0.0473242 -0.0141713 0.9987
1305031108.199225 0.117874 -0.0147883 0.0577847 0.00687154 0.0483323 -0.0147167 0.998699
1305031108.235213 0.135243 -0.0212683 0.0630741 0.00458328 0.0497421 -0.016361 0.998618
1305031108.267660 0.144278 -0.0138592 0.0664449 0.00678221 0.0546518 -0.0164647 0.998347
1305031108.299547 0.150281 -0.0108497 0.0685278 0.00345862 0.0570934 -0.0151203 0.998248
1305031108.335019 0.1596 -0.00808332 0.0727251 -0.00183681 0.0557929 -0.0125386 0.998362
1305031108.367285 0.169134 -0.00635727 0.0769562 -0.00688602 0.0530613 -0.00709081 0.998542
1305031108.399284 0.182664 -0.00685765 0.0810425 -0.0120858 0.0487068 -0.00102907 0.998739
1305031108.435023 0.195992 -0.00552456 0.0827912 -0.0162805 0.0470817 0.00588421 0.998741
1305031108.467680 0.211342 -0.00658339 0.08759 -0.019223 0.0452414 0.0124979 0.998713
1305031108.503548 0.226649 -0.0143236 0.0894843 -0.0210982 0.0474631 0.0167124 0.99851
1305031108.534811 0.239918 -0.0188024 0.0915859 -0.0185032 0.0541542 0.0151968 0.998245
1305031108.567154 0.249636 -0.00846704 0.0912715 -0.0119762 0.0594418 0.0135711 0.998068
1305031108.603547 0.265229 -0.00896314 0.0950566 -0.0127537 0.0641756 0.0143964 0.997753
1305031108.634212 0.277871 -0.0035033 0.093279 -0.0110655 0.06901 0.0167568 0.997414
1305031108.667189 0.289366 -0.00187754 0.0926771 -0.0144319 0.0739752 0.0183225 0.996987
1305031108.703346 0.30805 -0.000183385 0.0980416 -0.0172342 0.0787204 0.0243609 0.99645
1305031108.735052 0.31326 -0.00223731 0.100671 -0.0192676 0.0848632 0.0259481 0.995868
1305031108.767031 0.322992 0.000991318 0.101279 -0.0195567 0.0878056 0.0282093 0.995546
1305031108.803370 0.324676 -0.00186308 0.102875 -0.0220561 0.0922854 0.0327213 0.99495
1305031108.835163 0.324827 -0.00497952 0.103661 -0.0219932 0.0932479 0.0380588 0.994672
1305031108.867534 0.325065 -0.00232569 0.104492 -0.0191966 0.0908171 0.0434379 0.994735
1305031108.903540 0.33127 -0.00790116 0.0997173 -0.0171924 0.0854673 0.0511606 0.994878
1305031108.935116 0.32613 -0.00894559 0.0977833 -0.0124333 0.0830619 0.051936 0.995112
1305031108.967245 0.322784 -0.00380082 0.0917034 -0.00738478 0.07703 0.0501487 0.995739
1305031109.003064 0.321383 -0.0034644 0.0909562 -0.00808946 0.0731307 0.0473789 0.996163
1305031109.034955 0.312653 -0.00611973 0.087595 -0.00770611 0.0730189 0.045746 0.996251
1305031109.067091 0.304483 0.00135237 0.083735 -0.00719303 0.0706493 0.0402671 0.996662
1305031109.103294 0.296745 -0.00216691 0.0809826 -0.0122691 0.0689759 0.0369987 0.996856
1305031109.134968 0.278652 -0.00688763 0.0811481 -0.0141658 0.0689207 0.0342536 0.996933
1305031109.165848 0.267105 -0.000149293 0.0802433 -0.0123088 0.0628176 0.0310939 0.997465
1305031109.203388 0.258851 0.0154463 0.0791233 -0.0128254 0.0565195 0.0343259 0.997729
1305031109.234324 0.24492 0.0096509 0.0769448 -0.0232958 0.0551418 0.0391268 0.99744
1305031109.266325 0.23298 -0.00321775 0.0756084 -0.0286683 0.0505752 0.0434154 0.997364
1305031109.303457 0.20605 0.000533976 0.0782254 -0.0253854 0.0466531 0.0433404 0.997648
1305031109.334602 0.190601 0.00852796 0.0773632 -0.0258073 0.0375676 0.0424813 0.998057
1305031109.364882 0.182208 0.00409182 0.0769074 -0.029871 0.0280854 0.0419521 0.998278
1305031109.403386 0.169338 0.00571728 0.0752671 -0.0299965 0.0209557 0.038006 0.998607
1305031109.434469 0.159136 0.00939953 0.0688488 -0.0326779 0.0147016 0.03263 0.998825
1305031109.467362 0.148063 0.00456818 0.0677144 -0.0368781 0.012083 0.0292645 0.998818
1305031109.503193 0.135155 0.00204212 0.0670756 -0.037136 0.00966356 0.0252918 0.998943
1305031109.535715 0.123566 0.00156266 0.0614955 -0.0347144 0.00785897 0.0222139 0.999119
1305031109.567452 0.105886 0.00562643 0.059924 -0.0331455 0.00890364 0.0220664 0.999167
1305031109.603601 0.0921284 0.00558469 0.0571406 -0.0334275 0.00757027 0.0198293 0.999216
1305031109.635323 0.0821817 0.0077591 0.0552537 -0.0336724 0.00583723 0.0193264 0.999229
1305031109.667570 0.0650642 0.0100372 0.051363 -0.0354509 0.00681831 0.0208276 0.999131
1305031109.703265 0.052762 0.0124349 0.0498901 -0.0377023 0.00346022 0.020283 0.999077
1305031109.735059 0.040833 0.011759 0.0516362 -0.042841 -0.000138951 0.0197589 0.998886
1305031109.767470 0.02991 0.00984108 0.0516725 -0.0464858 -0.00193257 0.0202388 0.998712
1305031109.803396 0.0161967 0.0146123 0.0531855 -0.0471698 -0.00310774 0.0191254 0.998699
1305031109.834910 0.00127647 0.0166082 0.0546142 -0.0499254 -0.00498481 0.0179664 0.998579
1305031109.871271 -0.0143522 0.0158875 0.0568646 -0.054091 -0.00767898 0.0167645 0.998366
1305031109.900535 -0.0284693 0.0123893 0.0590263 -0.0562747 -0.0133404 0.0111192 0.998264
1305031109.934960 -0.0392251 0.0190769 0.0596249 -0.0566838 -0.0170035 0.00795217 0.998216
1305031109.970213 -0.0545815 0.0191944 0.0633768 -0.0607985 -0.0184076 0.00275152 0.997977
1305031109.999657 -0.0676929 0.0190705 0.0668535 -0.0634761 -0.020978 -0.00429666 0.997754
1305031110.031356 -0.0823388 0.0192407 0.068638 -0.0659556 -0.0211044 -0.0113167 0.997535
1305031110.068125 -0.0947517 0.0216851 0.0711573 -0.0676751 -0.0216941 -0.0161881 0.99734
1305031110.101397 -0.108204 0.0205931 0.0734407 -0.0728819 -0.0233156 -0.0207938 0.996851
1305031110.132317 -0.121916 0.0161221 0.0765143 -0.0753984 -0.0261884 -0.0240677 0.996519
1305031110.168323 -0.133325 0.0223144 0.0763001 -0.0755284 -0.0295398 -0.0250794 0.99639
1305031110.203162 -0.145344 0.0192347 0.0787667 -0.0802216 -0.0324741 -0.0274069 0.995871
1305031110.234909 -0.156635 0.0179838 0.0808948 -0.0806732 -0.0365841 -0.0274868 0.99569
1305031110.271394 -0.165872 0.0179751 0.0819269 -0.0787522 -0.0404298 -0.0284987 0.995666
1305031110.303648 -0.177119 0.0185553 0.0806683 -0.0761454 -0.0436439 -0.0301706 0.995684
1305031110.331570 -0.187706 0.020094 0.0807529 -0.0754767 -0.0484813 -0.0302316 0.995509
1305031110.371607 -0.201291 0.0212938 0.0796287 -0.0740387 -0.0530636 -0.0339259 0.995265
1305031110.403480 -0.213348 0.0261273 0.0783562 -0.0731358 -0.0590871 -0.0362261 0.994911
1305031110.435647 -0.227632 0.0322274 0.0777694 -0.0755008 -0.0638219 -0.0420276 0.994213
1305031110.470588 -0.239491 0.0292925 0.0803044 -0.0792454 -0.0707739 -0.0470906 0.993224
1305031110.502539 -0.252476 0.0306955 0.0791618 -0.0792015 -0.0773681 -0.0506642 0.99256
1305031110.534532 -0.261763 0.0330607 0.0771304 -0.0808965 -0.0841313 -0.0540645 0.991693
1305031110.571676 -0.2732 0.0386346 0.0761996 -0.0840539 -0.0892255 -0.0595719 0.990669
1305031110.604289 -0.282119 0.0360342 0.0812002 -0.0885124 -0.0930723 -0.0634041 0.989688
1305031110.635485 -0.291379 0.0379032 0.0837591 -0.0861193 -0.0947836 -0.0666777 0.989522
1305031110.671775 -0.300774 0.0443543 0.0794836 -0.0847694 -0.0959027 -0.0694296 0.989341
1305031110.699957 -0.305816 0.0427292 0.0828038 -0.0886948 -0.0984146 -0.07092 0.988645
1305031110.735440 -0.311685 0.0420136 0.0820108 -0.0891098 -0.0997359 -0.0724125 0.988367
1305031110.769734 -0.31605 0.0455125 0.082239 -0.0881232 -0.101048 -0.0735795 0.988236
1305031110.799684 -0.319376 0.0464269 0.0807613 -0.0885957 -0.101045 -0.0757464 0.98803
1305031110.835248 -0.322397 0.0461379 0.0833408 -0.090385 -0.103138 -0.0767072 0.987577
1305031110.871293 -0.321267 0.0490906 0.0851153 -0.0890897 -0.105497 -0.0773056 0.987399
1305031110.901900 -0.320802 0.0477607 0.0847381 -0.0905629 -0.106726 -0.0773866 0.987127
1305031110.938668 -0.316291 0.0508363 0.0858642 -0.0892513 -0.10936 -0.0786594 0.986857
1305031110.971316 -0.309732 0.0563812 0.0894969 -0.0874839 -0.108813 -0.0799866 0.986969
1305031111.003669 -0.301951 0.0591508 0.0938221 -0.0875914 -0.104902 -0.0806175 0.987332
1305031111.039669 -0.296178 0.0565171 0.0930296 -0.0877098 -0.0991977 -0.0769538 0.988203
1305031111.071605 -0.289465 0.0570554 0.0909477 -0.0898227 -0.0962615 -0.0745279 0.988489
1305031111.103658 -0.280355 0.0539759 0.0956087 -0.0918459 -0.0947157 -0.0710453 0.988709
1305031111.139211 -0.272505 0.0536443 0.0966868 -0.0897674 -0.0916188 -0.070039 0.989264
1305031111.170937 -0.262501 0.0567297 0.0970895 -0.0858047 -0.087851 -0.0723533 0.98979
1305031111.199395 -0.248946 0.0545466 0.0949909 -0.0847744 -0.0806186 -0.0687006 0.990754
1305031111.236670 -0.240822 0.0481324 0.0945837 -0.086223 -0.0775443 -0.0658091 0.991071
1305031111.269939 -0.226818 0.04639 0.0978381 -0.0817467 -0.0768417 -0.0657497 0.991509
1305031111.302311 -0.218736 0.0479153 0.0871724 -0.0783737 -0.0704144 -0.0607053 0.99258
1305031111.339460 -0.205341 0.0437322 0.0878604 -0.0839323 -0.0753164 -0.0591202 0.991861
1305031111.370908 -0.18836 0.0364425 0.0943507 -0.0847939 -0.0792984 -0.0553738 0.991693
1305031111.402911 -0.1787 0.0363921 0.0883806 -0.0806235 -0.0797149 -0.0539786 0.992085
1305031111.438948 -0.163479 0.0379112 0.092997 -0.0800539 -0.0857884 -0.0592504 0.991323
1305031111.470919 -0.130432 0.0303423 0.103173 -0.0785821 -0.0865395 -0.0595438 0.991358
1305031111.503531 -0.119832 0.0255566 0.0981901 -0.0759489 -0.075039 -0.0585893 0.992556
1305031111.539482 -0.11234 0.0253801 0.0959689 -0.0715463 -0.0659938 -0.0576574 0.99358
1305031111.571320 -0.0949371 0.0278272 0.089795 -0.067344 -0.0571269 -0.0499083 0.994842
1305031111.603391 -0.0884591 0.0241413 0.0886381 -0.0696168 -0.0518064 -0.0422838 0.99533
1305031111.639405 -0.0600827 0.011259 0.0934643 -0.0703325 -0.0581824 -0.0332971 0.995269
1305031111.671252 -0.035096 0.016516 0.0874557 -0.0637443 -0.0537091 -0.0253139 0.996198
1305031111.703791 -0.0231965 0.0186621 0.0965999 -0.0624061 -0.0461801 -0.0239142 0.996695
1305031111.739504 0.00762885 0.0178786 0.103496 -0.0584702 -0.0414431 -0.0196497 0.997235
1305031111.771228 0.0165311 0.0254793 0.103791 -0.0524666 -0.0205571 -0.0151136 0.998297
1305031111.800077 0.022662 0.0136904 0.0976988 -0.0535462 -0.00466876 -0.0157441 0.99843
1305031111.839333 0.0378489 0.016127 0.0957605 -0.0497254 0.00444349 -0.0121829 0.998679
1305031111.870985 0.0416172 0.0181946 0.094215 -0.0493523 0.0134489 -0.00858056 0.998654
1305031111.903356 0.0461716 0.0117823 0.0976805 -0.050444 0.0151271 -0.00296281 0.998608
1305031111.939680 0.0612337 0.0144616 0.0981298 -0.0475637 0.01077 0.00582783 0.998793
1305031111.971494 0.0848316 0.0162407 0.0995751 -0.0459479 0.00904194 0.0127678 0.998821
1305031112.003596 0.10096 0.0143161 0.099697 -0.0442026 0.0157387 0.0122589 0.998823
1305031112.039412 0.118898 0.0119867 0.0955717 -0.0416308 0.0220139 0.0101316 0.998839
1305031112.070731 0.136538 0.0124678 0.0973015 -0.0390071 0.0316181 0.010052 0.998688
1305031112.102495 0.138261 0.0140649 0.098883 -0.0358674 0.0429531 0.0051448 0.99842
1305031112.139107 0.159312 0.0135388 0.0945258 -0.0356089 0.0452289 -0.000697044 0.998342
1305031112.169345 0.180178 0.0153446 0.0961314 -0.0371389 0.0549421 -0.00325328 0.997793
1305031112.207733 0.187874 0.0037602 0.0995633 -0.040358 0.0658756 -0.0100687 0.996961
1305031112.235657 0.19982 -0.00173692 0.100992 -0.0363944 0.0752384 -0.0139771 0.996403
1305031112.269488 0.20525 0.00103719 0.101208 -0.0296377 0.0826411 -0.0168031 0.995997
1305031112.303591 0.215163 -0.00544919 0.102818 -0.0255285 0.0849036 -0.0195604 0.99587
1305031112.335789 0.226607 -0.00261629 0.104867 -0.0177222 0.0850667 -0.0171449 0.99607
1305031112.371231 0.240291 -0.000700467 0.103508 -0.0127094 0.0823132 -0.01233 0.996449
1305031112.407491 0.255888 0.00134814 0.101438 -0.00944231 0.0783624 -0.00797372 0.996848
1305031112.439064 0.271075 -0.00156248 0.102436 -0.00782352 0.0759573 -0.00136564 0.997079
1305031112.471066 0.277023 -0.000502865 0.101601 -0.00446915 0.0756807 0.00841598 0.997087
1305031112.506669 0.285248 -0.00225851 0.102063 -0.00289486 0.0725722 0.0155728 0.997237
1305031112.538310 0.295627 -0.00325752 0.102227 -0.000736424 0.0689638 0.0196923 0.997425
1305031112.567470 0.305439 -0.000243064 0.101052 0.0022315 0.0653398 0.025476 0.997535
1305031112.606742 0.325611 0.00587297 0.0992222 0.00413713 0.061401 0.0324633 0.997577
1305031112.639418 0.336515 0.00452762 0.0963175 0.000595222 0.0662034 0.039679 0.997017
1305031112.671325 0.335646 0.00352906 0.10254 -0.00184924 0.0743773 0.0419101 0.996347
1305031112.707325 0.342101 0.00718118 0.101174 -0.00255324 0.0773219 0.0445677 0.996006
1305031112.739546 0.343743 0.019001 0.10265 -0.00395116 0.0807702 0.0475796 0.995589
1305031112.771523 0.341957 0.0136738 0.105475 -0.0131087 0.0854938 0.0503506 0.994979
1305031112.807539 0.325357 0.00765017 0.112812 -0.0168202 0.0905436 0.047741 0.994605
1305031112.839560 0.323006 0.0157473 0.109027 -0.0165973 0.0844987 0.0461575 0.995216
1305031112.871083 0.324625 0.0160569 0.107536 -0.0202311 0.0799804 0.0489433 0.995389
1305031112.907246 0.315243 0.0142805 0.108215 -0.0233466 0.0781666 0.0507964 0.995372
1305031112.939323 0.302988 0.0125034 0.112534 -0.0258171 0.0755363 0.0486903 0.995619
1305031112.971164 0.299163 0.0133613 0.112162 -0.0261099 0.0690384 0.0461645 0.996203
1305031113.007166 0.293612 0.0179426 0.109182 -0.0263291 0.0655223 0.0463375 0.996427
1305031113.039492 0.284808 0.0157402 0.108899 -0.0312729 0.0643313 0.0438522 0.996474
1305031113.071210 0.268734 0.00306723 0.111775 -0.0357541 0.0646736 0.0388577 0.996508
1305031113.107662 0.258962 0.00959227 0.105395 -0.0307836 0.0585829 0.0339857 0.997229
1305031113.139664 0.250433 0.0168685 0.101867 -0.0310369 0.0550066 0.0323318 0.99748
1305031113.171088 0.236957 0.0072452 0.101089 -0.0364992 0.0545314 0.0344187 0.997251
1305031113.207181 0.215968 0.00554123 0.0980654 -0.034993 0.0518206 0.0351565 0.997424
1305031113.239732 0.199878 0.00966762 0.0930432 -0.0355936 0.046156 0.0352602 0.997677
1305031113.271470 0.187124 0.000763393 0.0941592 -0.0401978 0.0409842 0.0374312 0.997649
1305031113.307323 0.166472 -0.00858396 0.0938125 -0.0382843 0.0365498 0.040802 0.997764
1305031113.339396 0.150734 0.00348539 0.090095 -0.0288265 0.0268009 0.0393593 0.99845
1305031113.371377 0.139728 0.00245885 0.0882516 -0.0327996 0.0162748 0.0370226 0.998643
1305031113.407351 0.124139 -0.00522137 0.0888946 -0.0340239 0.00946087 0.0377347 0.998664
1305031113.439787 0.105732 0.0030346 0.0890078 -0.0294427 0.00363467 0.0327419 0.999023
1305031113.475657 0.0860369 0.00265839 0.0884262 -0.0332025 -0.00241404 0.0265478 0.999093
1305031113.507987 0.070131 0.00127947 0.0892888 -0.0371523 -0.00799249 0.0241779 0.998985
1305031113.539417 0.0556777 -0.00369355 0.0877745 -0.0404581 -0.0143268 0.0206563 0.998865
1305031113.574964 0.0403363 -0.000780189 0.0884671 -0.0396244 -0.0192147 0.0166482 0.998891
1305031113.607216 0.0243649 -0.00109693 0.0853176 -0.0423445 -0.0211822 0.0114905 0.998812
1305031113.638418 0.0127247 -0.00269398 0.0860678 -0.0455526 -0.0220663 0.00777798 0.998688
1305031113.674244 -0.00358728 -0.00388465 0.0858177 -0.0469309 -0.0205924 0.00440341 0.998676
1305031113.704256 -0.0165795 -0.00416919 0.0858516 -0.0467976 -0.0202551 -0.000668996 0.998699
1305031113.736263 -0.0275165 -0.00163478 0.0880434 -0.0452846 -0.0186436 -0.0061079 0.998781
1305031113.774168 -0.0450694 -0.00365167 0.0880809 -0.0446567 -0.0148471 -0.0106939 0.998835
1305031113.805795 -0.0579602 -0.00130687 0.0875433 -0.0431205 -0.0138816 -0.0123379 0.998897
1305031113.838437 -0.0713539 0.00104163 0.0876708 -0.0430919 -0.0116608 -0.0161199 0.998873
1305031113.874200 -0.0906286 -0.00569519 0.0901388 -0.0434755 -0.0096766 -0.0210401 0.998786
1305031113.906361 -0.0999754 0.000183832 0.0912993 -0.0388617 -0.0120598 -0.0208633 0.998954
1305031113.938561 -0.11333 -0.00117077 0.0909485 -0.0366467 -0.00958719 -0.0241569 0.99899
1305031113.974245 -0.129123 6.72582e-05 0.091695 -0.0329742 -0.00710189 -0.0292902 0.999002
1305031114.007082 -0.145752 0.00187845 0.0902896 -0.029532 -0.00555925 -0.0339949 0.99897
1305031114.038546 -0.163548 0.00142336 0.0926651 -0.0286028 -0.00769303 -0.0359564 0.998914
1305031114.074298 -0.179113 -0.00111002 0.0910711 -0.0270771 -0.0125739 -0.0363216 0.998894
1305031114.106402 -0.193297 0.00499393 0.0931471 -0.0231628 -0.0177197 -0.0401712 0.998767
1305031114.138562 -0.205456 0.00644324 0.0944416 -0.0227169 -0.0229792 -0.0437126 0.998521
1305031114.174114 -0.214967 0.00286645 0.0965019 -0.0210333 -0.0261089 -0.04579 0.998388
1305031114.206255 -0.227219 0.0135951 0.0968552 -0.0165321 -0.0267228 -0.0484076 0.998333
1305031114.238473 -0.244657 0.00984276 0.096726 -0.0201851 -0.0280816 -0.0522168 0.998037
1305031114.271075 -0.259911 0.00948189 0.097522 -0.0206628 -0.0337927 -0.0528606 0.997816
1305031114.306710 -0.271319 0.0151915 0.103384 -0.0200152 -0.0424373 -0.0535197 0.997464
1305031114.338919 -0.277479 0.0169303 0.10655 -0.020335 -0.0491543 -0.0567936 0.996968
1305031114.374307 -0.287548 0.0161629 0.107216 -0.0204861 -0.0509341 -0.061441 0.9966
1305031114.406591 -0.300039 0.0153286 0.108851 -0.0199641 -0.0524209 -0.0657799 0.996256
1305031114.438540 -0.312297 0.0151189 0.107324 -0.0204909 -0.0562748 -0.0664797 0.995989
1305031114.474489 -0.323148 0.0110364 0.10658 -0.0222675 -0.063537 -0.0674675 0.995447
1305031114.506573 -0.329149 0.0172146 0.110474 -0.0210169 -0.072111 -0.0702402 0.994698
1305031114.539953 -0.334322 0.0161966 0.114916 -0.024081 -0.0764553 -0.0699905 0.994322
1305031114.575185 -0.342291 0.0148255 0.116131 -0.0257 -0.0760198 -0.0663144 0.994567
1305031114.607560 -0.346417 0.0173711 0.115171 -0.0275501 -0.0773101 -0.064774 0.994519
1305031114.644150 -0.354188 0.013823 0.113674 -0.0334055 -0.0790645 -0.0631773 0.994305
1305031114.675655 -0.35781 0.0102747 0.114928 -0.0370797 -0.08564 -0.0631097 0.993634
1305031114.706141 -0.36148 0.0110276 0.117839 -0.0370966 -0.0894306 -0.0636772 0.993263
1305031114.743276 -0.362352 0.00964899 0.118332 -0.0363745 -0.0927345 -0.0670412 0.992765
1305031114.774847 -0.361987 0.0123572 0.11735 -0.0333511 -0.0943049 -0.0708312 0.99246
1305031114.807310 -0.36153 0.0148748 0.116687 -0.0329883 -0.0939803 -0.071969 0.992421
1305031114.842137 -0.358234 0.0150913 0.116348 -0.0326959 -0.0954773 -0.0740712 0.992133
1305031114.875056 -0.355607 0.0182846 0.116645 -0.0324088 -0.0955564 -0.0739909 0.992141
1305031114.907504 -0.352124 0.0197695 0.113835 -0.0332829 -0.0958689 -0.0746728 0.992031
1305031114.943264 -0.344687 0.0257621 0.116994 -0.0338684 -0.0960812 -0.0767378 0.991833
1305031114.975411 -0.337665 0.027413 0.117926 -0.0359084 -0.0941961 -0.0773616 0.991894
1305031115.007179 -0.33014 0.0331878 0.117928 -0.0383934 -0.0932997 -0.0788753 0.991766
1305031115.043530 -0.319526 0.0328972 0.125548 -0.0417699 -0.0916536 -0.0792164 0.991756
1305031115.071577 -0.309169 0.033814 0.126686 -0.043591 -0.0890523 -0.0787625 0.991951
1305031115.107074 -0.294128 0.0379421 0.135612 -0.0450554 -0.0863227 -0.0783216 0.992161
1305031115.143294 -0.284606 0.0357717 0.139105 -0.0468909 -0.07695 -0.0759451 0.993032
1305031115.172642 -0.273186 0.0325168 0.133534 -0.0497967 -0.0738224 -0.0738803 0.993284
1305031115.206453 -0.257744 0.0300431 0.141064 -0.0502809 -0.0725454 -0.0707141 0.993584
1305031115.240975 -0.243787 0.0259637 0.142987 -0.0466161 -0.0673622 -0.066352 0.994428
1305031115.273468 -0.226794 0.0291035 0.142612 -0.044947 -0.0663428 -0.0624294 0.994827
1305031115.305534 -0.199512 0.0204395 0.155712 -0.04731 -0.0665109 -0.0563333 0.99507
1305031115.343426 -0.174485 0.0199473 0.149812 -0.0442469 -0.0613919 -0.0496352 0.995896
1305031115.375054 -0.177008 0.0315749 0.148322 -0.0450054 -0.0526002 -0.0466414 0.99651
1305031115.406164 -0.158874 0.0255023 0.153994 -0.0534104 -0.0604087 -0.0426649 0.99583
1305031115.443040 -0.134384 0.0256813 0.158718 -0.0564387 -0.06532 -0.0364907 0.995599
1305031115.474863 -0.118408 0.0270049 0.15961 -0.0603002 -0.0647904 -0.0305865 0.995606
1305031115.507440 -0.0829941 0.0195649 0.165938 -0.065582 -0.0698649 -0.0266479 0.995042
1305031115.543620 -0.0548288 0.0213083 0.172083 -0.0642868 -0.0606794 -0.0193568 0.995897
1305031115.575290 -0.0468052 0.0183331 0.168076 -0.0648502 -0.0455196 -0.012253 0.996781
1305031115.607428 -0.0295301 0.0160882 0.165409 -0.0645056 -0.0395191 -0.00701376 0.99711
1305031115.643254 -0.0108309 0.013241 0.168839 -0.0639567 -0.0341034 0.000799223 0.997369
1305031115.675106 -0.00349568 0.0123521 0.165154 -0.0624694 -0.0276546 0.0115474 0.997597
1305031115.706301 0.0193665 0.0177142 0.165522 -0.0600982 -0.0302226 0.0205889 0.997522
1305031115.742905 0.0479171 0.0161629 0.168498 -0.0604931 -0.0277037 0.0261662 0.997441
1305031115.774329 0.0638594 0.0173708 0.167975 -0.0581114 -0.0182408 0.0344129 0.99755
1305031115.806425 0.0828474 0.0198133 0.16547 -0.0574559 -0.0106586 0.0425699 0.997383
1305031115.841936 0.094903 0.0178553 0.166924 -0.0605013 0.000816377 0.0500354 0.996913
1305031115.875347 0.101289 0.0119995 0.166403 -0.0610635 0.00974251 0.0567956 0.996469
1305031115.910716 0.116997 0.0210235 0.168242 -0.0557486 0.0119904 0.0623394 0.996425
1305031115.942015 0.135879 0.019839 0.167687 -0.0577649 0.016909 0.0687067 0.99582
1305031115.973799 0.149229 0.0233243 0.169146 -0.0583194 0.0225182 0.0745127 0.995259
1305031116.010843 0.167193 0.025065 0.172074 -0.0605751 0.0294845 0.0772003 0.994737
1305031116.042618 0.17683 0.0333444 0.174673 -0.0603271 0.0431843 0.078562 0.994145
1305031116.071527 0.188664 0.0410046 0.178245 -0.0623555 0.0528356 0.0831593 0.993179
1305031116.108247 0.201952 0.0399692 0.182688 -0.069831 0.0617353 0.0864165 0.991889
1305031116.143447 0.210094 0.0336222 0.185856 -0.0771717 0.071145 0.0887998 0.990504
1305031116.174891 0.220045 0.0423019 0.187252 -0.0753174 0.0757753 0.0912215 0.990083
1305031116.211320 0.232416 0.0342803 0.188623 -0.0841826 0.0805452 0.0940421 0.988727
1305031116.242720 0.24351 0.0280856 0.190431 -0.0891671 0.08701 0.0978016 0.987377
1305031116.274421 0.259295 0.0402289 0.186945 -0.0834204 0.0927156 0.101359 0.987001
1305031116.310686 0.262173 0.0378918 0.190205 -0.087999 0.104076 0.104508 0.985141
1305031116.342459 0.269581 0.0238225 0.192892 -0.0953056 0.109985 0.106846 0.983567
1305031116.374490 0.275483 0.0279761 0.188828 -0.0869123 0.112389 0.108598 0.983881
1305031116.409631 0.275713 0.0301089 0.184509 -0.0826473 0.11541 0.112141 0.983501
1305031116.442496 0.279999 0.0284907 0.180899 -0.0863676 0.115931 0.121553 0.982001
1305031116.473394 0.277605 0.0232258 0.181916 -0.0880609 0.118582 0.124697 0.981139
1305031116.510576 0.275136 0.0203195 0.179403 -0.0874571 0.117554 0.120706 0.981816
1305031116.542695 0.267477 0.0259997 0.175416 -0.0818885 0.118224 0.116559 0.982716
1305031116.574389 0.251291 0.0271313 0.17619 -0.0817565 0.119858 0.112798 0.982968
1305031116.610891 0.23831 0.0166973 0.176376 -0.0857633 0.115778 0.106333 0.983836
1305031116.642664 0.224459 0.0249439 0.171823 -0.0796006 0.107936 0.0972845 0.986179
1305031116.674523 0.207919 0.0230015 0.171023 -0.0802099 0.102734 0.0878214 0.987573
1305031116.710942 0.200436 0.0290418 0.168631 -0.0769269 0.0956926 0.078579 0.989318
1305031116.740575 0.182458 0.0320874 0.165487 -0.0768124 0.0923693 0.0678017 0.99044
1305031116.775059 0.168213 0.0315263 0.164398 -0.0794543 0.0877493 0.0574512 0.991305
1305031116.811343 0.143385 0.0293065 0.163964 -0.0795262 0.0884083 0.0507003 0.991609
1305031116.840370 0.126926 0.0300823 0.156693 -0.0770551 0.0787268 0.0430297 0.992982
1305031116.871726 0.102854 0.0353375 0.156997 -0.076019 0.0714448 0.0361547 0.993886
1305031116.907955 0.0740908 0.0362912 0.154733 -0.0746732 0.0650085 0.0299797 0.994635
1305031116.940626 0.0598993 0.0456352 0.155049 -0.0718199 0.0503006 0.0229591 0.995884
1305031116.974656 0.0471523 0.0353945 0.151309 -0.0761469 0.0366597 0.013017 0.996337
1305031117.008812 0.0317584 0.0399416 0.15077 -0.0732358 0.0245269 0.0047224 0.997002
1305031117.042065 0.0173482 0.0427965 0.144917 -0.0732947 0.0138991 0.000245628 0.997213
1305031117.071181 0.00292686 0.0439286 0.142247 -0.0753944 0.00421428 -0.00571454 0.997129
1305031117.110454 -0.0144208 0.0464354 0.142206 -0.0769639 -0.00526738 -0.00696921 0.996996
1305031117.142383 -0.023451 0.0512607 0.140514 -0.0783389 -0.0162944 -0.00761075 0.996765
1305031117.175059 -0.0313501 0.0521574 0.140811 -0.0813525 -0.0256811 -0.0125294 0.996276
1305031117.207753 -0.0353288 0.0539738 0.142956 -0.0829589 -0.0335525 -0.0155511 0.995867
1305031117.241340 -0.0354329 0.059749 0.143188 -0.0847431 -0.0375121 -0.017245 0.995547
1305031117.276516 -0.0359877 0.0584981 0.144949 -0.0895771 -0.0376279 -0.022061 0.995024
1305031117.310121 -0.040768 0.0544394 0.146791 -0.0944122 -0.035262 -0.0237471 0.994625
1305031117.341044 -0.0431215 0.0502174 0.14732 -0.0965777 -0.0352251 -0.0247547 0.994394
1305031117.375067 -0.0445414 0.0447455 0.147654 -0.0970712 -0.0350871 -0.0249346 0.994346
1305031117.408538 -0.0465304 0.0378646 0.147408 -0.0970669 -0.0364484 -0.0236472 0.994329
1305031117.442208 -0.0455665 0.0360012 0.147743 -0.0936617 -0.0385745 -0.0226864 0.994598
1305031117.475651 -0.0450114 0.0293348 0.147577 -0.0925064 -0.039837 -0.0210864 0.994691
1305031117.508882 -0.0459657 0.0203272 0.147745 -0.0904353 -0.0410663 -0.019666 0.994861
1305031117.539736 -0.0467563 0.0151642 0.147215 -0.085696 -0.0417568 -0.0188501 0.995267
1305031117.577860 -0.0500057 0.0105382 0.147753 -0.0823488 -0.0424524 -0.0204854 0.995488
1305031117.607777 -0.0489296 0.00307544 0.149509 -0.0818369 -0.0448351 -0.0195416 0.995445
1305031117.643284 -0.0499037 -0.00522646 0.15276 -0.0805347 -0.0468996 -0.0183205 0.995479
1305031117.675483 -0.0510553 -0.0104871 0.154579 -0.079923 -0.0494309 -0.0176261 0.995419
1305031117.711215 -0.051582 -0.0204276 0.159034 -0.0810247 -0.0518248 -0.0155649 0.995242
1305031117.742995 -0.0523538 -0.0316611 0.163727 -0.0820988 -0.0539054 -0.0125786 0.995086
1305031117.778969 -0.0511204 -0.0380307 0.166505 -0.0813387 -0.0568845 -0.0100461 0.995011
1305031117.811060 -0.0498399 -0.0503907 0.172421 -0.0835157 -0.059239 -0.00784544 0.994713
1305031117.843307 -0.0440354 -0.0596682 0.179211 -0.0815088 -0.0613319 -0.00629187 0.994764
1305031117.879467 -0.0445054 -0.0687466 0.181116 -0.0804327 -0.0580434 -0.00664915 0.995046
1305031117.908762 -0.0484381 -0.078709 0.18633 -0.0797325 -0.055125 -0.00701041 0.995266
1305031117.943272 -0.0487427 -0.0857921 0.189487 -0.0780878 -0.0530708 -0.00727156 0.995506
1305031117.979263 -0.0528228 -0.0948577 0.192619 -0.0799036 -0.0501914 -0.00816385 0.995505
1305031118.011013 -0.0508164 -0.10865 0.202247 -0.0830092 -0.0509797 -0.00794871 0.995212
1305031118.043549 -0.0514491 -0.117733 0.206431 -0.082028 -0.0495436 -0.00788609 0.995367
1305031118.079369 -0.0473841 -0.128943 0.211425 -0.083054 -0.0498881 -0.00873631 0.995257
1305031118.110863 -0.0475112 -0.137467 0.216698 -0.081565 -0.0454526 -0.0110849 0.995569
1305031118.142285 -0.0509267 -0.1456 0.220177 -0.0795908 -0.0400356 -0.0125154 0.995945
1305031118.178170 -0.0505942 -0.157996 0.22694 -0.0802201 -0.0377732 -0.0143443 0.995958
1305031118.210782 -0.05476 -0.168561 0.230634 -0.0775078 -0.0342546 -0.0125874 0.996324
1305031118.242948 -0.058111 -0.178089 0.232594 -0.0744476 -0.0340485 -0.0134364 0.996553
1305031118.278991 -0.0559294 -0.189682 0.238547 -0.0715286 -0.0352994 -0.0138926 0.996717
1305031118.310731 -0.0599579 -0.196552 0.239678 -0.0642469 -0.0341189 -0.0147442 0.997242
1305031118.342079 -0.0540682 -0.201645 0.243576 -0.0597346 -0.0349936 -0.0142747 0.997499
1305031118.377003 -0.0568684 -0.210636 0.245447 -0.0564886 -0.0327482 -0.0156307 0.997744
1305031118.408818 -0.0583365 -0.213189 0.245545 -0.0531229 -0.0340703 -0.0155257 0.997886
1305031118.445703 -0.0569014 -0.21336 0.252171 -0.0517297 -0.0350503 -0.0136167 0.997953
1305031118.477869 -0.0566843 -0.217453 0.251407 -0.051854 -0.0352976 -0.0108706 0.997971
1305031118.510201 -0.0550132 -0.21536 0.252392 -0.0493845 -0.0358954 -0.0100464 0.998084
1305031118.545199 -0.0541493 -0.211254 0.252589 -0.049828 -0.0355411 -0.0114941 0.998059
1305031118.576377 -0.0519357 -0.209575 0.254362 -0.0521338 -0.0351089 -0.0113734 0.997958
1305031118.610869 -0.0525186 -0.199894 0.252186 -0.0502814 -0.0324916 -0.0140148 0.998108
1305031118.645331 -0.053923 -0.193361 0.250359 -0.0511947 -0.0299513 -0.0171632 0.998092
1305031118.675082 -0.0536421 -0.185927 0.247077 -0.0541108 -0.028869 -0.0180606 0.997954
1305031118.710140 -0.0543702 -0.182024 0.246118 -0.0554972 -0.0291389 -0.0208823 0.997815
1305031118.746801 -0.0589034 -0.173562 0.241039 -0.0535113 -0.030288 -0.0205115 0.997897
1305031118.778790 -0.0556849 -0.152662 0.235296 -0.0525497 -0.0352046 -0.0204193 0.997789
1305031118.810703 -0.052088 -0.152326 0.235878 -0.0591128 -0.0382724 -0.0213446 0.997289
1305031118.846774 -0.0505445 -0.142935 0.229814 -0.054986 -0.0379987 -0.0207443 0.997548
1305031118.875402 -0.048904 -0.121675 0.218596 -0.0514566 -0.0361519 -0.0227189 0.997762
1305031118.909608 -0.0496823 -0.117077 0.216501 -0.0556375 -0.034991 -0.025357 0.997515
1305031118.947009 -0.04755 -0.104073 0.20886 -0.0538897 -0.0342794 -0.0266891 0.997601
1305031118.979394 -0.0499818 -0.0870359 0.200731 -0.0531521 -0.0326538 -0.0306225 0.997583
1305031119.009712 -0.0513829 -0.0762254 0.195615 -0.0567618 -0.0327095 -0.0325159 0.997322
1305031119.047180 -0.0541098 -0.0678496 0.189871 -0.0593241 -0.0324648 -0.0330317 0.997164
1305031119.078966 -0.0578689 -0.0552747 0.183147 -0.0588563 -0.033622 -0.0328841 0.997158
1305031119.110884 -0.0576801 -0.0456647 0.176588 -0.0591936 -0.0374046 -0.0324084 0.997019
1305031119.147629 -0.0577789 -0.0320647 0.1715 -0.0585631 -0.0411262 -0.0302844 0.996976
1305031119.179262 -0.0579178 -0.0287781 0.164815 -0.0606458 -0.0450506 -0.0309144 0.996663
1305031119.210906 -0.0556402 -0.0172679 0.158177 -0.0575959 -0.0474379 -0.0290311 0.99679
1305031119.247660 -0.0577515 -0.00558587 0.152407 -0.0561793 -0.0480681 -0.0287675 0.996848
1305031119.279244 -0.0544854 0.00492335 0.146844 -0.0557597 -0.0501715 -0.0287727 0.996768
1305031119.310755 -0.0561877 0.0149781 0.142361 -0.0555875 -0.0499194 -0.0258909 0.996869
1305031119.347750 -0.0564364 0.0218077 0.138566 -0.0554223 -0.051704 -0.0235461 0.996845
1305031119.378631 -0.0542019 0.0364927 0.134112 -0.0533166 -0.0547862 -0.0228441 0.996812
1305031119.411492 -0.0505773 0.0460178 0.129527 -0.0538995 -0.0554235 -0.0224945 0.996753
1305031119.447726 -0.0511379 0.0539168 0.125795 -0.0550866 -0.0525616 -0.0224883 0.996844
1305031119.477682 -0.0534949 0.0664141 0.121876 -0.0526661 -0.0499391 -0.0229677 0.997098
1305031119.511258 -0.0547074 0.0777604 0.118293 -0.0536451 -0.0486904 -0.0221142 0.997127
1305031119.547414 -0.0536572 0.0892835 0.115658 -0.0547895 -0.0492667 -0.0196052 0.997089
1305031119.579569 -0.0522824 0.105882 0.112769 -0.0543976 -0.0487472 -0.0202416 0.997123
1305031119.615024 -0.0540842 0.111448 0.110221 -0.0597034 -0.0461704 -0.0193438 0.99696
1305031119.648889 -0.0574743 0.128951 0.107027 -0.05962 -0.0444519 -0.0191942 0.997046
1305031119.675566 -0.0545375 0.142952 0.106134 -0.062239 -0.0432428 -0.021652 0.996889
1305031119.715249 -0.0562023 0.151104 0.1049 -0.0685218 -0.0381778 -0.0189416 0.996739
1305031119.744886 -0.0602698 0.157694 0.104234 -0.0731128 -0.0357381 -0.0137486 0.996588
1305031119.778628 -0.062601 0.167099 0.102733 -0.0756634 -0.0363817 -0.0114434 0.996404
1305031119.814571 -0.0603556 0.176176 0.101165 -0.0777236 -0.0381573 -0.00722028 0.996218
1305031119.847445 -0.0579728 0.185441 0.0995894 -0.0803417 -0.0380185 -0.003021 0.996037
1305031119.879232 -0.0592262 0.191649 0.097453 -0.0807969 -0.0354328 -0.00447589 0.996091
1305031119.911424 -0.0616393 0.208704 0.0950549 -0.0773597 -0.0329807 -0.00279227 0.996454
1305031119.947462 -0.062647 0.217424 0.092479 -0.0806425 -0.0307405 -0.0036139 0.996262
1305031119.979546 -0.0628127 0.224027 0.0915487 -0.0823709 -0.027371 -0.00491179 0.996214
1305031120.015283 -0.0628425 0.231391 0.0890404 -0.087245 -0.0246848 -0.00258733 0.995878
1305031120.047310 -0.0670369 0.233866 0.0894393 -0.0936601 -0.0224464 -0.000848961 0.995351
1305031120.075690 -0.0690434 0.230964 0.0879313 -0.0972122 -0.0238128 0.000958552 0.994978
1305031120.115249 -0.069166 0.242158 0.0882233 -0.0938905 -0.0262263 0.00277568 0.995233
1305031120.148175 -0.0687943 0.238629 0.0885149 -0.0964412 -0.0266938 0.00331885 0.994975
1305031120.179261 -0.0654415 0.224019 0.0894356 -0.101083 -0.0274032 0.00578982 0.994484
1305031120.215260 -0.0638927 0.217949 0.0909765 -0.0980728 -0.0282572 0.00589154 0.994761
1305031120.248018 -0.0626705 0.214895 0.0917037 -0.0937062 -0.0287298 0.00366194 0.995179
1305031120.279441 -0.0598353 0.204834 0.0930473 -0.0926866 -0.0292558 0.00179452 0.995264
1305031120.315213 -0.0590106 0.194947 0.0963152 -0.0912303 -0.0293304 -0.000193962 0.995398
1305031120.347797 -0.0606998 0.189122 0.0980387 -0.0865329 -0.0280519 -0.0022683 0.995851
1305031120.379446 -0.059739 0.176037 0.102342 -0.0872259 -0.028749 -0.00252523 0.99577
1305031120.415490 -0.0586794 0.160874 0.107241 -0.0827309 -0.0294908 -0.00275904 0.996132
1305031120.447433 -0.0605223 0.155889 0.10886 -0.0745528 -0.0292318 -0.0029836 0.996784
1305031120.475582 -0.0584464 0.141146 0.115264 -0.0736466 -0.0309671 -0.00240402 0.996801
1305031120.514877 -0.0604788 0.127929 0.120861 -0.0678538 -0.0320091 -0.000220932 0.997182
1305031120.547807 -0.0602473 0.121389 0.124264 -0.0607802 -0.0352881 0.00161067 0.997526
1305031120.579559 -0.0613236 0.112804 0.127901 -0.0574959 -0.0386921 0.0045346 0.997585
1305031120.615271 -0.059312 0.0998792 0.13436 -0.0556796 -0.0436478 0.00751349 0.997466
1305031120.646607 -0.0575497 0.0932118 0.13829 -0.0501539 -0.0469295 0.00790639 0.997607
1305031120.678467 -0.0559511 0.086595 0.142393 -0.0470788 -0.0487401 0.00876238 0.997663
1305031120.714553 -0.0555106 0.0774322 0.146488 -0.0451191 -0.0493904 0.00968036 0.997713
1305031120.747396 -0.0552433 0.067439 0.150741 -0.0446512 -0.0518298 0.0099247 0.997608
1305031120.779908 -0.0535077 0.0546188 0.155399 -0.0436849 -0.054267 0.00990619 0.997521
1305031120.814905 -0.05378 0.0487606 0.156498 -0.0400857 -0.0541013 0.00955878 0.997685
1305031120.847942 -0.0507344 0.0384737 0.162177 -0.0415659 -0.056484 0.00833722 0.997503
1305031120.883454 -0.0492925 0.0258768 0.165932 -0.0401904 -0.0563612 0.00605879 0.997583
1305031120.915454 -0.0514008 0.0209819 0.167569 -0.0377102 -0.0541887 0.00422026 0.997809
1305031120.947509 -0.050598 0.0106677 0.171186 -0.0382046 -0.0543309 0.00238115 0.997789
1305031120.983390 -0.052529 -0.000260124 0.174562 -0.0381919 -0.0536699 -0.000101119 0.997828
1305031121.015029 -0.0518051 -0.0106494 0.177037 -0.0371837 -0.0546839 -0.000779605 0.997811
1305031121.047755 -0.0543395 -0.0165743 0.178181 -0.0357723 -0.053538 -0.00187176 0.997923
1305031121.083117 -0.0555222 -0.0303382 0.181579 -0.0360093 -0.0546603 -0.00308499 0.997851
1305031121.114878 -0.053979 -0.039762 0.182724 -0.0341863 -0.0565405 -0.00231028 0.997812
1305031121.147355 -0.0552078 -0.0475357 0.185451 -0.0319695 -0.0569248 -0.00328571 0.997861
1305031121.183281 -0.0549009 -0.0577681 0.187722 -0.0304911 -0.0584052 -0.00376573 0.99782
1305031121.211431 -0.0528084 -0.068124 0.19148 -0.028399 -0.0586746 -0.00380837 0.997866
1305031121.247201 -0.0567665 -0.0744496 0.190995 -0.0257335 -0.0559799 -0.00465956 0.998089
1305031121.282822 -0.0563327 -0.086883 0.19649 -0.0269894 -0.058083 -0.00345737 0.997941
1305031121.313588 -0.0542511 -0.0977088 0.199706 -0.0248843 -0.0586922 -0.00210359 0.997964
1305031121.347540 -0.0563913 -0.106451 0.200572 -0.0233669 -0.0591368 -0.000585985 0.997976
1305031121.383248 -0.0548152 -0.118203 0.205952 -0.0221393 -0.0611633 -0.000602867 0.997882
1305031121.414328 -0.0538498 -0.128168 0.208963 -0.0183605 -0.0605575 -0.00154562 0.997995
1305031121.447024 -0.0548005 -0.132588 0.212738 -0.0158852 -0.0601456 -0.000967031 0.998063
1305031121.483015 -0.0541547 -0.146622 0.217757 -0.0154308 -0.0582579 0.000241911 0.998182
1305031121.514164 -0.0572533 -0.154008 0.214895 -0.0125263 -0.0553678 0.000990583 0.998387
1305031121.546810 -0.0571735 -0.159081 0.216999 -0.0130745 -0.0554923 0.00112809 0.998373
1305031121.583213 -0.0553136 -0.171484 0.222192 -0.0155236 -0.0547864 0.00064237 0.998377
1305031121.614719 -0.055062 -0.179703 0.226022 -0.0146091 -0.0531312 -3.06514e-05 0.998481
1305031121.646966 -0.0538595 -0.185375 0.226843 -0.0135874 -0.0493392 -0.00313282 0.998685
1305031121.683211 -0.0591101 -0.192342 0.229372 -0.0155499 -0.0442262 -0.00463542 0.99889
1305031121.714528 -0.0620877 -0.20262 0.229456 -0.0173405 -0.0424387 -0.00382436 0.998941
1305031121.746484 -0.0611847 -0.20605 0.233457 -0.0186233 -0.0428777 -0.00316447 0.998902
1305031121.782871 -0.0601056 -0.214113 0.238059 -0.0207775 -0.0429427 -0.00111094 0.998861
1305031121.811545 -0.0601824 -0.217735 0.240617 -0.0218092 -0.0416496 0.0003457 0.998894
1305031121.846870 -0.0604135 -0.220751 0.241455 -0.0237302 -0.0398932 0.00316063 0.998917
1305031121.882123 -0.0606501 -0.224562 0.243196 -0.0265755 -0.0397097 0.00938666 0.998814
1305031121.914943 -0.0617538 -0.225547 0.24247 -0.0284382 -0.0409994 0.0118161 0.998684
1305031121.947318 -0.0595694 -0.225138 0.244255 -0.0282268 -0.0436892 0.0112307 0.998583
1305031121.982935 -0.059073 -0.220937 0.243757 -0.0278352 -0.0433936 0.0105288 0.998615
1305031122.014424 -0.0600227 -0.218514 0.242253 -0.0287732 -0.0431188 0.00879843 0.998617
1305031122.046908 -0.0595071 -0.213075 0.239351 -0.0275466 -0.0445472 0.00525698 0.998614
1305031122.082969 -0.0587018 -0.205867 0.237372 -0.0264221 -0.0453027 0.00131949 0.998623
1305031122.114688 -0.0599717 -0.194107 0.232513 -0.0239839 -0.0450966 -0.0022855 0.998692
1305031122.150748 -0.0604701 -0.185367 0.230122 -0.0242473 -0.0452097 -0.0079797 0.998651
1305031122.183052 -0.0604571 -0.174754 0.225316 -0.0220547 -0.0438835 -0.01319 0.998706
1305031122.214969 -0.0631275 -0.152819 0.216685 -0.0216609 -0.0414612 -0.0189543 0.998725
1305031122.251355 -0.0624881 -0.146966 0.217298 -0.0280857 -0.0413112 -0.0220346 0.998508
1305031122.283866 -0.0649463 -0.13481 0.209929 -0.0282435 -0.0412397 -0.0242059 0.998457
1305031122.314309 -0.0686611 -0.107621 0.20282 -0.0293011 -0.0425141 -0.0285952 0.998257
1305031122.351351 -0.0664048 -0.102013 0.202207 -0.0370289 -0.0457587 -0.0301299 0.997811
1305031122.382678 -0.0680064 -0.0893709 0.195776 -0.0414642 -0.0475179 -0.0305142 0.997543
1305031122.415008 -0.0696351 -0.0829536 0.19031 -0.0460573 -0.0511148 -0.0311317 0.997144
1305031122.451272 -0.0718572 -0.0696945 0.184132 -0.0469883 -0.0550376 -0.0298169 0.996932
1305031122.483388 -0.0692921 -0.0616257 0.179057 -0.0508784 -0.0609734 -0.0292655 0.996412
1305031122.515135 -0.0696173 -0.0486718 0.173333 -0.0509632 -0.0643301 -0.0309612 0.996145
1305031122.551510 -0.0651447 -0.0395425 0.168042 -0.053084 -0.0667392 -0.0329184 0.995813
1305031122.583217 -0.0650284 -0.0287412 0.164713 -0.0541646 -0.0656415 -0.033961 0.995793
1305031122.615017 -0.0699542 -0.0207677 0.159829 -0.0550842 -0.0643043 -0.0332998 0.995852
1305031122.648810 -0.0692165 -0.0118249 0.153953 -0.0543715 -0.0664718 -0.0321498 0.995787
1305031122.683420 -0.0709952 0.000705233 0.14891 -0.0531728 -0.0670652 -0.0310296 0.995847
1305031122.715219 -0.0709065 0.0118426 0.144997 -0.05279 -0.0699823 -0.0278047 0.995762
1305031122.751309 -0.0689015 0.0265216 0.140576 -0.0513569 -0.0731408 -0.0275079 0.995619
1305031122.783438 -0.0684903 0.0414656 0.135936 -0.053149 -0.0734806 -0.0286173 0.995468
1305031122.812565 -0.0664884 0.0503109 0.135104 -0.058069 -0.0733184 -0.029528 0.995179
1305031122.851486 -0.0600059 0.0616395 0.133944 -0.0589942 -0.0716614 -0.0307155 0.995209
1305031122.883775 -0.0625437 0.0736528 0.130239 -0.0607388 -0.0647459 -0.0305576 0.995583
1305031122.914585 -0.0679048 0.0762608 0.128004 -0.0662321 -0.0602796 -0.0295693 0.995543
1305031122.951413 -0.0683455 0.0830012 0.125975 -0.0677098 -0.0594799 -0.0278297 0.995542
1305031122.983000 -0.0709214 0.0946688 0.122484 -0.0680114 -0.0587376 -0.0246238 0.99565
1305031123.015462 -0.0693629 0.0999805 0.120324 -0.0710541 -0.060446 -0.0217902 0.995401
1305031123.051838 -0.0695063 0.106841 0.117604 -0.0703003 -0.0596556 -0.0208147 0.995523
1305031123.082992 -0.0688496 0.120751 0.114942 -0.0680857 -0.0591464 -0.0175103 0.995771
1305031123.113939 -0.0705458 0.131654 0.111964 -0.0701238 -0.0573635 -0.0159319 0.99576
1305031123.150840 -0.0703309 0.138701 0.110788 -0.0732951 -0.0568925 -0.0157614 0.995561
1305031123.182176 -0.0673421 0.152937 0.108616 -0.0736507 -0.0560942 -0.0153992 0.995586
1305031123.214724 -0.0679882 0.166073 0.107365 -0.0761704 -0.0508372 -0.0160947 0.995668
1305031123.250641 -0.0661263 0.183564 0.104417 -0.0787285 -0.0479046 -0.0159695 0.995616
1305031123.282363 -0.065595 0.188924 0.106231 -0.0886001 -0.0451197 -0.014077 0.994945
1305031123.320992 -0.0646545 0.198825 0.10629 -0.0930342 -0.0413937 -0.0132336 0.994714
1305031123.350493 -0.0633468 0.206523 0.105506 -0.0981338 -0.0376557 -0.0126796 0.99438
1305031123.382263 -0.0622196 0.218424 0.105199 -0.100901 -0.0332353 -0.00974059 0.994293
1305031123.421343 -0.0637566 0.22442 0.103649 -0.104127 -0.0276099 -0.00813371 0.994147
1305031123.451266 -0.0645007 0.234855 0.102267 -0.105154 -0.0247874 -0.00586334 0.99413
1305031123.483605 -0.0618417 0.243768 0.101381 -0.108933 -0.0241037 -0.00104052 0.993756
1305031123.519725 -0.0622244 0.246967 0.0996513 -0.113591 -0.0218539 0.00199218 0.993285
1305031123.551573 -0.0629629 0.254606 0.0989435 -0.114942 -0.0216189 0.00436804 0.993127
1305031123.579616 -0.0602937 0.262507 0.0969867 -0.116311 -0.0218998 0.00690021 0.992947
1305031123.620387 -0.0591191 0.267483 0.094478 -0.118803 -0.0204615 0.00765691 0.992677
1305031123.652430 -0.0580786 0.276314 0.0943257 -0.121933 -0.0184551 0.00713901 0.992341
1305031123.683785 -0.0561898 0.281499 0.0932257 -0.126156 -0.0153525 0.00831157 0.991857
1305031123.719975 -0.0552302 0.29035 0.0928193 -0.129063 -0.0119816 0.00996659 0.991514
1305031123.751980 -0.0525162 0.297364 0.0917443 -0.130256 -0.0115111 0.0125242 0.991334
1305031123.784138 -0.0521495 0.301131 0.0906369 -0.131052 -0.0119566 0.0143879 0.991199
1305031123.819696 -0.0523844 0.303415 0.0891032 -0.131649 -0.0117654 0.0152987 0.991108
1305031123.851551 -0.051554 0.305446 0.0887215 -0.131817 -0.0123503 0.0178223 0.991037
1305031123.883819 -0.0520719 0.307398 0.0878838 -0.129377 -0.013442 0.0187381 0.991327
1305031123.915794 -0.053823 0.304123 0.088156 -0.127143 -0.0138611 0.0178003 0.991628
1305031123.951530 -0.050358 0.300379 0.0888681 -0.128738 -0.0161887 0.0198342 0.991348
1305031123.983421 -0.0498269 0.306317 0.0898264 -0.124538 -0.0191088 0.0215965 0.991796
1305031124.019737 -0.0521163 0.301829 0.0927376 -0.118334 -0.021957 0.0216881 0.992494
1305031124.051531 -0.0531301 0.288015 0.0943174 -0.119146 -0.0245667 0.0218327 0.992333
1305031124.083902 -0.0523666 0.289633 0.0967303 -0.113875 -0.0278249 0.0222566 0.992856
1305031124.119669 -0.053586 0.284304 0.0997118 -0.10595 -0.0299454 0.0205905 0.993707
1305031124.147458 -0.0544879 0.266767 0.103052 -0.107289 -0.0306689 0.0189685 0.993574
1305031124.182707 -0.0547377 0.257265 0.106161 -0.106807 -0.0316716 0.0174227 0.993623
1305031124.217179 -0.0546486 0.249998 0.110337 -0.0993439 -0.032821 0.0150942 0.994397
1305031124.249340 -0.0540436 0.22933 0.112588 -0.101786 -0.0346015 0.0147348 0.994095
1305031124.282555 -0.0533663 0.208201 0.114579 -0.108356 -0.0390917 0.0139639 0.993245
1305031124.316782 -0.0517561 0.194905 0.12008 -0.105702 -0.0437725 0.0144077 0.993329
1305031124.350371 -0.0516975 0.18654 0.120964 -0.10082 -0.0470052 0.0125347 0.993715
1305031124.382432 -0.0518994 0.178368 0.123239 -0.0965632 -0.0488623 0.0119709 0.994055
1305031124.418555 -0.0506791 0.167162 0.125852 -0.0915253 -0.0508673 0.0109164 0.994443
1305031124.450256 -0.0486881 0.157672 0.128314 -0.0844749 -0.0529909 0.00987455 0.994967
1305031124.480126 -0.0482386 0.141636 0.130884 -0.080625 -0.0543603 0.00755924 0.995232
1305031124.516737 -0.0524421 0.134074 0.130991 -0.0727062 -0.0543155 0.00494695 0.995861
1305031124.550503 -0.0512357 0.124814 0.133423 -0.0682564 -0.0565423 0.00330934 0.996059
1305031124.584606 -0.0525646 0.111252 0.136571 -0.0652097 -0.058626 0.000752072 0.996148
1305031124.617653 -0.0528935 0.0982059 0.139701 -0.0608301 -0.0609472 -0.00166091 0.996284
1305031124.651313 -0.0518927 0.0874388 0.142933 -0.0570236 -0.0636695 -0.00271291 0.996337
1305031124.685473 -0.051138 0.0749468 0.146937 -0.0532046 -0.0656101 -0.00487561 0.996414
1305031124.715791 -0.0496723 0.0635479 0.150648 -0.0491812 -0.0662874 -0.0065853 0.996566
1305031124.749941 -0.0515205 0.0511115 0.154876 -0.0471725 -0.0658691 -0.00862296 0.996675
1305031124.785178 -0.0516716 0.0375714 0.158818 -0.0445846 -0.0671585 -0.00893707 0.996706
1305031124.816641 -0.0525555 0.0269531 0.162213 -0.0422505 -0.0676958 -0.00976487 0.996763
1305031124.850559 -0.0527654 0.0132952 0.168939 -0.0426357 -0.069127 -0.0106005 0.99664
1305031124.883594 -0.0469327 -0.000898896 0.175852 -0.0413607 -0.0713039 -0.0102571 0.996544
1305031124.918770 -0.0472272 -0.00843741 0.178661 -0.0391715 -0.0685374 -0.0104822 0.996824
1305031124.950748 -0.0478676 -0.0196585 0.185958 -0.0419325 -0.0671781 -0.010565 0.996803
1305031124.986460 -0.0490559 -0.0401576 0.194512 -0.043349 -0.06622 -0.0083951 0.996828
1305031125.019467 -0.0546611 -0.0479127 0.197183 -0.0375839 -0.0667196 -0.00775525 0.997034
1305031125.050798 -0.0497646 -0.0538652 0.201792 -0.0349467 -0.070422 -0.00678219 0.996882
1305031125.083480 -0.0493464 -0.0661981 0.207698 -0.0364298 -0.0697543 -0.00345279 0.996893
1305031125.119029 -0.0509401 -0.0783047 0.212051 -0.0359486 -0.0705398 -0.00255102 0.996858
1305031125.151037 -0.049245 -0.0875396 0.215994 -0.0322045 -0.0712594 -0.00450168 0.996928
1305031125.187064 -0.0510031 -0.0901887 0.217495 -0.0312917 -0.0683145 -0.00420097 0.997164
1305031125.219018 -0.0520808 -0.103431 0.222937 -0.0353775 -0.0669297 -0.0039761 0.997122
1305031125.250642 -0.0538413 -0.117525 0.226727 -0.0346465 -0.0665374 -0.00639503 0.997162
1305031125.286396 -0.0556084 -0.122043 0.227775 -0.0311669 -0.0658887 -0.00772776 0.99731
1305031125.319140 -0.0561308 -0.135192 0.231724 -0.0324439 -0.0641227 -0.00733566 0.997388
1305031125.348899 -0.0590213 -0.139006 0.232152 -0.0277752 -0.0620569 -0.0102953 0.997633
1305031125.386792 -0.0554206 -0.142211 0.237444 -0.0269299 -0.0614851 -0.014841 0.997634
1305031125.419574 -0.0562451 -0.148066 0.241924 -0.0272605 -0.0551854 -0.0153611 0.997986
1305031125.451232 -0.0574454 -0.155377 0.244553 -0.0307043 -0.0496958 -0.0170589 0.998147
1305031125.486999 -0.0577346 -0.164014 0.247129 -0.0306524 -0.0456314 -0.0187406 0.998312
1305031125.519354 -0.0607822 -0.165714 0.246619 -0.0300604 -0.0409888 -0.0200428 0.998506
1305031125.551050 -0.0608359 -0.167429 0.247946 -0.0306167 -0.0379229 -0.0214715 0.998581
1305031125.585303 -0.0604635 -0.169648 0.249088 -0.0320271 -0.0345727 -0.0239369 0.998602
1305031125.617870 -0.0610326 -0.176004 0.250285 -0.032403 -0.0311681 -0.0239883 0.998701
1305031125.650354 -0.0640895 -0.179992 0.24485 -0.0291663 -0.0301831 -0.0207337 0.998904
1305031125.684602 -0.0708506 -0.17199 0.238055 -0.0238504 -0.0321008 -0.0198903 0.999002
1305031125.715669 -0.0641097 -0.173028 0.237976 -0.0231159 -0.0398263 -0.01755 0.998785
1305031125.751292 -0.0649962 -0.1587 0.232509 -0.0159565 -0.0415659 -0.017446 0.998856
1305031125.786805 -0.0634906 -0.151292 0.229872 -0.0158494 -0.0428905 -0.0203509 0.998747
1305031125.819450 -0.0618849 -0.141132 0.225823 -0.0149835 -0.0426384 -0.0213677 0.99875
1305031125.854774 -0.0620199 -0.134089 0.222711 -0.0172011 -0.0411364 -0.0234055 0.998731
1305031125.886645 -0.0644549 -0.125816 0.21699 -0.017251 -0.0409636 -0.023892 0.998726
1305031125.919334 -0.0678705 -0.110207 0.210761 -0.0190564 -0.0432228 -0.0222501 0.998636
1305031125.955252 -0.0685021 -0.109929 0.205957 -0.0250116 -0.0497723 -0.0197453 0.998252
1305031125.987094 -0.0661841 -0.0945294 0.203179 -0.0236957 -0.057824 -0.0162759 0.997913
1305031126.019572 -0.0622633 -0.0786064 0.203149 -0.0245931 -0.0647736 -0.0153979 0.997478
1305031126.055038 -0.0558559 -0.0619385 0.202177 -0.0258978 -0.0677851 -0.01443 0.997259
1305031126.087076 -0.0561905 -0.049705 0.198519 -0.0299132 -0.0659892 -0.014993 0.997259
1305031126.119452 -0.0520853 -0.040739 0.199061 -0.0347425 -0.0667186 -0.0139453 0.997069
1305031126.155000 -0.0535897 -0.0224901 0.196033 -0.0350139 -0.0647865 -0.012563 0.997206
1305031126.187174 -0.0564729 -0.00764804 0.191189 -0.0404607 -0.0636415 -0.0129863 0.997068
1305031126.219473 -0.0516221 -0.00149036 0.19111 -0.0469653 -0.0656484 -0.0116939 0.996668
1305031126.255236 -0.0476097 0.0160269 0.189474 -0.0481844 -0.0659805 -0.0107945 0.996598
1305031126.287105 -0.0465536 0.0281598 0.186833 -0.0523043 -0.0643986 -0.0121881 0.996478
1305031126.319787 -0.0450195 0.0460164 0.183407 -0.0541502 -0.0616639 -0.0139324 0.99653
1305031126.355415 -0.0458261 0.0537667 0.181874 -0.0600664 -0.0574608 -0.0149413 0.996427
1305031126.387483 -0.0479989 0.0654845 0.178649 -0.0631821 -0.0538441 -0.0167376 0.996408
1305031126.419793 -0.0477836 0.078367 0.176017 -0.0667556 -0.0525014 -0.0183685 0.996218
1305031126.455380 -0.0504567 0.0858333 0.174106 -0.0716719 -0.0499491 -0.017702 0.99602
1305031126.490386 -0.0519128 0.0948951 0.170648 -0.0743143 -0.0496541 -0.0143209 0.995895
1305031126.522321 -0.0503458 0.110823 0.165582 -0.0752303 -0.0519354 -0.0125604 0.995734
1305031126.558209 -0.0475361 0.120591 0.16472 -0.0808819 -0.0531867 -0.0128311 0.995221
1305031126.590176 -0.0470906 0.129046 0.161735 -0.0851655 -0.0507888 -0.0108489 0.995012
1305031126.618687 -0.0473402 0.137969 0.160493 -0.0898481 -0.0486739 -0.00942929 0.994721
1305031126.654474 -0.0432756 0.13974 0.159461 -0.0958068 -0.0484409 -0.00727509 0.994194
1305031126.690022 -0.0447541 0.147975 0.157438 -0.0964185 -0.0453241 -0.00312335 0.994303
1305031126.715770 -0.0443842 0.155053 0.155143 -0.0985114 -0.0435249 -0.000237534 0.994184
1305031126.755374 -0.0433315 0.156387 0.153037 -0.100865 -0.0418417 0.00280219 0.994016
1305031126.787565 -0.0418716 0.164525 0.150527 -0.0989833 -0.041315 0.00541076 0.994216
1305031126.819929 -0.0406708 0.169998 0.148469 -0.0980885 -0.0391163 0.00562563 0.994393
1305031126.858378 -0.0372511 0.172222 0.146016 -0.0990819 -0.0366209 0.00639304 0.994385
1305031126.888154 -0.039467 0.173765 0.144059 -0.100289 -0.0334087 0.00735775 0.99437
1305031126.919409 -0.037497 0.175847 0.143216 -0.100039 -0.0319067 0.0064746 0.994451
1305031126.955501 -0.0375987 0.175949 0.140594 -0.101457 -0.0308135 0.00846319 0.994327
1305031126.987316 -0.0372708 0.173063 0.140381 -0.103365 -0.0316217 0.00960946 0.994094
1305031127.019524 -0.0371259 0.171759 0.139852 -0.102423 -0.0323818 0.00963662 0.994167
1305031127.053318 -0.0356384 0.174268 0.13929 -0.10053 -0.0334626 0.0108543 0.994312
1305031127.088649 -0.0374221 0.172526 0.139584 -0.101375 -0.0331674 0.0110214 0.994234
1305031127.120963 -0.0403615 0.169303 0.139088 -0.101954 -0.0341083 0.0122369 0.994129
1305031127.157692 -0.0383759 0.164344 0.140323 -0.102284 -0.0385492 0.0123809 0.993931
1305031127.187500 -0.0395373 0.167726 0.140835 -0.097727 -0.0409153 0.0119663 0.9943
1305031127.221831 -0.0362562 0.163649 0.143206 -0.0983573 -0.0438641 0.0123118 0.994108
1305031127.259761 -0.0343353 0.157747 0.144678 -0.0979232 -0.0449119 0.0114644 0.994114
1305031127.287038 -0.0375289 0.159397 0.144258 -0.0940002 -0.0436106 0.0097107 0.994569
1305031127.320468 -0.037844 0.154959 0.146402 -0.095408 -0.0447246 0.0094483 0.994388
1305031127.353407 -0.0376893 0.147809 0.149087 -0.095157 -0.0464525 0.00907048 0.994336
1305031127.383713 -0.0396897 0.149612 0.149261 -0.0908766 -0.0467357 0.00860134 0.994728
1305031127.419650 -0.0399413 0.147467 0.150722 -0.0908161 -0.0479621 0.00789172 0.994681
1305031127.454246 -0.0389958 0.14078 0.154097 -0.0918104 -0.0499455 0.00776827 0.994493
1305031127.487200 -0.040445 0.143425 0.154131 -0.0883331 -0.0504409 0.00692805 0.994789
1305031127.521900 -0.0407352 0.142287 0.155395 -0.0893652 -0.0515338 0.00608616 0.994646
1305031127.553725 -0.039597 0.13637 0.158989 -0.0906908 -0.053217 0.00577556 0.994439
1305031127.586632 -0.0421789 0.13763 0.159126 -0.0882246 -0.05255 0.00558467 0.994698
1305031127.620657 -0.0416885 0.1396 0.16029 -0.0874648 -0.0534962 0.0054233 0.994715
1305031127.654656 -0.0404055 0.133846 0.16108 -0.0902099 -0.0542963 0.00694308 0.994417
1305031127.687110 -0.0405861 0.133769 0.162513 -0.0882568 -0.0547934 0.00776204 0.994559
1305031127.723210 -0.0421071 0.13488 0.161527 -0.0872369 -0.0549313 0.00701829 0.994647
1305031127.754694 -0.0411743 0.131635 0.163642 -0.0893864 -0.0557296 0.00731849 0.99441
1305031127.787641 -0.0407013 0.130275 0.163854 -0.0882311 -0.0562789 0.00724732 0.994482
1305031127.820128 -0.0432411 0.132317 0.163025 -0.0858369 -0.0555479 0.00608918 0.994741
1305031127.855132 -0.0418685 0.13063 0.164415 -0.0867601 -0.0564602 0.00563861 0.994612
1305031127.887122 -0.0436399 0.128689 0.163216 -0.0871411 -0.0560794 0.00459452 0.994606
1305031127.922560 -0.045247 0.129048 0.16338 -0.0866058 -0.0563567 0.00479263 0.994636
1305031127.955088 -0.0449202 0.130287 0.163475 -0.0868772 -0.0574243 0.00499794 0.99455
1305031127.987093 -0.0439691 0.13005 0.16583 -0.0882527 -0.0587773 0.00472677 0.994351
1305031128.021776 -0.0430559 0.130886 0.167562 -0.0888048 -0.0592395 0.00434233 0.994276
1305031128.055718 -0.0409539 0.125872 0.170551 -0.093279 -0.0591263 0.00593648 0.993865
1305031128.087206 -0.0425959 0.124022 0.172569 -0.0931817 -0.0580861 0.00634587 0.993933
1305031128.124746 -0.0429883 0.122926 0.173242 -0.0926804 -0.0581355 0.00713269 0.993972
1305031128.157782 -0.0422626 0.122883 0.17493 -0.0932332 -0.0585048 0.00863608 0.993886
1305031128.187221 -0.0412486 0.117871 0.176879 -0.0941947 -0.0587283 0.00965382 0.993773
1305031128.225442 -0.0418916 0.120598 0.175356 -0.0908314 -0.0583911 0.0101081 0.994102
1305031128.256007 -0.0421639 0.120786 0.175894 -0.0912285 -0.0589185 0.0107716 0.994027
1305031128.291275 -0.0415612 0.118328 0.177825 -0.0917999 -0.0596097 0.0105247 0.993936
1305031128.324170 -0.0422438 0.11906 0.176491 -0.0902007 -0.0592032 0.0097397 0.994115
1305031128.355206 -0.0424292 0.119547 0.176453 -0.0900047 -0.0594343 0.008939 0.994126
1305031128.391397 -0.0437867 0.117151 0.176798 -0.0909874 -0.0593076 0.00734777 0.994057
1305031128.423609 -0.0441437 0.117422 0.176479 -0.0898622 -0.0591023 0.00608573 0.99418
1305031128.455499 -0.0435818 0.117192 0.176481 -0.0896361 -0.0596442 0.0052565 0.994173
1305031128.489523 -0.0451486 0.115687 0.176782 -0.0902307 -0.0592881 0.00386124 0.994147
1305031128.523604 -0.0435868 0.114878 0.176878 -0.0898994 -0.059806 0.00331713 0.994148
1305031128.555639 -0.0440048 0.113093 0.176592 -0.0904674 -0.0589769 0.00243692 0.994149
1305031128.591460 -0.0446919 0.11197 0.176667 -0.0900789 -0.0581723 0.00215809 0.994232
1305031128.623368 -0.0446164 0.110853 0.176334 -0.0891468 -0.0584586 0.00274048 0.994298
1305031128.655554 -0.0465929 0.111683 0.175158 -0.0882418 -0.0587551 0.00323021 0.994359
1305031128.690449 -0.0465221 0.110226 0.17568 -0.0881393 -0.0602413 0.00239103 0.994282
1305031128.722976 -0.0449346 0.110967 0.175239 -0.0864705 -0.06079 0.00133868 0.994397
1305031128.754646 -0.0446188 0.110102 0.174965 -0.0862559 -0.0600179 0.000646708 0.994463
