1305031790.640468 0 0 0 0 0 0 1
1305031790.672866 0.00416654 0.00871846 0.00180202 -0.00926722 0.000350833 0.00326779 0.999952
1305031790.709421 0.00894453 0.015692 0.00374096 -0.0196873 0.000173525 0.00630421 0.999786
1305031790.739530 0.0141035 0.0207788 0.00522792 -0.0293633 0.000436672 0.0102036 0.999517
1305031790.773548 0.0199403 0.0289219 0.00524759 -0.0374833 0.00142007 0.0166355 0.999158
1305031790.809521 0.0260683 0.0376944 0.00648773 -0.047701 0.00234565 0.0239634 0.998571
1305031790.839363 0.0332911 0.0431821 0.00693135 -0.0606029 0.00310973 0.0310831 0.997673
1305031790.871606 0.0391675 0.0470986 0.0089511 -0.0720025 0.00556546 0.037189 0.996695
1305031790.909436 0.0448006 0.050246 0.008625 -0.081368 0.0101165 0.0452214 0.995606
1305031790.941495 0.0486959 0.054686 0.0090499 -0.0873024 0.0158785 0.0530284 0.994643
1305031790.973696 0.051721 0.0585601 0.00824374 -0.0907973 0.0216202 0.0635484 0.993605
1305031791.009486 0.0519837 0.0590771 0.00824039 -0.0895977 0.0277742 0.0745508 0.992796
1305031791.041197 0.0559232 0.0577694 0.0028353 -0.0811907 0.0347181 0.0863581 0.992343
1305031791.073525 0.0611256 0.0537061 -0.000205679 -0.07054 0.0442661 0.0941919 0.992065
1305031791.109452 0.0631538 0.0539015 -0.0070501 -0.0529816 0.0577375 0.103413 0.991547
1305031791.141330 0.0684391 0.0467599 -0.0195186 -0.0301094 0.074233 0.108346 0.99088
1305031791.173227 0.0694979 0.0473035 -0.0256156 -0.00360592 0.0948177 0.110586 0.989327
1305031791.209506 0.0683906 0.0372742 -0.0329745 0.021546 0.116226 0.111032 0.986762
1305031791.241091 0.0690777 0.0302292 -0.0497467 0.0501298 0.136887 0.110713 0.983103
1305031791.273558 0.0700935 0.0283658 -0.0600904 0.0753541 0.156308 0.114662 0.978132
1305031791.309764 0.0630752 0.0226473 -0.0633721 0.103434 0.179325 0.117884 0.971209
1305031791.341415 0.0561363 0.0191769 -0.0721526 0.131811 0.200325 0.119447 0.963446
1305031791.373525 0.0552315 0.0156806 -0.0758819 0.15532 0.217651 0.125532 0.955377
1305031791.409609 0.060619 0.00773453 -0.08694 0.179865 0.229385 0.131801 0.947449
1305031791.441538 0.049473 0.00808949 -0.0903566 0.20862 0.242097 0.138338 0.937406
1305031791.473230 0.0424709 0.00215941 -0.0976618 0.230081 0.252259 0.145207 0.928624
1305031791.509595 0.0415938 -0.0149366 -0.102652 0.247563 0.258834 0.149597 0.921595
1305031791.541450 0.0288565 -0.0308086 -0.114869 0.265306 0.266768 0.149842 0.914328
1305031791.574034 0.0371361 -0.0476375 -0.127831 0.278814 0.271166 0.1518 0.908674
1305031791.609401 0.0292846 -0.0662134 -0.14171 0.29052 0.278206 0.152269 0.902781
1305031791.641229 0.0136223 -0.0416422 -0.125927 0.314439 0.287382 0.142611 0.893421
1305031791.677621 0.0173883 -0.0697258 -0.147839 0.329227 0.291905 0.144534 0.88629
1305031791.709275 -0.0181713 -0.0634551 -0.138155 0.352313 0.306969 0.139792 0.872986
1305031791.741364 -0.0305384 -0.0667071 -0.140396 0.371094 0.317815 0.137386 0.861631
1305031791.776668 -0.0320868 -0.0677772 -0.143841 0.389503 0.326744 0.133941 0.850638
1305031791.808429 -0.0397294 -0.0737531 -0.159722 0.406567 0.33663 0.131703 0.83907
1305031791.840375 -0.0419998 -0.0747071 -0.168142 0.424115 0.345951 0.129368 0.826867
1305031791.876494 -0.0696513 -0.0346585 -0.10201 0.455109 0.364521 0.121103 0.803327
1305031791.908433 -0.0805515 -0.0427275 -0.123329 0.466466 0.371274 0.121603 0.793585
1305031791.944357 -0.0914735 -0.0488951 -0.137117 0.479418 0.375883 0.121265 0.783687
1305031791.977200 -0.102106 -0.0532923 -0.129245 0.49515 0.382674 0.119483 0.770786
1305031792.005506 -0.103152 -0.0511678 -0.140979 0.507173 0.386605 0.114494 0.761711
1305031792.041730 -0.111063 -0.0602313 -0.149213 0.517801 0.392101 0.10987 0.752374
1305031792.076713 -0.125771 -0.0672131 -0.151263 0.524986 0.397931 0.105725 0.744891
1305031792.109497 -0.148063 -0.0834267 -0.167656 0.527158 0.403644 0.10654 0.740152
1305031792.141484 -0.142975 -0.0823073 -0.162774 0.536589 0.405141 0.102976 0.733027
1305031792.177376 -0.154622 -0.0944555 -0.173364 0.539076 0.4081 0.102143 0.72967
1305031792.209274 -0.151368 -0.0849054 -0.171171 0.544918 0.411172 0.0951007 0.724539
1305031792.241751 -0.158647 -0.088588 -0.159987 0.549774 0.416458 0.0910092 0.718352
1305031792.277507 -0.217608 -0.149131 -0.215123 0.535136 0.422788 0.102952 0.724072
1305031792.309357 -0.219061 -0.146274 -0.215871 0.535784 0.422253 0.101995 0.724041
1305031792.341029 -0.216169 -0.136846 -0.199272 0.536307 0.421941 0.101042 0.723969
1305031792.377088 -0.210385 -0.131864 -0.196269 0.531339 0.420918 0.103802 0.727827
1305031792.409323 -0.211349 -0.134293 -0.199184 0.522285 0.420568 0.110995 0.733499
1305031792.441590 -0.198219 -0.119866 -0.183369 0.51757 0.418308 0.114976 0.737509
1305031792.477100 -0.189869 -0.113314 -0.183941 0.508874 0.41332 0.124146 0.74485
1305031792.509589 -0.163812 -0.0906577 -0.180076 0.501829 0.405519 0.130261 0.752831
1305031792.541061 -0.159875 -0.085075 -0.158661 0.491749 0.403672 0.140095 0.758687
1305031792.577055 -0.136534 -0.0654549 -0.163843 0.478278 0.398424 0.145662 0.768954
1305031792.609388 -0.128028 -0.0553711 -0.155718 0.464049 0.397265 0.154284 0.776553
1305031792.641219 -0.116736 -0.0471835 -0.154698 0.448421 0.397047 0.160723 0.784501
1305031792.677662 -0.148735 -0.0669732 -0.176047 0.424046 0.400603 0.176188 0.792881
1305031792.709219 -0.141818 -0.0608364 -0.170443 0.408186 0.400532 0.182841 0.799705
1305031792.741510 -0.146098 -0.0634574 -0.163759 0.391109 0.401557 0.191002 0.805794
1305031792.777507 -0.13685 -0.0486814 -0.154734 0.378186 0.398529 0.197265 0.811934
1305031792.809440 -0.138778 -0.0511525 -0.173561 0.357323 0.395162 0.209716 0.81987
1305031792.845359 -0.129927 -0.0425041 -0.169593 0.343087 0.393107 0.217855 0.824801
1305031792.877574 -0.12218 -0.0291804 -0.159562 0.330734 0.392274 0.224575 0.828434
1305031792.909293 -0.113418 -0.0160513 -0.153939 0.318932 0.389397 0.23413 0.831767
1305031792.945340 -0.0678562 0.049908 -0.112635 0.320068 0.381023 0.23684 0.834437
1305031792.977564 -0.0656431 0.0571705 -0.099427 0.308325 0.376834 0.249309 0.837124
1305031793.009530 -0.0590605 0.0720393 -0.0921539 0.296778 0.370807 0.260973 0.840428
1305031793.045243 -0.0536574 0.0812134 -0.085654 0.28606 0.367068 0.271325 0.842504
1305031793.077518 -0.0452267 0.0919492 -0.0732113 0.277678 0.365577 0.280603 0.842918
1305031793.109651 -0.0408546 0.100243 -0.0693784 0.267245 0.366549 0.289909 0.842719
1305031793.145401 -0.0337159 0.11607 -0.0662711 0.259069 0.368425 0.296843 0.842039
1305031793.177537 -0.0293055 0.123202 -0.0638001 0.249465 0.371574 0.30405 0.840984
1305031793.209609 -0.0254356 0.129659 -0.0582581 0.239561 0.375574 0.311571 0.839332
1305031793.245617 -0.00371735 0.160221 -0.0580961 0.232253 0.375452 0.314619 0.840303
1305031793.277180 -0.000595079 0.175365 -0.0488653 0.224001 0.379006 0.320522 0.838715
1305031793.309399 0.00268516 0.182907 -0.042643 0.214474 0.382215 0.32817 0.83679
1305031793.345594 0.00710401 0.182023 -0.044132 0.203199 0.383296 0.338144 0.835137
1305031793.377232 0.0101852 0.196782 -0.0339028 0.195968 0.384064 0.345788 0.83338
1305031793.405708 0.0112933 0.205865 -0.0211391 0.188276 0.385509 0.353604 0.831203
1305031793.442259 0.019058 0.207314 -0.0191742 0.177317 0.386123 0.36217 0.829639
1305031793.474150 0.0170694 0.216068 -0.00790087 0.169114 0.388165 0.371497 0.826268
1305031793.507244 0.00829012 0.2694 0.0257976 0.17276 0.389598 0.377758 0.821989
1305031793.545400 0.00984433 0.272302 0.03783 0.163926 0.390533 0.387789 0.818677
1305031793.577186 0.0110899 0.27829 0.049219 0.155706 0.390398 0.399339 0.814784
1305031793.609703 0.00975917 0.285821 0.0618141 0.148552 0.38966 0.41319 0.80955
1305031793.645429 0.00828485 0.284721 0.0731283 0.139388 0.388938 0.426376 0.804675
1305031793.677435 0.00395781 0.297064 0.0957582 0.133668 0.389103 0.436713 0.800009
1305031793.709532 0.00510237 0.299489 0.100273 0.123909 0.38606 0.449447 0.795991
1305031793.745574 0.00773568 0.300272 0.106355 0.11453 0.382728 0.462122 0.791736
1305031793.777364 0.00892357 0.305942 0.11744 0.105938 0.379842 0.472825 0.787994
1305031793.809469 0.0110135 0.304332 0.126939 0.0954371 0.378012 0.483353 0.783816
1305031793.844756 0.0180781 0.307213 0.129267 0.0868026 0.374907 0.492978 0.780309
1305031793.876455 0.0229205 0.32703 0.138023 0.0840448 0.371642 0.501915 0.776466
1305031793.908753 0.0221668 0.328499 0.144973 0.078742 0.371316 0.511325 0.771019
1305031793.946431 0.0227548 0.32526 0.14907 0.0721929 0.370025 0.519268 0.766962
1305031793.976745 0.0280267 0.331187 0.149344 0.0677065 0.366544 0.526457 0.764136
1305031794.009162 0.0318316 0.326006 0.149576 0.0614649 0.365404 0.534395 0.759687
1305031794.044747 0.0276977 0.329141 0.155273 0.0604855 0.367176 0.538867 0.755742
1305031794.076455 0.0307521 0.330902 0.15217 0.0590011 0.366938 0.543755 0.752466
1305031794.112475 0.037761 0.329281 0.148067 0.0574996 0.365293 0.548353 0.750042
1305031794.145599 0.0442034 0.32851 0.143457 0.0580761 0.36485 0.551706 0.747752
1305031794.177734 0.0478329 0.327079 0.135846 0.0596867 0.366549 0.552275 0.746372
1305031794.213866 0.0567488 0.325224 0.12937 0.0625565 0.369272 0.552502 0.744625
1305031794.245539 0.0703859 0.321304 0.117526 0.0660925 0.372432 0.551842 0.743234
1305031794.277346 0.0743491 0.312968 0.107215 0.0723878 0.379736 0.54856 0.741379
1305031794.313708 0.0709152 0.305929 0.101697 0.0807922 0.39016 0.54328 0.738982
1305031794.345350 0.0747629 0.285987 0.0872215 0.0858133 0.399786 0.538104 0.737056
1305031794.377641 0.0787429 0.28683 0.0784416 0.0986874 0.408346 0.530195 0.736483
1305031794.414154 0.0683772 0.274727 0.0741619 0.107497 0.421126 0.51971 0.735527
1305031794.445415 0.0664791 0.260293 0.0657749 0.11362 0.430463 0.511834 0.734723
1305031794.477731 0.0668555 0.260609 0.0488075 0.126276 0.434718 0.507369 0.733247
1305031794.513643 0.0618869 0.259322 0.0394264 0.140489 0.441456 0.50147 0.730689
1305031794.545650 0.0606972 0.245319 0.0284827 0.149182 0.449282 0.49582 0.728047
1305031794.577340 0.0623074 0.241658 0.0124908 0.15947 0.45652 0.491828 0.724061
1305031794.613627 0.0601251 0.233493 0.00159595 0.169065 0.468182 0.485551 0.718653
1305031794.645569 0.060571 0.244707 -0.0154511 0.182019 0.478648 0.478973 0.712986
1305031794.677507 0.0554975 0.234855 -0.0241526 0.189861 0.495769 0.471361 0.704262
1305031794.713599 0.0615633 0.23717 -0.0413465 0.19772 0.509719 0.465239 0.696165
1305031794.745368 0.0496878 0.223326 -0.036157 0.207019 0.534094 0.45633 0.680918
1305031794.776816 0.0477232 0.221887 -0.0540084 0.216321 0.555675 0.446609 0.667062
1305031794.813463 0.0459966 0.218966 -0.0677638 0.226168 0.578376 0.435907 0.651394
1305031794.846026 0.0372852 0.216002 -0.0732005 0.23556 0.601472 0.422468 0.635817
1305031794.873764 0.0350421 0.198803 -0.089686 0.240432 0.623007 0.408468 0.622261
1305031794.910108 0.0266603 0.185848 -0.106723 0.249648 0.641307 0.397548 0.606925
1305031794.945596 0.01954 0.179885 -0.121882 0.258086 0.657663 0.384708 0.59403
1305031794.977250 0.0117859 0.1778 -0.123729 0.265108 0.673418 0.37196 0.581268
1305031795.013538 -0.00115949 0.171815 -0.142063 0.271603 0.68359 0.364608 0.570962
1305031795.045683 -0.00664116 0.166545 -0.149904 0.27577 0.692858 0.358807 0.561388
1305031795.077205 -0.0136701 0.166205 -0.163701 0.27905 0.698681 0.356207 0.554159
1305031795.113230 -0.0174042 0.163802 -0.179529 0.28601 0.706525 0.351013 0.543884
1305031795.145139 -0.0238959 0.149567 -0.19146 0.293402 0.717769 0.341339 0.531235
1305031795.177574 -0.0348804 0.15042 -0.18531 0.304475 0.729337 0.330441 0.515918
1305031795.213517 -0.0392394 0.14953 -0.188392 0.314109 0.737659 0.323948 0.502247
1305031795.245440 -0.0521002 0.14075 -0.213358 0.321568 0.74231 0.319804 0.49325
1305031795.277594 -0.0635751 0.134416 -0.229517 0.328289 0.747259 0.314666 0.484577
1305031795.312820 -0.070288 0.127155 -0.236975 0.333252 0.754362 0.308545 0.474005
1305031795.345404 -0.0806516 0.11861 -0.255819 0.335203 0.761635 0.302396 0.464875
1305031795.381033 -0.0900427 0.111733 -0.259309 0.335998 0.771833 0.295118 0.451979
1305031795.413248 -0.0844335 0.101379 -0.249967 0.335866 0.784758 0.289182 0.43327
1305031795.444944 -0.096308 0.109284 -0.274435 0.33435 0.792167 0.28572 0.423138
1305031795.480855 -0.0921811 0.128828 -0.26127 0.339557 0.799653 0.281256 0.407618
1305031795.509058 -0.100325 0.127356 -0.271102 0.339217 0.806179 0.279503 0.396087
1305031795.543822 -0.102791 0.119892 -0.285515 0.337727 0.811588 0.279929 0.385882
1305031795.580571 -0.111456 0.123625 -0.29381 0.335943 0.817279 0.276421 0.377873
1305031795.612694 -0.0941127 0.123419 -0.262031 0.335641 0.826893 0.269683 0.361752
1305031795.644499 -0.123607 0.104245 -0.336176 0.326363 0.82895 0.272202 0.363641
1305031795.680455 -0.118994 0.101426 -0.326013 0.326444 0.835934 0.26735 0.350959
1305031795.713145 -0.122776 0.0996194 -0.328342 0.324931 0.839728 0.266938 0.343541
1305031795.745356 -0.126856 0.110268 -0.329442 0.320957 0.841896 0.269378 0.340047
1305031795.781187 -0.110681 0.0984111 -0.323666 0.311902 0.845945 0.277347 0.331924
1305031795.812774 -0.103275 0.112629 -0.318199 0.307947 0.847602 0.285039 0.324796
1305031795.844570 -0.101404 0.128353 -0.321661 0.304622 0.845614 0.297496 0.32193
1305031795.880527 -0.0856401 0.129925 -0.299097 0.30076 0.84384 0.312051 0.316389
1305031795.909127 -0.0848389 0.157815 -0.306996 0.298372 0.838536 0.325294 0.319398
1305031795.944316 -0.0595481 0.13885 -0.29028 0.29105 0.836708 0.341307 0.314195
1305031795.980897 -0.0589739 0.161839 -0.293188 0.284991 0.831274 0.356828 0.316919
1305031796.012654 -0.0693856 0.169804 -0.324612 0.271612 0.825756 0.374401 0.322767
1305031796.045068 -0.0604376 0.178417 -0.320145 0.266313 0.820896 0.390728 0.320216
1305031796.081241 -0.0484258 0.175956 -0.318293 0.259281 0.814558 0.409563 0.318633
1305031796.113736 -0.0401836 0.183574 -0.318546 0.253542 0.806658 0.428539 0.318391
1305031796.145545 -0.0328322 0.199021 -0.310828 0.248045 0.800153 0.44407 0.317853
1305031796.179196 -0.027429 0.21582 -0.302209 0.24373 0.794385 0.457979 0.315916
1305031796.212249 -0.0194689 0.216314 -0.30526 0.236901 0.787012 0.475996 0.312918
1305031796.244465 -0.0151901 0.229871 -0.306163 0.230083 0.781595 0.490143 0.309725
1305031796.280467 -0.011883 0.230199 -0.307301 0.225862 0.776225 0.504959 0.302454
1305031796.312376 -0.00890044 0.231226 -0.291967 0.219744 0.77177 0.517831 0.296539
1305031796.342290 -0.00727963 0.237948 -0.286173 0.214506 0.764633 0.532224 0.293362
1305031796.380122 -0.0310347 0.265277 -0.296067 0.208704 0.758227 0.541697 0.296813
1305031796.411800 -0.029055 0.271534 -0.281722 0.204466 0.752372 0.553541 0.292785
1305031796.444268 -0.0279327 0.273802 -0.275497 0.199408 0.743688 0.568421 0.289935
1305031796.481198 -0.0260218 0.276662 -0.272807 0.193874 0.736565 0.580383 0.288169
1305031796.512896 -0.0260554 0.284278 -0.259941 0.188592 0.731635 0.589149 0.28644
1305031796.544633 -0.0264301 0.287302 -0.250269 0.181703 0.724617 0.601048 0.283999
1305031796.581150 -0.0249373 0.28865 -0.244642 0.17656 0.716888 0.613237 0.280781
1305031796.613198 -0.0256174 0.291551 -0.231318 0.172947 0.708951 0.624339 0.278708
1305031796.649045 -0.0279556 0.297426 -0.220223 0.17054 0.698152 0.636803 0.27925
1305031796.679446 -0.0324031 0.307059 -0.214521 0.167679 0.686657 0.648717 0.282051
1305031796.712815 -0.031187 0.307598 -0.211974 0.164026 0.675677 0.661364 0.281343
1305031796.749489 -0.0351985 0.313554 -0.195393 0.161807 0.668171 0.669776 0.280651
1305031796.781421 -0.0382366 0.318672 -0.183952 0.159276 0.658996 0.679593 0.280195
1305031796.813561 -0.0407871 0.324467 -0.177442 0.157757 0.648084 0.690734 0.279261
1305031796.849638 -0.0438788 0.329712 -0.168485 0.15759 0.6388 0.699879 0.277974
1305031796.877643 -0.0481351 0.333008 -0.157198 0.156815 0.629551 0.708229 0.278364
1305031796.913380 -0.0524495 0.338929 -0.146012 0.155488 0.618294 0.717834 0.279732
1305031796.949604 -0.0562094 0.347415 -0.139323 0.155707 0.607164 0.727088 0.280088
1305031796.980992 -0.0603905 0.348823 -0.129511 0.154162 0.598046 0.734824 0.280373
1305031797.013555 -0.064586 0.354882 -0.120024 0.152326 0.589354 0.742307 0.280069
1305031797.049352 -0.0693419 0.360229 -0.111467 0.148557 0.581736 0.749025 0.280134
1305031797.081428 -0.0735755 0.361701 -0.103025 0.145274 0.574723 0.755534 0.278848
1305031797.112264 -0.0784581 0.363853 -0.096415 0.141614 0.567183 0.762196 0.278041
1305031797.149559 -0.0833455 0.365095 -0.0901769 0.139703 0.55914 0.769301 0.275719
1305031797.181442 -0.0900853 0.369994 -0.0841724 0.140327 0.549952 0.776812 0.27281
1305031797.213717 -0.0944065 0.373755 -0.0806753 0.141364 0.539593 0.784666 0.270472
1305031797.249736 -0.0999477 0.376838 -0.0753708 0.142451 0.528691 0.791925 0.270273
1305031797.281280 -0.107053 0.379601 -0.0702542 0.144404 0.518903 0.797938 0.270523
1305031797.313591 -0.113961 0.380583 -0.0628774 0.145365 0.51225 0.801727 0.271481
1305031797.349653 -0.118976 0.383715 -0.0582477 0.144983 0.505838 0.806049 0.270912
1305031797.381725 -0.124902 0.385628 -0.0549464 0.144509 0.499938 0.810363 0.269242
1305031797.413444 -0.130229 0.388075 -0.0524599 0.144776 0.494666 0.814277 0.267018
1305031797.449459 -0.134505 0.38999 -0.0528516 0.145263 0.490459 0.817461 0.264775
1305031797.481250 -0.138979 0.395997 -0.0535229 0.147456 0.486585 0.820066 0.262648
1305031797.511821 -0.144607 0.399069 -0.0521504 0.149881 0.484416 0.821554 0.260626
1305031797.549595 -0.144611 0.412665 -0.0749747 0.151598 0.478529 0.824859 0.260071
1305031797.577492 -0.150892 0.422591 -0.0862069 0.156044 0.481767 0.822457 0.259068
1305031797.613482 -0.155079 0.429561 -0.0955896 0.160766 0.489321 0.818788 0.253586
1305031797.649463 -0.158266 0.430631 -0.105814 0.164468 0.500287 0.813603 0.246401
1305031797.681494 -0.160524 0.43804 -0.117277 0.16824 0.512983 0.806355 0.241527
1305031797.711478 -0.162954 0.429436 -0.112268 0.168052 0.533246 0.794739 0.236214
1305031797.749330 -0.166246 0.411422 -0.112341 0.163736 0.554992 0.782333 0.230497
1305031797.781348 -0.17314 0.397827 -0.0902237 0.161662 0.579105 0.767502 0.222357
1305031797.815855 -0.173972 0.401416 -0.100366 0.159148 0.591717 0.760401 0.215253
1305031797.849306 -0.179382 0.408378 -0.113577 0.156832 0.604697 0.751292 0.212852
1305031797.877576 -0.183054 0.404757 -0.125106 0.155317 0.620316 0.741235 0.204096
1305031797.917116 -0.184829 0.400828 -0.132121 0.155059 0.636901 0.730306 0.192268
1305031797.949871 -0.185616 0.397581 -0.152596 0.154162 0.651101 0.721054 0.179953
1305031797.981971 -0.189772 0.394598 -0.162539 0.154111 0.668873 0.707235 0.169345
1305031798.015269 -0.196261 0.391643 -0.173793 0.153864 0.685824 0.693663 0.157489
1305031798.049495 -0.197881 0.396813 -0.184479 0.155231 0.699208 0.68269 0.144725
1305031798.081417 -0.198969 0.392957 -0.196337 0.153372 0.714161 0.6698 0.133488
1305031798.114860 -0.200802 0.389097 -0.207167 0.1525 0.728579 0.656696 0.121107
1305031798.149092 -0.201897 0.384673 -0.21789 0.151991 0.74072 0.645287 0.108795
1305031798.180856 -0.204034 0.376281 -0.23182 0.150701 0.749654 0.636768 0.0991706
1305031798.216938 -0.206508 0.381802 -0.25161 0.148979 0.756583 0.630075 0.0916083
1305031798.249843 -0.207326 0.378618 -0.263618 0.145865 0.766489 0.620259 0.0806014
1305031798.277285 -0.206838 0.372714 -0.272007 0.142267 0.777021 0.609414 0.067919
1305031798.317008 -0.204619 0.366492 -0.281249 0.138983 0.786647 0.598991 0.0555016
1305031798.349326 -0.200996 0.360651 -0.288305 0.136724 0.796267 0.587631 0.0442108
1305031798.381412 -0.198976 0.356388 -0.295959 0.133701 0.805433 0.576414 0.0338882
1305031798.417238 -0.197895 0.351425 -0.302274 0.129815 0.814037 0.565642 0.023272
1305031798.449066 -0.193283 0.348892 -0.308603 0.126637 0.82272 0.554056 0.0108402
1305031798.481517 -0.188879 0.344216 -0.311196 0.124417 0.832112 0.540469 -0.00150055
1305031798.517491 -0.187902 0.336605 -0.32223 0.121344 0.839914 0.528843 -0.0120952
1305031798.548782 -0.185404 0.331875 -0.32852 0.116242 0.847355 0.51763 -0.0231679
1305031798.581190 -0.184236 0.325245 -0.335952 0.113644 0.854324 0.50594 -0.0352208
1305031798.616969 -0.180137 0.320367 -0.342344 0.112786 0.861086 0.49342 -0.048451
1305031798.649387 -0.185379 0.310827 -0.356987 0.112256 0.865541 0.484349 -0.060364
1305031798.681173 -0.176993 0.30976 -0.354583 0.113288 0.871004 0.471994 -0.0757645
1305031798.717545 -0.175664 0.302438 -0.367643 0.113895 0.875189 0.461473 -0.0900822
1305031798.749417 -0.171342 0.298045 -0.371615 0.11417 0.88063 0.447989 -0.103739
1305031798.780379 -0.174162 0.289561 -0.378396 0.111579 0.885718 0.436362 -0.112441
1305031798.816718 -0.171909 0.277332 -0.390309 0.10605 0.891124 0.424243 -0.121114
1305031798.848499 -0.172681 0.266701 -0.39543 0.101657 0.896593 0.411226 -0.129154
1305031798.880461 -0.174194 0.262954 -0.397416 0.0974287 0.902058 0.39802 -0.135566
1305031798.916769 -0.178876 0.239186 -0.419515 0.0951047 0.904565 0.391196 -0.140296
1305031798.948386 -0.167591 0.213934 -0.439447 0.0898959 0.906545 0.385944 -0.145406
1305031798.977548 -0.172426 0.21117 -0.440105 0.0862545 0.910379 0.376646 -0.148015
1305031799.016423 -0.173955 0.195406 -0.448816 0.0819828 0.913393 0.368994 -0.151115
1305031799.048165 -0.175077 0.18991 -0.447893 0.0753351 0.916806 0.36052 -0.154325
1305031799.084229 -0.184111 0.175404 -0.453549 0.0680911 0.918368 0.356567 -0.157556
1305031799.116275 -0.175326 0.17494 -0.448322 0.0603803 0.920208 0.350367 -0.163751
1305031799.148353 -0.176592 0.173369 -0.446962 0.0542299 0.921366 0.346133 -0.168333
1305031799.184133 -0.178437 0.168866 -0.438246 0.0511827 0.922153 0.342545 -0.172267
1305031799.216330 -0.177156 0.157727 -0.438684 0.0511455 0.921262 0.342524 -0.177025
1305031799.248919 -0.181813 0.154057 -0.435212 0.0494948 0.92042 0.343655 -0.17966
1305031799.282109 -0.184485 0.156682 -0.426893 0.0469458 0.91973 0.343906 -0.183363
1305031799.317052 -0.18889 0.157891 -0.424202 0.0441957 0.918268 0.345819 -0.187722
1305031799.345225 -0.187686 0.161746 -0.408398 0.0395124 0.917293 0.346329 -0.19253
1305031799.385836 -0.195127 0.146902 -0.402252 0.0371343 0.914822 0.350832 -0.196568
1305031799.417030 -0.198238 0.124828 -0.40138 0.0387273 0.910824 0.358228 -0.201428
1305031799.449416 -0.213034 0.137177 -0.383309 0.0383815 0.908676 0.363981 -0.200881
1305031799.485270 -0.197003 0.12882 -0.377899 0.0361062 0.903175 0.375395 -0.205063
1305031799.517032 -0.208015 0.137813 -0.365836 0.0371357 0.898913 0.385171 -0.205475
1305031799.548193 -0.196688 0.136656 -0.351261 0.0348491 0.89344 0.396278 -0.208602
1305031799.581386 -0.199569 0.13198 -0.349593 0.0360648 0.886258 0.410926 -0.210681
1305031799.617188 -0.196607 0.139993 -0.337277 0.0367408 0.880207 0.422536 -0.212954
1305031799.649673 -0.206456 0.139301 -0.331886 0.0413875 0.873564 0.435211 -0.213925
1305031799.685493 -0.210594 0.149904 -0.309957 0.0457729 0.867806 0.445872 -0.214514
1305031799.717286 -0.206367 0.155858 -0.298153 0.0484826 0.860401 0.459224 -0.215578
1305031799.749321 -0.215213 0.161355 -0.284988 0.0530571 0.853769 0.47144 -0.214493
1305031799.785018 -0.242752 0.172763 -0.270448 0.059436 0.847562 0.48349 -0.210578
1305031799.814639 -0.242046 0.175897 -0.26296 0.0640943 0.839191 0.4972 -0.210817
1305031799.849553 -0.239834 0.186139 -0.247693 0.0689498 0.831826 0.508525 -0.211454
1305031799.885163 -0.23724 0.19401 -0.23267 0.0736221 0.824338 0.519607 -0.212263
1305031799.916952 -0.239143 0.203908 -0.219232 0.076147 0.816245 0.532437 -0.210847
1305031799.949350 -0.235291 0.205639 -0.219659 0.0793644 0.8052 0.547602 -0.213277
1305031799.985260 -0.229833 0.216293 -0.200774 0.0831535 0.797138 0.557976 -0.21522
1305031800.017573 -0.236585 0.223369 -0.195706 0.0888161 0.78706 0.571387 -0.21486
1305031800.049428 -0.23441 0.235388 -0.175512 0.0926955 0.778948 0.581985 -0.214338
1305031800.085033 -0.228343 0.242536 -0.169565 0.0965153 0.769266 0.593585 -0.215806
1305031800.117205 -0.235451 0.252132 -0.158598 0.0996744 0.760035 0.605181 -0.214866
1305031800.149430 -0.236127 0.260459 -0.150258 0.100801 0.749858 0.616921 -0.216704
1305031800.185401 -0.234695 0.267001 -0.14163 0.101088 0.740144 0.626996 -0.221009
1305031800.217472 -0.229759 0.272781 -0.121736 0.104553 0.730347 0.63605 -0.22606
1305031800.249376 -0.229373 0.281004 -0.110384 0.109487 0.71852 0.647676 -0.228598
1305031800.285574 -0.226451 0.288804 -0.101731 0.11298 0.706606 0.659552 -0.230075
1305031800.317706 -0.227573 0.295533 -0.0934916 0.116434 0.694448 0.671278 -0.231455
1305031800.353570 -0.225571 0.303394 -0.0827017 0.119478 0.682437 0.681685 -0.23518
1305031800.386128 -0.224767 0.309925 -0.0750216 0.121982 0.669521 0.692768 -0.23861
1305031800.417282 -0.223632 0.319083 -0.0651735 0.125605 0.657758 0.701818 -0.242958
1305031800.453754 -0.220469 0.326087 -0.0596654 0.128511 0.644721 0.711747 -0.247458
1305031800.485575 -0.22496 0.330979 -0.0574253 0.132771 0.631845 0.721013 -0.251561
1305031800.517739 -0.222794 0.337266 -0.0506433 0.137439 0.620504 0.728124 -0.25675
1305031800.553340 -0.22071 0.343471 -0.0447235 0.141783 0.609291 0.73492 -0.261829
1305031800.585490 -0.219067 0.349453 -0.0422859 0.143909 0.598501 0.741818 -0.26607
1305031800.617831 -0.219131 0.35286 -0.0375734 0.146701 0.58828 0.747889 -0.270309
1305031800.653624 -0.217407 0.357764 -0.0338961 0.149196 0.577786 0.754115 -0.274253
1305031800.685405 -0.214117 0.365182 -0.0299894 0.151583 0.568748 0.759282 -0.27756
1305031800.713947 -0.212121 0.368997 -0.0268472 0.155455 0.560332 0.76329 -0.281513
1305031800.753166 -0.212213 0.373523 -0.0256898 0.158945 0.552897 0.766922 -0.284382
1305031800.784054 -0.216664 0.378814 -0.0284508 0.162657 0.546261 0.769128 -0.289111
1305031800.816096 -0.234324 0.385928 -0.0425553 0.168075 0.538496 0.771246 -0.294876
1305031800.853919 -0.24136 0.391304 -0.0481911 0.168575 0.538469 0.768255 -0.302354
1305031800.885396 -0.246585 0.397211 -0.0605462 0.166151 0.540135 0.763447 -0.312725
1305031800.917427 -0.253929 0.395312 -0.0699296 0.164819 0.544543 0.756507 -0.322499
1305031800.953700 -0.269879 0.396721 -0.0930151 0.162133 0.549466 0.749249 -0.332304
1305031800.985467 -0.275602 0.397257 -0.103108 0.153994 0.563493 0.735214 -0.343834
1305031801.017256 -0.298654 0.387297 -0.111739 0.150264 0.575838 0.721393 -0.354153
1305031801.053202 -0.301599 0.385954 -0.1183 0.139114 0.590245 0.705832 -0.36614
1305031801.085709 -0.309651 0.380598 -0.128879 0.127837 0.604679 0.690114 -0.376516
1305031801.117929 -0.321836 0.370977 -0.14064 0.114739 0.617218 0.677477 -0.383277
1305031801.149557 -0.331304 0.364582 -0.149468 0.102157 0.628561 0.6639 -0.392062
1305031801.183875 -0.333734 0.360965 -0.164485 0.0838392 0.64134 0.648775 -0.400929
1305031801.213176 -0.343043 0.354979 -0.177879 0.0699739 0.65302 0.632605 -0.410463
1305031801.253746 -0.347994 0.348169 -0.195519 0.0561773 0.662929 0.618538 -0.418067
1305031801.285341 -0.340675 0.339303 -0.198173 0.0435508 0.674709 0.602225 -0.424496
1305031801.318014 -0.360273 0.328657 -0.216546 0.0345353 0.683214 0.591058 -0.427407
1305031801.353094 -0.362447 0.320675 -0.232842 0.0243201 0.690971 0.578365 -0.432968
1305031801.385194 -0.360922 0.314611 -0.240807 0.0145159 0.698824 0.565774 -0.437417
1305031801.417407 -0.359361 0.305386 -0.25455 0.00521023 0.705482 0.554881 -0.440879
1305031801.453727 -0.369036 0.293613 -0.268161 -0.000783393 0.711558 0.545556 -0.442779
1305031801.485350 -0.370586 0.288591 -0.27837 -0.00708574 0.718111 0.534007 -0.44621
1305031801.521131 -0.370098 0.279486 -0.286764 -0.0128298 0.725936 0.521756 -0.44791
1305031801.550374 -0.371473 0.272365 -0.296191 -0.0180501 0.733348 0.51032 -0.44883
1305031801.585137 -0.3807 0.261869 -0.305132 -0.0218288 0.740387 0.499788 -0.448957
1305031801.621227 -0.381733 0.255314 -0.308951 -0.0283981 0.74878 0.486579 -0.449181
1305031801.653135 -0.381264 0.252343 -0.311164 -0.0354818 0.757793 0.471048 -0.450116
1305031801.685234 -0.383308 0.243707 -0.320577 -0.0430526 0.766161 0.456327 -0.450455
1305031801.721833 -0.384479 0.233605 -0.329345 -0.0529372 0.774105 0.44231 -0.449802
1305031801.752492 -0.388952 0.223286 -0.334482 -0.0614464 0.782349 0.427815 -0.448474
1305031801.785189 -0.384497 0.221406 -0.333824 -0.071605 0.790441 0.411844 -0.447727
1305031801.821431 -0.385628 0.218046 -0.329315 -0.0830782 0.797091 0.397934 -0.446533
1305031801.851024 -0.385943 0.206923 -0.340978 -0.0915806 0.801239 0.385473 -0.448373
1305031801.885594 -0.389039 0.195032 -0.345368 -0.0989661 0.806779 0.371997 -0.448254
1305031801.921490 -0.404773 0.175035 -0.36965 -0.100546 0.808792 0.365331 -0.449755
1305031801.953537 -0.407958 0.167934 -0.374122 -0.103226 0.813302 0.355072 -0.44923
1305031801.985210 -0.410984 0.159362 -0.379955 -0.104892 0.817083 0.347029 -0.448268
1305031802.019644 -0.416981 0.15315 -0.376494 -0.10525 0.822065 0.33626 -0.447281
1305031802.053402 -0.420548 0.150037 -0.375451 -0.107575 0.825718 0.325943 -0.447636
1305031802.085036 -0.423122 0.141565 -0.377483 -0.111861 0.828158 0.315834 -0.449323
1305031802.121342 -0.429141 0.134533 -0.372469 -0.120098 0.830753 0.304941 -0.44993
1305031802.153506 -0.432315 0.126621 -0.374397 -0.12881 0.831121 0.294064 -0.454062
1305031802.184646 -0.433945 0.128662 -0.371683 -0.137019 0.829934 0.285121 -0.459501
1305031802.219780 -0.447621 0.108569 -0.374511 -0.138892 0.827424 0.283659 -0.464345
1305031802.253201 -0.450303 0.106932 -0.36733 -0.143253 0.824473 0.279901 -0.470507
1305031802.285410 -0.450877 0.109715 -0.362968 -0.14517 0.820458 0.277244 -0.478445
1305031802.321392 -0.451243 0.105478 -0.361316 -0.144448 0.816314 0.279418 -0.48445
1305031802.353673 -0.455342 0.107148 -0.356064 -0.146266 0.81221 0.283668 -0.488317
1305031802.385256 -0.461969 0.103228 -0.351451 -0.147718 0.808599 0.285793 -0.492615
1305031802.421381 -0.461114 0.107212 -0.342898 -0.150061 0.805 0.28577 -0.497786
1305031802.449815 -0.463212 0.104533 -0.346199 0.150334 -0.799443 -0.291264 0.503444
1305031802.485366 -0.458356 0.11791 -0.343901 0.153099 -0.794694 -0.29314 0.50901
1305031802.521559 -0.452655 0.131007 -0.337587 0.154261 -0.790176 -0.296578 0.513681
1305031802.553684 -0.447092 0.144981 -0.325808 0.153962 -0.784369 -0.304337 0.518112
1305031802.585533 -0.44915 0.149929 -0.317962 0.152805 -0.777081 -0.316826 0.521936
1305031802.621150 -0.452754 0.147964 -0.317779 0.14744 -0.767289 -0.332681 0.528065
1305031802.651432 -0.452432 0.154985 -0.314358 0.141704 -0.75391 -0.352146 0.536221
1305031802.685539 -0.439302 0.185643 -0.305029 0.136684 -0.739754 -0.367231 0.547013
1305031802.721583 -0.438903 0.200198 -0.286547 0.127399 -0.729681 -0.382521 0.55228
1305031802.751226 -0.442138 0.211398 -0.276574 0.118644 -0.717514 -0.401531 0.55666
1305031802.789007 -0.445968 0.215942 -0.276906 0.10795 -0.703373 -0.419669 0.563464
1305031802.821805 -0.447295 0.228864 -0.258801 0.100798 -0.691828 -0.43169 0.569962
1305031802.853857 -0.449758 0.240826 -0.25924 0.0915345 -0.677242 -0.441943 0.581078
1305031802.890975 -0.449897 0.249859 -0.245277 0.0825984 -0.665268 -0.45081 0.589378
1305031802.921571 -0.45097 0.261706 -0.23749 0.0757009 -0.653248 -0.459383 0.597079
1305031802.954186 -0.448448 0.274177 -0.228037 0.0720854 -0.640969 -0.467306 0.604638
1305031802.989730 -0.446025 0.307928 -0.171955 0.0715392 -0.637393 -0.46503 0.610213
1305031803.021911 -0.443496 0.311092 -0.166346 0.0671362 -0.623885 -0.470998 0.620017
1305031803.053859 -0.440658 0.320972 -0.1542 0.0636747 -0.611364 -0.475005 0.629721
1305031803.089624 -0.438958 0.329517 -0.14776 0.0589116 -0.598781 -0.477817 0.640064
1305031803.122288 -0.436887 0.339813 -0.129972 0.0535293 -0.588781 -0.479042 0.648837
1305031803.153738 -0.436159 0.346198 -0.123039 0.046736 -0.575735 -0.482799 0.658218
1305031803.189456 -0.433193 0.351316 -0.108681 0.0399308 -0.565435 -0.484356 0.666399
1305031803.222097 -0.429576 0.35396 -0.100115 0.0339264 -0.554574 -0.487067 0.673842
1305031803.253833 -0.422023 0.35832 -0.0905934 0.0283422 -0.54342 -0.490293 0.680811
1305031803.289513 -0.418225 0.362437 -0.080857 0.021731 -0.532704 -0.49194 0.688295
1305031803.317616 -0.413045 0.369611 -0.0701764 0.016636 -0.522238 -0.493633 0.69521
1305031803.353839 -0.40961 0.375042 -0.0598856 0.0102339 -0.511466 -0.495973 0.701647
1305031803.393279 -0.405776 0.382177 -0.0548955 0.00321043 -0.500659 -0.498107 0.707969
1305031803.421427 -0.403151 0.384401 -0.0518939 -0.00427061 -0.490598 -0.499777 0.713805
1305031803.449958 -0.399598 0.387299 -0.0451862 -0.00948402 -0.482208 -0.501509 0.718243
1305031803.489758 -0.396925 0.392551 -0.0402915 -0.0141669 -0.47292 -0.503256 0.723104
1305031803.517807 -0.392512 0.394612 -0.0345707 -0.0202929 -0.464855 -0.503249 0.728174
1305031803.553175 -0.388383 0.396706 -0.0289047 -0.0259074 -0.457791 -0.503342 0.732395
1305031803.588621 -0.383356 0.398362 -0.0257578 -0.0322043 -0.451512 -0.503246 0.7361
1305031803.617801 -0.379266 0.400225 -0.0220757 -0.0386474 -0.445929 -0.50501 0.737983
1305031803.654299 -0.375476 0.401758 -0.0142514 -0.0445008 -0.4408 -0.508809 0.738124
1305031803.686328 -0.372646 0.402778 -0.00798013 -0.049788 -0.434082 -0.512111 0.739483
1305031803.721631 -0.370045 0.405504 -0.00689084 -0.0562831 -0.425764 -0.51434 0.742302
1305031803.754202 -0.361448 0.408165 -0.00654154 -0.0661141 -0.418671 -0.51739 0.743405
1305031803.789665 -0.358952 0.408244 -0.000481851 -0.0778128 -0.411887 -0.523051 0.742099
1305031803.822228 -0.356875 0.408531 0.00520293 -0.0887905 -0.406111 -0.526671 0.74149
1305031803.854272 -0.351874 0.409926 0.0126247 -0.0993263 -0.400203 -0.533203 0.738693
1305031803.894274 -0.345203 0.411547 0.019081 -0.108608 -0.393539 -0.540159 0.735908
1305031803.922306 -0.3401 0.412611 0.0234522 -0.117647 -0.386015 -0.546138 0.734088
1305031803.953878 -0.334247 0.413191 0.0276182 -0.127946 -0.378293 -0.552024 0.731979
1305031803.986986 -0.327584 0.414847 0.0353851 -0.139157 -0.372292 -0.556273 0.729791
1305031804.021991 -0.3166 0.417928 0.0392503 -0.147883 -0.366221 -0.560554 0.727868
1305031804.057867 -0.307668 0.420305 0.0455273 -0.15767 -0.360116 -0.56336 0.726693
1305031804.090568 -0.303372 0.420203 0.0579988 -0.168354 -0.354839 -0.567042 0.724023
1305031804.121807 -0.297446 0.421309 0.0604 -0.17482 -0.348619 -0.570778 0.722576
1305031804.159547 -0.294142 0.421952 0.0679776 -0.182421 -0.343382 -0.572275 0.722019
1305031804.190025 -0.29078 0.422083 0.0727927 -0.188781 -0.338861 -0.573699 0.72139
1305031804.221943 -0.301997 0.411218 0.0852541 -0.199008 -0.335991 -0.574249 0.719545
1305031804.257543 -0.301409 0.409795 0.0911099 -0.200328 -0.335261 -0.572341 0.721037
1305031804.289105 -0.306767 0.407909 0.093566 -0.199976 -0.33509 -0.568674 0.724109
1305031804.322186 -0.312921 0.401133 0.104526 -0.198803 -0.340322 -0.563685 0.725891
1305031804.357487 -0.322305 0.395787 0.103256 -0.191352 -0.34559 -0.559581 0.728575
1305031804.388583 -0.332946 0.382959 0.103792 -0.183793 -0.352002 -0.552791 0.732623
1305031804.420347 -0.333811 0.37604 0.099964 -0.169462 -0.360309 -0.543979 0.738611
1305031804.458421 -0.349245 0.360313 0.101064 -0.159006 -0.367566 -0.537299 0.742241
1305031804.488618 -0.340017 0.361231 0.0883015 -0.135536 -0.376119 -0.528122 0.749168
1305031804.520334 -0.350743 0.347172 0.069933 -0.118206 -0.381177 -0.522321 0.753599
1305031804.553325 -0.359667 0.331967 0.0682456 -0.104301 -0.388956 -0.512188 0.758616
1305031804.588603 -0.3659 0.321616 0.0586208 -0.0870149 -0.395097 -0.503297 0.763557
1305031804.620878 -0.366263 0.309167 0.0739905 -0.0732151 -0.406106 -0.491019 0.767215
1305031804.657048 -0.369404 0.301441 0.0633419 -0.0539823 -0.411435 -0.483422 0.770785
1305031804.689811 -0.373044 0.290779 0.0515226 -0.0354701 -0.415597 -0.476593 0.773873
1305031804.721742 -0.379429 0.279882 0.0416131 -0.0152371 -0.419645 -0.469528 0.776666
1305031804.761864 -0.385161 0.268297 0.0319419 0.0063271 -0.424111 -0.460866 0.779546
1305031804.794542 -0.389927 0.256973 0.0209337 0.029827 -0.429274 -0.452129 0.78129
1305031804.822160 -0.394909 0.248709 0.0107403 0.05644 -0.43329 -0.442726 0.782987
1305031804.857799 -0.395224 0.247394 0.00785553 0.0827516 -0.437946 -0.429283 0.785539
1305031804.889635 -0.399193 0.240458 -0.00490031 0.109586 -0.44083 -0.417818 0.786822
1305031804.921987 -0.402698 0.234876 -0.0188675 0.132251 -0.443523 -0.405494 0.788271
1305031804.958018 -0.404671 0.236376 -0.033833 0.15216 -0.445663 -0.394033 0.789284
1305031804.989454 -0.411729 0.231815 -0.0468229 0.168063 -0.447864 -0.383919 0.789797
1305031805.021251 -0.416453 0.225438 -0.0600579 0.182451 -0.451065 -0.371106 0.790906
1305031805.053799 -0.422802 0.223833 -0.0711953 0.195184 -0.453295 -0.357247 0.79297
1305031805.088981 -0.432221 0.220095 -0.0823842 0.207482 -0.455618 -0.347991 0.792632
1305031805.120822 -0.437594 0.213965 -0.0937337 0.216382 -0.459503 -0.335892 0.793229
1305031805.156816 -0.440714 0.211095 -0.102241 0.225887 -0.462959 -0.325885 0.792744
1305031805.188114 -0.44665 0.210319 -0.11277 0.234358 -0.464487 -0.319021 0.792183
1305031805.224830 -0.450915 0.203824 -0.121808 0.242075 -0.465921 -0.311833 0.791883
1305031805.256506 -0.460575 0.201827 -0.142289 0.249531 -0.464688 -0.305134 0.792901
1305031805.288719 -0.462798 0.196573 -0.144376 0.256833 -0.466384 -0.297384 0.792519
1305031805.324692 -0.465995 0.191007 -0.155613 0.267639 -0.464403 -0.293266 0.79164
1305031805.360488 -0.474526 0.194815 -0.176085 0.282327 -0.458891 -0.287084 0.792019
1305031805.392685 -0.475374 0.180121 -0.18186 0.295514 -0.458418 -0.276829 0.791132
1305031805.426082 -0.483166 0.183125 -0.202087 0.310345 -0.454779 -0.267405 0.790795
1305031805.455941 -0.489806 0.171512 -0.226596 0.324591 -0.452137 -0.259746 0.789142
1305031805.488250 -0.492443 0.16814 -0.239209 0.343528 -0.448178 -0.254524 0.785075
1305031805.524339 -0.495025 0.175422 -0.240514 0.365039 -0.445223 -0.245961 0.77976
1305031805.555936 -0.496947 0.170251 -0.266609 0.381832 -0.441252 -0.23922 0.776064
1305031805.587800 -0.4966 0.163898 -0.273091 0.396052 -0.439505 -0.232635 0.771919
1305031805.626288 -0.499958 0.165543 -0.300343 0.40897 -0.436344 -0.226499 0.768795
1305031805.653600 -0.51478 0.167776 -0.359615 0.414093 -0.426801 -0.22485 0.771888
1305031805.688826 -0.500337 0.136829 -0.377872 0.413904 -0.425346 -0.223409 0.773209
1305031805.724499 -0.486704 0.115658 -0.382198 0.410832 -0.424615 -0.22269 0.775453
1305031805.756662 -0.484117 0.0960695 -0.400585 0.401372 -0.419833 -0.225644 0.782129
1305031805.788800 -0.491507 0.12113 -0.382379 0.392165 -0.417552 -0.220988 0.789317
1305031805.825010 -0.485951 0.0877101 -0.444051 0.362285 -0.407814 -0.230846 0.805697
1305031805.856722 -0.480073 0.0946139 -0.433902 0.339435 -0.399535 -0.238767 0.817402
1305031805.888558 -0.476541 0.0915543 -0.421749 0.319173 -0.394864 -0.244883 0.825981
1305031805.924334 -0.487167 0.1155 -0.448239 0.2994 -0.383122 -0.247977 0.837905
1305031805.956398 -0.482995 0.122742 -0.422013 0.284182 -0.37949 -0.250235 0.844163
1305031805.990628 -0.477912 0.119671 -0.411547 0.267433 -0.374135 -0.254655 0.850678
1305031806.026273 -0.464024 0.133911 -0.395853 0.255123 -0.366366 -0.257315 0.857016
1305031806.056329 -0.459712 0.140327 -0.378818 0.244443 -0.35836 -0.259726 0.862768
1305031806.091003 -0.45605 0.136361 -0.371801 0.23383 -0.349345 -0.262495 0.86855
1305031806.126194 -0.448944 0.143958 -0.348121 0.225945 -0.33995 -0.265881 0.873321
1305031806.160305 -0.446267 0.149273 -0.331901 0.216007 -0.330011 -0.267869 0.879022
1305031806.186461 -0.4372 0.152234 -0.319399 0.203064 -0.322081 -0.269662 0.884484
1305031806.226737 -0.429553 0.156678 -0.30757 0.188028 -0.312968 -0.273378 0.889922
1305031806.256407 -0.426119 0.147042 -0.300982 0.171998 -0.304498 -0.277959 0.894671
1305031806.292064 -0.417261 0.154675 -0.286574 0.160453 -0.295233 -0.283033 0.898323
1305031806.324430 -0.412936 0.156998 -0.274348 0.145638 -0.286255 -0.28449 0.903279
1305031806.356698 -0.408444 0.159695 -0.263611 0.130144 -0.278534 -0.285141 0.907841
1305031806.388772 -0.402373 0.165716 -0.250046 0.115327 -0.271614 -0.288083 0.911007
1305031806.428086 -0.39652 0.168195 -0.239556 0.0983801 -0.265124 -0.2887 0.914704
1305031806.458170 -0.393117 0.168648 -0.230221 0.0848026 -0.258739 -0.289172 0.917737
1305031806.493660 -0.38172 0.174843 -0.21691 0.0772225 -0.252631 -0.291873 0.919252
1305031806.531887 -0.37312 0.178515 -0.208177 0.0678781 -0.242735 -0.292635 0.922408
1305031806.556751 -0.367432 0.185951 -0.197485 0.0572255 -0.23386 -0.290013 0.926243
1305031806.594170 -0.36002 0.190953 -0.188503 0.0432745 -0.225861 -0.292411 0.92823
1305031806.625910 -0.349362 0.196681 -0.177127 0.0302442 -0.218943 -0.294185 0.929841
1305031806.660594 -0.344556 0.199057 -0.170136 0.0166675 -0.210051 -0.293489 0.932451
1305031806.695601 -0.340175 0.202873 -0.16194 0.00280302 -0.20202 -0.290374 0.935341
1305031806.725479 -0.334525 0.20384 -0.156439 -0.0133187 -0.197287 -0.285508 0.937756
1305031806.757877 -0.329044 0.212395 -0.148692 -0.0257403 -0.193246 -0.281567 0.939528
1305031806.793755 -0.324731 0.215394 -0.144593 -0.0395753 -0.190297 -0.278364 0.940603
1305031806.821694 -0.320095 0.219471 -0.138366 -0.0502184 -0.185867 -0.276997 0.941384
1305031806.857332 -0.315242 0.225778 -0.129394 -0.0592677 -0.179604 -0.275707 0.942452
1305031806.893667 -0.311099 0.23113 -0.123659 -0.069189 -0.173029 -0.274833 0.943261
1305031806.925528 -0.308551 0.23487 -0.119537 -0.0798903 -0.16687 -0.271861 0.944385
1305031806.957342 -0.306103 0.238887 -0.115697 -0.091846 -0.161422 -0.267989 0.945351
1305031806.994718 -0.301731 0.245855 -0.11005 -0.100205 -0.157728 -0.264945 0.945984
1305031807.025349 -0.299635 0.250788 -0.106827 -0.108156 -0.152376 -0.261565 0.946925
1305031807.057482 -0.297344 0.255342 -0.103771 -0.114699 -0.14684 -0.257734 0.94808
1305031807.094797 -0.297582 0.259012 -0.101704 -0.121839 -0.140875 -0.253175 0.949322
1305031807.125639 -0.296577 0.266287 -0.0991931 -0.123841 -0.136123 -0.249555 0.950713
1305031807.158021 -0.296763 0.270188 -0.0983467 -0.12547 -0.130608 -0.243968 0.952722
1305031807.193815 -0.298894 0.273447 -0.0976896 -0.125567 -0.124759 -0.237532 0.955116
1305031807.226069 -0.300866 0.274804 -0.0966992 -0.124731 -0.119122 -0.231634 0.957391
1305031807.258189 -0.301606 0.277625 -0.0956868 -0.120188 -0.114396 -0.225134 0.960095
1305031807.294600 -0.304251 0.27721 -0.0955647 -0.113776 -0.107906 -0.218282 0.963205
1305031807.325779 -0.310014 0.275255 -0.0965577 -0.105769 -0.100264 -0.208269 0.967153
1305031807.356999 -0.316969 0.274027 -0.0976138 -0.093894 -0.0936723 -0.198269 0.971133
1305031807.394901 -0.322389 0.260006 -0.0987358 -0.0863687 -0.0898324 -0.191054 0.973637
1305031807.425389 -0.331186 0.242593 -0.101646 -0.0798351 -0.0830683 -0.183683 0.97621
1305031807.456981 -0.338733 0.21913 -0.103353 -0.0694064 -0.0783543 -0.172399 0.97945
1305031807.493776 -0.345033 0.209121 -0.106677 -0.0424126 -0.0718794 -0.163017 0.983087
1305031807.525569 -0.347097 0.19691 -0.110906 -0.0149607 -0.0676451 -0.157723 0.98505
1305031807.558514 -0.351136 0.189343 -0.114885 0.00988293 -0.0609455 -0.152942 0.986305
1305031807.593758 -0.355642 0.178257 -0.119041 0.0332204 -0.0535135 -0.146386 0.98722
1305031807.625726 -0.358067 0.176109 -0.125154 0.0600239 -0.0458313 -0.140839 0.987148
1305031807.657923 -0.365617 0.172685 -0.131307 0.0816385 -0.0377414 -0.137011 0.986478
1305031807.695218 -0.373325 0.155863 -0.136994 0.0965807 -0.0327929 -0.132344 0.985942
1305031807.725763 -0.378183 0.147797 -0.144915 0.119493 -0.0283554 -0.126602 0.984322
1305031807.763921 -0.3867 0.139489 -0.153391 0.14022 -0.0211727 -0.121692 0.982385
1305031807.794370 -0.394998 0.1322 -0.163035 0.161142 -0.0163798 -0.11604 0.979949
1305031807.825649 -0.398815 0.125735 -0.171524 0.181357 -0.0163125 -0.109868 0.977125
1305031807.862767 -0.401578 0.118001 -0.181114 0.198803 -0.015389 -0.108299 0.973916
1305031807.895051 -0.404455 0.115371 -0.19042 0.216187 -0.0130376 -0.105273 0.970572
1305031807.922091 -0.406815 0.108018 -0.199186 0.232312 -0.0116677 -0.102341 0.967172
1305031807.960371 -0.410781 0.103986 -0.209409 0.249432 -0.0103775 -0.0999573 0.963164
1305031807.990310 -0.413288 0.0975524 -0.219322 0.265063 -0.0109734 -0.0967031 0.959307
1305031808.025493 -0.413317 0.0886935 -0.22953 0.279747 -0.0135646 -0.0914839 0.955609
1305031808.060837 -0.415304 0.0801511 -0.2415 0.294616 -0.0157625 -0.0865839 0.951554
1305031808.094509 -0.416383 0.0718714 -0.254164 0.310198 -0.0186435 -0.0839601 0.946774
1305031808.124869 -0.416836 0.0654193 -0.264062 0.326691 -0.0208742 -0.0825539 0.941288
1305031808.160774 -0.418287 0.0590359 -0.277875 0.34286 -0.0228086 -0.0806277 0.935642
1305031808.193540 -0.421385 0.0470016 -0.296362 0.359674 -0.0244801 -0.0799485 0.929324
1305031808.224541 -0.424109 0.0446088 -0.307005 0.376949 -0.0267123 -0.0790855 0.922465
1305031808.259528 -0.425273 0.0405407 -0.320656 0.389385 -0.0303902 -0.0787196 0.917202
1305031808.292602 -0.42261 0.0375154 -0.32933 0.402131 -0.0345378 -0.0794238 0.911476
1305031808.324524 -0.422162 0.0326701 -0.343432 0.415446 -0.0360783 -0.0794944 0.905419
1305031808.362374 -0.423218 0.0207276 -0.360901 0.427709 -0.0374783 -0.0783059 0.899738
1305031808.394090 -0.424903 0.0219234 -0.367831 0.441586 -0.0389921 -0.0772088 0.89304
1305031808.427040 -0.426296 0.0206686 -0.381774 0.452256 -0.039819 -0.0780133 0.887577
1305031808.462622 -0.4285 0.0144009 -0.392133 0.46321 -0.0387799 -0.0782367 0.881936
1305031808.493893 -0.422135 0.00533701 -0.409878 0.473869 -0.0392784 -0.0756169 0.876463
1305031808.524551 -0.425516 -0.00201943 -0.432857 0.483913 -0.0394843 -0.0721007 0.871247
1305031808.561866 -0.428331 -0.00506755 -0.445389 0.492785 -0.0408474 -0.0688782 0.866458
1305031808.590231 -0.431134 -0.00829408 -0.46524 0.501005 -0.0400501 -0.0667465 0.861937
1305031808.624717 -0.433365 -0.0170102 -0.475576 0.510263 -0.0353565 -0.0623577 0.857025
1305031808.661004 -0.416899 -0.0219844 -0.497713 0.518783 -0.0305323 -0.0584408 0.852359
1305031808.692608 -0.432691 -0.0258204 -0.510274 0.526624 -0.0211789 -0.0532884 0.848162
1305031808.724581 -0.407474 -0.0280788 -0.525931 0.533376 -0.0188431 -0.0533519 0.843984
1305031808.761035 -0.404962 -0.027055 -0.530076 0.54031 -0.0102759 -0.0528794 0.83974
1305031808.792909 -0.402115 -0.0264142 -0.532828 0.548616 0.000735997 -0.0502903 0.83456
1305031808.824645 -0.396819 -0.0205477 -0.537788 0.555559 0.0119433 -0.0456842 0.830135
1305031808.860603 -0.388939 -0.023111 -0.552044 0.555782 0.0229322 -0.0418281 0.829959
1305031808.894236 -0.37833 -0.0200222 -0.556386 0.552897 0.0326678 -0.0380091 0.831741
1305031808.924712 -0.382204 -0.0219261 -0.562687 0.545908 0.042171 -0.0327151 0.836144
1305031808.960766 -0.377294 -0.0177 -0.566429 0.534426 0.0507861 -0.0299781 0.843156
1305031808.994453 -0.362782 -0.0207538 -0.568366 0.518963 0.0582739 -0.0296546 0.852292
1305031809.029773 -0.358361 -0.0141519 -0.562855 0.504417 0.0647228 -0.0252289 0.860661
1305031809.063418 -0.350561 -0.00447485 -0.549786 0.490644 0.0712512 -0.0220443 0.868162
1305031809.097271 -0.338035 0.000929534 -0.533137 0.47777 0.0782132 -0.0206277 0.874753
1305031809.131663 -0.321381 -0.00240957 -0.533421 0.463301 0.0885243 -0.0224078 0.881484
1305031809.161507 -0.315575 -0.00151192 -0.532267 0.449383 0.0991125 -0.0180296 0.887641
1305031809.194288 -0.315436 0.00335455 -0.526076 0.436234 0.108256 -0.0113946 0.893225
1305031809.229538 -0.317153 0.0106684 -0.520621 0.422881 0.11608 -0.00441501 0.898709
1305031809.261343 -0.315821 0.0184844 -0.51275 0.408667 0.121442 0.00262048 0.904564
1305031809.294460 -0.314639 0.0264441 -0.501287 0.393075 0.128011 0.00893107 0.910509
1305031809.330064 -0.309407 0.0300411 -0.496076 0.37876 0.132621 0.0162025 0.9158
1305031809.359534 -0.317311 0.042697 -0.487633 0.36626 0.138278 0.022149 0.919914
1305031809.393838 -0.312149 0.0456091 -0.477779 0.352261 0.141625 0.0263424 0.924749
1305031809.428411 -0.317352 0.0441992 -0.474748 0.336744 0.145154 0.0307592 0.929832
1305031809.462164 -0.317834 0.0456692 -0.470362 0.323313 0.147174 0.0341709 0.934153
1305031809.493873 -0.322435 0.047045 -0.46629 0.311542 0.148993 0.0398226 0.937634
1305031809.530074 -0.323826 0.0521515 -0.459313 0.301473 0.149107 0.0449241 0.940672
1305031809.563364 -0.327955 0.0604492 -0.449235 0.292299 0.150999 0.0463531 0.943192
1305031809.594021 -0.300399 0.0648439 -0.465519 0.279738 0.15147 0.0412245 0.947156
1305031809.631035 -0.299929 0.0628692 -0.465035 0.268879 0.153909 0.0432937 0.949812
1305031809.662949 -0.305658 0.0669819 -0.456898 0.260466 0.158029 0.0449644 0.9514
1305031809.693782 -0.306864 0.0762623 -0.451658 0.252436 0.160271 0.0466367 0.953108
1305031809.731309 -0.308789 0.0816212 -0.44602 0.242599 0.161949 0.0498067 0.955216
1305031809.758942 -0.31031 0.0868331 -0.439835 0.232915 0.1627 0.0535249 0.957296
1305031809.793369 -0.311441 0.0932885 -0.436074 0.223082 0.164326 0.0570059 0.959157
1305031809.830391 -0.312003 0.0929799 -0.434276 0.211869 0.165678 0.0633348 0.961068
1305031809.861943 -0.313739 0.100292 -0.429239 0.201849 0.167859 0.0675979 0.962554
1305031809.895169 -0.312983 0.105199 -0.426363 0.190425 0.170428 0.0714336 0.964152
1305031809.929860 -0.32044 0.112457 -0.419565 0.180156 0.17606 0.0752261 0.964825
1305031809.963228 -0.320804 0.118695 -0.415444 0.169947 0.179848 0.080149 0.965582
1305031809.994224 -0.321028 0.126393 -0.411892 0.159518 0.182924 0.0853638 0.966336
1305031810.030062 -0.321171 0.131495 -0.407857 0.14745 0.185747 0.0906673 0.967231
1305031810.062155 -0.320003 0.133721 -0.406968 0.136063 0.188294 0.0952089 0.967971
1305031810.095183 -0.318111 0.141965 -0.402107 0.128373 0.190985 0.100515 0.967957
1305031810.131056 -0.316753 0.14884 -0.401342 0.119137 0.192903 0.10585 0.968189
1305031810.161700 -0.314681 0.156623 -0.400408 0.109488 0.195467 0.108164 0.968559
1305031810.197185 -0.313448 0.16026 -0.397764 0.09988 0.199638 0.111228 0.968399
1305031810.230520 -0.3113 0.167404 -0.397373 0.091939 0.203317 0.114026 0.968095
1305031810.262762 -0.309594 0.175803 -0.396833 0.0825448 0.206033 0.116283 0.968099
1305031810.298074 -0.307906 0.186143 -0.397593 0.0714099 0.20751 0.118518 0.968397
1305031810.330937 -0.307115 0.18963 -0.397158 0.0590719 0.209493 0.120655 0.968538
1305031810.362897 -0.303934 0.193132 -0.398274 0.0492918 0.211446 0.122759 0.968396
1305031810.396861 -0.30067 0.201055 -0.399519 0.0416716 0.212212 0.129752 0.967674
1305031810.429920 -0.296714 0.206522 -0.398774 0.0318628 0.211811 0.135009 0.967416
1305031810.461399 -0.291688 0.215053 -0.402894 0.0218304 0.210015 0.139203 0.967491
1305031810.496777 -0.287584 0.223495 -0.404772 0.00941093 0.209278 0.143726 0.96719
1305031810.529947 -0.283295 0.226816 -0.405735 -0.00285949 0.21049 0.14839 0.966264
1305031810.561970 -0.278904 0.235525 -0.411252 -0.0115594 0.212284 0.152891 0.965104
1305031810.598116 -0.276956 0.23943 -0.409436 -0.0218903 0.216132 0.157838 0.963273
1305031810.630327 -0.272687 0.25014 -0.411325 -0.0264134 0.217972 0.164427 0.961641
1305031810.661881 -0.266988 0.251032 -0.410551 -0.0319019 0.220548 0.171201 0.959704
1305031810.698469 -0.255674 0.254615 -0.416605 -0.0315382 0.221902 0.180376 0.957721
1305031810.729616 -0.248709 0.255622 -0.417205 -0.029148 0.226558 0.186581 0.955515
1305031810.762055 -0.244368 0.262774 -0.41888 -0.0205146 0.232937 0.191682 0.953193
1305031810.798335 -0.239413 0.264835 -0.422124 -0.0121667 0.239317 0.194535 0.951176
1305031810.826635 -0.232856 0.271046 -0.431024 0.000724229 0.245722 0.198459 0.948807
1305031810.859437 -0.226652 0.26715 -0.437704 0.012961 0.255333 0.198865 0.946092
1305031810.896721 -0.221864 0.261905 -0.438282 0.0267331 0.267801 0.197562 0.942623
1305031810.931542 -0.221077 0.26234 -0.442387 0.0412001 0.27874 0.197114 0.939017
1305031810.962074 -0.215112 0.25801 -0.448164 0.0584575 0.288721 0.197445 0.935007
1305031810.999156 -0.211449 0.247208 -0.460697 0.0759752 0.299713 0.196845 0.930404
1305031811.030567 -0.210915 0.241421 -0.466894 0.0903318 0.309596 0.198727 0.925472
1305031811.062402 -0.204303 0.232954 -0.476262 0.102811 0.31553 0.20034 0.921811
1305031811.098594 -0.189781 0.219652 -0.489733 0.117043 0.319833 0.200826 0.918519
1305031811.130054 -0.202869 0.239004 -0.488851 0.138886 0.33008 0.20034 0.911933
1305031811.163124 -0.199862 0.232603 -0.499077 0.147995 0.336523 0.200773 0.908042
1305031811.196680 -0.194497 0.216096 -0.506834 0.154962 0.342979 0.199564 0.904725
1305031811.226245 -0.193096 0.207912 -0.519109 0.164962 0.349778 0.198876 0.900495
1305031811.258835 -0.193681 0.217141 -0.520348 0.179358 0.358823 0.197286 0.894514
1305031811.297420 -0.190345 0.211834 -0.527861 0.19017 0.367954 0.19602 0.888832
1305031811.330119 -0.19303 0.207353 -0.533327 0.204597 0.37832 0.194529 0.881574
1305031811.362347 -0.17582 0.191648 -0.554676 0.216225 0.384405 0.195371 0.875962
1305031811.399651 -0.183006 0.185325 -0.557046 0.233533 0.394455 0.194256 0.867256
1305031811.430784 -0.188069 0.184075 -0.559564 0.25197 0.403329 0.190043 0.858907
1305031811.466212 -0.196017 0.174769 -0.567357 0.267954 0.412798 0.185617 0.850497
1305031811.497813 -0.20062 0.169035 -0.574011 0.282563 0.421964 0.181936 0.842024
1305031811.530073 -0.19961 0.163116 -0.591078 0.292809 0.429129 0.178597 0.835592
1305031811.566308 -0.213267 0.149907 -0.589987 0.302292 0.440557 0.174947 0.826996
1305031811.598269 -0.220518 0.152794 -0.593896 0.315472 0.449207 0.16953 0.818505
1305031811.630831 -0.224658 0.128965 -0.611553 0.324936 0.45651 0.167911 0.811062
1305031811.663366 -0.241927 0.140953 -0.586409 0.346793 0.466489 0.161947 0.79743
1305031811.698740 -0.249537 0.131157 -0.595529 0.359025 0.470453 0.159893 0.790069
1305031811.733435 -0.259647 0.121752 -0.598381 0.372441 0.474714 0.157718 0.781702
1305031811.765703 -0.252238 0.104804 -0.611152 0.381347 0.475342 0.158382 0.776878
1305031811.799543 -0.268469 0.0949209 -0.604302 0.391306 0.481965 0.15428 0.768626
1305031811.831559 -0.279577 0.0806477 -0.607372 0.4015 0.486642 0.152641 0.760709
1305031811.866219 -0.286634 0.074394 -0.619992 0.411637 0.487712 0.15115 0.754882
1305031811.899601 -0.290709 0.0698331 -0.631729 0.420917 0.487983 0.148604 0.750079
1305031811.929778 -0.30481 0.038482 -0.634565 0.424701 0.493864 0.147072 0.744377
1305031811.965910 -0.312981 0.0325158 -0.645352 0.43274 0.496326 0.142789 0.738924
1305031811.997697 -0.322126 0.0247453 -0.653227 0.442481 0.499532 0.139739 0.73154
1305031812.031513 -0.329607 -0.0029108 -0.675399 0.446981 0.502427 0.138623 0.72702
1305031812.067293 -0.336624 -0.00729909 -0.678197 0.456486 0.504851 0.134622 0.720155
1305031812.097226 -0.342975 -0.0134171 -0.69361 0.4632 0.506544 0.130231 0.715471
1305031812.131618 -0.348617 -0.017889 -0.704431 0.471302 0.508955 0.126851 0.709048
1305031812.165747 -0.357321 -0.0231533 -0.706848 0.479665 0.514772 0.12326 0.699813
1305031812.194229 -0.364991 -0.0273364 -0.710029 0.486728 0.51999 0.119478 0.691688
1305031812.230599 -0.371062 -0.0310712 -0.715471 0.493304 0.524451 0.115918 0.684227
1305031812.262258 -0.384147 -0.0397242 -0.720349 0.499978 0.528112 0.116563 0.676411
1305031812.295017 -0.389942 -0.0452587 -0.725736 0.50484 0.529741 0.117999 0.671258
1305031812.329535 -0.394398 -0.0464379 -0.730604 0.509432 0.531178 0.117707 0.666689
1305031812.367033 -0.394621 -0.0437575 -0.74704 0.511377 0.53418 0.115745 0.663135
1305031812.398919 -0.414498 -0.0710905 -0.782274 0.507768 0.542371 0.118599 0.658741
1305031812.431444 -0.420115 -0.0691171 -0.793885 0.511022 0.549262 0.117153 0.650725
1305031812.466128 -0.428027 -0.0702132 -0.804971 0.508854 0.555447 0.117725 0.64706
1305031812.499545 -0.432864 -0.070061 -0.806821 0.503627 0.560983 0.12052 0.645858
1305031812.530582 -0.434737 -0.0691776 -0.81243 0.494961 0.56608 0.123967 0.647456
1305031812.566690 -0.442098 -0.0669798 -0.820605 0.484549 0.571427 0.128482 0.64975
1305031812.599029 -0.442504 -0.0641493 -0.826207 0.473897 0.575653 0.13693 0.652146
1305031812.628645 -0.437105 -0.0491096 -0.8341 0.460545 0.579309 0.141412 0.657497
1305031812.668061 -0.417576 -0.0260493 -0.798987 0.455473 0.584666 0.144236 0.655673
1305031812.698746 -0.393725 0.0131714 -0.788212 0.447965 0.58643 0.148106 0.6584
1305031812.734013 -0.384133 0.0251875 -0.778049 0.436968 0.589273 0.158714 0.660777
1305031812.767275 -0.35942 0.0888618 -0.794763 0.430019 0.584334 0.160406 0.669258
1305031812.799489 -0.350749 0.104465 -0.796094 0.416302 0.584845 0.16917 0.6753
1305031812.834132 -0.343275 0.116681 -0.78923 0.404142 0.585537 0.179672 0.679363
1305031812.866016 -0.339119 0.129338 -0.788013 0.392848 0.583811 0.191343 0.684268
1305031812.898960 -0.333991 0.142786 -0.789551 0.381093 0.581951 0.202299 0.68933
1305031812.934173 -0.328629 0.150658 -0.784419 0.369244 0.581951 0.2136 0.692363
1305031812.966151 -0.324013 0.165978 -0.7845 0.356446 0.581262 0.223753 0.69643
1305031812.999091 -0.327548 0.179004 -0.796323 0.342063 0.577618 0.237033 0.702258
1305031813.034784 -0.323054 0.185182 -0.793847 0.329094 0.574808 0.249816 0.706317
1305031813.066289 -0.31849 0.20328 -0.783607 0.318485 0.571494 0.260324 0.710066
1305031813.098588 -0.307269 0.23771 -0.815585 0.304688 0.559872 0.271475 0.721117
1305031813.135262 -0.305096 0.249462 -0.80664 0.294416 0.554693 0.283886 0.724599
1305031813.166033 -0.300599 0.259477 -0.805072 0.283276 0.54702 0.296358 0.72986
1305031813.196373 -0.295692 0.270578 -0.801225 0.271781 0.539483 0.307558 0.735188
1305031813.234674 -0.291937 0.292475 -0.79772 0.26288 0.530661 0.316712 0.740936
1305031813.267055 -0.292486 0.301832 -0.786377 0.252878 0.523761 0.326607 0.74502
1305031813.299198 -0.287364 0.307698 -0.78427 0.241306 0.516442 0.336108 0.749727
1305031813.333908 -0.291859 0.322449 -0.765772 0.231917 0.512976 0.342602 0.752127
1305031813.365437 -0.28254 0.332929 -0.766603 0.220331 0.507105 0.351888 0.755297
1305031813.398657 -0.283567 0.336676 -0.76459 0.208183 0.50324 0.362641 0.756241
1305031813.433247 -0.285856 0.343908 -0.753246 0.197215 0.501001 0.371752 0.756244
1305031813.466220 -0.288796 0.348518 -0.74297 0.184708 0.496868 0.383484 0.75627
1305031813.498088 -0.291365 0.358274 -0.730784 0.173775 0.489752 0.395662 0.75723
1305031813.534016 -0.290757 0.369642 -0.729214 0.162107 0.48352 0.40467 0.75906
1305031813.566769 -0.291355 0.382164 -0.721807 0.148947 0.479372 0.41231 0.760275
1305031813.598490 -0.292619 0.383466 -0.719667 0.135336 0.475692 0.42134 0.76018
1305031813.631475 -0.295289 0.385492 -0.713548 0.123262 0.473554 0.427796 0.759963
1305031813.661752 -0.296385 0.394054 -0.708809 0.112611 0.470754 0.434154 0.75975
1305031813.698286 -0.297104 0.394706 -0.705017 0.100492 0.467491 0.441403 0.759287
1305031813.730280 -0.30175 0.397974 -0.699233 0.0907278 0.463815 0.447484 0.759211
1305031813.764797 -0.305794 0.405535 -0.692971 0.0814804 0.459258 0.452845 0.759852
1305031813.799441 -0.310502 0.410008 -0.686524 0.0709454 0.454013 0.458205 0.760846
1305031813.833945 -0.327346 0.414431 -0.668993 0.0537304 0.446924 0.465716 0.761893
1305031813.867772 -0.331268 0.416739 -0.662481 0.0405315 0.438557 0.474875 0.761918
1305031813.899482 -0.331994 0.417096 -0.652561 0.0274336 0.429714 0.486636 0.760117
1305031813.934338 -0.338549 0.421416 -0.64177 0.0164509 0.423943 0.495064 0.758231
1305031813.965926 -0.346415 0.422521 -0.633952 0.00598998 0.419906 0.502085 0.756012
1305031814.003554 -0.346627 0.423628 -0.633041 -0.00208009 0.414347 0.512284 0.752248
1305031814.033924 -0.352508 0.42045 -0.619509 -0.00909178 0.41312 0.518828 0.748376
1305031814.066026 -0.359419 0.427487 -0.619953 -0.0114744 0.408359 0.525768 0.746109
1305031814.102320 -0.368663 0.427985 -0.616876 -0.0131389 0.406896 0.532007 0.74245
1305031814.134667 -0.362099 0.426243 -0.62099 -0.013382 0.404909 0.53921 0.738324
1305031814.166052 -0.359406 0.421212 -0.622621 -0.0108375 0.407362 0.542783 0.734388
1305031814.202037 -0.356315 0.420136 -0.628881 -0.00608066 0.411052 0.54416 0.731361
1305031814.234336 -0.341124 0.418264 -0.643113 -2.44081e-05 0.414613 0.546235 0.727821
1305031814.265980 -0.342069 0.410688 -0.640539 0.0110984 0.428869 0.54467 0.720613
1305031814.302865 -0.341394 0.403483 -0.640611 0.022371 0.442394 0.545037 0.711844
1305031814.334123 -0.341449 0.400317 -0.652796 0.0330686 0.453698 0.546804 0.702901
1305031814.365916 -0.342289 0.395939 -0.655694 0.0442842 0.467159 0.545482 0.694443
1305031814.402137 -0.348684 0.403854 -0.661977 0.0608491 0.480941 0.545646 0.683567
1305031814.434097 -0.354888 0.402953 -0.669179 0.0725141 0.494538 0.545446 0.672802
1305031814.466875 -0.352046 0.399194 -0.687258 0.0807162 0.506232 0.545697 0.662894
1305031814.503242 -0.355636 0.39669 -0.697314 0.0901937 0.521388 0.544441 0.650849
1305031814.535346 -0.359581 0.391841 -0.704394 0.0986353 0.537852 0.543054 0.637243
1305031814.567625 -0.353793 0.406785 -0.722258 0.109579 0.549231 0.542984 0.625705
1305031814.601706 -0.35344 0.408219 -0.732108 0.120628 0.565002 0.540251 0.611842
1305031814.635644 -0.359369 0.404281 -0.744431 0.130594 0.580989 0.535724 0.598663
1305031814.667643 -0.364577 0.405836 -0.746874 0.139659 0.597679 0.528246 0.586712
1305031814.702775 -0.364574 0.407027 -0.754598 0.148567 0.610346 0.522263 0.576755
1305031814.734657 -0.369034 0.402327 -0.761704 0.156413 0.622955 0.515058 0.567607
1305031814.766015 -0.364797 0.412129 -0.767284 0.165275 0.633152 0.507826 0.560281
1305031814.801939 -0.366963 0.411908 -0.77282 0.171045 0.64315 0.50135 0.552947
1305031814.834141 -0.368843 0.413147 -0.777566 0.175606 0.653117 0.493563 0.546806
1305031814.866927 -0.370224 0.412934 -0.786316 0.180616 0.663166 0.487026 0.538883
1305031814.901856 -0.373371 0.409512 -0.793052 0.18549 0.672833 0.480474 0.531069
1305031814.934189 -0.375963 0.409039 -0.796555 0.190297 0.681617 0.472396 0.525383
1305031814.966026 -0.37721 0.409148 -0.801409 0.195908 0.688651 0.465716 0.520085
1305031815.002785 -0.381004 0.403897 -0.803499 0.201072 0.69598 0.459178 0.514138
1305031815.034070 -0.38262 0.403866 -0.806329 0.206929 0.701384 0.454299 0.508776
1305031815.066249 -0.384683 0.397102 -0.808074 0.211817 0.70554 0.450449 0.504423
1305031815.098276 -0.384896 0.395725 -0.812282 0.218759 0.707732 0.446379 0.502001
1305031815.134087 -0.387531 0.391166 -0.814079 0.224649 0.709972 0.442398 0.499757
1305031815.167703 -0.390388 0.384157 -0.816999 0.229762 0.712057 0.438786 0.497645
1305031815.200200 -0.392195 0.380188 -0.819887 0.234307 0.714247 0.43371 0.496837
1305031815.235479 -0.390351 0.38361 -0.823594 0.239686 0.716811 0.427589 0.495884
1305031815.269898 -0.393194 0.378239 -0.822473 0.243841 0.721087 0.420634 0.493602
1305031815.303120 -0.395083 0.375898 -0.824234 0.247613 0.72593 0.412787 0.491243
1305031815.335140 -0.396806 0.371974 -0.826443 0.24965 0.73129 0.405199 0.488574
1305031815.369858 -0.396468 0.371001 -0.828415 0.252111 0.736809 0.396196 0.486397
1305031815.402087 -0.399977 0.36585 -0.828147 0.255684 0.741842 0.389098 0.482597
1305031815.435520 -0.400895 0.363946 -0.82906 0.259383 0.744697 0.383652 0.48058
1305031815.469069 -0.401988 0.35958 -0.830305 0.261616 0.746925 0.378937 0.479653
1305031815.503584 -0.403566 0.358918 -0.828758 0.264004 0.749135 0.374036 0.478744
1305031815.533867 -0.405269 0.356309 -0.830179 0.266079 0.750388 0.371362 0.477713
1305031815.570080 -0.404977 0.356281 -0.831174 0.267052 0.751822 0.368749 0.476939
1305031815.602977 -0.406371 0.353487 -0.830734 0.267895 0.752797 0.367494 0.475896
1305031815.633580 -0.40543 0.353579 -0.831792 0.268553 0.753325 0.366797 0.475226
1305031815.669542 -0.406378 0.35295 -0.830192 0.269068 0.753627 0.366981 0.474315
1305031815.703270 -0.405494 0.353919 -0.83114 0.269063 0.753183 0.368118 0.47414
1305031815.734736 -0.404162 0.354502 -0.830969 0.268382 0.753037 0.36894 0.474119
1305031815.770261 -0.403989 0.355787 -0.831208 0.268142 0.752752 0.370016 0.47387
1305031815.803102 -0.403457 0.356467 -0.826041 0.267911 0.752974 0.37053 0.473246
