1305031790.640468 0 0 0 0 0 0 1
1305031790.672866 0.00302469 0.00875674 0.0017424 -0.00956525 0.000790425 0.00344232 0.999948
1305031790.709421 0.00816728 0.0134069 0.00371506 -0.0206753 0.00039642 0.00623996 0.999767
1305031790.739530 0.0132679 0.0179008 0.00597374 -0.0299336 0.00114036 0.0110624 0.99949
1305031790.773548 0.0195434 0.0264963 0.00544508 -0.038227 0.00232636 0.0187083 0.999091
1305031790.809521 0.0251689 0.0366847 0.00731073 -0.0492721 0.00299963 0.027155 0.998412
1305031790.839363 0.0324762 0.0389602 0.00774901 -0.063069 0.00381653 0.0335415 0.997438
1305031790.871606 0.0379719 0.0399918 0.00965639 -0.0748588 0.00761362 0.0395437 0.996381
1305031790.909436 0.0431297 0.0425382 0.0102532 -0.0822645 0.0129336 0.0466746 0.995433
1305031790.941495 0.0452513 0.0429307 0.011592 -0.0891233 0.0195086 0.0540836 0.99436
1305031790.973696 0.0470395 0.0404115 0.0161304 -0.092467 0.0253302 0.0610233 0.993521
1305031791.009486 0.0486665 0.0344413 0.0191492 -0.0890934 0.0318548 0.0678074 0.993202
1305031791.041197 0.0558406 0.0265976 0.0150694 -0.0804224 0.0388961 0.0762064 0.993082
1305031791.073525 0.0585452 0.0182341 0.0138838 -0.0720162 0.0501082 0.0840757 0.99259
1305031791.109452 0.0602652 0.0118382 0.0126216 -0.0538723 0.0646746 0.0909168 0.992295
1305031791.141330 0.0650576 0.00656564 -0.000811301 -0.0277552 0.0829029 0.0918756 0.991925
1305031791.173227 0.063232 0.00685353 -0.00291872 -0.00284895 0.103791 0.096825 0.989871
1305031791.209506 0.0638916 -0.00351715 -0.00806959 0.0249602 0.123613 0.0940919 0.987544
1305031791.241091 0.0670634 -0.00945177 -0.0252572 0.0529706 0.143654 0.0953125 0.983602
1305031791.273558 0.0631178 -0.0128758 -0.0334173 0.0760524 0.164049 0.0992993 0.97849
1305031791.309764 0.0643573 -0.0257052 -0.0369761 0.104767 0.184404 0.102244 0.971887
1305031791.341415 0.0569976 -0.0277838 -0.0425862 0.131471 0.204668 0.103965 0.964374
1305031791.373525 0.0519439 -0.0342552 -0.043123 0.152633 0.221059 0.111265 0.956795
1305031791.409609 0.045155 -0.0426046 -0.0409821 0.180337 0.234435 0.117849 0.947961
1305031791.441538 0.0338685 -0.0390042 -0.041015 0.20856 0.246123 0.124598 0.938297
1305031791.473230 0.0305387 -0.0485995 -0.049543 0.227511 0.253853 0.132591 0.930708
1305031791.509595 0.0273287 -0.0605169 -0.054463 0.24714 0.259676 0.134932 0.923733
1305031791.541450 0.017776 -0.069624 -0.0602863 0.266068 0.266761 0.1358 0.916299
1305031791.574034 0.00800955 -0.0703012 -0.0635597 0.282806 0.274533 0.136869 0.908801
1305031791.609401 0.00984857 -0.0853373 -0.0719635 0.295324 0.279516 0.13628 0.903373
1305031791.641229 0.00733391 -0.100451 -0.0829436 0.311417 0.285267 0.131218 0.896897
1305031791.677621 -0.000267234 -0.104027 -0.0841466 0.331823 0.292699 0.129605 0.887369
1305031791.709275 -0.00553957 -0.102487 -0.0845824 0.353284 0.301511 0.126972 0.876447
1305031791.741364 -0.0164156 -0.108501 -0.0921803 0.370477 0.311065 0.125325 0.866187
1305031791.776668 -0.0191793 -0.105885 -0.0916588 0.389169 0.320767 0.120429 0.855075
1305031791.808429 -0.026082 -0.106316 -0.0943979 0.40764 0.331799 0.115594 0.842839
1305031791.840375 -0.0457249 -0.11438 -0.110102 0.422825 0.343613 0.115343 0.830569
1305031791.876494 -0.0583107 -0.116839 -0.115995 0.437174 0.353596 0.114504 0.818986
1305031791.908433 -0.0712409 -0.130465 -0.144648 0.445437 0.358418 0.115953 0.812205
1305031791.944357 -0.0712474 -0.126724 -0.14477 0.462421 0.362536 0.111866 0.801386
1305031791.977200 -0.0806044 -0.128775 -0.15131 0.474286 0.368867 0.108423 0.791982
1305031792.005506 -0.0654651 -0.124853 -0.158261 0.489266 0.370267 0.102649 0.782933
1305031792.041730 -0.0869613 -0.135744 -0.17416 0.496327 0.376913 0.0986335 0.775801
1305031792.076713 -0.0898219 -0.137893 -0.17882 0.502285 0.380829 0.0939388 0.770619
1305031792.109497 -0.102717 -0.152679 -0.198539 0.505942 0.384201 0.0947383 0.766444
1305031792.141484 -0.11015 -0.15175 -0.197984 0.511962 0.3869 0.0920357 0.761401
1305031792.177376 -0.108191 -0.147049 -0.190837 0.518193 0.390147 0.0853333 0.756293
1305031792.209274 -0.112506 -0.153339 -0.201753 0.521125 0.3931 0.0820697 0.753104
1305031792.241751 -0.115259 -0.148012 -0.20231 0.525269 0.394428 0.0786765 0.749886
1305031792.277507 -0.117505 -0.147155 -0.208643 0.525183 0.394439 0.0775193 0.750061
1305031792.309357 -0.12081 -0.143444 -0.211449 0.525337 0.393179 0.0774222 0.750624
1305031792.341029 -0.120085 -0.128384 -0.196677 0.523519 0.392558 0.0764483 0.752317
1305031792.377088 -0.118968 -0.123207 -0.184707 0.517494 0.393969 0.080047 0.755368
1305031792.409323 -0.12126 -0.12441 -0.191626 0.507631 0.392967 0.0880295 0.761669
1305031792.441590 -0.125106 -0.119964 -0.185418 0.498595 0.392438 0.094855 0.767071
1305031792.477100 -0.122852 -0.119169 -0.183529 0.488299 0.390673 0.102754 0.77355
1305031792.509589 -0.128045 -0.118466 -0.177325 0.475656 0.389596 0.113367 0.780458
1305031792.541061 -0.117626 -0.112133 -0.179187 0.46119 0.385648 0.122465 0.789672
1305031792.577055 -0.111155 -0.107015 -0.173004 0.446987 0.384545 0.130895 0.796991
1305031792.609388 -0.101475 -0.100311 -0.175191 0.431123 0.383409 0.138932 0.804878
1305031792.641219 -0.0824142 -0.090698 -0.180226 0.41554 0.381562 0.144608 0.812912
1305031792.677662 -0.0828712 -0.082064 -0.172327 0.401247 0.383448 0.151973 0.817846
1305031792.709219 -0.0762591 -0.0758027 -0.17203 0.38583 0.382091 0.160245 0.824296
1305031792.741510 -0.0645968 -0.0693528 -0.176286 0.369758 0.378129 0.167079 0.832095
1305031792.777507 -0.0591933 -0.0543734 -0.163792 0.357059 0.376797 0.17251 0.837122
1305031792.809440 -0.0491699 -0.0397591 -0.156443 0.344064 0.374505 0.18075 0.84184
1305031792.845359 -0.0478111 -0.0289909 -0.139656 0.331931 0.375855 0.18701 0.844738
1305031792.877574 -0.0458246 -0.0187479 -0.133429 0.318522 0.376474 0.194598 0.847905
1305031792.909293 -0.0358716 -0.0174161 -0.137166 0.303789 0.373333 0.204716 0.852306
1305031792.945340 -0.0262322 -0.0101826 -0.133067 0.291316 0.368715 0.215357 0.856041
1305031792.977564 -0.0231231 -0.00278617 -0.123716 0.278784 0.364308 0.228284 0.858746
1305031793.009530 -0.0216858 0.00996764 -0.106904 0.268207 0.361276 0.239181 0.860428
1305031793.045243 -0.0172 0.0144511 -0.102128 0.257794 0.358897 0.249582 0.861652
1305031793.077518 -0.0144007 0.0229074 -0.0929137 0.248228 0.359392 0.258536 0.861615
1305031793.109651 -0.0121078 0.0341488 -0.0805732 0.240181 0.363131 0.267101 0.859713
1305031793.145401 -0.00384907 0.0452896 -0.0756587 0.23215 0.365683 0.274699 0.858442
1305031793.177537 0.00141798 0.0441459 -0.0731221 0.221192 0.370001 0.281735 0.857204
1305031793.209609 0.00965485 0.0440134 -0.0724631 0.209687 0.373926 0.289888 0.855673
1305031793.245617 0.0157001 0.0430848 -0.0712531 0.197702 0.377878 0.297896 0.854038
1305031793.277180 0.0209319 0.0482369 -0.067312 0.187467 0.381432 0.30486 0.852306
1305031793.309399 0.0205833 0.0510797 -0.0578998 0.177987 0.385763 0.313619 0.849206
1305031793.345594 0.0236174 0.0509976 -0.0536159 0.167937 0.387688 0.323717 0.846583
1305031793.377232 0.027466 0.0578705 -0.0463549 0.159388 0.388392 0.33203 0.844691
1305031793.405708 0.0310348 0.0642554 -0.0381501 0.150783 0.389528 0.339952 0.842594
1305031793.442259 0.0329807 0.0714084 -0.0299133 0.142023 0.391965 0.347735 0.839805
1305031793.474150 0.0339714 0.0735486 -0.0204406 0.132336 0.394408 0.358081 0.835887
1305031793.507244 0.0400604 0.0775906 -0.0118977 0.123734 0.395018 0.367964 0.832618
1305031793.545400 0.0426156 0.0818915 -0.00158715 0.114525 0.395878 0.376692 0.829619
1305031793.577186 0.0444551 0.0811284 0.00983734 0.104889 0.397032 0.389303 0.824504
1305031793.609703 0.0501233 0.0819918 0.0170948 0.0958625 0.395791 0.403404 0.819406
1305031793.645429 0.0554432 0.0831526 0.026287 0.0860116 0.394385 0.414615 0.815572
1305031793.677435 0.0570217 0.084607 0.0338291 0.0761765 0.393288 0.426486 0.810945
1305031793.709532 0.0611742 0.082612 0.042324 0.0664121 0.391513 0.439246 0.805835
1305031793.745574 0.0640493 0.0853164 0.0493193 0.0577106 0.388539 0.451279 0.801283
1305031793.777364 0.0649448 0.0894759 0.0592655 0.0482549 0.386853 0.461116 0.797113
1305031793.809469 0.0697664 0.0896858 0.069987 0.038921 0.385566 0.470921 0.792501
1305031793.844756 0.0786434 0.0885711 0.0747614 0.0307039 0.383511 0.481365 0.787569
1305031793.876455 0.0845341 0.0881966 0.0792529 0.0237225 0.383003 0.490886 0.782162
1305031793.908753 0.0832597 0.085962 0.0842196 0.0180316 0.383176 0.499636 0.776669
1305031793.946431 0.0892965 0.0851042 0.0887606 0.011639 0.380919 0.506945 0.773157
1305031793.976745 0.0932823 0.0872147 0.0910321 0.00746199 0.379143 0.514163 0.769306
1305031794.009162 0.101504 0.0882963 0.0904577 0.00341881 0.37814 0.521344 0.764982
1305031794.044747 0.109286 0.0849985 0.0889573 -0.000143892 0.378346 0.527348 0.760762
1305031794.076455 0.110636 0.0826467 0.0899537 -0.000977914 0.379334 0.531817 0.75715
1305031794.112475 0.117542 0.0778581 0.0865009 -0.00224447 0.378774 0.536587 0.754056
1305031794.145599 0.124592 0.0795005 0.0812307 -0.000333456 0.378975 0.538993 0.752239
1305031794.177734 0.129131 0.0784783 0.0777027 0.00273437 0.382265 0.53922 0.750405
1305031794.213866 0.138321 0.0777842 0.0678606 0.00620344 0.385072 0.538184 0.749693
1305031794.245539 0.151381 0.0674618 0.0582911 0.010268 0.391239 0.536662 0.747543
1305031794.277346 0.148734 0.065741 0.0540419 0.0196923 0.400327 0.530485 0.746951
1305031794.313708 0.153991 0.0606027 0.0458502 0.0274807 0.408196 0.524723 0.746517
1305031794.345350 0.15523 0.0539523 0.0415794 0.0380805 0.418063 0.517303 0.745768
1305031794.377641 0.152711 0.0497878 0.035181 0.0508162 0.428086 0.507718 0.745911
1305031794.414154 0.145752 0.0474982 0.02703 0.0606089 0.436315 0.498396 0.746697
1305031794.445415 0.144538 0.0366697 0.0231656 0.0680776 0.444363 0.48993 0.746911
1305031794.477731 0.148224 0.0303111 0.00990118 0.0804997 0.449447 0.485118 0.745773
1305031794.513643 0.141249 0.0315199 0.00180747 0.0954291 0.45605 0.478776 0.7441
1305031794.545650 0.145819 0.0344001 -0.0166827 0.106197 0.459666 0.473626 0.743712
1305031794.577340 0.148273 0.0344102 -0.0272911 0.117708 0.468418 0.468081 0.74002
1305031794.613627 0.143719 0.0287581 -0.0393211 0.128429 0.480089 0.461118 0.735113
1305031794.645569 0.138485 0.0266221 -0.0412295 0.139511 0.495923 0.451956 0.72824
1305031794.677507 0.132161 0.0131717 -0.0468044 0.146813 0.513548 0.443042 0.720019
1305031794.713599 0.125455 0.0022311 -0.0476635 0.154462 0.533774 0.43383 0.709238
1305031794.745368 0.118596 0.00221115 -0.0409686 0.167507 0.557699 0.422549 0.694526
1305031794.776816 0.105549 0.00832202 -0.0421456 0.180731 0.581394 0.408451 0.680062
1305031794.813463 0.100778 0.00311891 -0.0497046 0.191964 0.60369 0.396102 0.664689
1305031794.846026 0.0950106 -0.00285909 -0.0506931 0.202447 0.625484 0.382641 0.64913
1305031794.873764 0.0922748 -0.00641238 -0.0642528 0.213464 0.643637 0.36948 0.635334
1305031794.910108 0.083294 -0.0194044 -0.0751219 0.223748 0.661027 0.356705 0.621081
1305031794.945596 0.0753812 -0.0289533 -0.079506 0.23239 0.677255 0.343376 0.607794
1305031794.977250 0.0696952 -0.0358558 -0.0828689 0.240283 0.690968 0.332483 0.595216
1305031795.013538 0.0602975 -0.0380641 -0.0905666 0.24801 0.70096 0.323811 0.585057
1305031795.045683 0.050482 -0.0350542 -0.0941657 0.254836 0.708362 0.317837 0.576421
1305031795.077205 0.0441824 -0.0443599 -0.117167 0.255691 0.713186 0.31649 0.570808
1305031795.113230 0.0447493 -0.0653482 -0.146346 0.260839 0.720685 0.312373 0.561248
1305031795.145139 0.0379163 -0.072379 -0.15955 0.271025 0.73054 0.301836 0.549319
1305031795.177574 0.0241108 -0.0707476 -0.175342 0.280763 0.738384 0.293089 0.538571
1305031795.213517 0.0188763 -0.071168 -0.182286 0.290893 0.745703 0.286384 0.526585
1305031795.245440 0.0154418 -0.0695169 -0.190277 0.301189 0.750933 0.279415 0.517021
1305031795.277594 0.00662337 -0.0707082 -0.201477 0.309066 0.755692 0.273414 0.508579
1305031795.312820 0.000117725 -0.0773219 -0.214998 0.315057 0.761426 0.26838 0.498941
1305031795.345404 -0.00931666 -0.0786803 -0.225322 0.319471 0.768441 0.261194 0.489095
1305031795.381033 -0.0204604 -0.0803472 -0.237953 0.32069 0.777216 0.2544 0.477884
1305031795.413248 -0.0248462 -0.0685059 -0.239648 0.325056 0.785937 0.249089 0.463246
1305031795.444944 -0.0335886 -0.0616354 -0.252826 0.327025 0.792601 0.247073 0.451434
1305031795.480855 -0.0373267 -0.0495632 -0.258394 0.329293 0.799234 0.243337 0.439975
1305031795.509058 -0.0441348 -0.0455968 -0.268558 0.330222 0.805454 0.240627 0.429296
1305031795.543822 -0.0488077 -0.0431089 -0.275505 0.330264 0.811265 0.237931 0.419719
1305031795.580571 -0.0493804 -0.0460537 -0.280732 0.328584 0.817229 0.235198 0.410916
1305031795.612694 -0.0410338 -0.0573832 -0.276437 0.325352 0.825104 0.231686 0.399588
1305031795.644499 -0.0455571 -0.0465538 -0.286709 0.325396 0.830805 0.225436 0.391229
1305031795.680455 -0.0347504 -0.060466 -0.271113 0.326436 0.837552 0.222966 0.377137
1305031795.713145 -0.0354277 -0.0450063 -0.265721 0.326537 0.84021 0.222273 0.371505
1305031795.745356 -0.0350543 -0.0438655 -0.263456 0.32092 0.842966 0.227207 0.367145
1305031795.781187 -0.0255898 -0.0365236 -0.25648 0.314453 0.84667 0.233592 0.360146
1305031795.812774 -0.0227563 -0.0298498 -0.259718 0.310926 0.847637 0.243725 0.354168
1305031795.844570 -0.0142873 -0.0188082 -0.253501 0.306849 0.846656 0.256509 0.351028
1305031795.880527 -2.78738e-05 -0.0136994 -0.246231 0.301632 0.84508 0.270637 0.348732
1305031795.909127 0.00952699 -0.0139565 -0.248944 0.297613 0.841725 0.28631 0.347782
1305031795.944316 0.0158341 -0.00464223 -0.244024 0.29217 0.838186 0.301246 0.348327
1305031795.980897 0.0272664 0.0181005 -0.232982 0.285315 0.835594 0.314913 0.34815
1305031796.012654 0.0363218 0.0214429 -0.237076 0.279137 0.831735 0.332565 0.345977
1305031796.045068 0.0457708 0.0183286 -0.237472 0.27258 0.827276 0.350841 0.343838
1305031796.081241 0.054689 0.0228398 -0.236446 0.265836 0.821388 0.369302 0.343901
1305031796.113736 0.0639101 0.0363606 -0.232419 0.260019 0.815297 0.386042 0.344459
1305031796.145545 0.0712364 0.0408943 -0.231986 0.254557 0.809103 0.403459 0.343181
1305031796.179196 0.0809598 0.0518801 -0.221529 0.249941 0.80455 0.417939 0.339935
1305031796.212249 0.0832396 0.0601608 -0.223705 0.243823 0.798357 0.43461 0.338068
1305031796.244465 0.0867514 0.0709278 -0.223326 0.23796 0.794229 0.44858 0.333693
1305031796.280467 0.0930938 0.0720892 -0.216449 0.234207 0.790654 0.462528 0.325702
1305031796.312376 0.0985139 0.0734046 -0.20994 0.228718 0.785447 0.477426 0.320663
1305031796.342290 0.100777 0.0786624 -0.208627 0.223729 0.778563 0.492816 0.317676
1305031796.380122 0.101489 0.0856779 -0.202171 0.220682 0.772902 0.505196 0.314165
1305031796.411800 0.104189 0.0913087 -0.188511 0.215998 0.767234 0.517927 0.31056
1305031796.444268 0.104881 0.0947047 -0.187682 0.211636 0.758469 0.533698 0.308386
1305031796.481198 0.104584 0.097611 -0.187874 0.206846 0.751853 0.545734 0.306769
1305031796.512896 0.103912 0.105296 -0.173613 0.201154 0.747308 0.555005 0.30502
1305031796.544633 0.106212 0.109407 -0.167442 0.194035 0.740492 0.567765 0.302763
1305031796.581150 0.108797 0.110561 -0.160094 0.189497 0.733497 0.580182 0.299103
1305031796.613198 0.109389 0.110968 -0.149766 0.186528 0.724847 0.592872 0.297164
1305031796.649045 0.109657 0.113373 -0.140566 0.181991 0.714686 0.605746 0.298622
1305031796.679446 0.108789 0.12418 -0.133724 0.179332 0.704553 0.617203 0.300841
1305031796.712815 0.106954 0.130001 -0.127126 0.177327 0.694999 0.628757 0.300326
1305031796.749489 0.105495 0.134797 -0.117512 0.17422 0.686919 0.638774 0.299596
1305031796.781421 0.10382 0.139742 -0.107399 0.171283 0.677917 0.649231 0.299315
1305031796.813561 0.102247 0.145033 -0.100703 0.17024 0.667795 0.660524 0.297953
1305031796.849638 0.0996711 0.149721 -0.092131 0.169876 0.659224 0.669532 0.297143
1305031796.877643 0.0963817 0.152477 -0.0829567 0.168099 0.649284 0.679162 0.298181
1305031796.913380 0.0944836 0.159412 -0.0748614 0.166936 0.638098 0.68965 0.298908
1305031796.949604 0.0916164 0.164781 -0.065326 0.166652 0.629248 0.697766 0.298992
1305031796.980992 0.0872391 0.169744 -0.0547184 0.165083 0.620712 0.705366 0.299872
1305031797.013555 0.083769 0.176587 -0.0440154 0.16199 0.613908 0.711826 0.300301
1305031797.049352 0.0803621 0.179753 -0.0385482 0.158198 0.606356 0.719535 0.299292
1305031797.081428 0.0762385 0.183323 -0.031846 0.154351 0.599461 0.726367 0.298686
1305031797.112264 0.0721311 0.185223 -0.0269559 0.150328 0.592203 0.733671 0.297361
1305031797.149559 0.0667421 0.189218 -0.0213702 0.149936 0.583802 0.741822 0.29393
1305031797.181442 0.0623238 0.194476 -0.0171971 0.150862 0.574372 0.750138 0.290912
1305031797.213717 0.0577219 0.198372 -0.0143346 0.152093 0.564156 0.758043 0.289769
1305031797.249736 0.0533047 0.201191 -0.0108854 0.153427 0.552992 0.76621 0.289107
1305031797.281280 0.0476849 0.205575 -0.0032222 0.155832 0.545262 0.771065 0.289594
1305031797.313591 0.0425045 0.206643 0.00274034 0.155507 0.53941 0.774892 0.290512
1305031797.349653 0.038095 0.208424 0.0080394 0.154661 0.534546 0.779079 0.288749
1305031797.381725 0.0346776 0.209721 0.0109083 0.154311 0.529148 0.783939 0.28571
1305031797.413444 0.0302299 0.213123 0.0148418 0.155445 0.525296 0.787155 0.283352
1305031797.449459 0.0258946 0.21587 0.0155922 0.156754 0.522019 0.789909 0.281012
1305031797.481250 0.0215035 0.2192 0.0169119 0.159378 0.519648 0.791837 0.278495
1305031797.511821 0.0191403 0.222855 0.0168943 0.161252 0.518056 0.79311 0.276753
1305031797.549595 0.0162229 0.228912 0.0122239 0.164693 0.520276 0.791384 0.2755
1305031797.577492 0.0122432 0.227977 0.0122655 0.168372 0.529848 0.785462 0.271959
1305031797.613482 0.00663306 0.227496 0.00929982 0.172808 0.541049 0.77916 0.265165
1305031797.649463 0.0031637 0.231329 0.00577777 0.17754 0.554664 0.770677 0.258619
1305031797.681494 -0.00344492 0.228889 -0.00469356 0.180782 0.569038 0.761392 0.252577
1305031797.711478 -0.00900287 0.224942 -0.0119021 0.180558 0.584303 0.751517 0.247408
1305031797.749330 -0.0144312 0.220483 -0.0167125 0.178145 0.602683 0.739234 0.242013
1305031797.781348 -0.0197072 0.2137 -0.0262918 0.172961 0.617055 0.730344 0.236486
1305031797.815855 -0.0234544 0.211244 -0.0344875 0.170166 0.631368 0.720655 0.230378
1305031797.849306 -0.0246787 0.209098 -0.0410975 0.169137 0.646725 0.709878 0.22184
1305031797.877576 -0.0297479 0.2042 -0.0519628 0.168878 0.661638 0.699199 0.211745
1305031797.917116 -0.0317342 0.199864 -0.0571219 0.169637 0.678055 0.687028 0.198636
1305031797.949871 -0.0350965 0.200258 -0.0678265 0.170934 0.694346 0.673469 0.187364
1305031797.981971 -0.0389505 0.196495 -0.0743449 0.171929 0.711386 0.658589 0.175016
1305031798.015269 -0.0427315 0.191776 -0.0835726 0.172469 0.727038 0.644786 0.161003
1305031798.049495 -0.0455188 0.189041 -0.0935944 0.17359 0.740358 0.632212 0.148474
1305031798.081417 -0.0494686 0.18514 -0.106469 0.172877 0.753981 0.618669 0.137386
1305031798.114860 -0.0511578 0.18245 -0.112315 0.173802 0.767234 0.604765 0.124115
1305031798.149092 -0.0515291 0.176957 -0.120113 0.17429 0.778228 0.593066 0.11071
1305031798.180856 -0.0522932 0.170173 -0.127596 0.17491 0.786711 0.583561 0.0997454
1305031798.216938 -0.0533022 0.167085 -0.139907 0.173502 0.79486 0.574443 0.0900558
1305031798.249843 -0.0548099 0.162537 -0.149484 0.170957 0.804512 0.563484 0.0775888
1305031798.277285 -0.0544318 0.158816 -0.153343 0.169177 0.814289 0.551614 0.0635163
1305031798.317008 -0.0514667 0.156016 -0.160619 0.167328 0.822957 0.540553 0.050451
1305031798.349326 -0.0497835 0.152507 -0.167929 0.166237 0.831578 0.528495 0.0392037
1305031798.381412 -0.0504906 0.145025 -0.172383 0.163788 0.839601 0.51713 0.028636
1305031798.417238 -0.0497302 0.140299 -0.175645 0.160558 0.847471 0.505688 0.017112
1305031798.449066 -0.0493557 0.136574 -0.184737 0.158128 0.854614 0.494575 0.00509051
1305031798.481517 -0.046242 0.131675 -0.18877 0.156141 0.862732 0.480898 -0.00703703
1305031798.517491 -0.0463754 0.126039 -0.195009 0.153245 0.869819 0.468619 -0.0181011
1305031798.548782 -0.043986 0.122435 -0.201034 0.150037 0.875969 0.457405 -0.0307781
1305031798.581190 -0.0439817 0.114965 -0.211755 0.149024 0.881696 0.445545 -0.0435139
1305031798.616969 -0.041739 0.1121 -0.211519 0.148631 0.887808 0.431884 -0.0564131
1305031798.649387 -0.047301 0.105527 -0.218088 0.149286 0.891461 0.4223 -0.0683573
1305031798.681173 -0.0429886 0.103937 -0.220655 0.151543 0.895234 0.410719 -0.0830743
1305031798.717545 -0.0456351 0.0970791 -0.225829 0.153388 0.898809 0.398991 -0.0970604
1305031798.749417 -0.0465536 0.0923208 -0.225554 0.153647 0.903276 0.385604 -0.108602
1305031798.780379 -0.0415986 0.0844927 -0.230836 0.149675 0.907948 0.373039 -0.118617
1305031798.816718 -0.044418 0.0771129 -0.238837 0.144316 0.91292 0.36003 -0.126994
1305031798.848499 -0.0424135 0.0729977 -0.239598 0.140202 0.917651 0.345995 -0.136189
1305031798.880461 -0.0371281 0.0664836 -0.244834 0.135388 0.921578 0.334042 -0.144154
1305031798.916769 -0.0395777 0.0578783 -0.24494 0.130923 0.925405 0.323787 -0.14713
1305031798.948386 -0.0316949 0.049113 -0.246504 0.125356 0.92832 0.315519 -0.151511
1305031798.977548 -0.0371457 0.0470988 -0.245631 0.121976 0.93148 0.305822 -0.154722
1305031799.016423 -0.0428717 0.0354286 -0.24496 0.117323 0.934604 0.296753 -0.157124
1305031799.048165 -0.0464887 0.0266658 -0.243447 0.110292 0.936909 0.290142 -0.160792
1305031799.084229 -0.0466935 0.0202587 -0.239685 0.103092 0.938428 0.284921 -0.165966
1305031799.116275 -0.0466838 0.0136494 -0.235368 0.0971011 0.93929 0.28098 -0.171337
1305031799.148353 -0.0458057 -0.00183262 -0.240659 0.092422 0.939046 0.279729 -0.177208
1305031799.184133 -0.0410462 -0.0113314 -0.240043 0.0915164 0.938465 0.277959 -0.183431
1305031799.216330 -0.0454052 -0.0196419 -0.234632 0.093253 0.937475 0.278338 -0.187012
1305031799.248919 -0.0522562 -0.0250041 -0.234681 0.0920149 0.936301 0.280903 -0.189652
1305031799.282109 -0.0542431 -0.0372609 -0.236529 0.0899802 0.934454 0.284523 -0.194284
1305031799.317052 -0.0575208 -0.0403043 -0.232819 0.0875087 0.932737 0.28762 -0.199043
1305031799.345225 -0.0648817 -0.0341957 -0.219137 0.0833626 0.932122 0.288571 -0.202301
1305031799.385836 -0.0579247 -0.0409768 -0.215964 0.082487 0.929421 0.292345 -0.209537
1305031799.417030 -0.0630808 -0.044349 -0.206871 0.0843567 0.926761 0.29774 -0.212951
1305031799.449416 -0.0640845 -0.0458872 -0.198679 0.0842841 0.9234 0.306906 -0.214562
1305031799.485270 -0.0615809 -0.04359 -0.19576 0.0836594 0.919086 0.318264 -0.21677
1305031799.517032 -0.0673762 -0.0395418 -0.188594 0.0842519 0.91482 0.3297 -0.217494
1305031799.548193 -0.0683124 -0.0324314 -0.17589 0.0843629 0.910546 0.340737 -0.218372
1305031799.581386 -0.0709655 -0.0289636 -0.169699 0.0857172 0.904955 0.3544 -0.219341
1305031799.617188 -0.069269 -0.0269084 -0.165722 0.087665 0.899072 0.367585 -0.221054
1305031799.649673 -0.0701508 -0.0203699 -0.156401 0.0903974 0.893948 0.378844 -0.221725
1305031799.685493 -0.0640043 -0.0153903 -0.147001 0.0933663 0.8879 0.391607 -0.22262
1305031799.717286 -0.064705 -0.0109812 -0.142496 0.0969216 0.881006 0.406332 -0.222101
1305031799.749321 -0.0653261 -0.00627025 -0.136698 0.101711 0.874761 0.418317 -0.222392
1305031799.785018 -0.0638343 0.00136506 -0.123475 0.1068 0.868658 0.429822 -0.22199
1305031799.814639 -0.0642383 0.00597591 -0.120562 0.111744 0.860973 0.444202 -0.221186
1305031799.849553 -0.0591691 0.0141069 -0.108673 0.116982 0.854091 0.455697 -0.221773
1305031799.885163 -0.0584729 0.0232422 -0.0997273 0.121038 0.846988 0.468109 -0.220987
1305031799.916952 -0.0572802 0.0295028 -0.0911979 0.123353 0.838971 0.482357 -0.219643
1305031799.949350 -0.0589351 0.0364059 -0.0875452 0.12759 0.829531 0.496863 -0.22074
1305031799.985260 -0.0566243 0.0473383 -0.0774603 0.132421 0.821418 0.50864 -0.221409
1305031800.017573 -0.0564013 0.055292 -0.0692183 0.137274 0.812738 0.521669 -0.220167
1305031800.049428 -0.0571568 0.063306 -0.0626945 0.142509 0.803406 0.534846 -0.219477
1305031800.085033 -0.0571478 0.071067 -0.0520198 0.147684 0.794928 0.546117 -0.219168
1305031800.117205 -0.0574196 0.0780657 -0.0448705 0.149301 0.785948 0.558919 -0.218185
1305031800.149430 -0.0578969 0.0871677 -0.0404529 0.149338 0.776293 0.571769 -0.219423
1305031800.185401 -0.0552411 0.0947509 -0.0324393 0.150587 0.766935 0.58221 -0.223978
1305031800.217472 -0.0497296 0.102721 -0.0191817 0.154274 0.757185 0.592432 -0.227806
1305031800.249376 -0.0470881 0.111124 -0.0124753 0.158906 0.745626 0.605315 -0.228877
1305031800.285574 -0.0461962 0.118119 -0.00512594 0.162619 0.734634 0.61771 -0.228697
1305031800.317706 -0.0453771 0.124871 0.000955922 0.165253 0.723225 0.630039 -0.229539
1305031800.353570 -0.0409281 0.135137 0.00994555 0.168138 0.711914 0.640883 -0.232761
1305031800.386128 -0.0378328 0.141996 0.0160644 0.169501 0.700042 0.65258 -0.235266
1305031800.417282 -0.0355712 0.153336 0.0212624 0.172038 0.688525 0.663017 -0.238213
1305031800.453754 -0.0318417 0.161408 0.0240939 0.175572 0.675772 0.673603 -0.242415
1305031800.485575 -0.0307907 0.170487 0.0290675 0.179978 0.664685 0.682072 -0.246129
1305031800.517739 -0.0294363 0.178195 0.0340403 0.185617 0.653539 0.689725 -0.250426
1305031800.553340 -0.0278664 0.185126 0.0378907 0.189902 0.642683 0.697328 -0.254224
1305031800.585490 -0.0274676 0.191736 0.041848 0.192136 0.633157 0.704269 -0.257294
1305031800.617831 -0.0250367 0.197791 0.0456217 0.193571 0.623688 0.71111 -0.260511
1305031800.653624 -0.0234793 0.20449 0.0494258 0.196108 0.614778 0.71723 -0.263003
1305031800.685405 -0.0205319 0.211388 0.0501321 0.199197 0.605717 0.722819 -0.266384
1305031800.713947 -0.0188264 0.216599 0.0523109 0.203261 0.597739 0.727061 -0.269769
1305031800.753166 -0.0160414 0.22441 0.0508906 0.205428 0.590738 0.731082 -0.272667
1305031800.784054 -0.0174272 0.229805 0.0472699 0.208117 0.584802 0.733165 -0.277784
1305031800.816096 -0.0194293 0.237243 0.0384511 0.208319 0.581369 0.7335 -0.283886
1305031800.853919 -0.0236784 0.243989 0.0296801 0.207058 0.58179 0.730556 -0.291437
1305031800.885396 -0.021812 0.247265 0.0239557 0.203162 0.586623 0.723482 -0.301948
1305031800.917427 -0.0245457 0.248634 0.0169468 0.200472 0.59161 0.716143 -0.311363
1305031800.953700 -0.0268908 0.255478 0.00596761 0.193767 0.60106 0.705118 -0.322473
1305031800.985467 -0.0275337 0.254395 -0.00213059 0.183664 0.615478 0.689987 -0.333726
1305031801.017256 -0.0342356 0.25244 -0.0146095 0.173783 0.626724 0.676724 -0.345052
1305031801.053202 -0.0354514 0.244738 -0.0201989 0.163824 0.639792 0.659726 -0.358595
1305031801.085709 -0.0353701 0.235208 -0.0239197 0.153474 0.653863 0.641459 -0.370727
1305031801.117929 -0.0358881 0.232334 -0.030409 0.139885 0.665363 0.626754 -0.380662
1305031801.149557 -0.0439111 0.225594 -0.0403131 0.126578 0.675992 0.611763 -0.390843
1305031801.183875 -0.0425645 0.223668 -0.0462407 0.111091 0.68819 0.593414 -0.402384
1305031801.213176 -0.0445733 0.219825 -0.0547209 0.0976272 0.698968 0.574999 -0.41387
1305031801.253746 -0.055633 0.206782 -0.0689068 0.0877542 0.707519 0.559537 -0.422652
1305031801.285341 -0.0548302 0.200392 -0.0810956 0.0778907 0.715652 0.54426 -0.430762
1305031801.318014 -0.0635623 0.189071 -0.0914464 0.0678553 0.723756 0.530944 -0.435512
1305031801.353094 -0.0630776 0.177356 -0.108048 0.0592094 0.729547 0.517769 -0.442912
1305031801.385194 -0.0703578 0.16441 -0.12343 0.0519769 0.734413 0.507045 -0.448153
1305031801.417407 -0.0724991 0.158438 -0.127411 0.0437583 0.741389 0.494705 -0.451325
1305031801.453727 -0.08002 0.144167 -0.138208 0.0373147 0.746855 0.484579 -0.45387
1305031801.485350 -0.0821294 0.138539 -0.143069 0.031044 0.753272 0.471871 -0.457117
1305031801.521131 -0.0886052 0.121874 -0.16002 0.0268257 0.75866 0.461122 -0.459436
1305031801.550374 -0.0866228 0.118539 -0.162719 0.0201014 0.766031 0.447969 -0.460561
1305031801.585137 -0.0948406 0.103382 -0.174661 0.0150289 0.771832 0.438037 -0.460623
1305031801.621227 -0.10234 0.0905308 -0.182011 0.0100309 0.778478 0.425589 -0.461243
1305031801.653135 -0.0978266 0.084457 -0.190152 0.00163702 0.785648 0.40959 -0.46367
1305031801.685234 -0.105158 0.0727712 -0.196335 -0.00585693 0.793408 0.394624 -0.463401
1305031801.721833 -0.108076 0.063948 -0.199793 -0.0158592 0.800833 0.379374 -0.463131
1305031801.752492 -0.112228 0.0517827 -0.20433 -0.0240925 0.807818 0.364362 -0.462699
1305031801.785189 -0.105444 0.0516678 -0.203146 -0.0361283 0.814069 0.349323 -0.462558
1305031801.821431 -0.110227 0.0447174 -0.202402 -0.0463007 0.818667 0.336803 -0.462823
1305031801.851024 -0.109342 0.0352485 -0.208965 -0.0544837 0.822393 0.322834 -0.465273
1305031801.885594 -0.11187 0.0208787 -0.213651 -0.0614305 0.82634 0.310429 -0.465856
1305031801.921490 -0.102547 0.0256985 -0.214281 -0.0690419 0.829661 0.296638 -0.46787
1305031801.953537 -0.0986726 0.0242336 -0.217752 -0.0735119 0.832936 0.28581 -0.46811
1305031801.985210 -0.102595 0.0182008 -0.217346 -0.0753476 0.836706 0.276686 -0.466573
1305031802.019644 -0.111517 0.00447691 -0.217862 -0.0745347 0.84025 0.267812 -0.465511
1305031802.053402 -0.115029 0.00373537 -0.212078 -0.0777509 0.843407 0.25663 -0.465576
1305031802.085036 -0.124286 -0.0132022 -0.213623 -0.0813619 0.844897 0.249016 -0.466391
1305031802.121342 -0.131274 -0.0214339 -0.211539 -0.0894681 0.846173 0.238247 -0.468214
1305031802.153506 -0.13224 -0.0194226 -0.20515 -0.100046 0.845948 0.226302 -0.472388
1305031802.184646 -0.132141 -0.00623247 -0.193085 -0.108147 0.844784 0.214909 -0.477974
1305031802.219780 -0.133828 -0.00866167 -0.189052 -0.112569 0.841977 0.210422 -0.483866
1305031802.253201 -0.135525 -0.00612723 -0.178248 -0.115966 0.838754 0.206226 -0.490423
1305031802.285410 -0.142875 -0.0155788 -0.16452 -0.114143 0.836169 0.205927 -0.495365
1305031802.321392 -0.144991 -0.0150113 -0.161477 0.112995 -0.832348 -0.208047 0.501145
1305031802.353673 -0.148615 -0.017964 -0.157755 0.113961 -0.82844 -0.213313 0.505172
1305031802.385256 -0.151806 -0.0170501 -0.155042 0.116278 -0.824444 -0.214639 0.510589
1305031802.421381 -0.151002 -0.0136562 -0.149197 0.117136 -0.820604 -0.215652 0.516122
1305031802.449815 -0.156678 -0.0144587 -0.142752 0.116991 -0.816884 -0.220336 0.520064
1305031802.485366 -0.158412 -0.0128871 -0.142793 0.116762 -0.812865 -0.224417 0.524646
1305031802.521559 -0.154405 -0.00579878 -0.128431 0.114712 -0.810129 -0.227997 0.527778
1305031802.553684 -0.154009 -0.00101568 -0.123477 0.112323 -0.804322 -0.239839 0.531909
1305031802.585533 -0.155449 0.00506869 -0.120934 0.110176 -0.797353 -0.253008 0.536727
1305031802.621150 -0.153245 0.0223906 -0.104297 0.106857 -0.790098 -0.266138 0.541753
1305031802.651432 -0.153292 0.0287573 -0.105894 0.0992898 -0.777074 -0.288328 0.550605
1305031802.685539 -0.156362 0.0354304 -0.101032 0.0894453 -0.76617 -0.307312 0.557264
1305031802.721583 -0.155425 0.0488093 -0.0909869 0.0813439 -0.757131 -0.324747 0.560958
1305031802.751226 -0.155239 0.0681444 -0.0768214 0.0725993 -0.747307 -0.34214 0.56498
1305031802.789007 -0.16067 0.0717277 -0.0807013 0.0619013 -0.734567 -0.361362 0.570962
1305031802.821805 -0.162076 0.0839084 -0.077608 0.053363 -0.72226 -0.374552 0.578968
1305031802.853857 -0.164024 0.0948668 -0.0745316 0.0433151 -0.709534 -0.385138 0.588518
1305031802.890975 -0.165719 0.103634 -0.0643871 0.03361 -0.698685 -0.394756 0.595717
1305031802.921571 -0.167876 0.114948 -0.0590441 0.0257832 -0.687572 -0.404314 0.602585
1305031802.954186 -0.172392 0.122693 -0.0543234 0.0201778 -0.676037 -0.413359 0.609673
1305031802.989730 -0.174136 0.129681 -0.0495747 0.0155634 -0.663459 -0.421013 0.618327
1305031803.021911 -0.17601 0.138829 -0.045197 0.011511 -0.650082 -0.427742 0.627932
1305031803.053859 -0.174768 0.149735 -0.0352746 0.00660334 -0.637907 -0.432371 0.63725
1305031803.089624 -0.175408 0.155571 -0.0314373 6.70861e-05 -0.625644 -0.436188 0.646768
1305031803.122288 -0.171399 0.161143 -0.0263102 -0.00634517 -0.613809 -0.439609 0.6557
1305031803.153738 -0.169407 0.164595 -0.0222045 -0.0136868 -0.600935 -0.445205 0.663688
1305031803.189456 -0.169574 0.174524 -0.0186191 -0.0210876 -0.589103 -0.447508 0.672495
1305031803.222097 -0.163442 0.173312 -0.0133175 -0.028626 -0.577842 -0.450869 0.679703
1305031803.253833 -0.162898 0.178714 -0.0124087 -0.0357306 -0.564955 -0.455684 0.686951
1305031803.289513 -0.161639 0.183326 -0.0103203 -0.042862 -0.553222 -0.458218 0.694366
1305031803.317616 -0.15892 0.190872 -0.00277369 -0.0488381 -0.542496 -0.46072 0.70075
1305031803.353839 -0.155717 0.19753 0.000178372 -0.0553737 -0.530831 -0.464433 0.706721
1305031803.393279 -0.153 0.202143 -0.000354657 -0.0638428 -0.519428 -0.467211 0.712623
1305031803.421427 -0.151677 0.205968 0.00255137 -0.0713689 -0.510011 -0.468139 0.718082
1305031803.449958 -0.14932 0.210165 0.00724413 -0.076628 -0.501221 -0.470637 0.722085
1305031803.489758 -0.148326 0.213905 0.00917506 -0.0828732 -0.491387 -0.472094 0.727185
1305031803.517807 -0.145715 0.216209 0.0108139 -0.0895857 -0.48257 -0.472784 0.731831
1305031803.553175 -0.142663 0.218654 0.0145358 -0.0959531 -0.475159 -0.472912 0.735779
1305031803.588621 -0.139145 0.219745 0.0142365 -0.103266 -0.468255 -0.47323 0.739003
1305031803.617801 -0.136149 0.222427 0.0154598 -0.1097 -0.462545 -0.475897 0.73996
1305031803.654299 -0.132898 0.224733 0.0194014 -0.115408 -0.456523 -0.480411 0.739914
1305031803.686328 -0.128838 0.226865 0.0220854 -0.12028 -0.449193 -0.483812 0.741407
1305031803.721631 -0.125372 0.22793 0.0214283 -0.128271 -0.441287 -0.486026 0.743365
1305031803.754202 -0.120833 0.230335 0.0212157 -0.138815 -0.433998 -0.490709 0.742685
1305031803.789665 -0.117192 0.231339 0.0262676 -0.149904 -0.428054 -0.494773 0.741282
1305031803.822228 -0.110949 0.234036 0.028024 -0.159276 -0.421897 -0.499551 0.73965
1305031803.854272 -0.105499 0.236603 0.0314133 -0.169424 -0.41535 -0.506306 0.736501
1305031803.894274 -0.0990347 0.238736 0.0340801 -0.178302 -0.408247 -0.513158 0.733629
1305031803.922306 -0.0924654 0.240788 0.0352027 -0.186721 -0.400647 -0.519174 0.731489
1305031803.953878 -0.0865707 0.241565 0.0376253 -0.197102 -0.393364 -0.525101 0.728481
1305031803.986986 -0.0795476 0.244812 0.0377057 -0.20715 -0.386384 -0.52949 0.726248
1305031804.021991 -0.0689672 0.248434 0.0373479 -0.215297 -0.379966 -0.533169 0.724571
1305031804.057867 -0.0605987 0.252021 0.0413567 -0.224603 -0.373963 -0.536193 0.722636
1305031804.090568 -0.0569195 0.25511 0.0478191 -0.234222 -0.36805 -0.540129 0.719681
1305031804.121807 -0.0522105 0.256497 0.0509273 -0.241107 -0.362365 -0.542497 0.71851
1305031804.159547 -0.0477131 0.258048 0.0542881 -0.248152 -0.356293 -0.543551 0.718351
1305031804.190025 -0.0493813 0.258409 0.0609299 -0.255959 -0.351731 -0.544693 0.716994
1305031804.221943 -0.05265 0.259208 0.0692859 -0.260603 -0.349709 -0.543764 0.717015
1305031804.257543 -0.0542591 0.259626 0.071655 -0.261333 -0.347671 -0.541034 0.7198
1305031804.289105 -0.065493 0.257344 0.0751073 -0.261761 -0.346761 -0.537877 0.722445
1305031804.322186 -0.077116 0.252674 0.0783071 -0.258842 -0.349521 -0.533696 0.725262
1305031804.357487 -0.0852492 0.247143 0.083419 -0.251903 -0.356062 -0.52767 0.728924
1305031804.388583 -0.0915858 0.239155 0.0819469 -0.240082 -0.362695 -0.5213 0.734206
1305031804.420347 -0.0896364 0.231745 0.0759794 -0.223639 -0.370206 -0.512691 0.741674
1305031804.458421 -0.0917882 0.224329 0.0677872 -0.204913 -0.377301 -0.504851 0.748852
1305031804.488618 -0.0926952 0.215219 0.0566802 -0.185549 -0.383768 -0.496925 0.755883
1305031804.520334 -0.0981461 0.203685 0.0495615 -0.169055 -0.390282 -0.48903 0.761544
1305031804.553325 -0.102318 0.192989 0.0424992 -0.151104 -0.397431 -0.48074 0.766881
1305031804.588603 -0.108409 0.181687 0.034225 -0.134047 -0.402758 -0.47289 0.772135
1305031804.620878 -0.112399 0.171669 0.027024 -0.116741 -0.408323 -0.463897 0.77746
1305031804.657048 -0.116544 0.161552 0.0193656 -0.0990571 -0.413293 -0.457471 0.781087
1305031804.689811 -0.122258 0.151581 0.0157903 -0.0805478 -0.417816 -0.449758 0.785277
1305031804.721742 -0.126997 0.142337 0.00879032 -0.059514 -0.421687 -0.440793 0.790152
1305031804.761864 -0.133018 0.132992 0.0020113 -0.0364472 -0.425648 -0.432738 0.793872
1305031804.794542 -0.140727 0.121388 -0.00444312 -0.0128894 -0.430039 -0.42322 0.797361
1305031804.822160 -0.144195 0.114128 -0.0115122 0.0139339 -0.43372 -0.413356 0.800518
1305031804.857799 -0.14838 0.1067 -0.0186699 0.0411015 -0.436769 -0.400732 0.804337
1305031804.889635 -0.152179 0.0982572 -0.0333936 0.0668235 -0.438084 -0.389629 0.807345
1305031804.921987 -0.154774 0.0963008 -0.0442933 0.088976 -0.440316 -0.376578 0.810182
1305031804.958018 -0.160722 0.0924275 -0.0565582 0.107078 -0.442105 -0.366686 0.811553
1305031804.989454 -0.165476 0.0866975 -0.0641313 0.122753 -0.445055 -0.355617 0.812646
1305031805.021251 -0.17069 0.0829049 -0.0746654 0.137664 -0.447168 -0.34235 0.814792
1305031805.053799 -0.177216 0.0793845 -0.0822893 0.150252 -0.449143 -0.328709 0.817096
1305031805.088981 -0.186778 0.0734712 -0.0930178 0.161173 -0.450568 -0.317633 0.818609
1305031805.120822 -0.189922 0.0714728 -0.0993096 0.171622 -0.454193 -0.305255 0.819191
1305031805.156816 -0.193915 0.0669963 -0.108013 0.180798 -0.456949 -0.294946 0.819461
1305031805.188114 -0.202837 0.0608831 -0.116741 0.188772 -0.458036 -0.288271 0.819431
1305031805.224830 -0.206221 0.0568649 -0.12528 0.197414 -0.458739 -0.28058 0.819671
1305031805.256506 -0.212921 0.0572533 -0.136879 0.205504 -0.458351 -0.27182 0.820851
1305031805.288719 -0.215206 0.050055 -0.14333 0.212694 -0.459121 -0.265244 0.82074
1305031805.324692 -0.219462 0.0426868 -0.158931 0.22375 -0.45576 -0.261494 0.820877
1305031805.360488 -0.223337 0.0450898 -0.163515 0.23913 -0.451845 -0.254218 0.820991
1305031805.392685 -0.23131 0.0480938 -0.172311 0.25526 -0.448465 -0.243723 0.82117
1305031805.426082 -0.235002 0.0389243 -0.188483 0.268921 -0.446131 -0.234712 0.820706
1305031805.455941 -0.235084 0.034149 -0.193589 0.286224 -0.444603 -0.227765 0.817635
1305031805.488250 -0.236306 0.0214827 -0.208959 0.303812 -0.440279 -0.224298 0.814581
1305031805.524339 -0.236377 0.0337046 -0.206626 0.326547 -0.437484 -0.215492 0.809653
1305031805.555936 -0.23354 0.0210742 -0.223685 0.342046 -0.433813 -0.210564 0.80652
1305031805.587800 -0.247533 0.0403802 -0.226099 0.360103 -0.429533 -0.202384 0.803036
1305031805.626288 -0.250347 0.0497515 -0.236427 0.374381 -0.42682 -0.196635 0.799373
1305031805.653600 -0.254687 0.0646563 -0.238317 0.382527 -0.422385 -0.191144 0.799204
1305031805.688826 -0.252869 0.0554226 -0.25946 0.382293 -0.418684 -0.18651 0.802353
1305031805.724499 -0.237614 0.0192067 -0.281284 0.37462 -0.416034 -0.18949 0.806641
1305031805.756662 -0.239378 0.00915762 -0.30643 0.363816 -0.409759 -0.191521 0.814282
1305031805.788800 -0.22921 0.00299694 -0.310368 0.348947 -0.407022 -0.193663 0.821623
1305031805.825010 -0.240677 0.00148 -0.324706 0.323601 -0.398422 -0.199874 0.834621
1305031805.856722 -0.236345 0.0243976 -0.306024 0.30289 -0.392712 -0.204108 0.844023
1305031805.888558 -0.238113 0.0322218 -0.294007 0.283767 -0.388377 -0.209157 0.851406
1305031805.924334 -0.233855 0.0233871 -0.271985 0.264504 -0.385261 -0.21484 0.857587
1305031805.956398 -0.235793 0.0161233 -0.276959 0.245237 -0.379746 -0.218059 0.864929
1305031805.990628 -0.228304 0.0119489 -0.268835 0.228201 -0.375056 -0.222795 0.870414
1305031806.026273 -0.225376 0.0119772 -0.264333 0.213825 -0.36717 -0.226924 0.876339
1305031806.056329 -0.219805 0.00659575 -0.247976 0.20073 -0.359901 -0.230006 0.881633
1305031806.091003 -0.216496 0.00272808 -0.243476 0.189625 -0.350791 -0.23302 0.886955
1305031806.126194 -0.213742 0.0087078 -0.239623 0.17963 -0.339381 -0.237704 0.892216
1305031806.160305 -0.209952 0.0152198 -0.227158 0.168853 -0.32966 -0.239744 0.897405
1305031806.186461 -0.205018 0.0198068 -0.220355 0.154846 -0.320345 -0.241752 0.90275
1305031806.226737 -0.198556 0.0242711 -0.210414 0.13905 -0.311777 -0.245715 0.90724
1305031806.256407 -0.197112 0.0219873 -0.202795 0.123699 -0.302144 -0.251273 0.911191
1305031806.292064 -0.189877 0.0284165 -0.192273 0.11092 -0.293007 -0.255962 0.914509
1305031806.324430 -0.187262 0.0324074 -0.183913 0.095552 -0.283125 -0.257886 0.918806
1305031806.356698 -0.182233 0.0367909 -0.176053 0.0793257 -0.275169 -0.258762 0.922514
1305031806.388772 -0.176901 0.0426188 -0.165947 0.0629463 -0.268178 -0.260641 0.925303
1305031806.428086 -0.171648 0.0448982 -0.154986 0.0457373 -0.262044 -0.260847 0.928009
1305031806.458170 -0.166041 0.0472099 -0.144474 0.0335528 -0.256907 -0.260985 0.929925
1305031806.493660 -0.157586 0.0530926 -0.135148 0.0251935 -0.249375 -0.265618 0.930926
1305031806.531887 -0.15097 0.0585608 -0.126538 0.0155317 -0.238893 -0.266439 0.933648
1305031806.556751 -0.143967 0.0685816 -0.117875 0.00518836 -0.230676 -0.264758 0.936304
1305031806.594170 -0.137002 0.076091 -0.11056 -0.00820993 -0.222565 -0.267319 0.937517
1305031806.625910 -0.13138 0.078916 -0.10195 -0.023213 -0.214242 -0.269317 0.938632
1305031806.660594 -0.125315 0.0824032 -0.0947214 -0.0370992 -0.205696 -0.267378 0.94065
1305031806.695601 -0.122497 0.0854119 -0.0899292 -0.0522897 -0.197198 -0.264006 0.942698
1305031806.725479 -0.11887 0.0884743 -0.0849534 -0.0679507 -0.191559 -0.2598 0.94403
1305031806.757877 -0.115033 0.0930809 -0.0805072 -0.082483 -0.187476 -0.255829 0.944775
1305031806.793755 -0.111248 0.0973246 -0.0756599 -0.0955235 -0.184432 -0.252783 0.944966
1305031806.821694 -0.10571 0.101772 -0.070095 -0.105805 -0.180264 -0.251224 0.945091
1305031806.857332 -0.101769 0.107261 -0.0661973 -0.116087 -0.172821 -0.249994 0.9456
1305031806.893667 -0.0980125 0.112943 -0.0620653 -0.12611 -0.166685 -0.248432 0.94583
1305031806.925528 -0.0955736 0.116682 -0.0587908 -0.137246 -0.160605 -0.245048 0.946214
1305031806.957342 -0.0928558 0.12184 -0.0548827 -0.1485 -0.155899 -0.241206 0.946289
1305031806.994718 -0.0888108 0.12969 -0.0509822 -0.15647 -0.151791 -0.238276 0.946415
1305031807.025349 -0.0870177 0.136191 -0.0484584 -0.163646 -0.145729 -0.234936 0.946989
1305031807.057482 -0.0849326 0.14106 -0.045842 -0.16995 -0.140338 -0.231274 0.947594
1305031807.094797 -0.0831055 0.146266 -0.0435317 -0.175502 -0.135437 -0.227268 0.948264
1305031807.125639 -0.0820667 0.152583 -0.0417737 -0.177791 -0.130312 -0.223465 0.949459
1305031807.158021 -0.0810747 0.156627 -0.0405047 -0.178807 -0.12532 -0.218148 0.951175
1305031807.193815 -0.082026 0.158812 -0.0391113 -0.178768 -0.120031 -0.212855 0.953062
1305031807.226069 -0.0845325 0.161321 -0.0382866 -0.177255 -0.11361 -0.20724 0.955366
1305031807.258189 -0.0865277 0.165322 -0.0378924 -0.171373 -0.107463 -0.201767 0.958318
1305031807.294600 -0.0901209 0.164722 -0.0366671 -0.165323 -0.10029 -0.194444 0.961666
1305031807.325779 -0.0919061 0.164106 -0.0365169 -0.155192 -0.0944234 -0.18486 0.965829
1305031807.356999 -0.0973822 0.162071 -0.037186 -0.142687 -0.0883952 -0.175534 0.970059
1305031807.394901 -0.104532 0.155076 -0.0387166 -0.131481 -0.081662 -0.167658 0.97362
1305031807.425389 -0.110307 0.152083 -0.0419388 -0.11384 -0.0744259 -0.162157 0.977346
1305031807.456981 -0.115913 0.138387 -0.0429584 -0.094862 -0.0681539 -0.154747 0.981025
1305031807.493776 -0.121052 0.129387 -0.0453161 -0.0665261 -0.061139 -0.146904 0.985015
1305031807.525569 -0.126733 0.137082 -0.0488239 -0.0283834 -0.0527471 -0.138923 0.98849
1305031807.558514 -0.127529 0.131398 -0.051025 -0.00342086 -0.0470985 -0.133769 0.989887
1305031807.593758 -0.131863 0.120897 -0.0562279 0.0209704 -0.0385848 -0.127227 0.990901
1305031807.625726 -0.137981 0.122915 -0.0612228 0.0482134 -0.028974 -0.121676 0.990975
1305031807.657923 -0.144476 0.116695 -0.0658523 0.0673335 -0.02151 -0.117504 0.990554
1305031807.695218 -0.149124 0.103061 -0.0717761 0.0848983 -0.0171801 -0.11277 0.989838
1305031807.725763 -0.152028 0.0991561 -0.0775195 0.109437 -0.0129813 -0.107006 0.988132
1305031807.763921 -0.156546 0.0883244 -0.0858566 0.127708 -0.00735551 -0.102087 0.986516
1305031807.794370 -0.164066 0.0834314 -0.0928405 0.149558 -0.00285775 -0.0958359 0.984093
1305031807.825649 -0.168548 0.0807582 -0.100037 0.170854 -0.00219362 -0.090229 0.981154
1305031807.862767 -0.167369 0.0731039 -0.108494 0.188059 -0.00229933 -0.0876643 0.978235
1305031807.895051 -0.169301 0.06518 -0.11592 0.203694 -0.000290215 -0.0846289 0.97537
1305031807.922091 -0.172086 0.0590882 -0.124221 0.22019 0.00149085 -0.0819926 0.972004
1305031807.960371 -0.174166 0.0501333 -0.13391 0.235958 0.0020748 -0.0792394 0.968525
1305031807.990310 -0.17738 0.0442237 -0.143315 0.251657 0.00193291 -0.0765227 0.964785
1305031808.025493 -0.17806 0.039208 -0.151807 0.267654 0.000376072 -0.0724525 0.960787
1305031808.060837 -0.179414 0.032583 -0.161395 0.28334 -0.0017393 -0.0675886 0.956633
1305031808.094509 -0.179535 0.0285523 -0.169047 0.300494 -0.0042903 -0.0655126 0.951522
1305031808.124869 -0.177798 0.0218555 -0.179492 0.316838 -0.00678411 -0.0639333 0.946298
1305031808.160774 -0.178029 0.00990295 -0.193997 0.332341 -0.00875555 -0.0619495 0.941082
1305031808.193540 -0.178571 0.00562664 -0.204204 0.351517 -0.0102987 -0.0621956 0.934056
1305031808.224541 -0.175674 0.00699748 -0.21121 0.369922 -0.0137496 -0.0613496 0.926933
1305031808.259528 -0.174419 0.00340165 -0.223689 0.382238 -0.0182429 -0.0604082 0.921907
1305031808.292602 -0.172466 -0.00124288 -0.230427 0.394831 -0.021511 -0.0624007 0.91638
1305031808.324524 -0.171815 -0.00418762 -0.240703 0.409595 -0.0225516 -0.0632164 0.909795
1305031808.362374 -0.168857 -0.00806378 -0.252169 0.42348 -0.0245996 -0.0619221 0.903452
1305031808.394090 -0.17164 -0.00923335 -0.261703 0.436244 -0.0259204 -0.0618114 0.897329
1305031808.427040 -0.179464 -0.00743182 -0.27274 0.447715 -0.0252853 -0.0629517 0.891599
1305031808.462622 -0.195946 0.0138092 -0.262326 0.464166 -0.0214651 -0.0611874 0.883372
1305031808.493893 -0.173333 -0.0129845 -0.294158 0.471844 -0.0240074 -0.0602907 0.87929
1305031808.524551 -0.177188 -0.0100634 -0.308817 0.482059 -0.0245536 -0.0564473 0.873974
1305031808.561866 -0.165446 -0.0131864 -0.314419 0.491592 -0.0273331 -0.0559218 0.868598
1305031808.590231 -0.152339 -0.00637062 -0.298929 0.505148 -0.027749 -0.0558617 0.860776
1305031808.624717 -0.141105 -0.00925965 -0.28741 0.517866 -0.0240375 -0.0529814 0.853481
1305031808.661004 -0.121674 -0.00992354 -0.292994 0.527726 -0.018466 -0.0508681 0.847689
1305031808.692608 -0.128372 -0.0072486 -0.303729 0.535831 -0.010326 -0.0460431 0.843005
1305031808.724581 -0.106143 -0.00752609 -0.312315 0.54296 -0.0072475 -0.0464921 0.838439
1305031808.761035 -0.101785 -0.00626154 -0.312032 0.550305 0.00171568 -0.0459355 0.833697
1305031808.792909 -0.105813 -0.00336418 -0.306226 0.559776 0.014215 -0.0426982 0.827421
1305031808.824645 -0.112558 -0.000615067 -0.324793 0.563453 0.0272421 -0.0368741 0.824875
1305031808.860603 -0.112089 0.00122218 -0.339995 0.561746 0.0391133 -0.032415 0.825748
1305031808.894236 -0.111797 0.00239742 -0.351365 0.556907 0.0512826 -0.0279365 0.828519
1305031808.924712 -0.119224 -0.00119192 -0.374604 0.546277 0.0608948 -0.0221313 0.835095
1305031808.960766 -0.122384 0.000394424 -0.375205 0.533649 0.0706092 -0.0191532 0.842536
1305031808.994453 -0.130401 0.00468267 -0.369507 0.519761 0.0796223 -0.0136942 0.850483
1305031809.029773 -0.133701 0.00903545 -0.361887 0.505428 0.086518 -0.00839034 0.858479
1305031809.063418 -0.119791 0.00955155 -0.353331 0.490783 0.091985 -0.00624251 0.86639
1305031809.097271 -0.110659 0.0111982 -0.342062 0.477413 0.0992668 -0.00461794 0.873042
1305031809.131663 -0.099236 0.0147227 -0.321647 0.467082 0.108861 -0.00318263 0.877481
1305031809.161507 -0.107329 0.0186154 -0.318352 0.453902 0.121004 0.00257244 0.882793
1305031809.194288 -0.11636 0.0217059 -0.313132 0.440376 0.130987 0.0106525 0.888143
1305031809.229538 -0.119811 0.0230141 -0.309092 0.426673 0.138259 0.0186852 0.89358
1305031809.261343 -0.125814 0.0276733 -0.302482 0.412001 0.14497 0.0254711 0.899217
1305031809.294460 -0.127545 0.0360162 -0.287636 0.397288 0.151096 0.0334951 0.90455
1305031809.330064 -0.115893 0.0396436 -0.280932 0.383572 0.153525 0.0404613 0.909761
1305031809.359534 -0.116105 0.0463346 -0.274445 0.370529 0.157236 0.0465142 0.914233
1305031809.393838 -0.119632 0.0501836 -0.26817 0.356497 0.161401 0.051804 0.91879
1305031809.428411 -0.124035 0.0544134 -0.261491 0.342344 0.163959 0.056022 0.923461
1305031809.462164 -0.126982 0.0566017 -0.255416 0.329797 0.166229 0.0597402 0.927379
1305031809.493873 -0.131518 0.0579517 -0.250593 0.318551 0.167424 0.0658798 0.930674
1305031809.530074 -0.133537 0.0622366 -0.24552 0.308347 0.167095 0.0708352 0.933801
1305031809.563364 -0.135597 0.069025 -0.239995 0.298275 0.167751 0.0731315 0.936773
1305031809.594021 -0.137197 0.0735705 -0.234942 0.28771 0.169408 0.074472 0.939669
1305031809.631035 -0.141527 0.0748279 -0.230384 0.277955 0.173115 0.0758239 0.941819
1305031809.662949 -0.145916 0.0808566 -0.22466 0.270085 0.176319 0.0775514 0.943372
1305031809.693782 -0.150493 0.0852591 -0.220843 0.260804 0.178729 0.0800118 0.945323
1305031809.731309 -0.154661 0.0898901 -0.216661 0.251264 0.180129 0.0837582 0.947314
1305031809.758942 -0.15665 0.0936366 -0.213178 0.241016 0.180761 0.0869083 0.94957
1305031809.793369 -0.158616 0.0968426 -0.208694 0.230746 0.182118 0.0911048 0.951467
1305031809.830391 -0.160494 0.10229 -0.204386 0.220685 0.183383 0.0971379 0.953013
1305031809.861943 -0.1611 0.107975 -0.199513 0.210326 0.184805 0.10106 0.954671
1305031809.895169 -0.160601 0.111408 -0.195061 0.198667 0.187471 0.104529 0.956274
1305031809.929860 -0.160857 0.116388 -0.189258 0.188264 0.191203 0.108857 0.957156
1305031809.963228 -0.161113 0.123533 -0.186312 0.178262 0.19418 0.113934 0.957881
1305031809.994224 -0.161251 0.129154 -0.183368 0.167344 0.196664 0.118623 0.958774
1305031810.030062 -0.160206 0.13572 -0.178421 0.156088 0.198327 0.123603 0.959701
1305031810.062155 -0.158595 0.139645 -0.175629 0.146101 0.200548 0.128102 0.960221
1305031810.095183 -0.158419 0.145935 -0.171453 0.137815 0.203365 0.133577 0.960108
1305031810.131056 -0.157766 0.151988 -0.168667 0.12864 0.205074 0.138725 0.960287
1305031810.161700 -0.155205 0.1561 -0.168472 0.117586 0.207525 0.14018 0.960966
1305031810.197185 -0.154336 0.160441 -0.163662 0.108624 0.211938 0.142934 0.960652
1305031810.230520 -0.153877 0.168571 -0.163476 0.100986 0.215128 0.146792 0.960195
1305031810.262762 -0.153355 0.176831 -0.162299 0.0916619 0.217427 0.149338 0.96022
1305031810.298074 -0.151622 0.183299 -0.162082 0.0791618 0.218357 0.150569 0.960928
1305031810.330937 -0.149125 0.187234 -0.159307 0.067905 0.219682 0.15186 0.961284
1305031810.362897 -0.145665 0.191728 -0.159599 0.058848 0.220891 0.156001 0.960941
1305031810.396861 -0.143323 0.199852 -0.159597 0.0514845 0.221212 0.162648 0.960188
1305031810.429920 -0.140361 0.205093 -0.15998 0.0420581 0.220209 0.168476 0.959872
1305031810.461399 -0.13745 0.212116 -0.162651 0.0313296 0.218561 0.172432 0.959957
1305031810.496777 -0.133665 0.214058 -0.163116 0.0168765 0.217949 0.176985 0.95963
1305031810.529947 -0.131972 0.214991 -0.157519 0.00515283 0.221165 0.181169 0.958247
1305031810.561970 -0.125998 0.22417 -0.164516 -0.00353008 0.221795 0.186091 0.957165
1305031810.598116 -0.123777 0.228279 -0.162906 -0.0134553 0.22529 0.191384 0.955215
1305031810.630327 -0.122133 0.235805 -0.161692 -0.0186504 0.228297 0.198173 0.953027
1305031810.661881 -0.118849 0.233607 -0.154388 -0.0241996 0.232425 0.204682 0.950525
1305031810.698469 -0.113441 0.235354 -0.153483 -0.0243703 0.236338 0.211062 0.948158
1305031810.729616 -0.107131 0.233915 -0.152409 -0.0223144 0.24197 0.215929 0.945689
1305031810.762055 -0.105174 0.236577 -0.154098 -0.0145634 0.250149 0.220723 0.9426
1305031810.798335 -0.101872 0.235404 -0.154278 -0.00673206 0.258125 0.224085 0.939741
1305031810.826635 -0.0960119 0.232084 -0.158806 0.00342302 0.266827 0.225249 0.937046
1305031810.859437 -0.0907007 0.227894 -0.165399 0.0161017 0.277872 0.225304 0.933684
1305031810.896721 -0.0887894 0.232932 -0.171976 0.0324013 0.289343 0.225827 0.929641
1305031810.931542 -0.0915863 0.228295 -0.17211 0.04523 0.301471 0.225514 0.925318
1305031810.962074 -0.0801821 0.216337 -0.177514 0.0605188 0.311038 0.225576 0.921254
1305031810.999156 -0.0886985 0.227317 -0.180039 0.0842883 0.324388 0.224596 0.915
1305031811.030567 -0.09165 0.225792 -0.187538 0.0982728 0.334085 0.225452 0.909891
1305031811.062402 -0.0886954 0.216421 -0.190552 0.110696 0.341664 0.226093 0.90548
1305031811.098594 -0.0908239 0.217539 -0.194978 0.1293 0.350149 0.224311 0.900201
1305031811.130054 -0.0964369 0.228178 -0.207002 0.146097 0.357858 0.223519 0.894781
1305031811.163124 -0.0948616 0.222963 -0.211839 0.155303 0.365038 0.223307 0.890372
1305031811.196680 -0.0956787 0.220852 -0.216764 0.165632 0.372144 0.221181 0.886089
1305031811.226245 -0.0948104 0.218187 -0.223508 0.176831 0.379726 0.218915 0.881258
1305031811.258835 -0.0949324 0.217202 -0.229803 0.187297 0.388837 0.217479 0.875459
1305031811.297420 -0.0901323 0.210743 -0.240228 0.197834 0.39734 0.216688 0.869499
1305031811.330119 -0.0897002 0.20702 -0.249855 0.211264 0.407066 0.213697 0.862553
1305031811.362347 -0.0928499 0.199491 -0.254219 0.227066 0.418453 0.212728 0.853279
1305031811.399651 -0.0900806 0.185881 -0.27103 0.241519 0.425369 0.212449 0.845929
1305031811.430784 -0.0962944 0.177211 -0.280024 0.257529 0.434106 0.208012 0.837832
1305031811.466212 -0.0978874 0.161023 -0.306052 0.270219 0.440896 0.204936 0.83102
1305031811.497813 -0.101683 0.15609 -0.31482 0.284196 0.449476 0.201357 0.822593
1305031811.530073 -0.10325 0.150339 -0.324616 0.294236 0.458093 0.19681 0.815378
1305031811.566308 -0.119392 0.146735 -0.306208 0.30702 0.470989 0.192192 0.804345
1305031811.598269 -0.125239 0.144907 -0.308805 0.319447 0.479649 0.187345 0.795483
1305031811.630831 -0.1282 0.129323 -0.321924 0.33111 0.486716 0.185235 0.786868
1305031811.663366 -0.13669 0.110672 -0.334037 0.343779 0.492851 0.18301 0.778089
1305031811.698740 -0.144945 0.0910093 -0.348825 0.353698 0.497154 0.181089 0.771325
1305031811.733435 -0.157481 0.0717704 -0.35378 0.36437 0.502121 0.178869 0.763619
1305031811.765703 -0.162563 0.0736934 -0.354761 0.37763 0.505226 0.173821 0.756259
1305031811.799543 -0.176651 0.0621246 -0.353593 0.387103 0.510256 0.171389 0.748609
1305031811.831559 -0.188524 0.0475128 -0.34887 0.397522 0.516018 0.169416 0.739594
1305031811.866219 -0.199426 0.0318887 -0.354398 0.405985 0.519278 0.168053 0.732997
1305031811.899601 -0.208825 0.0187837 -0.368113 0.41317 0.520818 0.165502 0.728456
1305031811.929778 -0.215882 0.00836274 -0.376805 0.420817 0.52315 0.161473 0.723294
1305031811.965910 -0.222317 0.00357138 -0.386589 0.428857 0.525705 0.156549 0.71778
1305031811.997697 -0.230989 -0.00498504 -0.391625 0.438561 0.529541 0.152931 0.709833
1305031812.031513 -0.237946 -0.0100351 -0.391915 0.448259 0.533247 0.14844 0.70191
1305031812.067293 -0.245476 -0.0156491 -0.395505 0.456775 0.535555 0.14459 0.695436
1305031812.097226 -0.248402 -0.0153547 -0.397293 0.46567 0.537916 0.138769 0.688869
1305031812.131618 -0.241695 -0.00648458 -0.406038 0.475175 0.539567 0.131615 0.682462
1305031812.165747 -0.249688 -0.0119503 -0.418045 0.481928 0.544485 0.12791 0.674478
1305031812.194229 -0.259799 -0.0179332 -0.423766 0.486893 0.549814 0.123704 0.667336
1305031812.230599 -0.262109 -0.0193371 -0.411238 0.495079 0.555425 0.118722 0.657499
1305031812.262258 -0.271313 -0.0242533 -0.407456 0.502287 0.559387 0.117829 0.648776
1305031812.295017 -0.270495 -0.019598 -0.40093 0.509498 0.560575 0.11726 0.642197
1305031812.329535 -0.274506 -0.0240045 -0.408297 0.512466 0.562544 0.116511 0.638239
1305031812.367033 -0.279388 -0.0297738 -0.40822 0.514595 0.568057 0.114826 0.631916
1305031812.398919 -0.275692 -0.0329576 -0.392982 0.520359 0.57692 0.111811 0.619587
1305031812.431444 -0.285126 -0.025628 -0.411272 0.522762 0.582241 0.110227 0.612833
1305031812.466128 -0.29321 -0.0125299 -0.429612 0.520122 0.58584 0.109725 0.611739
1305031812.499545 -0.30235 -0.00955977 -0.440086 0.513356 0.590439 0.113053 0.612427
1305031812.530582 -0.307184 -0.00441308 -0.447836 0.504738 0.595021 0.116706 0.614467
1305031812.566690 -0.314132 -0.00125518 -0.448877 0.495794 0.600424 0.12163 0.615537
1305031812.599029 -0.31775 0.00783394 -0.453102 0.485487 0.604296 0.129599 0.618331
1305031812.628645 -0.315155 0.0176062 -0.460478 0.473342 0.607641 0.135856 0.623107
1305031812.668061 -0.320403 0.0198782 -0.462062 0.461661 0.611835 0.143859 0.625965
1305031812.698746 -0.321571 0.04627 -0.462762 0.452131 0.612658 0.153064 0.62992
1305031812.734013 -0.314528 0.0557353 -0.458696 0.441004 0.614808 0.164408 0.632848
1305031812.767275 -0.313148 0.0618738 -0.457764 0.429692 0.616329 0.174566 0.63642
1305031812.799489 -0.312541 0.0673952 -0.464891 0.414964 0.616467 0.186156 0.642743
1305031812.834132 -0.306612 0.082975 -0.458404 0.403833 0.616261 0.196934 0.646806
1305031812.866016 -0.298869 0.101284 -0.457319 0.394349 0.613497 0.208065 0.651781
1305031812.898960 -0.291663 0.109163 -0.458552 0.383019 0.611936 0.219904 0.656105
1305031812.934173 -0.284579 0.121984 -0.455907 0.372453 0.610922 0.230482 0.659493
1305031812.966151 -0.281177 0.127197 -0.449953 0.360189 0.61075 0.242829 0.662029
1305031812.999091 -0.279383 0.133354 -0.442299 0.348341 0.608952 0.256475 0.664874
1305031813.034784 -0.276373 0.142846 -0.441656 0.336349 0.605375 0.268768 0.669444
1305031813.066289 -0.27474 0.153429 -0.436623 0.325306 0.601556 0.280755 0.673411
1305031813.098588 -0.272278 0.162429 -0.433406 0.314081 0.595899 0.295133 0.677609
1305031813.135262 -0.26737 0.171122 -0.426937 0.304829 0.589506 0.309272 0.681111
1305031813.166033 -0.265534 0.178958 -0.420533 0.294795 0.582554 0.321525 0.68582
1305031813.196373 -0.262234 0.189667 -0.407362 0.285043 0.575862 0.333018 0.690096
1305031813.234674 -0.2581 0.192264 -0.406557 0.274346 0.567884 0.344493 0.69539
1305031813.267055 -0.2553 0.1997 -0.395676 0.264836 0.560371 0.355258 0.699741
1305031813.299198 -0.251106 0.208915 -0.393386 0.255303 0.552245 0.365516 0.704445
1305031813.333908 -0.250453 0.207246 -0.386215 0.243145 0.547478 0.374984 0.707485
1305031813.365437 -0.249387 0.213609 -0.379555 0.232812 0.542983 0.385038 0.709023
1305031813.398657 -0.245296 0.217472 -0.377197 0.221782 0.538237 0.396016 0.71013
1305031813.433247 -0.246162 0.226328 -0.365311 0.211918 0.535164 0.405618 0.710045
1305031813.466220 -0.25125 0.228163 -0.35657 0.199797 0.530286 0.417934 0.710077
1305031813.498088 -0.248074 0.235269 -0.35282 0.188231 0.522423 0.430361 0.711641
1305031813.534016 -0.248938 0.241679 -0.348906 0.176592 0.516189 0.439901 0.713338
1305031813.566769 -0.248125 0.247517 -0.342824 0.163589 0.511276 0.449252 0.714149
1305031813.598490 -0.246998 0.253089 -0.336678 0.1517 0.507345 0.457359 0.714431
1305031813.631475 -0.249852 0.253946 -0.33009 0.139999 0.50497 0.464136 0.714131
1305031813.661752 -0.253065 0.25265 -0.325688 0.128343 0.502499 0.471749 0.713075
1305031813.698286 -0.253503 0.251895 -0.321995 0.11708 0.498624 0.479427 0.712612
1305031813.730280 -0.25715 0.24994 -0.316138 0.107267 0.494826 0.485723 0.712541
1305031813.764797 -0.262167 0.2506 -0.308409 0.0974706 0.490162 0.491716 0.713061
1305031813.799441 -0.266492 0.254965 -0.301859 0.0879312 0.484164 0.497848 0.714144
1305031813.833945 -0.284724 0.254082 -0.280937 0.0649182 0.472433 0.510391 0.715607
1305031813.867772 -0.290586 0.253654 -0.270457 0.052889 0.46325 0.521633 0.714493
1305031813.899482 -0.289077 0.265163 -0.26524 0.0435576 0.451503 0.533817 0.713644
1305031813.934338 -0.287073 0.274199 -0.261476 0.0355191 0.44444 0.542474 0.711992
1305031813.965926 -0.290539 0.281847 -0.256419 0.0301553 0.439327 0.552768 0.707481
1305031814.003554 -0.287697 0.289248 -0.253061 0.0253187 0.432554 0.563283 0.70354
1305031814.033924 -0.282142 0.286804 -0.253252 0.0209864 0.426443 0.572553 0.699921
1305031814.066026 -0.282185 0.289278 -0.251721 0.020735 0.422289 0.580691 0.69573
1305031814.102320 -0.280003 0.290893 -0.251715 0.0211074 0.41979 0.588356 0.690774
1305031814.134667 -0.269454 0.293776 -0.26117 0.0232069 0.417789 0.594977 0.686233
1305031814.166052 -0.270095 0.29468 -0.261956 0.0297176 0.423648 0.597892 0.679827
1305031814.202037 -0.268682 0.293157 -0.268342 0.0354471 0.430138 0.601146 0.672569
1305031814.234336 -0.254661 0.289973 -0.282817 0.0419281 0.437146 0.605184 0.664001
1305031814.265980 -0.272228 0.292337 -0.278601 0.0582519 0.454778 0.600904 0.65475
1305031814.302865 -0.276343 0.290745 -0.279485 0.0672902 0.466397 0.601923 0.644697
1305031814.334123 -0.276047 0.283785 -0.281922 0.0773451 0.480846 0.601984 0.632787
1305031814.365916 -0.286465 0.278589 -0.283663 0.0889933 0.497398 0.59852 0.621651
1305031814.402137 -0.293102 0.275012 -0.287142 0.0985388 0.512231 0.597593 0.608927
1305031814.434097 -0.297783 0.272564 -0.293096 0.107875 0.526087 0.596844 0.596132
1305031814.466875 -0.303476 0.27179 -0.302447 0.116682 0.541023 0.594113 0.583702
1305031814.503242 -0.313195 0.264988 -0.310358 0.122319 0.557866 0.591286 0.56939
1305031814.535346 -0.32213 0.253417 -0.313617 0.127788 0.575379 0.587965 0.55399
1305031814.567625 -0.321472 0.26085 -0.328386 0.136228 0.5876 0.585927 0.541163
1305031814.601706 -0.323354 0.263041 -0.331155 0.14654 0.606157 0.578466 0.52581
1305031814.635644 -0.333269 0.260021 -0.34306 0.15492 0.620025 0.573725 0.512258
1305031814.667643 -0.335059 0.255933 -0.347867 0.161222 0.63332 0.568407 0.499827
1305031814.702775 -0.337405 0.257467 -0.357303 0.170084 0.645616 0.56063 0.489842
1305031814.734657 -0.343032 0.255125 -0.361864 0.175999 0.657144 0.55252 0.481568
1305031814.766015 -0.345566 0.252696 -0.369611 0.180963 0.667262 0.546765 0.472294
1305031814.801939 -0.348972 0.247571 -0.373176 0.184195 0.676813 0.539994 0.465191
1305031814.834141 -0.35128 0.250606 -0.377301 0.186379 0.68666 0.53195 0.459118
1305031814.866927 -0.352274 0.251028 -0.383551 0.190284 0.697843 0.524116 0.449566
1305031814.901856 -0.356049 0.244231 -0.388538 0.193789 0.706584 0.517587 0.441914
1305031814.934189 -0.357045 0.242906 -0.393552 0.197408 0.713591 0.510672 0.437073
1305031814.966026 -0.35898 0.243418 -0.397058 0.202489 0.720827 0.503271 0.431423
1305031815.002785 -0.362802 0.240366 -0.401112 0.207108 0.727342 0.497723 0.424679
1305031815.034070 -0.363889 0.233245 -0.403206 0.211301 0.73196 0.494173 0.418783
1305031815.066249 -0.364892 0.228485 -0.407012 0.216917 0.735002 0.490023 0.415448
1305031815.098276 -0.366136 0.227565 -0.409608 0.224302 0.737437 0.485076 0.413008
1305031815.134087 -0.368419 0.225742 -0.409756 0.229712 0.740158 0.480172 0.410894
1305031815.167703 -0.369047 0.222716 -0.412587 0.234455 0.742419 0.475883 0.409122
1305031815.200200 -0.369217 0.22251 -0.413364 0.238317 0.745648 0.469186 0.408752
1305031815.235479 -0.369115 0.221503 -0.415163 0.242324 0.749353 0.462556 0.407175
1305031815.269898 -0.369157 0.22157 -0.415954 0.246243 0.754257 0.45436 0.404992
1305031815.303120 -0.37081 0.220975 -0.41528 0.248713 0.760183 0.445509 0.402225
1305031815.335140 -0.371504 0.219517 -0.415149 0.24964 0.765983 0.437662 0.399251
1305031815.369858 -0.373037 0.214732 -0.416023 0.25231 0.772268 0.429184 0.394644
1305031815.402087 -0.375588 0.209544 -0.414713 0.255212 0.776488 0.422878 0.391288
1305031815.435520 -0.377056 0.205223 -0.414751 0.258152 0.778791 0.417863 0.390171
1305031815.469069 -0.377797 0.204816 -0.414453 0.26067 0.781182 0.412275 0.38966
1305031815.503584 -0.378607 0.202635 -0.413352 0.262254 0.78346 0.408162 0.388353
1305031815.533867 -0.37976 0.201131 -0.413303 0.263423 0.785078 0.404981 0.387623
1305031815.570080 -0.379199 0.199479 -0.411953 0.263661 0.786573 0.40266 0.386847
1305031815.602977 -0.379753 0.199498 -0.412234 0.264938 0.787234 0.401299 0.386043
1305031815.633580 -0.380006 0.200177 -0.409635 0.265587 0.787862 0.400393 0.385257
1305031815.669542 -0.380511 0.198569 -0.408776 0.265928 0.787691 0.401492 0.384225
1305031815.703270 -0.380073 0.197487 -0.409826 0.266121 0.787028 0.402935 0.383939
1305031815.734736 -0.379076 0.203738 -0.405604 0.265391 0.787513 0.402332 0.384084
1305031815.770261 -0.377115 0.20163 -0.404925 0.264886 0.787457 0.403644 0.383169
1305031815.803102 -0.376491 0.202764 -0.405381 0.26533 0.786553 0.405186 0.383092
