1305031526.688356 0 0 0 0 0 0 1
1305031526.721587 0.00206162 -0.00255163 -0.00538148 0.0120587 0.0111692 0.00221688 0.999862
1305031526.755957 0.00512553 -0.00440632 -0.0133929 0.0277855 0.023006 0.0024089 0.999346
1305031526.788681 0.00680892 -0.0112735 -0.0214959 0.0435155 0.0355729 0.00228393 0.998417
1305031526.822643 0.00103852 -0.0173325 -0.0359767 0.0704875 0.051359 -0.0024421 0.996187
1305031526.856844 -0.00173016 -0.00440821 -0.0488839 0.095719 0.0621578 -0.00473949 0.993454
1305031526.888465 -0.00185569 -0.0110976 -0.057191 0.112598 0.0710106 -0.0094162 0.991055
1305031526.920578 -0.00357874 -0.00760526 -0.0677895 0.134359 0.0813842 -0.012825 0.987502
1305031526.955033 -0.00762282 -0.00617876 -0.0775881 0.152577 0.0913305 -0.0142052 0.98396
1305031526.987606 -0.0113914 -0.00655963 -0.0867174 0.171166 0.099679 -0.016209 0.980053
1305031527.020791 -0.0136781 -0.0046895 -0.0965124 0.184844 0.105989 -0.0162379 0.976901
1305031527.055070 -0.0169038 -0.00474847 -0.104203 0.200336 0.112884 -0.0172522 0.973049
1305031527.086965 -0.0183287 6.51913e-05 -0.113712 0.215547 0.119458 -0.0176996 0.968997
1305031527.119854 -0.0211811 0.000755911 -0.120673 0.222899 0.1238 -0.016038 0.966816
1305031527.155465 -0.023249 0.00436749 -0.125625 0.234528 0.128843 -0.0172684 0.963378
1305031527.186447 -0.0239486 0.0123032 -0.132081 0.242007 0.13265 -0.0155411 0.961039
1305031527.222219 -0.0259535 0.0138059 -0.136234 0.241288 0.134551 -0.0137268 0.960983
1305031527.256275 -0.0260021 0.023313 -0.133622 0.239635 0.135222 -0.0138679 0.9613
1305031527.287060 -0.0293096 0.0288773 -0.131448 0.231951 0.135586 -0.010487 0.963174
1305031527.323213 -0.0302392 0.0306967 -0.127904 0.221926 0.132967 -0.00771181 0.965924
1305031527.355197 -0.0290903 0.0351304 -0.122816 0.212926 0.129123 -0.00318516 0.968494
1305031527.388471 -0.0292346 0.0392426 -0.11791 0.203814 0.127673 -0.000118486 0.970649
1305031527.422926 -0.0267933 0.0457146 -0.11287 0.195217 0.127119 0.00317149 0.972482
1305031527.455773 -0.027456 0.0487547 -0.108269 0.184954 0.127894 0.00634224 0.974369
1305031527.486055 -0.027583 0.052256 -0.104127 0.175978 0.12749 0.00833516 0.976068
1305031527.522397 -0.0285662 0.0544803 -0.0994919 0.165829 0.127152 0.00959401 0.977876
1305031527.554573 -0.0307971 0.0600068 -0.0953182 0.155987 0.128209 0.0102817 0.979349
1305031527.586987 -0.0306666 0.0662724 -0.0904619 0.143858 0.128149 0.0109945 0.981204
1305031527.622793 -0.0328729 0.0686577 -0.0849044 0.129591 0.12884 0.0113505 0.983096
1305031527.656028 -0.0393269 0.0791592 -0.0781592 0.116945 0.128564 0.010025 0.984731
1305031527.688563 -0.0440993 0.0794624 -0.0732223 0.0983546 0.12372 0.0109387 0.98737
1305031527.721751 -0.0445866 0.0765151 -0.0690572 0.0846112 0.115368 0.0127734 0.98963
1305031527.756472 -0.0450175 0.0759562 -0.0656918 0.0744345 0.108278 0.0143562 0.991226
1305031527.789333 -0.0496212 0.0806559 -0.0621463 0.0676989 0.103552 0.0154906 0.992196
1305031527.825562 -0.0568074 0.0794566 -0.0612777 0.057914 0.0977011 0.0168883 0.993386
1305031527.857855 -0.0658648 0.079635 -0.0590542 0.0527889 0.0894263 0.0171977 0.994445
1305031527.887866 -0.0758203 0.085135 -0.0559579 0.0469537 0.078387 0.0142962 0.995714
1305031527.922214 -0.0846126 0.0841851 -0.0528755 0.0382136 0.0665655 0.00974711 0.997002
1305031527.954490 -0.0959176 0.0769389 -0.0498068 0.0329993 0.0533169 0.0027603 0.998028
1305031527.987977 -0.105338 0.0820065 -0.0462647 0.0374994 0.0362228 -0.011749 0.998571
1305031528.025614 -0.120896 0.0818378 -0.0461392 0.0365897 0.0218313 -0.0267352 0.998734
1305031528.056126 -0.129283 0.0782828 -0.0433513 0.038104 0.00230702 -0.0433281 0.998331
1305031528.085297 -0.143635 0.0808251 -0.0427822 0.044654 -0.013064 -0.058918 0.997178
1305031528.124333 -0.162749 0.0819962 -0.0458043 0.0496664 -0.027156 -0.0749643 0.995578
1305031528.151873 -0.174847 0.0871398 -0.0471255 0.0559295 -0.0436971 -0.0930754 0.993126
1305031528.186872 -0.185723 0.0885445 -0.0471368 0.0592697 -0.0576195 -0.110747 0.990405
1305031528.220887 -0.19754 0.0839056 -0.052685 0.0635727 -0.0672734 -0.129419 0.987261
1305031528.251953 -0.20909 0.0891454 -0.0558963 0.0737811 -0.0754322 -0.144221 0.983904
1305031528.284263 -0.225261 0.0917387 -0.06485 0.0796738 -0.0856009 -0.156096 0.980795
1305031528.321639 -0.241127 0.0928821 -0.0733024 0.0871893 -0.105574 -0.168742 0.976104
1305031528.355032 -0.252984 0.097334 -0.0786501 0.0961238 -0.129069 -0.179128 0.970574
1305031528.384839 -0.267473 0.100053 -0.0858589 0.100595 -0.152484 -0.185352 0.965543
1305031528.424006 -0.288467 0.103488 -0.0932638 0.104964 -0.17697 -0.192488 0.959485
1305031528.453962 -0.300301 0.106907 -0.102578 0.108085 -0.20611 -0.19952 0.951855
1305031528.490720 -0.31437 0.111501 -0.107374 0.109033 -0.234424 -0.205208 0.943953
1305031528.524649 0.205736 -0.861141 0.74707 0.149312 -0.388718 -0.46126 0.783482
1305031528.557069 0.185049 -0.816478 0.717575 0.140944 -0.414716 -0.466177 0.768651
1305031528.592924 0.160979 -0.774433 0.68741 0.127907 -0.433195 -0.471586 0.757356
1305031528.623407 0.138584 -0.733682 0.657897 0.116663 -0.450655 -0.475967 0.746161
1305031528.654033 0.121872 -0.690954 0.632502 0.10795 -0.465205 -0.481212 0.735096
1305031528.692143 0.105411 -0.652057 0.609451 0.0975718 -0.471996 -0.489075 0.726984
1305031528.725000 0.0908754 -0.613821 0.587845 0.0888633 -0.476417 -0.497074 0.719755
1305031528.756620 0.0789618 -0.576302 0.568395 0.0820527 -0.479108 -0.505109 0.713153
1305031528.792160 0.0670827 -0.53977 0.550322 0.0753223 -0.477732 -0.513444 0.708854
1305031528.824057 0.0563311 -0.499424 0.530515 0.0665766 -0.47384 -0.521477 0.706474
1305031528.856114 0.045047 -0.460299 0.510765 0.0577467 -0.470467 -0.529174 0.703776
1305031528.892684 0.0337429 -0.422807 0.49335 0.0474763 -0.467098 -0.537453 0.700507
1305031528.924061 0.0240105 -0.384454 0.478038 0.038004 -0.462184 -0.545274 0.698297
1305031528.956027 0.00919241 -0.346972 0.456623 0.023798 -0.452977 -0.551626 0.699967
1305031528.991870 -0.00104766 -0.30937 0.438562 0.014428 -0.449315 -0.551109 0.702985
1305031529.024164 -0.00952259 -0.269956 0.423817 0.0039762 -0.442917 -0.550903 0.707329
1305031529.057246 -0.0213807 -0.233123 0.407305 -0.00836361 -0.431826 -0.551911 0.713338
1305031529.092696 -0.0353113 -0.198676 0.389885 -0.0189174 -0.417819 -0.54723 0.724988
1305031529.124051 -0.0473822 -0.162181 0.372019 -0.0250156 -0.403227 -0.53867 0.739336
1305031529.156187 -0.0603562 -0.125219 0.353359 -0.0344217 -0.38866 -0.525991 0.755707
1305031529.192085 -0.0718686 -0.0859361 0.334215 -0.0445021 -0.37402 -0.511073 0.772614
1305031529.224200 -0.0830746 -0.046821 0.315488 -0.0561551 -0.358106 -0.498949 0.787183
1305031529.256728 -0.0961494 -0.00834523 0.296662 -0.0653768 -0.341336 -0.494314 0.796787
1305031529.291235 -0.112353 0.0298674 0.27616 -0.0739568 -0.319848 -0.493565 0.80537
1305031529.323356 -0.131111 0.0662275 0.254182 -0.0808661 -0.299205 -0.490617 0.81439
1305031529.355813 -0.148238 0.102488 0.233562 -0.0881123 -0.281477 -0.489209 0.820781
1305031529.388855 -0.173498 0.135616 0.20874 -0.0993852 -0.266279 -0.489538 0.824361
1305031529.423010 -0.196035 0.168356 0.186925 -0.0996154 -0.262979 -0.490988 0.82453
1305031529.457448 -0.218883 0.198837 0.165615 -0.0978765 -0.258964 -0.493943 0.824244
1305031529.491343 -0.242305 0.227563 0.144649 -0.0932601 -0.254176 -0.495314 0.825446
1305031529.522171 -0.267726 0.253576 0.123814 -0.0879429 -0.249542 -0.498823 0.82533
1305031529.556350 -0.291456 0.278869 0.104176 -0.0769866 -0.245114 -0.499529 0.827323
1305031529.593324 -0.312405 0.303928 0.0872412 -0.0675277 -0.240431 -0.497783 0.830569
1305031529.623772 -0.335438 0.328219 0.0710977 -0.0653151 -0.234353 -0.494514 0.834427
1305031529.657753 -0.359123 0.349651 0.0568373 -0.0659651 -0.228653 -0.489243 0.839052
1305031529.692840 -0.381836 0.370138 0.0440812 -0.067557 -0.221894 -0.480818 0.845584
1305031529.725566 -0.405008 0.389373 0.0323234 -0.0705365 -0.215158 -0.47272 0.851626
1305031529.759598 -0.427823 0.406717 0.0220599 -0.0723778 -0.208036 -0.467679 0.856014
1305031529.792805 -0.451612 0.420342 0.0126833 -0.0736888 -0.196396 -0.463211 0.861066
1305031529.825293 -0.4784 0.431471 0.00278089 -0.0697806 -0.18471 -0.459295 0.866061
1305031529.859548 -0.503766 0.447461 -0.00695181 -0.0590722 -0.174472 -0.450944 0.873338
1305031529.891119 -0.530779 0.46189 -0.0167864 -0.0566913 -0.166368 -0.439717 0.880771
1305031529.925850 -0.560295 0.474835 -0.0267033 -0.0544377 -0.162104 -0.427437 0.887725
1305031529.960102 -0.588666 0.490193 -0.0362276 -0.0495204 -0.160833 -0.41579 0.893755
1305031529.992331 -0.615807 0.505077 -0.0456301 -0.0475414 -0.157281 -0.405874 0.899038
1305031530.024225 -0.646636 0.51758 -0.056891 -0.0507332 -0.150873 -0.394121 0.90517
1305031530.059982 -0.676895 0.527256 -0.0691422 -0.0548769 -0.147243 -0.38135 0.910978
1305031530.091203 -0.706202 0.537869 -0.0830059 -0.0580713 -0.144458 -0.37026 0.915788
1305031530.125990 -0.739571 0.544336 -0.0997324 -0.0641856 -0.140166 -0.356842 0.921356
1305031530.159636 -0.769315 0.550227 -0.116874 -0.0626357 -0.140355 -0.346268 0.92546
1305031530.191494 -0.797403 0.556651 -0.134713 -0.0603049 -0.139833 -0.341414 0.927495
1305031530.224007 -0.829398 0.558266 -0.153923 -0.0590439 -0.137844 -0.336284 0.929745
1305031530.259074 -0.857547 0.561146 -0.17372 -0.0500995 -0.137007 -0.335493 0.930679
1305031530.292738 -0.882677 0.564798 -0.193189 -0.0413848 -0.134507 -0.337266 0.930831
1305031530.324398 -0.909302 0.567107 -0.21236 -0.034626 -0.130215 -0.336567 0.93197
1305031530.355958 -0.930611 0.57081 -0.230451 -0.0262778 -0.126159 -0.337692 0.932393
1305031530.391987 -0.95424 0.574314 -0.248488 -0.0235583 -0.118528 -0.338268 0.933258
1305031530.423101 -0.982823 0.57242 -0.266512 -0.0223585 -0.11048 -0.336168 0.935032
1305031530.458850 -1.00765 0.571937 -0.28454 -0.0156202 -0.10537 -0.335972 0.935829
1305031530.492200 -1.03139 0.572168 -0.30282 -0.00971151 -0.100459 -0.334116 0.937113
1305031530.524323 -1.05432 0.56972 -0.321835 -0.00389191 -0.0948276 -0.331767 0.938575
1305031530.558716 -1.07896 0.56236 -0.341204 0.00557221 -0.0855979 -0.329977 0.940083
1305031530.591301 -1.10311 0.553963 -0.362974 0.0239258 -0.0750021 -0.328749 0.94113
1305031530.623002 -1.11953 0.548811 -0.385436 0.0456598 -0.0640256 -0.327063 0.941725
1305031530.656445 -1.1348 0.543527 -0.407779 0.0661375 -0.0488251 -0.3241 0.942444
1305031530.691015 -1.15034 0.538258 -0.42974 0.0879574 -0.0303737 -0.319078 0.943149
1305031530.723869 -1.16465 0.533724 -0.453852 0.114026 -0.0117112 -0.310801 0.943538
1305031530.758503 -1.17327 0.542487 -0.474393 0.138729 0.00743135 -0.301073 0.943427
1305031530.790818 -1.18963 0.545048 -0.49405 0.156874 0.0290632 -0.287807 0.944305
1305031530.822584 -1.2031 0.562051 -0.509363 0.174718 0.0476622 -0.272 0.945102
1305031530.858371 -1.22048 0.580403 -0.520512 0.182701 0.063937 -0.255056 0.947354
1305031530.890688 -1.23963 0.591174 -0.52973 0.183212 0.0736517 -0.243017 0.949711
1305031530.923878 -1.26682 0.599999 -0.536124 0.187114 0.0764609 -0.234632 0.950836
1305031530.959175 -1.29028 0.620375 -0.535052 0.193266 0.071208 -0.231679 0.950738
1305031530.988081 -1.31559 0.639226 -0.529302 0.191431 0.0611513 -0.232245 0.951671
1305031531.027310 -1.34273 0.655177 -0.52049 0.185338 0.0480208 -0.232423 0.953584
1305031531.058516 -1.37274 0.674598 -0.507346 0.177087 0.0357286 -0.231267 0.95597
1305031531.091208 -1.40186 0.693352 -0.492195 0.164118 0.0229823 -0.232719 0.958321
1305031531.126140 -1.43664 0.700137 -0.477554 0.146458 0.00969642 -0.233102 0.961311
1305031531.159520 -1.47355 0.706414 -0.462247 0.134607 -0.00301199 -0.230559 0.963698
1305031531.190137 -1.50119 0.718381 -0.444916 0.126678 -0.0182389 -0.230829 0.96454
1305031531.228127 -1.52958 0.729971 -0.427269 0.115374 -0.0330336 -0.23075 0.965584
1305031531.259840 -1.56538 0.735912 -0.409675 0.102445 -0.0470363 -0.22975 0.966699
1305031531.290185 -1.6013 0.743608 -0.392099 0.0967732 -0.0586165 -0.22839 0.966973
1305031531.327763 -1.63032 0.749999 -0.373856 0.0948164 -0.0697378 -0.228176 0.966479
1305031531.358509 -1.65669 0.756483 -0.355213 0.0939121 -0.0763092 -0.230436 0.965534
1305031531.389868 -1.68233 0.755717 -0.339001 0.0925435 -0.0770999 -0.233008 0.964986
1305031531.427177 -1.70568 0.758511 -0.322102 0.0974296 -0.0734422 -0.232731 0.964857
1305031531.459698 -1.72843 0.759066 -0.304779 0.100185 -0.0658286 -0.230544 0.96565
1305031531.492107 -1.75787 0.754532 -0.289239 0.10308 -0.0573773 -0.224673 0.967266
1305031531.527542 -1.78187 0.757206 -0.271571 0.109778 -0.0515603 -0.221883 0.967501
1305031531.560506 -1.80961 0.753134 -0.255351 0.110101 -0.0469583 -0.21613 0.969
1305031531.592018 -1.83458 0.748795 -0.240245 0.112022 -0.0449544 -0.209779 0.97027
1305031531.628037 -1.85828 0.749017 -0.224736 0.114745 -0.0405114 -0.205805 0.970998
1305031531.659769 -1.88322 0.744622 -0.212046 0.114468 -0.0337215 -0.201794 0.972131
1305031531.693140 -1.90886 0.740813 -0.200081 0.117317 -0.0282138 -0.196897 0.972971
1305031531.727762 -1.93281 0.74203 -0.185958 0.120719 -0.0251542 -0.196748 0.972669
1305031531.755881 -1.9579 0.738575 -0.175117 0.120676 -0.0206195 -0.197984 0.97253
1305031531.790528 -1.98137 0.737805 -0.163231 0.125856 -0.0156916 -0.19924 0.971709
1305031531.826931 -2.0049 0.738196 -0.150536 0.130985 -0.0125832 -0.198983 0.971129
1305031531.858402 -2.02363 0.746708 -0.134351 0.134464 -0.0110562 -0.20027 0.970407
1305031531.893291 -2.04169 0.748863 -0.121025 0.125708 -0.00753184 -0.200417 0.971583
1305031531.925080 -2.05959 0.747694 -0.109188 0.117087 -0.00244286 -0.199408 0.972893
1305031531.959262 -2.07573 0.750461 -0.0958666 0.110522 0.00506507 -0.196602 0.974221
1305031531.990634 -2.09366 0.750265 -0.0827714 0.102194 0.013976 -0.191688 0.976021
1305031532.027524 -2.10793 0.754786 -0.0686105 0.0969231 0.0217596 -0.186169 0.977483
1305031532.059872 -2.1219 0.759651 -0.0535134 0.0879081 0.0308754 -0.176828 0.979822
1305031532.092096 -2.13599 0.763613 -0.0378427 0.0762321 0.0401856 -0.1648 0.982555
1305031532.126073 -2.15083 0.767043 -0.0221881 0.0632049 0.0497539 -0.148665 0.985611
1305031532.159926 -2.16535 0.766321 -0.0074416 0.0513203 0.0565109 -0.130849 0.988459
1305031532.195623 -2.1805 0.772109 0.0089508 0.0425276 0.0627162 -0.112176 0.990795
1305031532.227800 -2.19728 0.773324 0.0244707 0.0311279 0.0688713 -0.0913233 0.992949
1305031532.260079 -2.2128 0.7764 0.0392652 0.0240557 0.0729489 -0.0730991 0.994362
1305031532.295824 -2.23014 0.780511 0.0541017 0.0160595 0.0791122 -0.0559531 0.995165
1305031532.327833 -2.24956 0.782787 0.0696974 0.00824122 0.0869788 -0.0386256 0.995427
1305031532.356687 -2.26969 0.782917 0.0849088 -0.00230502 0.0906615 -0.0199366 0.99568
1305031532.396584 -2.28869 0.78174 0.0986818 -0.013715 0.0893912 -0.00541968 0.995887
1305031532.424572 -2.31083 0.77446 0.112377 -0.024955 0.0855802 0.00213779 0.996016
1305031532.461447 -2.32944 0.758736 0.125025 -0.0255299 0.0813362 0.00417752 0.996351
1305031532.494758 -2.35198 0.750425 0.136757 -0.0110471 0.0803398 -0.000502218 0.996706
1305031532.523363 -2.37417 0.74254 0.14899 0.00396424 0.080171 -0.00240261 0.99677
1305031532.558750 -2.39515 0.730405 0.161146 0.0163265 0.0773421 -0.00138673 0.99687
1305031532.594713 -2.41423 0.721875 0.174614 0.0323938 0.0750963 -0.00275047 0.996646
1305031532.626577 -2.42754 0.71623 0.18722 0.0409825 0.0763901 -0.00181198 0.996234
1305031532.655415 -2.44087 0.704127 0.200439 0.0441363 0.0850849 0.0033622 0.99539
1305031532.692281 -2.45409 0.694413 0.215222 0.0506517 0.0994923 0.0105955 0.993692
1305031532.725142 -2.46816 0.68716 0.230162 0.0511621 0.113631 0.021732 0.991967
1305031532.756518 -2.47934 0.675106 0.244854 0.0440209 0.124583 0.0335744 0.990663
1305031532.793593 -2.48739 0.658104 0.257302 0.0369353 0.131648 0.0460043 0.989539
1305031532.827589 -2.4931 0.642723 0.270186 0.0390278 0.138086 0.0516453 0.988303
1305031532.860360 -2.49854 0.631255 0.282942 0.0435563 0.148864 0.0583257 0.986175
1305031532.894951 -2.50274 0.617425 0.295569 0.0481709 0.162563 0.0698136 0.983046
1305031532.927108 -2.50684 0.605338 0.308127 0.0514168 0.174262 0.0818038 0.979948
1305031532.958860 -2.50807 0.587056 0.320118 0.0536282 0.179051 0.0988354 0.977393
1305031532.994889 -2.50914 0.572661 0.332665 0.0614922 0.183038 0.114133 0.97452
1305031533.027007 -2.50956 0.557149 0.34433 0.0685624 0.187704 0.130759 0.971066
1305031533.059895 -2.50876 0.543918 0.354693 0.0776805 0.192874 0.14434 0.967435
1305031533.095707 -2.51039 0.538816 0.364766 0.082813 0.20111 0.154309 0.963787
1305031533.127261 -2.51031 0.518058 0.372097 0.0793001 0.213058 0.175444 0.957882
1305031533.158865 -2.50834 0.496977 0.374304 0.0823809 0.220196 0.18835 0.953547
1305031533.194665 -2.51039 0.489295 0.376374 0.0895362 0.227451 0.185622 0.951732
1305031533.226596 -2.51225 0.479466 0.376811 0.0887556 0.236562 0.189521 0.948811
1305031533.258719 -2.5105 0.457425 0.372071 0.0867797 0.244829 0.199951 0.944747
1305031533.294892 -2.515 0.446973 0.366779 0.0928705 0.251659 0.199512 0.942464
1305031533.326747 -2.51943 0.43288 0.360609 0.0973657 0.256773 0.205507 0.939337
1305031533.358749 -2.52338 0.416122 0.351266 0.104664 0.263149 0.209725 0.935849
1305031533.394869 -2.52928 0.403921 0.341981 0.114999 0.268747 0.212154 0.932492
1305031533.428282 -2.53672 0.393793 0.334622 0.125344 0.270516 0.213739 0.930283
1305031533.463804 -2.54448 0.381487 0.328417 0.133256 0.268528 0.218271 0.928705
1305031533.495077 -2.55286 0.372581 0.323866 0.14409 0.268369 0.221444 0.926379
1305031533.523787 -2.56008 0.36397 0.318784 0.150553 0.268187 0.227135 0.924023
1305031533.563866 -2.56621 0.352432 0.312593 0.158652 0.268441 0.233924 0.920895
1305031533.596729 -2.57556 0.347779 0.312775 0.169487 0.273388 0.236119 0.916941
1305031533.623714 -2.58271 0.342729 0.311572 0.175641 0.281961 0.241288 0.911827
1305031533.662973 -2.59054 0.338246 0.312899 0.181591 0.290377 0.247766 0.906266
1305031533.695127 -2.59812 0.33537 0.316702 0.183665 0.297551 0.254426 0.901664
1305031533.727956 -2.60405 0.325587 0.318627 0.180159 0.308587 0.261588 0.896598
1305031533.763534 -2.61061 0.31568 0.321385 0.178987 0.323455 0.267397 0.889854
1305031533.795519 -2.62038 0.311363 0.330868 0.181251 0.336701 0.272287 0.882972
1305031533.827015 -2.62743 0.29748 0.336393 0.178929 0.342494 0.280463 0.878648
1305031533.859819 -2.63408 0.285593 0.341625 0.186759 0.338766 0.284753 0.877083
1305031533.895161 -2.64216 0.284745 0.353278 0.198384 0.320053 0.280242 0.882992
1305031533.926857 -2.65075 0.267989 0.362147 0.203793 0.295289 0.275735 0.891764
1305031533.961985 -2.65958 0.257863 0.377563 0.21507 0.268197 0.265261 0.900806
1305031533.994392 -2.67253 0.238522 0.394982 0.221625 0.24256 0.256441 0.909002
1305031534.026608 -2.68567 0.212996 0.40847 0.229582 0.220611 0.244838 0.915793
1305031534.062247 -2.69734 0.193303 0.424263 0.243207 0.202585 0.228437 0.920666
1305031534.094417 -2.70434 0.175821 0.435243 0.253369 0.18634 0.217341 0.924037
1305031534.126412 -2.70946 0.149518 0.439575 0.264739 0.172597 0.207118 0.925865
1305031534.162210 -2.71556 0.138742 0.451409 0.283697 0.172378 0.18817 0.924334
1305031534.191161 -2.7189 0.123131 0.457644 0.293981 0.174652 0.181155 0.922093
1305031534.225977 -2.72001 0.101395 0.460327 0.304857 0.173505 0.173055 0.920331
1305031534.262752 -2.71981 0.0962082 0.470812 0.314997 0.172201 0.161785 0.919211
1305031534.295276 -2.72091 0.081224 0.47688 0.315603 0.167972 0.158874 0.920293
1305031534.327593 -2.72119 0.0696657 0.484489 0.319022 0.164038 0.155791 0.920351
1305031534.362839 -2.7198 0.0551539 0.489175 0.323397 0.165196 0.151198 0.919382
1305031534.395128 -2.71468 0.0417386 0.492797 0.329642 0.16628 0.145268 0.917924
1305031534.427890 -2.71014 0.0311186 0.498212 0.336822 0.1708 0.140413 0.915239
1305031534.462407 -2.70374 0.0100075 0.496028 0.343404 0.172427 0.138391 0.912793
1305031534.494488 -2.69915 -0.000465664 0.500922 0.354914 0.170556 0.131895 0.909698
1305031534.526222 -2.69257 -0.00674273 0.508498 0.35942 0.167047 0.1285 0.909066
1305031534.562364 -2.68724 -0.0198643 0.511432 0.36164 0.160236 0.128872 0.909359
1305031534.594279 -2.68056 -0.0278452 0.518597 0.368983 0.15207 0.123397 0.90857
1305031534.627133 -2.6734 -0.0360298 0.525243 0.371882 0.144498 0.117646 0.909386
1305031534.662781 -2.66785 -0.0431483 0.532895 0.370874 0.135114 0.114229 0.911673
1305031534.694710 -2.65932 -0.0482404 0.539857 0.368672 0.126365 0.11001 0.914336
1305031534.730855 -2.65054 -0.0543169 0.545497 0.368941 0.120271 0.1073 0.915371
1305031534.763129 -2.64319 -0.0590831 0.551456 0.369529 0.116871 0.102173 0.91616
1305031534.795824 -2.63287 -0.0637972 0.556015 0.367694 0.114257 0.0961993 0.917874
1305031534.831135 -2.62535 -0.0709987 0.557297 0.36737 0.11007 0.0929765 0.918847
1305031534.862751 -2.61804 -0.0782964 0.557742 0.367888 0.104259 0.0894937 0.919663
1305031534.894919 -2.61247 -0.0854243 0.558201 0.370978 0.0984207 0.0823228 0.919734
1305031534.930974 -2.60689 -0.0781001 0.565925 0.375145 0.097329 0.0701933 0.919166
1305031534.962776 -2.59553 -0.0775402 0.565855 0.376534 0.103455 0.0646372 0.918336
1305031534.994599 -2.58915 -0.0814319 0.56095 0.382674 0.111888 0.062362 0.91496
1305031535.030642 -2.58876 -0.0825452 0.559667 0.389447 0.114813 0.0576674 0.912044
1305031535.062210 -2.58927 -0.0848368 0.559363 0.39169 0.11092 0.0521991 0.911894
1305031535.094542 -2.58665 -0.082656 0.562697 0.389071 0.104475 0.0481248 0.913998
1305031535.129807 -2.58369 -0.0830778 0.562411 0.388743 0.100682 0.0509674 0.914409
1305031535.158853 -2.58392 -0.082987 0.564976 0.387782 0.0951043 0.0529763 0.9153
1305031535.193991 -2.58544 -0.086167 0.566357 0.38387 0.0853017 0.0533619 0.917889
1305031535.230011 -2.5877 -0.0835969 0.571209 0.379095 0.0736355 0.0502951 0.921051
1305031535.261725 -2.58481 -0.0890406 0.570862 0.372726 0.0609141 0.0478185 0.924704
1305031535.295784 -2.58116 -0.0926613 0.569117 0.368118 0.0494376 0.0434983 0.927444
1305031535.329773 -2.58059 -0.0940194 0.570867 0.364319 0.0423229 0.0378455 0.929542
1305031535.361759 -2.5809 -0.0989428 0.570121 0.360428 0.0348582 0.0344043 0.9315
1305031535.392026 -2.58344 -0.104283 0.569679 0.355996 0.0269845 0.0271827 0.933702
1305031535.431010 -2.5819 -0.110687 0.567462 0.352539 0.0199528 0.0200906 0.935369
1305031535.462732 -2.58246 -0.120146 0.563337 0.351009 0.0128644 0.0113047 0.936215
1305031535.495467 -2.58691 -0.126337 0.560368 0.352758 0.0069839 0.00103071 0.935688
1305031535.530835 -2.58595 -0.131746 0.557091 0.355716 0.000628529 -0.00996323 0.934541
1305031535.562308 -2.58823 -0.133828 0.555524 0.360437 -0.00225321 -0.020268 0.932561
1305031535.594713 -2.59218 -0.131326 0.557368 0.361506 -5.88967e-05 -0.0288905 0.931922
1305031535.630819 -2.59429 -0.127263 0.560688 0.359521 0.00310494 -0.0334331 0.932533
1305031535.662546 -2.59148 -0.12912 0.559428 0.358491 0.00491073 -0.0362736 0.932815
1305031535.694763 -2.58384 -0.121312 0.566128 0.355761 0.00502121 -0.0390203 0.933749
1305031535.730877 -2.57531 -0.114143 0.571369 0.349644 0.00543535 -0.0381839 0.936088
1305031535.759227 -2.56661 -0.110778 0.574447 0.34378 0.00589041 -0.0368209 0.93831
1305031535.794599 -2.55375 -0.103007 0.581421 0.338114 0.00754045 -0.036904 0.940351
1305031535.831105 -2.54329 -0.101986 0.582758 0.331379 0.00986149 -0.0313078 0.942926
1305031535.859528 -2.53434 -0.0961164 0.585744 0.328008 0.0108247 -0.0256485 0.944265
1305031535.898883 -2.52397 -0.0894228 0.588673 0.32314 0.0114535 -0.0204172 0.946062
1305031535.930685 -2.51023 -0.0836015 0.589451 0.320135 0.014397 -0.0157622 0.947131
1305031535.959567 -2.49866 -0.074673 0.591822 0.315766 0.0222079 -0.0103265 0.948521
1305031535.998988 -2.48783 -0.0632353 0.593934 0.308251 0.0316579 -0.00551426 0.950762
1305031536.031463 -2.4768 -0.0537019 0.595598 0.297729 0.0398442 0.0026796 0.953815
1305031536.062243 -2.46677 -0.0452158 0.597303 0.288435 0.0480282 0.0117485 0.956222
1305031536.099404 -2.45795 -0.0315982 0.60057 0.279057 0.0573251 0.020231 0.958348
1305031536.131440 -2.44652 -0.0214699 0.60104 0.267207 0.0669377 0.0306855 0.960822
1305031536.163367 -2.43467 -0.0111573 0.600195 0.257908 0.0785666 0.0430292 0.962008
1305031536.199777 -2.4237 -0.00185225 0.598968 0.248629 0.0911129 0.05494 0.962737
1305031536.231583 -2.41288 0.0102911 0.59824 0.240508 0.105037 0.0668349 0.96263
1305031536.263219 -2.39945 0.0203099 0.593847 0.230641 0.11857 0.0821263 0.96229
1305031536.299512 -2.38679 0.0300348 0.589278 0.222726 0.132311 0.0993447 0.960738
1305031536.331390 -2.37269 0.0398649 0.582339 0.216686 0.144681 0.114813 0.95861
1305031536.363006 -2.3624 0.0517798 0.577968 0.211903 0.156501 0.131721 0.955643
1305031536.399605 -2.35519 0.06058 0.571928 0.206366 0.169767 0.150423 0.951822
1305031536.431590 -2.3504 0.0713343 0.566641 0.204181 0.183261 0.166779 0.947053
1305031536.463554 -2.34905 0.080128 0.563128 0.200329 0.197202 0.183799 0.941912
1305031536.499647 -2.3465 0.0880386 0.557409 0.194661 0.20668 0.197175 0.938356
1305031536.531617 -2.34612 0.0964921 0.552557 0.191313 0.212804 0.209523 0.934994
1305031536.563087 -2.34847 0.105044 0.550841 0.189245 0.215378 0.219468 0.932541
1305031536.599164 -2.34611 0.113408 0.545773 0.18518 0.213491 0.22717 0.931946
1305031536.631797 -2.34472 0.122535 0.54217 0.18395 0.213198 0.235588 0.930165
1305031536.663533 -2.34756 0.133428 0.541995 0.182337 0.212534 0.243062 0.92871
1305031536.699497 -2.34738 0.141827 0.53908 0.177339 0.208291 0.248144 0.929296
1305031536.731424 -2.34514 0.153387 0.535174 0.174466 0.206422 0.248389 0.930191
1305031536.761478 -2.33969 0.163288 0.528577 0.170881 0.208405 0.247928 0.930537
1305031536.796242 -2.33919 0.171365 0.523689 0.169567 0.211327 0.245758 0.930694
1305031536.828016 -2.34271 0.18303 0.522696 0.169635 0.211451 0.238652 0.932501
1305031536.859596 -2.34237 0.192712 0.519093 0.166937 0.210217 0.234363 0.934353
1305031536.895830 -2.33909 0.200293 0.512324 0.164015 0.209319 0.228823 0.936443
1305031536.927579 -2.3341 0.209547 0.504545 0.163573 0.210956 0.21737 0.938878
1305031536.962880 -2.32942 0.219793 0.494196 0.164101 0.215808 0.209902 0.939382
1305031536.996766 -2.32605 0.229366 0.48294 0.165476 0.218437 0.20469 0.939683
1305031537.028058 -2.32085 0.242528 0.471687 0.167657 0.220189 0.195879 0.940765
1305031537.060447 -2.31396 0.253889 0.458332 0.167377 0.22167 0.189829 0.941707
1305031537.095829 -2.30768 0.265442 0.444572 0.166859 0.22155 0.184053 0.942973
1305031537.129621 -2.30147 0.275081 0.43033 0.166015 0.223139 0.178667 0.943783
1305031537.167541 -2.29193 0.284686 0.41186 0.165498 0.225672 0.171956 0.944518
1305031537.195643 -2.28279 0.293624 0.394808 0.165349 0.225913 0.16238 0.946179
1305031537.230153 -2.27487 0.301203 0.377569 0.164893 0.22472 0.154399 0.947878
1305031537.265688 -2.26513 0.309854 0.359704 0.165313 0.22135 0.144109 0.950215
1305031537.298861 -2.25612 0.318058 0.341998 0.164331 0.218355 0.13481 0.95244
1305031537.330994 -2.24791 0.323675 0.322632 0.162481 0.215385 0.125661 0.954682
1305031537.365736 -2.23962 0.330726 0.302711 0.161527 0.210459 0.114384 0.957357
1305031537.395624 -2.23216 0.335564 0.284467 0.16132 0.204681 0.101373 0.960107
1305031537.429641 -2.22671 0.343153 0.268205 0.161264 0.19816 0.0902427 0.962592
1305031537.464312 -2.22025 0.347717 0.25126 0.158666 0.188688 0.0780428 0.965987
1305031537.497527 -2.21382 0.351127 0.233987 0.156459 0.179599 0.0641915 0.969095
1305031537.530263 -2.2056 0.359682 0.218776 0.155385 0.172459 0.0495737 0.971419
1305031537.564476 -2.19805 0.361874 0.203125 0.150321 0.167699 0.0401199 0.973484
1305031537.598276 -2.19151 0.358048 0.186247 0.147924 0.163674 0.0344062 0.974754
1305031537.630389 -2.18413 0.358003 0.170252 0.149362 0.156582 0.0275986 0.975916
1305031537.664114 -2.17745 0.358281 0.155172 0.150262 0.145528 0.0186478 0.977699
1305031537.695278 -2.1676 0.352179 0.138173 0.151426 0.134933 0.0102558 0.979162
1305031537.728342 -2.15728 0.352277 0.123279 0.157289 0.129668 -0.000961405 0.979002
1305031537.766378 -2.14833 0.349525 0.109419 0.16179 0.125684 -0.0123209 0.978711
1305031537.798725 -2.13683 0.347542 0.0960975 0.167847 0.12002 -0.0234717 0.978198
1305031537.830287 -2.12637 0.347953 0.0849617 0.173124 0.113798 -0.031523 0.977796
1305031537.866662 -2.11576 0.344522 0.0736009 0.175653 0.106506 -0.0401223 0.977851
1305031537.898536 -2.10205 0.343854 0.0627431 0.179696 0.100623 -0.0505896 0.977254
1305031537.930243 -2.08519 0.344265 0.0522318 0.181867 0.0959289 -0.0600935 0.976786
1305031537.966300 -2.07035 0.343957 0.0424147 0.181123 0.091504 -0.0678693 0.976839
1305031537.998327 -2.05457 0.338602 0.0307335 0.179898 0.0870393 -0.0750575 0.976948
1305031538.030606 -2.03671 0.339046 0.0217227 0.181738 0.0822548 -0.0821773 0.976449
1305031538.066420 -2.0221 0.333521 0.0122972 0.177845 0.076788 -0.0851657 0.977354
1305031538.099117 -2.00979 0.322857 0.000102197 0.175256 0.0688526 -0.087694 0.978189
1305031538.130778 -1.99449 0.318093 -0.00932603 0.178282 0.0544924 -0.0872316 0.978589
1305031538.167361 -1.98038 0.310437 -0.0211361 0.175909 0.040336 -0.0878859 0.979645
1305031538.198836 -1.96685 0.295624 -0.0366415 0.174567 0.02914 -0.0947211 0.979645
1305031538.231674 -1.95098 0.284927 -0.0518885 0.182323 0.0209088 -0.102988 0.977607
1305031538.267245 -1.93676 0.278622 -0.0649066 0.191215 0.0151754 -0.111511 0.975075
1305031538.297169 -1.92557 0.269119 -0.0787359 0.19794 0.00845891 -0.120909 0.972692
1305031538.329631 -1.9153 0.258927 -0.0934738 0.206983 0.000336185 -0.130842 0.969556
1305031538.366671 -1.9048 0.25591 -0.104598 0.216964 -0.00883666 -0.140669 0.965951
1305031538.395653 -1.88958 0.251343 -0.117318 0.224533 -0.019478 -0.149267 0.962769
1305031538.434273 -1.87556 0.250251 -0.127702 0.233765 -0.0295777 -0.153604 0.959627
1305031538.468114 -1.86147 0.248239 -0.138381 0.239923 -0.0422584 -0.160457 0.956507
1305031538.498490 -1.84209 0.250837 -0.148011 0.245414 -0.0562439 -0.168569 0.952991
1305031538.534659 -1.82262 0.256828 -0.154755 0.247437 -0.0686991 -0.174916 0.950505
1305031538.566473 -1.8022 0.262305 -0.160662 0.245526 -0.0786825 -0.184257 0.94846
1305031538.598497 -1.77601 0.274886 -0.162214 0.242755 -0.0858401 -0.195108 0.94638
1305031538.634075 -1.74828 0.279373 -0.168436 0.232967 -0.0893952 -0.202089 0.947045
1305031538.666052 -1.72871 0.28094 -0.178114 0.22805 -0.0901829 -0.206499 0.947216
1305031538.698387 -1.71016 0.302277 -0.176885 0.225559 -0.093117 -0.21228 0.94625
1305031538.734584 -1.68941 0.318426 -0.178412 0.208303 -0.0994435 -0.215821 0.948758
1305031538.766510 -1.66654 0.318497 -0.186886 0.185869 -0.108325 -0.217907 0.951964
1305031538.798755 -1.64081 0.332929 -0.190679 0.171761 -0.114334 -0.221258 0.953137
1305031538.832497 -1.61764 0.342005 -0.195551 0.150798 -0.113978 -0.229308 0.954823
1305031538.867193 -1.59713 0.339665 -0.203108 0.132114 -0.111434 -0.236882 0.956042
1305031538.899432 -1.57273 0.344513 -0.210579 0.12091 -0.108458 -0.241506 0.956709
1305031538.936017 -1.54717 0.350531 -0.216746 0.109706 -0.106654 -0.243037 0.957874
1305031538.967667 -1.52459 0.3522 -0.223497 0.0972726 -0.105318 -0.244324 0.959037
1305031538.999448 -1.50253 0.353639 -0.229747 0.0882034 -0.1038 -0.245743 0.959717
1305031539.034977 -1.47815 0.355348 -0.23562 0.0803519 -0.102799 -0.247776 0.959991
1305031539.067603 -1.45481 0.354556 -0.240801 0.073044 -0.101668 -0.251501 0.959727
1305031539.099360 -1.4301 0.355887 -0.245633 0.067294 -0.101676 -0.256303 0.958876
1305031539.135768 -1.40762 0.357827 -0.2486 0.0591464 -0.100797 -0.261687 0.958051
1305031539.167546 -1.38544 0.357091 -0.250989 0.0510086 -0.101251 -0.267539 0.956854
1305031539.199492 -1.36249 0.359929 -0.252045 0.0412692 -0.103039 -0.273516 0.955442
1305031539.235629 -1.34222 0.360137 -0.252247 0.0255502 -0.106468 -0.279889 0.953768
1305031539.267760 -1.32194 0.358209 -0.252438 0.00835754 -0.113523 -0.289987 0.950237
1305031539.299592 -1.29923 0.356686 -0.253094 -0.00585162 -0.119481 -0.3017 0.945868
1305031539.335706 -1.27734 0.355685 -0.253471 -0.0217264 -0.119663 -0.317707 0.940357
1305031539.367585 -1.25529 0.353862 -0.254228 -0.0359698 -0.116114 -0.339154 0.932844
1305031539.399501 -1.23507 0.350936 -0.255824 -0.0481371 -0.109596 -0.360095 0.925204
1305031539.435549 -1.21402 0.347113 -0.257381 -0.0636867 -0.101413 -0.37886 0.917673
1305031539.467525 -1.19128 0.343242 -0.25967 -0.0762122 -0.0978938 -0.393747 0.910808
1305031539.499639 -1.17511 0.338427 -0.263623 -0.0865777 -0.101176 -0.402897 0.905507
1305031539.535499 -1.15848 0.334382 -0.268156 -0.0970123 -0.108804 -0.410453 0.900155
1305031539.567517 -1.13999 0.327349 -0.272361 -0.105854 -0.116219 -0.418759 0.894388
1305031539.599060 -1.1246 0.318339 -0.277992 -0.109907 -0.122411 -0.426728 0.889291
1305031539.635592 -1.10974 0.308488 -0.284328 -0.111229 -0.129153 -0.437061 0.883134
1305031539.667412 -1.09422 0.29667 -0.289407 -0.111137 -0.134654 -0.451859 0.874837
1305031539.703794 -1.08122 0.285494 -0.294326 -0.106071 -0.140093 -0.465102 0.867642
1305031539.735675 -1.0662 0.277035 -0.299161 -0.10034 -0.147788 -0.47582 0.861212
1305031539.767637 -1.05047 0.269267 -0.302266 -0.0981643 -0.156719 -0.485183 0.854634
1305031539.803605 -1.0342 0.261069 -0.30297 -0.0981016 -0.164697 -0.495229 0.847349
1305031539.832088 -1.02145 0.254079 -0.303407 -0.0983127 -0.174362 -0.503188 0.840675
1305031539.867127 -1.00406 0.24917 -0.301801 -0.0995297 -0.187749 -0.512434 0.832019
1305031539.903594 -0.987777 0.24188 -0.298218 -0.103725 -0.198323 -0.522853 0.822517
1305031539.935437 -0.970893 0.234722 -0.293194 -0.108092 -0.206857 -0.535541 0.811617
1305031539.967652 -0.957069 0.225305 -0.287321 -0.110707 -0.21052 -0.549523 0.800905
1305031540.003691 -0.943952 0.216436 -0.282274 -0.107451 -0.214034 -0.559043 0.793798
1305031540.035614 -0.929504 0.207534 -0.276552 -0.103425 -0.218234 -0.567942 0.786841
1305031540.067782 -0.921946 0.197841 -0.27399 -0.0981834 -0.218584 -0.573153 0.783631
1305031540.103651 -0.910668 0.187387 -0.270081 -0.0851977 -0.226188 -0.576956 0.780194
1305031540.135787 -0.895319 0.176894 -0.265645 -0.0722311 -0.233892 -0.577135 0.779097
1305031540.167625 -0.885153 0.16596 -0.263962 -0.0614274 -0.235717 -0.574701 0.78127
1305031540.204012 -0.874098 0.154993 -0.262997 -0.0462233 -0.237318 -0.569145 0.785887
1305031540.235943 -0.867031 0.146365 -0.266031 -0.0320024 -0.238106 -0.561299 0.791975
1305031540.267794 -0.859336 0.141476 -0.270152 -0.0151498 -0.248589 -0.554329 0.794162
1305031540.303627 -0.839522 0.134523 -0.26839 -0.00280325 -0.263115 -0.545493 0.795738
1305031540.335660 -0.831629 0.1263 -0.272002 0.0051925 -0.270573 -0.537383 0.798739
1305031540.367613 -0.813954 0.117712 -0.271286 0.0194577 -0.278741 -0.52767 0.802178
1305031540.403545 -0.806154 0.108181 -0.275575 0.0310595 -0.278168 -0.515784 0.809707
1305031540.435756 -0.796446 0.0994003 -0.280197 0.0444932 -0.28344 -0.502385 0.815654
1305031540.467365 -0.7794 0.0942296 -0.282304 0.0557768 -0.290157 -0.487371 0.821686
1305031540.502953 -0.771632 0.0828604 -0.289171 0.0657481 -0.293599 -0.472545 0.828358
1305031540.535194 -0.750155 0.0803544 -0.290229 0.0805665 -0.301233 -0.457849 0.832551
1305031540.563522 -0.736655 0.0711742 -0.294481 0.0918368 -0.301287 -0.448786 0.836291
1305031540.603376 -0.72234 0.0619491 -0.29964 0.109022 -0.297886 -0.438585 0.840846
1305031540.635224 -0.69826 0.0611342 -0.299133 0.12539 -0.295621 -0.428067 0.844775
1305031540.667294 -0.681837 0.0545308 -0.301402 0.135478 -0.2875 -0.419969 0.850068
1305031540.703386 -0.663143 0.0482517 -0.303176 0.148413 -0.279475 -0.408054 0.856364
1305031540.735694 -0.64369 0.0458931 -0.304199 0.157335 -0.271673 -0.396206 0.862821
1305031540.767548 -0.628098 0.0403591 -0.307301 0.165246 -0.259348 -0.384776 0.870276
1305031540.803232 -0.6105 0.0381869 -0.309446 0.177617 -0.24577 -0.371099 0.877687
1305031540.835181 -0.585258 0.0325854 -0.306548 0.189624 -0.230448 -0.359125 0.884288
1305031540.871023 -0.570068 0.0303643 -0.31087 0.199615 -0.210618 -0.346525 0.892029
1305031540.903222 -0.551941 0.0295227 -0.313257 0.209898 -0.194697 -0.334018 0.898035
1305031540.935050 -0.534275 0.0314107 -0.314828 0.219875 -0.178337 -0.320484 0.903958
1305031540.971078 -0.521257 0.0347199 -0.319233 0.226654 -0.163632 -0.304946 0.910418
1305031541.003228 -0.51033 0.032784 -0.326669 0.231929 -0.154078 -0.292337 0.914882
1305031541.034514 -0.496116 0.0352294 -0.331275 0.241241 -0.146849 -0.280306 0.917424
1305031541.070217 -0.486641 0.0363086 -0.336365 0.248652 -0.140339 -0.26533 0.920911
1305031541.099997 -0.47993 0.0441522 -0.338539 0.257542 -0.136307 -0.25464 0.922091
1305031541.135330 -0.470326 0.0489651 -0.340658 0.262081 -0.133393 -0.248698 0.922859
1305031541.171574 -0.461834 0.0510059 -0.343632 0.26705 -0.127237 -0.241674 0.924169
1305031541.202996 -0.458788 0.0616359 -0.343086 0.27404 -0.121575 -0.235067 0.924589
1305031541.235198 -0.456144 0.0717526 -0.341455 0.272151 -0.120498 -0.234117 0.925529
1305031541.267954 -0.453958 0.0786307 -0.339981 0.266837 -0.122088 -0.232575 0.927255
1305031541.301672 -0.454176 0.0864814 -0.337619 0.260008 -0.125097 -0.230473 0.929316
1305031541.331852 -0.455227 0.0922377 -0.336313 0.252807 -0.130442 -0.23158 0.930292
1305031541.371250 -0.457088 0.101543 -0.332799 0.244802 -0.138226 -0.235663 0.930284
1305031541.402022 -0.457348 0.108791 -0.331192 0.235197 -0.145798 -0.24184 0.930021
1305031541.431932 -0.459664 0.114007 -0.330408 0.226503 -0.152565 -0.250597 0.928774
1305031541.471366 -0.46382 0.119621 -0.330929 0.219907 -0.1595 -0.260025 0.9266
1305031541.501569 -0.468873 0.128872 -0.329736 0.212758 -0.166555 -0.273374 0.923179
1305031541.535345 -0.47402 0.137079 -0.329733 0.204263 -0.173552 -0.28779 0.91942
1305031541.569819 -0.477094 0.143613 -0.328682 0.196563 -0.179834 -0.303154 0.914943
1305031541.603472 -0.483079 0.151162 -0.330042 0.187933 -0.18622 -0.317152 0.910724
1305031541.635279 -0.489174 0.157168 -0.331474 0.179903 -0.195514 -0.332968 0.904733
1305031541.671483 -0.494531 0.162143 -0.332296 0.172467 -0.205311 -0.349961 0.897569
1305031541.703527 -0.499402 0.166814 -0.331959 0.16518 -0.214681 -0.370694 0.888377
1305031541.734963 -0.504806 0.170574 -0.332032 0.158412 -0.222807 -0.393996 0.877513
1305031541.771656 -0.509557 0.178344 -0.332429 0.152674 -0.229493 -0.421449 0.863947
1305031541.803338 -0.515051 0.182586 -0.332053 0.147641 -0.230606 -0.455392 0.847137
1305031541.835259 -0.521172 0.187829 -0.33281 0.140797 -0.227855 -0.486562 0.831574
1305031541.871359 -0.528145 0.191885 -0.335855 0.133558 -0.231613 -0.511183 0.816829
1305031541.903131 -0.531674 0.196759 -0.335832 0.127701 -0.242445 -0.529744 0.802673
1305031541.932460 -0.53615 0.201512 -0.33553 0.11681 -0.255564 -0.543117 0.791244
1305031541.969202 -0.543164 0.206943 -0.336677 0.104878 -0.271375 -0.550451 0.782534
1305031542.000034 -0.546176 0.211212 -0.334214 0.0954483 -0.289545 -0.553587 0.774981
1305031542.032795 -0.549559 0.215635 -0.331928 0.0842297 -0.309258 -0.557667 0.765685
1305031542.069819 -0.54966 0.220008 -0.327222 0.0780035 -0.324051 -0.562345 0.756753
1305031542.102573 -0.548447 0.22208 -0.319436 0.0764244 -0.332381 -0.570207 0.747359
1305031542.139294 -0.548425 0.225464 -0.312327 0.0736963 -0.335855 -0.580238 0.738305
1305031542.170485 -0.55487 0.227576 -0.309219 0.0687784 -0.33712 -0.588674 0.731493
1305031542.202214 -0.555756 0.230196 -0.30184 0.0632023 -0.344296 -0.592217 0.725772
1305031542.237243 -0.556916 0.234218 -0.295382 0.0529787 -0.351897 -0.596828 0.719137
1305031542.269752 -0.559715 0.232753 -0.287656 0.0449923 -0.359615 -0.601246 0.712149
1305031542.301218 -0.553948 0.229889 -0.272797 0.0412484 -0.365062 -0.606469 0.705141
1305031542.338812 -0.555792 0.225888 -0.262727 0.0375605 -0.360228 -0.614488 0.700877
1305031542.371582 -0.559165 0.222104 -0.255085 0.0363719 -0.353935 -0.619524 0.699712
1305031542.403140 -0.558771 0.218543 -0.244764 0.0323174 -0.351645 -0.620108 0.700548
1305031542.439210 -0.559567 0.214724 -0.235992 0.0250423 -0.349218 -0.619453 0.702637
1305031542.471527 -0.563176 0.20669 -0.228323 0.0193193 -0.348125 -0.618333 0.704344
1305031542.503717 -0.562828 0.198899 -0.218265 0.0153211 -0.351549 -0.61395 0.706572
1305031542.539439 -0.561388 0.188078 -0.206447 0.0096106 -0.354805 -0.609314 0.709054
1305031542.571672 -0.563437 0.176509 -0.197859 0.00631676 -0.354838 -0.605473 0.712357
1305031542.603499 -0.562536 0.163707 -0.187093 0.00570123 -0.358691 -0.600327 0.714784
1305031542.639171 -0.558064 0.151064 -0.174177 0.0022444 -0.362503 -0.594015 0.718146
1305031542.668866 -0.558291 0.13909 -0.165628 -0.00071635 -0.363245 -0.588533 0.722275
1305031542.702239 -0.554309 0.126259 -0.153327 0.000129683 -0.366991 -0.585941 0.72249
1305031542.737961 -0.549273 0.113942 -0.139163 0.000537988 -0.369316 -0.585532 0.721635
1305031542.771170 -0.547953 0.100851 -0.126927 -0.00126834 -0.366705 -0.585635 0.722882
1305031542.803270 -0.546585 0.0900704 -0.116878 -0.00230058 -0.366526 -0.58572 0.722901
1305031542.839568 -0.54157 0.0797343 -0.101844 -0.00345708 -0.370306 -0.587101 0.719843
1305031542.871198 -0.538965 0.0682361 -0.0870706 -0.00671761 -0.36832 -0.588258 0.719894
1305031542.903732 -0.536924 0.057116 -0.0731481 -0.00883227 -0.365473 -0.589434 0.720361
1305031542.939215 -0.534403 0.047603 -0.0584739 -0.0116321 -0.363482 -0.591329 0.719775
1305031542.970866 -0.535708 0.03684 -0.0458103 -0.016492 -0.363228 -0.592776 0.718617
1305031543.002677 -0.532433 0.0287469 -0.0308172 -0.0215679 -0.367174 -0.591422 0.717592
1305031543.039126 -0.5324 0.0198366 -0.0166295 -0.0288581 -0.368416 -0.590214 0.717693
1305031543.070710 -0.531221 0.0102314 -0.0015551 -0.0344647 -0.372206 -0.588511 0.716889
1305031543.102755 -0.527615 0.00121272 0.0152688 -0.0404695 -0.374469 -0.588651 0.715279
1305031543.139358 -0.52644 -0.00957105 0.0313171 -0.0466774 -0.37395 -0.590269 0.713838
1305031543.170265 -0.524263 -0.0202303 0.0477638 -0.0509003 -0.372313 -0.591948 0.713015
1305031543.200190 -0.524468 -0.0310218 0.0612227 -0.0563874 -0.371494 -0.59018 0.714493
1305031543.238701 -0.521922 -0.0406484 0.0745593 -0.0622434 -0.372951 -0.583751 0.718518
1305031543.270923 -0.520833 -0.0508971 0.0864662 -0.0680308 -0.373749 -0.57774 0.722426
1305031543.302962 -0.520581 -0.0603626 0.0953539 -0.0690225 -0.376458 -0.572585 0.725025
1305031543.338824 -0.515811 -0.0677526 0.104476 -0.0668162 -0.381559 -0.567523 0.726544
1305031543.370800 -0.512666 -0.0745412 0.110275 -0.0665061 -0.383976 -0.563767 0.728221
1305031543.407586 -0.509914 -0.079981 0.11252 -0.0620642 -0.38844 -0.56257 0.72717
1305031543.436408 -0.504712 -0.0831114 0.114484 -0.057109 -0.394642 -0.56222 0.724503
1305031543.472193 -0.499595 -0.0859272 0.115173 -0.0534234 -0.399205 -0.560646 0.723504
1305031543.507662 -0.494229 -0.0866001 0.113491 -0.0509258 -0.403706 -0.559886 0.721772
1305031543.539811 -0.489922 -0.0856589 0.108653 -0.047753 -0.410286 -0.562386 0.716315
1305031543.572301 -0.484115 -0.0843318 0.104722 -0.0439213 -0.417154 -0.564582 0.710845
1305031543.607686 -0.481013 -0.0807074 0.0948374 -0.0422856 -0.419414 -0.566181 0.708339
1305031543.639875 -0.4748 -0.0744298 0.0855506 -0.0403544 -0.426499 -0.57093 0.700363
1305031543.671696 -0.472978 -0.0710906 0.0738968 -0.0438417 -0.428863 -0.57609 0.69446
1305031543.707488 -0.473121 -0.0686796 0.0583765 -0.0427132 -0.429923 -0.576603 0.693449
1305031543.739759 -0.467533 -0.0646447 0.0448724 -0.0407006 -0.433531 -0.577644 0.690451
1305031543.771875 -0.465844 -0.0611399 0.0266941 -0.0422279 -0.433986 -0.577511 0.690184
1305031543.807535 -0.462705 -0.0574451 0.00774736 -0.0427258 -0.437415 -0.573285 0.69151
1305031543.839894 -0.45663 -0.0539998 -0.00788135 -0.0454248 -0.441545 -0.570991 0.690611
1305031543.871869 -0.453231 -0.0523781 -0.0263963 -0.0534176 -0.440865 -0.568464 0.692555
1305031543.907474 -0.448842 -0.0518122 -0.0449946 -0.0589259 -0.439112 -0.563968 0.696885
1305031543.939753 -0.444337 -0.0496539 -0.0666394 -0.0644893 -0.433927 -0.560633 0.70231
1305031543.970786 -0.440547 -0.0494524 -0.088333 -0.0648774 -0.428765 -0.558847 0.706853
1305031544.007529 -0.436715 -0.0509086 -0.108997 -0.0623953 -0.422326 -0.557559 0.711952
1305031544.038948 -0.431692 -0.0513385 -0.130945 -0.0548418 -0.413667 -0.555295 0.719388
1305031544.070711 -0.422925 -0.0476973 -0.152528 -0.0436518 -0.403791 -0.553921 0.726786
1305031544.106609 -0.417894 -0.0435139 -0.176366 -0.0365212 -0.389426 -0.551135 0.737064
1305031544.137311 -0.415342 -0.0362422 -0.206128 -0.0270036 -0.37811 -0.543874 0.748669
1305031544.171722 -0.407172 -0.0278324 -0.229164 -0.0176935 -0.37434 -0.537643 0.755312
1305031544.206571 -0.402855 -0.0189568 -0.252456 -0.00923479 -0.367118 -0.533212 0.762118
1305031544.238072 -0.396711 -0.00903449 -0.273865 0.00331403 -0.359834 -0.530563 0.767471
1305031544.267766 -0.390262 0.00457996 -0.295359 0.0147306 -0.350209 -0.528381 0.773272
1305031544.303584 -0.386589 0.0190267 -0.316719 0.0274508 -0.3394 -0.528473 0.77767
1305031544.338210 -0.382952 0.0357647 -0.337029 0.0400024 -0.329714 -0.528778 0.781078
1305031544.367911 -0.377109 0.0544364 -0.353775 0.0490193 -0.321999 -0.529324 0.783409
1305031544.405875 -0.3685 0.076396 -0.365716 0.0526275 -0.311505 -0.532186 0.785476
1305031544.437826 -0.372522 0.0953348 -0.383338 0.0492485 -0.295903 -0.535166 0.789692
1305031544.469937 -0.37533 0.119197 -0.399936 0.0478064 -0.287234 -0.534392 0.793497
1305031544.505986 -0.379472 0.140784 -0.413946 0.0430736 -0.280734 -0.535075 0.795631
1305031544.539003 -0.386926 0.164172 -0.428145 0.0401468 -0.277237 -0.53711 0.795639
1305031544.574785 -0.39606 0.182915 -0.438638 0.0375304 -0.276921 -0.540439 0.79362
1305031544.607438 -0.399938 0.204464 -0.446316 0.0364493 -0.279348 -0.541194 0.792304
1305031544.638925 -0.400543 0.225144 -0.44927 0.0298864 -0.280104 -0.543301 0.790868
1305031544.675602 -0.413767 0.244017 -0.457821 0.0201914 -0.277319 -0.545415 0.790701
1305031544.703615 -0.422102 0.262729 -0.463193 0.0156789 -0.280521 -0.546404 0.78899
1305031544.738977 -0.43158 0.278209 -0.467029 0.00945513 -0.283154 -0.547238 0.787569
1305031544.775192 -0.446431 0.290548 -0.471647 0.00759557 -0.284073 -0.548716 0.786229
1305031544.807101 -0.458005 0.30443 -0.474268 0.0119459 -0.285541 -0.550111 0.784666
1305031544.839027 -0.464219 0.318415 -0.473958 0.015173 -0.28725 -0.550166 0.783948
1305031544.875379 -0.471644 0.335313 -0.473066 0.0134889 -0.286157 -0.551412 0.783503
1305031544.907436 -0.487665 0.348373 -0.474263 0.0099179 -0.282203 -0.555543 0.782071
1305031544.939009 -0.50007 0.361595 -0.47263 0.0117328 -0.278007 -0.561541 0.77926
1305031544.975561 -0.516957 0.373767 -0.472716 0.0115074 -0.269411 -0.566994 0.778333
1305031545.007409 -0.537216 0.386758 -0.47581 0.00833873 -0.263207 -0.569658 0.778552
1305031545.039484 -0.555561 0.396661 -0.477584 0.00638941 -0.259896 -0.567567 0.781205
1305031545.075213 -0.576523 0.402665 -0.479094 0.00804897 -0.255122 -0.565553 0.784218
1305031545.107171 -0.593644 0.410267 -0.478884 0.0131264 -0.252071 -0.561056 0.788355
1305031545.139414 -0.6091 0.416976 -0.478229 0.0154242 -0.248163 -0.553232 0.795054
1305031545.174984 -0.623829 0.423024 -0.477667 0.0173119 -0.242024 -0.542296 0.804388
1305031545.207672 -0.639065 0.426926 -0.476011 0.0188044 -0.235298 -0.532028 0.813159
1305031545.239686 -0.660954 0.43073 -0.476835 0.0199738 -0.227353 -0.520649 0.822701
1305031545.275412 -0.679915 0.436843 -0.476697 0.0270311 -0.223798 -0.508019 0.831324
1305031545.306213 -0.688642 0.443808 -0.473136 0.0326972 -0.223627 -0.497587 0.837454
1305031545.339544 -0.704775 0.449433 -0.47151 0.0344539 -0.21987 -0.488673 0.843604
1305031545.375555 -0.724692 0.452435 -0.470613 0.0372859 -0.214598 -0.478439 0.850678
1305031545.407463 -0.744899 0.456163 -0.470696 0.0421566 -0.210807 -0.465424 0.858582
1305031545.439168 -0.763394 0.459963 -0.470193 0.0489155 -0.210418 -0.453127 0.864874
1305031545.475453 -0.782787 0.459342 -0.469705 0.0553719 -0.211072 -0.444077 0.86901
1305031545.507417 -0.802962 0.459335 -0.469783 0.0683201 -0.21491 -0.433525 0.872469
1305031545.539498 -0.817677 0.464749 -0.468318 0.0810907 -0.220633 -0.423767 0.874738
1305031545.578088 -0.837334 0.467781 -0.467687 0.0925397 -0.2266 -0.417133 0.875265
1305031545.603778 -0.850482 0.475723 -0.464589 0.104764 -0.235844 -0.415008 0.872451
1305031545.635945 -0.866689 0.47806 -0.462835 0.111716 -0.243988 -0.41401 0.869819
1305031545.673535 -0.881595 0.478175 -0.459631 0.121876 -0.25078 -0.413914 0.866563
1305031545.706561 -0.897759 0.480906 -0.456048 0.136682 -0.256623 -0.415063 0.862082
1305031545.739007 -0.901965 0.489236 -0.445443 0.148243 -0.261603 -0.414343 0.859015
1305031545.775565 -0.91187 0.495828 -0.437145 0.149931 -0.261697 -0.414977 0.858388
1305031545.807492 -0.921993 0.504892 -0.427615 0.149941 -0.263 -0.417742 0.856645
1305031545.843386 -0.928527 0.512255 -0.41597 0.147104 -0.263085 -0.420557 0.855733
1305031545.875515 -0.934413 0.518483 -0.404029 0.140483 -0.257747 -0.423807 0.856866
1305031545.907616 -0.939791 0.521751 -0.392899 0.133329 -0.249104 -0.427162 0.858897
1305031545.943703 -0.941839 0.531874 -0.380081 0.128762 -0.241672 -0.430007 0.860296
1305031545.975685 -0.946297 0.537323 -0.369266 0.118104 -0.232151 -0.433039 0.862922
1305031546.007570 -0.948888 0.544946 -0.358298 0.109887 -0.223691 -0.432546 0.866482
1305031546.043793 -0.946339 0.55491 -0.346275 0.100153 -0.215868 -0.43505 0.86839
1305031546.075425 -0.946295 0.558893 -0.335897 0.0884851 -0.201435 -0.436407 0.872435
1305031546.104074 -0.949204 0.563222 -0.327802 0.0795015 -0.185323 -0.434532 0.877791
1305031546.143517 -0.947551 0.566342 -0.319346 0.0733011 -0.173289 -0.432008 0.882024
1305031546.175972 -0.944778 0.570384 -0.310924 0.0678841 -0.160996 -0.427416 0.887011
1305031546.207525 -0.940248 0.574077 -0.302164 0.061471 -0.15117 -0.423388 0.891129
1305031546.243573 -0.940099 0.574694 -0.294719 0.055427 -0.138583 -0.416381 0.896855
1305031546.276113 -0.937765 0.575191 -0.286744 0.0554451 -0.129143 -0.409071 0.901615
1305031546.308117 -0.924495 0.580065 -0.276192 0.0566026 -0.124053 -0.402658 0.905137
1305031546.343932 -0.923269 0.581194 -0.268903 0.0514784 -0.11291 -0.392444 0.911367
1305031546.376105 -0.920212 0.583346 -0.260696 0.05194 -0.108178 -0.382957 0.915939
1305031546.407683 -0.912286 0.586502 -0.251231 0.052812 -0.107365 -0.374913 0.919306
1305031546.443985 -0.910258 0.588715 -0.242988 0.0512774 -0.104838 -0.366955 0.922889
1305031546.476002 -0.902452 0.594534 -0.233041 0.0545051 -0.106492 -0.361265 0.924757
1305031546.507978 -0.899456 0.599308 -0.224232 0.0506261 -0.101962 -0.35679 0.927223
1305031546.544091 -0.897674 0.602314 -0.216705 0.0505162 -0.0998643 -0.352122 0.929239
1305031546.576436 -0.891547 0.610545 -0.208102 0.0523239 -0.0985418 -0.348989 0.930461
1305031546.604477 -0.889793 0.617778 -0.200322 0.0485499 -0.093515 -0.345774 0.932383
1305031546.644231 -0.886178 0.623234 -0.19227 0.0426226 -0.0902639 -0.342505 0.934198
1305031546.676019 -0.88394 0.62747 -0.184629 0.0358084 -0.0848756 -0.340767 0.935624
1305031546.707952 -0.882525 0.630454 -0.177471 0.0301481 -0.0800973 -0.33981 0.936592
1305031546.743907 -0.878886 0.635157 -0.169901 0.0266429 -0.0745615 -0.339479 0.937275
1305031546.775885 -0.879109 0.6393 -0.163244 0.0185761 -0.0660765 -0.338941 0.938301
1305031546.808019 -0.8807 0.641423 -0.157686 0.0123934 -0.0608217 -0.339695 0.938485
1305031546.844098 -0.882193 0.643141 -0.152399 0.0093499 -0.0588348 -0.340392 0.938395
1305031546.876150 -0.884415 0.644974 -0.147873 0.00603765 -0.0590012 -0.340224 0.938472
1305031546.904254 -0.888103 0.644273 -0.144389 0.00396519 -0.0596296 -0.342563 0.937592
1305031546.943871 -0.89152 0.645293 -0.141502 0.00734219 -0.060539 -0.343717 0.937091
1305031546.975693 -0.893389 0.64783 -0.13835 0.0101622 -0.0619532 -0.345427 0.936343
1305031547.008548 -0.898545 0.64867 -0.136301 0.00857481 -0.0626501 -0.346595 0.935881
1305031547.044236 -0.901258 0.648673 -0.134666 0.0100487 -0.0652633 -0.348724 0.934896
1305031547.074033 -0.904047 0.647486 -0.133572 0.0109671 -0.0644359 -0.351029 0.93408
1305031547.109368 -0.907326 0.646025 -0.133422 0.0144411 -0.0624854 -0.352303 0.933686
1305031547.143020 -0.91086 0.645112 -0.134269 0.019355 -0.0614309 -0.35255 0.933574
1305031547.172567 -0.912896 0.644711 -0.135817 0.0232498 -0.0620073 -0.35156 0.93382
1305031547.211605 -0.915946 0.644466 -0.138267 0.0235602 -0.0641903 -0.349392 0.934478
1305031547.244133 -0.919667 0.642783 -0.141496 0.0236811 -0.0673358 -0.349433 0.934239
1305031547.276566 -0.922355 0.64171 -0.144888 0.0265113 -0.069141 -0.349568 0.93398
1305031547.312300 -0.924776 0.641829 -0.148126 0.028837 -0.070661 -0.349352 0.933878
1305031547.344201 -0.927822 0.641941 -0.151787 0.0304758 -0.0719117 -0.348432 0.934075
1305031547.376783 -0.92952 0.642289 -0.154721 0.0313913 -0.0749469 -0.34765 0.934097
1305031547.412309 -0.931798 0.641332 -0.157512 0.0306324 -0.0783757 -0.346951 0.9341
1305031547.444479 -0.934232 0.640553 -0.159865 0.0310318 -0.081203 -0.347536 0.933628
1305031547.475653 -0.936151 0.638755 -0.161853 0.0323893 -0.0831785 -0.348951 0.93288
1305031547.512129 -0.936818 0.638463 -0.162858 0.035464 -0.0846299 -0.349595 0.932397
1305031547.543063 -0.938851 0.638322 -0.163466 0.0360825 -0.0839706 -0.350323 0.932159
1305031547.572452 -0.940926 0.636752 -0.163914 0.0369908 -0.0838035 -0.350551 0.932053
1305031547.610069 -0.941154 0.637252 -0.163598 0.0384182 -0.0842101 -0.349123 0.932494
1305031547.643685 -0.943881 0.636203 -0.16336 0.0360302 -0.0835775 -0.348799 0.932768
1305031547.675727 -0.945057 0.635296 -0.163022 0.0372428 -0.0836944 -0.348387 0.932864
1305031547.712359 -0.944145 0.635671 -0.161609 0.0362746 -0.0824299 -0.348711 0.932894
1305031547.741819 -0.947147 0.632245 -0.162079 0.0322139 -0.0801172 -0.349494 0.932951
1305031547.773659 -0.946947 0.631818 -0.161928 0.0351138 -0.0804571 -0.349575 0.932787
1305031547.812136 -0.947168 0.631395 -0.161967 0.0350932 -0.0792393 -0.350498 0.932545
1305031547.844573 -0.948193 0.629793 -0.162435 0.0351615 -0.0777204 -0.350778 0.932565
1305031547.875313 -0.947814 0.629269 -0.162372 0.0358242 -0.0778104 -0.350674 0.932572
1305031547.912229 -0.948631 0.628031 -0.16274 0.0343261 -0.077664 -0.350991 0.932521
1305031547.942674 -0.949122 0.627339 -0.163079 0.0351506 -0.0769651 -0.350119 0.932876
1305031547.976525 -0.949934 0.627528 -0.163402 0.035578 -0.0762133 -0.349398 0.933192
