1305031526.688356 0 0 0 0 0 0 1
1305031526.721587 0.00279632 -0.00442614 -0.00784863 0.011113 0.0110734 0.00225838 0.999874
1305031526.755957 0.00487844 -0.00610996 -0.0166368 0.0271775 0.0235012 0.00197716 0.999352
1305031526.788681 0.00712468 -0.014083 -0.0264775 0.0414102 0.0356614 0.00126056 0.998505
1305031526.822643 0.00602756 -0.0245624 -0.0399577 0.0671313 0.0494433 -0.00433337 0.996509
1305031526.856844 0.00610148 -0.0107912 -0.051071 0.0934119 0.0597967 -0.00474598 0.993819
1305031526.888465 0.00454605 -0.0163209 -0.0622676 0.110438 0.0692092 -0.00996241 0.99142
1305031526.920578 0.00427818 -0.0146641 -0.0737896 0.132201 0.0793088 -0.0134358 0.987954
1305031526.955033 0.00247955 -0.016385 -0.084332 0.149384 0.0886993 -0.0147243 0.984683
1305031526.987606 -0.00210121 -0.0185805 -0.0946179 0.167935 0.0973081 -0.0170677 0.980835
1305031527.020791 -0.00552539 -0.016881 -0.103844 0.182054 0.104356 -0.0169188 0.977589
1305031527.055070 -0.0101391 -0.015666 -0.111389 0.19776 0.111408 -0.0171843 0.973747
1305031527.086965 -0.00968823 -0.016904 -0.122412 0.211182 0.117581 -0.0171485 0.970197
1305031527.119854 -0.0131607 -0.0135751 -0.127982 0.219753 0.122063 -0.0153621 0.967767
1305031527.155465 -0.0154203 -0.0115763 -0.134668 0.230865 0.127193 -0.0163938 0.964497
1305031527.186447 -0.0140448 -0.0067216 -0.139695 0.237536 0.130576 -0.0147031 0.96245
1305031527.222219 -0.01485 -0.00561111 -0.141702 0.236764 0.132358 -0.0134182 0.962416
1305031527.256275 -0.0147163 -0.000554574 -0.140195 0.233647 0.132764 -0.0126429 0.963132
1305031527.287060 -0.0164784 0.00529808 -0.136463 0.226245 0.13293 -0.00894018 0.964916
1305031527.323213 -0.0178228 0.0108608 -0.131111 0.217867 0.130676 -0.00576328 0.967173
1305031527.355197 -0.0170182 0.0151527 -0.126524 0.208901 0.127196 -0.00096041 0.969629
1305031527.388471 -0.0163895 0.0215606 -0.121244 0.200559 0.1254 0.00200325 0.971621
1305031527.422926 -0.0150237 0.0264017 -0.116594 0.191309 0.125226 0.00503486 0.973496
1305031527.455773 -0.0140702 0.0331021 -0.11165 0.182291 0.125622 0.00783724 0.975155
1305031527.486055 -0.0146743 0.0348159 -0.107639 0.172737 0.125477 0.00970886 0.976895
1305031527.522397 -0.014861 0.0390351 -0.102947 0.163307 0.124983 0.0112393 0.978562
1305031527.554573 -0.0158375 0.0451671 -0.097662 0.153584 0.125699 0.0119819 0.980035
1305031527.586987 -0.016695 0.0513689 -0.0921083 0.141329 0.126118 0.0120812 0.981822
1305031527.622793 -0.0190515 0.0547574 -0.0863136 0.127559 0.127058 0.0128074 0.983576
1305031527.656028 -0.0226096 0.0618061 -0.0787415 0.113748 0.12595 0.0120117 0.985421
1305031527.688563 -0.0255134 0.0623058 -0.0725797 0.0952563 0.120609 0.0131447 0.988032
1305031527.721751 -0.0275952 0.06246 -0.0687686 0.0828048 0.112882 0.0140811 0.990052
1305031527.756472 -0.0292086 0.0640319 -0.0657239 0.0732185 0.106271 0.0154046 0.991518
1305031527.789333 -0.034104 0.0685754 -0.0616605 0.0662876 0.101733 0.0165096 0.992464
1305031527.825562 -0.040596 0.0690769 -0.0583999 0.0573474 0.0958161 0.0175514 0.993591
1305031527.857855 -0.0489508 0.0702022 -0.0541554 0.0526199 0.0874649 0.0179943 0.994614
1305031527.887866 -0.0575229 0.0746538 -0.0493676 0.0468313 0.0763568 0.0158882 0.995853
1305031527.922214 -0.0665396 0.0741763 -0.0458078 0.0380942 0.0645785 0.011166 0.997123
1305031527.954490 -0.0789264 0.0701105 -0.0426916 0.0339216 0.0518159 0.00403173 0.998072
1305031527.987977 -0.0904703 0.071886 -0.0396835 0.0369789 0.0358725 -0.00994326 0.998622
1305031528.025614 -0.103291 0.0719183 -0.0373174 0.0364038 0.0204534 -0.0245429 0.998826
1305031528.056126 -0.117978 0.0670898 -0.0358849 0.0368568 0.0035065 -0.0401564 0.998507
1305031528.085297 -0.133431 0.0673873 -0.03515 0.0425983 -0.0116823 -0.0557547 0.997467
1305031528.124333 -0.150582 0.0675967 -0.0358963 0.0474099 -0.0258037 -0.070749 0.996033
1305031528.151873 -0.166661 0.0700965 -0.0383037 0.0525594 -0.0409128 -0.0880267 0.993889
1305031528.186872 -0.180562 0.0699697 -0.0410662 0.0552275 -0.0544079 -0.106253 0.991312
1305031528.220887 -0.193575 0.0667357 -0.0450614 0.0596733 -0.0642762 -0.124277 0.988364
1305031528.251953 -0.207202 0.0706885 -0.0494293 0.0694334 -0.0718524 -0.13976 0.985131
1305031528.284263 -0.224725 0.0727008 -0.0556598 0.0752169 -0.0805225 -0.151411 0.98231
1305031528.321639 -0.242188 0.0740131 -0.0616138 0.0828539 -0.0986409 -0.163314 0.978128
1305031528.355032 -0.258464 0.0787 -0.0673889 0.0917355 -0.120035 -0.173454 0.973185
1305031528.384839 -0.275926 0.0803617 -0.0738656 0.0958335 -0.141607 -0.179814 0.968726
1305031528.424006 -0.293854 0.0834596 -0.0810203 0.100466 -0.16703 -0.186172 0.962989
1305031528.453962 -0.310145 0.0861701 -0.087665 0.103316 -0.19464 -0.193877 0.955957
1305031528.490720 -0.32469 0.0912854 -0.0945159 0.104589 -0.222625 -0.199509 0.948523
1305031528.524649 -0.338217 0.0946207 -0.1026 0.104585 -0.251218 -0.203479 0.940504
1305031528.557069 -0.351457 0.103454 -0.110056 0.104573 -0.280792 -0.208501 0.930993
1305031528.592924 -0.367052 0.108859 -0.11739 0.0976546 -0.304076 -0.213018 0.923377
1305031528.623407 -0.381372 0.114776 -0.12519 0.0922916 -0.325787 -0.216904 0.915586
1305031528.654033 -0.392118 0.126775 -0.131829 0.0883674 -0.344112 -0.22223 0.90796
1305031528.692143 -0.400777 0.136827 -0.136519 0.0800416 -0.355378 -0.229693 0.902519
1305031528.725000 -0.407952 0.148101 -0.140938 0.0725296 -0.363823 -0.237519 0.897751
1305031528.756620 -0.412835 0.161046 -0.144612 0.066264 -0.370017 -0.245656 0.893504
1305031528.792160 -0.417494 0.173918 -0.147342 0.0586805 -0.37203 -0.253837 0.890908
1305031528.824057 -0.424385 0.190436 -0.152868 0.0483594 -0.371908 -0.261136 0.889468
1305031528.856114 -0.431593 0.206104 -0.158465 0.0381837 -0.372317 -0.268143 0.887706
1305031528.892684 -0.437947 0.221408 -0.162116 0.0266163 -0.37327 -0.27564 0.885428
1305031528.924061 -0.443579 0.239114 -0.164795 0.0153412 -0.372339 -0.28268 0.883867
1305031528.956027 -0.454773 0.252357 -0.171785 -0.00174139 -0.367945 -0.28695 0.884462
1305031528.991870 -0.462124 0.269252 -0.177595 -0.011812 -0.366585 -0.284563 0.88572
1305031529.024164 -0.468751 0.289754 -0.181424 -0.0238363 -0.362772 -0.2822 0.887802
1305031529.057246 -0.47753 0.306331 -0.185865 -0.0392869 -0.354916 -0.280683 0.890903
1305031529.092696 -0.487367 0.320017 -0.190591 -0.0535396 -0.34242 -0.272777 0.897483
1305031529.124051 -0.497439 0.336563 -0.196925 -0.0634198 -0.327358 -0.261188 0.905867
1305031529.156187 -0.509125 0.353218 -0.204101 -0.0759875 -0.31254 -0.244649 0.914709
1305031529.192085 -0.521444 0.372794 -0.212806 -0.0889248 -0.297547 -0.225753 0.92336
1305031529.224200 -0.533693 0.3929 -0.221555 -0.103899 -0.282405 -0.210026 0.930237
1305031529.256728 -0.547472 0.411928 -0.230048 -0.117472 -0.267243 -0.203197 0.934608
1305031529.291235 -0.564389 0.429166 -0.239391 -0.132238 -0.247973 -0.200865 0.938443
1305031529.323356 -0.583094 0.443653 -0.249458 -0.144902 -0.228762 -0.196507 0.942367
1305031529.355813 -0.600541 0.459653 -0.259171 -0.157056 -0.21294 -0.194003 0.944644
1305031529.388855 -0.624214 0.46836 -0.270169 -0.172305 -0.201213 -0.193072 0.944747
1305031529.423010 -0.645294 0.479328 -0.279647 -0.173672 -0.198275 -0.194678 0.944789
1305031529.457448 -0.665739 0.488803 -0.288709 -0.173562 -0.194327 -0.198195 0.944898
1305031529.491343 -0.68608 0.497002 -0.297456 -0.170852 -0.188477 -0.200313 0.946129
1305031529.522171 -0.707004 0.502348 -0.305511 -0.167636 -0.18298 -0.204905 0.9468
1305031529.556350 -0.72641 0.508575 -0.313298 -0.158816 -0.175528 -0.207097 0.949251
1305031529.593324 -0.743299 0.516989 -0.319788 -0.151231 -0.167828 -0.206426 0.952025
1305031529.623772 -0.7617 0.524206 -0.325058 -0.150701 -0.160584 -0.203186 0.954053
1305031529.657753 -0.779081 0.529469 -0.328363 -0.15254 -0.154185 -0.197375 0.956034
1305031529.692840 -0.79529 0.535031 -0.330771 -0.155268 -0.146459 -0.188018 0.958692
1305031529.725566 -0.811413 0.539771 -0.332228 -0.159303 -0.139245 -0.178892 0.960849
1305031529.759598 -0.826333 0.543667 -0.33247 -0.162673 -0.131892 -0.173321 0.962342
1305031529.792805 -0.840266 0.544347 -0.331425 -0.166946 -0.120081 -0.168617 0.963991
1305031529.825293 -0.855888 0.541424 -0.329854 -0.166381 -0.106839 -0.16524 0.966229
1305031529.859548 -0.873546 0.543399 -0.32932 -0.158545 -0.0923115 -0.157932 0.970257
1305031529.891119 -0.892179 0.543386 -0.328426 -0.157558 -0.0818118 -0.146406 0.973164
1305031529.925850 -0.912541 0.541031 -0.326881 -0.155422 -0.0749446 -0.133634 0.975894
1305031529.960102 -0.933744 0.541509 -0.325854 -0.149949 -0.0703631 -0.121833 0.978632
1305031529.992331 -0.954141 0.542407 -0.325337 -0.148072 -0.0647211 -0.111647 0.980521
1305031530.024225 -0.977096 0.539189 -0.325347 -0.151673 -0.0575144 -0.0989838 0.981779
1305031530.059982 -0.998784 0.533819 -0.326475 -0.155217 -0.0531464 -0.0850403 0.982777
1305031530.091203 -1.0211 0.529442 -0.32979 -0.157789 -0.0496236 -0.0730239 0.983518
1305031530.125990 -1.04558 0.519046 -0.334294 -0.163257 -0.045151 -0.0583031 0.983824
1305031530.159636 -1.06746 0.510037 -0.340635 -0.160536 -0.0432758 -0.0474021 0.984941
1305031530.191494 -1.08895 0.502274 -0.348497 -0.157941 -0.0413686 -0.0426603 0.985659
1305031530.224007 -1.11174 0.488394 -0.35612 -0.156742 -0.0383147 -0.0375773 0.98618
1305031530.259074 -1.13278 0.477468 -0.365971 -0.148498 -0.0348293 -0.0380038 0.987568
1305031530.292738 -1.15218 0.468915 -0.376837 -0.141245 -0.0301993 -0.0411913 0.988656
1305031530.324398 -1.17238 0.458731 -0.387008 -0.136056 -0.024036 -0.0416475 0.989533
1305031530.355958 -1.1892 0.45275 -0.398292 -0.129509 -0.017936 -0.0442418 0.990428
1305031530.391987 -1.20807 0.445594 -0.408902 -0.129225 -0.00990317 -0.0456856 0.990513
1305031530.423101 -1.22833 0.431631 -0.417506 -0.130176 -0.00150656 -0.0441628 0.990506
1305031530.458850 -1.24677 0.420797 -0.427716 -0.125276 0.00532407 -0.0452628 0.991075
1305031530.492200 -1.26516 0.411127 -0.438772 -0.120901 0.0119673 -0.0445176 0.991594
1305031530.524323 -1.28192 0.399538 -0.4507 -0.116752 0.0193405 -0.0433117 0.992028
1305031530.558716 -1.2978 0.382997 -0.462069 -0.110249 0.0310749 -0.0435137 0.992465
1305031530.591301 -1.31367 0.365248 -0.475914 -0.0957729 0.0464412 -0.0458439 0.993262
1305031530.623002 -1.32563 0.353878 -0.493463 -0.078099 0.0630797 -0.0484131 0.993769
1305031530.656445 -1.3368 0.343045 -0.511379 -0.0626015 0.0834978 -0.0499545 0.993284
1305031530.691015 -1.34831 0.332234 -0.528945 -0.0464264 0.107551 -0.0500678 0.991852
1305031530.723869 -1.35994 0.322132 -0.549111 -0.0257778 0.133244 -0.0478569 0.989592
1305031530.758503 -1.3736 0.326921 -0.56922 -0.0062844 0.159074 -0.0442539 0.986254
1305031530.790818 -1.38987 0.323114 -0.585383 0.00676614 0.185921 -0.0362845 0.981871
1305031530.822584 -1.41082 0.334043 -0.599962 0.0207641 0.210051 -0.0256036 0.977135
1305031530.858371 -1.43463 0.345496 -0.609567 0.0261304 0.22958 -0.0117385 0.972868
1305031530.890688 -1.45525 0.350492 -0.616149 0.0255122 0.240392 -0.00072405 0.97034
1305031530.923878 -1.48073 0.35078 -0.617313 0.0295761 0.245092 0.00664481 0.969026
1305031530.959175 -1.50798 0.364625 -0.613994 0.0372979 0.242103 0.00897513 0.969492
1305031530.988081 -1.53485 0.377686 -0.605629 0.0381825 0.232184 0.00992982 0.971871
1305031531.027310 -1.56097 0.388363 -0.593601 0.0358631 0.218367 0.0124569 0.975128
1305031531.058516 -1.59044 0.401733 -0.576979 0.0314308 0.204942 0.0166209 0.978128
1305031531.091208 -1.61849 0.415614 -0.558811 0.0222806 0.189526 0.0190668 0.981438
1305031531.126140 -1.64481 0.416664 -0.538147 0.00895063 0.172499 0.0234575 0.98469
1305031531.159520 -1.67274 0.416391 -0.516199 0.00144395 0.157815 0.0295122 0.987027
1305031531.190137 -1.69619 0.425926 -0.496105 -0.00193981 0.14134 0.0321324 0.989438
1305031531.228127 -1.72012 0.434841 -0.475471 -0.00859611 0.124401 0.035605 0.991556
1305031531.259840 -1.74712 0.435359 -0.451911 -0.0168736 0.107857 0.0401363 0.993213
1305031531.290185 -1.77552 0.437241 -0.428594 -0.0188375 0.0955203 0.0434492 0.9943
1305031531.327763 -1.79778 0.441588 -0.406919 -0.0175209 0.0844219 0.0448642 0.995265
1305031531.358509 -1.81807 0.447348 -0.385795 -0.016802 0.0776076 0.0432269 0.995905
1305031531.389868 -1.83454 0.446694 -0.366495 -0.018209 0.0761523 0.0409247 0.99609
1305031531.427177 -1.85118 0.450159 -0.347654 -0.0145545 0.0809649 0.0400616 0.995805
1305031531.459698 -1.86616 0.452039 -0.328388 -0.0138078 0.0892426 0.0412031 0.995062
1305031531.492107 -1.88436 0.445754 -0.308038 -0.0126848 0.0988246 0.0459497 0.993962
1305031531.527542 -1.90194 0.44856 -0.288235 -0.00757393 0.106472 0.0470816 0.993172
1305031531.560506 -1.91935 0.443407 -0.267881 -0.007819 0.111678 0.0524387 0.992329
1305031531.592018 -1.93491 0.438956 -0.249486 -0.00572227 0.114896 0.0583037 0.991649
1305031531.628037 -1.95209 0.438888 -0.231583 -0.00385174 0.120332 0.0614207 0.990824
1305031531.659769 -1.96858 0.433518 -0.215462 -0.0054971 0.127216 0.0649138 0.989733
1305031531.693140 -1.98637 0.427983 -0.199861 -0.00367469 0.133796 0.0688128 0.98861
1305031531.727762 -2.00526 0.427938 -0.183318 -0.00125791 0.137594 0.0680619 0.988147
1305031531.755881 -2.02345 0.422521 -0.169037 -0.00272711 0.141723 0.0664284 0.987671
1305031531.790528 -2.04176 0.420336 -0.154611 0.000688021 0.147566 0.0637618 0.986995
1305031531.826931 -2.06073 0.419243 -0.139543 0.00476461 0.151857 0.0627716 0.986396
1305031531.858402 -2.07959 0.428149 -0.123618 0.00750264 0.15403 0.0606825 0.986172
1305031531.893291 -2.09508 0.431333 -0.109973 -0.00187344 0.155092 0.0618505 0.98596
1305031531.925080 -2.10902 0.43137 -0.0974318 -0.0113941 0.157798 0.0639777 0.985331
1305031531.959262 -2.12343 0.435845 -0.084443 -0.019375 0.163532 0.0672667 0.984051
1305031531.990634 -2.13772 0.436852 -0.0707543 -0.029137 0.170374 0.0728095 0.982254
1305031532.027524 -2.15146 0.443782 -0.0577194 -0.0355763 0.177006 0.0784761 0.980431
1305031532.059872 -2.16489 0.451335 -0.0438997 -0.0454274 0.184353 0.0884313 0.977819
1305031532.092096 -2.17775 0.45816 -0.0293643 -0.0574775 0.191461 0.101415 0.974553
1305031532.126073 -2.19091 0.464087 -0.0144898 -0.0702864 0.198878 0.118546 0.970286
1305031532.159926 -2.20175 0.46639 -0.000122182 -0.0809645 0.204086 0.1373 0.965889
1305031532.195623 -2.2163 0.474123 0.0154156 -0.0883925 0.209635 0.156309 0.961149
1305031532.227800 -2.22986 0.476962 0.0311596 -0.0979224 0.214593 0.177723 0.955393
1305031532.260079 -2.24363 0.481698 0.0456515 -0.103116 0.218428 0.195995 0.95039
1305031532.295824 -2.25945 0.486353 0.060716 -0.109865 0.223782 0.213021 0.944708
1305031532.327833 -2.27579 0.488613 0.0773759 -0.116839 0.230728 0.22988 0.938226
1305031532.356687 -2.2917 0.488579 0.094123 -0.125023 0.233097 0.248831 0.931728
1305031532.396584 -2.30643 0.487568 0.109272 -0.133275 0.230146 0.264432 0.927009
1305031532.424572 -2.32049 0.479821 0.125996 -0.141703 0.22417 0.273656 0.924543
1305031532.461447 -2.32753 0.466361 0.141383 -0.140793 0.220246 0.276161 0.92488
1305031532.494758 -2.34228 0.456681 0.156536 -0.12758 0.222925 0.26975 0.928042
1305031532.523363 -2.35708 0.447558 0.171979 -0.113651 0.226753 0.265725 0.930084
1305031532.558750 -2.36881 0.435358 0.187345 -0.10105 0.227618 0.265114 0.931501
1305031532.594713 -2.38091 0.427292 0.202956 -0.0854401 0.229784 0.261554 0.933536
1305031532.626577 -2.39028 0.424124 0.215565 -0.0775073 0.233411 0.260906 0.93351
1305031532.655415 -2.39606 0.415592 0.229435 -0.0760775 0.242857 0.264252 0.930271
1305031532.692281 -2.40282 0.409314 0.244571 -0.0726651 0.258696 0.268255 0.925114
1305031532.725142 -2.41166 0.404541 0.259954 -0.0742572 0.272984 0.276867 0.918319
1305031532.756518 -2.41569 0.396972 0.274662 -0.0821247 0.282274 0.287718 0.91148
1305031532.793593 -2.4151 0.386023 0.286785 -0.0887914 0.287993 0.299535 0.905237
1305031532.827589 -2.4135 0.377424 0.298489 -0.0876302 0.294999 0.303588 0.901738
1305031532.860360 -2.41392 0.371932 0.309723 -0.0851304 0.306744 0.307595 0.896686
1305031532.894951 -2.41208 0.36484 0.32076 -0.082539 0.321576 0.315574 0.888926
1305031532.927108 -2.41115 0.359 0.331648 -0.080613 0.334193 0.324432 0.881227
1305031532.958860 -2.40464 0.349043 0.341765 -0.0770414 0.34056 0.339013 0.873586
1305031532.994889 -2.40005 0.342253 0.352122 -0.0681415 0.347524 0.351094 0.866785
1305031533.027007 -2.39451 0.334378 0.361678 -0.0599235 0.354947 0.364324 0.858889
1305031533.059895 -2.38955 0.328416 0.369519 -0.0503539 0.363098 0.374273 0.851789
1305031533.095707 -2.39103 0.327757 0.377228 -0.0459393 0.372692 0.381116 0.844832
1305031533.127261 -2.38312 0.314064 0.383407 -0.0488192 0.384118 0.398825 0.831269
1305031533.158865 -2.37475 0.299433 0.384301 -0.0455299 0.392284 0.408664 0.822821
1305031533.194665 -2.37703 0.293744 0.38521 -0.0410204 0.400582 0.403816 0.821452
1305031533.226596 -2.37832 0.285897 0.384765 -0.0434148 0.408897 0.405936 0.81617
1305031533.258719 -2.37118 0.268241 0.379489 -0.0456113 0.416533 0.414168 0.808013
1305031533.294892 -2.37562 0.256867 0.37472 -0.0415996 0.424281 0.411551 0.805531
1305031533.326747 -2.37824 0.242278 0.369442 -0.0375698 0.430452 0.415179 0.800578
1305031533.358749 -2.3798 0.22486 0.361278 -0.031476 0.438369 0.416487 0.795852
1305031533.394869 -2.38549 0.210274 0.353362 -0.0225822 0.446241 0.415759 0.792151
1305031533.428282 -2.39316 0.19721 0.347519 -0.0128536 0.450593 0.414915 0.790346
1305031533.463804 -2.39968 0.182528 0.34303 -0.00399761 0.451099 0.417752 0.788655
1305031533.495077 -2.40827 0.170831 0.339927 0.00697746 0.453899 0.418485 0.786637
1305031533.523787 -2.41625 0.159877 0.335859 0.0142132 0.455701 0.422247 0.78348
1305031533.563866 -2.42202 0.14679 0.330632 0.0231118 0.458357 0.426545 0.779381
1305031533.596729 -2.43273 0.139538 0.331761 0.0326803 0.46564 0.425417 0.775327
1305031533.623714 -2.44177 0.132754 0.33085 0.0373832 0.475159 0.427138 0.768362
1305031533.662973 -2.45108 0.126831 0.332454 0.0421765 0.484529 0.430015 0.760618
1305031533.695127 -2.46048 0.123063 0.336118 0.0435902 0.491816 0.434032 0.753547
1305031533.727956 -2.46517 0.113905 0.338129 0.0387845 0.501181 0.438868 0.744788
1305031533.763534 -2.47013 0.104512 0.341156 0.035078 0.514429 0.441246 0.734462
1305031533.795519 -2.47921 0.0999115 0.351027 0.0349402 0.52699 0.442355 0.724833
1305031533.827015 -2.48181 0.0876281 0.357211 0.0327867 0.53194 0.448674 0.717395
1305031533.859819 -2.48533 0.0770241 0.362822 0.0420102 0.530759 0.451465 0.716038
1305031533.895161 -2.4946 0.0765215 0.373878 0.0569302 0.516768 0.448868 0.726792
1305031533.926857 -2.4962 0.0617729 0.384056 0.0673859 0.495774 0.44858 0.74057
1305031533.961985 -2.50024 0.0539772 0.399849 0.0831019 0.473679 0.44207 0.757163
1305031533.994392 -2.50219 0.0368499 0.419841 0.0942863 0.451681 0.43746 0.771831
1305031534.026608 -2.50206 0.0132182 0.436853 0.105487 0.433077 0.429271 0.785521
1305031534.062247 -2.50369 -0.00447895 0.455004 0.120414 0.419001 0.414794 0.798677
1305031534.094417 -2.5041 -0.0194909 0.466906 0.132518 0.405927 0.405262 0.808347
1305031534.126412 -2.49982 -0.0428199 0.472847 0.145349 0.395399 0.395708 0.816057
1305031534.162210 -2.50326 -0.0519388 0.48469 0.160604 0.398408 0.374557 0.821696
1305031534.191161 -2.50317 -0.0652693 0.490866 0.168844 0.402396 0.365545 0.822159
1305031534.225977 -2.49879 -0.0836365 0.493603 0.178381 0.403288 0.355878 0.823948
1305031534.262752 -2.50066 -0.0856786 0.501668 0.186728 0.403621 0.343521 0.827174
1305031534.295276 -2.49913 -0.097712 0.507032 0.187932 0.39968 0.34138 0.829697
1305031534.327593 -2.49847 -0.10619 0.513291 0.191782 0.396624 0.338342 0.831525
1305031534.362839 -2.49548 -0.117141 0.516588 0.194994 0.398344 0.332966 0.832126
1305031534.395128 -2.49029 -0.125719 0.517604 0.199839 0.400311 0.325917 0.832823
1305031534.427890 -2.48659 -0.131883 0.520308 0.204893 0.405698 0.319077 0.831636
1305031534.462407 -2.4773 -0.14793 0.51636 0.210587 0.408494 0.315342 0.830268
1305031534.494488 -2.47363 -0.154306 0.518712 0.221292 0.408828 0.306794 0.830522
1305031534.526222 -2.46992 -0.155569 0.522577 0.22607 0.406342 0.303066 0.831823
1305031534.562364 -2.46439 -0.164421 0.523261 0.230081 0.400602 0.30381 0.833235
1305031534.594279 -2.45951 -0.167307 0.527038 0.238529 0.394282 0.29809 0.835935
1305031534.627133 -2.4541 -0.170333 0.530276 0.242422 0.387508 0.293166 0.839716
1305031534.662781 -2.4502 -0.173074 0.53498 0.243338 0.378385 0.291615 0.84414
1305031534.694710 -2.44503 -0.172895 0.537922 0.242795 0.36951 0.289529 0.848932
1305031534.730855 -2.43924 -0.173808 0.539727 0.244232 0.363725 0.287793 0.851604
1305031534.763129 -2.43508 -0.174301 0.542272 0.244884 0.360307 0.283403 0.854338
1305031534.795824 -2.42869 -0.173681 0.542579 0.242814 0.357018 0.278759 0.857831
1305031534.831135 -2.42377 -0.177402 0.541076 0.243092 0.352811 0.276429 0.860243
1305031534.862751 -2.41903 -0.181553 0.538929 0.244589 0.347256 0.273839 0.862903
1305031534.894919 -2.41566 -0.186434 0.537414 0.24804 0.341925 0.267175 0.86613
1305031534.930974 -2.41839 -0.177366 0.541336 0.250506 0.340807 0.255038 0.869513
1305031534.962776 -2.4143 -0.173017 0.536708 0.249367 0.34632 0.248768 0.869479
1305031534.994599 -2.41268 -0.176036 0.529696 0.25281 0.355256 0.243957 0.866236
1305031535.030642 -2.41644 -0.178682 0.527821 0.257968 0.359005 0.237417 0.864986
1305031535.062210 -2.41998 -0.182399 0.52725 0.260356 0.355404 0.232242 0.86716
1305031535.094542 -2.42255 -0.179826 0.528593 0.258856 0.34852 0.229982 0.870997
1305031535.129807 -2.42411 -0.180114 0.526681 0.259988 0.345176 0.233187 0.871139
1305031535.158853 -2.42776 -0.180736 0.528461 0.260844 0.339965 0.236003 0.872173
1305031535.193991 -2.43085 -0.184953 0.529863 0.259678 0.330049 0.238602 0.875616
1305031535.230011 -2.43688 -0.183792 0.534191 0.257638 0.317893 0.238407 0.880755
1305031535.261725 -2.43548 -0.188042 0.532681 0.254428 0.304429 0.239244 0.886201
1305031535.295784 -2.43473 -0.190758 0.529448 0.252343 0.292315 0.237705 0.891275
1305031535.329773 -2.43681 -0.192168 0.530318 0.249678 0.28432 0.234193 0.895531
1305031535.361759 -2.43816 -0.197582 0.52948 0.247368 0.276159 0.232778 0.899088
1305031535.392026 -2.44101 -0.204339 0.529705 0.244068 0.267139 0.227981 0.903932
1305031535.431010 -2.4404 -0.2104 0.526982 0.241525 0.259116 0.222932 0.908199
1305031535.462732 -2.44023 -0.220534 0.523473 0.240641 0.251289 0.215771 0.912353
1305031535.495467 -2.44476 -0.229546 0.522011 0.242426 0.245161 0.206216 0.915751
1305031535.530835 -2.44546 -0.235269 0.518334 0.245435 0.238759 0.195673 0.91895
1305031535.562308 -2.45017 -0.239328 0.517007 0.249329 0.236064 0.184955 0.920815
1305031535.594713 -2.45792 -0.239418 0.518956 0.248496 0.237513 0.176264 0.922371
1305031535.630819 -2.46465 -0.236802 0.521479 0.245006 0.239609 0.172138 0.923541
1305031535.662546 -2.46513 -0.237791 0.518618 0.243081 0.240799 0.169515 0.924225
1305031535.694763 -2.46503 -0.226241 0.520693 0.239972 0.240024 0.167578 0.925592
1305031535.730877 -2.46395 -0.215114 0.521229 0.233987 0.239151 0.169893 0.926927
1305031535.759227 -2.46087 -0.20759 0.520113 0.228318 0.238418 0.172632 0.928022
1305031535.794599 -2.45571 -0.19333 0.520916 0.222307 0.238705 0.173812 0.929187
1305031535.831105 -2.44979 -0.187343 0.517996 0.215904 0.239949 0.180599 0.929082
1305031535.859528 -2.44714 -0.177643 0.516734 0.21318 0.240662 0.186727 0.928315
1305031535.898883 -2.44358 -0.166546 0.514933 0.209027 0.240673 0.192834 0.928008
1305031535.930685 -2.43704 -0.155047 0.51015 0.205976 0.243221 0.197696 0.927003
1305031535.959567 -2.4333 -0.141607 0.50738 0.200376 0.25011 0.203126 0.925221
1305031535.998988 -2.4313 -0.126454 0.504441 0.191177 0.257746 0.208521 0.923871
1305031536.031463 -2.42791 -0.11284 0.501265 0.17992 0.2638 0.217907 0.922255
1305031536.062243 -2.42447 -0.100538 0.498634 0.170016 0.270177 0.227755 0.919906
1305031536.099404 -2.42421 -0.0841013 0.497431 0.159663 0.277484 0.236879 0.917278
1305031536.131440 -2.4203 -0.069935 0.493122 0.147152 0.284644 0.248303 0.914149
1305031536.163367 -2.41619 -0.0557057 0.487491 0.1369 0.294401 0.26058 0.909222
1305031536.199777 -2.41205 -0.0427923 0.481955 0.12639 0.30492 0.272231 0.903847
1305031536.231583 -2.40923 -0.0274183 0.476726 0.11667 0.316932 0.283331 0.897589
1305031536.263219 -2.40372 -0.0134092 0.467446 0.105942 0.32838 0.297873 0.890064
1305031536.299512 -2.39843 -1.91685e-05 0.458354 0.0974048 0.340566 0.313587 0.881017
1305031536.331390 -2.39232 0.0136054 0.446609 0.0908092 0.351722 0.327337 0.872293
1305031536.363006 -2.38956 0.0278214 0.438401 0.0858496 0.362718 0.342077 0.862583
1305031536.399605 -2.38775 0.0375672 0.429995 0.0801287 0.374913 0.358251 0.851279
1305031536.431590 -2.38863 0.0480226 0.422924 0.0772467 0.387885 0.371422 0.840014
1305031536.463554 -2.39067 0.0557134 0.418845 0.0728021 0.400824 0.385325 0.827988
1305031536.499647 -2.39171 0.062759 0.412364 0.0671792 0.40894 0.396922 0.818968
1305031536.531617 -2.39452 0.0694941 0.407351 0.0645013 0.414461 0.407573 0.811138
1305031536.563087 -2.39882 0.0758697 0.406147 0.0635678 0.416894 0.41635 0.805489
1305031536.599164 -2.39999 0.0836081 0.400213 0.0614682 0.414626 0.424247 0.802696
1305031536.631797 -2.40192 0.0919612 0.395886 0.0618241 0.414538 0.431914 0.798615
1305031536.663533 -2.40739 0.100664 0.396001 0.0617486 0.413954 0.438874 0.795122
1305031536.699497 -2.40966 0.10815 0.39274 0.0589133 0.409132 0.444987 0.794435
1305031536.731424 -2.41218 0.119088 0.387542 0.0566711 0.406728 0.446074 0.795223
1305031536.761478 -2.4117 0.129617 0.378897 0.0526365 0.407614 0.446083 0.795041
1305031536.796242 -2.41369 0.136703 0.37369 0.0502475 0.409825 0.443994 0.795228
1305031536.828016 -2.41996 0.145875 0.373111 0.0490384 0.409556 0.437759 0.798891
1305031536.859596 -2.4226 0.154712 0.368942 0.0460122 0.407513 0.434742 0.801757
1305031536.895830 -2.42239 0.162487 0.361016 0.0424709 0.405642 0.430611 0.805124
1305031536.927579 -2.42186 0.172283 0.351413 0.0396483 0.406343 0.420378 0.810306
1305031536.962880 -2.42259 0.182155 0.339409 0.0376355 0.410435 0.412923 0.812171
1305031536.996766 -2.42409 0.190691 0.327044 0.0373963 0.412846 0.407625 0.813635
1305031537.028058 -2.42597 0.203222 0.313704 0.037544 0.414428 0.399107 0.81704
1305031537.060447 -2.42581 0.214667 0.297993 0.0358725 0.415314 0.393553 0.819356
1305031537.095829 -2.42618 0.22598 0.282083 0.0344291 0.414697 0.388534 0.82212
1305031537.129621 -2.42549 0.235652 0.265924 0.0323073 0.415572 0.383646 0.824058
1305031537.167541 -2.42294 0.245928 0.244693 0.0300408 0.417292 0.377346 0.826181
1305031537.195643 -2.41982 0.255922 0.224998 0.0282373 0.416818 0.36876 0.83035
1305031537.230153 -2.41683 0.264206 0.205687 0.0267769 0.41506 0.361872 0.8343
1305031537.265688 -2.41294 0.274194 0.185085 0.0263387 0.411366 0.353055 0.839903
1305031537.298861 -2.40919 0.283555 0.164943 0.024631 0.407716 0.345319 0.844936
1305031537.330994 -2.40491 0.289997 0.143781 0.0221192 0.403865 0.337857 0.849857
1305031537.365736 -2.40136 0.297586 0.121941 0.0206323 0.398279 0.328555 0.856154
1305031537.395624 -2.39675 0.303418 0.102178 0.0198192 0.391941 0.317605 0.863201
1305031537.429641 -2.39472 0.311099 0.0846919 0.0196616 0.385082 0.308406 0.869604
1305031537.464312 -2.39029 0.316626 0.0665275 0.0176727 0.374768 0.299112 0.877365
1305031537.497527 -2.38526 0.321105 0.0481918 0.0157259 0.364723 0.288082 0.88529
1305031537.530263 -2.38106 0.331296 0.0307125 0.0142701 0.356643 0.275757 0.892502
1305031537.564476 -2.37389 0.33576 0.0136941 0.00918793 0.350159 0.268611 0.897303
1305031537.598276 -2.36449 0.334342 -0.00350922 0.00705959 0.34534 0.264306 0.900462
1305031537.630389 -2.35628 0.336634 -0.0204948 0.00924632 0.338567 0.258652 0.904647
1305031537.664114 -2.3486 0.33902 -0.0363742 0.0116408 0.327792 0.251604 0.910556
1305031537.695278 -2.33528 0.337084 -0.0544512 0.0142706 0.31753 0.244911 0.915964
1305031537.728342 -2.3245 0.340958 -0.0712392 0.0195944 0.313088 0.233888 0.920265
1305031537.766378 -2.31297 0.341958 -0.0862527 0.0232684 0.309447 0.222778 0.92416
1305031537.798725 -2.29967 0.344878 -0.10162 0.028928 0.304634 0.21173 0.928187
1305031537.830287 -2.28795 0.349726 -0.114739 0.0344624 0.29939 0.203809 0.931472
1305031537.866662 -2.27402 0.351267 -0.127663 0.0375711 0.292393 0.196012 0.93524
1305031537.898536 -2.25896 0.35661 -0.141325 0.0415001 0.28687 0.185909 0.93884
1305031537.930243 -2.24178 0.364353 -0.155711 0.0434659 0.282062 0.17692 0.94194
1305031537.966300 -2.22554 0.370532 -0.168577 0.0428151 0.276945 0.17012 0.944737
1305031537.998327 -2.20614 0.372317 -0.182896 0.0418029 0.271721 0.163967 0.947383
1305031538.030606 -2.18754 0.380461 -0.195843 0.0438426 0.266958 0.157279 0.949776
1305031538.066420 -2.16829 0.381745 -0.207378 0.0411442 0.260569 0.155809 0.951911
1305031538.099117 -2.14873 0.376675 -0.220124 0.0404363 0.252242 0.154791 0.954347
1305031538.130778 -2.1294 0.378491 -0.231749 0.0472987 0.239619 0.156243 0.957044
1305031538.167361 -2.10999 0.376486 -0.24481 0.0487748 0.225688 0.157615 0.960127
1305031538.198836 -2.08802 0.36707 -0.260354 0.0495771 0.214092 0.152421 0.963574
1305031538.231674 -2.06646 0.362052 -0.276733 0.0581305 0.207369 0.143662 0.965909
1305031538.267245 -2.04815 0.360267 -0.290804 0.0670748 0.203221 0.134117 0.967582
1305031538.297169 -2.03075 0.353954 -0.304237 0.0740973 0.197485 0.124206 0.969578
1305031538.329631 -2.01402 0.346217 -0.318095 0.08369 0.190897 0.113366 0.971443
1305031538.366671 -2.00031 0.34536 -0.329291 0.0945186 0.183517 0.102455 0.973083
1305031538.395653 -1.98234 0.345016 -0.343363 0.103621 0.174263 0.0933243 0.974775
1305031538.434273 -1.96669 0.347463 -0.35511 0.11478 0.166391 0.0879269 0.975402
1305031538.468114 -1.95052 0.349002 -0.367006 0.123369 0.154995 0.0808662 0.97684
1305031538.498490 -1.93232 0.357158 -0.380065 0.131538 0.142005 0.0727318 0.978388
1305031538.534659 -1.9151 0.368844 -0.390679 0.136176 0.129822 0.0669251 0.979859
1305031538.566473 -1.89647 0.380709 -0.400672 0.135922 0.118669 0.0587698 0.981829
1305031538.598497 -1.87586 0.402368 -0.409078 0.133852 0.109798 0.0490387 0.983679
1305031538.634075 -1.85036 0.416726 -0.421432 0.12448 0.103169 0.044435 0.985843
1305031538.666052 -1.83043 0.423584 -0.433861 0.119377 0.10067 0.0411278 0.986875
1305031538.698387 -1.8195 0.44917 -0.437556 0.117059 0.0965144 0.036051 0.987766
1305031538.734584 -1.80431 0.470832 -0.443992 0.101742 0.0858073 0.0365918 0.990428
1305031538.766510 -1.77999 0.478284 -0.455982 0.0823936 0.0714987 0.0397197 0.993238
1305031538.798755 -1.76001 0.500181 -0.465807 0.0701166 0.0617792 0.0395662 0.994837
1305031538.832497 -1.73913 0.516013 -0.47514 0.0488515 0.0558078 0.0355436 0.996612
1305031538.867193 -1.71462 0.520206 -0.484874 0.029249 0.0525075 0.0312912 0.997702
1305031538.899432 -1.69083 0.532146 -0.496413 0.0170876 0.0518801 0.0285063 0.9981
1305031538.936017 -1.66629 0.545839 -0.507103 0.00566818 0.0505136 0.0288914 0.998289
1305031538.967667 -1.64176 0.554143 -0.516789 -0.00674602 0.0483895 0.0297363 0.998363
1305031538.999448 -1.61732 0.561966 -0.525695 -0.0160075 0.047282 0.0297999 0.998309
1305031539.034977 -1.591 0.571088 -0.534935 -0.0240297 0.045903 0.0290371 0.998235
1305031539.067603 -1.56392 0.577602 -0.5428 -0.0317779 0.0445562 0.0264332 0.998151
1305031539.099360 -1.53675 0.586447 -0.550874 -0.0378457 0.0423734 0.0225243 0.998131
1305031539.135768 -1.5112 0.595 -0.556386 -0.0465134 0.0403146 0.0183488 0.997935
1305031539.167546 -1.48426 0.601135 -0.560877 -0.0548384 0.0369 0.0137536 0.997718
1305031539.199492 -1.45833 0.610758 -0.564597 -0.0643057 0.0317377 0.00934733 0.997382
1305031539.235629 -1.43288 0.616906 -0.566252 -0.0790014 0.0232961 0.00554992 0.996587
1305031539.267760 -1.40627 0.621073 -0.567585 -0.0944706 0.0103904 -0.00171395 0.995472
1305031539.299592 -1.37807 0.626429 -0.570095 -0.107588 -0.000933609 -0.0112868 0.994131
1305031539.335706 -1.35076 0.631656 -0.571997 -0.124412 -0.0078424 -0.0255284 0.991871
1305031539.367585 -1.32297 0.63597 -0.574125 -0.141355 -0.0115923 -0.0460619 0.988819
1305031539.399501 -1.2963 0.638023 -0.57621 -0.157069 -0.0119356 -0.0667452 0.985257
1305031539.435549 -1.26851 0.639544 -0.578363 -0.176121 -0.0114179 -0.0849932 0.980626
1305031539.467525 -1.23958 0.641442 -0.581661 -0.190508 -0.0140016 -0.0994058 0.976539
1305031539.499639 -1.21588 0.638686 -0.58415 -0.200262 -0.021632 -0.107648 0.97357
1305031539.535499 -1.19251 0.636484 -0.587373 -0.208635 -0.0332426 -0.113976 0.97076
1305031539.567517 -1.16607 0.632633 -0.590578 -0.215636 -0.0443452 -0.121386 0.967884
1305031539.599060 -1.14153 0.625044 -0.593842 -0.218466 -0.052837 -0.129129 0.965819
1305031539.635592 -1.11734 0.61613 -0.597482 -0.218818 -0.0614761 -0.139756 0.963747
1305031539.667412 -1.09146 0.606049 -0.599951 -0.218647 -0.069298 -0.155521 0.960835
1305031539.703794 -1.06817 0.595103 -0.601461 -0.213665 -0.0753729 -0.170266 0.958997
1305031539.735675 -1.04496 0.587265 -0.603824 -0.207125 -0.0830411 -0.182301 0.957585
1305031539.767637 -1.02136 0.580651 -0.604851 -0.203384 -0.0927523 -0.192447 0.955508
1305031539.803605 -0.996692 0.574412 -0.603742 -0.201936 -0.102319 -0.203204 0.952607
1305031539.832088 -0.975661 0.567343 -0.601291 -0.200027 -0.113264 -0.211622 0.949935
1305031539.867127 -0.951745 0.564682 -0.598667 -0.198044 -0.128423 -0.221297 0.94621
1305031539.903594 -0.927089 0.559846 -0.593544 -0.199747 -0.141986 -0.232134 0.941305
1305031539.935437 -0.901853 0.555598 -0.587236 -0.202385 -0.154095 -0.245668 0.935383
1305031539.967652 -0.877823 0.547984 -0.57884 -0.204926 -0.161215 -0.261099 0.929431
1305031540.003691 -0.855081 0.540063 -0.571004 -0.201635 -0.165606 -0.272213 0.926185
1305031540.035614 -0.831313 0.532764 -0.562955 -0.197347 -0.17035 -0.282752 0.923085
1305031540.067782 -0.813632 0.520423 -0.555479 -0.192778 -0.17021 -0.289318 0.922041
1305031540.103651 -0.792519 0.509504 -0.547941 -0.178656 -0.174681 -0.295094 0.922219
1305031540.135787 -0.768225 0.500533 -0.541261 -0.164202 -0.178558 -0.296788 0.923619
1305031540.167625 -0.748724 0.487763 -0.535375 -0.153333 -0.17674 -0.295343 0.926296
1305031540.204012 -0.728923 0.475099 -0.530486 -0.138133 -0.17283 -0.290955 0.930803
1305031540.235943 -0.714808 0.461294 -0.528285 -0.123881 -0.167987 -0.283928 0.935852
1305031540.267794 -0.702753 0.450628 -0.527769 -0.104226 -0.172244 -0.278282 0.939164
1305031540.303627 -0.678618 0.445743 -0.525648 -0.087372 -0.181479 -0.269982 0.941563
1305031540.335660 -0.66476 0.432451 -0.524455 -0.0768244 -0.185094 -0.26199 0.944033
1305031540.367613 -0.642025 0.424769 -0.522496 -0.0599599 -0.187431 -0.253238 0.947177
1305031540.403545 -0.628045 0.410064 -0.521851 -0.0480878 -0.181428 -0.241733 0.952017
1305031540.435756 -0.613262 0.396838 -0.522313 -0.0324929 -0.180533 -0.228956 0.955997
1305031540.467365 -0.594136 0.390883 -0.523279 -0.0182952 -0.181431 -0.21417 0.959624
1305031540.502953 -0.580315 0.373949 -0.525043 -0.00633091 -0.179521 -0.199499 0.963292
1305031540.535194 -0.559138 0.372659 -0.526865 0.0115854 -0.180615 -0.185965 0.965744
1305031540.563522 -0.541491 0.361033 -0.528364 0.0232527 -0.176132 -0.178064 0.967848
1305031540.603376 -0.523523 0.349517 -0.531023 0.0396464 -0.166523 -0.170079 0.970449
1305031540.635224 -0.501056 0.351268 -0.532465 0.0556885 -0.158276 -0.161735 0.972466
1305031540.667294 -0.482187 0.343684 -0.533361 0.0636893 -0.146258 -0.154913 0.974964
1305031540.703386 -0.461622 0.337592 -0.534595 0.0748833 -0.133031 -0.144628 0.977639
1305031540.735694 -0.442452 0.335309 -0.535756 0.0823236 -0.121105 -0.133737 0.980138
1305031540.767548 -0.425149 0.327946 -0.537276 0.0874019 -0.105076 -0.123242 0.98292
1305031540.803232 -0.407911 0.324633 -0.538925 0.096688 -0.0864266 -0.111425 0.985275
1305031540.835181 -0.381458 0.32353 -0.538056 0.104971 -0.0665128 -0.101552 0.987038
1305031540.871023 -0.366606 0.318353 -0.540888 0.110088 -0.0426671 -0.090897 0.988837
1305031540.903222 -0.349727 0.316335 -0.543064 0.116713 -0.0227033 -0.0804827 0.989639
1305031540.935050 -0.334513 0.316627 -0.544608 0.123091 -0.00232311 -0.0691162 0.989983
1305031540.971078 -0.324463 0.315169 -0.54744 0.127154 0.0158795 -0.055072 0.990226
1305031541.003228 -0.313964 0.307664 -0.551995 0.13097 0.0282242 -0.0436299 0.990024
1305031541.034514 -0.302632 0.306282 -0.555509 0.139335 0.039145 -0.0336519 0.988899
1305031541.070217 -0.294508 0.301432 -0.557838 0.146457 0.049282 -0.0202762 0.987781
1305031541.099997 -0.291715 0.301773 -0.557279 0.155236 0.0567342 -0.0115741 0.986179
1305031541.135330 -0.284957 0.301227 -0.557461 0.159539 0.0614171 -0.00671131 0.985256
1305031541.171574 -0.277817 0.297752 -0.5579 0.163464 0.0694648 -0.00104772 0.9841
1305031541.202996 -0.27903 0.299825 -0.554163 0.169457 0.07743 0.00371955 0.982484
1305031541.235198 -0.280094 0.301792 -0.549373 0.16743 0.0781538 0.00505415 0.982768
1305031541.267954 -0.279861 0.301009 -0.544404 0.162919 0.0755876 0.00793291 0.983708
1305031541.301672 -0.281997 0.300273 -0.538031 0.157422 0.0713657 0.0117957 0.984879
1305031541.331852 -0.284026 0.297308 -0.532319 0.151839 0.0643671 0.0126045 0.986227
1305031541.371250 -0.288278 0.297671 -0.524764 0.145817 0.0544133 0.0106826 0.987756
1305031541.402022 -0.290663 0.296825 -0.519485 0.137934 0.0439804 0.00693322 0.98944
1305031541.431932 -0.293897 0.293256 -0.514239 0.130396 0.0341679 0.000260538 0.990873
1305031541.471366 -0.299285 0.288971 -0.509801 0.124873 0.0245722 -0.00760057 0.991839
1305031541.501569 -0.307144 0.287945 -0.503984 0.118389 0.0141532 -0.0194151 0.992677
1305031541.535345 -0.314911 0.285944 -0.49933 0.110491 0.0032647 -0.0321339 0.993352
1305031541.569819 -0.319972 0.284077 -0.494392 0.103071 -0.00692741 -0.0461342 0.993579
1305031541.603472 -0.328614 0.28121 -0.491001 0.0949823 -0.0173056 -0.0586232 0.993601
1305031541.635279 -0.336651 0.277231 -0.48767 0.0881587 -0.0307032 -0.0731341 0.992943
1305031541.671483 -0.343529 0.273138 -0.484085 0.0819691 -0.0446994 -0.0891216 0.991635
1305031541.703527 -0.349715 0.269535 -0.479699 0.0754333 -0.0589095 -0.109265 0.989394
1305031541.734963 -0.356055 0.264987 -0.475577 0.068816 -0.0722964 -0.132492 0.986146
1305031541.771656 -0.364263 0.26421 -0.472513 0.062408 -0.0848381 -0.160677 0.981372
1305031541.803338 -0.371045 0.260544 -0.468279 0.0544599 -0.0930228 -0.196523 0.974556
1305031541.835259 -0.379262 0.257295 -0.465139 0.0440316 -0.0976072 -0.2295 0.9674
1305031541.871359 -0.38816 0.25225 -0.463895 0.0359336 -0.107706 -0.255389 0.960148
1305031541.903131 -0.39413 0.250579 -0.461152 0.0319488 -0.123441 -0.274927 0.952972
1305031541.932460 -0.4008 0.248585 -0.457934 0.0243604 -0.141826 -0.28784 0.946805
1305031541.969202 -0.410303 0.24571 -0.45542 0.0171816 -0.16206 -0.293886 0.941845
1305031542.000034 -0.415192 0.244961 -0.450873 0.0135379 -0.183259 -0.295799 0.937409
1305031542.032795 -0.420554 0.244244 -0.446472 0.00865392 -0.206761 -0.29867 0.93165
1305031542.069819 -0.422718 0.245852 -0.44097 0.00700264 -0.224239 -0.303222 0.926134
1305031542.102573 -0.421851 0.247063 -0.432834 0.00752222 -0.234701 -0.312219 0.920531
1305031542.139294 -0.422829 0.248635 -0.425083 0.00525754 -0.241047 -0.323459 0.91501
1305031542.170485 -0.429288 0.244994 -0.418852 0.000341345 -0.245423 -0.332454 0.910627
1305031542.202214 -0.430641 0.245718 -0.410602 -0.00293312 -0.254937 -0.335866 0.906748
1305031542.237243 -0.433218 0.247288 -0.403298 -0.010554 -0.266375 -0.339802 0.901924
1305031542.269752 -0.43385 0.243864 -0.393763 -0.0159671 -0.277339 -0.343978 0.896943
1305031542.301218 -0.42522 0.24531 -0.380265 -0.0181189 -0.285066 -0.349772 0.892227
1305031542.338812 -0.423237 0.240707 -0.368553 -0.0237362 -0.282919 -0.358432 0.889337
1305031542.371582 -0.423279 0.234861 -0.358647 -0.0272409 -0.277957 -0.363932 0.888567
1305031542.403140 -0.419896 0.231724 -0.34753 -0.0318692 -0.276844 -0.363865 0.888788
1305031542.439210 -0.417762 0.227332 -0.337441 -0.0395101 -0.276185 -0.361811 0.889524
1305031542.471527 -0.41595 0.217714 -0.327049 -0.0452106 -0.276372 -0.359529 0.89012
1305031542.503717 -0.410678 0.210797 -0.315778 -0.0475945 -0.279961 -0.353853 0.891148
1305031542.539439 -0.402572 0.202237 -0.3029 -0.0516281 -0.283803 -0.347627 0.892158
1305031542.571672 -0.397757 0.190354 -0.291785 -0.0544661 -0.283885 -0.342594 0.893909
1305031542.603499 -0.389557 0.17934 -0.279485 -0.0534406 -0.286843 -0.336608 0.895299
1305031542.639171 -0.378202 0.170608 -0.266333 -0.055024 -0.290296 -0.328841 0.896975
1305031542.668866 -0.372129 0.158817 -0.255722 -0.0571836 -0.290677 -0.322012 0.899191
1305031542.702239 -0.361467 0.149231 -0.242892 -0.054981 -0.293705 -0.31928 0.899319
1305031542.737961 -0.349907 0.140899 -0.228655 -0.0538104 -0.295879 -0.318975 0.898785
1305031542.771170 -0.341471 0.129413 -0.21485 -0.0563704 -0.293735 -0.318707 0.899426
1305031542.803270 -0.33491 0.119174 -0.203312 -0.0574086 -0.293858 -0.318648 0.899342
1305031542.839568 -0.324605 0.11228 -0.188334 -0.0573747 -0.298338 -0.320269 0.897291
1305031542.871198 -0.315747 0.103011 -0.172626 -0.0611807 -0.297465 -0.321051 0.897049
1305031542.903732 -0.307865 0.0934155 -0.157528 -0.0641841 -0.295402 -0.321988 0.897185
1305031542.939215 -0.300415 0.085467 -0.142012 -0.0676066 -0.294563 -0.323712 0.896589
1305031542.970866 -0.295943 0.0739685 -0.126965 -0.0723742 -0.295977 -0.324697 0.895394
1305031543.002677 -0.288836 0.0674677 -0.111523 -0.0757787 -0.301132 -0.322569 0.894162
1305031543.039126 -0.284164 0.0583917 -0.0956525 -0.0821503 -0.304189 -0.320192 0.893419
1305031543.070710 -0.278099 0.0494526 -0.0792634 -0.0860679 -0.309276 -0.317608 0.892225
1305031543.102755 -0.270094 0.04255 -0.0620799 -0.0909833 -0.313328 -0.317073 0.890512
1305031543.139358 -0.263347 0.0326663 -0.0446084 -0.0970966 -0.314921 -0.318121 0.88893
1305031543.170265 -0.255888 0.0233708 -0.0270898 -0.101711 -0.314824 -0.319459 0.887968
1305031543.200190 -0.251084 0.0119153 -0.0115509 -0.106994 -0.315177 -0.316639 0.888232
1305031543.238701 -0.244854 0.00268215 0.00283655 -0.11154 -0.316957 -0.308442 0.889921
1305031543.270923 -0.239882 -0.00822154 0.0164327 -0.116254 -0.318154 -0.300745 0.891524
1305031543.302962 -0.236823 -0.0197073 0.0273824 -0.115915 -0.320109 -0.294756 0.892868
1305031543.338824 -0.231288 -0.0271878 0.0368161 -0.111807 -0.323611 -0.289407 0.893879
1305031543.370800 -0.228187 -0.0358274 0.0436059 -0.110442 -0.325203 -0.285217 0.894817
1305031543.407586 -0.226996 -0.0444081 0.0470235 -0.104734 -0.328239 -0.284625 0.894583
1305031543.436408 -0.225162 -0.0498399 0.0490825 -0.0980359 -0.333099 -0.28519 0.893365
1305031543.472193 -0.223822 -0.0552773 0.0499006 -0.0929638 -0.336393 -0.284103 0.893019
1305031543.507662 -0.223949 -0.0592953 0.0481521 -0.0890839 -0.340145 -0.283816 0.892084
1305031543.539811 -0.226469 -0.0631378 0.0435714 -0.0841286 -0.346541 -0.287539 0.888905
1305031543.572301 -0.227692 -0.0654819 0.0392231 -0.0784246 -0.353002 -0.291052 0.885736
1305031543.607686 -0.233628 -0.0685734 0.0298883 -0.0762577 -0.355214 -0.293288 0.884302
1305031543.639875 -0.238248 -0.0674849 0.0197041 -0.0724349 -0.363022 -0.299598 0.879323
1305031543.671696 -0.245199 -0.0713352 0.00894821 -0.0752917 -0.367592 -0.305358 0.875193
1305031543.707488 -0.254046 -0.077633 -0.00482445 -0.0739139 -0.368484 -0.306194 0.874644
1305031543.739759 -0.258611 -0.0789288 -0.0189155 -0.0708889 -0.371886 -0.307969 0.872829
1305031543.771875 -0.266974 -0.0835095 -0.0361477 -0.0721605 -0.372767 -0.307649 0.872462
1305031543.807535 -0.274342 -0.0870929 -0.0547439 -0.0711757 -0.375545 -0.302894 0.873015
1305031543.839894 -0.278301 -0.0882761 -0.0713001 -0.0721563 -0.380109 -0.300184 0.871895
1305031543.871869 -0.283936 -0.0927819 -0.0895847 -0.079699 -0.381143 -0.296129 0.872173
1305031543.907474 -0.288102 -0.0974378 -0.10828 -0.0851213 -0.379932 -0.29003 0.874236
1305031543.939753 -0.293628 -0.101245 -0.130125 -0.0918208 -0.375441 -0.285043 0.877134
1305031543.970786 -0.298539 -0.106768 -0.151693 -0.093774 -0.369821 -0.282537 0.88012
1305031544.007529 -0.302165 -0.113138 -0.172246 -0.0934953 -0.362168 -0.280899 0.883849
1305031544.038948 -0.305586 -0.118175 -0.194587 -0.0891131 -0.350575 -0.278665 0.889664
1305031544.070711 -0.30798 -0.117648 -0.218308 -0.0817616 -0.336919 -0.277945 0.89585
1305031544.106609 -0.313996 -0.118834 -0.243018 -0.079544 -0.319577 -0.274911 0.903309
1305031544.137311 -0.324895 -0.119887 -0.272871 -0.0736845 -0.303833 -0.267353 0.91147
1305031544.171722 -0.330126 -0.11512 -0.298526 -0.0656236 -0.296118 -0.261391 0.916342
1305031544.206571 -0.338522 -0.111625 -0.323256 -0.0596047 -0.285522 -0.257284 0.921265
1305031544.238072 -0.345355 -0.105561 -0.347022 -0.0498688 -0.274126 -0.255881 0.925685
1305031544.267766 -0.353717 -0.0959913 -0.3714 -0.0419608 -0.260808 -0.254847 0.9302
1305031544.303584 -0.364453 -0.0867285 -0.394888 -0.0333562 -0.246438 -0.256657 0.933961
1305031544.338210 -0.37596 -0.0749581 -0.417696 -0.0245389 -0.233344 -0.258808 0.936999
1305031544.367911 -0.38562 -0.0592262 -0.438165 -0.0184512 -0.223272 -0.260768 0.939047
1305031544.405875 -0.393383 -0.0378401 -0.455414 -0.0185619 -0.212325 -0.26444 0.940556
1305031544.437826 -0.41065 -0.0263529 -0.473531 -0.0269036 -0.19817 -0.267067 0.942698
1305031544.469937 -0.429184 -0.00952348 -0.491703 -0.0309007 -0.189736 -0.265894 0.944641
1305031544.505986 -0.446699 0.0058099 -0.506904 -0.0374683 -0.184647 -0.26586 0.945421
1305031544.539003 -0.467705 0.021321 -0.521471 -0.0415029 -0.182344 -0.267676 0.945187
1305031544.574785 -0.486495 0.0334534 -0.531684 -0.044369 -0.183386 -0.271019 0.943901
1305031544.607438 -0.501783 0.0515213 -0.541387 -0.0447084 -0.186247 -0.271707 0.943127
1305031544.638925 -0.512632 0.0719372 -0.547713 -0.0508787 -0.189189 -0.273041 0.941843
1305031544.675602 -0.533765 0.0833901 -0.554945 -0.061106 -0.189459 -0.273898 0.940931
1305031544.703615 -0.550054 0.0981981 -0.560924 -0.0644711 -0.194079 -0.274327 0.939639
1305031544.738977 -0.56503 0.110344 -0.564835 -0.0696136 -0.198578 -0.274328 0.938331
1305031544.775192 -0.582755 0.117184 -0.567449 -0.071211 -0.2003 -0.275732 0.937433
1305031544.807101 -0.598233 0.12759 -0.56952 -0.0667564 -0.200855 -0.277998 0.936973
1305031544.839027 -0.608714 0.141594 -0.570685 -0.0631756 -0.201694 -0.278574 0.93687
1305031544.875379 -0.621521 0.15766 -0.571189 -0.0652121 -0.201311 -0.279729 0.936468
1305031544.907436 -0.639568 0.16587 -0.570445 -0.0701591 -0.199168 -0.283868 0.935323
1305031544.939009 -0.65416 0.176845 -0.56834 -0.0702344 -0.195694 -0.290983 0.933863
1305031544.975561 -0.672197 0.184383 -0.566302 -0.0735472 -0.188293 -0.297174 0.93318
1305031545.007409 -0.694168 0.190291 -0.566131 -0.078671 -0.183526 -0.299746 0.932889
1305031545.039484 -0.712692 0.19506 -0.565176 -0.0813624 -0.180341 -0.297064 0.934136
1305031545.075213 -0.731247 0.195456 -0.56281 -0.0810935 -0.174732 -0.295035 0.935867
1305031545.107171 -0.747327 0.199585 -0.560354 -0.0768545 -0.169405 -0.290699 0.938557
1305031545.139414 -0.761562 0.203947 -0.558004 -0.0752214 -0.163335 -0.282179 0.942358
1305031545.174984 -0.774944 0.208116 -0.555957 -0.0743739 -0.15458 -0.270142 0.947416
1305031545.207672 -0.787384 0.210536 -0.552536 -0.0741082 -0.145529 -0.258886 0.952002
1305031545.239686 -0.805837 0.208961 -0.549256 -0.0743908 -0.135193 -0.246436 0.956796
1305031545.275412 -0.82314 0.211049 -0.54636 -0.0676253 -0.127401 -0.233525 0.961594
1305031545.306213 -0.831937 0.219795 -0.543793 -0.0613341 -0.123772 -0.222848 0.965017
1305031545.339544 -0.846421 0.22326 -0.540425 -0.0599554 -0.117972 -0.213354 0.967971
1305031545.375555 -0.862794 0.222505 -0.536269 -0.0578675 -0.110183 -0.202662 0.971308
1305031545.407463 -0.880186 0.22198 -0.533073 -0.053107 -0.102842 -0.18928 0.975078
1305031545.439168 -0.896244 0.222541 -0.529973 -0.0455795 -0.098505 -0.176981 0.978211
1305031545.475453 -0.910751 0.218983 -0.52621 -0.038333 -0.0958664 -0.1682 0.980331
1305031545.507417 -0.926534 0.215388 -0.52283 -0.023786 -0.0944056 -0.15886 0.982489
1305031545.539498 -0.940664 0.2194 -0.520401 -0.00889376 -0.0950279 -0.150392 0.984009
1305031545.578088 -0.957739 0.218801 -0.516909 0.00451403 -0.0968031 -0.145135 0.984655
1305031545.603778 -0.971774 0.226161 -0.5138 0.0191981 -0.102388 -0.144865 0.983952
1305031545.635945 -0.985537 0.227013 -0.5104 0.028411 -0.108466 -0.144923 0.983069
1305031545.673535 -0.996789 0.227006 -0.505875 0.0402068 -0.112562 -0.146615 0.981946
1305031545.706561 -1.01049 0.228611 -0.500835 0.0560586 -0.114783 -0.150606 0.980306
1305031545.739007 -1.01601 0.242544 -0.493727 0.0687534 -0.116693 -0.152037 0.979051
1305031545.775565 -1.0256 0.251549 -0.486632 0.0703387 -0.116472 -0.153056 0.978806
1305031545.807492 -1.03638 0.262781 -0.478508 0.0704589 -0.118226 -0.156031 0.978117
1305031545.843386 -1.04279 0.274857 -0.46938 0.0674682 -0.119493 -0.158513 0.977775
1305031545.875515 -1.04789 0.286282 -0.459998 0.0591477 -0.116415 -0.160786 0.978313
1305031545.907616 -1.05108 0.295156 -0.451165 0.0493115 -0.110238 -0.163144 0.979183
1305031545.943703 -1.05487 0.311683 -0.442425 0.0423898 -0.104537 -0.165469 0.979742
1305031545.975685 -1.05835 0.322508 -0.434199 0.0289938 -0.0983752 -0.166917 0.980622
1305031546.007570 -1.0614 0.335982 -0.42657 0.0186363 -0.0920703 -0.165042 0.981803
1305031546.043793 -1.06119 0.354095 -0.419779 0.00672864 -0.0873153 -0.166165 0.982202
1305031546.075425 -1.05992 0.365432 -0.41298 -0.00885946 -0.076421 -0.165953 0.983128
1305031546.104074 -1.06165 0.37486 -0.407252 -0.0220135 -0.0626971 -0.162886 0.984405
1305031546.143517 -1.05887 0.385484 -0.402491 -0.0312103 -0.0521654 -0.159548 0.985317
1305031546.175972 -1.05558 0.397253 -0.398093 -0.0394994 -0.0408645 -0.154189 0.986405
1305031546.207525 -1.05047 0.409516 -0.393792 -0.0480517 -0.0323532 -0.149221 0.987106
1305031546.243573 -1.04739 0.416542 -0.388827 -0.0567222 -0.0206078 -0.141311 0.988124
1305031546.276113 -1.0423 0.424501 -0.383963 -0.0586608 -0.0102805 -0.133993 0.989191
1305031546.308117 -1.03006 0.441949 -0.380602 -0.0583411 -0.00401939 -0.127621 0.990097
1305031546.343932 -1.02604 0.449294 -0.375733 -0.0653114 0.00699489 -0.116544 0.991011
1305031546.376105 -1.02083 0.45846 -0.370601 -0.0651889 0.013174 -0.106841 0.992049
1305031546.407683 -1.01185 0.470999 -0.365876 -0.0637005 0.0154468 -0.0985244 0.992974
1305031546.443985 -1.00727 0.479346 -0.360092 -0.0649918 0.0186998 -0.0900309 0.99364
1305031546.476002 -0.999523 0.493814 -0.354868 -0.0608089 0.0188438 -0.0844719 0.99439
1305031546.507978 -0.995204 0.50459 -0.348868 -0.0652836 0.022846 -0.079415 0.994439
1305031546.544091 -0.991124 0.512822 -0.343394 -0.0654553 0.0255397 -0.0746345 0.994733
1305031546.576436 -0.986074 0.527692 -0.33877 -0.0637566 0.0277656 -0.071737 0.994996
1305031546.604477 -0.984065 0.53926 -0.333259 -0.0684064 0.0320649 -0.068084 0.994815
1305031546.644231 -0.979442 0.55023 -0.32786 -0.0745828 0.0340825 -0.0639176 0.99458
1305031546.676019 -0.975287 0.559277 -0.322177 -0.0823789 0.0376714 -0.0613748 0.993996
1305031546.707952 -0.971187 0.566621 -0.316468 -0.0889906 0.0408596 -0.0598117 0.993395
1305031546.743907 -0.966108 0.57647 -0.311202 -0.0938417 0.0452557 -0.0593124 0.992788
1305031546.775885 -0.964007 0.583599 -0.30537 -0.103817 0.0512517 -0.0581185 0.991573
1305031546.808019 -0.962172 0.587988 -0.299869 -0.111235 0.054467 -0.0583546 0.990583
1305031546.844098 -0.960142 0.591917 -0.294575 -0.114753 0.0554243 -0.0587733 0.990104
1305031546.876150 -0.958989 0.595288 -0.289726 -0.117817 0.0543802 -0.0580849 0.989842
1305031546.904254 -0.957942 0.595467 -0.285096 -0.119868 0.0528606 -0.060171 0.989554
1305031546.943871 -0.957852 0.596972 -0.281268 -0.11655 0.0527466 -0.0618228 0.989854
1305031546.975693 -0.957351 0.600505 -0.277845 -0.11368 0.0519124 -0.0639374 0.990098
1305031547.008548 -0.958888 0.600667 -0.274184 -0.115118 0.0506353 -0.0648678 0.989937
1305031547.044236 -0.958186 0.601172 -0.27165 -0.11323 0.0482221 -0.0671287 0.990125
1305031547.074033 -0.957101 0.60044 -0.269474 -0.112857 0.0489152 -0.0697507 0.989952
1305031547.109368 -0.956571 0.598925 -0.267987 -0.110264 0.0515345 -0.0717712 0.989967
1305031547.143020 -0.956873 0.597425 -0.267405 -0.105937 0.0538433 -0.0728761 0.990236
1305031547.172567 -0.956493 0.596866 -0.268039 -0.101972 0.0545014 -0.0724051 0.990651
1305031547.211605 -0.957293 0.595674 -0.2692 -0.100813 0.0528268 -0.0700187 0.991032
1305031547.244133 -0.958108 0.592731 -0.270747 -0.0998135 0.049847 -0.0698481 0.991299
1305031547.276566 -0.958552 0.590741 -0.27287 -0.0966362 0.0488684 -0.0703039 0.99163
1305031547.312300 -0.959467 0.589898 -0.275068 -0.0939766 0.0480769 -0.0703366 0.991922
1305031547.344201 -0.961038 0.588631 -0.277473 -0.0919626 0.0474619 -0.0695435 0.992197
1305031547.376783 -0.961541 0.588411 -0.279687 -0.0901447 0.0449223 -0.0686527 0.992544
1305031547.412309 -0.96181 0.586842 -0.281456 -0.089811 0.0415387 -0.067557 0.992796
1305031547.444479 -0.962265 0.585438 -0.28279 -0.0886959 0.0388501 -0.0680351 0.992973
1305031547.475653 -0.961724 0.583508 -0.283862 -0.0870088 0.0371101 -0.069599 0.99308
1305031547.512129 -0.960825 0.583665 -0.284574 -0.0837531 0.0364512 -0.0706677 0.993309
1305031547.543063 -0.961055 0.583347 -0.284467 -0.0834356 0.0371386 -0.0715797 0.993245
1305031547.572452 -0.960554 0.581828 -0.284058 -0.082646 0.0375079 -0.0719795 0.993268
1305031547.610069 -0.959568 0.583099 -0.283745 -0.0810117 0.0377167 -0.0706878 0.993488
1305031547.643685 -0.9598 0.581795 -0.282511 -0.0834181 0.0377264 -0.0700121 0.993336
1305031547.675727 -0.958896 0.581359 -0.281716 -0.082186 0.038002 -0.0697702 0.993445
1305031547.712359 -0.956791 0.583252 -0.280718 -0.0834992 0.0389022 -0.0700463 0.993281
1305031547.741819 -0.956228 0.579514 -0.279795 -0.0880943 0.0399013 -0.0703846 0.992821
1305031547.773659 -0.954653 0.57996 -0.279647 -0.0852559 0.0403454 -0.0709126 0.993013
1305031547.812136 -0.953483 0.580116 -0.279524 -0.0857249 0.0413654 -0.0719665 0.992855
1305031547.844573 -0.952447 0.578748 -0.27941 -0.0861212 0.0427943 -0.0723834 0.99273
1305031547.875313 -0.950783 0.579067 -0.279365 -0.0854538 0.0429011 -0.0723779 0.992783
1305031547.912229 -0.949818 0.578055 -0.279244 -0.0869508 0.0425876 -0.0724841 0.992659
1305031547.942674 -0.948918 0.577633 -0.279252 -0.0862658 0.0436092 -0.0717561 0.992727
1305031547.976525 -0.948784 0.577767 -0.279221 -0.0859895 0.0445513 -0.0711263 0.992755
