1305031526.688356 0 0 0 0 0 0 1
1305031526.721587 0.00191492 -0.00217849 -0.00488697 0.0122469 0.0111887 0.0022081 0.99986
1305031526.755957 0.00518634 -0.00398753 -0.0130874 0.0279234 0.0229399 0.00251118 0.999344
1305031526.788681 0.00648065 -0.00962126 -0.0205121 0.044443 0.0357252 0.00229479 0.99837
1305031526.822643 0.000622927 -0.0165577 -0.0348279 0.0708302 0.0514288 -0.00203377 0.99616
1305031526.856844 -0.00355658 -0.00245357 -0.0476325 0.0964901 0.0626815 -0.0047736 0.993347
1305031526.888465 -0.00325604 -0.00975142 -0.0565295 0.11313 0.0713223 -0.00938765 0.990973
1305031526.920578 -0.00469854 -0.00658398 -0.0683172 0.134571 0.0815629 -0.0127857 0.987459
1305031526.955033 -0.00986627 -0.00420661 -0.0767599 0.153118 0.0918484 -0.0140836 0.98383
1305031526.987606 -0.0144269 -0.00360366 -0.0863019 0.17193 0.100458 -0.0164296 0.979836
1305031527.020791 -0.0171734 0.00020878 -0.0957057 0.186107 0.106846 -0.0163558 0.976566
1305031527.055070 -0.0180553 -0.00204267 -0.103059 0.20098 0.112949 -0.0175529 0.972904
1305031527.086965 -0.020408 0.00488161 -0.112165 0.216708 0.119882 -0.0181016 0.968679
1305031527.119854 -0.0238472 0.00542095 -0.119151 0.223966 0.124383 -0.016359 0.966489
1305031527.155465 -0.0244763 0.00889807 -0.122983 0.235566 0.129045 -0.0176836 0.96309
1305031527.186447 -0.0257777 0.0169911 -0.131423 0.243079 0.132951 -0.0159529 0.960719
1305031527.222219 -0.0294296 0.0201535 -0.135359 0.242866 0.135401 -0.0140766 0.960461
1305031527.256275 -0.0303359 0.0295608 -0.133314 0.241119 0.136279 -0.0145958 0.960769
1305031527.287060 -0.0337025 0.0345013 -0.132225 0.233009 0.136516 -0.0111574 0.96278
1305031527.323213 -0.0331491 0.0348546 -0.127197 0.222851 0.13362 -0.0079242 0.965619
1305031527.355197 -0.0318237 0.0387868 -0.122834 0.213601 0.129638 -0.00333404 0.968276
1305031527.388471 -0.0321967 0.0426968 -0.11855 0.204358 0.12818 -0.000185579 0.970468
1305031527.422926 -0.0319699 0.0496704 -0.112598 0.195878 0.128423 0.00221235 0.97218
1305031527.455773 -0.03163 0.0531562 -0.108234 0.18589 0.128839 0.0059558 0.974069
1305031527.486055 -0.0317021 0.0542802 -0.104963 0.176013 0.128302 0.00800277 0.975958
1305031527.522397 -0.032369 0.0598902 -0.0980999 0.167126 0.128009 0.00883486 0.97755
1305031527.554573 -0.033627 0.0653505 -0.0929369 0.157554 0.128757 0.00997051 0.97903
1305031527.586987 -0.0346829 0.0717194 -0.0885593 0.145223 0.12917 0.0104043 0.980876
1305031527.622793 -0.0355063 0.0735225 -0.0833167 0.130787 0.12932 0.0110481 0.982878
1305031527.656028 -0.0412134 0.0813731 -0.0765244 0.117201 0.128834 0.0102057 0.984663
1305031527.688563 -0.0467143 0.0819411 -0.074075 0.0983138 0.123868 0.0105474 0.98736
1305031527.721751 -0.0492146 0.0807082 -0.0689961 0.0855003 0.116359 0.0123239 0.989443
1305031527.756472 -0.0478668 0.079179 -0.0660517 0.0748129 0.108631 0.0139697 0.991165
1305031527.789333 -0.05338 0.0830956 -0.0625497 0.0677455 0.104111 0.0149086 0.992144
1305031527.825562 -0.0583317 0.0797458 -0.0616046 0.0572736 0.0974461 0.0167502 0.99345
1305031527.857855 -0.0692564 0.079221 -0.0606039 0.0517562 0.0897481 0.0171008 0.994472
1305031527.887866 -0.0781765 0.0848157 -0.0575055 0.0459887 0.0782901 0.0141667 0.995769
1305031527.922214 -0.084598 0.0824525 -0.0530463 0.0366988 0.0655484 0.00962234 0.997128
1305031527.954490 -0.0986925 0.0753657 -0.0500105 0.0319611 0.052901 0.00197541 0.998086
1305031527.987977 -0.108881 0.0832771 -0.0469105 0.037223 0.0359523 -0.0133087 0.998571
1305031528.025614 -0.121636 0.0854585 -0.0460923 0.037354 0.0207303 -0.0281672 0.99869
1305031528.056126 -0.135201 0.0801977 -0.0435359 0.038226 0.00316787 -0.044711 0.998263
1305031528.085297 -0.148784 0.0814544 -0.0462816 0.0441317 -0.012407 -0.0598562 0.997154
1305031528.124333 -0.16056 0.083597 -0.0449114 0.0497206 -0.0294393 -0.0754754 0.995472
1305031528.151873 -0.173673 0.0890101 -0.0453208 0.0561379 -0.0460467 -0.093804 0.99294
1305031528.186872 -0.182735 0.0894248 -0.0477437 0.0592777 -0.0601356 -0.11218 0.990094
1305031528.220887 -0.195114 0.0857299 -0.0527312 0.0639355 -0.0693881 -0.129638 0.987062
1305031528.251953 -0.212507 0.0926944 -0.0530588 0.074468 -0.0753858 -0.145936 0.983603
1305031528.284263 -0.228549 0.0958192 -0.0618414 0.0805417 -0.085763 -0.158443 0.980333
1305031528.321639 -0.247857 0.0975206 -0.0665011 0.0882441 -0.104614 -0.17178 0.975582
1305031528.355032 -0.259116 0.102449 -0.0714877 0.0972017 -0.128406 -0.182308 0.969963
1305031528.384839 -0.271109 0.103939 -0.0802984 0.101088 -0.152573 -0.187794 0.965006
1305031528.424006 -0.285396 0.107278 -0.0905361 0.10578 -0.179636 -0.194731 0.958447
1305031528.453962 -0.293892 0.109962 -0.099769 0.108804 -0.210115 -0.20091 0.950604
1305031528.490720 -0.305446 0.113122 -0.108684 0.109146 -0.238558 -0.20665 0.942588
1305031528.524649 -0.301425 0.118577 -0.118827 0.109422 -0.29147 -0.208888 0.927059
1305031528.557069 -0.303206 0.126114 -0.139209 0.105399 -0.322594 -0.215643 0.915599
1305031528.592924 -0.317498 0.130401 -0.146565 0.0990967 -0.344521 -0.220711 0.907068
1305031528.623407 -0.320148 0.136608 -0.150077 0.0945418 -0.366859 -0.224172 0.897899
1305031528.654033 -0.32217 0.147361 -0.152437 0.0886997 -0.383137 -0.230978 0.889937
1305031528.692143 -0.328917 0.155258 -0.155311 0.0798321 -0.393749 -0.238852 0.884047
1305031528.725000 -0.351681 0.169727 -0.157878 0.073921 -0.395916 -0.250753 0.880289
1305031528.756620 -0.350655 0.183131 -0.163568 0.0675716 -0.399809 -0.259402 0.876526
1305031528.792160 -0.359871 0.198136 -0.171485 0.0583666 -0.398438 -0.268032 0.875214
1305031528.824057 -0.365862 0.213381 -0.176856 0.0480571 -0.399379 -0.275554 0.873073
1305031528.856114 -0.370055 0.229259 -0.182887 0.0374476 -0.39998 -0.283096 0.870902
1305031528.892684 -0.374477 0.24539 -0.183884 0.0247073 -0.400573 -0.289177 0.869084
1305031528.924061 -0.381661 0.252801 -0.189448 0.00904523 -0.398435 -0.297738 0.867479
1305031528.956027 -0.390798 0.267049 -0.194697 -0.00516067 -0.396103 -0.297608 0.868623
1305031528.991870 -0.398424 0.28654 -0.206901 -0.0180537 -0.390732 -0.295472 0.871607
1305031529.024164 -0.405425 0.297899 -0.209787 -0.0355693 -0.385626 -0.294459 0.873683
1305031529.057246 -0.415306 0.310591 -0.213332 -0.0519857 -0.375237 -0.288845 0.87924
1305031529.092696 -0.42745 0.329808 -0.222165 -0.0632192 -0.359755 -0.279036 0.888098
1305031529.124051 -0.438005 0.346585 -0.229531 -0.075018 -0.345142 -0.264588 0.897353
1305031529.156187 -0.449372 0.363476 -0.240211 -0.0902097 -0.330003 -0.246245 0.906821
1305031529.192085 -0.46081 0.383874 -0.252875 -0.104289 -0.314348 -0.230224 0.915044
1305031529.224200 -0.472133 0.401523 -0.26171 -0.119514 -0.300215 -0.220484 0.920312
1305031529.256728 -0.486091 0.419603 -0.267431 -0.133436 -0.284594 -0.216347 0.924335
1305031529.291235 -0.503791 0.434479 -0.276943 -0.147339 -0.265701 -0.213618 0.928473
1305031529.323356 -0.525621 0.449814 -0.293551 -0.160743 -0.245138 -0.211157 0.93246
1305031529.355813 -0.543245 0.455277 -0.297871 -0.177477 -0.236921 -0.21111 0.93156
1305031529.388855 -0.564369 0.466273 -0.310421 -0.183172 -0.230771 -0.212577 0.931667
1305031529.423010 -0.585465 0.479442 -0.327663 -0.179898 -0.224015 -0.218179 0.932658
1305031529.457448 -0.604905 0.488097 -0.336475 -0.178488 -0.219784 -0.220783 0.933323
1305031529.491343 -0.623095 0.490344 -0.342571 -0.178841 -0.216839 -0.222056 0.933642
1305031529.522171 -0.642613 0.494554 -0.352069 -0.172748 -0.209963 -0.225178 0.935611
1305031529.556350 -0.660606 0.50137 -0.361914 -0.165991 -0.20183 -0.224933 0.938678
1305031529.593324 -0.681193 0.522197 -0.364519 -0.155934 -0.192825 -0.221645 0.943068
1305031529.623772 -0.699192 0.525633 -0.370797 -0.158573 -0.185581 -0.216913 0.945179
1305031529.657753 -0.714454 0.53369 -0.37511 -0.159272 -0.17855 -0.209582 0.948065
1305031529.692840 -0.731629 0.53684 -0.376963 -0.16523 -0.170996 -0.199789 0.950549
1305031529.725566 -0.744659 0.541369 -0.378115 -0.168537 -0.164874 -0.192718 0.952508
1305031529.759598 -0.759678 0.541551 -0.379026 -0.173841 -0.154151 -0.187674 0.954356
1305031529.792805 -0.773712 0.537343 -0.373791 -0.176543 -0.143389 -0.183575 0.956333
1305031529.825293 -0.791963 0.541824 -0.376578 -0.169425 -0.128062 -0.178196 0.960803
1305031529.859548 -0.816632 0.549737 -0.374795 -0.16295 -0.112366 -0.168427 0.965636
1305031529.891119 -0.835458 0.546387 -0.374398 -0.162769 -0.105238 -0.155976 0.968557
1305031529.925850 -0.854964 0.549791 -0.374733 -0.156796 -0.100898 -0.143429 0.971938
1305031529.960102 -0.875485 0.550778 -0.37675 -0.154347 -0.0956603 -0.132292 0.974436
1305031529.992331 -0.899722 0.553764 -0.377094 -0.153941 -0.0878416 -0.121305 0.976663
1305031530.024225 -0.922415 0.551296 -0.379655 -0.156697 -0.0821413 -0.107781 0.978306
1305031530.059982 -0.944356 0.546185 -0.383903 -0.160988 -0.0783077 -0.0951943 0.979229
1305031530.091203 -0.965777 0.53967 -0.38683 -0.164923 -0.0755384 -0.0829016 0.979909
1305031530.125990 -0.987291 0.532304 -0.394848 -0.164288 -0.0735825 -0.0709354 0.981103
1305031530.159636 -1.01302 0.528162 -0.405764 -0.160221 -0.068004 -0.0643547 0.982631
1305031530.191494 -1.03145 0.516267 -0.413052 -0.158755 -0.0674491 -0.0598956 0.983189
1305031530.224007 -1.05098 0.507366 -0.420317 -0.152448 -0.0643172 -0.0582884 0.984493
1305031530.259074 -1.07093 0.499811 -0.432396 -0.144123 -0.0600424 -0.0602831 0.985895
1305031530.292738 -1.08969 0.492518 -0.443474 -0.137062 -0.054573 -0.0615471 0.987141
1305031530.324398 -1.1094 0.486111 -0.456519 -0.130805 -0.0473751 -0.0626047 0.988295
1305031530.355958 -1.12566 0.480701 -0.468733 -0.127733 -0.0405042 -0.0642492 0.988896
1305031530.391987 -1.14295 0.467406 -0.478131 -0.129227 -0.0335094 -0.0639735 0.988982
1305031530.423101 -1.16082 0.454093 -0.488078 -0.128094 -0.0267923 -0.0638271 0.989343
1305031530.458850 -1.17851 0.445209 -0.500771 -0.123198 -0.0201426 -0.0633799 0.990151
1305031530.492200 -1.19312 0.433629 -0.512549 -0.119542 -0.013895 -0.0620102 0.990793
1305031530.524323 -1.20641 0.417509 -0.524515 -0.114884 -0.00523503 -0.0622886 0.99141
1305031530.558716 -1.21812 0.398399 -0.535721 -0.104695 0.00721051 -0.0621417 0.992535
1305031530.591301 -1.23248 0.380672 -0.553528 -0.0900518 0.0244133 -0.0620172 0.993704
1305031530.623002 -1.24031 0.36926 -0.570248 -0.0741754 0.0423055 -0.0619466 0.99442
1305031530.656445 -1.25297 0.358412 -0.588546 -0.0585019 0.0657881 -0.0615877 0.994211
1305031530.691015 -1.26425 0.343872 -0.605327 -0.0416479 0.0900128 -0.0603343 0.993239
1305031530.723869 -1.27684 0.342526 -0.627829 -0.0214207 0.116944 -0.0559141 0.991332
1305031530.758503 -1.29695 0.345224 -0.643095 -0.00521959 0.145657 -0.0491593 0.988099
1305031530.790818 -1.32651 0.355228 -0.658978 0.0106401 0.175012 -0.0409933 0.983655
1305031530.822584 -1.35856 0.378053 -0.672709 0.0239885 0.201516 -0.028254 0.978784
1305031530.858371 -1.38515 0.383978 -0.680159 0.0247082 0.217392 -0.0158411 0.975643
1305031530.890688 -1.41219 0.379541 -0.683003 0.0245128 0.225726 -0.00748051 0.973854
1305031530.923878 -1.44518 0.384986 -0.680292 0.0295148 0.228242 -0.00175122 0.973155
1305031530.959175 -1.47676 0.399893 -0.680413 0.0332196 0.222243 -0.00184743 0.974423
1305031530.988081 -1.5033 0.408722 -0.674119 0.0312262 0.209719 -9.43405e-05 0.977263
1305031531.027310 -1.52345 0.421668 -0.658586 0.027057 0.193354 0.00469696 0.980745
1305031531.058516 -1.5489 0.435484 -0.645585 0.0191534 0.176812 0.00913512 0.984016
1305031531.091208 -1.57713 0.440047 -0.629865 0.0066435 0.159707 0.0127443 0.98706
1305031531.126140 -1.59708 0.437638 -0.613077 -0.00430926 0.140603 0.0173848 0.989904
1305031531.159520 -1.62398 0.439188 -0.597668 -0.0110989 0.124164 0.0224058 0.991947
1305031531.190137 -1.64842 0.450833 -0.578252 -0.0162878 0.106877 0.0262316 0.993793
1305031531.228127 -1.66472 0.452975 -0.557391 -0.0244313 0.087135 0.0312696 0.995406
1305031531.259840 -1.68573 0.453832 -0.53174 -0.0302522 0.069018 0.0340323 0.996576
1305031531.290185 -1.71235 0.449104 -0.523225 -0.032575 0.0579213 0.0366552 0.997116
1305031531.327763 -1.72833 0.457848 -0.502233 -0.0303582 0.0472825 0.0381469 0.997691
1305031531.358509 -1.74463 0.457373 -0.485513 -0.0312242 0.0432174 0.0373183 0.99788
1305031531.389868 -1.75929 0.45771 -0.468199 -0.0298467 0.0444789 0.0379911 0.997841
1305031531.427177 -1.78071 0.466021 -0.447978 -0.0263603 0.0529444 0.0381576 0.99752
1305031531.459698 -1.79689 0.461105 -0.428377 -0.0259339 0.061306 0.0421734 0.99689
1305031531.492107 -1.81971 0.461074 -0.410846 -0.022225 0.0710655 0.0454907 0.996186
1305031531.527542 -1.83993 0.459149 -0.391664 -0.020665 0.0773943 0.0488296 0.99559
1305031531.560506 -1.85891 0.456591 -0.3731 -0.0189095 0.0822429 0.0544215 0.994946
1305031531.592018 -1.87684 0.455042 -0.357504 -0.0171293 0.086787 0.0590657 0.994327
1305031531.628037 -1.89437 0.453331 -0.340525 -0.0169628 0.0930452 0.0616891 0.993604
1305031531.659769 -1.91247 0.446523 -0.324872 -0.0167185 0.0998151 0.0664878 0.992641
1305031531.693140 -1.93427 0.444596 -0.311323 -0.0145809 0.10553 0.0678251 0.991993
1305031531.727762 -1.95127 0.443151 -0.295365 -0.0137754 0.10887 0.066173 0.991755
1305031531.755881 -1.97255 0.437459 -0.284741 -0.0129045 0.114543 0.0646755 0.991227
1305031531.790528 -1.99534 0.435036 -0.271037 -0.00915776 0.120497 0.0635286 0.990636
1305031531.826931 -2.01699 0.4432 -0.257386 -0.00497587 0.124093 0.0622439 0.990304
1305031531.858402 -2.03667 0.452036 -0.243687 -0.00835564 0.12621 0.0613433 0.99007
1305031531.893291 -2.0531 0.451699 -0.231031 -0.0183411 0.128778 0.0632469 0.989485
1305031531.925080 -2.06868 0.458546 -0.217401 -0.0253748 0.13371 0.0652792 0.988543
1305031531.959262 -2.08501 0.457104 -0.207979 -0.0363515 0.140217 0.0690276 0.987043
1305031531.990634 -2.10166 0.461931 -0.196341 -0.0442545 0.147447 0.0740273 0.985302
1305031532.027524 -2.12054 0.467058 -0.185689 -0.0537917 0.155615 0.0819446 0.982942
1305031532.059872 -2.13986 0.475314 -0.171903 -0.0649601 0.164829 0.0918045 0.97989
1305031532.092096 -2.15478 0.477281 -0.157743 -0.0794939 0.172849 0.10848 0.975723
1305031532.126073 -2.16679 0.482076 -0.142291 -0.0907328 0.179101 0.12684 0.971392
1305031532.159926 -2.18074 0.485194 -0.127894 -0.101481 0.184876 0.145653 0.966596
1305031532.195623 -2.19675 0.491388 -0.11297 -0.109474 0.190716 0.166158 0.961267
1305031532.227800 -2.21375 0.490817 -0.100654 -0.118343 0.195466 0.187409 0.955335
1305031532.260079 -2.22935 0.498806 -0.0854606 -0.123527 0.200477 0.202929 0.950458
1305031532.295824 -2.24544 0.50122 -0.0708913 -0.131564 0.206485 0.220143 0.944241
1305031532.327833 -2.26391 0.501867 -0.0585227 -0.139591 0.210339 0.236059 0.938375
1305031532.356687 -2.2826 0.495855 -0.04176 -0.150456 0.210344 0.255041 0.931704
1305031532.396584 -2.29021 0.496493 -0.0214318 -0.156815 0.204541 0.269133 0.927976
1305031532.424572 -2.30128 0.496558 -0.00287568 -0.153868 0.200884 0.273793 0.927905
1305031532.461447 -2.31335 0.487772 0.0120299 -0.14315 0.200828 0.271447 0.930319
1305031532.494758 -2.32255 0.477148 0.0273136 -0.13089 0.202386 0.269713 0.932289
1305031532.523363 -2.34041 0.468999 0.0412985 -0.115202 0.205698 0.267091 0.934387
1305031532.558750 -2.35343 0.45619 0.0556582 -0.10183 0.208093 0.266357 0.935618
1305031532.594713 -2.36324 0.452831 0.0717729 -0.0919778 0.210945 0.264268 0.936592
1305031532.626577 -2.37066 0.453901 0.088169 -0.0853514 0.218785 0.263355 0.935677
1305031532.655415 -2.37826 0.441589 0.101793 -0.0854063 0.232527 0.268797 0.930798
1305031532.692281 -2.39245 0.428905 0.114885 -0.0880138 0.248741 0.275617 0.924347
1305031532.725142 -2.40052 0.421065 0.129322 -0.0945126 0.260207 0.284671 0.917781
1305031532.756518 -2.39924 0.415392 0.145405 -0.0999144 0.267871 0.296467 0.911246
1305031532.793593 -2.39593 0.410908 0.159456 -0.100568 0.273955 0.302459 0.907388
1305031532.827589 -2.39683 0.404557 0.172335 -0.0988994 0.28493 0.306048 0.902978
1305031532.860360 -2.39676 0.39924 0.183756 -0.0963887 0.2985 0.311482 0.896987
1305031532.894951 -2.39786 0.388255 0.193632 -0.0956159 0.312536 0.321383 0.888758
1305031532.927108 -2.39333 0.381128 0.207703 -0.0920133 0.322165 0.334444 0.880846
1305031532.958860 -2.38771 0.373691 0.218628 -0.0854276 0.328989 0.347586 0.873872
1305031532.994889 -2.38095 0.368259 0.228894 -0.0771509 0.335685 0.36006 0.867018
1305031533.027007 -2.37733 0.361844 0.239132 -0.0680704 0.344979 0.371348 0.859335
1305031533.059895 -2.3788 0.354382 0.247189 -0.0633562 0.355727 0.379966 0.851511
1305031533.095707 -2.37552 0.35403 0.254971 -0.0608076 0.364972 0.389938 0.843236
1305031533.127261 -2.36556 0.342863 0.261943 -0.05879 0.376064 0.402275 0.832643
1305031533.158865 -2.36331 0.331464 0.263068 -0.0535258 0.385688 0.407129 0.826211
1305031533.194665 -2.36791 0.324014 0.264279 -0.0529387 0.394778 0.405966 0.82252
1305031533.226596 -2.36488 0.315971 0.263632 -0.0533173 0.402779 0.410172 0.816508
1305031533.258719 -2.36228 0.298776 0.257474 -0.0525855 0.410681 0.414459 0.810432
1305031533.294892 -2.36309 0.285397 0.25369 -0.0503752 0.417221 0.415217 0.806836
1305031533.326747 -2.36426 0.273009 0.247023 -0.0443146 0.423826 0.416949 0.802846
1305031533.358749 -2.36839 0.254418 0.238701 -0.0373741 0.432241 0.418121 0.798089
1305031533.394869 -2.37811 0.239003 0.238445 -0.0282376 0.441772 0.416185 0.794248
1305031533.428282 -2.38517 0.225277 0.231661 -0.0188338 0.442992 0.417393 0.793213
1305031533.463804 -2.39325 0.215361 0.227841 -0.00754532 0.444749 0.418699 0.791728
1305031533.495077 -2.40236 0.20428 0.224903 0.00114157 0.447292 0.421183 0.789008
1305031533.523787 -2.40498 0.191152 0.218715 0.0085466 0.448703 0.426829 0.785118
1305031533.563866 -2.41467 0.187891 0.21592 0.0206648 0.453365 0.427161 0.782027
1305031533.596729 -2.42263 0.182336 0.21221 0.0277997 0.460294 0.428653 0.776925
1305031533.623714 -2.43335 0.17168 0.214669 0.0314043 0.471413 0.431687 0.768394
1305031533.662973 -2.44254 0.170745 0.21722 0.0353065 0.478909 0.434543 0.761953
1305031533.695127 -2.44578 0.161221 0.216714 0.0316485 0.486547 0.440864 0.753597
1305031533.727956 -2.44909 0.151511 0.217283 0.026947 0.497606 0.444485 0.744376
1305031533.763534 -2.45901 0.142001 0.228175 0.0246117 0.512897 0.445545 0.733362
1305031533.795519 -2.46578 0.120964 0.240959 0.018955 0.524453 0.450693 0.722126
1305031533.827015 -2.4696 0.10112 0.261331 0.0199989 0.531006 0.452368 0.716237
1305031533.859819 -2.47931 0.0806917 0.282375 0.0296751 0.527022 0.453219 0.718303
1305031533.895161 -2.47857 0.0758774 0.288775 0.0422987 0.507008 0.452956 0.73211
1305031533.926857 -2.48851 0.0748432 0.294579 0.0595627 0.481765 0.446083 0.751907
1305031533.961985 -2.49194 0.0640841 0.308924 0.073606 0.45844 0.442581 0.767162
1305031533.994392 -2.49083 0.051954 0.327885 0.0856135 0.438748 0.432971 0.782756
1305031534.026608 -2.48968 0.0341319 0.342885 0.09927 0.421102 0.421666 0.796879
1305031534.062247 -2.49176 0.0128754 0.364305 0.110797 0.410156 0.410463 0.806856
1305031534.094417 -2.48418 0.00403921 0.372272 0.125375 0.396778 0.400467 0.816379
1305031534.126412 -2.48079 -0.0116393 0.379927 0.140164 0.39217 0.38604 0.823122
1305031534.162210 -2.49273 -0.0217911 0.395249 0.152214 0.399709 0.367604 0.825791
1305031534.191161 -2.48991 -0.0349516 0.399111 0.162168 0.401096 0.359264 0.826894
1305031534.225977 -2.5006 -0.0469067 0.405113 0.171918 0.403777 0.348006 0.828432
1305031534.262752 -2.5009 -0.0534744 0.413805 0.176064 0.401604 0.34041 0.831767
1305031534.295276 -2.49297 -0.0590514 0.418064 0.179227 0.396389 0.337404 0.834813
1305031534.327593 -2.48634 -0.0641911 0.422054 0.18359 0.395011 0.333375 0.836135
1305031534.362839 -2.48606 -0.0760443 0.417388 0.188232 0.395424 0.328496 0.836839
1305031534.395128 -2.47833 -0.0808808 0.418686 0.193447 0.398594 0.32173 0.836774
1305031534.427890 -2.47406 -0.0926824 0.418559 0.198877 0.403194 0.317001 0.8351
1305031534.462407 -2.4737 -0.103504 0.418401 0.208217 0.405286 0.309511 0.834621
1305031534.494488 -2.47707 -0.108051 0.425219 0.215863 0.40546 0.302883 0.835026
1305031534.526222 -2.46921 -0.112766 0.418797 0.219656 0.398399 0.302337 0.837629
1305031534.562364 -2.46481 -0.115222 0.42142 0.226884 0.392193 0.299101 0.83979
1305031534.594279 -2.46579 -0.119099 0.427701 0.233408 0.387137 0.293559 0.8423
1305031534.627133 -2.46665 -0.121095 0.432667 0.236054 0.379723 0.289735 0.846252
1305031534.662781 -2.45698 -0.117795 0.437094 0.237338 0.369447 0.288294 0.850921
1305031534.694710 -2.44854 -0.117287 0.437169 0.237787 0.361663 0.287459 0.854415
1305031534.730855 -2.44413 -0.119331 0.435719 0.239351 0.356058 0.285633 0.856941
1305031534.763129 -2.44111 -0.115881 0.440847 0.239264 0.353539 0.279954 0.859877
1305031534.795824 -2.43704 -0.117321 0.440397 0.238866 0.34988 0.277103 0.862404
1305031534.831135 -2.43214 -0.117304 0.440883 0.240975 0.344554 0.274501 0.86479
1305031534.862751 -2.42588 -0.122456 0.436999 0.243173 0.338405 0.269957 0.868028
1305031534.894919 -2.42131 -0.111306 0.443489 0.249121 0.334241 0.258617 0.8714
1305031534.930974 -2.4107 -0.105348 0.439914 0.248925 0.335515 0.251727 0.872983
1305031534.962776 -2.40978 -0.10867 0.437998 0.249737 0.345216 0.245511 0.870736
1305031534.994599 -2.42265 -0.11387 0.43213 0.253504 0.352997 0.238018 0.868606
1305031535.030642 -2.43146 -0.113947 0.435559 0.258585 0.352925 0.230715 0.869108
1305031535.062210 -2.434 -0.107408 0.435196 0.260637 0.346039 0.226902 0.872262
1305031535.094542 -2.43028 -0.10679 0.434063 0.260447 0.340353 0.228758 0.874069
1305031535.129807 -2.43869 -0.107608 0.432242 0.261689 0.336337 0.231384 0.874561
1305031535.158853 -2.44334 -0.111152 0.428975 0.26044 0.327599 0.23424 0.877486
1305031535.193991 -2.44791 -0.111696 0.429321 0.259165 0.31572 0.234769 0.882065
1305031535.230011 -2.45147 -0.111653 0.431674 0.256546 0.30342 0.234984 0.887076
1305031535.261725 -2.44898 -0.111942 0.430003 0.255056 0.289825 0.234374 0.892198
1305031535.295784 -2.45163 -0.112263 0.426436 0.25322 0.279695 0.232035 0.896555
1305031535.329773 -2.45353 -0.114831 0.424924 0.250628 0.27133 0.22924 0.900563
1305031535.361759 -2.45545 -0.115371 0.427856 0.249538 0.262128 0.225276 0.904583
1305031535.392026 -2.45762 -0.123206 0.419761 0.245599 0.253079 0.220692 0.909355
1305031535.431010 -2.45921 -0.130629 0.415573 0.244179 0.245409 0.214614 0.913286
1305031535.462732 -2.45766 -0.133002 0.414894 0.246274 0.237484 0.205057 0.917007
1305031535.495467 -2.46094 -0.139196 0.413597 0.249154 0.231464 0.194755 0.92001
1305031535.530835 -2.46239 -0.138367 0.409073 0.254097 0.225797 0.183722 0.922332
1305031535.562308 -2.46604 -0.125627 0.410443 0.260084 0.223944 0.173067 0.923176
1305031535.594713 -2.46952 -0.12118 0.41313 0.258009 0.225386 0.166551 0.924604
1305031535.630819 -2.47375 -0.126113 0.411422 0.254324 0.227592 0.163985 0.925543
1305031535.662546 -2.47774 -0.111878 0.413241 0.254512 0.227919 0.160383 0.926042
1305031535.694763 -2.47651 -0.0976957 0.416523 0.250474 0.22689 0.160767 0.927328
1305031535.730877 -2.4759 -0.099697 0.413362 0.241778 0.22693 0.163931 0.929071
1305031535.759227 -2.47009 -0.0804982 0.41508 0.238543 0.225834 0.165369 0.929919
1305031535.794599 -2.46287 -0.0704106 0.416715 0.231381 0.227158 0.168957 0.930761
1305031535.831105 -2.45997 -0.073742 0.412156 0.224621 0.228862 0.176396 0.930619
1305031535.859528 -2.45807 -0.0649869 0.412275 0.220319 0.229532 0.18247 0.930312
1305031535.898883 -2.4508 -0.0603067 0.408097 0.215238 0.230688 0.188508 0.930011
1305031535.930685 -2.44298 -0.040154 0.404993 0.213333 0.234447 0.193558 0.928471
1305031535.959567 -2.44098 -0.030991 0.401969 0.205457 0.242194 0.200589 0.926765
1305031535.998988 -2.44081 -0.0185104 0.402511 0.194886 0.250048 0.20688 0.925579
1305031536.031463 -2.4351 -0.00780406 0.39848 0.183531 0.256173 0.216755 0.923964
1305031536.062243 -2.43565 0.00350094 0.394303 0.17319 0.263429 0.22709 0.921434
1305031536.099404 -2.43144 0.0172861 0.393698 0.161192 0.270599 0.236837 0.919076
1305031536.131440 -2.42444 0.025611 0.38795 0.148065 0.278694 0.249223 0.915584
1305031536.163367 -2.41866 0.0372601 0.381635 0.137379 0.288505 0.263681 0.910145
1305031536.199777 -2.41662 0.0513838 0.374942 0.127554 0.299457 0.27511 0.904638
1305031536.231583 -2.4124 0.0616593 0.37208 0.116729 0.312148 0.28918 0.897392
1305031536.263219 -2.40958 0.0746857 0.368339 0.106769 0.325758 0.303488 0.889031
1305031536.299512 -2.40329 0.0818186 0.359926 0.0978394 0.338117 0.320918 0.87927
1305031536.331390 -2.40206 0.0924081 0.344306 0.0907592 0.348539 0.336703 0.870009
1305031536.363006 -2.40076 0.100962 0.341465 0.0843293 0.361403 0.351256 0.85959
1305031536.399605 -2.39512 0.110564 0.336114 0.0798622 0.373215 0.365947 0.848773
1305031536.431590 -2.40002 0.119106 0.327955 0.0762109 0.386358 0.380173 0.836892
1305031536.463554 -2.40365 0.117825 0.322941 0.0692163 0.397236 0.394831 0.825543
1305031536.499647 -2.40465 0.121803 0.317422 0.0642764 0.404091 0.406371 0.816971
1305031536.531617 -2.40998 0.127048 0.312637 0.0624484 0.408017 0.415523 0.810533
1305031536.563087 -2.41111 0.134519 0.310209 0.0606968 0.407557 0.423285 0.806872
1305031536.599164 -2.41195 0.143646 0.306629 0.060268 0.406468 0.430907 0.803412
1305031536.631797 -2.41601 0.150374 0.304254 0.0602355 0.407081 0.438743 0.79885
1305031536.663533 -2.42362 0.156409 0.303359 0.0585185 0.405214 0.445262 0.796316
1305031536.699497 -2.42408 0.163435 0.298707 0.0555198 0.400512 0.449706 0.796412
1305031536.731424 -2.42392 0.177199 0.295896 0.0533684 0.399934 0.449412 0.797015
1305031536.761478 -2.42434 0.18428 0.287676 0.0499641 0.401666 0.449105 0.796538
1305031536.796242 -2.43216 0.191537 0.283588 0.0482781 0.403373 0.443988 0.798645
1305031536.828016 -2.43608 0.199227 0.281188 0.0455085 0.402014 0.440005 0.801692
1305031536.859596 -2.43872 0.207398 0.27484 0.0422544 0.400054 0.437093 0.804439
1305031536.895830 -2.43783 0.218208 0.266451 0.0395456 0.398925 0.429613 0.809153
1305031536.927579 -2.43954 0.232885 0.256736 0.0384245 0.401662 0.419331 0.813236
1305031536.962880 -2.44184 0.24341 0.244998 0.0383399 0.405483 0.413304 0.814428
1305031536.996766 -2.44266 0.25528 0.233112 0.0389013 0.406997 0.405924 0.817353
1305031537.028058 -2.44504 0.267961 0.22086 0.038703 0.409469 0.398938 0.819565
1305031537.060447 -2.44567 0.276112 0.20492 0.0364296 0.409798 0.394871 0.821472
1305031537.095829 -2.44396 0.291295 0.190045 0.0355884 0.408887 0.388201 0.825133
1305031537.129621 -2.44079 0.301159 0.171167 0.033398 0.409591 0.383055 0.827278
1305031537.167541 -2.43847 0.30853 0.148046 0.0307198 0.410286 0.376201 0.830178
1305031537.195643 -2.43404 0.318639 0.129834 0.0291892 0.408776 0.368479 0.83443
1305031537.230153 -2.43047 0.325439 0.108604 0.0277073 0.405855 0.361512 0.838942
1305031537.265688 -2.42616 0.337481 0.0894511 0.0273907 0.402025 0.352694 0.844531
1305031537.298861 -2.42203 0.344446 0.0676965 0.024859 0.39803 0.345696 0.849381
1305031537.330994 -2.41768 0.350519 0.0468187 0.0228988 0.393525 0.337437 0.854839
1305031537.365736 -2.41372 0.358059 0.0266223 0.0221671 0.387874 0.326982 0.861478
1305031537.395624 -2.413 0.362125 0.00810001 0.0206532 0.382354 0.31631 0.867944
1305031537.429641 -2.41105 0.369538 -0.00912957 0.0201985 0.37439 0.307309 0.874635
1305031537.464312 -2.40467 0.376284 -0.0308852 0.0185684 0.362262 0.296763 0.883376
1305031537.497527 -2.39896 0.384422 -0.0487174 0.017386 0.352867 0.284894 0.891077
1305031537.530263 -2.39169 0.395752 -0.0657585 0.0149715 0.344756 0.274442 0.897553
1305031537.564476 -2.38254 0.396535 -0.0833502 0.0103788 0.338883 0.268109 0.901758
1305031537.598276 -2.37331 0.394831 -0.101841 0.0107296 0.333394 0.264754 0.904786
1305031537.630389 -2.36724 0.394958 -0.11743 0.0125942 0.325365 0.258571 0.909462
1305031537.664114 -2.35238 0.39792 -0.13505 0.0153117 0.312748 0.251363 0.915844
1305031537.695278 -2.33843 0.401671 -0.152231 0.0203556 0.304872 0.242417 0.9208
1305031537.728342 -2.32614 0.40084 -0.170448 0.023356 0.300244 0.232532 0.92479
1305031537.766378 -2.31245 0.404072 -0.185011 0.0287331 0.295764 0.22149 0.928784
1305031537.798725 -2.30084 0.407448 -0.20067 0.0343081 0.291028 0.212292 0.932233
1305031537.830287 -2.28819 0.411173 -0.21241 0.0385425 0.285234 0.204012 0.9357
1305031537.866662 -2.2707 0.417081 -0.225163 0.0427413 0.277842 0.194499 0.939759
1305031537.898536 -2.2569 0.423656 -0.238694 0.0460626 0.273609 0.185257 0.942707
1305031537.930243 -2.24201 0.430694 -0.250905 0.0469935 0.269528 0.177431 0.945338
1305031537.966300 -2.21943 0.433703 -0.265073 0.0452965 0.262446 0.171232 0.948551
1305031537.998327 -2.20151 0.438197 -0.279283 0.0463484 0.257978 0.16492 0.950842
1305031538.030606 -2.18319 0.444719 -0.291219 0.0462835 0.252442 0.160512 0.953083
1305031538.066420 -2.16037 0.440201 -0.303209 0.0431869 0.244161 0.158942 0.955645
1305031538.099117 -2.14429 0.437333 -0.316069 0.046208 0.235221 0.158857 0.957758
1305031538.130778 -2.123 0.441594 -0.325559 0.0519112 0.221285 0.16071 0.960474
1305031538.167361 -2.0948 0.433865 -0.341031 0.0518978 0.205596 0.159359 0.964179
1305031538.198836 -2.06979 0.430092 -0.351973 0.0582803 0.196184 0.153006 0.966801
1305031538.231674 -2.05543 0.427871 -0.365731 0.0676166 0.192891 0.142763 0.968421
1305031538.267245 -2.03908 0.422921 -0.382807 0.0748689 0.188077 0.133048 0.970217
1305031538.297169 -2.02634 0.413855 -0.39515 0.0827438 0.1835 0.121816 0.971927
1305031538.329631 -2.01229 0.414392 -0.4064 0.0948028 0.176749 0.10959 0.973531
1305031538.366671 -1.99546 0.415532 -0.419117 0.104876 0.16778 0.10001 0.975115
1305031538.395653 -1.97842 0.418224 -0.431033 0.115539 0.15953 0.0922037 0.976063
1305031538.434273 -1.96282 0.417536 -0.442691 0.12446 0.150122 0.0870301 0.976933
1305031538.468114 -1.94609 0.420145 -0.45713 0.132546 0.138018 0.0794765 0.978298
1305031538.498490 -1.92998 0.432365 -0.470969 0.13982 0.125682 0.0730354 0.979449
1305031538.534659 -1.91152 0.44416 -0.483328 0.141975 0.113501 0.0678257 0.981
1305031538.566473 -1.89436 0.460644 -0.494649 0.141283 0.103817 0.0582175 0.982788
1305031538.598497 -1.87576 0.484503 -0.502904 0.136466 0.0975746 0.0487332 0.984622
1305031538.634075 -1.84755 0.486652 -0.513847 0.127033 0.0920525 0.0468386 0.986507
1305031538.666052 -1.83375 0.506105 -0.525651 0.125033 0.0890593 0.0417617 0.987264
1305031538.698387 -1.83178 0.543101 -0.539009 0.119755 0.0846745 0.0353501 0.988554
1305031538.734584 -1.81229 0.559437 -0.546561 0.102 0.0719425 0.0358642 0.991531
1305031538.766510 -1.78484 0.570044 -0.55588 0.0849248 0.0584378 0.0373595 0.99397
1305031538.798755 -1.7618 0.588716 -0.565529 0.0691211 0.0491982 0.0368949 0.995711
1305031538.832497 -1.73804 0.598835 -0.571814 0.0477206 0.0445832 0.0313063 0.997374
1305031538.867193 -1.71395 0.603446 -0.58382 0.0309465 0.0431468 0.0275261 0.99821
1305031538.899432 -1.69012 0.615925 -0.595802 0.0188881 0.0425435 0.0257156 0.998585
1305031538.936017 -1.66549 0.625208 -0.604439 0.00607896 0.041095 0.0268019 0.998777
1305031538.967667 -1.63709 0.634721 -0.610768 -0.00444076 0.0382949 0.0264085 0.998908
1305031538.999448 -1.61313 0.643491 -0.622833 -0.0131889 0.037757 0.026259 0.998855
1305031539.034977 -1.58397 0.649899 -0.631019 -0.0219052 0.0358581 0.0259509 0.99878
1305031539.067603 -1.55708 0.657698 -0.637795 -0.0283764 0.0345096 0.0227334 0.998743
1305031539.099360 -1.52983 0.665376 -0.644065 -0.0361327 0.0322053 0.0190122 0.998647
1305031539.135768 -1.50548 0.672538 -0.649359 -0.0444263 0.0307546 0.0142829 0.998437
1305031539.167546 -1.48325 0.680193 -0.651191 -0.0525496 0.0283347 0.00819286 0.998183
1305031539.199492 -1.45443 0.686417 -0.654312 -0.0653796 0.0205153 0.00373371 0.997643
1305031539.235629 -1.42966 0.689203 -0.654477 -0.0816917 0.0102676 -0.00132258 0.996604
1305031539.267760 -1.39902 0.695596 -0.65748 -0.094956 -0.00307583 -0.00936126 0.995433
1305031539.299592 -1.37177 0.698663 -0.659891 -0.110419 -0.011972 -0.0210929 0.993589
1305031539.335706 -1.33577 0.709873 -0.65375 -0.123839 -0.0210953 -0.0394591 0.991293
1305031539.367585 -1.30779 0.715418 -0.656706 -0.138489 -0.0229828 -0.0612119 0.988203
1305031539.399501 -1.27331 0.718054 -0.659176 -0.154314 -0.0261476 -0.0795986 0.984463
1305031539.435549 -1.24394 0.717484 -0.657434 -0.172853 -0.0278959 -0.0966794 0.979794
1305031539.467525 -1.21364 0.71842 -0.656276 -0.183708 -0.0343379 -0.108477 0.976374
1305031539.499639 -1.18902 0.714416 -0.657387 -0.193133 -0.0446009 -0.115349 0.973347
1305031539.535499 -1.16296 0.716819 -0.662284 -0.198064 -0.0558996 -0.122356 0.970914
1305031539.567517 -1.13517 0.713059 -0.660154 -0.202276 -0.0665379 -0.129432 0.968455
1305031539.599060 -1.10299 0.709519 -0.661684 -0.200985 -0.0787321 -0.139571 0.966399
1305031539.635592 -1.07967 0.70179 -0.664416 -0.200519 -0.0855092 -0.151945 0.96405
1305031539.667412 -1.05345 0.695449 -0.664007 -0.196044 -0.092995 -0.165857 0.961982
1305031539.703794 -1.03149 0.681783 -0.662583 -0.192161 -0.0997113 -0.178189 0.959886
1305031539.735675 -1.00874 0.672262 -0.663513 -0.187974 -0.108465 -0.189447 0.957607
1305031539.767637 -0.985589 0.665625 -0.66442 -0.185384 -0.117373 -0.199871 0.954939
1305031539.803605 -0.961265 0.656583 -0.658564 -0.184802 -0.128529 -0.208876 0.951682
1305031539.832088 -0.936211 0.647927 -0.654849 -0.183749 -0.143685 -0.219377 0.947346
1305031539.867127 -0.913709 0.643117 -0.649377 -0.184473 -0.15728 -0.229598 0.942612
1305031539.903594 -0.888044 0.641532 -0.644524 -0.184089 -0.169939 -0.24249 0.937246
1305031539.935437 -0.863059 0.638458 -0.634862 -0.186137 -0.180147 -0.256621 0.931153
1305031539.967652 -0.837706 0.633452 -0.621356 -0.183941 -0.187055 -0.269622 0.926542
1305031540.003691 -0.816059 0.626719 -0.616356 -0.179473 -0.190546 -0.280164 0.923575
1305031540.035614 -0.791926 0.622027 -0.60784 -0.172458 -0.193623 -0.287876 0.921898
1305031540.067782 -0.77391 0.611818 -0.596974 -0.162626 -0.195674 -0.29182 0.922012
1305031540.103651 -0.751597 0.600597 -0.592081 -0.148775 -0.19957 -0.29558 0.922318
1305031540.135787 -0.730109 0.590289 -0.583352 -0.136716 -0.199956 -0.29516 0.924233
1305031540.167625 -0.712439 0.579733 -0.57688 -0.123072 -0.196626 -0.293557 0.927371
1305031540.204012 -0.695332 0.563585 -0.56905 -0.110927 -0.192712 -0.285507 0.932225
1305031540.235943 -0.6862 0.546289 -0.56681 -0.0975099 -0.192496 -0.28332 0.934434
1305031540.267794 -0.670103 0.536088 -0.567613 -0.0811981 -0.198603 -0.27519 0.937142
1305031540.303627 -0.65101 0.52147 -0.563304 -0.0716089 -0.20607 -0.266371 0.938858
1305031540.335660 -0.632217 0.51033 -0.563145 -0.0584038 -0.209461 -0.256806 0.941682
1305031540.367613 -0.615885 0.498046 -0.562587 -0.045652 -0.205983 -0.247462 0.945647
1305031540.403545 -0.606398 0.486401 -0.563318 -0.0316158 -0.200224 -0.236026 0.95037
1305031540.435756 -0.589429 0.481712 -0.56476 -0.0153108 -0.200363 -0.22107 0.954331
1305031540.467365 -0.573409 0.467993 -0.561625 -0.00471948 -0.200594 -0.206521 0.957647
1305031540.502953 -0.55526 0.465018 -0.563157 0.0122145 -0.200447 -0.189769 0.961072
1305031540.535194 -0.532455 0.453978 -0.561939 0.0239937 -0.201634 -0.178969 0.962672
1305031540.563522 -0.509478 0.43523 -0.556552 0.0346791 -0.198307 -0.170049 0.964653
1305031540.603376 -0.492155 0.429741 -0.56484 0.0505548 -0.186997 -0.16004 0.967917
1305031540.635224 -0.470772 0.42644 -0.564306 0.061132 -0.177868 -0.151725 0.970363
1305031540.667294 -0.456503 0.417666 -0.557118 0.068902 -0.164959 -0.141642 0.973642
1305031540.703386 -0.433435 0.41302 -0.558603 0.0782124 -0.153752 -0.130217 0.976364
1305031540.735694 -0.417052 0.408385 -0.559332 0.08357 -0.139555 -0.119853 0.979375
1305031540.767548 -0.399939 0.400553 -0.558265 0.0893145 -0.122805 -0.108777 0.9824
1305031540.803232 -0.383572 0.398812 -0.558162 0.097968 -0.101856 -0.0977094 0.98513
1305031540.835181 -0.362127 0.387682 -0.563247 0.100162 -0.0793115 -0.088145 0.98788
1305031540.871023 -0.350619 0.382543 -0.563707 0.104668 -0.0565465 -0.0790717 0.989745
1305031540.903222 -0.332769 0.380094 -0.565423 0.11003 -0.0372535 -0.067988 0.9909
1305031540.935050 -0.326649 0.380254 -0.563241 0.114865 -0.0154232 -0.056365 0.991661
1305031540.971078 -0.316603 0.3804 -0.572321 0.118465 0.000974719 -0.0401482 0.992146
1305031541.003228 -0.311749 0.373687 -0.574947 0.124057 0.0142631 -0.0296167 0.99173
1305031541.034514 -0.303706 0.371221 -0.575619 0.130916 0.0263261 -0.0178442 0.990883
1305031541.070217 -0.303182 0.366707 -0.581357 0.138001 0.0371867 -0.00601844 0.989715
1305031541.099997 -0.297345 0.366253 -0.583849 0.144189 0.0420999 0.00121287 0.988653
1305031541.135330 -0.289247 0.36447 -0.576931 0.148222 0.0485614 0.00637725 0.987741
1305031541.171574 -0.277446 0.359365 -0.585287 0.151531 0.0555495 0.0126939 0.986809
1305031541.202996 -0.283664 0.365244 -0.582965 0.155092 0.0612342 0.0157602 0.985874
1305031541.235198 -0.282963 0.364917 -0.581683 0.151047 0.0601094 0.0178108 0.986537
1305031541.267954 -0.285484 0.363055 -0.580203 0.145492 0.0572988 0.020868 0.987478
1305031541.301672 -0.288518 0.360608 -0.576483 0.1392 0.051389 0.0232964 0.988656
1305031541.331852 -0.288853 0.358974 -0.568329 0.133766 0.04207 0.0219166 0.989877
1305031541.371250 -0.29525 0.364251 -0.559859 0.128078 0.0310943 0.0199726 0.991075
1305031541.402022 -0.297478 0.361963 -0.557293 0.120279 0.0201547 0.0155723 0.992413
1305031541.431932 -0.299277 0.357535 -0.550717 0.113312 0.00903271 0.0070468 0.993493
1305031541.471366 -0.30319 0.356874 -0.548871 0.10888 -0.00228618 -0.0022582 0.99405
1305031541.501569 -0.309936 0.354821 -0.543587 0.101312 -0.014649 -0.0158388 0.994621
1305031541.535345 -0.314967 0.355181 -0.539094 0.0951712 -0.0260721 -0.0296356 0.994678
1305031541.569819 -0.319226 0.351729 -0.533491 0.0874015 -0.037292 -0.0434462 0.994526
1305031541.603472 -0.321694 0.351324 -0.523908 0.0814824 -0.0514655 -0.0576837 0.993672
1305031541.635279 -0.330839 0.349473 -0.522017 0.0761185 -0.0650688 -0.0740576 0.992213
1305031541.671483 -0.335601 0.349021 -0.518898 0.0713559 -0.0807423 -0.0912771 0.989979
1305031541.703527 -0.33931 0.344629 -0.513768 0.0652265 -0.0957311 -0.112508 0.986875
1305031541.734963 -0.348475 0.346961 -0.509461 0.0613833 -0.108469 -0.137314 0.982655
1305031541.771656 -0.34928 0.34842 -0.504284 0.0568572 -0.122507 -0.169758 0.976187
1305031541.803338 -0.348978 0.340012 -0.505031 0.0478069 -0.130865 -0.207146 0.968338
1305031541.835259 -0.362078 0.342379 -0.501506 0.0407191 -0.135996 -0.23717 0.96104
1305031541.871359 -0.373735 0.342788 -0.497798 0.0371593 -0.147723 -0.260591 0.953357
1305031541.903131 -0.37866 0.343367 -0.497456 0.0330062 -0.164414 -0.277612 0.945944
1305031541.932460 -0.384612 0.336226 -0.499181 0.0240298 -0.184243 -0.288682 0.939223
1305031541.969202 -0.39233 0.334959 -0.498566 0.0189061 -0.204288 -0.292839 0.933892
1305031542.000034 -0.396242 0.332163 -0.494639 0.0137539 -0.22697 -0.29494 0.928066
1305031542.032795 -0.395229 0.325571 -0.488994 0.00866828 -0.251796 -0.299553 0.920213
1305031542.069819 -0.398415 0.32594 -0.483862 0.00759217 -0.264507 -0.306831 0.914239
1305031542.102573 -0.397296 0.326409 -0.475445 0.00725024 -0.273505 -0.316303 0.908348
1305031542.139294 -0.400717 0.326299 -0.468287 0.00408542 -0.278785 -0.327638 0.902727
1305031542.170485 -0.40562 0.32662 -0.463246 0.00184457 -0.285316 -0.333867 0.898401
1305031542.202214 -0.409727 0.328342 -0.459274 -0.0035232 -0.294469 -0.338264 0.893786
1305031542.237243 -0.411586 0.324032 -0.447335 -0.0110716 -0.307405 -0.342841 0.887603
1305031542.269752 -0.407909 0.322259 -0.438748 -0.0147283 -0.316565 -0.347036 0.882687
1305031542.301218 -0.399652 0.316276 -0.423235 -0.0205727 -0.321655 -0.353464 0.878167
1305031542.338812 -0.40106 0.310532 -0.41302 -0.0251634 -0.317387 -0.36183 0.876192
1305031542.371582 -0.40127 0.312028 -0.40479 -0.0264271 -0.312249 -0.36431 0.876972
1305031542.403140 -0.398742 0.307938 -0.392383 -0.0330574 -0.312259 -0.363204 0.877203
1305031542.439210 -0.399321 0.299795 -0.379841 -0.0409279 -0.312132 -0.362085 0.877378
1305031542.471527 -0.397611 0.292763 -0.369369 -0.0440594 -0.313407 -0.358719 0.878155
1305031542.503717 -0.391129 0.286736 -0.357779 -0.0470429 -0.31709 -0.352141 0.879339
1305031542.539439 -0.383868 0.274829 -0.342022 -0.0518343 -0.320591 -0.34676 0.879939
1305031542.571672 -0.379813 0.262984 -0.33059 -0.0530952 -0.321342 -0.341488 0.88165
1305031542.603499 -0.371386 0.256427 -0.31752 -0.0523616 -0.323834 -0.33365 0.88378
1305031542.639171 -0.363985 0.244031 -0.301978 -0.055812 -0.326782 -0.327073 0.884942
1305031542.668866 -0.357203 0.234526 -0.290578 -0.0557688 -0.328051 -0.321392 0.886555
1305031542.702239 -0.347388 0.225737 -0.276131 -0.0541502 -0.33095 -0.31962 0.886218
1305031542.737961 -0.337462 0.216303 -0.259832 -0.0550705 -0.331637 -0.318981 0.886135
1305031542.771170 -0.333719 0.205237 -0.247641 -0.0570384 -0.329028 -0.319313 0.886863
1305031542.803270 -0.326965 0.198101 -0.234756 -0.0569545 -0.331225 -0.319532 0.885972
1305031542.839568 -0.315642 0.190432 -0.216849 -0.0585998 -0.334676 -0.320191 0.884328
1305031542.871198 -0.310918 0.180767 -0.201536 -0.0624675 -0.331975 -0.3214 0.884642
1305031542.903732 -0.304205 0.173463 -0.187912 -0.0648206 -0.329756 -0.322377 0.884948
1305031542.939215 -0.302217 0.165721 -0.172484 -0.0687145 -0.328624 -0.324449 0.884317
1305031542.970866 -0.298939 0.157274 -0.158916 -0.0721402 -0.33109 -0.324304 0.883177
1305031543.002677 -0.292366 0.147955 -0.14066 -0.0778589 -0.336477 -0.322263 0.881401
1305031543.039126 -0.29025 0.140096 -0.123896 -0.0829074 -0.339714 -0.320175 0.880459
1305031543.070710 -0.282324 0.132091 -0.106906 -0.0871064 -0.345318 -0.317815 0.878727
1305031543.102755 -0.27572 0.124369 -0.0877826 -0.0922284 -0.34881 -0.318743 0.876487
1305031543.139358 -0.267393 0.112858 -0.0650455 -0.0993955 -0.35149 -0.318475 0.874728
1305031543.170265 -0.26537 0.101634 -0.047913 -0.105805 -0.350665 -0.318335 0.874358
1305031543.200190 -0.262247 0.0923836 -0.0334977 -0.110407 -0.351166 -0.313768 0.875239
1305031543.238701 -0.256868 0.0838064 -0.0172308 -0.115539 -0.353281 -0.304925 0.876849
1305031543.270923 -0.25421 0.0711239 -0.0025995 -0.120335 -0.355241 -0.297395 0.877998
1305031543.302962 -0.250238 0.0622564 0.00765901 -0.117795 -0.357977 -0.290813 0.879434
1305031543.338824 -0.247116 0.0594968 0.0116231 -0.113313 -0.358109 -0.285313 0.881768
1305031543.370800 -0.245741 0.0503952 0.017338 -0.110706 -0.35995 -0.282333 0.882309
1305031543.407586 -0.243835 0.0450786 0.0194698 -0.102886 -0.36422 -0.28268 0.881391
1305031543.436408 -0.240942 0.0399192 0.0221669 -0.0970295 -0.368859 -0.281648 0.880456
1305031543.472193 -0.240967 0.0353216 0.0207174 -0.0926258 -0.371267 -0.280494 0.880287
1305031543.507662 -0.2422 0.0330037 0.016595 -0.0873737 -0.375823 -0.28231 0.878308
1305031543.539811 -0.243979 0.0295173 0.0125631 -0.0821233 -0.382594 -0.285385 0.87489
1305031543.572301 -0.2461 0.0254187 0.00555 -0.0789988 -0.386316 -0.28741 0.872877
1305031543.607686 -0.249891 0.0258074 -0.00658956 -0.0738158 -0.390543 -0.291567 0.870067
1305031543.639875 -0.252222 0.0266978 -0.0170091 -0.071906 -0.398478 -0.298077 0.864404
1305031543.671696 -0.259785 0.017857 -0.0276001 -0.0746888 -0.401539 -0.302038 0.861372
1305031543.707488 -0.265262 0.016985 -0.0438632 -0.070076 -0.403173 -0.302956 0.860673
1305031543.739759 -0.268826 0.0129568 -0.0591663 -0.0694462 -0.405899 -0.304287 0.858972
1305031543.771875 -0.275217 0.00818712 -0.0770395 -0.0693524 -0.407745 -0.30157 0.859063
1305031543.807535 -0.278905 0.00322901 -0.0945748 -0.0700283 -0.411583 -0.297072 0.858745
1305031543.839894 -0.281163 0.000680201 -0.1137 -0.0741596 -0.414281 -0.293755 0.858242
1305031543.871869 -0.286346 -0.00472832 -0.129863 -0.081579 -0.415207 -0.289446 0.858585
1305031543.907474 -0.288894 -0.00971087 -0.149428 -0.0882277 -0.412678 -0.283328 0.861184
1305031543.939753 -0.292799 -0.0155801 -0.172418 -0.0931852 -0.407916 -0.280432 0.863874
1305031543.970786 -0.293924 -0.0202629 -0.193019 -0.0936475 -0.402355 -0.277953 0.867227
1305031544.007529 -0.295616 -0.0263162 -0.211522 -0.092406 -0.393942 -0.27553 0.871983
1305031544.038948 -0.295336 -0.0300786 -0.237418 -0.0860327 -0.381162 -0.273405 0.878956
1305031544.070711 -0.296913 -0.0297187 -0.25966 -0.0815275 -0.366462 -0.271451 0.886213
1305031544.106609 -0.306999 -0.0357091 -0.286293 -0.0801537 -0.348995 -0.267989 0.894405
1305031544.137311 -0.316546 -0.0321159 -0.320204 -0.0712771 -0.335489 -0.261869 0.902104
1305031544.171722 -0.319838 -0.0276495 -0.342599 -0.0651283 -0.328189 -0.25685 0.906685
1305031544.206571 -0.327711 -0.0255797 -0.36828 -0.0580089 -0.316518 -0.252924 0.912404
1305031544.238072 -0.33383 -0.0188881 -0.392225 -0.049993 -0.304162 -0.251009 0.917595
1305031544.267766 -0.3415 -0.012445 -0.414242 -0.0431905 -0.291212 -0.250379 0.922302
1305031544.303584 -0.355581 -0.00164152 -0.443016 -0.0336916 -0.274874 -0.253246 0.926917
1305031544.338210 -0.366903 0.0118073 -0.469137 -0.025565 -0.261914 -0.254461 0.93059
1305031544.367911 -0.364283 0.0369249 -0.485803 -0.0183996 -0.254784 -0.254612 0.932695
1305031544.405875 -0.377668 0.0525569 -0.50567 -0.0236128 -0.241393 -0.259242 0.934861
1305031544.437826 -0.402069 0.0640384 -0.529429 -0.0304316 -0.227048 -0.262334 0.937392
1305031544.469937 -0.418286 0.0820604 -0.550526 -0.0345949 -0.220071 -0.262193 0.93895
1305031544.505986 -0.440718 0.088139 -0.569944 -0.043359 -0.215387 -0.265058 0.938868
1305031544.539003 -0.463741 0.103254 -0.585537 -0.0468012 -0.213849 -0.269055 0.937917
1305031544.574785 -0.478433 0.113728 -0.594912 -0.0492138 -0.217487 -0.27158 0.936227
1305031544.607438 -0.487136 0.137578 -0.604874 -0.0495199 -0.221053 -0.271778 0.935318
1305031544.638925 -0.505823 0.152452 -0.615803 -0.0591833 -0.221011 -0.273977 0.934124
1305031544.675602 -0.527403 0.167214 -0.622687 -0.0651498 -0.222745 -0.276321 0.932624
1305031544.703615 -0.541016 0.18472 -0.631161 -0.0673865 -0.227453 -0.276643 0.931232
1305031544.738977 -0.555892 0.188579 -0.630414 -0.0740638 -0.232916 -0.277005 0.929265
1305031544.775192 -0.570903 0.192698 -0.632368 -0.0740362 -0.235094 -0.279042 0.928108
1305031544.807101 -0.585018 0.205175 -0.637308 -0.0690759 -0.235309 -0.280338 0.928046
1305031544.839027 -0.593586 0.224976 -0.638831 -0.0659949 -0.236214 -0.280034 0.928132
1305031544.875379 -0.611968 0.23654 -0.640055 -0.0706152 -0.234586 -0.283552 0.927136
1305031544.907436 -0.625805 0.241446 -0.639015 -0.0740451 -0.23327 -0.28807 0.925807
1305031544.939009 -0.640188 0.251192 -0.638798 -0.0748146 -0.228417 -0.294836 0.924825
1305031544.975561 -0.662775 0.260039 -0.638872 -0.0785178 -0.220989 -0.300571 0.924476
1305031545.007409 -0.681588 0.264757 -0.635398 -0.0830195 -0.218775 -0.301003 0.924469
1305031545.039484 -0.699258 0.265848 -0.635644 -0.0850924 -0.215015 -0.299343 0.9257
1305031545.075213 -0.719558 0.263766 -0.632122 -0.0848408 -0.209261 -0.296244 0.928037
1305031545.107171 -0.7349 0.273662 -0.633788 -0.0799004 -0.202798 -0.290501 0.931718
1305031545.139414 -0.745544 0.276076 -0.630879 -0.0795866 -0.197468 -0.280031 0.936085
1305031545.174984 -0.759816 0.276519 -0.629798 -0.0809278 -0.188111 -0.267686 0.941493
1305031545.207672 -0.773346 0.279916 -0.626024 -0.0807734 -0.178692 -0.256408 0.946467
1305031545.239686 -0.793445 0.273907 -0.621526 -0.0811453 -0.169588 -0.244569 0.951232
1305031545.275412 -0.808495 0.280864 -0.621916 -0.0735819 -0.162522 -0.231539 0.956327
1305031545.306213 -0.820329 0.287534 -0.620674 -0.0702378 -0.157506 -0.221169 0.959866
1305031545.339544 -0.832156 0.288743 -0.61547 -0.0693807 -0.152472 -0.211301 0.962959
1305031545.375555 -0.850359 0.287565 -0.611874 -0.067122 -0.144291 -0.199913 0.966804
1305031545.407463 -0.867482 0.285604 -0.609683 -0.0624852 -0.138564 -0.18746 0.97044
1305031545.439168 -0.883534 0.28669 -0.607395 -0.055183 -0.135132 -0.177235 0.973284
1305031545.475453 -0.897251 0.273346 -0.600469 -0.0497599 -0.134071 -0.165687 0.975754
1305031545.507417 -0.913651 0.277863 -0.601959 -0.0327286 -0.132511 -0.157969 0.977965
1305031545.539498 -0.929423 0.2775 -0.600198 -0.0205995 -0.13335 -0.14999 0.979437
1305031545.578088 -0.9479 0.283239 -0.601772 -0.00492251 -0.136017 -0.149163 0.979401
1305031545.603778 -0.963075 0.286356 -0.59983 0.00620616 -0.141628 -0.147993 0.978775
1305031545.635945 -0.973138 0.286629 -0.593988 0.0160522 -0.148106 -0.146525 0.977925
1305031545.673535 -0.984545 0.282909 -0.587931 0.0277809 -0.152087 -0.147741 0.976868
1305031545.706561 -0.992273 0.296897 -0.583058 0.046829 -0.155063 -0.151018 0.97517
1305031545.739007 -1.00255 0.313324 -0.583169 0.0557085 -0.154399 -0.152364 0.974599
1305031545.775565 -1.01326 0.321555 -0.578603 0.0565971 -0.155399 -0.153994 0.974132
1305031545.807492 -1.02198 0.333279 -0.572559 0.0555252 -0.157469 -0.156775 0.973418
1305031545.843386 -1.02399 0.349009 -0.56527 0.0524995 -0.158531 -0.158845 0.973078
1305031545.875515 -1.02821 0.361309 -0.555707 0.0438565 -0.15412 -0.160393 0.97396
1305031545.907616 -1.03538 0.369515 -0.549883 0.0348565 -0.146858 -0.163293 0.974963
1305031545.943703 -1.03747 0.387022 -0.542482 0.0260309 -0.141852 -0.165361 0.975631
1305031545.975685 -1.04065 0.398283 -0.534622 0.0135719 -0.135138 -0.165289 0.976848
1305031546.007570 -1.04668 0.415459 -0.530143 0.003753 -0.128372 -0.166086 0.977713
1305031546.043793 -1.04128 0.4274 -0.523524 -0.0112056 -0.123698 -0.166557 0.978178
1305031546.075425 -1.0427 0.439332 -0.516054 -0.0264455 -0.110765 -0.166829 0.979387
1305031546.104074 -1.03872 0.449694 -0.51093 -0.0371664 -0.100719 -0.163535 0.980679
1305031546.143517 -1.03542 0.464419 -0.506596 -0.0444549 -0.0897942 -0.160166 0.981992
1305031546.175972 -1.03353 0.474772 -0.502304 -0.0534741 -0.0791274 -0.155114 0.98327
1305031546.207525 -1.02663 0.484564 -0.497568 -0.0629542 -0.071247 -0.149516 0.984178
1305031546.243573 -1.02171 0.488938 -0.492228 -0.0712728 -0.0599924 -0.141474 0.985549
1305031546.276113 -1.02011 0.501912 -0.487378 -0.0710941 -0.0486932 -0.134304 0.987186
1305031546.308117 -1.00827 0.515147 -0.482758 -0.0755408 -0.041669 -0.124753 0.98843
1305031546.343932 -1.01013 0.522365 -0.477046 -0.0805619 -0.02909 -0.115265 0.989635
1305031546.376105 -1.00447 0.533891 -0.471558 -0.0795724 -0.0243472 -0.105754 0.990904
1305031546.407683 -0.99639 0.547689 -0.465252 -0.0786873 -0.0218715 -0.0972826 0.9919
1305031546.443985 -0.996532 0.553259 -0.460734 -0.0799626 -0.0172692 -0.0896454 0.992608
1305031546.476002 -0.986426 0.570708 -0.455987 -0.0779143 -0.017708 -0.0831379 0.99333
1305031546.507978 -0.983562 0.576314 -0.449253 -0.0832201 -0.0134356 -0.0787948 0.99332
1305031546.544091 -0.979793 0.589648 -0.444921 -0.0801997 -0.0111759 -0.0736813 0.993989
1305031546.576436 -0.975713 0.605238 -0.440713 -0.0803756 -0.00807562 -0.0709161 0.994206
1305031546.604477 -0.974263 0.616282 -0.435303 -0.0859656 -0.00428297 -0.067339 0.994011
1305031546.644231 -0.96969 0.628662 -0.430098 -0.0917959 -0.00186298 -0.0640164 0.993716
1305031546.676019 -0.967915 0.635529 -0.423657 -0.100184 0.00262247 -0.0622511 0.993016
1305031546.707952 -0.963007 0.643801 -0.418743 -0.105628 0.00540835 -0.0604707 0.992551
1305031546.743907 -0.959439 0.653338 -0.412809 -0.112224 0.0105763 -0.0600747 0.991809
1305031546.775885 -0.961381 0.658337 -0.405978 -0.122391 0.0174625 -0.0609649 0.990454
1305031546.808019 -0.958968 0.660554 -0.401305 -0.128939 0.0196392 -0.0613926 0.989556
1305031546.844098 -0.959187 0.668678 -0.396733 -0.129465 0.0208578 -0.0610361 0.989484
1305031546.876150 -0.957274 0.669771 -0.391492 -0.133298 0.0182823 -0.0614461 0.989
1305031546.904254 -0.957127 0.6687 -0.386726 -0.13416 0.0176857 -0.0631022 0.98879
1305031546.943871 -0.957679 0.673 -0.383453 -0.129141 0.0175716 -0.0649978 0.989338
1305031546.975693 -0.95905 0.675351 -0.38014 -0.128625 0.0170841 -0.0671775 0.989268
1305031547.008548 -0.958806 0.674066 -0.376967 -0.129676 0.0141543 -0.0689718 0.989053
1305031547.044236 -0.955575 0.676291 -0.374684 -0.126831 0.0112475 -0.0706638 0.98934
1305031547.074033 -0.955721 0.674313 -0.372458 -0.126516 0.0135794 -0.073524 0.989143
1305031547.109368 -0.954761 0.672681 -0.371118 -0.123193 0.0156313 -0.0749006 0.989429
1305031547.143020 -0.95582 0.671052 -0.371459 -0.119064 0.0180969 -0.0757796 0.989825
1305031547.172567 -0.956528 0.672515 -0.372467 -0.114803 0.0185601 -0.0745196 0.990415
1305031547.211605 -0.956766 0.670342 -0.373511 -0.114286 0.0156494 -0.0731278 0.990629
1305031547.244133 -0.956308 0.665367 -0.375 -0.114022 0.0127687 -0.0730584 0.990706
1305031547.276566 -0.957309 0.665452 -0.377466 -0.109714 0.0124889 -0.073749 0.991145
1305031547.312300 -0.957094 0.662942 -0.379449 -0.108425 0.010741 -0.0740707 0.991283
1305031547.344201 -0.958155 0.663219 -0.382026 -0.105439 0.00962464 -0.0729039 0.991703
1305031547.376783 -0.959382 0.661893 -0.383845 -0.104942 0.00684098 -0.0719486 0.991849
1305031547.412309 -0.958805 0.659945 -0.385163 -0.10461 0.00312499 -0.0709893 0.991972
1305031547.444479 -0.958445 0.658788 -0.386286 -0.10299 0.000545277 -0.0719966 0.992073
1305031547.475653 -0.957706 0.657106 -0.387301 -0.100595 -0.000940156 -0.0728596 0.992256
1305031547.512129 -0.957024 0.658112 -0.38783 -0.097744 -0.0011256 -0.0738461 0.992467
1305031547.543063 -0.957227 0.655502 -0.387686 -0.0987306 -0.000454204 -0.0746074 0.992313
1305031547.572452 -0.956776 0.655425 -0.38685 -0.0968266 -8.398e-05 -0.0743089 0.992523
1305031547.610069 -0.955824 0.656383 -0.386665 -0.096883 -0.000331538 -0.0730652 0.99261
1305031547.643685 -0.955314 0.653664 -0.384922 -0.0989772 -0.000686413 -0.0724597 0.992448
1305031547.675727 -0.954317 0.657441 -0.384904 -0.095692 0.000133458 -0.0721116 0.992796
1305031547.712359 -0.952428 0.65533 -0.383145 -0.100831 0.000603647 -0.0724406 0.992263
1305031547.741819 -0.951644 0.652456 -0.381772 -0.102202 0.00150872 -0.0725181 0.992116
1305031547.773659 -0.951485 0.656104 -0.38202 -0.0983011 0.00298534 -0.0735313 0.992432
1305031547.812136 -0.950559 0.654063 -0.381778 -0.100102 0.00420061 -0.07466 0.992163
1305031547.844573 -0.950207 0.653373 -0.381491 -0.0996741 0.00562736 -0.0743492 0.992223
1305031547.875313 -0.949581 0.654805 -0.381443 -0.0991107 0.00585296 -0.0745204 0.992265
1305031547.912229 -0.947417 0.651146 -0.380737 -0.101675 0.00491732 -0.074031 0.992047
1305031547.942674 -0.947437 0.651539 -0.380906 -0.100818 0.00622488 -0.0738048 0.992144
1305031547.976525 -0.94744 0.651397 -0.380723 -0.100891 0.00674329 -0.0735494 0.992152
