1305031526.688356 0 0 0 0 0 0 1
1305031526.721587 0.00250221 -0.00367458 -0.00686284 0.0114922 0.0111115 0.00224227 0.99987
1305031526.755957 0.00477358 -0.00511799 -0.0153877 0.0275553 0.0233886 0.00215953 0.999344
1305031526.788681 0.00684867 -0.0133321 -0.0246457 0.0420751 0.0356763 0.00156949 0.998476
1305031526.822643 0.00438397 -0.0220593 -0.038298 0.0683532 0.0500515 -0.00363716 0.996398
1305031526.856844 0.00340644 -0.00824138 -0.0497382 0.0943771 0.0605519 -0.00477097 0.993682
1305031526.888465 0.00213079 -0.0149367 -0.0603851 0.111067 0.0699084 -0.00964844 0.991304
1305031526.920578 0.0015483 -0.0114165 -0.0720508 0.133199 0.0799871 -0.0131097 0.987769
1305031526.955033 -0.00124705 -0.0130776 -0.0823394 0.15031 0.0896475 -0.0145098 0.984459
1305031526.987606 -0.00528071 -0.014861 -0.0927221 0.168757 0.0980503 -0.0168569 0.980624
1305031527.020791 -0.00956179 -0.0115138 -0.101729 0.183334 0.105321 -0.0168082 0.977248
1305031527.055070 -0.0136186 -0.011552 -0.109721 0.198598 0.112236 -0.0172579 0.97348
1305031527.086965 -0.0121933 -0.0113582 -0.120054 0.212487 0.118007 -0.0171923 0.96986
1305031527.119854 -0.0158202 -0.00882804 -0.125851 0.220676 0.122585 -0.0154701 0.967489
1305031527.155465 -0.018042 -0.00671163 -0.132753 0.2318 0.127677 -0.016721 0.964203
1305031527.186447 -0.0171206 -0.000199316 -0.137335 0.239096 0.131176 -0.014846 0.96198
1305031527.222219 -0.0185539 0.00156489 -0.140136 0.238472 0.133078 -0.0134162 0.961895
1305031527.256275 -0.0190131 0.00782768 -0.138281 0.235728 0.133724 -0.013045 0.962486
1305031527.287060 -0.020579 0.0138491 -0.134309 0.228414 0.133714 -0.00936243 0.964293
1305031527.323213 -0.0224134 0.0183836 -0.130424 0.21952 0.131563 -0.00626014 0.966676
1305031527.355197 -0.0215222 0.0227421 -0.125686 0.21058 0.127954 -0.001511 0.969165
1305031527.388471 -0.0212777 0.0287194 -0.120569 0.202036 0.126282 0.00140475 0.971202
1305031527.422926 -0.0194779 0.0337352 -0.115297 0.192808 0.125956 0.00422021 0.97311
1305031527.455773 -0.0186894 0.0391096 -0.110784 0.183373 0.126356 0.00731064 0.974861
1305031527.486055 -0.0190138 0.0406898 -0.106826 0.173784 0.12605 0.00938985 0.976638
1305031527.522397 -0.0195671 0.0449107 -0.102182 0.164326 0.125673 0.0105832 0.97831
1305031527.554573 -0.0206187 0.0507562 -0.0969783 0.154537 0.126345 0.0115565 0.979807
1305031527.586987 -0.0217954 0.0569422 -0.0915898 0.142256 0.126836 0.0117065 0.9816
1305031527.622793 -0.0237858 0.0606603 -0.085708 0.128553 0.127564 0.0123635 0.983386
1305031527.656028 -0.0281025 0.0674991 -0.0788681 0.114635 0.126651 0.0114966 0.985234
1305031527.688563 -0.0320289 0.0681901 -0.0739975 0.0960329 0.121483 0.0123145 0.98786
1305031527.721751 -0.0337953 0.0673429 -0.0700474 0.0832366 0.113666 0.0136427 0.989932
1305031527.756472 -0.0348743 0.0680398 -0.0668783 0.073393 0.106874 0.0150348 0.991446
1305031527.789333 -0.0397725 0.0726175 -0.0627908 0.0664835 0.102291 0.0160874 0.9924
1305031527.825562 -0.0466761 0.07244 -0.0598982 0.0572954 0.0964512 0.0173452 0.993536
1305031527.857855 -0.0555016 0.073166 -0.056866 0.0523238 0.0881462 0.0179167 0.994571
1305031527.887866 -0.0645355 0.0783042 -0.0529299 0.0466492 0.077041 0.0154694 0.995816
1305031527.922214 -0.0718278 0.0770415 -0.04866 0.0376761 0.0645809 0.0107944 0.997143
1305031527.954490 -0.0849791 0.0710914 -0.0462133 0.0328114 0.0519697 0.00364619 0.998103
1305031527.987977 -0.0954576 0.0747946 -0.0439181 0.0365943 0.035455 -0.0104204 0.998647
1305031528.025614 -0.109039 0.0753723 -0.0422862 0.0362523 0.020303 -0.0255997 0.998808
1305031528.056126 -0.124055 0.0715637 -0.040085 0.0372698 0.00363902 -0.041502 0.998436
1305031528.085297 -0.139436 0.0716193 -0.0400672 0.0429006 -0.0115984 -0.0571151 0.997378
1305031528.124333 -0.153898 0.0722078 -0.0417055 0.0478372 -0.0270039 -0.0720345 0.995888
1305031528.151873 -0.168631 0.0752446 -0.0429401 0.0533184 -0.0428693 -0.0898773 0.9936
1305031528.186872 -0.182122 0.0759886 -0.0453797 0.0562923 -0.0561385 -0.10846 0.990917
1305031528.220887 -0.193982 0.0727619 -0.0495988 0.0609189 -0.0662254 -0.126563 0.987869
1305031528.251953 -0.208339 0.0777575 -0.0534487 0.0709254 -0.0733292 -0.142269 0.984557
1305031528.284263 -0.225094 0.0799993 -0.0608278 0.0767379 -0.0826398 -0.153837 0.981639
1305031528.321639 -0.241034 0.0818895 -0.0663009 0.0846907 -0.101785 -0.166169 0.977167
1305031528.355032 -0.255364 0.0862034 -0.0723694 0.0934583 -0.124067 -0.176267 0.97201
1305031528.384839 -0.274336 0.0887362 -0.0785827 0.0977842 -0.145219 -0.182563 0.967481
1305031528.424006 -0.290848 0.092058 -0.0860803 0.102492 -0.171324 -0.188854 0.961498
1305031528.453962 -0.306214 0.0942416 -0.0956276 0.10503 -0.199306 -0.196057 0.954362
1305031528.490720 -0.318305 0.0988074 -0.101564 0.106192 -0.228082 -0.2011 0.94671
1305031528.524649 -0.312062 0.110212 -0.125296 0.109076 -0.267275 -0.201332 0.936019
1305031528.557069 -0.325045 0.119044 -0.133192 0.109159 -0.296674 -0.206384 0.925999
1305031528.592924 -0.340382 0.124445 -0.141054 0.102326 -0.319822 -0.211046 0.917988
1305031528.623407 -0.354429 0.130361 -0.149337 0.0970368 -0.341395 -0.215048 0.909829
1305031528.654033 -0.364951 0.142361 -0.156324 0.0932091 -0.359582 -0.220461 0.901892
1305031528.692143 -0.373454 0.152412 -0.161294 0.0850156 -0.370749 -0.228081 0.896268
1305031528.725000 -0.380485 0.163685 -0.165939 0.0776412 -0.379107 -0.236047 0.891365
1305031528.756620 -0.385251 0.176631 -0.169758 0.0715174 -0.385223 -0.244299 0.887021
1305031528.792160 -0.389828 0.189503 -0.172626 0.064076 -0.387187 -0.252614 0.884402
1305031528.824057 -0.396542 0.206024 -0.178359 0.0538819 -0.38704 -0.260091 0.882977
1305031528.856114 -0.403569 0.221694 -0.184175 0.0438281 -0.387417 -0.267276 0.881221
1305031528.892684 -0.40981 0.236998 -0.188018 0.0323911 -0.388331 -0.274975 0.878942
1305031528.924061 -0.415365 0.254703 -0.190859 0.0212381 -0.387373 -0.282209 0.87741
1305031528.956027 -0.426325 0.267946 -0.198211 0.00423032 -0.382995 -0.286771 0.8781
1305031528.991870 -0.433489 0.284843 -0.204243 -0.00587981 -0.381665 -0.284557 0.879389
1305031529.024164 -0.440003 0.305345 -0.208264 -0.0179437 -0.377897 -0.282398 0.881546
1305031529.057246 -0.448641 0.32192 -0.212978 -0.0334199 -0.370107 -0.281141 0.884796
1305031529.092696 -0.458324 0.335604 -0.218019 -0.0478088 -0.357742 -0.27347 0.891599
1305031529.124051 -0.468189 0.352151 -0.22467 -0.0578898 -0.342844 -0.262036 0.900247
1305031529.156187 -0.479637 0.368806 -0.232218 -0.0707432 -0.328203 -0.2457 0.909346
1305031529.192085 -0.491669 0.388384 -0.241312 -0.0840073 -0.313386 -0.227013 0.918257
1305031529.224200 -0.503629 0.408492 -0.250445 -0.0992546 -0.298389 -0.211532 0.925401
1305031529.256728 -0.517127 0.42752 -0.259378 -0.112949 -0.283319 -0.204923 0.930043
1305031529.291235 -0.53373 0.444757 -0.269273 -0.127761 -0.264128 -0.202828 0.934224
1305031529.323356 -0.55209 0.459242 -0.279958 -0.140505 -0.244999 -0.198672 0.93849
1305031529.355813 -0.569208 0.475241 -0.290244 -0.152708 -0.229228 -0.196365 0.94105
1305031529.388855 -0.592494 0.483941 -0.302042 -0.167977 -0.217514 -0.195688 0.94137
1305031529.423010 -0.613245 0.494904 -0.312226 -0.169317 -0.214576 -0.197315 0.941465
1305031529.457448 -0.633373 0.504372 -0.321976 -0.169148 -0.210628 -0.200826 0.941644
1305031529.491343 -0.653408 0.512566 -0.331411 -0.166405 -0.204796 -0.202891 0.942976
1305031529.522171 -0.674046 0.517903 -0.340177 -0.163111 -0.199307 -0.207421 0.943742
1305031529.556350 -0.693177 0.524123 -0.348623 -0.154257 -0.191891 -0.209451 0.946315
1305031529.593324 -0.70984 0.53253 -0.355681 -0.146686 -0.184237 -0.20864 0.949215
1305031529.623772 -0.728055 0.539737 -0.361574 -0.146215 -0.177032 -0.205384 0.951366
1305031529.657753 -0.745317 0.544987 -0.365472 -0.148157 -0.170674 -0.199599 0.953457
1305031529.692840 -0.761439 0.550536 -0.368431 -0.151049 -0.163006 -0.190282 0.956246
1305031529.725566 -0.777507 0.55526 -0.370439 -0.155243 -0.155841 -0.181221 0.958526
1305031529.759598 -0.792414 0.559141 -0.371192 -0.158713 -0.148521 -0.175702 0.960146
1305031529.792805 -0.806375 0.559804 -0.37063 -0.163071 -0.136747 -0.171061 0.962001
1305031529.825293 -0.822039 0.556862 -0.369608 -0.162571 -0.123549 -0.167662 0.964467
1305031529.859548 -0.839707 0.558817 -0.369684 -0.154867 -0.109095 -0.160204 0.968736
1305031529.891119 -0.85836 0.558782 -0.369437 -0.154084 -0.0986574 -0.148651 0.971817
1305031529.925850 -0.878761 0.556402 -0.368605 -0.152171 -0.0918487 -0.135837 0.974657
1305031529.960102 -0.899988 0.556855 -0.368314 -0.146904 -0.0873229 -0.123937 0.977463
1305031529.992331 -0.920391 0.55773 -0.368503 -0.145206 -0.0817225 -0.113714 0.979442
1305031530.024225 -0.943328 0.554487 -0.369316 -0.149029 -0.074552 -0.101108 0.980821
1305031530.059982 -0.964958 0.549096 -0.371206 -0.152816 -0.0702163 -0.0872234 0.98189
1305031530.091203 -0.987144 0.544701 -0.375302 -0.155598 -0.066719 -0.0752499 0.982688
1305031530.125990 -1.01144 0.534287 -0.380672 -0.161323 -0.0622685 -0.0606222 0.983068
1305031530.159636 -1.03307 0.525265 -0.387785 -0.158792 -0.060421 -0.0496733 0.984209
1305031530.191494 -1.05427 0.517493 -0.396402 -0.15628 -0.0585294 -0.044885 0.984955
1305031530.224007 -1.07676 0.503602 -0.404835 -0.155171 -0.0554889 -0.039779 0.985526
1305031530.259074 -1.09744 0.492671 -0.415431 -0.146921 -0.0520231 -0.0400584 0.986967
1305031530.292738 -1.11644 0.484116 -0.426979 -0.139616 -0.0474059 -0.0431148 0.98813
1305031530.324398 -1.13626 0.473929 -0.437863 -0.134422 -0.0412554 -0.0434749 0.98911
1305031530.355958 -1.15267 0.46795 -0.449735 -0.127833 -0.0351659 -0.0459492 0.990106
1305031530.391987 -1.17116 0.460793 -0.461006 -0.127529 -0.0271344 -0.0473807 0.990331
1305031530.423101 -1.19109 0.446823 -0.470333 -0.128511 -0.0187408 -0.0458671 0.99047
1305031530.458850 -1.20915 0.435987 -0.481196 -0.123596 -0.0119174 -0.0468756 0.991153
1305031530.492200 -1.22713 0.426317 -0.492901 -0.119238 -0.00528242 -0.0460483 0.991783
1305031530.524323 -1.24346 0.414732 -0.505424 -0.115114 0.00208336 -0.0447638 0.992341
1305031530.558716 -1.25891 0.398194 -0.517367 -0.108615 0.0138123 -0.0448421 0.992976
1305031530.591301 -1.27427 0.380452 -0.531785 -0.0941082 0.0291725 -0.0469065 0.994028
1305031530.623002 -1.2856 0.369101 -0.549759 -0.0764011 0.0458117 -0.0491534 0.994811
1305031530.656445 -1.29613 0.358288 -0.568071 -0.0608909 0.0662452 -0.0504076 0.994667
1305031530.691015 -1.30701 0.347496 -0.586046 -0.0447309 0.0903287 -0.0502195 0.993639
1305031530.723869 -1.31793 0.337417 -0.60662 -0.0241402 0.116066 -0.0476289 0.991805
1305031530.758503 -1.33088 0.342228 -0.627184 -0.00472962 0.141958 -0.0436669 0.988898
1305031530.790818 -1.34658 0.338433 -0.643909 0.00816172 0.168877 -0.0354507 0.984966
1305031530.822584 -1.36702 0.349365 -0.659187 0.0219544 0.193084 -0.0245096 0.98063
1305031530.858371 -1.3905 0.360809 -0.669594 0.0270645 0.212675 -0.0105384 0.976691
1305031530.890688 -1.41088 0.365795 -0.676879 0.0262469 0.22352 0.000471799 0.974346
1305031530.923878 -1.4363 0.366058 -0.678926 0.0301784 0.228237 0.00791355 0.973106
1305031530.959175 -1.46367 0.379867 -0.676531 0.0378607 0.225243 0.0103752 0.973512
1305031530.988081 -1.49083 0.392883 -0.669081 0.0387362 0.215284 0.0113377 0.975717
1305031531.027310 -1.51736 0.403511 -0.657949 0.0363838 0.201409 0.0138136 0.978734
1305031531.058516 -1.5474 0.416819 -0.642337 0.03189 0.187927 0.0178898 0.981502
1305031531.091208 -1.57609 0.430638 -0.62513 0.0227102 0.17245 0.0201647 0.98455
1305031531.126140 -1.60311 0.431622 -0.60539 0.00931836 0.155357 0.0243099 0.987515
1305031531.159520 -1.63179 0.431279 -0.584426 0.00171791 0.140625 0.0302217 0.9896
1305031531.190137 -1.65593 0.440753 -0.565142 -0.00169954 0.124106 0.0327694 0.991726
1305031531.228127 -1.68057 0.449605 -0.545336 -0.00840383 0.107126 0.0361121 0.993554
1305031531.259840 -1.70838 0.450052 -0.522727 -0.0167481 0.0905479 0.0404852 0.994928
1305031531.290185 -1.73757 0.451861 -0.500407 -0.0187614 0.0781898 0.0437531 0.995801
1305031531.327763 -1.76057 0.456145 -0.47951 -0.0174625 0.0670758 0.0451815 0.996571
1305031531.358509 -1.78159 0.461845 -0.459094 -0.016711 0.0602532 0.0435513 0.997093
1305031531.389868 -1.79872 0.461139 -0.440378 -0.0180768 0.0587962 0.0412238 0.997255
1305031531.427177 -1.81601 0.464552 -0.422121 -0.0144108 0.0636159 0.0404284 0.997051
1305031531.459698 -1.83165 0.466381 -0.403383 -0.0136893 0.0719046 0.0415896 0.99645
1305031531.492107 -1.85054 0.46004 -0.383688 -0.0126552 0.0815007 0.0463629 0.995514
1305031531.527542 -1.8688 0.462791 -0.364503 -0.00756971 0.0891626 0.0475896 0.994851
1305031531.560506 -1.8869 0.457583 -0.344775 -0.00791142 0.0943772 0.0529459 0.994096
1305031531.592018 -1.90309 0.453083 -0.32694 -0.00591926 0.0976028 0.0588488 0.993466
1305031531.628037 -1.92088 0.452964 -0.309644 -0.00410689 0.10305 0.0620023 0.992733
1305031531.659769 -1.93791 0.447548 -0.294115 -0.00581746 0.109948 0.0654717 0.991762
1305031531.693140 -1.95622 0.441965 -0.27915 -0.00406769 0.116544 0.069407 0.990749
1305031531.727762 -1.97568 0.441871 -0.263274 -0.00164076 0.120352 0.0687013 0.99035
1305031531.755881 -1.99434 0.436408 -0.249643 -0.00308409 0.124489 0.0670459 0.989948
1305031531.790528 -2.01314 0.434178 -0.235865 0.000372989 0.130347 0.0644438 0.989372
1305031531.826931 -2.03262 0.433037 -0.221467 0.00446324 0.134652 0.063528 0.988844
1305031531.858402 -2.05204 0.441894 -0.206191 0.00723573 0.136831 0.0614886 0.988658
1305031531.893291 -2.068 0.445037 -0.193087 -0.00216 0.13789 0.0624944 0.988472
1305031531.925080 -2.08236 0.445036 -0.181037 -0.0117182 0.1406 0.064458 0.987896
1305031531.959262 -2.09722 0.449473 -0.168548 -0.0197594 0.146348 0.0676123 0.986722
1305031531.990634 -2.11197 0.450439 -0.155362 -0.0296216 0.15321 0.0729898 0.985049
1305031532.027524 -2.12617 0.457331 -0.1428 -0.0361636 0.159863 0.0785485 0.983344
1305031532.059872 -2.14008 0.464845 -0.129442 -0.0461925 0.16724 0.0883362 0.980864
1305031532.092096 -2.15344 0.47163 -0.11535 -0.058473 0.174386 0.101113 0.977725
1305031532.126073 -2.16712 0.477516 -0.100931 -0.0715854 0.181854 0.118023 0.973589
1305031532.159926 -2.17845 0.479781 -0.0869447 -0.0825944 0.187115 0.136591 0.969283
1305031532.195623 -2.19355 0.487471 -0.0719083 -0.0903586 0.192724 0.155471 0.964635
1305031532.227800 -2.20764 0.490267 -0.0566395 -0.100267 0.197758 0.176717 0.958963
1305031532.260079 -2.22192 0.494962 -0.0426264 -0.105784 0.20166 0.194897 0.954022
1305031532.295824 -2.23825 0.499573 -0.028112 -0.112835 0.207092 0.211805 0.94843
1305031532.327833 -2.25516 0.501785 -0.0120258 -0.120111 0.214131 0.228543 0.942066
1305031532.356687 -2.27165 0.501705 0.00415856 -0.12863 0.216591 0.247347 0.935608
1305031532.396584 -2.2869 0.500651 0.0187847 -0.137154 0.213704 0.262797 0.930837
1305031532.424572 -2.30152 0.492858 0.034997 -0.14574 0.207759 0.271866 0.92827
1305031532.461447 -2.30907 0.479363 0.0501068 -0.144871 0.203828 0.274384 0.928536
1305031532.494758 -2.32432 0.469641 0.0647215 -0.131547 0.206465 0.268208 0.931736
1305031532.523363 -2.33964 0.460474 0.0796252 -0.117551 0.210268 0.264429 0.933834
1305031532.558750 -2.35189 0.448233 0.094553 -0.10494 0.211115 0.264039 0.935255
1305031532.594713 -2.36451 0.440126 0.109721 -0.0892701 0.213258 0.260754 0.937315
1305031532.626577 -2.37431 0.436926 0.12199 -0.0813293 0.21689 0.260246 0.937345
1305031532.655415 -2.38056 0.428363 0.135637 -0.0799659 0.226389 0.263623 0.934268
1305031532.692281 -2.38783 0.42205 0.150518 -0.0766369 0.242313 0.267696 0.929381
1305031532.725142 -2.3972 0.41724 0.165576 -0.0783923 0.256709 0.276288 0.922833
1305031532.756518 -2.40173 0.40964 0.180122 -0.0864583 0.266102 0.287006 0.916156
1305031532.793593 -2.40155 0.39867 0.19224 -0.0933378 0.271914 0.298707 0.910014
1305031532.827589 -2.40035 0.390053 0.203976 -0.0922542 0.278977 0.302783 0.906633
1305031532.860360 -2.40114 0.384539 0.21518 -0.0898354 0.290805 0.306841 0.901782
1305031532.894951 -2.39968 0.37743 0.226262 -0.087398 0.305764 0.314872 0.894274
1305031532.927108 -2.39912 0.371571 0.237165 -0.08564 0.318507 0.323769 0.886788
1305031532.958860 -2.39296 0.361603 0.247485 -0.0823325 0.324995 0.338412 0.879248
1305031532.994889 -2.38872 0.3548 0.257983 -0.0736537 0.33207 0.350648 0.872554
1305031533.027007 -2.38351 0.346914 0.267711 -0.0656778 0.339622 0.36402 0.864773
1305031533.059895 -2.37882 0.340943 0.275709 -0.0562932 0.347891 0.374138 0.857802
1305031533.095707 -2.38056 0.340269 0.283361 -0.0520096 0.357601 0.38106 0.851005
1305031533.127261 -2.37285 0.326573 0.289787 -0.055215 0.369244 0.39872 0.837635
1305031533.158865 -2.36451 0.31195 0.290946 -0.0521091 0.377548 0.408617 0.829322
1305031533.194665 -2.36681 0.306256 0.291765 -0.0475219 0.385876 0.403854 0.828096
1305031533.226596 -2.36807 0.298409 0.291262 -0.0499621 0.394278 0.405937 0.822961
1305031533.258719 -2.36074 0.28077 0.286206 -0.0523126 0.402046 0.414131 0.814934
1305031533.294892 -2.365 0.2694 0.281265 -0.0482626 0.409841 0.41159 0.812585
1305031533.326747 -2.36741 0.254817 0.275874 -0.0443043 0.416096 0.415291 0.807735
1305031533.358749 -2.36867 0.237412 0.267631 -0.0382427 0.424095 0.416709 0.80314
1305031533.394869 -2.37407 0.222834 0.259497 -0.0293452 0.432036 0.41614 0.79957
1305031533.428282 -2.38151 0.209773 0.253368 -0.0196075 0.436424 0.415467 0.797832
1305031533.463804 -2.38786 0.195091 0.248629 -0.0108039 0.436962 0.418457 0.796141
1305031533.495077 -2.39632 0.183391 0.245209 0.000153452 0.439802 0.419382 0.794162
1305031533.523787 -2.40414 0.172436 0.240848 0.00731897 0.44166 0.42327 0.791028
1305031533.563866 -2.40971 0.159351 0.235401 0.0161365 0.444388 0.427721 0.786965
1305031533.596729 -2.42044 0.152087 0.236144 0.0257154 0.451747 0.426764 0.78303
1305031533.623714 -2.42945 0.145294 0.234908 0.0303763 0.461386 0.42857 0.776227
1305031533.662973 -2.43879 0.139358 0.236178 0.0351068 0.470889 0.431534 0.768641
1305031533.695127 -2.44831 0.135573 0.239506 0.0364403 0.478295 0.435578 0.761694
1305031533.727956 -2.45306 0.126406 0.241337 0.0315383 0.487803 0.440333 0.7531
1305031533.763534 -2.45811 0.117003 0.244173 0.0277746 0.501225 0.442653 0.743008
1305031533.795519 -2.46752 0.112375 0.253715 0.027602 0.51395 0.443765 0.733598
1305031533.827015 -2.47032 0.100078 0.259784 0.0253297 0.519022 0.450046 0.726246
1305031533.859819 -2.47402 0.08946 0.265251 0.0345029 0.517867 0.452995 0.724858
1305031533.895161 -2.48367 0.0889275 0.275977 0.049483 0.503703 0.450651 0.735356
1305031533.926857 -2.4856 0.074159 0.286068 0.059966 0.482478 0.450533 0.748758
1305031533.961985 -2.49018 0.0663307 0.301697 0.0758197 0.460113 0.444287 0.764955
1305031533.994392 -2.4928 0.0491655 0.321579 0.0871076 0.437873 0.439861 0.779231
1305031534.026608 -2.49324 0.0255035 0.338544 0.0984717 0.419048 0.431859 0.792591
1305031534.062247 -2.49548 0.00777212 0.356596 0.113667 0.404767 0.417638 0.805495
1305031534.094417 -2.49629 -0.00726159 0.36845 0.12595 0.391542 0.408311 0.814931
1305031534.126412 -2.49219 -0.0305965 0.374496 0.138958 0.380898 0.398976 0.822451
1305031534.162210 -2.49603 -0.0397403 0.386196 0.154582 0.383836 0.378099 0.82814
1305031534.191161 -2.49614 -0.0530818 0.392349 0.162974 0.387828 0.369236 0.82867
1305031534.225977 -2.49183 -0.0714491 0.395204 0.172679 0.388702 0.359737 0.830471
1305031534.262752 -2.49397 -0.0735076 0.403195 0.181242 0.388995 0.347529 0.833701
1305031534.295276 -2.49262 -0.0855489 0.408588 0.182487 0.385013 0.345408 0.836156
1305031534.327593 -2.49217 -0.0940376 0.414851 0.186393 0.381931 0.342435 0.837929
1305031534.362839 -2.48928 -0.104991 0.418231 0.189698 0.383646 0.337118 0.838559
1305031534.395128 -2.48412 -0.113565 0.419411 0.194664 0.38561 0.330156 0.83929
1305031534.427890 -2.48051 -0.11973 0.422231 0.199832 0.391026 0.323409 0.838196
1305031534.462407 -2.47107 -0.13576 0.418581 0.205587 0.393851 0.319775 0.836874
1305031534.494488 -2.46748 -0.142136 0.421047 0.21644 0.394195 0.311414 0.837129
1305031534.526222 -2.4639 -0.143402 0.425037 0.221283 0.391692 0.307769 0.838385
1305031534.562364 -2.45838 -0.152249 0.425897 0.225286 0.38593 0.308578 0.839693
1305031534.594279 -2.45364 -0.155137 0.429836 0.233838 0.379574 0.303002 0.842279
1305031534.627133 -2.44834 -0.158163 0.433254 0.237823 0.372742 0.298142 0.84594
1305031534.662781 -2.44461 -0.160908 0.438086 0.238775 0.363545 0.296601 0.850205
1305031534.694710 -2.43954 -0.160728 0.441206 0.238277 0.35459 0.294501 0.854844
1305031534.730855 -2.43382 -0.161638 0.44321 0.239749 0.348762 0.292786 0.857415
1305031534.763129 -2.42974 -0.162131 0.445897 0.240482 0.345301 0.288407 0.860092
1305031534.795824 -2.42337 -0.161505 0.446427 0.238498 0.341955 0.283727 0.863531
1305031534.831135 -2.4184 -0.165218 0.44509 0.238821 0.337709 0.2814 0.86587
1305031534.862751 -2.41358 -0.16936 0.443101 0.240368 0.332112 0.278833 0.868434
1305031534.894919 -2.41015 -0.174235 0.441695 0.24394 0.326734 0.272226 0.871568
1305031534.930974 -2.41303 -0.165177 0.445536 0.24662 0.325569 0.260135 0.874936
1305031534.962776 -2.40879 -0.160815 0.44106 0.245587 0.331086 0.253851 0.875002
1305031534.994599 -2.40692 -0.16382 0.434103 0.249105 0.340083 0.249107 0.871915
1305031535.030642 -2.41061 -0.166467 0.432094 0.254372 0.343862 0.24266 0.870729
1305031535.062210 -2.41413 -0.170186 0.431395 0.256854 0.34023 0.237526 0.872841
1305031535.094542 -2.41674 -0.167618 0.432652 0.255401 0.333282 0.235235 0.87656
1305031535.129807 -2.41823 -0.167905 0.430687 0.256479 0.329934 0.238457 0.876642
1305031535.158853 -2.42194 -0.168534 0.432338 0.25729 0.324704 0.241284 0.877583
1305031535.193991 -2.42508 -0.172757 0.433624 0.256087 0.314726 0.243855 0.880853
1305031535.230011 -2.43125 -0.17161 0.437742 0.254062 0.302481 0.243616 0.885781
1305031535.261725 -2.4298 -0.175856 0.436274 0.25085 0.288922 0.244389 0.890995
1305031535.295784 -2.42893 -0.178565 0.433064 0.248804 0.276722 0.242806 0.895861
1305031535.329773 -2.43104 -0.179979 0.433859 0.246209 0.268657 0.239244 0.899982
1305031535.361759 -2.43236 -0.185393 0.432965 0.243931 0.260435 0.237784 0.903399
1305031535.392026 -2.4352 -0.192154 0.43308 0.240724 0.251335 0.232925 0.908091
1305031535.431010 -2.43449 -0.198209 0.430368 0.238278 0.243242 0.227827 0.912224
1305031535.462732 -2.43419 -0.208336 0.42685 0.237527 0.23535 0.220647 0.916246
1305031535.495467 -2.43865 -0.217351 0.425216 0.239483 0.229173 0.211121 0.919541
1305031535.530835 -2.43922 -0.223068 0.421506 0.242681 0.222727 0.200628 0.92263
1305031535.562308 -2.44388 -0.227129 0.42001 0.246764 0.220012 0.189978 0.924452
1305031535.594713 -2.45169 -0.227231 0.421688 0.246082 0.221442 0.181276 0.926038
1305031535.630819 -2.4585 -0.224627 0.423981 0.242664 0.223518 0.177093 0.92725
1305031535.662546 -2.45888 -0.225612 0.421103 0.240785 0.224697 0.174438 0.927957
1305031535.694763 -2.45887 -0.214065 0.4232 0.237712 0.223899 0.172447 0.929314
1305031535.730877 -2.45782 -0.202939 0.423793 0.231689 0.222997 0.174659 0.930638
1305031535.759227 -2.45471 -0.195408 0.422798 0.225975 0.22224 0.177298 0.931724
1305031535.794599 -2.4496 -0.181145 0.423805 0.219945 0.222502 0.178374 0.932898
1305031535.831105 -2.44359 -0.175146 0.421102 0.213425 0.223738 0.185051 0.932817
1305031535.859528 -2.44091 -0.165441 0.419951 0.210593 0.224457 0.19113 0.932061
1305031535.898883 -2.4373 -0.154336 0.418294 0.206335 0.224466 0.197165 0.931755
1305031535.930685 -2.43061 -0.142822 0.41376 0.203197 0.227025 0.201974 0.930794
1305031535.959567 -2.4268 -0.129373 0.411146 0.197499 0.233937 0.207312 0.929134
1305031535.998988 -2.42471 -0.114213 0.408305 0.188202 0.241585 0.212552 0.927922
1305031536.031463 -2.42122 -0.100589 0.405272 0.176779 0.247651 0.221745 0.926416
1305031536.062243 -2.41771 -0.0882787 0.402784 0.1667 0.254054 0.231424 0.924181
1305031536.099404 -2.41742 -0.0718401 0.401619 0.156184 0.261391 0.240372 0.921685
1305031536.131440 -2.41339 -0.0576618 0.397474 0.14347 0.268588 0.251582 0.918686
1305031536.163367 -2.4091 -0.0434181 0.392014 0.132996 0.278412 0.263684 0.913931
1305031536.199777 -2.40479 -0.0304903 0.386647 0.122275 0.289007 0.275158 0.908742
1305031536.231583 -2.40181 -0.0151039 0.381546 0.112351 0.301111 0.286094 0.902696
1305031536.263219 -2.39599 -0.00107224 0.372488 0.101359 0.312669 0.300454 0.895373
1305031536.299512 -2.3904 0.0123398 0.363609 0.0925354 0.324991 0.316023 0.886537
1305031536.331390 -2.38391 0.0259919 0.352106 0.0856881 0.336281 0.329661 0.878007
1305031536.363006 -2.38088 0.0402256 0.344024 0.0804586 0.347428 0.344317 0.868485
1305031536.399605 -2.37879 0.0499884 0.335703 0.0744408 0.3598 0.360394 0.857391
1305031536.431590 -2.37944 0.0604555 0.328625 0.0713133 0.372953 0.373518 0.846348
1305031536.463554 -2.38134 0.0681514 0.324491 0.0666101 0.386084 0.387347 0.834545
1305031536.499647 -2.38216 0.0752074 0.31799 0.0607742 0.394341 0.398847 0.825665
1305031536.531617 -2.38481 0.0819485 0.312894 0.0579017 0.399987 0.40945 0.817929
1305031536.563087 -2.38907 0.0883215 0.311552 0.0568096 0.402509 0.418208 0.812318
1305031536.599164 -2.39003 0.0960693 0.305595 0.054572 0.400282 0.426064 0.809485
1305031536.631797 -2.39183 0.104428 0.301219 0.0547911 0.400258 0.433734 0.805398
1305031536.663533 -2.39731 0.113125 0.301159 0.054592 0.399729 0.440689 0.801892
1305031536.699497 -2.39947 0.120615 0.297835 0.051653 0.394913 0.446747 0.80112
1305031536.731424 -2.40182 0.131558 0.292571 0.0493943 0.392492 0.447793 0.801867
1305031536.761478 -2.40105 0.142104 0.283966 0.0453595 0.39338 0.447733 0.801705
1305031536.796242 -2.40287 0.149197 0.278706 0.043006 0.395588 0.445605 0.801933
1305031536.828016 -2.40913 0.158363 0.277925 0.0419088 0.39526 0.439352 0.805595
1305031536.859596 -2.41163 0.167205 0.273683 0.0389391 0.393169 0.436283 0.80843
1305031536.895830 -2.41115 0.174994 0.265783 0.0354742 0.391241 0.432091 0.811769
1305031536.927579 -2.4103 0.184807 0.256221 0.0328339 0.391859 0.421814 0.816971
1305031536.962880 -2.41063 0.194701 0.244216 0.0309502 0.395924 0.414329 0.818913
1305031536.996766 -2.4117 0.203256 0.231821 0.030803 0.398314 0.409031 0.820421
1305031537.028058 -2.41313 0.21581 0.218446 0.0311008 0.399844 0.40052 0.823858
1305031537.060447 -2.41245 0.227283 0.20277 0.0295275 0.400693 0.39494 0.826194
1305031537.095829 -2.41227 0.238624 0.186878 0.0281743 0.400033 0.389898 0.828951
1305031537.129621 -2.41104 0.248326 0.170769 0.0261389 0.400877 0.384976 0.830908
1305031537.167541 -2.40776 0.258643 0.149657 0.0239831 0.402564 0.37864 0.833066
1305031537.195643 -2.40397 0.268675 0.1301 0.0223329 0.402024 0.370026 0.837233
1305031537.230153 -2.40032 0.276997 0.11092 0.0209969 0.400203 0.363114 0.841157
1305031537.265688 -2.39573 0.287026 0.0904818 0.0207188 0.39642 0.354291 0.8467
1305031537.298861 -2.3913 0.296427 0.0704984 0.0191523 0.392689 0.346525 0.851674
1305031537.330994 -2.38629 0.302912 0.0495095 0.0167769 0.388758 0.33902 0.856534
1305031537.365736 -2.38199 0.310544 0.0278193 0.0154605 0.383071 0.329693 0.86274
1305031537.395624 -2.3767 0.316416 0.00823877 0.0148474 0.376621 0.318729 0.869683
1305031537.429641 -2.37407 0.324131 -0.00915277 0.0148591 0.36966 0.309526 0.875971
1305031537.464312 -2.36902 0.329694 -0.0271427 0.0130445 0.35922 0.300193 0.883558
1305031537.497527 -2.36336 0.334212 -0.0452846 0.0113021 0.349048 0.289127 0.891316
1305031537.530263 -2.35857 0.344438 -0.0625896 0.0100715 0.340854 0.276775 0.898394
1305031537.564476 -2.35082 0.348941 -0.079341 0.00512205 0.33429 0.269539 0.903091
1305031537.598276 -2.34082 0.347564 -0.0962099 0.00307426 0.32942 0.265195 0.90617
1305031537.630389 -2.33204 0.349895 -0.112896 0.00536632 0.322581 0.259577 0.910238
1305031537.664114 -2.32381 0.352318 -0.128495 0.00789405 0.311714 0.252564 0.91596
1305031537.695278 -2.30987 0.350429 -0.146102 0.0106502 0.301366 0.245912 0.921191
1305031537.728342 -2.29852 0.354344 -0.162499 0.0161709 0.296863 0.234982 0.925416
1305031537.766378 -2.28648 0.355384 -0.177101 0.0200428 0.293166 0.223937 0.929249
1305031537.798725 -2.27265 0.358346 -0.191991 0.0258996 0.288298 0.212986 0.933194
1305031537.830287 -2.26049 0.36323 -0.204687 0.0315765 0.283008 0.20516 0.936386
1305031537.866662 -2.24612 0.364809 -0.217117 0.0348274 0.275955 0.197414 0.940034
1305031537.898536 -2.2306 0.370193 -0.230238 0.0389376 0.270381 0.187378 0.94354
1305031537.930243 -2.21294 0.37798 -0.244006 0.0410645 0.265529 0.178422 0.946559
1305031537.966300 -2.19627 0.384199 -0.256289 0.0405373 0.26037 0.171609 0.949271
1305031537.998327 -2.17638 0.386032 -0.269922 0.0396374 0.255106 0.165436 0.95183
1305031538.030606 -2.15736 0.394218 -0.282201 0.0417977 0.250309 0.158782 0.954142
1305031538.066420 -2.13772 0.395544 -0.293059 0.0391306 0.243884 0.15726 0.956169
1305031538.099117 -2.11773 0.390518 -0.305127 0.0384473 0.235516 0.156224 0.958461
1305031538.130778 -2.09801 0.392376 -0.31607 0.0452928 0.22285 0.157786 0.960932
1305031538.167361 -2.07815 0.390415 -0.328453 0.0467554 0.208867 0.159172 0.96377
1305031538.198836 -2.05564 0.381051 -0.34324 0.0476573 0.197218 0.153985 0.967017
1305031538.231674 -2.03352 0.376086 -0.35887 0.0563673 0.190469 0.14537 0.969233
1305031538.267245 -2.01473 0.374346 -0.372299 0.0654798 0.186306 0.13598 0.970831
1305031538.297169 -1.99687 0.368076 -0.385131 0.0726783 0.180548 0.126188 0.972726
1305031538.329631 -1.97966 0.360382 -0.398413 0.0824631 0.173945 0.115511 0.974474
1305031538.366671 -1.96557 0.35956 -0.409128 0.0934852 0.166552 0.104784 0.975982
1305031538.395653 -1.94712 0.35926 -0.422568 0.102752 0.157284 0.0958062 0.97751
1305031538.434273 -1.93107 0.361745 -0.43376 0.114008 0.149413 0.0905968 0.977993
1305031538.468114 -1.9145 0.363322 -0.445085 0.122726 0.138005 0.083677 0.97923
1305031538.498490 -1.89587 0.371522 -0.457489 0.131043 0.125001 0.0756751 0.980549
1305031538.534659 -1.8783 0.383246 -0.467478 0.135789 0.112803 0.0699398 0.981807
1305031538.566473 -1.85935 0.395148 -0.476798 0.135685 0.101624 0.0617725 0.983589
1305031538.598497 -1.83849 0.416845 -0.484445 0.13379 0.0927293 0.0520001 0.985291
1305031538.634075 -1.81259 0.431253 -0.495881 0.124506 0.0860631 0.0472297 0.98735
1305031538.666052 -1.79225 0.438154 -0.507598 0.119463 0.083547 0.0438328 0.988346
1305031538.698387 -1.78122 0.463758 -0.510866 0.117237 0.0793793 0.0387134 0.989169
1305031538.734584 -1.76584 0.485449 -0.516732 0.101921 0.0686186 0.03898 0.991657
1305031538.766510 -1.74113 0.492948 -0.527858 0.0825316 0.0542499 0.0417603 0.994234
1305031538.798755 -1.72085 0.514884 -0.536945 0.0702659 0.0444974 0.0413859 0.995676
1305031538.832497 -1.69968 0.530755 -0.545519 0.0490787 0.0384878 0.0369903 0.997367
1305031538.867193 -1.67485 0.534992 -0.554389 0.0295559 0.0351619 0.0323959 0.998419
1305031538.899432 -1.65069 0.546979 -0.565074 0.0174454 0.0345235 0.0293998 0.998819
1305031538.936017 -1.6258 0.560718 -0.574881 0.00602194 0.0331472 0.0295855 0.998994
1305031538.967667 -1.60096 0.569065 -0.583695 -0.00640381 0.0310145 0.0302128 0.999042
1305031538.999448 -1.57624 0.576931 -0.591733 -0.0156644 0.0299029 0.0301145 0.998976
1305031539.034977 -1.54962 0.586098 -0.600038 -0.0236715 0.0285216 0.0292113 0.998886
1305031539.067603 -1.52229 0.592655 -0.606946 -0.0313726 0.0271745 0.026472 0.998788
1305031539.099360 -1.49487 0.601544 -0.614056 -0.0373704 0.0249924 0.0224564 0.998736
1305031539.135768 -1.46916 0.610135 -0.618662 -0.0459633 0.0229362 0.0181291 0.998515
1305031539.167546 -1.44208 0.616307 -0.622204 -0.0542055 0.0195253 0.0133868 0.998249
1305031539.199492 -1.41605 0.625964 -0.625004 -0.0635923 0.0143683 0.00881205 0.997834
1305031539.235629 -1.39057 0.632143 -0.625763 -0.0782159 0.00593696 0.00475209 0.996907
1305031539.267760 -1.36393 0.636341 -0.626164 -0.0935503 -0.00694957 -0.00279137 0.995586
1305031539.299592 -1.33566 0.641732 -0.627684 -0.106495 -0.0182474 -0.0126014 0.994066
1305031539.335706 -1.30831 0.646992 -0.628628 -0.123067 -0.0251127 -0.0271403 0.991709
1305031539.367585 -1.28047 0.651339 -0.629781 -0.139651 -0.0288003 -0.04797 0.988619
1305031539.399501 -1.25374 0.653425 -0.630936 -0.155007 -0.0290721 -0.0689253 0.985077
1305031539.435549 -1.2259 0.65498 -0.632119 -0.173744 -0.0284684 -0.0875036 0.980482
1305031539.467525 -1.19687 0.656916 -0.634407 -0.18788 -0.030976 -0.102168 0.976372
1305031539.499639 -1.1731 0.65419 -0.636076 -0.197488 -0.0385518 -0.110587 0.973285
1305031539.535499 -1.14963 0.652019 -0.63849 -0.205746 -0.0501109 -0.117072 0.970284
1305031539.567517 -1.12309 0.648202 -0.640782 -0.212613 -0.0611592 -0.124613 0.967226
1305031539.599060 -1.09844 0.640646 -0.643205 -0.215305 -0.0696086 -0.132413 0.965021
1305031539.635592 -1.07413 0.631764 -0.646018 -0.21547 -0.0782011 -0.143053 0.962805
1305031539.667412 -1.04817 0.621716 -0.647604 -0.215023 -0.0859572 -0.158822 0.959767
1305031539.703794 -1.02482 0.610797 -0.648324 -0.209785 -0.0919835 -0.173484 0.957827
1305031539.735675 -1.00154 0.602989 -0.649894 -0.203033 -0.0996117 -0.185412 0.956283
1305031539.767637 -0.977904 0.596402 -0.650112 -0.199113 -0.109274 -0.1955 0.95404
1305031539.803605 -0.953286 0.590188 -0.648157 -0.197476 -0.118779 -0.206241 0.950978
1305031539.832088 -0.932345 0.583137 -0.64499 -0.195417 -0.129668 -0.214635 0.948119
1305031539.867127 -0.908531 0.580497 -0.641542 -0.193261 -0.14475 -0.224291 0.944135
1305031539.903594 -0.884063 0.575678 -0.635574 -0.194773 -0.158217 -0.23517 0.939003
1305031539.935437 -0.859056 0.571447 -0.628401 -0.197174 -0.170211 -0.248762 0.932882
1305031539.967652 -0.835323 0.563843 -0.619188 -0.199448 -0.177213 -0.264244 0.926818
1305031540.003691 -0.812858 0.555933 -0.610582 -0.195964 -0.181536 -0.275305 0.923499
1305031540.035614 -0.789376 0.548646 -0.601725 -0.191495 -0.186214 -0.285773 0.920319
1305031540.067782 -0.771951 0.536311 -0.593661 -0.186813 -0.186047 -0.29226 0.919278
1305031540.103651 -0.7511 0.525401 -0.585413 -0.17259 -0.190508 -0.297793 0.919369
1305031540.135787 -0.727042 0.516444 -0.577909 -0.158106 -0.194399 -0.299239 0.920689
1305031540.167625 -0.707743 0.503685 -0.571373 -0.147262 -0.192623 -0.297602 0.923387
1305031540.204012 -0.688109 0.491033 -0.56582 -0.132138 -0.188788 -0.292945 0.927945
1305031540.235943 -0.674063 0.477239 -0.563155 -0.118009 -0.184031 -0.285665 0.933061
1305031540.267794 -0.662022 0.466586 -0.562239 -0.0984495 -0.188339 -0.27968 0.936277
1305031540.303627 -0.637969 0.461723 -0.55929 -0.0817351 -0.197612 -0.271095 0.938497
1305031540.335660 -0.624145 0.448444 -0.55764 -0.0713237 -0.201271 -0.262924 0.94089
1305031540.367613 -0.601484 0.440784 -0.554906 -0.0546097 -0.203661 -0.25388 0.943973
1305031540.403545 -0.587518 0.426093 -0.553801 -0.0429382 -0.197746 -0.242163 0.9489
1305031540.435756 -0.572713 0.412883 -0.553773 -0.0275645 -0.196923 -0.229114 0.952874
1305031540.467365 -0.553558 0.406951 -0.554085 -0.0136221 -0.197889 -0.214083 0.956464
1305031540.502953 -0.539664 0.390034 -0.555397 -0.00191215 -0.196049 -0.199202 0.960146
1305031540.535194 -0.518436 0.388771 -0.556485 0.0157692 -0.197188 -0.185359 0.962554
1305031540.563522 -0.500734 0.377167 -0.557391 0.0272969 -0.192743 -0.177251 0.964721
1305031540.603376 -0.482671 0.365675 -0.559444 0.0435464 -0.183178 -0.168972 0.96747
1305031540.635224 -0.46017 0.367453 -0.560102 0.0594384 -0.174965 -0.160343 0.96961
1305031540.667294 -0.441273 0.359891 -0.560356 0.067315 -0.162994 -0.153371 0.972306
1305031540.703386 -0.42067 0.353823 -0.560886 0.0783237 -0.149819 -0.142879 0.975195
1305031540.735694 -0.401468 0.351563 -0.561384 0.0855693 -0.137943 -0.131849 0.977888
1305031540.767548 -0.384115 0.344221 -0.562315 0.0904582 -0.121972 -0.121252 0.980937
1305031540.803232 -0.366826 0.34093 -0.56337 0.0995294 -0.103371 -0.109258 0.983601
1305031540.835181 -0.340418 0.339854 -0.561585 0.10763 -0.0834953 -0.0992241 0.985697
1305031540.871023 -0.325471 0.334699 -0.563909 0.11255 -0.0596911 -0.0884593 0.987899
1305031540.903222 -0.308524 0.332702 -0.5655 0.118983 -0.0397498 -0.0779133 0.989036
1305031540.935050 -0.293266 0.333013 -0.566514 0.125151 -0.0193851 -0.0664196 0.989722
1305031540.971078 -0.283122 0.331572 -0.568999 0.128959 -0.00119973 -0.0522906 0.99027
1305031541.003228 -0.272463 0.324086 -0.573199 0.132569 0.0111386 -0.0407732 0.990272
1305031541.034514 -0.261014 0.322723 -0.57632 0.140753 0.0220731 -0.0306424 0.989324
1305031541.070217 -0.252808 0.317885 -0.578374 0.147635 0.0322201 -0.0171367 0.988368
1305031541.099997 -0.250037 0.318228 -0.577718 0.156255 0.0396961 -0.00827773 0.986884
1305031541.135330 -0.243277 0.317691 -0.577666 0.16047 0.0443925 -0.00333731 0.986036
1305031541.171574 -0.236122 0.314224 -0.577863 0.164291 0.0524562 0.00240008 0.985013
1305031541.202996 -0.237466 0.316289 -0.574166 0.170194 0.0604474 0.00727686 0.983528
1305031541.235198 -0.238697 0.318246 -0.569413 0.168144 0.0611638 0.00857684 0.983826
1305031541.267954 -0.238636 0.317454 -0.56444 0.163586 0.0585766 0.0113751 0.984723
1305031541.301672 -0.240991 0.316705 -0.558147 0.158026 0.0543286 0.0151387 0.985823
1305031541.331852 -0.243214 0.313727 -0.552514 0.152435 0.0473038 0.015845 0.987054
1305031541.371250 -0.247727 0.314072 -0.54511 0.146454 0.0373233 0.0138109 0.988417
1305031541.402022 -0.250292 0.313214 -0.539919 0.138645 0.0268617 0.00991685 0.989928
1305031541.431932 -0.253703 0.309632 -0.534795 0.13123 0.0170275 0.00310637 0.991201
1305031541.471366 -0.259236 0.305333 -0.530554 0.125851 0.0074203 -0.00485744 0.99201
1305031541.501569 -0.267291 0.304288 -0.525015 0.11958 -0.0030048 -0.0167915 0.992678
1305031541.535345 -0.275213 0.302271 -0.520637 0.11191 -0.0138965 -0.0296549 0.993178
1305031541.569819 -0.280441 0.30039 -0.515882 0.104741 -0.0240827 -0.0437908 0.993243
1305031541.603472 -0.289192 0.297507 -0.512798 0.0968759 -0.0344531 -0.0564275 0.993098
1305031541.635279 -0.297336 0.293513 -0.509755 0.0903122 -0.0478282 -0.071067 0.992223
1305031541.671483 -0.304329 0.289407 -0.506418 0.0844078 -0.0617889 -0.0871727 0.990686
1305031541.703527 -0.310659 0.285789 -0.502256 0.0782287 -0.0759436 -0.10744 0.988215
1305031541.734963 -0.317134 0.281227 -0.498364 0.0720204 -0.0892553 -0.130793 0.984754
1305031541.771656 -0.325442 0.280435 -0.495588 0.0661056 -0.101691 -0.159098 0.979784
1305031541.803338 -0.332363 0.276755 -0.491599 0.0587796 -0.109729 -0.195088 0.972854
1305031541.835259 -0.34068 0.273491 -0.488752 0.0489218 -0.114164 -0.228249 0.965648
1305031541.871359 -0.34961 0.268434 -0.487827 0.0412739 -0.124117 -0.254287 0.958243
1305031541.903131 -0.35567 0.266752 -0.485295 0.0376313 -0.139711 -0.27391 0.950809
1305031541.932460 -0.362445 0.264745 -0.482314 0.030273 -0.157978 -0.286972 0.944338
1305031541.969202 -0.372027 0.261855 -0.480137 0.0232072 -0.178121 -0.293163 0.939037
1305031542.000034 -0.37707 0.261093 -0.475763 0.0196051 -0.19924 -0.29516 0.934237
1305031542.032795 -0.382581 0.260362 -0.471552 0.0147797 -0.222639 -0.29814 0.928076
1305031542.069819 -0.384936 0.261958 -0.466126 0.0132126 -0.240016 -0.302738 0.922262
1305031542.102573 -0.384354 0.263155 -0.457964 0.0138892 -0.250371 -0.311737 0.916483
1305031542.139294 -0.385602 0.264712 -0.450248 0.0118187 -0.256611 -0.323024 0.91086
1305031542.170485 -0.392269 0.261053 -0.444251 0.007058 -0.260906 -0.332109 0.906412
1305031542.202214 -0.393909 0.261761 -0.436053 0.00384514 -0.270349 -0.335588 0.902373
1305031542.237243 -0.39674 0.263315 -0.428839 -0.00370416 -0.281702 -0.339669 0.89736
1305031542.269752 -0.397698 0.259873 -0.419338 -0.0090422 -0.292578 -0.34395 0.892197
1305031542.301218 -0.389544 0.261304 -0.405546 -0.011093 -0.300218 -0.34979 0.887352
1305031542.338812 -0.387964 0.256683 -0.39378 -0.0165627 -0.298016 -0.358546 0.884509
1305031542.371582 -0.388344 0.250819 -0.383892 -0.0199749 -0.293038 -0.364102 0.883832
1305031542.403140 -0.385344 0.247666 -0.37267 -0.0246041 -0.291932 -0.364114 0.884077
1305031542.439210 -0.383557 0.243257 -0.36252 -0.0322792 -0.291292 -0.362192 0.88483
1305031542.471527 -0.382096 0.233623 -0.352089 -0.0380179 -0.291494 -0.36001 0.885426
1305031542.503717 -0.377211 0.226692 -0.340653 -0.040497 -0.295107 -0.354379 0.88639
1305031542.539439 -0.369547 0.218117 -0.327517 -0.0446351 -0.298974 -0.348226 0.887334
1305031542.571672 -0.365108 0.206219 -0.316262 -0.0475585 -0.299092 -0.343242 0.889082
1305031542.603499 -0.357327 0.195193 -0.303704 -0.0466342 -0.302079 -0.337242 0.890417
1305031542.639171 -0.346426 0.186449 -0.290181 -0.0483489 -0.305569 -0.329505 0.892029
1305031542.668866 -0.340711 0.174646 -0.279386 -0.0506245 -0.305995 -0.322714 0.894237
1305031542.702239 -0.33049 0.165049 -0.266211 -0.048468 -0.309025 -0.319947 0.894309
1305031542.737961 -0.319422 0.156703 -0.251596 -0.0473021 -0.31119 -0.319623 0.893736
1305031542.771170 -0.311458 0.145202 -0.237526 -0.0498669 -0.309059 -0.319398 0.894416
1305031542.803270 -0.305289 0.134949 -0.225784 -0.050906 -0.309181 -0.319357 0.89433
1305031542.839568 -0.295503 0.128039 -0.21047 -0.0508433 -0.313623 -0.320982 0.892203
1305031542.871198 -0.287185 0.118752 -0.19448 -0.0546358 -0.312748 -0.321829 0.891981
1305031542.903732 -0.279821 0.109138 -0.179134 -0.0576235 -0.310688 -0.322817 0.892156
1305031542.939215 -0.272905 0.10117 -0.163383 -0.0610166 -0.30984 -0.3246 0.891578
1305031542.970866 -0.268945 0.0896494 -0.14821 -0.0657666 -0.311234 -0.325669 0.890364
1305031543.002677 -0.262371 0.0831286 -0.132542 -0.0692058 -0.316371 -0.323606 0.889044
1305031543.039126 -0.258243 0.0740292 -0.116535 -0.0756166 -0.31942 -0.321343 0.888252
1305031543.070710 -0.252741 0.0650673 -0.0999604 -0.0795768 -0.32449 -0.318832 0.886972
1305031543.102755 -0.24533 0.0581427 -0.0825214 -0.0845 -0.328515 -0.318388 0.885193
1305031543.139358 -0.239182 0.048235 -0.0648434 -0.0905946 -0.330083 -0.319543 0.883589
1305031543.170265 -0.232325 0.0389162 -0.0470928 -0.0951859 -0.32997 -0.320962 0.882634
1305031543.200190 -0.228051 0.0274382 -0.0314165 -0.100517 -0.330333 -0.318234 0.882895
1305031543.238701 -0.222314 0.018186 -0.0168376 -0.105202 -0.332153 -0.310119 0.884553
1305031543.270923 -0.217804 0.00726332 -0.00309605 -0.110047 -0.333386 -0.302505 0.886135
1305031543.302962 -0.215114 -0.00423873 0.00793318 -0.10981 -0.335369 -0.296512 0.88744
1305031543.338824 -0.209902 -0.0117301 0.0175402 -0.105792 -0.338891 -0.291094 0.888383
1305031543.370800 -0.207029 -0.0203785 0.0244184 -0.104498 -0.340502 -0.286882 0.88929
1305031543.407586 -0.205947 -0.028964 0.0278603 -0.0988004 -0.343531 -0.286194 0.888998
1305031543.436408 -0.204179 -0.0343975 0.0299723 -0.0920917 -0.348364 -0.286647 0.887691
1305031543.472193 -0.202862 -0.0398349 0.0308269 -0.0870377 -0.35165 -0.285475 0.887282
1305031543.507662 -0.202924 -0.0438499 0.029068 -0.0831621 -0.355383 -0.285125 0.886279
1305031543.539811 -0.205279 -0.0476869 0.0243958 -0.0781421 -0.361718 -0.288769 0.882987
1305031543.572301 -0.206348 -0.0500246 0.0200036 -0.0723772 -0.368116 -0.29219 0.879703
1305031543.607686 -0.211952 -0.0531057 0.0104629 -0.0701719 -0.3703 -0.294391 0.87823
1305031543.639875 -0.216217 -0.052004 0.000126289 -0.0662401 -0.378012 -0.300643 0.873117
1305031543.671696 -0.222786 -0.0558426 -0.0108712 -0.0689976 -0.382507 -0.306458 0.868914
1305031543.707488 -0.231142 -0.0621252 -0.0249538 -0.0676054 -0.383387 -0.307272 0.868348
1305031543.739759 -0.235214 -0.0634008 -0.0391972 -0.0645499 -0.386754 -0.308997 0.866473
1305031543.771875 -0.242968 -0.0679596 -0.0567174 -0.0658266 -0.387629 -0.3087 0.866092
1305031543.807535 -0.249681 -0.0715176 -0.0755645 -0.0649226 -0.39042 -0.303932 0.866593
1305031543.839894 -0.253061 -0.0726754 -0.0922502 -0.0659485 -0.394967 -0.301243 0.865393
1305031543.871869 -0.258053 -0.0771546 -0.110727 -0.0735597 -0.396013 -0.297321 0.865657
1305031543.907474 -0.261562 -0.0817815 -0.129564 -0.0790859 -0.394847 -0.291314 0.867743
1305031543.939753 -0.266322 -0.0855552 -0.151595 -0.0858709 -0.390415 -0.286439 0.870721
1305031543.970786 -0.270475 -0.0910453 -0.173329 -0.0878678 -0.384851 -0.283961 0.873805
1305031544.007529 -0.273378 -0.0973819 -0.194007 -0.0876185 -0.377265 -0.28231 0.877665
1305031544.038948 -0.276015 -0.102383 -0.216462 -0.0832771 -0.365775 -0.279986 0.883675
1305031544.070711 -0.277584 -0.101816 -0.240251 -0.0759414 -0.352225 -0.279123 0.890091
1305031544.106609 -0.282737 -0.102964 -0.265157 -0.0737798 -0.335016 -0.276032 0.897846
1305031544.137311 -0.292592 -0.103976 -0.295373 -0.068054 -0.31942 -0.268355 0.90627
1305031544.171722 -0.296934 -0.0991682 -0.321185 -0.0600978 -0.311791 -0.262244 0.911264
1305031544.206571 -0.304471 -0.0956384 -0.346186 -0.0541527 -0.301283 -0.258021 0.916363
1305031544.238072 -0.310481 -0.089539 -0.370164 -0.044445 -0.289961 -0.256437 0.920971
1305031544.267766 -0.318002 -0.0799348 -0.394802 -0.0365596 -0.27672 -0.255251 0.925708
1305031544.303584 -0.327927 -0.0706415 -0.418632 -0.0279295 -0.262411 -0.256896 0.929712
1305031544.338210 -0.338648 -0.0588428 -0.441805 -0.0190807 -0.249365 -0.258881 0.93297
1305031544.367911 -0.34761 -0.0430846 -0.462569 -0.0129638 -0.239325 -0.260724 0.935189
1305031544.405875 -0.354793 -0.0216761 -0.48004 -0.0130154 -0.228403 -0.264387 0.936889
1305031544.437826 -0.371434 -0.0101752 -0.498725 -0.0213162 -0.214289 -0.267145 0.939287
1305031544.469937 -0.389345 0.00666671 -0.517501 -0.0253361 -0.205893 -0.266033 0.941378
1305031544.505986 -0.406339 0.0220083 -0.533274 -0.0319054 -0.200823 -0.266108 0.942252
1305031544.539003 -0.426845 0.0375227 -0.548535 -0.0359094 -0.198516 -0.267992 0.942063
1305031544.574785 -0.445282 0.0496532 -0.559373 -0.0387175 -0.199535 -0.271386 0.940764
1305031544.607438 -0.460244 0.0677219 -0.569569 -0.039044 -0.202382 -0.272082 0.939941
1305031544.638925 -0.470891 0.0881373 -0.576232 -0.0451897 -0.205302 -0.273527 0.938612
1305031544.675602 -0.491773 0.0995802 -0.584173 -0.0554013 -0.205562 -0.274562 0.937705
1305031544.703615 -0.507862 0.114381 -0.590689 -0.058757 -0.210161 -0.275055 0.936336
1305031544.738977 -0.522706 0.126518 -0.595096 -0.0638973 -0.214638 -0.275149 0.934955
1305031544.775192 -0.540338 0.133343 -0.598312 -0.0654699 -0.216345 -0.276583 0.934029
1305031544.807101 -0.555747 0.143736 -0.600901 -0.0609767 -0.216887 -0.278772 0.933557
1305031544.839027 -0.566197 0.157731 -0.602405 -0.0573861 -0.217721 -0.279286 0.933436
1305031544.875379 -0.578997 0.173784 -0.603325 -0.0594028 -0.217332 -0.280476 0.933044
1305031544.907436 -0.597068 0.181974 -0.603193 -0.0642793 -0.215169 -0.2847 0.931942
1305031544.939009 -0.611737 0.192929 -0.601578 -0.0642344 -0.211663 -0.291812 0.930547
1305031544.975561 -0.629842 0.200444 -0.600153 -0.0674439 -0.204247 -0.298054 0.929999
1305031545.007409 -0.651813 0.206327 -0.600736 -0.0725251 -0.199477 -0.300711 0.929797
1305031545.039484 -0.670365 0.211074 -0.600416 -0.0752633 -0.196318 -0.298072 0.9311
1305031545.075213 -0.688991 0.211446 -0.598695 -0.0750313 -0.190742 -0.296033 0.932927
1305031545.107171 -0.705152 0.215554 -0.596792 -0.0708688 -0.185463 -0.291618 0.935703
1305031545.139414 -0.719464 0.219896 -0.59493 -0.069384 -0.179467 -0.283063 0.939602
1305031545.174984 -0.732914 0.224047 -0.593342 -0.068746 -0.170812 -0.271002 0.944804
1305031545.207672 -0.745468 0.226448 -0.590351 -0.0686767 -0.161851 -0.259733 0.94954
1305031545.239686 -0.764022 0.224847 -0.587716 -0.069177 -0.151611 -0.247278 0.954506
1305031545.275412 -0.781417 0.226911 -0.58542 -0.0626369 -0.143911 -0.234242 0.959425
1305031545.306213 -0.790308 0.235642 -0.583143 -0.0565311 -0.140348 -0.223452 0.9629
1305031545.339544 -0.804904 0.239086 -0.580275 -0.055318 -0.134609 -0.213929 0.965948
1305031545.375555 -0.821411 0.238306 -0.576692 -0.0534175 -0.126887 -0.203194 0.969411
1305031545.407463 -0.838903 0.237756 -0.574102 -0.0488909 -0.119622 -0.189722 0.973296
1305031545.439168 -0.85506 0.238294 -0.57156 -0.0415776 -0.115346 -0.177289 0.976491
1305031545.475453 -0.869684 0.234714 -0.56831 -0.0344843 -0.112749 -0.16838 0.978645
1305031545.507417 -0.885571 0.231096 -0.565486 -0.0201007 -0.111326 -0.158786 0.980811
1305031545.539498 -0.899782 0.235088 -0.563543 -0.00535604 -0.111974 -0.150061 0.982301
1305031545.578088 -0.916967 0.234464 -0.560647 0.00795999 -0.113757 -0.144573 0.982901
1305031545.603778 -0.931109 0.241803 -0.558014 0.0226396 -0.119321 -0.144054 0.982089
1305031545.635945 -0.944983 0.242634 -0.555092 0.0318547 -0.125378 -0.143957 0.981092
1305031545.673535 -0.956386 0.242607 -0.550961 0.0436794 -0.129445 -0.145448 0.979888
1305031545.706561 -0.970258 0.244188 -0.546397 0.0595979 -0.131625 -0.149166 0.978199
1305031545.739007 -0.976035 0.258103 -0.539461 0.0723156 -0.133504 -0.150379 0.9769
1305031545.775565 -0.985872 0.267085 -0.532687 0.073918 -0.133277 -0.151371 0.976658
1305031545.807492 -0.996946 0.27829 -0.524923 0.0740902 -0.135016 -0.154345 0.97594
1305031545.843386 -1.00368 0.290343 -0.516002 0.0711435 -0.136277 -0.156879 0.97558
1305031545.875515 -1.00912 0.301746 -0.506783 0.0628625 -0.133211 -0.159293 0.976181
1305031545.907616 -1.01262 0.3106 -0.49805 0.053066 -0.127053 -0.161816 0.977168
1305031545.943703 -1.01673 0.327108 -0.489418 0.0461831 -0.121365 -0.164256 0.977833
1305031545.975685 -1.02051 0.337914 -0.481299 0.0328117 -0.115226 -0.16593 0.978833
1305031546.007570 -1.02384 0.351371 -0.473756 0.0224206 -0.10895 -0.164228 0.980131
1305031546.043793 -1.02388 0.369472 -0.466931 0.010532 -0.104208 -0.165554 0.980623
1305031546.075425 -1.02286 0.380798 -0.460071 -0.00506265 -0.0933404 -0.165603 0.981752
1305031546.104074 -1.0248 0.390215 -0.454391 -0.0182745 -0.0796508 -0.162752 0.983277
1305031546.143517 -1.0222 0.400833 -0.449518 -0.0275329 -0.0691446 -0.159564 0.984378
1305031546.175972 -1.01908 0.412597 -0.444988 -0.0359191 -0.0578736 -0.15434 0.985667
1305031546.207525 -1.01413 0.424858 -0.440491 -0.0445605 -0.0493849 -0.149512 0.98652
1305031546.243573 -1.01124 0.431879 -0.435408 -0.0533727 -0.0376708 -0.141743 0.987745
1305031546.276113 -1.00633 0.439834 -0.430357 -0.0554429 -0.0273712 -0.13445 0.988989
1305031546.308117 -0.994235 0.45729 -0.426542 -0.0552366 -0.0211322 -0.128068 0.990001
1305031546.343932 -0.990392 0.46463 -0.421524 -0.0624035 -0.0101492 -0.117103 0.991105
1305031546.376105 -0.985374 0.473792 -0.416198 -0.062452 -0.00399753 -0.107394 0.992245
1305031546.407683 -0.976578 0.486333 -0.411142 -0.0611087 -0.00174767 -0.0990497 0.993203
1305031546.443985 -0.972212 0.494674 -0.405188 -0.0625485 0.00148497 -0.0905767 0.993922
1305031546.476002 -0.964667 0.509141 -0.399673 -0.0584623 0.00161337 -0.0849454 0.994668
1305031546.507978 -0.960572 0.519911 -0.393508 -0.0630263 0.00560709 -0.0799634 0.994787
1305031546.544091 -0.956693 0.528138 -0.387881 -0.0632822 0.00829098 -0.075184 0.995125
1305031546.576436 -0.951824 0.543004 -0.383058 -0.0616351 0.0105103 -0.0722553 0.995424
1305031546.604477 -0.950021 0.554565 -0.37746 -0.0663502 0.0148064 -0.0686799 0.99532
1305031546.644231 -0.945601 0.565531 -0.371885 -0.0725993 0.0168206 -0.0646197 0.995123
1305031546.676019 -0.941656 0.574571 -0.366045 -0.0804409 0.0204125 -0.0622099 0.994607
1305031546.707952 -0.937765 0.58191 -0.360184 -0.087081 0.0236056 -0.0607593 0.994066
1305031546.743907 -0.932884 0.591754 -0.354727 -0.0919431 0.0280084 -0.0603408 0.99354
1305031546.775885 -0.930994 0.598876 -0.348814 -0.101942 0.034018 -0.0593156 0.992438
1305031546.808019 -0.929356 0.603257 -0.343244 -0.109358 0.037246 -0.0596783 0.99151
1305031546.844098 -0.927516 0.607179 -0.337876 -0.112868 0.03821 -0.0601574 0.991051
1305031546.876150 -0.926536 0.610542 -0.332984 -0.115944 0.0371682 -0.0595234 0.990774
1305031546.904254 -0.925651 0.610714 -0.328321 -0.117957 0.0356546 -0.0616463 0.990462
1305031546.943871 -0.925696 0.612212 -0.324489 -0.114612 0.0355387 -0.0632402 0.990758
1305031546.975693 -0.925317 0.61574 -0.321044 -0.111705 0.0347038 -0.0653052 0.990986
1305031547.008548 -0.926981 0.615893 -0.317439 -0.113125 0.0334297 -0.0662616 0.990805
1305031547.044236 -0.926368 0.616395 -0.314882 -0.111196 0.0310168 -0.0684914 0.99095
1305031547.074033 -0.925359 0.61566 -0.31267 -0.110778 0.0317152 -0.071106 0.990791
1305031547.109368 -0.924878 0.614143 -0.311168 -0.108152 0.0343371 -0.0730789 0.99085
1305031547.143020 -0.925199 0.612642 -0.3106 -0.103808 0.0366444 -0.0741063 0.991156
1305031547.172567 -0.924796 0.612084 -0.311221 -0.0998515 0.0372969 -0.0735657 0.991578
1305031547.211605 -0.925554 0.610893 -0.312411 -0.0987327 0.0356144 -0.0711608 0.991927
1305031547.244133 -0.926311 0.607952 -0.313991 -0.0977349 0.0326308 -0.0709753 0.992142
1305031547.276566 -0.92668 0.605965 -0.316131 -0.0945493 0.0316489 -0.0713766 0.992454
1305031547.312300 -0.927516 0.605126 -0.318361 -0.0918888 0.0308539 -0.0713637 0.992729
1305031547.344201 -0.929002 0.603861 -0.320821 -0.0898884 0.0302347 -0.0705361 0.992991
1305031547.376783 -0.929427 0.603644 -0.323052 -0.0880845 0.0276896 -0.0696159 0.993292
1305031547.412309 -0.929633 0.602078 -0.324832 -0.0877677 0.0243014 -0.0685174 0.993485
1305031547.444479 -0.93004 0.600677 -0.326183 -0.0866429 0.0216111 -0.0689784 0.993614
1305031547.475653 -0.929459 0.598748 -0.327239 -0.0849278 0.0198719 -0.0705143 0.99369
1305031547.512129 -0.928536 0.598908 -0.327919 -0.0816534 0.0192119 -0.0715267 0.993905
1305031547.543063 -0.928769 0.598589 -0.327821 -0.0813206 0.0199013 -0.0724325 0.993853
1305031547.572452 -0.928282 0.597071 -0.327398 -0.0805244 0.0202708 -0.0728182 0.993883
1305031547.610069 -0.927308 0.598342 -0.327048 -0.0789127 0.0204756 -0.0714979 0.994103
1305031547.643685 -0.927581 0.597035 -0.325826 -0.0813306 0.020486 -0.0708642 0.993954
1305031547.675727 -0.926705 0.596599 -0.325 -0.0801029 0.0207601 -0.0706006 0.994066
1305031547.712359 -0.924638 0.598492 -0.323926 -0.0814117 0.0216625 -0.0708989 0.99392
1305031547.741819 -0.924104 0.594753 -0.322991 -0.0860012 0.0226672 -0.0713162 0.993481
1305031547.773659 -0.922535 0.595201 -0.322788 -0.0831542 0.02311 -0.0717943 0.993678
1305031547.812136 -0.92137 0.595358 -0.322623 -0.0836055 0.0241333 -0.0728554 0.993539
1305031547.844573 -0.920337 0.59399 -0.322476 -0.0839954 0.0255642 -0.073278 0.993439
1305031547.875313 -0.918676 0.594311 -0.322373 -0.0833282 0.0256705 -0.0732607 0.993494
1305031547.912229 -0.917715 0.5933 -0.32222 -0.0848231 0.0253584 -0.0733933 0.993366
1305031547.942674 -0.916814 0.592879 -0.322198 -0.0841514 0.0263784 -0.0726525 0.993451
1305031547.976525 -0.916681 0.593014 -0.322162 -0.0838865 0.0273195 -0.0720171 0.993494
