1305031453.374112 0 0 0 0 0 0 1
1305031453.404816 0.00394104 0.0051737 -0.00954345 -0.000719428 0.00638969 0.0111332 0.999917
1305031453.436941 0.00856835 0.00725826 -0.0188378 -8.08127e-05 0.0100862 0.0201129 0.999747
1305031453.473352 0.0131484 0.0122512 -0.0293453 0.00380182 0.0157348 0.028882 0.999452
1305031453.505218 0.0172715 0.0162201 -0.0413898 0.00763898 0.0220925 0.0387649 0.998975
1305031453.538301 0.0183113 0.0211492 -0.0544 0.0141344 0.0273934 0.047899 0.998376
1305031453.574074 0.0192204 0.028786 -0.0680417 0.022252 0.0301713 0.0546907 0.997799
1305031453.605314 0.0181018 0.0341602 -0.0825448 0.0293319 0.0335385 0.0587148 0.99728
1305031453.636951 0.0131092 0.0390003 -0.0985601 0.0355621 0.0360096 0.0620928 0.996786
1305031453.673185 0.00422741 0.046319 -0.112848 0.0435963 0.034872 0.0610685 0.996571
1305031453.705487 -0.00224551 0.0554507 -0.126828 0.0508448 0.0304002 0.0571613 0.996606
1305031453.736856 -0.0108738 0.0658789 -0.140757 0.0562945 0.0261695 0.0528975 0.996668
1305031453.773786 -0.0248306 0.0715014 -0.153454 0.0603382 0.0204794 0.0459733 0.996908
1305031453.805041 -0.0288835 0.0819402 -0.166728 0.0657968 0.00996007 0.0381684 0.997053
1305031453.840352 -0.0442824 0.0899459 -0.176059 0.0689993 0.00471588 0.0314387 0.99711
1305031453.869618 -0.0602255 0.100538 -0.185265 0.0724654 -0.0047309 0.0246771 0.997054
1305031453.905519 -0.0740916 0.109855 -0.194156 0.0734506 -0.0184071 0.0178213 0.99697
1305031453.940012 -0.0837599 0.11578 -0.200462 0.0713417 -0.0368172 0.0136858 0.996678
1305031453.972592 -0.0963761 0.121215 -0.207571 0.0691511 -0.051798 0.0054716 0.996246
1305031454.003179 -0.1092 0.122648 -0.213845 0.0666542 -0.0628415 -0.00678907 0.995772
1305031454.040976 -0.122211 0.123367 -0.218812 0.0679801 -0.0743726 -0.0162651 0.994778
1305031454.072690 -0.13926 0.129493 -0.221143 0.0697842 -0.0829239 -0.0276646 0.993725
1305031454.104619 -0.154824 0.129755 -0.226398 0.068925 -0.0927719 -0.0404569 0.992475
1305031454.141030 -0.171691 0.131956 -0.22972 0.0718565 -0.104411 -0.0544296 0.99044
1305031454.172688 -0.187837 0.138168 -0.227146 0.0734914 -0.117119 -0.0673019 0.988106
1305031454.204626 -0.201915 0.140426 -0.227925 0.0711092 -0.13197 -0.0809144 0.985383
1305031454.240858 -0.218017 0.132861 -0.232847 0.0696361 -0.146414 -0.0977576 0.981915
1305031454.273489 -0.227377 0.140143 -0.233897 0.0765589 -0.159289 -0.114933 0.977525
1305031454.304744 -0.235478 0.144863 -0.232982 0.0758498 -0.167215 -0.127938 0.974637
1305031454.340806 -0.251683 0.141015 -0.236135 0.0747083 -0.174476 -0.142658 0.971404
1305031454.372652 -0.259142 0.144823 -0.238184 0.0811295 -0.185455 -0.158283 0.966422
1305031454.401962 -0.2683 0.152011 -0.239559 0.0835802 -0.192535 -0.170596 0.962726
1305031454.437248 -0.28355 0.156011 -0.24061 0.0849413 -0.202103 -0.186017 0.957777
1305031454.470741 -0.283204 0.159876 -0.238929 0.087849 -0.213723 -0.200638 0.952024
1305031454.503859 -0.289936 0.164016 -0.240904 0.0891421 -0.217838 -0.217035 0.947363
1305031454.538424 -0.294119 0.172368 -0.240466 0.089725 -0.224168 -0.233218 0.94197
1305031454.570323 -0.300977 0.181263 -0.244153 0.0873079 -0.228881 -0.247125 0.937508
1305031454.602019 -0.309056 0.18882 -0.246718 0.0847989 -0.237285 -0.264413 0.930909
1305031454.639284 -0.309395 0.191914 -0.247567 0.0823888 -0.250588 -0.278183 0.923597
1305031454.669573 -0.308074 0.202164 -0.247102 0.078283 -0.26332 -0.285248 0.918242
1305031454.702030 -0.310223 0.20984 -0.247625 0.0717015 -0.276127 -0.29178 0.91295
1305031454.740764 -0.305413 0.214093 -0.244233 0.0675042 -0.290835 -0.296852 0.907048
1305031454.772865 -0.297241 0.217699 -0.240589 0.0614834 -0.299997 -0.294018 0.905414
1305031454.802574 -0.293757 0.224805 -0.2408 0.0565528 -0.302233 -0.285637 0.907672
1305031454.840500 -0.285692 0.230879 -0.240519 0.05162 -0.304813 -0.279174 0.909113
1305031454.870269 -0.280506 0.237634 -0.239492 0.0463078 -0.302728 -0.272681 0.912062
1305031454.901065 -0.276193 0.249809 -0.239289 0.0448261 -0.297768 -0.26588 0.915769
1305031454.940240 -0.274362 0.258647 -0.241108 0.0413954 -0.291906 -0.259833 0.919546
1305031454.973081 -0.274976 0.269518 -0.244996 0.0388491 -0.285628 -0.253517 0.923383
1305031455.010759 -0.278458 0.279323 -0.250451 0.0361427 -0.280867 -0.247008 0.926712
1305031455.040446 -0.27987 0.292457 -0.253541 0.0369667 -0.279717 -0.243683 0.927907
1305031455.074282 -0.28354 0.300465 -0.256976 0.0357236 -0.276346 -0.241673 0.92949
1305031455.110340 -0.289077 0.311078 -0.262846 0.0386803 -0.271593 -0.240981 0.930951
1305031455.142700 -0.294836 0.32237 -0.266854 0.040483 -0.266705 -0.239646 0.93263
1305031455.172771 -0.303528 0.332462 -0.27243 0.039643 -0.261237 -0.235751 0.935203
1305031455.210307 -0.313405 0.343112 -0.276903 0.0370866 -0.256626 -0.230057 0.937999
1305031455.240960 -0.323023 0.350687 -0.280414 0.0361325 -0.252849 -0.223762 0.940581
1305031455.273001 -0.331555 0.364696 -0.282854 0.0358955 -0.248459 -0.218015 0.943106
1305031455.310303 -0.342456 0.37097 -0.286911 0.0277239 -0.242313 -0.208871 0.947042
1305031455.342381 -0.354166 0.380062 -0.293647 0.0225398 -0.238412 -0.198236 0.950449
1305031455.374120 -0.362417 0.391972 -0.293606 0.0156445 -0.237211 -0.19098 0.952372
1305031455.409213 -0.373683 0.392408 -0.296583 0.00399767 -0.229947 -0.18381 0.955679
1305031455.442380 -0.388173 0.39833 -0.30533 -0.00308923 -0.220937 -0.173211 0.959779
1305031455.473168 -0.400219 0.396181 -0.3147 -0.0100338 -0.216594 -0.164762 0.962206
1305031455.509397 -0.413942 0.402438 -0.323223 -0.0134849 -0.211464 -0.154061 0.965073
1305031455.540835 -0.430362 0.401801 -0.333963 -0.0188264 -0.206278 -0.141757 0.967988
1305031455.572996 -0.448831 0.405242 -0.343842 -0.0207142 -0.204726 -0.12805 0.970186
1305031455.608802 -0.466021 0.411278 -0.355743 -0.0221449 -0.204036 -0.112953 0.972173
1305031455.641333 -0.484179 0.407253 -0.364806 -0.0285027 -0.200964 -0.100199 0.974044
1305031455.672887 -0.502939 0.403993 -0.375771 -0.0272492 -0.197119 -0.0937734 0.975504
1305031455.707680 -0.520208 0.405157 -0.387667 -0.0232616 -0.19394 -0.09457 0.976167
1305031455.742005 -0.536136 0.402299 -0.398907 -0.0216936 -0.190079 -0.0996586 0.976457
1305031455.773667 -0.553608 0.399341 -0.41154 -0.0207469 -0.182806 -0.102917 0.977527
1305031455.809109 -0.571568 0.390415 -0.423877 -0.0210368 -0.176134 -0.102387 0.978801
1305031455.838364 -0.586762 0.39034 -0.437729 -0.0172882 -0.171836 -0.10215 0.979663
1305031455.872220 -0.600218 0.385748 -0.450208 -0.0175244 -0.169353 -0.103328 0.979967
1305031455.908418 -0.615977 0.387584 -0.460434 -0.0150814 -0.164829 -0.103573 0.980753
1305031455.939606 -0.629568 0.382329 -0.470909 -0.0163014 -0.16016 -0.104228 0.981437
1305031455.973594 -0.642775 0.381663 -0.48178 -0.0151205 -0.15534 -0.106814 0.981953
1305031456.008998 -0.653365 0.380536 -0.490245 -0.0164204 -0.150299 -0.109591 0.98241
1305031456.041930 -0.662757 0.385823 -0.497676 -0.0186766 -0.144086 -0.113936 0.982807
1305031456.073846 -0.677853 0.379614 -0.504655 -0.0286781 -0.136731 -0.121143 0.982755
1305031456.108963 -0.693039 0.368097 -0.510388 -0.0367624 -0.130894 -0.126644 0.982587
1305031456.140836 -0.706369 0.361064 -0.516251 -0.0390981 -0.12525 -0.128156 0.983036
1305031456.173198 -0.71718 0.35114 -0.519952 -0.0412117 -0.119482 -0.129327 0.983514
1305031456.208934 -0.729114 0.342611 -0.52266 -0.0372798 -0.110918 -0.127495 0.984912
1305031456.240996 -0.735691 0.348934 -0.524301 -0.0307934 -0.10174 -0.12466 0.986489
1305031456.277928 -0.746269 0.340901 -0.524209 -0.0327156 -0.0901965 -0.122325 0.987841
1305031456.310040 -0.759807 0.332339 -0.523749 -0.0312885 -0.0780502 -0.117584 0.989496
1305031456.341659 -0.771715 0.327037 -0.52197 -0.0269487 -0.0669862 -0.111255 0.991165
1305031456.377115 -0.783985 0.330706 -0.521947 -0.0212072 -0.0537244 -0.104879 0.992806
1305031456.409172 -0.800499 0.320352 -0.51619 -0.0224738 -0.0389518 -0.100882 0.993882
1305031456.440717 -0.816156 0.323546 -0.511108 -0.0142318 -0.0269639 -0.0940964 0.995096
1305031456.476027 -0.831501 0.335268 -0.506254 -0.0106434 -0.0203464 -0.0870818 0.995936
1305031456.508911 -0.847235 0.339035 -0.497687 -0.015637 -0.0185288 -0.0810742 0.996413
1305031456.541832 -0.862253 0.338986 -0.487643 -0.0218465 -0.0184165 -0.0752449 0.996756
1305031456.576087 -0.878253 0.331932 -0.476453 -0.0265458 -0.0156705 -0.0704288 0.99704
1305031456.607930 -0.884548 0.344645 -0.468955 -0.0228863 -0.0128706 -0.0630986 0.997662
1305031456.640699 -0.897392 0.355101 -0.459894 -0.0327677 -0.00600336 -0.0575041 0.997789
1305031456.675835 -0.91481 0.340674 -0.44588 -0.0486147 0.00202666 -0.050713 0.997527
1305031456.709099 -0.931436 0.342031 -0.436227 -0.0468286 0.00762634 -0.0407055 0.998044
1305031456.740863 -0.946646 0.356497 -0.428464 -0.0474281 0.0103088 -0.030765 0.998348
1305031456.777218 -0.963777 0.342789 -0.418429 -0.0579679 0.00894454 -0.0227682 0.998019
1305031456.808986 -0.97716 0.346588 -0.40759 -0.052794 0.00296544 -0.0153579 0.998483
1305031456.841050 -0.984149 0.364614 -0.395602 -0.0491342 -0.0013553 -0.00778985 0.998761
1305031456.878006 -0.995364 0.363885 -0.383257 -0.0565191 0.000590408 -0.000383178 0.998401
1305031456.909883 -1.005 0.359537 -0.371141 -0.0601184 0.00375681 0.00515113 0.998171
1305031456.942298 -1.01652 0.365527 -0.36215 -0.0542127 0.00982704 0.0110913 0.998419
1305031456.977139 -1.02822 0.377862 -0.356641 -0.0530427 0.0159038 0.015539 0.998345
1305031457.006193 -1.04183 0.375047 -0.346946 -0.0621395 0.0219683 0.0182538 0.997659
1305031457.042512 -1.05471 0.375358 -0.341329 -0.0641616 0.0273019 0.0226358 0.997309
1305031457.076011 -1.06734 0.383769 -0.339251 -0.065635 0.0333075 0.0275588 0.996907
1305031457.108053 -1.07952 0.379699 -0.335536 -0.0759585 0.039515 0.0324513 0.995799
1305031457.142120 -1.09094 0.371023 -0.332974 -0.0816 0.0461949 0.0378531 0.994874
1305031457.177463 -1.10456 0.371455 -0.334851 -0.0793729 0.0543201 0.0440396 0.994389
1305031457.209336 -1.11703 0.373399 -0.339093 -0.0778931 0.0615635 0.0495373 0.993825
1305031457.240792 -1.13155 0.36798 -0.342064 -0.0828643 0.0693202 0.0556165 0.99259
1305031457.277247 -1.14539 0.35622 -0.34466 -0.0835032 0.0772432 0.0621656 0.991562
1305031457.309693 -1.15878 0.357265 -0.352931 -0.0747372 0.085495 0.067449 0.991239
1305031457.342954 -1.17503 0.36299 -0.360031 -0.0689662 0.0963875 0.0715634 0.99037
1305031457.376037 -1.19025 0.355179 -0.366806 -0.0706923 0.107979 0.07718 0.988629
1305031457.407980 -1.2074 0.349722 -0.374293 -0.0651814 0.120348 0.0847541 0.986957
1305031457.441357 -1.22606 0.34836 -0.383074 -0.0614069 0.12925 0.0915899 0.985462
1305031457.476577 -1.24285 0.343358 -0.390889 -0.0606991 0.133207 0.0973074 0.98443
1305031457.508603 -1.25831 0.333296 -0.398082 -0.060952 0.135896 0.101044 0.98367
1305031457.543946 -1.27399 0.326858 -0.406335 -0.0569526 0.140315 0.10352 0.983032
1305031457.576581 -1.28929 0.322102 -0.414848 -0.0530998 0.145878 0.10694 0.982071
1305031457.607246 -1.30837 0.319531 -0.421953 -0.0493706 0.151725 0.110223 0.981016
1305031457.643534 -1.32193 0.308121 -0.428689 -0.0502634 0.154101 0.11372 0.980201
1305031457.675414 -1.34188 0.31106 -0.433923 -0.0444367 0.158382 0.117403 0.979366
1305031457.707739 -1.3564 0.303311 -0.438591 -0.0499246 0.159034 0.120512 0.978618
1305031457.745071 -1.36877 0.286275 -0.440956 -0.0541283 0.160626 0.119914 0.978208
1305031457.773518 -1.38425 0.27458 -0.444871 -0.0521755 0.163894 0.118433 0.977952
1305031457.807824 -1.39495 0.255404 -0.448222 -0.0480078 0.168797 0.117278 0.97747
1305031457.842853 -1.41103 0.256576 -0.454835 -0.0362115 0.177474 0.116634 0.976518
1305031457.875920 -1.42645 0.245975 -0.45727 -0.0345012 0.186703 0.116616 0.97486
1305031457.906126 -1.4417 0.226054 -0.455644 -0.0301721 0.195239 0.116635 0.973328
1305031457.942604 -1.46095 0.223427 -0.457307 -0.0156036 0.201191 0.119656 0.972091
1305031457.976744 -1.4832 0.210828 -0.45476 -0.00692777 0.204844 0.124305 0.970845
1305031458.009019 -1.49462 0.198522 -0.451581 -0.0012616 0.207608 0.124512 0.970255
1305031458.046303 -1.50991 0.198988 -0.4488 0.00911446 0.212665 0.124705 0.969092
1305031458.077315 -1.52573 0.200378 -0.440922 0.0150108 0.218567 0.126464 0.967476
1305031458.108896 -1.54036 0.191847 -0.428768 0.0138028 0.224232 0.128378 0.965944
1305031458.144808 -1.55488 0.181399 -0.415848 0.0129227 0.228698 0.129518 0.964757
1305031458.178039 -1.57262 0.178891 -0.401676 0.0147051 0.23169 0.132691 0.963585
1305031458.209384 -1.58948 0.176221 -0.386429 0.0120529 0.23212 0.135646 0.963107
1305031458.245729 -1.60226 0.157638 -0.369598 0.00484343 0.231589 0.135913 0.963261
1305031458.277447 -1.61827 0.1441 -0.352218 0.0066422 0.230362 0.13439 0.963757
1305031458.308343 -1.63227 0.140397 -0.335668 0.0124835 0.226872 0.135147 0.964421
1305031458.343898 -1.64263 0.127627 -0.316831 0.0159169 0.223587 0.135241 0.965125
1305031458.376213 -1.65078 0.12145 -0.303247 0.0254513 0.220136 0.137497 0.965395
1305031458.407856 -1.65926 0.12108 -0.285176 0.0367124 0.219897 0.14173 0.964474
1305031458.443957 -1.65909 0.113343 -0.272253 0.0464644 0.221383 0.149059 0.962607
1305031458.476034 -1.65849 0.106235 -0.256541 0.0610643 0.228723 0.150242 0.959888
1305031458.508869 -1.66712 0.113701 -0.238616 0.0825464 0.240401 0.147228 0.955886
1305031458.544401 -1.67446 0.126707 -0.214737 0.0988483 0.251418 0.143305 0.952093
1305031458.576178 -1.68167 0.130569 -0.189326 0.107804 0.260602 0.136951 0.949584
1305031458.608421 -1.6894 0.148101 -0.162166 0.11762 0.265062 0.132863 0.947763
1305031458.643659 -1.70115 0.158167 -0.134781 0.118318 0.265933 0.13077 0.947723
1305031458.676991 -1.70593 0.158185 -0.11156 0.112173 0.25792 0.128026 0.951054
1305031458.707780 -1.69822 0.155845 -0.0887769 0.107595 0.243699 0.121429 0.956185
1305031458.744924 -1.6986 0.157912 -0.0721636 0.109 0.230685 0.111039 0.960507
1305031458.773802 -1.69666 0.166908 -0.0576398 0.112164 0.214798 0.100704 0.964956
1305031458.810621 -1.69044 0.170838 -0.0435904 0.108722 0.201953 0.0951213 0.968683
1305031458.842919 -1.68018 0.162717 -0.0321931 0.104237 0.193499 0.092167 0.971184
1305031458.875889 -1.67782 0.162493 -0.0245651 0.107388 0.191929 0.087179 0.971613
1305031458.910599 -1.68189 0.167779 -0.014572 0.110561 0.196387 0.085088 0.970551
1305031458.943997 -1.68735 0.166053 -0.00384308 0.10736 0.202541 0.0947568 0.968748
1305031458.976007 -1.69307 0.149553 0.00850146 0.102691 0.208526 0.103685 0.967068
1305031459.012560 -1.7101 0.135786 0.0188065 0.106289 0.213049 0.104477 0.965607
1305031459.044413 -1.72894 0.12571 0.0330431 0.115752 0.210979 0.10817 0.964567
1305031459.073657 -1.75465 0.108681 0.0452717 0.124627 0.20355 0.117427 0.963974
1305031459.112711 -1.7779 0.0943901 0.0572348 0.136337 0.186145 0.124943 0.964962
1305031459.144497 -1.79805 0.0866201 0.0781869 0.147905 0.165785 0.125847 0.966852
1305031459.176463 -1.80425 0.0846662 0.0921898 0.156664 0.144445 0.129391 0.968427
1305031459.208791 -1.81178 0.0813512 0.106695 0.16147 0.129982 0.137183 0.968614
1305031459.244159 -1.81605 0.085279 0.121039 0.164441 0.122479 0.145539 0.967872
1305031459.274941 -1.82052 0.0894451 0.128794 0.163812 0.126166 0.154646 0.966091
1305031459.311921 -1.82408 0.0904315 0.140425 0.16248 0.140839 0.17104 0.961514
1305031459.344169 -1.83058 0.0939154 0.15099 0.165338 0.161445 0.188958 0.954408
1305031459.374084 -1.84235 0.10866 0.155662 0.168855 0.184964 0.208659 0.945377
1305031459.408831 -1.84947 0.124316 0.163956 0.165789 0.21116 0.238034 0.933416
1305031459.443181 -1.85836 0.125335 0.164616 0.160024 0.242592 0.277654 0.915669
1305031459.473401 -1.87357 0.138518 0.165984 0.160373 0.267232 0.308825 0.898607
1305031459.510267 -1.88392 0.144328 0.175135 0.153838 0.284125 0.338697 0.88368
1305031459.544431 -1.89446 0.142119 0.187352 0.146458 0.300837 0.366229 0.868288
1305031459.576817 -1.91265 0.141181 0.198554 0.145631 0.312461 0.384455 0.856361
1305031459.611939 -1.9256 0.140388 0.206625 0.14501 0.316457 0.397812 0.848866
1305031459.643453 -1.9362 0.140767 0.213989 0.144769 0.321485 0.401192 0.84542
1305031459.675678 -1.95158 0.137338 0.224407 0.141917 0.331385 0.403271 0.84108
1305031459.711531 -1.96264 0.123563 0.229232 0.134946 0.340168 0.408408 0.836229
1305031459.743425 -1.97375 0.109006 0.232831 0.130662 0.347298 0.409767 0.833308
1305031459.776577 -1.98838 0.0940723 0.240433 0.129973 0.353905 0.407425 0.831783
1305031459.812562 -2.01021 0.0829557 0.255592 0.131641 0.359696 0.404098 0.830659
1305031459.844736 -2.02464 0.0697031 0.265796 0.128737 0.360727 0.402419 0.831482
1305031459.877006 -2.03339 0.0540408 0.2743 0.124075 0.357648 0.404882 0.832324
1305031459.911472 -2.04111 0.0379796 0.281728 0.121135 0.35484 0.408342 0.832269
1305031459.943616 -2.04854 0.0233673 0.292748 0.120275 0.353849 0.411661 0.83118
1305031459.979430 -2.05555 0.00998636 0.30166 0.118316 0.352674 0.415407 0.830096
1305031460.011909 -2.05964 -0.00656071 0.307809 0.115313 0.351777 0.41994 0.828617
1305031460.043717 -2.06465 -0.0219236 0.315402 0.114844 0.352737 0.422897 0.826768
1305031460.079449 -2.07096 -0.0395069 0.323226 0.116431 0.350645 0.427909 0.824855
1305031460.111951 -2.07471 -0.056342 0.332021 0.121221 0.344375 0.435945 0.822596
1305031460.144204 -2.07755 -0.0702578 0.339035 0.127723 0.336483 0.443699 0.820729
1305031460.178730 -2.07814 -0.0814887 0.351119 0.132358 0.329347 0.450346 0.819268
1305031460.208637 -2.07431 -0.0917115 0.353851 0.132035 0.324733 0.455361 0.81839
1305031460.243467 -2.06988 -0.102986 0.353874 0.131394 0.326728 0.457922 0.816267
1305031460.279164 -2.06939 -0.113561 0.357753 0.131521 0.334739 0.457619 0.813164
1305031460.311712 -2.06682 -0.123926 0.361233 0.131074 0.342486 0.458016 0.80978
1305031460.342879 -2.067 -0.134833 0.366554 0.130448 0.35118 0.459934 0.805057
1305031460.377806 -2.06568 -0.145579 0.373688 0.127515 0.360897 0.462576 0.799698
1305031460.409883 -2.0611 -0.157266 0.376737 0.124258 0.369535 0.46775 0.79323
1305031460.444036 -2.05743 -0.164277 0.381332 0.122399 0.379338 0.471455 0.786671
1305031460.479856 -2.06121 -0.174314 0.388311 0.118376 0.392611 0.476751 0.77753
1305031460.508966 -2.05746 -0.183564 0.393505 0.1116 0.402832 0.48462 0.768385
1305031460.544245 -2.05369 -0.196398 0.397945 0.103873 0.411949 0.492163 0.759792
1305031460.579561 -2.05307 -0.208503 0.402904 0.0974234 0.421489 0.494593 0.753813
1305031460.612190 -2.05133 -0.218922 0.408488 0.0936911 0.429858 0.496326 0.748401
1305031460.644011 -2.05131 -0.230308 0.414357 0.0906532 0.438018 0.497174 0.743465
1305031460.679350 -2.05294 -0.241589 0.425551 0.0878421 0.445677 0.496822 0.739475
1305031460.711684 -2.05173 -0.251138 0.433186 0.0837611 0.448947 0.497915 0.737232
1305031460.743767 -2.04857 -0.263344 0.439714 0.0785978 0.452791 0.49855 0.735017
1305031460.779201 -2.04757 -0.275586 0.448951 0.0745991 0.458148 0.497748 0.732654
1305031460.811318 -2.04539 -0.284627 0.45726 0.070656 0.460788 0.496634 0.732145
1305031460.843836 -2.04226 -0.293978 0.466031 0.0643459 0.463935 0.495196 0.731714
1305031460.879093 -2.03709 -0.306389 0.476337 0.0555001 0.468792 0.493768 0.730306
1305031460.911313 -2.03236 -0.318735 0.486683 0.0481768 0.47263 0.493339 0.728641
1305031460.943375 -2.02475 -0.329538 0.492363 0.0432945 0.473077 0.495422 0.727242
1305031460.979083 -2.01536 -0.343335 0.496612 0.0400473 0.474685 0.497326 0.725077
1305031461.011290 -2.00916 -0.354239 0.502615 0.040753 0.477584 0.497769 0.722827
1305031461.043398 -2.00334 -0.365593 0.511479 0.0424459 0.480529 0.497985 0.720625
1305031461.079602 -1.99816 -0.372662 0.520249 0.0432469 0.48091 0.497362 0.720754
1305031461.111961 -1.98906 -0.380811 0.523535 0.0406879 0.47917 0.497405 0.722031
1305031461.144098 -1.97896 -0.393471 0.528044 0.0384971 0.480233 0.49667 0.721951
1305031461.179883 -1.97133 -0.400073 0.535765 0.0398855 0.482366 0.492961 0.722995
1305031461.211180 -1.96562 -0.4059 0.540144 0.0404127 0.483691 0.490119 0.724012
1305031461.246864 -1.95873 -0.412314 0.545263 0.0405901 0.485056 0.48759 0.724796
1305031461.278888 -1.9528 -0.416876 0.549872 0.0413247 0.486203 0.482989 0.727063
1305031461.311240 -1.94663 -0.418324 0.554534 0.0421571 0.488154 0.477817 0.729122
1305031461.346875 -1.9429 -0.417448 0.562882 0.0404394 0.492233 0.473254 0.729454
1305031461.378850 -1.9325 -0.42167 0.567901 0.0330862 0.492976 0.473579 0.729111
1305031461.411130 -1.92221 -0.426766 0.570339 0.0277848 0.492728 0.474235 0.729074
1305031461.447015 -1.91736 -0.426841 0.574954 0.0259437 0.493392 0.474236 0.728692
1305031461.478901 -1.90604 -0.431056 0.572481 0.0207389 0.491499 0.477052 0.7283
1305031461.512120 -1.89954 -0.43372 0.570963 0.0211327 0.492091 0.476995 0.727926
1305031461.547338 -1.89602 -0.429098 0.565809 0.0231582 0.492472 0.473882 0.729638
1305031461.578847 -1.89307 -0.427087 0.563404 0.021542 0.497332 0.470298 0.728708
1305031461.609662 -1.89138 -0.42312 0.561087 0.0196526 0.503088 0.468055 0.726252
1305031461.646970 -1.88769 -0.418515 0.556439 0.017059 0.506467 0.468443 0.723714
1305031461.676203 -1.88771 -0.411388 0.555872 0.0165288 0.509747 0.470218 0.720264
1305031461.711212 -1.88414 -0.405087 0.550656 0.0153203 0.509399 0.47569 0.716936
1305031461.746919 -1.88455 -0.39575 0.545745 0.0153993 0.509778 0.479221 0.714309
1305031461.778616 -1.88547 -0.384844 0.540859 0.0145088 0.51063 0.482167 0.711732
1305031461.811319 -1.88613 -0.372465 0.534998 0.0138085 0.512074 0.486167 0.707977
1305031461.847090 -1.89157 -0.358602 0.530912 0.0154116 0.515392 0.490635 0.702432
1305031461.879162 -1.89941 -0.342122 0.532592 0.0176163 0.518188 0.497858 0.695204
1305031461.911121 -1.90125 -0.330705 0.529557 0.0151697 0.515953 0.508729 0.689026
1305031461.947264 -1.90257 -0.315242 0.517682 0.0123966 0.51239 0.516271 0.686125
1305031461.979223 -1.91366 -0.299033 0.524389 0.00986974 0.519681 0.518036 0.679318
1305031462.011791 -1.92009 -0.287722 0.525272 0.00496868 0.520491 0.526819 0.671957
1305031462.047463 -1.92318 -0.280484 0.524359 0.00172254 0.515514 0.539663 0.665588
1305031462.079285 -1.92948 -0.265672 0.521854 0.00586337 0.507899 0.551168 0.661981
1305031462.112081 -1.93446 -0.254642 0.520488 0.00637558 0.502275 0.560349 0.65855
1305031462.147634 -1.93932 -0.247909 0.519331 0.00421194 0.498632 0.567886 0.654869
1305031462.179358 -1.94576 -0.238828 0.518983 0.00233224 0.496549 0.570514 0.654177
1305031462.212836 -1.95415 -0.231301 0.521406 -0.00235691 0.496587 0.57019 0.65443
1305031462.248986 -1.96021 -0.226349 0.525067 -0.0092311 0.496297 0.570183 0.654596
1305031462.280774 -1.96759 -0.219835 0.527151 -0.0151798 0.493869 0.568963 0.657376
1305031462.311931 -1.97433 -0.21328 0.528992 -0.0223444 0.490853 0.566263 0.661748
1305031462.347816 -1.98261 -0.20611 0.53456 -0.0296443 0.490193 0.562014 0.665562
1305031462.379950 -1.99235 -0.200888 0.54203 -0.0388626 0.488324 0.557354 0.670362
1305031462.413016 -1.99962 -0.195121 0.547253 -0.0474635 0.48303 0.555668 0.675027
1305031462.448295 -2.00972 -0.188843 0.551835 -0.0552509 0.476614 0.55262 0.681467
1305031462.480843 -2.01761 -0.182168 0.552988 -0.0636536 0.467472 0.551348 0.688065
1305031462.517041 -2.02743 -0.177236 0.557004 -0.0708623 0.461352 0.548456 0.693779
1305031462.548959 -2.03417 -0.172526 0.553349 -0.0757101 0.451564 0.546113 0.701511
1305031462.581088 -2.04298 -0.164357 0.549862 -0.0787311 0.445827 0.538813 0.710437
1305031462.617123 -2.05312 -0.157842 0.546445 -0.0818634 0.442843 0.529587 0.718837
1305031462.648708 -2.06092 -0.152002 0.539973 -0.0841144 0.439927 0.520935 0.726647
1305031462.680788 -2.07062 -0.147728 0.536346 -0.0844702 0.439183 0.511212 0.733925
1305031462.716812 -2.0819 -0.14084 0.532127 -0.0842676 0.435364 0.500788 0.743349
1305031462.748732 -2.09302 -0.132123 0.524341 -0.0846673 0.428177 0.490425 0.754307
1305031462.780885 -2.10198 -0.124333 0.516283 -0.0856512 0.42243 0.483073 0.76214
1305031462.816821 -2.11356 -0.113217 0.50734 -0.0855446 0.417234 0.476442 0.769156
1305031462.848525 -2.12301 -0.0968311 0.496263 -0.0855234 0.411176 0.470279 0.776182
1305031462.880471 -2.12875 -0.0846802 0.482538 -0.085758 0.408136 0.46757 0.77939
1305031462.916800 -2.13377 -0.0744202 0.467948 -0.0859098 0.406036 0.465426 0.78175
1305031462.947939 -2.13881 -0.0661058 0.454774 -0.0848067 0.40366 0.46382 0.784052
1305031462.979943 -2.14068 -0.0546623 0.440842 -0.0810589 0.399504 0.459661 0.78901
1305031463.016121 -2.14327 -0.0468323 0.424697 -0.0758588 0.395658 0.454455 0.794463
1305031463.050783 -2.1498 -0.0382368 0.409257 -0.0710385 0.39155 0.446241 0.801568
1305031463.076870 -2.15409 -0.0250802 0.39492 -0.0679495 0.386313 0.436737 0.809571
1305031463.116806 -2.1531 -0.0157246 0.378933 -0.065722 0.382764 0.42872 0.815703
1305031463.148565 -2.15772 -0.0087412 0.364011 -0.0626265 0.381935 0.418792 0.821472
1305031463.180505 -2.16376 -3.77123e-05 0.349528 -0.0615824 0.381191 0.410054 0.826291
1305031463.217123 -2.16023 0.00731018 0.334557 -0.0638592 0.377207 0.405887 0.829995
1305031463.248719 -2.15834 0.0145346 0.319374 -0.0603205 0.376295 0.401778 0.832669
1305031463.278737 -2.15951 0.0278132 0.307687 -0.0546857 0.376391 0.395606 0.835964
1305031463.317110 -2.15575 0.035737 0.292777 -0.0556478 0.37192 0.391387 0.839878
1305031463.348740 -2.15029 0.0414121 0.279073 -0.0523451 0.367516 0.389309 0.842989
1305031463.380514 -2.14795 0.0567353 0.266242 -0.044635 0.363112 0.384327 0.847615
1305031463.416326 -2.14393 0.0670822 0.254158 -0.0437315 0.359649 0.37987 0.85114
1305031463.444773 -2.1373 0.0799083 0.240483 -0.0422506 0.357006 0.37708 0.853565
1305031463.480415 -2.12944 0.0890256 0.22355 -0.0432734 0.354964 0.376196 0.854754
1305031463.516994 -2.11831 0.100154 0.209547 -0.0434798 0.355983 0.374018 0.855275
1305031463.548505 -2.114 0.107566 0.195924 -0.0413598 0.359873 0.372737 0.854312
1305031463.580684 -2.10832 0.115862 0.182827 -0.0397805 0.358899 0.373369 0.85452
1305031463.616671 -2.09476 0.119965 0.164456 -0.0410437 0.35424 0.373068 0.856534
1305031463.646147 -2.08371 0.126117 0.147807 -0.0354602 0.354238 0.370822 0.857758
1305031463.683908 -2.0786 0.135567 0.129416 -0.0287308 0.354323 0.366917 0.859652
1305031463.716110 -2.0665 0.140065 0.108198 -0.0296598 0.351368 0.364153 0.862006
1305031463.747849 -2.04993 0.137843 0.0836664 -0.0307858 0.350204 0.360559 0.863948
1305031463.783912 -2.03942 0.140822 0.0644071 -0.0258105 0.352532 0.353718 0.86599
1305031463.815883 -2.02803 0.142237 0.0428041 -0.0268737 0.35258 0.343849 0.869904
1305031463.848094 -2.01408 0.139456 0.0184761 -0.0290691 0.352015 0.334669 0.873635
1305031463.883817 -2.00543 0.139168 -0.00227089 -0.0271838 0.353698 0.325165 0.876599
1305031463.917433 -1.99852 0.137875 -0.0215618 -0.0261415 0.354256 0.317344 0.879268
1305031463.944435 -1.98619 0.13441 -0.0417787 -0.0256168 0.350155 0.313276 0.882379
1305031463.983748 -1.97978 0.128818 -0.0623316 -0.0240958 0.348158 0.305923 0.885786
1305031464.015867 -1.97335 0.127605 -0.0825347 -0.0216582 0.345324 0.298045 0.889636
1305031464.047778 -1.96496 0.122098 -0.102723 -0.0227029 0.343287 0.289731 0.893137
1305031464.083152 -1.9578 0.114902 -0.1234 -0.022512 0.343862 0.280572 0.895841
1305031464.115837 -1.95747 0.107289 -0.13929 -0.0210044 0.346044 0.273234 0.897305
1305031464.147663 -1.95317 0.0998684 -0.154853 -0.0174837 0.343523 0.270184 0.89927
1305031464.183566 -1.95029 0.091147 -0.174718 -0.00953634 0.337857 0.267016 0.902476
1305031464.212447 -1.94985 0.0868102 -0.190722 0.000846113 0.331063 0.261485 0.906654
1305031464.247602 -1.95198 0.0851819 -0.205084 0.0102489 0.320744 0.258252 0.911221
1305031464.283694 -1.94823 0.0860977 -0.217204 0.0163881 0.305819 0.254716 0.917238
1305031464.315699 -1.93685 0.0864548 -0.2357 0.0191474 0.289303 0.24973 0.92389
1305031464.347553 -1.9242 0.0841286 -0.251763 0.0216489 0.276989 0.243909 0.929148
1305031464.383465 -1.91146 0.0861031 -0.273593 0.0262162 0.267727 0.236419 0.933671
1305031464.415539 -1.90175 0.087674 -0.293173 0.0280956 0.264158 0.226535 0.937077
1305031464.444269 -1.89256 0.0850563 -0.310968 0.0280132 0.262118 0.217218 0.939854
1305031464.487561 -1.88347 0.0844721 -0.331112 0.0299869 0.259349 0.210634 0.942057
1305031464.513688 -1.87767 0.0852991 -0.351242 0.0307922 0.258539 0.202737 0.943985
1305031464.548007 -1.86799 0.0835239 -0.37103 0.0286545 0.256518 0.193981 0.94644
1305031464.584260 -1.84547 0.066634 -0.402425 0.0229823 0.253853 0.184343 0.949236
1305031464.615688 -1.83671 0.0596885 -0.427078 0.0264722 0.261578 0.172644 0.949247
1305031464.648851 -1.82829 0.0565032 -0.446913 0.0333286 0.273486 0.159906 0.947905
1305031464.684318 -1.81757 0.0369851 -0.469755 0.0373208 0.284156 0.14415 0.947145
1305031464.716305 -1.81851 0.0354074 -0.478499 0.0518305 0.295191 0.123813 0.945963
1305031464.748588 -1.81948 0.0360025 -0.483851 0.0645107 0.299746 0.102807 0.946267
1305031464.784268 -1.81545 0.0337616 -0.492023 0.0712364 0.297252 0.0830641 0.948508
1305031464.816195 -1.81401 0.0235058 -0.490491 0.0771366 0.290314 0.0674117 0.951432
1305031464.848283 -1.8058 0.0261654 -0.491976 0.0853809 0.275365 0.0523695 0.956107
1305031464.884177 -1.79132 0.0305489 -0.497639 0.085871 0.257698 0.0342595 0.961792
1305031464.916391 -1.773 0.0219637 -0.498381 0.0799627 0.243514 0.0150725 0.966478
1305031464.952471 -1.75284 0.0100671 -0.499513 0.0767543 0.233692 -0.0043673 0.969267
1305031464.984257 -1.73202 0.00732598 -0.504905 0.0790685 0.228312 -0.0235008 0.970087
1305031465.015390 -1.71688 0.00986959 -0.497386 0.0816687 0.226961 -0.0447574 0.969441
1305031465.048430 -1.70645 0.0180535 -0.483722 0.0854745 0.224132 -0.064434 0.968663
1305031465.083338 -1.69075 0.048769 -0.466048 0.0889314 0.21429 -0.0793084 0.969475
1305031465.115475 -1.67065 0.0713748 -0.459778 0.0767199 0.199652 -0.0949926 0.972229
1305031465.151558 -1.65219 0.0760117 -0.446134 0.0580003 0.186814 -0.103862 0.975166
1305031465.183558 -1.63223 0.0784643 -0.430284 0.042634 0.174872 -0.110395 0.977453
1305031465.215832 -1.60811 0.0939841 -0.419586 0.0327215 0.162873 -0.114565 0.979427
1305031465.251788 -1.59147 0.0995448 -0.408331 0.0203453 0.153471 -0.117061 0.980984
1305031465.283737 -1.57094 0.107049 -0.396734 0.0142848 0.143101 -0.109825 0.983492
1305031465.315985 -1.54888 0.12153 -0.388633 0.0116186 0.1297 -0.0964764 0.98678
1305031465.351729 -1.53298 0.127792 -0.380896 0.00699496 0.115358 -0.0838815 0.989751
1305031465.383701 -1.50932 0.133362 -0.377596 0.00736184 0.0966599 -0.0719399 0.992687
1305031465.416543 -1.48048 0.142105 -0.37954 0.0108554 0.0785718 -0.0620255 0.994918
1305031465.452401 -1.45615 0.15616 -0.381892 0.0156306 0.0649142 -0.0510306 0.996463
1305031465.483803 -1.43462 0.177823 -0.382978 0.019685 0.0534034 -0.0398483 0.997583
1305031465.516043 -1.41091 0.183137 -0.386856 0.0167853 0.0419967 -0.0341904 0.998391
1305031465.551838 -1.38663 0.190872 -0.391742 0.0201667 0.0312807 -0.0287925 0.998892
1305031465.583570 -1.35985 0.2069 -0.399514 0.0277392 0.0221337 -0.0217546 0.999133
1305031465.615685 -1.34025 0.223062 -0.407144 0.0339048 0.0172286 -0.0137042 0.999183
1305031465.651645 -1.31912 0.23808 -0.413565 0.0394144 0.00827173 -0.0045528 0.999178
1305031465.684759 -1.29137 0.255252 -0.420295 0.0462022 -0.00306715 0.00303077 0.998923
1305031465.716279 -1.2672 0.272572 -0.427725 0.0536567 -0.0095983 0.00953564 0.998468
1305031465.753153 -1.24288 0.29455 -0.433202 0.0632962 -0.0155738 0.0190398 0.997692
1305031465.784387 -1.21889 0.315714 -0.438769 0.0706843 -0.0210453 0.026121 0.996935
1305031465.816591 -1.19491 0.33302 -0.443392 0.078549 -0.0257236 0.0323602 0.996053
1305031465.852860 -1.16936 0.355159 -0.449005 0.0897005 -0.0300936 0.0373886 0.994812
1305031465.884370 -1.14465 0.384642 -0.45438 0.0983477 -0.0304451 0.0399375 0.993884
1305031465.912828 -1.12045 0.401572 -0.45924 0.102267 -0.0254751 0.0424119 0.993526
1305031465.952840 -1.09889 0.422162 -0.464161 0.111924 -0.0187851 0.0428952 0.992613
1305031465.984183 -1.07876 0.446204 -0.468516 0.121186 -0.0135104 0.0402264 0.991722
1305031466.016599 -1.0627 0.469639 -0.470318 0.128191 -0.0106617 0.0387136 0.990936
1305031466.052655 -1.04708 0.500211 -0.472784 0.132454 -0.0100385 0.0391998 0.990363
1305031466.083913 -1.03206 0.521375 -0.477498 0.12925 -0.0112053 0.0419707 0.99066
1305031466.116400 -1.01903 0.542157 -0.483427 0.125285 -0.015118 0.0415123 0.991137
1305031466.152540 -1.00895 0.558629 -0.49259 0.119936 -0.0194145 0.0431181 0.991655
1305031466.184186 -0.995996 0.579258 -0.5017 0.115216 -0.0278962 0.0457715 0.991893
1305031466.220477 -0.981003 0.594153 -0.511542 0.105751 -0.0379546 0.0428531 0.992744
1305031466.252491 -0.961096 0.599307 -0.523873 0.0976119 -0.0448945 0.036224 0.993551
1305031466.284389 -0.944964 0.609262 -0.540912 0.0978296 -0.0426347 0.0265823 0.993934
1305031466.320055 -0.928657 0.62394 -0.554873 0.0996316 -0.0354524 0.0160293 0.994263
1305031466.352082 -0.914572 0.638685 -0.566014 0.0977579 -0.0265235 0.00824336 0.994823
1305031466.384479 -0.902007 0.638437 -0.580783 0.0924574 -0.0207891 0.00406162 0.995491
1305031466.420844 -0.888225 0.646921 -0.593939 0.096558 -0.0212565 0.00094381 0.9951
1305031466.452369 -0.873727 0.662995 -0.605113 0.1007 -0.0255371 -0.00359356 0.994583
1305031466.483315 -0.854163 0.674123 -0.613565 0.0985742 -0.0316183 -0.00610798 0.994609
1305031466.519548 -0.830705 0.678484 -0.622548 0.0945058 -0.0341768 -0.00657127 0.994916
1305031466.552219 -0.810603 0.688783 -0.629279 0.0933417 -0.031766 -0.00784988 0.995096
1305031466.584438 -0.785725 0.702423 -0.635487 0.0887207 -0.0334755 -0.0103212 0.99544
1305031466.620424 -0.763257 0.703877 -0.639243 0.0802281 -0.0332378 -0.0141224 0.996122
1305031466.648654 -0.746413 0.703691 -0.645326 0.0805583 -0.0291672 -0.0171694 0.996175
1305031466.684412 -0.725973 0.719638 -0.650515 0.0862248 -0.0295332 -0.0242459 0.995543
1305031466.719744 -0.702605 0.728252 -0.655299 0.0824589 -0.0336 -0.0339237 0.99545
1305031466.748734 -0.680564 0.723478 -0.659552 0.0782344 -0.0351095 -0.0423 0.995418
1305031466.784300 -0.665138 0.729601 -0.66502 0.0837559 -0.0347375 -0.0488216 0.994683
1305031466.819502 -0.646371 0.742006 -0.670284 0.0865818 -0.0388147 -0.0536308 0.994043
1305031466.851527 -0.632296 0.73964 -0.676486 0.081577 -0.0434861 -0.0541902 0.994242
1305031466.883430 -0.61807 0.743716 -0.680387 0.0837688 -0.0523888 -0.054224 0.993629
1305031466.919411 -0.602817 0.747828 -0.686586 0.0855154 -0.0656526 -0.0569607 0.992538
1305031466.952451 -0.58557 0.749254 -0.692917 0.0855574 -0.0776541 -0.0588325 0.991559
1305031466.984027 -0.564318 0.752665 -0.696678 0.0871846 -0.0860731 -0.0615482 0.990556
1305031467.020424 -0.548685 0.752789 -0.701752 0.086945 -0.0901443 -0.0661017 0.989922
1305031467.052391 -0.528988 0.756546 -0.704833 0.0879802 -0.0950536 -0.0692397 0.989156
1305031467.084130 -0.512651 0.758383 -0.70864 0.0865017 -0.0968404 -0.0737236 0.988789
1305031467.120528 -0.499646 0.758488 -0.712247 0.085205 -0.0981894 -0.0824478 0.98808
1305031467.152363 -0.486789 0.75937 -0.715869 0.0861275 -0.100519 -0.0915579 0.986963
1305031467.184216 -0.47238 0.761502 -0.71898 0.0875889 -0.104681 -0.0975897 0.985823
1305031467.220466 -0.458006 0.763461 -0.72224 0.0885203 -0.111165 -0.102924 0.984486
1305031467.252275 -0.443745 0.763501 -0.726343 0.0893732 -0.117038 -0.108447 0.983135
1305031467.284258 -0.429543 0.765749 -0.729192 0.0917034 -0.122446 -0.114369 0.981589
1305031467.318028 -0.414991 0.769914 -0.733091 0.0940346 -0.128099 -0.120326 0.979934
1305031467.349355 -0.398424 0.775748 -0.739211 0.0937345 -0.134614 -0.123349 0.978712
1305031467.383844 -0.382756 0.779317 -0.741903 0.0897087 -0.142123 -0.127878 0.977446
1305031467.420160 -0.368691 0.780243 -0.744773 0.0864336 -0.148596 -0.132676 0.976138
1305031467.452057 -0.35531 0.779709 -0.750593 0.085126 -0.154643 -0.134866 0.975013
1305031467.484357 -0.33776 0.783879 -0.757094 0.083027 -0.16204 -0.138743 0.973447
1305031467.520535 -0.32101 0.786945 -0.758771 0.0788633 -0.16737 -0.146017 0.971827
1305031467.552164 -0.306829 0.783877 -0.760377 0.076126 -0.16951 -0.149693 0.971114
1305031467.584354 -0.292953 0.783519 -0.761967 0.0764503 -0.170924 -0.150025 0.97079
1305031467.618680 -0.279104 0.777062 -0.762546 0.075337 -0.175118 -0.148195 0.97041
1305031467.651977 -0.267566 0.77058 -0.76262 0.0792207 -0.180541 -0.14572 0.969482
1305031467.686044 -0.253229 0.769338 -0.763132 0.0846149 -0.185239 -0.146005 0.968096
1305031467.718326 -0.240489 0.76207 -0.756236 0.0878116 -0.188765 -0.150209 0.966485
1305031467.752580 -0.229412 0.753352 -0.750866 0.0927354 -0.191363 -0.153605 0.96498
1305031467.788562 -0.219873 0.747021 -0.744055 0.0977343 -0.194254 -0.156496 0.963443
1305031467.820454 -0.209662 0.735265 -0.73519 0.100737 -0.197751 -0.157946 0.962185
1305031467.852678 -0.202511 0.724501 -0.724075 0.106728 -0.202163 -0.156102 0.960922
1305031467.888472 -0.191874 0.716083 -0.712746 0.112669 -0.209896 -0.155425 0.958693
1305031467.920800 -0.18236 0.706123 -0.699157 0.116343 -0.218676 -0.158 0.955867
1305031467.952485 -0.178121 0.691514 -0.684958 0.120339 -0.224349 -0.159965 0.953728
1305031467.988523 -0.167936 0.68512 -0.670063 0.125884 -0.228664 -0.161662 0.951699
1305031468.020491 -0.158447 0.672194 -0.652785 0.125135 -0.231453 -0.165198 0.950516
1305031468.052668 -0.15478 0.65141 -0.639956 0.125169 -0.233101 -0.168142 0.949592
1305031468.088379 -0.149295 0.645007 -0.623749 0.130224 -0.236727 -0.169941 0.947693
1305031468.120522 -0.14027 0.627487 -0.607292 0.128389 -0.241168 -0.17204 0.946444
1305031468.152356 -0.134264 0.611266 -0.593413 0.128304 -0.243601 -0.174517 0.945378
1305031468.188327 -0.125675 0.596632 -0.579088 0.128435 -0.245774 -0.178136 0.944122
1305031468.220648 -0.118677 0.577286 -0.56478 0.125733 -0.246651 -0.179628 0.943975
1305031468.252517 -0.108053 0.555029 -0.550738 0.123095 -0.247701 -0.179236 0.944122
1305031468.288361 -0.100231 0.536173 -0.540276 0.121396 -0.246781 -0.179327 0.944565
1305031468.320522 -0.0948892 0.513135 -0.53081 0.119832 -0.244917 -0.178593 0.945389
1305031468.352594 -0.0887961 0.491408 -0.525975 0.120799 -0.24264 -0.175385 0.946453
1305031468.384700 -0.0815958 0.475955 -0.5162 0.119961 -0.242423 -0.173399 0.946981
1305031468.420595 -0.0765682 0.452596 -0.510563 0.113855 -0.242547 -0.173909 0.94761
1305031468.452605 -0.0722365 0.43201 -0.505021 0.110786 -0.243056 -0.172445 0.94811
1305031468.488646 -0.0669944 0.412922 -0.499565 0.107836 -0.243174 -0.172235 0.948458
1305031468.520786 -0.0669391 0.388915 -0.498188 0.10436 -0.240777 -0.176962 0.948588
1305031468.552701 -0.0688558 0.364342 -0.497347 0.106378 -0.239608 -0.184722 0.94718
1305031468.588614 -0.0702513 0.350843 -0.497634 0.111158 -0.239546 -0.191538 0.945291
1305031468.620590 -0.0734857 0.334421 -0.495071 0.107101 -0.240373 -0.194629 0.944918
1305031468.656644 -0.0801682 0.310971 -0.494599 0.10152 -0.242495 -0.196372 0.944631
1305031468.688643 -0.088388 0.291168 -0.49504 0.103177 -0.24701 -0.19937 0.942652
1305031468.720560 -0.0919195 0.272353 -0.493993 0.105919 -0.25307 -0.200812 0.940432
1305031468.756725 -0.0964927 0.255884 -0.492005 0.107083 -0.258028 -0.201224 0.938863
1305031468.788562 -0.100876 0.23651 -0.489765 0.108496 -0.26123 -0.203969 0.937221
1305031468.817997 -0.109148 0.219597 -0.490607 0.114828 -0.261778 -0.210416 0.934886
1305031468.854887 -0.110554 0.211231 -0.487258 0.120289 -0.26274 -0.215072 0.932868
1305031468.889220 -0.112619 0.201087 -0.482016 0.119554 -0.2601 -0.218504 0.932905
1305031468.920539 -0.117393 0.189929 -0.480234 0.115952 -0.254387 -0.218141 0.935017
1305031468.956482 -0.120372 0.187574 -0.477233 0.111781 -0.248661 -0.21447 0.93791
1305031468.986011 -0.121277 0.195614 -0.469469 0.104163 -0.245416 -0.21571 0.939356
1305031469.020731 -0.128681 0.184568 -0.463574 0.0848169 -0.241911 -0.222773 0.940562
1305031469.056318 -0.136056 0.172538 -0.460309 0.0684627 -0.238616 -0.22989 0.941024
1305031469.088069 -0.135361 0.167977 -0.449952 0.0577565 -0.238856 -0.238514 0.939533
1305031469.119984 -0.137393 0.156587 -0.439821 0.0448611 -0.234364 -0.250817 0.938164
1305031469.155046 -0.141019 0.150016 -0.430635 0.0342931 -0.225561 -0.258822 0.938593
1305031469.184648 -0.144752 0.142388 -0.420347 0.0255924 -0.216386 -0.265062 0.939289
1305031469.219541 -0.154689 0.138715 -0.413259 0.0198693 -0.206722 -0.269405 0.940368
1305031469.256002 -0.158488 0.135959 -0.401572 0.0151404 -0.203483 -0.272932 0.940145
1305031469.288263 -0.163111 0.13215 -0.390857 0.00968212 -0.199012 -0.276424 0.940154
1305031469.319772 -0.16582 0.134491 -0.37946 0.00555369 -0.195091 -0.277688 0.940637
1305031469.356116 -0.163836 0.133369 -0.365111 -0.000417752 -0.192603 -0.280546 0.940318
1305031469.388556 -0.167449 0.128848 -0.351778 -0.004914 -0.182799 -0.286183 0.940564
1305031469.420278 -0.171427 0.1346 -0.341192 -0.00303432 -0.169728 -0.291533 0.941377
1305031469.456563 -0.177293 0.138708 -0.328845 -0.00315114 -0.15805 -0.298486 0.941231
1305031469.488520 -0.182538 0.144188 -0.316216 -0.00333676 -0.150621 -0.303394 0.940879
1305031469.520417 -0.185527 0.153118 -0.301802 -0.00484114 -0.149212 -0.304095 0.940871
1305031469.556139 -0.184978 0.159933 -0.288591 -0.0100093 -0.150835 -0.304449 0.940457
1305031469.588500 -0.184338 0.166581 -0.274202 -0.0177866 -0.152232 -0.30336 0.940469
1305031469.620563 -0.185074 0.178143 -0.260744 -0.0252571 -0.151155 -0.302834 0.940641
1305031469.656279 -0.189642 0.187455 -0.245716 -0.0319197 -0.14743 -0.302284 0.941207
1305031469.687925 -0.191675 0.196184 -0.233103 -0.0363849 -0.143864 -0.301286 0.941916
1305031469.718943 -0.194406 0.207759 -0.219998 -0.0404755 -0.13952 -0.299853 0.94286
1305031469.756754 -0.197843 0.218654 -0.207559 -0.046282 -0.135215 -0.296858 0.944166
1305031469.784733 -0.203105 0.23584 -0.196178 -0.0506455 -0.131993 -0.292982 0.945608
1305031469.820544 -0.206631 0.248916 -0.185316 -0.0559787 -0.133009 -0.289367 0.946278
1305031469.854359 -0.214536 0.264453 -0.176285 -0.0619615 -0.133393 -0.285974 0.946882
1305031469.885343 -0.223283 0.278369 -0.167821 -0.0679349 -0.133557 -0.283558 0.947176
1305031469.921773 -0.231864 0.295273 -0.159741 -0.0712932 -0.134216 -0.279445 0.948058
1305031469.953180 -0.241898 0.310059 -0.153194 -0.0736898 -0.136071 -0.277119 0.948293
1305031469.985327 -0.251979 0.324013 -0.147319 -0.0759201 -0.137865 -0.275677 0.948278
1305031470.024714 -0.263937 0.340287 -0.142879 -0.0777836 -0.138467 -0.27437 0.948418
1305031470.057400 -0.278413 0.354355 -0.140376 -0.0808567 -0.136874 -0.275188 0.948156
1305031470.088874 -0.29034 0.368707 -0.139253 -0.0828935 -0.135962 -0.273464 0.94861
1305031470.124820 -0.301101 0.38165 -0.137619 -0.0867896 -0.135837 -0.272029 0.948692
1305031470.156744 -0.314605 0.399639 -0.13649 -0.0886288 -0.134417 -0.268782 0.949649
1305031470.188876 -0.327008 0.412284 -0.137779 -0.0917817 -0.135199 -0.266014 0.950018
1305031470.224776 -0.339646 0.426539 -0.139523 -0.0945634 -0.134661 -0.263072 0.950641
1305031470.253015 -0.351374 0.439294 -0.140149 -0.0990218 -0.1341 -0.25993 0.95113
1305031470.287867 -0.362834 0.452296 -0.142421 -0.103748 -0.132865 -0.257893 0.951354
1305031470.324266 -0.375814 0.46543 -0.1433 -0.109914 -0.131524 -0.255012 0.951624
1305031470.356871 -0.389003 0.476581 -0.143962 -0.116387 -0.131246 -0.250716 0.952035
1305031470.388056 -0.401495 0.488745 -0.147184 -0.120376 -0.131763 -0.247498 0.952309
1305031470.424090 -0.413832 0.498937 -0.148794 -0.122061 -0.133324 -0.248678 0.95157
1305031470.455875 -0.427019 0.508009 -0.151713 -0.122835 -0.133824 -0.248787 0.951372
1305031470.487958 -0.439875 0.516506 -0.154983 -0.122345 -0.134431 -0.247566 0.951667
1305031470.524431 -0.451903 0.524568 -0.158134 -0.122021 -0.134796 -0.247089 0.951782
1305031470.556484 -0.462854 0.532036 -0.160389 -0.122649 -0.134562 -0.24731 0.951677
1305031470.588797 -0.474555 0.538306 -0.161419 -0.124479 -0.133669 -0.245081 0.952141
1305031470.624535 -0.484705 0.545552 -0.162826 -0.126065 -0.132813 -0.241734 0.952908
1305031470.656787 -0.495762 0.551888 -0.163859 -0.128264 -0.131816 -0.237477 0.953822
1305031470.688640 -0.505802 0.557472 -0.164718 -0.130952 -0.132072 -0.233837 0.954321
1305031470.724461 -0.516834 0.561959 -0.16459 -0.132062 -0.131963 -0.232615 0.954482
1305031470.755944 -0.52596 0.563258 -0.166381 -0.134351 -0.129521 -0.231334 0.954808
1305031470.788407 -0.533185 0.568766 -0.166272 -0.135475 -0.125792 -0.226334 0.956345
1305031470.820633 -0.541776 0.573112 -0.166655 -0.133266 -0.124021 -0.222467 0.957793
1305031470.855509 -0.552322 0.573687 -0.167629 -0.1308 -0.123365 -0.218648 0.959096
1305031470.886079 -0.562221 0.576766 -0.170268 -0.126263 -0.123212 -0.213577 0.960865
1305031470.924410 -0.570722 0.577833 -0.171298 -0.122842 -0.126365 -0.209555 0.961784
1305031470.956439 -0.583108 0.57729 -0.17397 -0.116274 -0.127637 -0.207602 0.962856
1305031470.988276 -0.593522 0.574865 -0.177992 -0.109795 -0.12829 -0.205548 0.963969
1305031471.024309 -0.604634 0.569829 -0.180989 -0.105443 -0.126133 -0.203442 0.965186
1305031471.056616 -0.615672 0.565991 -0.184539 -0.0989139 -0.122249 -0.199373 0.967224
1305031471.088440 -0.622368 0.56668 -0.187869 -0.0892045 -0.122084 -0.192274 0.969623
1305031471.123837 -0.630284 0.566299 -0.190793 -0.0825018 -0.122015 -0.185741 0.971497
1305031471.155886 -0.637129 0.565979 -0.194195 -0.0764524 -0.121677 -0.179021 0.973294
1305031471.192698 -0.643625 0.566411 -0.196602 -0.0725828 -0.119127 -0.172885 0.975013
1305031471.224404 -0.651457 0.566713 -0.198454 -0.0716489 -0.115001 -0.167633 0.976494
1305031471.256397 -0.657435 0.566854 -0.199307 -0.0714592 -0.112767 -0.16387 0.977407
1305031471.288603 -0.665343 0.563874 -0.200015 -0.072501 -0.109744 -0.160126 0.978294
1305031471.324440 -0.668894 0.562923 -0.201004 -0.0695562 -0.107496 -0.156103 0.979407
1305031471.356569 -0.672025 0.563593 -0.203545 -0.0668032 -0.101462 -0.153762 0.980612
1305031471.392751 -0.67966 0.560263 -0.205303 -0.0680801 -0.0924163 -0.149679 0.982049
1305031471.424494 -0.686905 0.560117 -0.208268 -0.0646438 -0.0872393 -0.142869 0.983768
1305031471.456975 -0.690595 0.560515 -0.211055 -0.0626284 -0.0871925 -0.136754 0.984771
1305031471.492705 -0.694268 0.560259 -0.212633 -0.0633477 -0.0870113 -0.132885 0.98527
1305031471.524343 -0.698813 0.559852 -0.21518 -0.0639803 -0.0858827 -0.12863 0.985893
1305031471.556561 -0.702331 0.559533 -0.217918 -0.0645159 -0.0843425 -0.126059 0.986323
1305031471.592606 -0.704695 0.558539 -0.220821 -0.0653154 -0.0811344 -0.123871 0.986817
1305031471.624486 -0.7082 0.558188 -0.223978 -0.0651222 -0.0758442 -0.122279 0.987449
1305031471.656831 -0.711607 0.557168 -0.227182 -0.0645715 -0.0703818 -0.120094 0.988157
1305031471.693182 -0.713319 0.559345 -0.230482 -0.0612606 -0.0662884 -0.115556 0.989191
1305031471.724753 -0.715455 0.561445 -0.233269 -0.0603197 -0.0621462 -0.110404 0.990106
1305031471.753002 -0.716139 0.559744 -0.234747 -0.0628697 -0.0585286 -0.105137 0.990741
1305031471.792706 -0.717029 0.56382 -0.237311 -0.0602141 -0.0526406 -0.0976311 0.992004
1305031471.823821 -0.718874 0.567945 -0.239119 -0.0607703 -0.0468941 -0.0902428 0.992957
1305031471.855793 -0.721052 0.567994 -0.239803 -0.065884 -0.0428215 -0.0836405 0.993393
1305031471.892838 -0.722869 0.573172 -0.240766 -0.0670019 -0.0386525 -0.0769153 0.994033
1305031471.924928 -0.725137 0.576108 -0.240032 -0.0716383 -0.0335107 -0.072019 0.994263
1305031471.957162 -0.728652 0.573751 -0.239751 -0.0768431 -0.0261644 -0.0705894 0.994197
1305031471.993177 -0.730406 0.581663 -0.241046 -0.0727637 -0.0193833 -0.0671768 0.994895
1305031472.024660 -0.735286 0.586039 -0.240847 -0.077372 -0.0117193 -0.0634964 0.994909
1305031472.058063 -0.739189 0.584475 -0.239583 -0.0835483 -0.00655505 -0.061133 0.994605
1305031472.092883 -0.742949 0.588612 -0.239884 -0.0823911 -0.00159551 -0.0563233 0.995006
1305031472.124760 -0.747806 0.594442 -0.239188 -0.0839327 0.0027578 -0.0519519 0.995112
1305031472.156982 -0.752731 0.590743 -0.23738 -0.0913043 0.00475551 -0.0502831 0.994541
1305031472.192890 -0.757008 0.589211 -0.237303 -0.0909706 0.00638767 -0.0471478 0.994716
1305031472.224678 -0.759292 0.592753 -0.23788 -0.0860839 0.00704688 -0.0435299 0.995312
1305031472.256642 -0.762031 0.589367 -0.237794 -0.0863477 0.00864723 -0.0423229 0.995328
1305031472.293139 -0.763731 0.587506 -0.238378 -0.081325 0.0103186 -0.040964 0.995792
1305031472.324844 -0.766485 0.591536 -0.239938 -0.0728769 0.0125474 -0.0387405 0.996509
1305031472.360912 -0.767812 0.592256 -0.241144 -0.0708503 0.0129117 -0.0371708 0.996711
1305031472.392956 -0.770931 0.589372 -0.241017 -0.0724296 0.0128573 -0.0355189 0.996658
1305031472.424694 -0.770764 0.585979 -0.241562 -0.0722653 0.00964343 -0.0345176 0.996741
1305031472.460919 -0.770713 0.583325 -0.242025 -0.0708556 0.00775501 -0.0357393 0.996816
1305031472.492972 -0.769921 0.582412 -0.242787 -0.0698062 0.00823066 -0.0365313 0.996857
1305031472.524781 -0.770383 0.576703 -0.241727 -0.0719051 0.0106409 -0.0360986 0.996701
1305031472.561296 -0.769542 0.570785 -0.242288 -0.0700438 0.0101868 -0.0345523 0.996893
1305031472.592968 -0.768582 0.570603 -0.243793 -0.0639286 0.00897455 -0.0320008 0.997401
1305031472.624647 -0.767058 0.567756 -0.243785 -0.063206 0.00775029 -0.0296179 0.997531
1305031472.660836 -0.76556 0.563495 -0.243191 -0.0637572 0.00681149 -0.028486 0.997536
1305031472.693008 -0.764017 0.559536 -0.242606 -0.0629704 0.00588103 -0.0267884 0.997638
1305031472.724752 -0.76265 0.555609 -0.241779 -0.0614423 0.00504477 -0.0262325 0.997753
1305031472.760654 -0.760815 0.554566 -0.241211 -0.0580662 0.0046357 -0.0274939 0.997923
1305031472.792775 -0.759987 0.550285 -0.240421 -0.0574679 0.00555342 -0.0291503 0.997906
1305031472.824692 -0.758736 0.546289 -0.239178 -0.0562253 0.00590997 -0.0291324 0.997975
1305031472.860936 -0.758559 0.545229 -0.238196 -0.0535061 0.00619566 -0.0287706 0.998134
1305031472.892944 -0.75831 0.544773 -0.237238 -0.0521878 0.0052773 -0.0264992 0.998272
1305031472.924814 -0.75682 0.542039 -0.235436 -0.0534767 0.00339335 -0.0247186 0.998257
1305031472.961213 -0.756351 0.54101 -0.234414 -0.0533518 0.00320728 -0.0233367 0.998298
1305031472.992815 -0.756196 0.540775 -0.233336 -0.0535128 0.00285873 -0.0223188 0.998314
1305031473.024564 -0.756377 0.540216 -0.232286 -0.054252 0.00164883 -0.0220375 0.998283
1305031473.060795 -0.755524 0.538872 -0.231424 -0.0554601 0.000370221 -0.0227658 0.998201
1305031473.092012 -0.754794 0.538137 -0.230886 -0.0554337 0.000481075 -0.0248201 0.998154
1305031473.124072 -0.754796 0.536796 -0.230078 -0.05585 0.00137907 -0.0266634 0.998082
1305031473.158420 -0.756622 0.535712 -0.229875 -0.0556453 0.00234533 -0.0272003 0.998077
1305031473.190828 -0.75636 0.534941 -0.22988 -0.054625 0.00149729 -0.0277593 0.99812
