1305031526.688356 0 0 0 0 0 0 1
1305031526.721587 0.00206162 -0.00255163 -0.00538148 0.0120587 0.0111692 0.00221688 0.999862
1305031526.755957 0.00511796 -0.00433465 -0.0135676 0.0278102 0.0230304 0.00242578 0.999345
1305031526.788681 0.00695709 -0.0110099 -0.0214299 0.0436173 0.0355208 0.00224973 0.998414
1305031526.822643 0.000873231 -0.0169987 -0.0358217 0.0706565 0.0514082 -0.00253102 0.996172
1305031526.856844 -0.00205089 -0.00413608 -0.048537 0.0959182 0.0622957 -0.00494977 0.993426
1305031526.888465 -0.00183091 -0.0106644 -0.0574422 0.112813 0.0709989 -0.00955318 0.99103
1305031526.920578 -0.003881 -0.00700936 -0.068222 0.134592 0.0814729 -0.0128256 0.987463
1305031526.955033 -0.00722902 -0.00720191 -0.0774432 0.152233 0.0911457 -0.0140333 0.984033
1305031526.987606 -0.0117206 -0.00679612 -0.0873246 0.171022 0.0997325 -0.0162417 0.980072
1305031527.020791 -0.0143729 -0.00369772 -0.0965134 0.185101 0.106166 -0.0161406 0.976835
1305031527.055070 -0.0178119 -0.00398879 -0.103916 0.200591 0.11318 -0.0172388 0.972963
1305031527.086965 -0.0190315 0.00131714 -0.113851 0.215889 0.119659 -0.0179043 0.968893
1305031527.119854 -0.0220573 0.00179852 -0.120725 0.223147 0.124015 -0.01593 0.966733
1305031527.155465 -0.0236043 0.0051384 -0.12541 0.234733 0.1289 -0.0171592 0.963323
1305031527.186447 -0.0237448 0.0127052 -0.132234 0.242116 0.132585 -0.0156879 0.961018
1305031527.222219 -0.0258057 0.014481 -0.136314 0.241529 0.134489 -0.0138376 0.960929
1305031527.256275 -0.0261861 0.0239325 -0.133191 0.23984 0.135358 -0.0142069 0.961225
1305031527.287060 -0.0300134 0.028697 -0.131643 0.232025 0.135819 -0.0105051 0.963124
1305031527.323213 -0.0300818 0.0301815 -0.127377 0.221978 0.133048 -0.00784813 0.9659
1305031527.355197 -0.028286 0.0345237 -0.121806 0.213003 0.129046 -0.00309885 0.968487
1305031527.388471 -0.0289402 0.0388934 -0.118414 0.203735 0.127606 -0.000187956 0.970674
1305031527.422926 -0.0281007 0.0444123 -0.113243 0.194695 0.127656 0.00264841 0.972518
1305031527.455773 -0.0275968 0.0491031 -0.108285 0.185133 0.128024 0.00617846 0.974319
1305031527.486055 -0.0270159 0.0511017 -0.104217 0.175562 0.127319 0.00827415 0.976166
1305031527.522397 -0.0273183 0.0538678 -0.0994562 0.165692 0.126872 0.00948777 0.977936
1305031527.554573 -0.0288844 0.0582626 -0.094583 0.155635 0.127697 0.0106013 0.979469
1305031527.586987 -0.0314936 0.0673173 -0.0896601 0.144121 0.128555 0.0104472 0.981119
1305031527.622793 -0.0324729 0.0695349 -0.0840432 0.130001 0.128776 0.0112379 0.983051
1305031527.656028 -0.0376851 0.0779266 -0.0769161 0.11669 0.128135 0.0106769 0.98481
1305031527.688563 -0.0425006 0.0806768 -0.0697754 0.0989953 0.123179 0.0115434 0.987367
1305031527.721751 -0.0451934 0.0764962 -0.0677416 0.0848386 0.115692 0.0129362 0.989571
1305031527.756472 -0.044641 0.0772101 -0.0646217 0.0750139 0.108221 0.0142581 0.99119
1305031527.789333 -0.0492061 0.0798508 -0.0620755 0.0674132 0.103497 0.0154559 0.992222
1305031527.825562 -0.0558247 0.0781236 -0.0603656 0.0574957 0.0974218 0.0168665 0.993438
1305031527.857855 -0.0649183 0.0785504 -0.0583436 0.0524949 0.0891995 0.0174464 0.994476
1305031527.887866 -0.0751786 0.0857769 -0.0545261 0.047446 0.0782794 0.0146336 0.995694
1305031527.922214 -0.0810097 0.0841984 -0.052476 0.0383907 0.0653097 0.0100457 0.997076
1305031527.954490 -0.0934785 0.075194 -0.0508538 0.0324265 0.0520016 0.00141927 0.998119
1305031527.987977 -0.103507 0.0794356 -0.0499898 0.0363912 0.0354301 -0.0123799 0.998633
1305031528.025614 -0.117106 0.0809827 -0.046455 0.036325 0.0204014 -0.0276384 0.998749
1305031528.056126 -0.130323 0.0763953 -0.0441954 0.0374673 0.00289836 -0.0424209 0.998393
1305031528.085297 -0.14606 0.0798157 -0.0434426 0.044374 -0.0117931 -0.0583958 0.997237
1305031528.124333 -0.156734 0.0797064 -0.0455708 0.0491422 -0.0293288 -0.0740295 0.995613
1305031528.151873 -0.172076 0.0840144 -0.0466299 0.0550896 -0.0449002 -0.0924024 0.993182
1305031528.186872 -0.179891 0.0835003 -0.0465551 0.0580515 -0.0601874 -0.110719 0.990328
1305031528.220887 -0.194609 0.0805387 -0.0526886 0.0624726 -0.0684651 -0.12838 0.987385
1305031528.251953 -0.206267 0.0851201 -0.0567947 0.0724211 -0.0764713 -0.143194 0.984075
1305031528.284263 -0.224281 0.0893799 -0.0629126 0.0791241 -0.0863186 -0.155705 0.980839
1305031528.321639 -0.241062 0.0906183 -0.0686333 0.086618 -0.105696 -0.169639 0.975986
1305031528.355032 -0.253917 0.0959672 -0.075331 0.0957089 -0.12857 -0.180246 0.970475
1305031528.384839 -0.265641 0.0959504 -0.0835659 0.0993138 -0.152788 -0.186229 0.965459
1305031528.424006 -0.287996 0.101561 -0.0912181 0.10433 -0.176954 -0.19271 0.959513
1305031528.453962 -0.298752 0.104648 -0.100713 0.107352 -0.206465 -0.199668 0.95183
1305031528.490720 -0.308919 0.107385 -0.106541 0.107943 -0.235786 -0.20449 0.943895
1305031528.524649 -0.250632 0.350449 -0.0697166 0.152079 -0.267353 -0.0451576 0.95045
1305031528.557069 -0.265519 0.354325 -0.0783634 0.157023 -0.296146 -0.0516599 0.94073
1305031528.592924 -0.28155 0.354209 -0.0870283 0.154124 -0.319924 -0.0576241 0.933045
1305031528.623407 -0.296502 0.354999 -0.0960639 0.152482 -0.341894 -0.0629331 0.925147
1305031528.654033 -0.310096 0.362682 -0.103735 0.151768 -0.360298 -0.0695771 0.917775
1305031528.692143 -0.321245 0.369162 -0.109278 0.14566 -0.372534 -0.0781449 0.913179
1305031528.725000 -0.331396 0.377273 -0.114449 0.139915 -0.381883 -0.0869281 0.909413
1305031528.756620 -0.339963 0.387692 -0.11872 0.135048 -0.388831 -0.0958842 0.9063
1305031528.792160 -0.348362 0.398104 -0.12203 0.128211 -0.391932 -0.104667 0.904984
1305031528.824057 -0.359809 0.411307 -0.12834 0.118296 -0.393416 -0.112498 0.904751
1305031528.856114 -0.371273 0.423608 -0.134735 0.108599 -0.395386 -0.120088 0.904132
1305031528.892684 -0.381956 0.435815 -0.139118 0.0976356 -0.398098 -0.128299 0.903064
1305031528.924061 -0.392787 0.45052 -0.142502 0.0866395 -0.398933 -0.135931 0.902701
1305031528.956027 -0.407119 0.45929 -0.150561 0.0692515 -0.397373 -0.140708 0.904157
1305031528.991870 -0.419064 0.472734 -0.157188 0.0590089 -0.397705 -0.138542 0.905072
1305031529.024164 -0.431617 0.489808 -0.161823 0.0464457 -0.395965 -0.136341 0.906899
1305031529.057246 -0.444899 0.502489 -0.167189 0.0298857 -0.39083 -0.134942 0.910027
1305031529.092696 -0.458233 0.512104 -0.172885 0.0135124 -0.381064 -0.126633 0.915736
1305031529.124051 -0.47257 0.524384 -0.180233 0.000895433 -0.368136 -0.114229 0.922728
1305031529.156187 -0.488395 0.536274 -0.188544 -0.0145249 -0.355901 -0.096974 0.929365
1305031529.192085 -0.505623 0.55076 -0.198461 -0.0304296 -0.343548 -0.0774398 0.935442
1305031529.224200 -0.522942 0.565779 -0.208419 -0.0482446 -0.331306 -0.0613961 0.940287
1305031529.256728 -0.541377 0.579295 -0.218226 -0.0643369 -0.318716 -0.0544758 0.944094
1305031529.291235 -0.562136 0.590138 -0.229099 -0.0820927 -0.302243 -0.0521214 0.948258
1305031529.323356 -0.583649 0.597825 -0.240797 -0.0978445 -0.285494 -0.0476727 0.95218
1305031529.355813 -0.604477 0.607352 -0.252061 -0.112477 -0.271939 -0.0453007 0.954644
1305031529.388855 -0.628767 0.608014 -0.264998 -0.129441 -0.262837 -0.0449522 0.955061
1305031529.423010 -0.651442 0.611637 -0.276243 -0.1312 -0.26016 -0.0465808 0.955476
1305031529.457448 -0.67307 0.614051 -0.287005 -0.131591 -0.256252 -0.0500253 0.956303
1305031529.491343 -0.694218 0.615296 -0.297428 -0.129779 -0.250092 -0.0518067 0.958085
1305031529.522171 -0.715062 0.613651 -0.307169 -0.127313 -0.244177 -0.0560989 0.959699
1305031529.556350 -0.734772 0.613332 -0.316536 -0.11973 -0.2355 -0.0575182 0.962754
1305031529.593324 -0.752896 0.615878 -0.324438 -0.113515 -0.226793 -0.0561094 0.965676
1305031529.623772 -0.772161 0.616802 -0.331223 -0.114286 -0.219645 -0.0525632 0.967436
1305031529.657753 -0.789989 0.616181 -0.335947 -0.117356 -0.213711 -0.0465812 0.968703
1305031529.692840 -0.806873 0.616212 -0.339687 -0.121653 -0.20664 -0.0370265 0.970118
1305031529.725566 -0.823486 0.615486 -0.342461 -0.127148 -0.200266 -0.0278326 0.971057
1305031529.759598 -0.838786 0.614336 -0.34392 -0.131873 -0.193618 -0.0222249 0.97192
1305031529.792805 -0.85223 0.61044 -0.343981 -0.138172 -0.182726 -0.0174793 0.973249
1305031529.825293 -0.866167 0.602592 -0.343605 -0.13988 -0.169666 -0.013759 0.975427
1305031529.859548 -0.883507 0.598762 -0.344473 -0.134775 -0.154237 -0.0055902 0.978783
1305031529.891119 -0.901164 0.592743 -0.345032 -0.135941 -0.143843 0.00628968 0.980199
1305031529.925850 -0.919764 0.583954 -0.345046 -0.135436 -0.13684 0.0194117 0.981099
1305031529.960102 -0.940021 0.577601 -0.345671 -0.131235 -0.131554 0.031706 0.982072
1305031529.992331 -0.959612 0.571921 -0.346744 -0.130688 -0.125766 0.0421317 0.982511
1305031530.024225 -0.980274 0.561544 -0.34849 -0.135893 -0.119296 0.0546866 0.981993
1305031530.059982 -0.998974 0.549556 -0.351226 -0.140634 -0.115606 0.0684627 0.980903
1305031530.091203 -1.01842 0.538348 -0.356199 -0.144205 -0.112583 0.0803341 0.979835
1305031530.125990 -1.03791 0.520777 -0.362453 -0.150891 -0.109074 0.0946903 0.977941
1305031530.159636 -1.05526 0.505381 -0.370352 -0.148933 -0.106835 0.105727 0.977357
1305031530.191494 -1.07252 0.491321 -0.379748 -0.146865 -0.104567 0.110621 0.977374
1305031530.224007 -1.08909 0.471057 -0.388934 -0.146372 -0.101385 0.115766 0.977187
1305031530.259074 -1.10479 0.454187 -0.400239 -0.138787 -0.0966732 0.115892 0.978755
1305031530.292738 -1.11962 0.440112 -0.412454 -0.132256 -0.0909788 0.113209 0.980518
1305031530.324398 -1.13474 0.424239 -0.424016 -0.128114 -0.0840984 0.113106 0.981693
1305031530.355958 -1.14793 0.413447 -0.436474 -0.122539 -0.0770608 0.11095 0.983227
1305031530.391987 -1.16276 0.400885 -0.448403 -0.123498 -0.069096 0.109555 0.983856
1305031530.423101 -1.17688 0.381412 -0.458358 -0.125847 -0.0609693 0.111024 0.98393
1305031530.458850 -1.19017 0.365513 -0.469809 -0.122074 -0.0534651 0.110225 0.984931
1305031530.492200 -1.20372 0.350755 -0.48211 -0.118858 -0.0462293 0.111217 0.985579
1305031530.524323 -1.21506 0.334714 -0.495132 -0.116002 -0.038307 0.112642 0.986097
1305031530.558716 -1.22405 0.314258 -0.50747 -0.111472 -0.0257038 0.112773 0.987013
1305031530.591301 -1.23247 0.292699 -0.522261 -0.0995816 -0.00824673 0.111175 0.988765
1305031530.623002 -1.23895 0.278485 -0.540515 -0.0847336 0.0109917 0.109421 0.990316
1305031530.656445 -1.24482 0.265043 -0.55908 -0.0726817 0.0336447 0.108437 0.990872
1305031530.691015 -1.25107 0.251512 -0.577322 -0.0606035 0.0600277 0.108737 0.990404
1305031530.723869 -1.25747 0.238653 -0.598171 -0.0444689 0.0887793 0.111371 0.988806
1305031530.758503 -1.27052 0.239274 -0.619289 -0.0295504 0.117521 0.115159 0.985928
1305031530.790818 -1.28362 0.230869 -0.636573 -0.0213199 0.146266 0.122835 0.981358
1305031530.822584 -1.30594 0.234933 -0.652803 -0.0118229 0.172496 0.133163 0.975896
1305031530.858371 -1.33152 0.238527 -0.664299 -0.01022 0.192778 0.146368 0.970211
1305031530.890688 -1.35225 0.236986 -0.672459 -0.0130023 0.203433 0.156805 0.966363
1305031530.923878 -1.37649 0.229375 -0.675533 -0.0100394 0.20877 0.164021 0.96406
1305031530.959175 -1.40707 0.234003 -0.674427 -0.00203306 0.207047 0.166693 0.964023
1305031530.988081 -1.43741 0.237956 -0.668248 0.000402079 0.197315 0.168046 0.96583
1305031531.027310 -1.46656 0.239852 -0.658328 0.000245163 0.183188 0.170965 0.968098
1305031531.058516 -1.50008 0.243188 -0.644114 -0.00212226 0.169115 0.175375 0.969866
1305031531.091208 -1.53253 0.247455 -0.628251 -0.00875453 0.152308 0.177956 0.972141
1305031531.126140 -1.55945 0.240087 -0.609615 -0.0193247 0.133238 0.182282 0.973985
1305031531.159520 -1.58758 0.230947 -0.589807 -0.024595 0.117453 0.188329 0.974747
1305031531.190137 -1.61444 0.23257 -0.57161 -0.0253772 0.100566 0.19116 0.976064
1305031531.228127 -1.64159 0.23346 -0.552903 -0.0293451 0.0827037 0.194658 0.976938
1305031531.259840 -1.66921 0.225382 -0.531415 -0.0350171 0.0649883 0.199062 0.977203
1305031531.290185 -1.69855 0.218172 -0.510288 -0.0350937 0.0524614 0.202421 0.977263
1305031531.327763 -1.72275 0.215287 -0.490352 -0.0320611 0.0416904 0.204016 0.977554
1305031531.358509 -1.74548 0.214386 -0.470827 -0.0301899 0.0350623 0.202529 0.978183
1305031531.389868 -1.76243 0.208653 -0.452751 -0.0312532 0.0333945 0.200233 0.97868
1305031531.427177 -1.78081 0.206784 -0.435191 -0.0283915 0.0387411 0.199481 0.978724
1305031531.459698 -1.79715 0.203942 -0.41706 -0.029034 0.0470529 0.20052 0.978128
1305031531.492107 -1.81402 0.192329 -0.398 -0.0296562 0.0567233 0.205073 0.976651
1305031531.527542 -1.83315 0.189549 -0.37954 -0.0258931 0.0651188 0.206265 0.975984
1305031531.560506 -1.84963 0.179278 -0.360424 -0.0271826 0.0702425 0.211406 0.974492
1305031531.592018 -1.86445 0.170294 -0.343127 -0.0258621 0.0737774 0.217163 0.973
1305031531.628037 -1.88214 0.164965 -0.326491 -0.0250152 0.0794694 0.22018 0.971895
1305031531.659769 -1.89737 0.154863 -0.311518 -0.0278838 0.0860336 0.223389 0.970525
1305031531.693140 -1.91372 0.144207 -0.297157 -0.0272994 0.0928578 0.227128 0.969043
1305031531.727762 -1.93294 0.138398 -0.282004 -0.0254993 0.0970114 0.226409 0.968854
1305031531.755881 -1.94961 0.127762 -0.268988 -0.0275503 0.100866 0.224666 0.96881
1305031531.790528 -1.96745 0.120157 -0.255872 -0.0250209 0.107206 0.222064 0.968797
1305031531.826931 -1.9863 0.113377 -0.242177 -0.0216542 0.112119 0.221152 0.968531
1305031531.858402 -2.00829 0.116108 -0.227731 -0.0192231 0.114713 0.219163 0.968731
1305031531.893291 -2.0251 0.114526 -0.215231 -0.0286861 0.114256 0.219917 0.96838
1305031531.925080 -2.03935 0.110477 -0.203675 -0.0385943 0.115414 0.221544 0.967527
1305031531.959262 -2.0555 0.110486 -0.191758 -0.0475175 0.119831 0.224274 0.965963
1305031531.990634 -2.07047 0.107242 -0.179093 -0.0584637 0.125071 0.229075 0.963568
1305031532.027524 -2.08677 0.109804 -0.167103 -0.0661042 0.130641 0.234123 0.961119
1305031532.059872 -2.10302 0.113052 -0.154312 -0.0773918 0.136394 0.24314 0.95723
1305031532.092096 -2.11855 0.115786 -0.140755 -0.0909276 0.141582 0.254953 0.9522
1305031532.126073 -2.1341 0.117577 -0.12687 -0.105423 0.146988 0.270665 0.945527
1305031532.159926 -2.14626 0.116683 -0.113269 -0.117525 0.150563 0.288039 0.938377
1305031532.195623 -2.16375 0.119744 -0.0988487 -0.126487 0.155012 0.305735 0.930859
1305031532.227800 -2.17875 0.11849 -0.0840876 -0.13752 0.158577 0.325557 0.92193
1305031532.260079 -2.19446 0.118987 -0.0706119 -0.143974 0.161706 0.34257 0.914204
1305031532.295824 -2.21212 0.118759 -0.0567194 -0.152157 0.166109 0.358186 0.906068
1305031532.327833 -2.22963 0.116077 -0.041248 -0.160814 0.172078 0.373499 0.897233
1305031532.356687 -2.24601 0.111365 -0.0256284 -0.170008 0.173337 0.390823 0.887868
1305031532.396584 -2.26084 0.10613 -0.0114988 -0.178279 0.169271 0.405125 0.880589
1305031532.424572 -2.27302 0.0947078 0.00433184 -0.185988 0.16211 0.413493 0.876443
1305031532.461447 -2.27665 0.0801217 0.0194351 -0.184555 0.158373 0.416051 0.876219
1305031532.494758 -2.28875 0.0666786 0.0336703 -0.171706 0.163025 0.410754 0.880467
1305031532.523363 -2.3011 0.0537475 0.0481855 -0.158429 0.168968 0.407657 0.88327
1305031532.558750 -2.30958 0.0388802 0.0628962 -0.146117 0.171796 0.407774 0.884792
1305031532.594713 -2.31974 0.0278173 0.0777776 -0.130932 0.176372 0.405199 0.887448
1305031532.626577 -2.32865 0.0223087 0.0898192 -0.123669 0.181228 0.404866 0.887663
1305031532.655415 -2.33256 0.0128445 0.103459 -0.123913 0.190898 0.407705 0.884296
1305031532.692281 -2.33821 0.00518852 0.118258 -0.123259 0.207266 0.410964 0.87918
1305031532.725142 -2.34633 -0.00170421 0.133127 -0.127471 0.221359 0.418308 0.871648
1305031532.756518 -2.34897 -0.0097072 0.147725 -0.137153 0.229513 0.427605 0.86352
1305031532.793593 -2.34596 -0.0194084 0.160141 -0.145112 0.234314 0.437997 0.855686
1305031532.827589 -2.34273 -0.0265592 0.172188 -0.145256 0.241544 0.441478 0.851853
1305031532.860360 -2.34234 -0.0314003 0.183577 -0.144842 0.253723 0.44472 0.846681
1305031532.894951 -2.33931 -0.0370392 0.19496 -0.144992 0.269065 0.451447 0.838318
1305031532.927108 -2.33752 -0.0417811 0.20611 -0.145475 0.282112 0.459023 0.829787
1305031532.958860 -2.3291 -0.0486479 0.216966 -0.143551 0.289256 0.472314 0.820148
1305031532.994889 -2.32352 -0.0531253 0.227877 -0.13637 0.297815 0.483482 0.81176
1305031533.027007 -2.31664 -0.0583267 0.238074 -0.129981 0.30676 0.49558 0.802125
1305031533.059895 -2.31078 -0.0618763 0.246494 -0.122249 0.31661 0.504624 0.793831
1305031533.095707 -2.31268 -0.0624467 0.254226 -0.119712 0.32705 0.510428 0.786238
1305031533.127261 -2.30145 -0.0723705 0.261303 -0.12509 0.338372 0.525601 0.770455
1305031533.158865 -2.28909 -0.0829723 0.263155 -0.12355 0.347278 0.534075 0.760854
1305031533.194665 -2.28965 -0.0884868 0.2641 -0.120252 0.356244 0.529253 0.760606
1305031533.226596 -2.28848 -0.095712 0.263796 -0.124039 0.364262 0.530404 0.75538
1305031533.258719 -2.27586 -0.109496 0.259435 -0.127761 0.371751 0.537126 0.746307
1305031533.294892 -2.27623 -0.121016 0.254617 -0.124953 0.380136 0.534306 0.74458
1305031533.326747 -2.27382 -0.134995 0.249468 -0.122118 0.387062 0.537246 0.739349
1305031533.358749 -2.2693 -0.151283 0.241555 -0.117438 0.396034 0.538016 0.734782
1305031533.394869 -2.26962 -0.166205 0.23354 -0.109909 0.405375 0.537052 0.731551
1305031533.428282 -2.27246 -0.180338 0.227421 -0.100985 0.411305 0.536309 0.73007
1305031533.463804 -2.27381 -0.19566 0.222759 -0.0924444 0.413296 0.539179 0.727961
1305031533.495077 -2.27817 -0.208823 0.219287 -0.0821022 0.417904 0.540005 0.725955
1305031533.523787 -2.28212 -0.221073 0.214893 -0.0754052 0.420968 0.54349 0.722301
1305031533.563866 -2.28323 -0.234628 0.209537 -0.0672273 0.425178 0.547414 0.717664
1305031533.596729 -2.29136 -0.244303 0.210071 -0.0589236 0.434061 0.546025 0.714125
1305031533.623714 -2.29791 -0.252976 0.208695 -0.0558907 0.444476 0.546788 0.707348
1305031533.662973 -2.30517 -0.260946 0.209798 -0.0527903 0.454789 0.548569 0.699609
1305031533.695127 -2.31337 -0.266928 0.212924 -0.0527308 0.462475 0.55145 0.692271
1305031533.727956 -2.31528 -0.276498 0.214825 -0.0591725 0.471274 0.554626 0.68322
1305031533.763534 -2.31745 -0.28639 0.217722 -0.0650613 0.484142 0.55517 0.673172
1305031533.795519 -2.32557 -0.293141 0.22707 -0.0672703 0.49688 0.554714 0.663986
1305031533.827015 -2.32484 -0.305061 0.233331 -0.0704419 0.501701 0.559665 0.655827
1305031533.859819 -2.32548 -0.315675 0.238929 -0.0612649 0.502074 0.562557 0.653987
1305031533.895161 -2.33518 -0.318614 0.249398 -0.0441894 0.490265 0.562302 0.664458
1305031533.926857 -2.33304 -0.332606 0.259746 -0.0304757 0.47071 0.564633 0.677269
1305031533.961985 -2.33585 -0.340859 0.275424 -0.0111535 0.450812 0.561486 0.693814
1305031533.994392 -2.33404 -0.357352 0.295556 0.00360925 0.430353 0.559727 0.708159
1305031534.026608 -2.32798 -0.379313 0.31295 0.01798 0.413284 0.554282 0.722249
1305031534.062247 -2.32556 -0.396225 0.331276 0.0355391 0.401305 0.542698 0.737
1305031534.094417 -2.32237 -0.410117 0.343435 0.0499592 0.389992 0.53532 0.747558
1305031534.126412 -2.31166 -0.430326 0.350107 0.0646852 0.381384 0.527634 0.756284
1305031534.162210 -2.31322 -0.439601 0.361906 0.0800704 0.386602 0.508279 0.765362
1305031534.191161 -2.30967 -0.45167 0.368374 0.0879038 0.391851 0.49979 0.767422
1305031534.225977 -2.30021 -0.467105 0.371801 0.0975425 0.394203 0.490916 0.770773
1305031534.262752 -2.30226 -0.469125 0.379871 0.106202 0.395759 0.479575 0.775954
1305031534.295276 -2.29772 -0.479503 0.385624 0.10811 0.391969 0.477915 0.778633
1305031534.327593 -2.2952 -0.486801 0.392161 0.112518 0.389506 0.475361 0.780805
1305031534.362839 -2.28947 -0.495663 0.395953 0.115619 0.3917 0.470283 0.782328
1305031534.395128 -2.28225 -0.501551 0.397611 0.120354 0.394397 0.463633 0.784226
1305031534.427890 -2.27733 -0.505651 0.400808 0.124735 0.400575 0.456896 0.784364
1305031534.462407 -2.26349 -0.517257 0.397916 0.130044 0.404305 0.453216 0.783723
1305031534.494488 -2.25851 -0.521573 0.40076 0.14088 0.406355 0.445243 0.785358
1305031534.526222 -2.25524 -0.52105 0.405058 0.146138 0.404624 0.441961 0.787142
1305031534.562364 -2.24759 -0.527104 0.40641 0.150991 0.399555 0.443075 0.788189
1305031534.594279 -2.24269 -0.527757 0.410726 0.160565 0.394582 0.438195 0.791523
1305031534.627133 -2.23722 -0.52837 0.414546 0.165689 0.388386 0.434096 0.795779
1305031534.662781 -2.23337 -0.529217 0.419708 0.168126 0.379365 0.433309 0.800037
1305031534.694710 -2.22911 -0.52687 0.423176 0.169104 0.37034 0.431999 0.804754
1305031534.730855 -2.22383 -0.525349 0.42557 0.171523 0.364764 0.430769 0.807443
1305031534.763129 -2.22027 -0.52396 0.428571 0.172889 0.361394 0.426904 0.810714
1305031534.795824 -2.2148 -0.520784 0.429498 0.17156 0.357684 0.422805 0.814779
1305031534.831135 -2.20919 -0.522166 0.428558 0.172605 0.353488 0.420905 0.81737
1305031534.862751 -2.20356 -0.524008 0.426965 0.175079 0.348149 0.418834 0.820194
1305031534.894919 -2.19905 -0.526991 0.425904 0.179602 0.343326 0.412914 0.824241
1305031534.930974 -2.20516 -0.518765 0.429635 0.182688 0.342496 0.401585 0.829488
1305031534.962776 -2.20267 -0.512729 0.425419 0.18092 0.347754 0.395356 0.83068
1305031534.994599 -2.19997 -0.51443 0.418722 0.18306 0.35725 0.390228 0.828603
1305031535.030642 -2.20288 -0.517561 0.416727 0.187796 0.361831 0.383779 0.828568
1305031535.062210 -2.20534 -0.521653 0.416062 0.190935 0.358583 0.379117 0.831404
1305031535.094542 -2.20903 -0.519497 0.417307 0.190655 0.351405 0.377444 0.835285
1305031535.129807 -2.2106 -0.519691 0.415419 0.192185 0.348283 0.38067 0.834778
1305031535.158853 -2.21433 -0.520914 0.417054 0.193761 0.34324 0.383644 0.835141
1305031535.193991 -2.21636 -0.525365 0.418396 0.194109 0.333138 0.386711 0.837732
1305031535.230011 -2.22309 -0.525685 0.422368 0.194067 0.320621 0.38726 0.84236
1305031535.261725 -2.22065 -0.528698 0.421153 0.193042 0.306613 0.388832 0.847073
1305031535.295784 -2.21917 -0.530439 0.418153 0.193002 0.294134 0.388044 0.851855
1305031535.329773 -2.2211 -0.5319 0.41901 0.191801 0.285658 0.385158 0.856309
1305031535.361759 -2.22094 -0.536902 0.418266 0.190895 0.2771 0.384241 0.859729
1305031535.392026 -2.22184 -0.543666 0.418483 0.189284 0.267487 0.380158 0.864929
1305031535.431010 -2.21947 -0.548631 0.416018 0.188268 0.259002 0.375762 0.869641
1305031535.462732 -2.21618 -0.557591 0.412781 0.188939 0.250983 0.369331 0.874588
1305031535.495467 -2.21784 -0.567008 0.411211 0.19206 0.245101 0.360522 0.879239
1305031535.530835 -2.21677 -0.572062 0.40769 0.196472 0.239154 0.350754 0.883842
1305031535.562308 -2.22019 -0.576841 0.406184 0.201164 0.237058 0.340635 0.887302
1305031535.594713 -2.228 -0.578869 0.407665 0.200447 0.238297 0.332283 0.890294
1305031535.630819 -2.23575 -0.57801 0.409768 0.196829 0.239758 0.328269 0.892196
1305031535.662546 -2.23603 -0.578509 0.407024 0.194842 0.240596 0.325718 0.893341
1305031535.694763 -2.24013 -0.567007 0.409103 0.191976 0.239279 0.323906 0.894972
1305031535.730877 -2.24304 -0.555568 0.409728 0.186126 0.2374 0.326172 0.895885
1305031535.759227 -2.24278 -0.54689 0.408901 0.180548 0.23572 0.328828 0.896499
1305031535.794599 -2.24285 -0.531196 0.410069 0.174528 0.234988 0.329946 0.897472
1305031535.831105 -2.23927 -0.523052 0.407677 0.167749 0.235183 0.336374 0.896327
1305031535.859528 -2.24008 -0.512454 0.406645 0.164709 0.235473 0.342188 0.894612
1305031535.898883 -2.24043 -0.500235 0.405128 0.160375 0.234823 0.348 0.893328
1305031535.930685 -2.23786 -0.486653 0.400862 0.156765 0.236881 0.352515 0.891653
1305031535.959567 -2.23871 -0.472149 0.398365 0.14992 0.242838 0.357369 0.889292
1305031535.998988 -2.24171 -0.456572 0.395546 0.139407 0.248935 0.362118 0.887394
1305031536.031463 -2.24289 -0.44201 0.392615 0.126965 0.253148 0.370679 0.88453
1305031536.062243 -2.24364 -0.428686 0.390246 0.115786 0.257927 0.379631 0.880879
1305031536.099404 -2.24881 -0.412471 0.389008 0.104042 0.263561 0.387806 0.877107
1305031536.131440 -2.24956 -0.397209 0.38498 0.0901039 0.268721 0.398086 0.872467
1305031536.163367 -2.25004 -0.381808 0.379648 0.0779405 0.276875 0.409005 0.866014
1305031536.199777 -2.25007 -0.367646 0.374428 0.065425 0.285757 0.419226 0.859251
1305031536.231583 -2.25215 -0.351579 0.369384 0.0534678 0.296274 0.428792 0.851763
1305031536.263219 -2.25093 -0.335894 0.360524 0.0404732 0.306118 0.44151 0.84245
1305031536.299512 -2.24973 -0.320873 0.35184 0.0294738 0.317102 0.455223 0.831475
1305031536.331390 -2.24762 -0.305336 0.34057 0.0206315 0.327373 0.467126 0.821094
1305031536.363006 -2.24913 -0.290353 0.332563 0.0133896 0.337786 0.47991 0.809572
1305031536.399605 -2.2501 -0.279908 0.324335 0.00514685 0.349321 0.493823 0.796296
1305031536.431590 -2.25393 -0.269665 0.317224 -0.000304771 0.36208 0.504891 0.78357
1305031536.463554 -2.2582 -0.26245 0.313038 -0.00732084 0.374583 0.516498 0.769976
1305031536.499647 -2.26114 -0.255497 0.306541 -0.0146301 0.382025 0.526267 0.75953
1305031536.531617 -2.26576 -0.249422 0.301375 -0.0185797 0.387337 0.535408 0.750309
1305031536.563087 -2.27196 -0.24421 0.299897 -0.0202369 0.389799 0.543118 0.743418
1305031536.599164 -2.27527 -0.236642 0.293929 -0.0222506 0.387329 0.550373 0.739305
1305031536.631797 -2.27962 -0.228761 0.289498 -0.0221861 0.387454 0.55729 0.73404
1305031536.663533 -2.28776 -0.22173 0.289218 -0.0224391 0.386998 0.563587 0.729452
1305031536.699497 -2.29221 -0.214784 0.285835 -0.0246962 0.381809 0.569392 0.727602
1305031536.731424 -2.29786 -0.204621 0.280461 -0.0265617 0.379045 0.570502 0.728112
1305031536.761478 -2.30027 -0.193844 0.271886 -0.0306838 0.379276 0.570325 0.727968
1305031536.796242 -2.30419 -0.187165 0.266587 -0.0333148 0.381066 0.568204 0.728576
1305031536.828016 -2.31316 -0.179928 0.265551 -0.0342191 0.380466 0.562598 0.733184
1305031536.859596 -2.3183 -0.171802 0.261219 -0.0367552 0.377854 0.559966 0.736419
1305031536.895830 -2.32013 -0.163727 0.253373 -0.0397833 0.37531 0.556296 0.740334
1305031536.927579 -2.32217 -0.153612 0.243856 -0.0422788 0.37535 0.54693 0.747123
1305031536.962880 -2.32524 -0.143793 0.231847 -0.0446322 0.378993 0.539802 0.750324
1305031536.996766 -2.32858 -0.135481 0.219435 -0.0450498 0.381278 0.534806 0.752715
1305031537.028058 -2.33347 -0.123486 0.205976 -0.0448257 0.382734 0.526961 0.757507
1305031537.060447 -2.3359 -0.111843 0.190322 -0.0463995 0.383252 0.521793 0.760722
1305031537.095829 -2.33877 -0.100488 0.174432 -0.0475268 0.382306 0.517233 0.764234
1305031537.129621 -2.3401 -0.0903513 0.158392 -0.049569 0.382754 0.512643 0.766968
1305031537.167541 -2.33946 -0.0789803 0.137431 -0.051835 0.384007 0.506685 0.770144
1305031537.195643 -2.33831 -0.0677196 0.118049 -0.0532008 0.383091 0.498819 0.775623
1305031537.230153 -2.33677 -0.0581272 0.0990595 -0.0540874 0.380972 0.492605 0.780561
1305031537.265688 -2.33482 -0.0466203 0.0788305 -0.0535781 0.377046 0.484794 0.787363
1305031537.298861 -2.33283 -0.0357611 0.0590561 -0.05437 0.372979 0.477907 0.793432
1305031537.330994 -2.32934 -0.0274874 0.0383392 -0.0559334 0.36859 0.471242 0.79934
1305031537.365736 -2.32684 -0.0183512 0.0168762 -0.0561339 0.362602 0.463023 0.806833
1305031537.395624 -2.32294 -0.0105758 -0.00241506 -0.0554845 0.355953 0.453325 0.815301
1305031537.429641 -2.32224 -0.00190182 -0.0196568 -0.0541728 0.348919 0.445275 0.822831
1305031537.464312 -2.31854 0.00549855 -0.0373662 -0.054106 0.338131 0.437277 0.831582
1305031537.497527 -2.31392 0.0120984 -0.0551888 -0.0539735 0.32761 0.427596 0.840785
1305031537.530263 -2.31196 0.0238334 -0.0722874 -0.0536234 0.319134 0.416542 0.849571
1305031537.564476 -2.30542 0.0310731 -0.0886338 -0.0573093 0.311737 0.410067 0.855208
1305031537.598276 -2.29487 0.0334427 -0.104927 -0.0584624 0.306522 0.406246 0.858831
1305031537.630389 -2.28666 0.0389408 -0.121139 -0.0549919 0.300035 0.401426 0.863604
1305031537.664114 -2.27905 0.0443436 -0.13629 -0.0506166 0.28957 0.395514 0.870147
1305031537.695278 -2.26458 0.0474614 -0.153151 -0.0461057 0.279666 0.389882 0.876158
1305031537.728342 -2.25445 0.0552578 -0.16899 -0.0397085 0.275983 0.37991 0.882001
1305031537.766378 -2.24284 0.0605354 -0.182972 -0.0350641 0.272839 0.369722 0.887488
1305031537.798725 -2.23013 0.0681966 -0.197192 -0.0282752 0.268855 0.359693 0.89305
1305031537.830287 -2.2197 0.0771427 -0.209318 -0.0216622 0.264453 0.352623 0.897359
1305031537.866662 -2.20614 0.083648 -0.221042 -0.0171634 0.257911 0.345659 0.902057
1305031537.898536 -2.19268 0.094116 -0.233462 -0.0120035 0.252963 0.336425 0.907019
1305031537.930243 -2.1779 0.107537 -0.246469 -0.00893865 0.248423 0.328134 0.911336
1305031537.966300 -2.16364 0.119145 -0.258018 -0.00848963 0.243167 0.321851 0.914992
1305031537.998327 -2.14487 0.127606 -0.270723 -0.00840506 0.237753 0.316167 0.918391
1305031538.030606 -2.12899 0.141807 -0.282198 -0.00536448 0.233296 0.310034 0.921641
1305031538.066420 -2.11042 0.149684 -0.29214 -0.00693741 0.226478 0.308819 0.923737
1305031538.099117 -2.08944 0.151642 -0.303196 -0.00625246 0.218058 0.308176 0.92598
1305031538.130778 -2.07095 0.160029 -0.313231 0.00249442 0.20661 0.310303 0.927911
1305031538.167361 -2.05107 0.164827 -0.324652 0.00614385 0.192988 0.312202 0.930187
1305031538.198836 -2.02621 0.163437 -0.338269 0.00900793 0.181551 0.30766 0.933972
1305031538.231674 -2.00309 0.166083 -0.352804 0.0188684 0.176214 0.299727 0.93742
1305031538.267245 -1.98424 0.17072 -0.365327 0.0287297 0.173506 0.290929 0.940442
1305031538.297169 -1.96487 0.170755 -0.377235 0.0369662 0.168909 0.281747 0.943781
1305031538.329631 -1.94564 0.169223 -0.389604 0.0479106 0.163892 0.271727 0.947105
1305031538.366671 -1.93167 0.173209 -0.399633 0.0602042 0.158302 0.261648 0.950188
1305031538.395653 -1.91361 0.179064 -0.412208 0.0710283 0.150582 0.253265 0.952962
1305031538.434273 -1.89881 0.186789 -0.422679 0.0835121 0.144596 0.248473 0.954138
1305031538.468114 -1.88321 0.193811 -0.433249 0.0940943 0.134691 0.24207 0.956246
1305031538.498490 -1.86771 0.207757 -0.444901 0.104561 0.123141 0.234608 0.958573
1305031538.534659 -1.85444 0.224699 -0.454233 0.111325 0.11182 0.229292 0.960483
1305031538.566473 -1.83994 0.24224 -0.462842 0.11319 0.100708 0.221551 0.963307
1305031538.598497 -1.82679 0.269663 -0.46983 0.112958 0.09156 0.212167 0.966355
1305031538.634075 -1.80638 0.291764 -0.480297 0.104965 0.0834312 0.207607 0.968979
1305031538.666052 -1.78885 0.304973 -0.491184 0.100464 0.0801064 0.204312 0.970436
1305031538.698387 -1.78642 0.332953 -0.494272 0.0990461 0.0756027 0.199357 0.971973
1305031538.734584 -1.77851 0.358597 -0.49972 0.085647 0.0624713 0.199717 0.974102
1305031538.766510 -1.75702 0.373735 -0.509845 0.0687525 0.0451313 0.202494 0.975824
1305031538.798755 -1.74438 0.401153 -0.518312 0.0582187 0.0335056 0.202117 0.977055
1305031538.832497 -1.72899 0.423086 -0.526153 0.0383678 0.0241228 0.197606 0.979233
1305031538.867193 -1.70643 0.435137 -0.533985 0.0197346 0.0176689 0.192823 0.980876
1305031538.899432 -1.68687 0.454315 -0.543762 0.00795116 0.0150763 0.189668 0.9817
1305031538.936017 -1.66722 0.475371 -0.552657 -0.00310488 0.0118807 0.189633 0.981778
1305031538.967667 -1.64593 0.491289 -0.560494 -0.0150378 0.00778186 0.189994 0.981639
1305031538.999448 -1.62463 0.506697 -0.567558 -0.023995 0.00519906 0.189687 0.981538
1305031539.034977 -1.60194 0.523929 -0.574828 -0.0316544 0.00254957 0.18861 0.981538
1305031539.067603 -1.57779 0.538899 -0.580642 -0.038977 -2.25943e-05 0.185727 0.981828
1305031539.099360 -1.55429 0.556094 -0.586688 -0.044457 -0.00315016 0.181631 0.982356
1305031539.135768 -1.53241 0.57245 -0.590303 -0.0525106 -0.00656739 0.177144 0.982761
1305031539.167546 -1.50852 0.58693 -0.592769 -0.0599915 -0.0112654 0.172252 0.98316
1305031539.199492 -1.48675 0.604371 -0.594587 -0.0683245 -0.0178664 0.167481 0.983343
1305031539.235629 -1.46448 0.618325 -0.594347 -0.0813091 -0.0285266 0.163031 0.982851
1305031539.267760 -1.44051 0.630752 -0.593677 -0.0942023 -0.0436993 0.155079 0.982429
1305031539.299592 -1.4153 0.644818 -0.594074 -0.104942 -0.0569231 0.144906 0.982216
1305031539.335706 -1.39096 0.658452 -0.593937 -0.119867 -0.0663518 0.129839 0.982024
1305031539.367585 -1.36584 0.671363 -0.59398 -0.135174 -0.07265 0.108437 0.982187
1305031539.399501 -1.34105 0.681763 -0.594045 -0.149813 -0.0753708 0.0868541 0.982004
1305031539.435549 -1.31504 0.692 -0.594088 -0.167977 -0.0777402 0.0673714 0.980409
1305031539.467525 -1.28798 0.70296 -0.595192 -0.181191 -0.0824397 0.0519385 0.978609
1305031539.499639 -1.26444 0.70782 -0.595842 -0.189261 -0.0914163 0.0429483 0.976718
1305031539.535499 -1.24133 0.713098 -0.597259 -0.195402 -0.104103 0.0359224 0.97452
1305031539.567517 -1.2148 0.717777 -0.598406 -0.20023 -0.116064 0.0278729 0.972451
1305031539.599060 -1.18887 0.718294 -0.599719 -0.201352 -0.12481 0.0197896 0.971333
1305031539.635592 -1.16282 0.717439 -0.60142 -0.199895 -0.133299 0.00895704 0.970666
1305031539.667412 -1.1349 0.715983 -0.601815 -0.197854 -0.140863 -0.00705739 0.970032
1305031539.703794 -1.10922 0.712858 -0.601446 -0.19139 -0.145971 -0.0217041 0.970356
1305031539.735675 -1.08456 0.712653 -0.601972 -0.183236 -0.152417 -0.0335504 0.970602
1305031539.767637 -1.06001 0.713704 -0.601152 -0.177589 -0.161304 -0.0437501 0.969809
1305031539.803605 -1.03474 0.715406 -0.598128 -0.174203 -0.170387 -0.0547754 0.968309
1305031539.832088 -1.01274 0.715136 -0.59404 -0.17023 -0.180764 -0.0634389 0.966603
1305031539.867127 -0.98944 0.719948 -0.58961 -0.165457 -0.195243 -0.0735126 0.963898
1305031539.903594 -0.964935 0.722887 -0.58261 -0.164532 -0.208696 -0.0850641 0.960281
1305031539.935437 -0.940158 0.72654 -0.574394 -0.164659 -0.220824 -0.0994748 0.956153
1305031539.967652 -0.915611 0.726576 -0.564153 -0.16542 -0.228014 -0.115754 0.952495
1305031540.003691 -0.892141 0.725909 -0.554569 -0.161036 -0.231681 -0.127112 0.950912
1305031540.035614 -0.867918 0.726143 -0.544704 -0.155635 -0.235543 -0.13784 0.949367
1305031540.067782 -0.847802 0.719659 -0.535822 -0.150897 -0.234623 -0.144307 0.949399
1305031540.103651 -0.824903 0.715603 -0.526634 -0.136025 -0.23676 -0.149427 0.950323
1305031540.135787 -0.799553 0.714405 -0.518082 -0.12108 -0.238307 -0.150312 0.951817
1305031540.167625 -0.777468 0.708081 -0.51065 -0.110709 -0.234868 -0.148031 0.954289
1305031540.204012 -0.75506 0.701957 -0.504191 -0.0965169 -0.22874 -0.142384 0.95817
1305031540.235943 -0.737462 0.692971 -0.50084 -0.0835133 -0.221868 -0.134084 0.962196
1305031540.267794 -0.722686 0.686324 -0.499364 -0.0636621 -0.22303 -0.12722 0.964375
1305031540.303627 -0.698455 0.688964 -0.495427 -0.0458747 -0.229519 -0.117998 0.965035
1305031540.335660 -0.681196 0.680371 -0.493112 -0.0351998 -0.231485 -0.109311 0.966037
1305031540.367613 -0.657394 0.679899 -0.489417 -0.0185307 -0.231199 -0.0995182 0.967626
1305031540.403545 -0.639536 0.669993 -0.487627 -0.00823524 -0.22356 -0.0869269 0.970771
1305031540.435756 -0.62131 0.661752 -0.486898 0.00650498 -0.220327 -0.0730788 0.972663
1305031540.467365 -0.601257 0.661784 -0.486423 0.0200778 -0.219073 -0.0573609 0.973814
1305031540.502953 -0.58267 0.649722 -0.487027 0.031 -0.215412 -0.0418351 0.975134
1305031540.535194 -0.562104 0.654822 -0.487305 0.0483197 -0.213707 -0.0273974 0.975317
1305031540.563522 -0.541614 0.648987 -0.487417 0.0587969 -0.207492 -0.0188097 0.976287
1305031540.603376 -0.520771 0.643365 -0.488663 0.0731058 -0.195479 -0.00987252 0.977929
1305031540.635224 -0.499989 0.651724 -0.488505 0.0872734 -0.184844 -0.000691107 0.978885
1305031540.667294 -0.479681 0.650071 -0.487974 0.0929626 -0.171804 0.00675741 0.980712
1305031540.703386 -0.458221 0.650367 -0.48767 0.101471 -0.157066 0.0177747 0.982201
1305031540.735694 -0.439295 0.653821 -0.487445 0.106464 -0.144209 0.0292135 0.98337
1305031540.767548 -0.420493 0.65186 -0.487667 0.108483 -0.127698 0.0402178 0.985042
1305031540.803232 -0.403031 0.653712 -0.488069 0.114176 -0.107908 0.052623 0.98618
1305031540.835181 -0.377755 0.660544 -0.485282 0.118752 -0.0870095 0.0629768 0.987097
1305031540.871023 -0.361865 0.659867 -0.487031 0.119542 -0.0627451 0.0739873 0.988078
1305031540.903222 -0.345113 0.662812 -0.488009 0.122453 -0.042027 0.0846559 0.987964
1305031540.935050 -0.330717 0.667401 -0.488513 0.125016 -0.0209209 0.0961802 0.98726
1305031540.971078 -0.320546 0.668704 -0.49068 0.125543 -0.00233289 0.110238 0.985942
1305031541.003228 -0.307898 0.664434 -0.494461 0.126871 0.0104573 0.121644 0.984377
1305031541.034514 -0.296491 0.666214 -0.497212 0.132972 0.0226133 0.131634 0.982079
1305031541.070217 -0.287104 0.663667 -0.49899 0.137841 0.0337937 0.144928 0.979211
1305031541.099997 -0.284627 0.664305 -0.498358 0.144957 0.0426148 0.153597 0.976514
1305031541.135330 -0.278065 0.665371 -0.49815 0.148257 0.0479596 0.158414 0.975
1305031541.171574 -0.270191 0.663782 -0.498136 0.150609 0.0565703 0.16397 0.973258
1305031541.202996 -0.272294 0.664741 -0.494665 0.155049 0.0654513 0.168648 0.971202
1305031541.235198 -0.274301 0.665634 -0.490132 0.152882 0.0658265 0.169932 0.971297
1305031541.267954 -0.274221 0.66433 -0.485287 0.148735 0.0625306 0.172745 0.971662
1305031541.301672 -0.276503 0.662301 -0.479226 0.143845 0.0574335 0.176527 0.972033
1305031541.331852 -0.277924 0.658203 -0.47379 0.139437 0.049579 0.177321 0.972963
1305031541.371250 -0.282645 0.656532 -0.466724 0.135178 0.0387341 0.175432 0.974397
1305031541.402022 -0.285043 0.65434 -0.461769 0.129233 0.0271118 0.171693 0.976261
1305031541.431932 -0.287376 0.649301 -0.456882 0.12364 0.0161682 0.165045 0.978372
1305031541.471366 -0.291457 0.642912 -0.452956 0.120046 0.00578197 0.157228 0.980222
1305031541.501569 -0.299015 0.638813 -0.447882 0.115792 -0.0055636 0.145454 0.98255
1305031541.535345 -0.306089 0.633839 -0.443948 0.110253 -0.0175933 0.132707 0.984847
1305031541.569819 -0.310671 0.629853 -0.439523 0.105123 -0.028841 0.118642 0.986935
1305031541.603472 -0.318202 0.623805 -0.436904 0.0993048 -0.0403729 0.106009 0.98857
1305031541.635279 -0.324805 0.616901 -0.434284 0.0952989 -0.054651 0.0913199 0.989743
1305031541.671483 -0.330298 0.610259 -0.431319 0.0920719 -0.069391 0.0750941 0.990489
1305031541.703527 -0.335355 0.604294 -0.427507 0.088699 -0.0843591 0.0546062 0.990976
1305031541.734963 -0.340241 0.597392 -0.423958 0.0852325 -0.0984876 0.0309115 0.991
1305031541.771656 -0.34801 0.593489 -0.42165 0.0820281 -0.111687 0.00209098 0.99035
1305031541.803338 -0.353605 0.58729 -0.418032 0.0768995 -0.120754 -0.0346716 0.989092
1305031541.835259 -0.360606 0.581049 -0.415618 0.068633 -0.126658 -0.0687537 0.987178
1305031541.871359 -0.367538 0.572919 -0.415126 0.0632775 -0.137625 -0.0957733 0.98381
1305031541.903131 -0.372892 0.568903 -0.41295 0.0626397 -0.153495 -0.116362 0.979273
1305031541.932460 -0.378841 0.564356 -0.410351 0.058618 -0.1726 -0.130395 0.974562
1305031541.969202 -0.387137 0.558087 -0.408661 0.0550321 -0.193515 -0.137448 0.969862
1305031542.000034 -0.391904 0.555277 -0.404611 0.0549272 -0.214834 -0.140204 0.964973
1305031542.032795 -0.397117 0.552352 -0.400744 0.054007 -0.238572 -0.144167 0.958844
1305031542.069819 -0.400131 0.552636 -0.395559 0.0553694 -0.255858 -0.149618 0.95346
1305031542.102573 -0.400354 0.553471 -0.38751 0.0579147 -0.265868 -0.15938 0.948977
1305031542.139294 -0.402405 0.554069 -0.37999 0.0571382 -0.27227 -0.171446 0.945098
1305031542.170485 -0.407861 0.548007 -0.374346 0.0533427 -0.277203 -0.181216 0.942058
1305031542.202214 -0.410036 0.54768 -0.366348 0.0517774 -0.28696 -0.18534 0.938415
1305031542.237243 -0.413561 0.547781 -0.359394 0.0462557 -0.299277 -0.190301 0.933852
1305031542.269752 -0.413831 0.543738 -0.35001 0.0428442 -0.310766 -0.195439 0.929189
1305031542.301218 -0.407199 0.5472 -0.336018 0.0421901 -0.318546 -0.202001 0.925172
1305031542.338812 -0.404787 0.542837 -0.32425 0.0366399 -0.317217 -0.211225 0.923805
1305031542.371582 -0.403757 0.536676 -0.314424 0.0325973 -0.312855 -0.216905 0.924127
1305031542.403140 -0.400444 0.534156 -0.303158 0.0278512 -0.312512 -0.216983 0.92438
1305031542.439210 -0.397835 0.530062 -0.292998 0.0201305 -0.313124 -0.215136 0.924805
1305031542.471527 -0.393893 0.520907 -0.282503 0.0144504 -0.314251 -0.213012 0.925021
1305031542.503717 -0.387611 0.515399 -0.270895 0.0124579 -0.318218 -0.207343 0.924982
1305031542.539439 -0.378253 0.509208 -0.257449 0.00885765 -0.3227 -0.201199 0.924827
1305031542.571672 -0.370816 0.498842 -0.245978 0.00587738 -0.323309 -0.196064 0.925741
1305031542.603499 -0.360551 0.490358 -0.233075 0.00713343 -0.326119 -0.189899 0.926031
1305031542.639171 -0.348099 0.485022 -0.219107 0.0058273 -0.329849 -0.182033 0.926299
1305031542.668866 -0.339473 0.475139 -0.208045 0.00349462 -0.330662 -0.175026 0.927371
1305031542.702239 -0.327385 0.46877 -0.194443 0.00604843 -0.3333 -0.172227 0.926937
1305031542.737961 -0.314956 0.46385 -0.179386 0.00754117 -0.335235 -0.171968 0.926276
1305031542.771170 -0.304446 0.454949 -0.164964 0.00466105 -0.333558 -0.171699 0.92695
1305031542.803270 -0.295934 0.446661 -0.152962 0.00365459 -0.333843 -0.171695 0.926853
1305031542.839568 -0.285213 0.442683 -0.137281 0.00447196 -0.338175 -0.173625 0.924917
1305031542.871198 -0.275161 0.43598 -0.120959 0.000608269 -0.337918 -0.174582 0.924842
1305031542.903732 -0.265883 0.428662 -0.105316 -0.00264953 -0.336372 -0.1756 0.925209
1305031542.939215 -0.257571 0.422758 -0.0893094 -0.00609322 -0.336072 -0.177529 0.924933
1305031542.970866 -0.25091 0.412547 -0.0739603 -0.0105293 -0.338188 -0.178879 0.923862
1305031543.002677 -0.243381 0.407902 -0.058071 -0.0131394 -0.343774 -0.177115 0.922105
1305031543.039126 -0.237369 0.400034 -0.0419139 -0.019023 -0.347787 -0.17514 0.920874
1305031543.070710 -0.230126 0.39273 -0.0251344 -0.0221677 -0.353391 -0.172939 0.919084
1305031543.102755 -0.221758 0.387959 -0.00743785 -0.0263838 -0.358112 -0.172882 0.917154
1305031543.139358 -0.213655 0.379954 0.0104825 -0.0321159 -0.360607 -0.174408 0.915704
1305031543.170265 -0.205072 0.37273 0.0284969 -0.0366304 -0.361216 -0.176063 0.914977
1305031543.200190 -0.198162 0.362639 0.0443576 -0.0418934 -0.362427 -0.173444 0.914772
1305031543.238701 -0.190526 0.355121 0.059154 -0.0464068 -0.364987 -0.165267 0.915051
1305031543.270923 -0.183489 0.345627 0.0730833 -0.0511617 -0.366993 -0.157602 0.915347
1305031543.302962 -0.177876 0.335009 0.0842332 -0.0507446 -0.368922 -0.151468 0.91563
1305031543.338824 -0.171084 0.328993 0.0940159 -0.0463364 -0.371756 -0.145871 0.915627
1305031543.370800 -0.166025 0.321139 0.100988 -0.0448959 -0.373144 -0.141536 0.915814
1305031543.407586 -0.162533 0.312779 0.104451 -0.038801 -0.375211 -0.140769 0.915366
1305031543.436408 -0.159334 0.307627 0.106573 -0.031391 -0.378875 -0.141265 0.914064
1305031543.472193 -0.156508 0.302329 0.107419 -0.0259006 -0.381294 -0.140053 0.913416
1305031543.507662 -0.155325 0.297946 0.105578 -0.0214815 -0.384332 -0.139772 0.9123
1305031543.539811 -0.156245 0.293009 0.100727 -0.0154208 -0.389716 -0.143768 0.909514
1305031543.572301 -0.156435 0.289903 0.0961916 -0.0086197 -0.395042 -0.147524 0.906699
1305031543.607686 -0.160462 0.28466 0.0863309 -0.00604015 -0.396817 -0.149878 0.905558
1305031543.639875 -0.164512 0.283814 0.0756777 -0.000769242 -0.403704 -0.156759 0.90136
1305031543.671696 -0.169152 0.277556 0.0643325 -0.00262825 -0.408508 -0.163218 0.898039
1305031543.707488 -0.17458 0.26842 0.0498629 -0.00109359 -0.409143 -0.164078 0.897596
1305031543.739759 -0.177531 0.265396 0.0353488 0.00250583 -0.411939 -0.166005 0.895959
1305031543.771875 -0.18279 0.258096 0.0174494 0.00138111 -0.412998 -0.165799 0.895512
1305031543.807535 -0.187327 0.252081 -0.00174368 0.00261536 -0.415603 -0.160984 0.895182
1305031543.839894 -0.189564 0.2494 -0.0186674 0.00227788 -0.420221 -0.158532 0.893463
1305031543.871869 -0.192202 0.243063 -0.0374047 -0.00515139 -0.422469 -0.154783 0.893049
1305031543.907474 -0.193376 0.237059 -0.0564363 -0.0109298 -0.422232 -0.148646 0.89415
1305031543.939753 -0.195869 0.231472 -0.0787214 -0.0184528 -0.418998 -0.143519 0.896383
1305031543.970786 -0.197262 0.224453 -0.100663 -0.0213804 -0.413889 -0.140639 0.899144
1305031544.007529 -0.197254 0.217028 -0.121483 -0.0224006 -0.406443 -0.138408 0.902854
1305031544.038948 -0.197345 0.210957 -0.144086 -0.020031 -0.394532 -0.135091 0.908677
1305031544.070711 -0.198133 0.210508 -0.168047 -0.0150067 -0.380121 -0.133089 0.915189
1305031544.106609 -0.201726 0.207301 -0.193254 -0.0157285 -0.362953 -0.1288 0.922729
1305031544.137311 -0.209588 0.202741 -0.223964 -0.0127768 -0.346805 -0.119794 0.930168
1305031544.171722 -0.214267 0.205448 -0.250118 -0.0063 -0.33809 -0.112811 0.934307
1305031544.206571 -0.221605 0.205934 -0.275578 -0.00222904 -0.326864 -0.107728 0.938909
1305031544.238072 -0.228357 0.209345 -0.299985 0.00548352 -0.31423 -0.105246 0.943479
1305031544.267766 -0.23762 0.215606 -0.325159 0.011098 -0.299998 -0.103184 0.948278
1305031544.303584 -0.249098 0.220814 -0.349622 0.01734 -0.284585 -0.104019 0.952833
1305031544.338210 -0.26215 0.228153 -0.373495 0.0240104 -0.270368 -0.105301 0.95668
1305031544.367911 -0.274893 0.239809 -0.394936 0.0284678 -0.259533 -0.10666 0.959404
1305031544.405875 -0.287879 0.257391 -0.413084 0.0267382 -0.248812 -0.110037 0.961909
1305031544.437826 -0.306628 0.262588 -0.432714 0.0163339 -0.236279 -0.112598 0.965001
1305031544.469937 -0.328266 0.272457 -0.452556 0.0109883 -0.228682 -0.111279 0.967058
1305031544.505986 -0.348688 0.281203 -0.469336 0.00369059 -0.224753 -0.111372 0.968023
1305031544.539003 -0.372509 0.28901 -0.485753 -0.000588876 -0.223121 -0.113357 0.968177
1305031544.574785 -0.39349 0.29427 -0.497617 -0.00311793 -0.224559 -0.116973 0.967409
1305031544.607438 -0.413083 0.306274 -0.508768 -0.00296527 -0.227405 -0.117791 0.966646
1305031544.638925 -0.429479 0.321877 -0.516235 -0.008525 -0.231249 -0.119556 0.965483
1305031544.675602 -0.452668 0.325736 -0.525293 -0.0185344 -0.233128 -0.120945 0.964718
1305031544.703615 -0.472438 0.33431 -0.532765 -0.0210923 -0.238176 -0.12171 0.963335
1305031544.738977 -0.490273 0.340758 -0.53804 -0.0254393 -0.243391 -0.122124 0.961873
1305031544.775192 -0.509116 0.341294 -0.542172 -0.0266828 -0.245311 -0.123717 0.961148
1305031544.807101 -0.527008 0.345927 -0.545628 -0.0221125 -0.245121 -0.125853 0.961035
1305031544.839027 -0.541386 0.355555 -0.547834 -0.0184238 -0.245367 -0.126298 0.960991
1305031544.875379 -0.558661 0.366398 -0.549583 -0.0204491 -0.245301 -0.127581 0.960798
1305031544.907436 -0.578482 0.36812 -0.550399 -0.0255127 -0.243938 -0.132039 0.960421
1305031544.939009 -0.596016 0.373552 -0.549621 -0.025871 -0.240463 -0.139292 0.960263
1305031544.975561 -0.615705 0.374641 -0.549134 -0.0300904 -0.233668 -0.145632 0.960877
1305031545.007409 -0.638448 0.37297 -0.55079 -0.0358116 -0.229781 -0.148412 0.961193
1305031545.039484 -0.657631 0.371316 -0.551382 -0.0390826 -0.227124 -0.145668 0.962116
1305031545.075213 -0.675561 0.365498 -0.550518 -0.0397995 -0.221617 -0.143375 0.963714
1305031545.107171 -0.692346 0.364013 -0.549415 -0.0366448 -0.215788 -0.138498 0.965873
1305031545.139414 -0.707451 0.363345 -0.548276 -0.0363419 -0.209691 -0.129416 0.968484
1305031545.174984 -0.721665 0.362777 -0.547369 -0.0373823 -0.201125 -0.116692 0.971872
1305031545.207672 -0.734537 0.360839 -0.544998 -0.0390143 -0.192341 -0.104838 0.974932
1305031545.239686 -0.75181 0.353213 -0.543182 -0.0414403 -0.182387 -0.0917926 0.978055
1305031545.275412 -0.769133 0.349439 -0.541702 -0.0365238 -0.173806 -0.078019 0.981005
1305031545.306213 -0.780507 0.354693 -0.539968 -0.0313179 -0.169353 -0.0666917 0.982798
1305031545.339544 -0.795635 0.353129 -0.537812 -0.0312605 -0.163532 -0.0567959 0.984406
1305031545.375555 -0.811268 0.346961 -0.534965 -0.0308709 -0.15565 -0.0456286 0.986275
1305031545.407463 -0.827864 0.340708 -0.533154 -0.0278777 -0.147798 -0.0316346 0.988118
1305031545.439168 -0.843538 0.335921 -0.531345 -0.02163 -0.142436 -0.0187057 0.989391
1305031545.475453 -0.856489 0.32772 -0.528709 -0.0152494 -0.138754 -0.00942147 0.990165
1305031545.507417 -0.870607 0.319091 -0.52655 -0.00150126 -0.135058 0.000704628 0.990836
1305031545.539498 -0.885511 0.318219 -0.525297 0.0129567 -0.133335 0.0098786 0.990937
1305031545.578088 -0.901812 0.312035 -0.523156 0.0262609 -0.132953 0.0156872 0.99065
1305031545.603778 -0.91774 0.314375 -0.521251 0.0416309 -0.136067 0.0164082 0.989689
1305031545.635945 -0.931363 0.310636 -0.518959 0.0516977 -0.140542 0.0165643 0.988585
1305031545.673535 -0.942427 0.306872 -0.515342 0.0640555 -0.142635 0.0151712 0.987584
1305031545.706561 -0.956359 0.303857 -0.511416 0.0802001 -0.142204 0.0115862 0.986515
1305031545.739007 -0.96663 0.315108 -0.504939 0.093082 -0.141992 0.0104651 0.985426
1305031545.775565 -0.979171 0.3204 -0.498729 0.0946493 -0.141509 0.00948222 0.985356
1305031545.807492 -0.993627 0.327413 -0.491611 0.0951658 -0.14319 0.00644132 0.985088
1305031545.843386 -1.00428 0.336612 -0.483162 0.092517 -0.144907 0.003822 0.985103
1305031545.875515 -1.01351 0.345606 -0.474352 0.0839044 -0.143233 0.00134506 0.986125
1305031545.907616 -1.02008 0.352801 -0.465912 0.0733009 -0.138759 -0.00121967 0.987609
1305031545.943703 -1.02962 0.367069 -0.457697 0.0656471 -0.134273 -0.00368832 0.988761
1305031545.975685 -1.03703 0.376034 -0.449907 0.0515002 -0.130389 -0.00549138 0.990109
1305031546.007570 -1.0448 0.387662 -0.442705 0.0401976 -0.125888 -0.00385114 0.991222
1305031546.043793 -1.0509 0.404738 -0.436143 0.0277324 -0.123132 -0.00535561 0.991988
1305031546.075425 -1.05384 0.415727 -0.429412 0.0105965 -0.114937 -0.00559697 0.9933
1305031546.104074 -1.05892 0.423968 -0.42396 -0.00470592 -0.103575 -0.00287075 0.994606
1305031546.143517 -1.06004 0.434789 -0.419137 -0.0156021 -0.0947083 0.000216882 0.995383
1305031546.175972 -1.061 0.446864 -0.414651 -0.0258057 -0.0849451 0.00536052 0.996037
1305031546.207525 -1.06038 0.459987 -0.410126 -0.0358042 -0.07796 0.0100454 0.996263
1305031546.243573 -1.06007 0.467489 -0.405036 -0.0465547 -0.0678187 0.0176791 0.996454
1305031546.276113 -1.05814 0.476514 -0.399904 -0.050415 -0.0579925 0.024999 0.99673
1305031546.308117 -1.05235 0.496825 -0.395829 -0.0513561 -0.0518054 0.0314443 0.99684
1305031546.343932 -1.05122 0.504922 -0.390768 -0.0604354 -0.0421088 0.0422507 0.996388
1305031546.376105 -1.04956 0.515119 -0.385374 -0.0616873 -0.0360413 0.0519945 0.996088
1305031546.407683 -1.04537 0.529714 -0.380137 -0.0609088 -0.0336008 0.0604045 0.995747
1305031546.443985 -1.04408 0.538921 -0.374133 -0.0630364 -0.0306318 0.0688395 0.995163
1305031546.476002 -1.0417 0.554942 -0.368515 -0.0591505 -0.0298479 0.0746051 0.99501
1305031546.507978 -1.04143 0.566362 -0.362346 -0.0644049 -0.0266271 0.0794282 0.994401
1305031546.544091 -1.04054 0.5753 -0.35669 -0.0651942 -0.0240125 0.0841847 0.994025
1305031546.576436 -1.04077 0.590849 -0.351883 -0.0639903 -0.0215556 0.087152 0.993904
1305031546.604477 -1.04288 0.602289 -0.346389 -0.0694108 -0.0180601 0.0905468 0.993306
1305031546.644231 -1.04231 0.613995 -0.340798 -0.0759891 -0.0170592 0.0943786 0.992485
1305031546.676019 -1.04159 0.623723 -0.334938 -0.084355 -0.0147551 0.0964908 0.991643
1305031546.707952 -1.04038 0.631818 -0.329038 -0.0914501 -0.0126541 0.0976801 0.990927
1305031546.743907 -1.03901 0.642603 -0.323532 -0.0969624 -0.0090774 0.0978884 0.990421
1305031546.775885 -1.03961 0.649856 -0.317661 -0.107813 -0.00472546 0.0984855 0.98927
1305031546.808019 -1.03957 0.65443 -0.312109 -0.115638 -0.0027117 0.0978062 0.988461
1305031546.844098 -1.03919 0.658632 -0.306743 -0.119245 -0.00231561 0.0971799 0.988095
1305031546.876150 -1.03941 0.662032 -0.301882 -0.122126 -0.00382937 0.0976968 0.987687
1305031546.904254 -1.03871 0.662375 -0.297212 -0.123822 -0.005646 0.0955124 0.987681
1305031546.943871 -1.03927 0.663682 -0.293429 -0.120468 -0.00523455 0.0940609 0.988237
1305031546.975693 -1.04005 0.667049 -0.290041 -0.117421 -0.00560292 0.0921259 0.988784
1305031547.008548 -1.0417 0.666569 -0.286535 -0.118597 -0.00708723 0.091126 0.988727
1305031547.044236 -1.04126 0.667142 -0.283984 -0.116257 -0.00916865 0.0889986 0.989181
1305031547.074033 -1.04004 0.666668 -0.281746 -0.115899 -0.00841688 0.0864 0.98946
1305031547.109368 -1.03904 0.665285 -0.280229 -0.113686 -0.00541539 0.0845121 0.989901
1305031547.143020 -1.03876 0.663665 -0.279678 -0.109748 -0.00245093 0.0836355 0.990431
1305031547.172567 -1.03804 0.663169 -0.280297 -0.105962 -0.00117932 0.0843214 0.990788
1305031547.211605 -1.0382 0.661706 -0.281526 -0.104642 -0.00266014 0.0867803 0.990713
1305031547.244133 -1.03779 0.658583 -0.283121 -0.103183 -0.00544818 0.0870288 0.990833
1305031547.276566 -1.03729 0.65649 -0.285272 -0.0998736 -0.00591371 0.0867557 0.991193
1305031547.312300 -1.03759 0.655337 -0.287548 -0.0971217 -0.00627696 0.0868735 0.991454
1305031547.344201 -1.03837 0.653576 -0.290074 -0.0950672 -0.00656999 0.0877778 0.991572
1305031547.376783 -1.03848 0.653145 -0.292341 -0.0928997 -0.00879552 0.0887814 0.99167
1305031547.412309 -1.03798 0.651504 -0.29413 -0.0920677 -0.0120889 0.0899138 0.991611
1305031547.444479 -1.03774 0.649955 -0.295501 -0.090516 -0.0145672 0.0895126 0.991757
1305031547.475653 -1.03642 0.648218 -0.296529 -0.088511 -0.0160145 0.0880522 0.992046
1305031547.512129 -1.03544 0.64857 -0.297194 -0.0851524 -0.0161478 0.0871615 0.992417
1305031547.543063 -1.03545 0.648102 -0.297125 -0.0849147 -0.0154158 0.0862645 0.992527
1305031547.572452 -1.03441 0.646723 -0.296684 -0.08418 -0.0149251 0.0859049 0.992628
1305031547.610069 -1.03379 0.648144 -0.296333 -0.0826521 -0.014465 0.0872778 0.992644
1305031547.643685 -1.03357 0.646724 -0.295129 -0.085053 -0.0148377 0.0878261 0.992387
1305031547.675727 -1.03252 0.646494 -0.294284 -0.0838918 -0.0143717 0.0881303 0.992466
1305031547.712359 -1.03109 0.648851 -0.293172 -0.0853212 -0.0136891 0.087781 0.992385
1305031547.741819 -1.02932 0.645379 -0.292189 -0.0900008 -0.0134263 0.0871951 0.992027
1305031547.773659 -1.02787 0.646207 -0.291949 -0.0872526 -0.012538 0.086816 0.992317
1305031547.812136 -1.02671 0.64663 -0.291761 -0.0878386 -0.011601 0.0857335 0.992371
1305031547.844573 -1.02519 0.645564 -0.291576 -0.0884436 -0.0102507 0.0852876 0.99237
1305031547.875313 -1.02361 0.646299 -0.29143 -0.0878029 -0.0100399 0.0853277 0.992426
1305031547.912229 -1.02227 0.645548 -0.291248 -0.0892245 -0.0105854 0.0851445 0.992309
1305031547.942674 -1.02117 0.645337 -0.291206 -0.088742 -0.00947065 0.0859007 0.992298
1305031547.976525 -1.02097 0.64541 -0.29119 -0.0886458 -0.00849841 0.0865375 0.992261
