1305032354.009456 0 0 0 0 0 0 1
1305032354.045335 -0.000923219 -0.010068 0.000197738 -0.010301 0.00276725 -0.0044097 0.999933
1305032354.076940 -0.00166352 -0.0227244 -0.000733471 -0.0202205 0.00280458 -0.00514316 0.999778
1305032354.109860 -0.00357197 -0.0365312 -0.0027346 -0.031115 0.00245497 -0.00905778 0.999472
1305032354.145200 -0.00414903 -0.0499005 -0.00291819 -0.0468934 0.00499497 -0.0138433 0.998791
1305032354.177151 -0.00556516 -0.0649527 -0.00299823 -0.0635723 0.0085276 -0.00921842 0.997898
1305032354.209651 -0.00614523 -0.081189 -0.00474429 -0.0785311 0.0110654 -0.00277974 0.996846
1305032354.244910 -0.00653731 -0.097995 -0.00523844 -0.0944892 0.0131856 -0.00111307 0.995438
1305032354.277122 -0.00657095 -0.116586 -0.00583531 -0.107467 0.015552 -0.00118397 0.994086
1305032354.309733 -0.00711465 -0.133929 -0.00861465 -0.112811 0.016852 -0.00231181 0.993471
1305032354.345124 -0.00815035 -0.154105 -0.0100804 -0.118665 0.0167868 -0.00663912 0.99277
1305032354.377091 -0.00765867 -0.173885 -0.0113253 -0.123854 0.0165685 -0.0114198 0.992096
1305032354.407556 -0.00677829 -0.195599 -0.012953 -0.128592 0.0160528 -0.0155375 0.991446
1305032354.445200 -0.00698011 -0.217819 -0.0148301 -0.135171 0.0153529 -0.0212661 0.990475
1305032354.477221 -0.00601618 -0.236725 -0.0154451 -0.144659 0.0160967 -0.0254139 0.989024
1305032354.510161 -0.00431517 -0.254716 -0.0176892 -0.155673 0.0180918 -0.0259239 0.987303
1305032354.545622 -0.00368562 -0.271468 -0.0189519 -0.169387 0.0223138 -0.0243953 0.984995
1305032354.577445 -0.00161653 -0.286627 -0.0195638 -0.186663 0.0270457 -0.0190104 0.981868
1305032354.610249 -0.000856356 -0.301501 -0.0172094 -0.202414 0.0312354 -0.0118112 0.97873
1305032354.645613 -0.00032917 -0.31474 -0.0167935 -0.214623 0.0351351 -0.00454638 0.976054
1305032354.677651 -0.00101428 -0.327667 -0.0161291 -0.226135 0.0382235 0.002038 0.973344
1305032354.709984 -0.00138223 -0.341189 -0.0150109 -0.237989 0.0385115 0.00689826 0.97048
1305032354.745813 -0.00234915 -0.35434 -0.0130541 -0.249177 0.0367029 0.00895086 0.967721
1305032354.777561 -0.00293051 -0.369179 -0.0105375 -0.25879 0.0334037 0.00667887 0.965333
1305032354.813526 -0.00222701 -0.384944 -0.00842818 -0.265595 0.0296008 0.00229798 0.963627
1305032354.845896 -0.000178054 -0.400531 -0.00820235 -0.271516 0.0254765 -0.00233648 0.962094
1305032354.877727 0.00165335 -0.414577 -0.00733114 -0.278345 0.0218219 -0.00722012 0.960206
1305032354.913596 0.00268473 -0.429712 -0.00659032 -0.285698 0.0177661 -0.0120149 0.95808
1305032354.946029 0.00359603 -0.443279 -0.00601187 -0.294999 0.0128197 -0.0173684 0.955254
1305032354.977691 0.00686197 -0.458081 -0.00381615 -0.304426 0.00676983 -0.0267824 0.952135
1305032355.013557 0.0100185 -0.470681 -0.00400504 -0.311738 0.00139618 -0.0356012 0.9495
1305032355.045678 0.0118736 -0.483366 -0.000659747 -0.326177 -0.00474189 -0.0466465 0.944145
1305032355.077711 0.0130357 -0.499207 0.00653484 -0.337837 -0.0114715 -0.0574893 0.939377
1305032355.113721 0.0165793 -0.514595 0.0123764 -0.346421 -0.0219856 -0.0675862 0.935383
1305032355.145771 0.0194403 -0.528191 0.0169329 -0.355145 -0.0337308 -0.0749501 0.931191
1305032355.177863 0.0204663 -0.540825 0.0228807 -0.367317 -0.0468747 -0.0803886 0.925429
1305032355.213995 0.0226476 -0.554764 0.0311031 -0.378514 -0.0605566 -0.0865519 0.919548
1305032355.246379 0.0223554 -0.568795 0.0399942 -0.387767 -0.0744823 -0.090098 0.914315
1305032355.278991 0.0183084 -0.583022 0.0499704 -0.395653 -0.0903964 -0.0941142 0.909082
1305032355.312689 0.018562 -0.596918 0.0583732 -0.39986 -0.107715 -0.0958338 0.905166
1305032355.347016 0.0234702 -0.606195 0.0636095 -0.403506 -0.12378 -0.0959056 0.901479
1305032355.379246 0.0255626 -0.618262 0.074059 -0.408855 -0.138805 -0.0971598 0.896733
1305032355.415084 0.028653 -0.628961 0.0851954 -0.411219 -0.154251 -0.101126 0.892681
1305032355.446636 0.0329531 -0.639621 0.0932123 -0.411199 -0.166655 -0.107428 0.889719
1305032355.479127 0.037528 -0.65153 0.103109 -0.409979 -0.178391 -0.111012 0.887564
1305032355.514371 0.0443784 -0.660458 0.108405 -0.406274 -0.192561 -0.11184 0.886202
1305032355.546522 0.0533161 -0.668155 0.114309 -0.403537 -0.206613 -0.111748 0.884297
1305032355.578354 0.0646396 -0.675407 0.119623 -0.401445 -0.217797 -0.111138 0.882641
1305032355.614298 0.077277 -0.684344 0.129334 -0.40096 -0.226563 -0.111192 0.880646
1305032355.646429 0.089459 -0.695686 0.13839 -0.39831 -0.231678 -0.111534 0.880474
1305032355.679021 0.102813 -0.70874 0.14601 -0.395365 -0.237114 -0.111275 0.880387
1305032355.715171 0.114684 -0.719053 0.153543 -0.391785 -0.244149 -0.11016 0.880205
1305032355.747547 0.129479 -0.730162 0.161137 -0.386704 -0.251725 -0.108021 0.880583
1305032355.779172 0.149627 -0.734183 0.161573 -0.380698 -0.25603 -0.105353 0.88228
1305032355.815082 0.171109 -0.737569 0.176333 -0.379122 -0.257357 -0.106533 0.882431
1305032355.847746 0.179694 -0.753126 0.191545 -0.370569 -0.253744 -0.110511 0.886611
1305032355.879256 0.191578 -0.767417 0.188577 -0.348795 -0.252316 -0.119931 0.894592
1305032355.914958 0.212417 -0.770441 0.178713 -0.334481 -0.252376 -0.125232 0.899303
1305032355.947516 0.227321 -0.770782 0.175761 -0.333654 -0.250439 -0.126389 0.899989
1305032355.979562 0.240175 -0.773359 0.173948 -0.340918 -0.247908 -0.122274 0.898535
1305032356.015124 0.248678 -0.777164 0.175888 -0.352377 -0.247675 -0.115472 0.895072
1305032356.047385 0.24989 -0.784733 0.181022 -0.362255 -0.251955 -0.106977 0.89098
1305032356.083040 0.255594 -0.78941 0.189877 -0.364599 -0.26232 -0.0985605 0.887999
1305032356.114352 0.272419 -0.787783 0.190086 -0.361052 -0.275481 -0.0938473 0.885971
1305032356.146404 0.287622 -0.785855 0.190332 -0.360951 -0.285731 -0.0955246 0.88258
1305032356.182442 0.29833 -0.786655 0.195965 -0.361728 -0.295341 -0.103486 0.87819
1305032356.214279 0.306385 -0.791242 0.208188 -0.357232 -0.305439 -0.1149 0.875152
1305032356.246658 0.311567 -0.793705 0.214545 -0.346153 -0.314103 -0.124313 0.875251
1305032356.282363 0.324465 -0.791276 0.211045 -0.33371 -0.321354 -0.128149 0.876896
1305032356.314238 0.335214 -0.783444 0.210977 -0.329421 -0.324855 -0.125598 0.877597
1305032356.346442 0.338143 -0.780336 0.216639 -0.327896 -0.327754 -0.120681 0.87778
1305032356.382453 0.339935 -0.778475 0.22558 -0.319316 -0.334358 -0.115982 0.879085
1305032356.414237 0.344578 -0.77532 0.230931 -0.303899 -0.34302 -0.111218 0.881824
1305032356.446755 0.354925 -0.764573 0.233016 -0.287833 -0.351916 -0.107477 0.88417
1305032356.482444 0.366491 -0.752946 0.242247 -0.273715 -0.360498 -0.105901 0.885385
1305032356.514490 0.374577 -0.742048 0.248749 -0.25837 -0.364467 -0.107983 0.888115
1305032356.546721 0.384985 -0.728807 0.253232 -0.241442 -0.366187 -0.114394 0.891362
1305032356.582446 0.397919 -0.715085 0.254552 -0.224699 -0.366478 -0.123168 0.894446
1305032356.614314 0.414084 -0.691878 0.260358 -0.212913 -0.366402 -0.131076 0.896235
1305032356.646374 0.4211 -0.677557 0.264517 -0.205656 -0.36407 -0.138521 0.897759
1305032356.683322 0.427056 -0.665134 0.267634 -0.195271 -0.36148 -0.140402 0.900827
1305032356.715172 0.437713 -0.643911 0.268608 -0.184689 -0.359831 -0.136303 0.904341
1305032356.743534 0.45051 -0.625012 0.274512 -0.174954 -0.359111 -0.13067 0.907389
1305032356.782372 0.463259 -0.602293 0.276166 -0.164938 -0.357427 -0.124606 0.910777
1305032356.814985 0.47025 -0.585349 0.276897 -0.15669 -0.356228 -0.120037 0.913313
1305032356.846535 0.478491 -0.566392 0.279117 -0.145722 -0.357328 -0.111107 0.915826
1305032356.882068 0.489416 -0.544016 0.277069 -0.138496 -0.358748 -0.100103 0.917659
1305032356.914707 0.496308 -0.524463 0.276843 -0.1367 -0.359628 -0.0904263 0.918588
1305032356.947460 0.500782 -0.504838 0.276517 -0.136042 -0.361072 -0.078618 0.919206
1305032356.982294 0.507778 -0.483003 0.276419 -0.136009 -0.363622 -0.0652725 0.91925
1305032357.014261 0.515198 -0.463376 0.280268 -0.137026 -0.366804 -0.0541281 0.918558
1305032357.046550 0.520952 -0.449653 0.281501 -0.135981 -0.370027 -0.0454853 0.917889
1305032357.082118 0.524239 -0.434075 0.280087 -0.131805 -0.374913 -0.0368573 0.916902
1305032357.114108 0.528695 -0.418034 0.281392 -0.127701 -0.38181 -0.0290468 0.914915
1305032357.146528 0.535914 -0.401767 0.280669 -0.122124 -0.388779 -0.0219468 0.912938
1305032357.182108 0.543138 -0.385299 0.281403 -0.119784 -0.392348 -0.0161146 0.911841
1305032357.214184 0.547856 -0.370033 0.282246 -0.116357 -0.396105 -0.00946842 0.910754
1305032357.250098 0.554915 -0.356063 0.281509 -0.10776 -0.401269 -0.00244219 0.909596
1305032357.282087 0.563339 -0.339419 0.280861 -0.0988082 -0.401808 0.00588059 0.910358
1305032357.314085 0.571657 -0.322931 0.279581 -0.0943502 -0.400255 0.0161571 0.91139
1305032357.350168 0.576099 -0.30717 0.277397 -0.0905156 -0.399644 0.0256764 0.911829
1305032357.382141 0.581778 -0.289597 0.274972 -0.0859364 -0.399523 0.0327791 0.912097
1305032357.414454 0.585847 -0.272173 0.27363 -0.0874766 -0.398355 0.0372834 0.912289
1305032357.450340 0.590233 -0.256807 0.27095 -0.0910531 -0.396895 0.0442648 0.912263
1305032357.482241 0.59377 -0.239943 0.268993 -0.0970703 -0.395238 0.0529757 0.911898
1305032357.513987 0.597356 -0.223227 0.266548 -0.104132 -0.39295 0.0595541 0.911702
1305032357.549979 0.60121 -0.209206 0.26304 -0.109636 -0.39035 0.0655763 0.91176
1305032357.582946 0.604088 -0.195972 0.258978 -0.113124 -0.38868 0.0698409 0.911731
1305032357.611057 0.608007 -0.183458 0.25439 -0.116159 -0.387315 0.0712902 0.911818
1305032357.650783 0.612034 -0.17039 0.251406 -0.121501 -0.385411 0.0705283 0.911988
1305032357.683024 0.615237 -0.159366 0.249412 -0.127114 -0.38279 0.0682168 0.912502
1305032357.710979 0.620372 -0.149708 0.247791 -0.131327 -0.379695 0.0676636 0.91324
1305032357.750457 0.625506 -0.13807 0.245792 -0.135192 -0.375546 0.066068 0.914507
1305032357.783108 0.630899 -0.129472 0.245259 -0.138881 -0.371068 0.0625141 0.916031
1305032357.814444 0.635266 -0.120384 0.242211 -0.140038 -0.366498 0.0597811 0.917875
1305032357.850329 0.639584 -0.109593 0.239571 -0.141768 -0.36119 0.0548586 0.920019
1305032357.882357 0.642526 -0.0997797 0.239079 -0.1441 -0.354823 0.0517189 0.922313
1305032357.914168 0.646323 -0.0943476 0.236881 -0.142842 -0.347453 0.0509652 0.925351
1305032357.948987 0.646786 -0.0880421 0.233744 -0.139856 -0.339761 0.0519433 0.928604
1305032357.982077 0.64671 -0.0803488 0.230443 -0.135401 -0.334907 0.0535835 0.930931
1305032358.010855 0.645991 -0.0754965 0.229957 -0.130457 -0.332486 0.0536031 0.932502
1305032358.050220 0.644121 -0.0691747 0.229643 -0.119758 -0.330075 0.056915 0.934596
1305032358.082211 0.640246 -0.0638028 0.229145 -0.110119 -0.327943 0.0595471 0.936366
1305032358.115784 0.636665 -0.0583309 0.230516 -0.0992936 -0.328028 0.0607204 0.937471
1305032358.150676 0.630671 -0.0586141 0.233768 -0.085391 -0.328953 0.0617408 0.938449
1305032358.183396 0.622968 -0.0557475 0.235371 -0.073253 -0.329854 0.0629273 0.939079
1305032358.214748 0.61442 -0.0513305 0.238316 -0.0613192 -0.331996 0.0642322 0.939091
1305032358.251221 0.606058 -0.045321 0.241533 -0.0485014 -0.33509 0.0707277 0.938275
1305032358.283060 0.59725 -0.0414475 0.247341 -0.0399461 -0.339301 0.0735428 0.936947
1305032358.314611 0.587175 -0.0334423 0.25041 -0.0334854 -0.34156 0.0803812 0.935818
1305032358.350749 0.579068 -0.028254 0.254435 -0.0252426 -0.345956 0.0876118 0.93381
1305032358.381865 0.57125 -0.0224624 0.259299 -0.0237141 -0.350588 0.0920536 0.931693
1305032358.414355 0.561751 -0.0147747 0.260192 -0.0224984 -0.356622 0.0929279 0.929343
1305032358.447967 0.556293 -0.00895504 0.262328 -0.0184525 -0.363681 0.0928719 0.926699
1305032358.481387 0.554003 -0.00259369 0.264556 -0.0198169 -0.366823 0.0944275 0.925274
1305032358.517650 0.553137 0.00586807 0.266547 -0.0264045 -0.367867 0.0955217 0.924582
1305032358.548167 0.553331 0.0126019 0.267181 -0.0303342 -0.367515 0.0952856 0.924626
1305032358.582146 0.55551 0.0181855 0.266822 -0.0332381 -0.366263 0.0957223 0.924978
1305032358.616710 0.557283 0.0228132 0.265429 -0.0365992 -0.364954 0.0964083 0.925297
1305032358.649112 0.558532 0.0260389 0.264583 -0.0393712 -0.364654 0.0951144 0.925435
1305032358.681202 0.56043 0.0265866 0.262868 -0.0404252 -0.364488 0.0964683 0.925315
1305032358.716920 0.561202 0.0232621 0.261933 -0.0418362 -0.364439 0.0968635 0.925231
1305032358.746598 0.563022 0.0184402 0.261607 -0.0419365 -0.365485 0.0981964 0.924673
1305032358.779352 0.564912 0.00901218 0.26029 -0.0399708 -0.36732 0.0996283 0.923879
1305032358.817050 0.566616 -0.00146872 0.258536 -0.0376293 -0.371213 0.0979888 0.922596
1305032358.849277 0.568654 -0.0139901 0.256888 -0.0349359 -0.377394 0.0947835 0.920527
1305032358.882669 0.572353 -0.0274223 0.255638 -0.0316323 -0.382599 0.0917291 0.918805
1305032358.917982 0.576682 -0.0422727 0.25381 -0.0304405 -0.38599 0.0911793 0.917481
1305032358.951038 0.58061 -0.0572673 0.25114 -0.0329 -0.389308 0.087581 0.916344
1305032358.983085 0.586752 -0.0709044 0.248211 -0.0337556 -0.393599 0.0821162 0.914985
1305032359.019148 0.594856 -0.0838958 0.244902 -0.0382247 -0.397898 0.0744075 0.913608
1305032359.051225 0.602794 -0.0972424 0.244474 -0.0473761 -0.400567 0.0615688 0.912968
1305032359.082899 0.611964 -0.110838 0.243253 -0.0561628 -0.401504 0.0490394 0.912817
1305032359.118855 0.620999 -0.123914 0.243588 -0.0640923 -0.401939 0.0404597 0.912524
1305032359.151254 0.630622 -0.139677 0.243517 -0.0729387 -0.400185 0.030485 0.913019
1305032359.183363 0.639992 -0.154 0.244199 -0.082153 -0.398036 0.0211759 0.913438
1305032359.219267 0.650045 -0.170316 0.244313 -0.0946471 -0.395602 0.0127938 0.913442
1305032359.251063 0.659921 -0.185186 0.246528 -0.110606 -0.392396 0.00577856 0.913104
1305032359.283123 0.667711 -0.200396 0.247872 -0.127496 -0.386739 -0.00178844 0.913331
1305032359.319238 0.673695 -0.216858 0.249536 -0.141361 -0.383302 -0.0119583 0.912663
1305032359.350945 0.679799 -0.234732 0.252714 -0.154513 -0.381084 -0.0221887 0.911267
1305032359.383033 0.684977 -0.252774 0.256018 -0.1694 -0.378135 -0.0300342 0.909624
1305032359.418684 0.689484 -0.270127 0.25969 -0.18159 -0.375739 -0.0372579 0.907996
1305032359.450700 0.691408 -0.289062 0.262685 -0.190512 -0.374582 -0.0468421 0.9062
1305032359.482630 0.694364 -0.307622 0.266737 -0.199608 -0.373647 -0.0576835 0.904001
1305032359.517271 0.694872 -0.328023 0.272457 -0.210325 -0.372606 -0.0646214 0.901528
1305032359.549406 0.69801 -0.347697 0.278273 -0.216016 -0.373075 -0.0679274 0.899743
1305032359.580783 0.699818 -0.363225 0.284142 -0.224336 -0.372868 -0.0724863 0.897435
1305032359.618509 0.699555 -0.379855 0.293295 -0.240033 -0.369691 -0.0754247 0.89444
1305032359.648297 0.69954 -0.39623 0.302894 -0.253296 -0.367368 -0.0777716 0.891534
1305032359.682616 0.697978 -0.412054 0.312502 -0.265366 -0.366377 -0.081689 0.888074
1305032359.717507 0.69325 -0.42968 0.320946 -0.274525 -0.367051 -0.0880476 0.884396
1305032359.747140 0.68977 -0.445894 0.329914 -0.281805 -0.371853 -0.093068 0.879574
1305032359.784467 0.686823 -0.459908 0.341343 -0.290528 -0.375892 -0.0978725 0.874483
1305032359.814695 0.683857 -0.47656 0.353902 -0.297459 -0.377698 -0.105189 0.870516
1305032359.847549 0.680295 -0.490744 0.364894 -0.303584 -0.380138 -0.112627 0.866399
1305032359.886136 0.67587 -0.506555 0.377972 -0.311984 -0.382329 -0.11877 0.861617
1305032359.915265 0.671665 -0.521806 0.390341 -0.318268 -0.38533 -0.126001 0.856942
1305032359.947309 0.667263 -0.535446 0.401625 -0.324852 -0.389502 -0.134067 0.851343
1305032359.984090 0.662972 -0.547696 0.412922 -0.331667 -0.394262 -0.142381 0.845152
1305032360.018877 0.659232 -0.556437 0.423534 -0.339774 -0.399538 -0.151714 0.837798
1305032360.051651 0.653493 -0.566818 0.435882 -0.349858 -0.404715 -0.163641 0.828871
1305032360.087324 0.646852 -0.574932 0.447298 -0.35949 -0.409869 -0.174336 0.819989
1305032360.119052 0.640739 -0.583714 0.460141 -0.36982 -0.416224 -0.185677 0.809638
1305032360.151201 0.633408 -0.591883 0.475177 -0.378481 -0.423503 -0.195238 0.799549
1305032360.187139 0.625146 -0.601031 0.489377 -0.385426 -0.43207 -0.203903 0.789421
1305032360.218935 0.615915 -0.608954 0.504376 -0.389458 -0.440424 -0.21391 0.780123
1305032360.251170 0.604572 -0.615916 0.520519 -0.392337 -0.448126 -0.223534 0.771548
1305032360.285679 0.592168 -0.624624 0.537301 -0.39361 -0.45782 -0.230914 0.762988
1305032360.318280 0.579057 -0.634536 0.552713 -0.391375 -0.469336 -0.236354 0.755438
1305032360.347303 0.564937 -0.645823 0.566495 -0.385765 -0.479746 -0.2422 0.749912
1305032360.387567 0.556924 -0.653788 0.580946 -0.377887 -0.49299 -0.248281 0.743316
1305032360.419307 0.547363 -0.661465 0.592961 -0.373684 -0.504797 -0.255669 0.734965
1305032360.447080 0.536895 -0.67024 0.605625 -0.370185 -0.513424 -0.266127 0.727005
1305032360.487302 0.526295 -0.680077 0.618449 -0.365804 -0.520247 -0.275975 0.720672
1305032360.516084 0.516123 -0.686652 0.630101 -0.361503 -0.526559 -0.284026 0.715108
1305032360.550452 0.503606 -0.694775 0.641957 -0.359318 -0.531283 -0.28973 0.710412
1305032360.585577 0.489288 -0.702966 0.65259 -0.356254 -0.535484 -0.294434 0.706858
1305032360.616453 0.475787 -0.710865 0.663256 -0.351276 -0.54073 -0.29943 0.703248
1305032360.651196 0.459735 -0.719066 0.674061 -0.341292 -0.549452 -0.306245 0.698453
1305032360.683724 0.442518 -0.726805 0.682605 -0.327016 -0.559817 -0.312611 0.694219
1305032360.716902 0.424606 -0.733317 0.690257 -0.309422 -0.570046 -0.317875 0.691564
1305032360.750823 0.412081 -0.738543 0.694447 -0.292532 -0.579927 -0.318759 0.690292
1305032360.787088 0.400023 -0.740405 0.695896 -0.281725 -0.588003 -0.31359 0.690322
1305032360.817705 0.387592 -0.743978 0.69775 -0.277092 -0.594909 -0.304561 0.690323
1305032360.851074 0.378558 -0.741939 0.70161 -0.274543 -0.602093 -0.295768 0.688935
1305032360.887553 0.373073 -0.740229 0.705751 -0.27292 -0.607847 -0.292137 0.68607
1305032360.919281 0.364988 -0.736268 0.710098 -0.271202 -0.613164 -0.295733 0.680456
1305032360.951273 0.354271 -0.735512 0.714286 -0.267224 -0.619445 -0.300905 0.674044
1305032360.983341 0.34893 -0.73321 0.718028 -0.262623 -0.626693 -0.301376 0.668923
1305032361.019684 0.34713 -0.726836 0.71997 -0.263132 -0.631792 -0.299983 0.664538
1305032361.055112 0.344939 -0.719676 0.72459 -0.266731 -0.63673 -0.301481 0.657676
1305032361.083402 0.339097 -0.716482 0.733283 -0.267844 -0.642792 -0.30646 0.648968
1305032361.118826 0.333597 -0.714227 0.738516 -0.264071 -0.649978 -0.310351 0.641465
1305032361.155055 0.329872 -0.711435 0.743727 -0.255875 -0.659129 -0.30991 0.635636
1305032361.187451 0.331036 -0.708505 0.75128 -0.24391 -0.669748 -0.306073 0.631082
1305032361.214912 0.334415 -0.705088 0.761445 -0.229553 -0.680276 -0.300944 0.627665
1305032361.250889 0.342516 -0.69794 0.769917 -0.215119 -0.689531 -0.294533 0.625716
1305032361.283006 0.353781 -0.689178 0.779743 -0.203118 -0.698791 -0.287146 0.622882
1305032361.318300 0.36858 -0.677465 0.790302 -0.193801 -0.706926 -0.280959 0.619482
1305032361.353596 0.381836 -0.6652 0.801885 -0.189944 -0.712619 -0.277818 0.615559
1305032361.385885 0.393361 -0.655216 0.811605 -0.186949 -0.718894 -0.275445 0.610223
1305032361.418314 0.408856 -0.64205 0.825428 -0.183162 -0.726018 -0.272731 0.604126
1305032361.454287 0.420948 -0.630845 0.841485 -0.179063 -0.732032 -0.27266 0.598099
1305032361.482980 0.434544 -0.62007 0.855666 -0.173897 -0.736427 -0.27107 0.594942
1305032361.517186 0.450715 -0.609043 0.867616 -0.169795 -0.740364 -0.268129 0.592568
1305032361.554410 0.463691 -0.600457 0.879031 -0.163195 -0.745992 -0.264643 0.58892
1305032361.586249 0.477228 -0.594926 0.891352 -0.15084 -0.752864 -0.260177 0.58545
1305032361.614853 0.494547 -0.582399 0.90538 -0.13815 -0.758159 -0.254134 0.584402
1305032361.654354 0.508539 -0.573311 0.920043 -0.127393 -0.762509 -0.246489 0.584461
1305032361.683032 0.523769 -0.561853 0.934823 -0.115345 -0.765186 -0.235317 0.588058
1305032361.715384 0.538284 -0.550187 0.94534 -0.106175 -0.765663 -0.222544 0.594105
1305032361.754316 0.552248 -0.535243 0.958761 -0.101417 -0.765615 -0.209011 0.599886
1305032361.782986 0.564269 -0.520133 0.972769 -0.104066 -0.76209 -0.197352 0.607817
1305032361.819589 0.575673 -0.504637 0.984059 -0.110447 -0.756111 -0.18795 0.617067
1305032361.855109 0.587644 -0.486431 0.9927 -0.117146 -0.749481 -0.181625 0.625753
1305032361.886775 0.596135 -0.472743 0.996286 -0.123405 -0.743741 -0.178262 0.632331
1305032361.919175 0.602984 -0.45649 1.00264 -0.127819 -0.740692 -0.172983 0.636486
1305032361.955033 0.608479 -0.445568 1.00415 -0.128366 -0.738833 -0.163557 0.641013
1305032361.987135 0.619158 -0.429382 1.00848 -0.128749 -0.739236 -0.14912 0.643985
1305032362.019273 0.628001 -0.407225 1.01544 -0.135429 -0.73948 -0.144118 0.643473
1305032362.054809 0.631243 -0.391667 1.02273 -0.140171 -0.738176 -0.141558 0.644523
1305032362.086432 0.63513 -0.376172 1.02925 -0.146114 -0.73553 -0.133246 0.647991
1305032362.118268 0.640575 -0.359694 1.03406 -0.1533 -0.733187 -0.121169 0.651347
1305032362.154488 0.646331 -0.341101 1.04123 -0.158554 -0.7314 -0.109466 0.654165
1305032362.186946 0.651983 -0.322215 1.045 -0.16124 -0.731148 -0.101045 0.655144
1305032362.223302 0.656843 -0.303218 1.04929 -0.162155 -0.732491 -0.0952299 0.654289
1305032362.254745 0.660983 -0.282692 1.05531 -0.165295 -0.733747 -0.0887119 0.653011
1305032362.286962 0.66431 -0.264282 1.05959 -0.169533 -0.735283 -0.0828188 0.650968
1305032362.322988 0.666733 -0.246635 1.06462 -0.170833 -0.738368 -0.0773059 0.647806
1305032362.355069 0.670528 -0.228605 1.07046 -0.170348 -0.743003 -0.0711388 0.643325
1305032362.386153 0.672469 -0.210267 1.07595 -0.169887 -0.748534 -0.0654666 0.637612
1305032362.421202 0.673463 -0.19134 1.08339 -0.16712 -0.754543 -0.058933 0.631872
1305032362.452718 0.674673 -0.172558 1.09305 -0.162873 -0.760247 -0.0524102 0.626697
1305032362.487094 0.676494 -0.154766 1.10111 -0.161508 -0.764657 -0.0469828 0.622099
1305032362.523226 0.675857 -0.137339 1.1071 -0.160582 -0.768763 -0.0427868 0.617565
1305032362.554152 0.674389 -0.12088 1.11267 -0.156689 -0.772863 -0.0402742 0.613603
1305032362.586874 0.671743 -0.105778 1.11787 -0.153325 -0.776014 -0.0351881 0.610782
1305032362.623276 0.671526 -0.0899534 1.12274 -0.151833 -0.77829 -0.0276225 0.608645
1305032362.655272 0.670313 -0.0736583 1.12496 -0.153866 -0.779396 -0.0240469 0.606867
1305032362.687068 0.669122 -0.058341 1.12564 -0.157322 -0.780972 -0.0208936 0.604066
1305032362.723139 0.66817 -0.0435558 1.12479 -0.160914 -0.783105 -0.0177444 0.600448
1305032362.752501 0.664638 -0.0308415 1.12338 -0.163153 -0.785019 -0.0149869 0.597413
1305032362.786189 0.662332 -0.0195733 1.12503 -0.165147 -0.786416 -0.00852617 0.59515
1305032362.822975 0.660175 -0.00883952 1.12465 -0.16463 -0.787457 -0.000488257 0.593977
1305032362.854747 0.658327 0.00166772 1.1255 -0.163241 -0.788379 0.00728635 0.593091
1305032362.887079 0.656599 0.0117561 1.12571 -0.161944 -0.789449 0.0147414 0.591885
1305032362.922917 0.654774 0.0204619 1.12529 -0.15718 -0.791379 0.019188 0.590463
1305032362.955254 0.652937 0.0281754 1.12618 -0.15097 -0.792348 0.0239211 0.59061
1305032362.987432 0.650693 0.0364998 1.12817 -0.146058 -0.791652 0.0351725 0.592213
1305032363.023019 0.649109 0.0429178 1.13015 -0.138056 -0.790987 0.048751 0.594056
1305032363.050785 0.648307 0.0495528 1.13194 -0.128685 -0.788831 0.05818 0.598165
1305032363.087129 0.646851 0.0579154 1.13232 -0.123965 -0.784919 0.0703197 0.602984
1305032363.121871 0.647662 0.0658374 1.13135 -0.11645 -0.78259 0.0853539 0.605564
1305032363.152039 0.648297 0.0726201 1.12984 -0.108084 -0.780734 0.0941488 0.608201
1305032363.186339 0.648394 0.0800996 1.12765 -0.102541 -0.778269 0.101544 0.611123
1305032363.223545 0.649816 0.0865429 1.12554 -0.0990044 -0.776772 0.112208 0.611746
1305032363.254897 0.650932 0.0931145 1.12374 -0.0977548 -0.776176 0.119318 0.611357
1305032363.286746 0.650839 0.100489 1.12195 -0.0924381 -0.776263 0.121685 0.611607
1305032363.323009 0.652761 0.105128 1.12164 -0.0886101 -0.775529 0.125849 0.612262
1305032363.351268 0.65151 0.112544 1.1216 -0.0859278 -0.772248 0.131517 0.615591
1305032363.387226 0.65361 0.116105 1.12029 -0.0846151 -0.768151 0.138563 0.619343
1305032363.423169 0.658276 0.121778 1.12114 -0.0854033 -0.766064 0.144549 0.62045
1305032363.454680 0.657643 0.13106 1.12016 -0.0882422 -0.764095 0.146277 0.622073
1305032363.490519 0.659581 0.138649 1.12035 -0.0885706 -0.762588 0.147271 0.623639
1305032363.522372 0.662564 0.149113 1.12057 -0.0925108 -0.761622 0.149281 0.62377
1305032363.554139 0.663374 0.162528 1.11946 -0.0994768 -0.760602 0.148823 0.624052
1305032363.589728 0.663189 0.172764 1.11647 -0.106625 -0.759747 0.152255 0.623085
1305032363.622073 0.666023 0.181026 1.11531 -0.111383 -0.760102 0.155963 0.620898
1305032363.653876 0.663815 0.18992 1.11279 -0.114154 -0.760917 0.157908 0.618902
1305032363.689996 0.663741 0.195595 1.11285 -0.11561 -0.763597 0.160641 0.614612
1305032363.721151 0.662628 0.198207 1.11386 -0.115803 -0.76757 0.161683 0.609331
1305032363.754688 0.661123 0.201643 1.11537 -0.109799 -0.771343 0.162855 0.605354
1305032363.789766 0.660267 0.201387 1.1205 -0.102965 -0.774204 0.16603 0.602031
1305032363.820015 0.658226 0.200468 1.12662 -0.0968578 -0.775034 0.172278 0.600218
1305032363.850926 0.657281 0.198826 1.13385 -0.0904143 -0.774237 0.179445 0.600152
1305032363.889635 0.655965 0.197067 1.13967 -0.0848749 -0.773664 0.188605 0.598889
1305032363.918945 0.652896 0.199008 1.14218 -0.0838536 -0.775224 0.193321 0.595503
1305032363.953919 0.650915 0.195049 1.14732 -0.0788086 -0.779547 0.190504 0.591442
1305032363.989477 0.650066 0.188682 1.15348 -0.0706686 -0.782379 0.188653 0.58932
1305032364.021974 0.647989 0.185054 1.15703 -0.0677669 -0.78406 0.188382 0.587512
1305032364.051316 0.646756 0.179969 1.15934 -0.0645048 -0.786119 0.187569 0.585384
1305032364.089983 0.647995 0.172338 1.16326 -0.0614483 -0.788966 0.186918 0.582081
1305032364.121945 0.646834 0.166948 1.1654 -0.0604596 -0.792541 0.185666 0.577713
1305032364.154479 0.647017 0.160618 1.16781 -0.0611694 -0.797871 0.184927 0.570493
1305032364.187829 0.648103 0.154586 1.17095 -0.0602027 -0.805422 0.179679 0.561593
1305032364.220131 0.646997 0.147811 1.1746 -0.0605555 -0.814295 0.168428 0.552168
1305032364.254427 0.646623 0.136013 1.17914 -0.0632488 -0.82357 0.156734 0.541448
1305032364.287208 0.646433 0.122196 1.18112 -0.0608347 -0.832054 0.144123 0.532178
1305032364.321001 0.646037 0.11015 1.18665 -0.0604853 -0.840248 0.131375 0.522557
1305032364.353803 0.645844 0.0961271 1.1923 -0.0627621 -0.847913 0.116338 0.51339
1305032364.390393 0.644151 0.0827068 1.19748 -0.0634092 -0.854551 0.0990944 0.505868
1305032364.422934 0.642005 0.0680585 1.20354 0.0635611 0.861254 -0.080665 -0.497689
1305032364.454973 0.639097 0.0534303 1.20981 0.0637464 0.868252 -0.0614273 -0.488162
1305032364.490909 0.634752 0.0353744 1.21902 0.0635523 0.874474 -0.0405644 -0.479176
1305032364.523222 0.630273 0.0180891 1.22777 0.0610064 0.879408 -0.0224615 -0.471609
1305032364.555371 0.625383 -0.000596223 1.23757 0.0574418 0.884387 -0.00346829 -0.463193
1305032364.590015 0.61787 -0.0211676 1.24839 0.0523538 0.887719 0.0144081 -0.457173
1305032364.622240 0.609716 -0.0437678 1.25967 0.0476098 0.889172 0.0295346 -0.454131
1305032364.654940 0.603511 -0.064511 1.27102 0.0468888 0.89018 0.0408424 -0.451346
1305032364.691021 0.596226 -0.0821165 1.28178 0.0445519 0.890843 0.0559084 -0.448651
1305032364.723145 0.587734 -0.1021 1.29124 0.043201 0.890605 0.0743282 -0.446577
1305032364.758771 0.579087 -0.120221 1.29964 0.0471294 0.89 0.093322 -0.443813
1305032364.790576 0.5682 -0.14183 1.31012 0.0492306 0.888831 0.11332 -0.441265
1305032364.822800 0.557044 -0.162484 1.31681 0.047235 0.887146 0.127426 -0.441027
1305032364.858509 0.548153 -0.185782 1.32097 0.0428086 0.887586 0.138039 -0.437382
1305032364.889427 0.538097 -0.207786 1.32747 0.0397425 0.889232 0.147307 -0.431264
1305032364.923105 0.526788 -0.227768 1.33344 0.0399882 0.88969 0.156888 -0.426894
1305032364.956761 0.515264 -0.247501 1.33725 0.0421721 0.89036 0.16655 -0.421594
1305032364.991437 0.503079 -0.268423 1.34145 0.0441366 0.891792 0.174321 -0.415176
1305032365.022936 0.490922 -0.287139 1.34636 0.0468811 0.892926 0.180204 -0.409891
1305032365.059290 0.478437 -0.302817 1.35134 0.0484327 0.893742 0.186592 -0.405047
1305032365.087143 0.466978 -0.317338 1.35592 0.0471219 0.89433 0.194372 -0.400216
1305032365.123256 0.454612 -0.329093 1.3607 0.0463765 0.894808 0.204022 -0.394389
1305032365.159298 0.441753 -0.341013 1.36399 0.0458724 0.895092 0.214834 -0.38801
1305032365.191271 0.429172 -0.354929 1.36538 0.0414749 0.895517 0.224202 -0.382182
1305032365.223463 0.417004 -0.367283 1.36857 0.0340292 0.896553 0.231898 -0.375844
1305032365.256958 0.405693 -0.378295 1.3706 0.0277733 0.897735 0.239244 -0.368867
1305032365.290273 0.395101 -0.389387 1.37412 0.0249464 0.899036 0.24601 -0.361374
1305032365.323458 0.384266 -0.398742 1.37513 0.0223723 0.90006 0.25318 -0.353964
1305032365.359591 0.37451 -0.410041 1.37643 0.0167044 0.901367 0.258087 -0.347345
1305032365.391371 0.366222 -0.417091 1.38017 0.0118043 0.902567 0.262099 -0.341375
1305032365.423267 0.356871 -0.425301 1.38148 0.00813396 0.902943 0.268943 -0.335107
1305032365.459383 0.351177 -0.434646 1.38119 0.00563777 0.903794 0.273124 -0.329435
1305032365.491152 0.345778 -0.441545 1.38367 0.00507252 0.90556 0.275341 -0.322681
1305032365.523217 0.339706 -0.44785 1.38491 0.00492068 0.907302 0.277726 -0.31567
1305032365.558893 0.333552 -0.455708 1.38471 0.00378379 0.909196 0.278392 -0.309591
1305032365.591436 0.330665 -0.463269 1.38326 0.00180921 0.911622 0.277192 -0.30349
1305032365.623205 0.327564 -0.468534 1.38495 -0.00064019 0.914898 0.27491 -0.29561
1305032365.659377 0.323667 -0.47358 1.38653 -0.00333264 0.917327 0.27492 -0.287957
1305032365.691155 0.319601 -0.477935 1.38705 -0.00562194 0.918788 0.275927 -0.282244
1305032365.723383 0.316693 -0.484878 1.3841 -0.0076298 0.920213 0.276604 -0.276839
1305032365.759259 0.314355 -0.491834 1.38123 -0.010887 0.923178 0.273377 -0.26998
1305032365.791166 0.310003 -0.494597 1.38325 -0.0134531 0.926128 0.269072 -0.264018
1305032365.823223 0.306326 -0.498546 1.3812 -0.0139808 0.927679 0.266518 -0.261121
1305032365.859634 0.302263 -0.503339 1.37714 -0.0129986 0.929526 0.262506 -0.258655
1305032365.889504 0.297202 -0.506305 1.37648 -0.0102874 0.932547 0.255285 -0.255109
1305032365.927362 0.290836 -0.509459 1.37612 -0.00560034 0.93509 0.248567 -0.252566
1305032365.959313 0.283306 -0.512279 1.3745 0.000262452 0.936978 0.241659 -0.252335
1305032365.991061 0.277451 -0.516285 1.37083 0.00651339 0.938923 0.233439 -0.252761
1305032366.026870 0.271681 -0.520379 1.36865 0.0132882 0.940703 0.226897 -0.251831
1305032366.059164 0.263762 -0.52782 1.36458 0.0176299 0.942296 0.22114 -0.250728
1305032366.091112 0.258512 -0.529551 1.36531 0.0216366 0.94336 0.215487 -0.251335
1305032366.127026 0.252916 -0.535858 1.36385 0.0229006 0.941728 0.224317 -0.24961
1305032366.159365 0.247307 -0.547285 1.35675 0.0137516 0.939515 0.235856 -0.247979
1305032366.190979 0.243826 -0.559639 1.35042 -0.00245613 0.938356 0.241772 -0.247039
1305032366.227205 0.242089 -0.566539 1.3451 -0.0129179 0.937181 0.247948 -0.245045
1305032366.259172 0.240005 -0.576571 1.33618 -0.0161654 0.935693 0.25743 -0.240723
1305032366.291401 0.237531 -0.58557 1.32884 -0.0164427 0.93559 0.264051 -0.233834
1305032366.327121 0.234232 -0.591103 1.32426 -0.0143441 0.934868 0.27236 -0.227235
1305032366.359097 0.228471 -0.599768 1.31518 -0.0159807 0.932937 0.283092 -0.221883
1305032366.391043 0.224605 -0.607752 1.30669 -0.0202071 0.93165 0.290231 -0.217683
1305032366.427242 0.221621 -0.611743 1.30092 -0.0254681 0.930714 0.296396 -0.212772
1305032366.459233 0.218204 -0.615155 1.29563 -0.0292218 0.929764 0.302801 -0.207356
1305032366.491285 0.215275 -0.621301 1.28673 -0.032852 0.929079 0.308156 -0.201925
1305032366.526997 0.213565 -0.623578 1.28142 -0.0380834 0.929876 0.309465 -0.19522
1305032366.559109 0.212322 -0.624611 1.27676 -0.0441443 0.930864 0.310722 -0.18707
1305032366.591375 0.212014 -0.624761 1.27132 -0.050343 0.932295 0.311381 -0.177013
1305032366.626920 0.213966 -0.621048 1.2709 -0.0546706 0.933797 0.312111 -0.166194
1305032366.655039 0.212426 -0.619026 1.26809 -0.0590711 0.934125 0.316914 -0.153251
1305032366.687461 0.211419 -0.619601 1.26372 -0.0631993 0.934023 0.321186 -0.142993
1305032366.727328 0.209853 -0.619794 1.25958 -0.0644969 0.934887 0.321466 -0.135966
1305032366.759333 0.210959 -0.616747 1.26119 -0.0621341 0.936835 0.319114 -0.129017
1305032366.790587 0.208095 -0.615957 1.26275 -0.0596492 0.938213 0.319339 -0.119248
1305032366.826895 0.206576 -0.616646 1.26311 -0.0615485 0.939414 0.318434 -0.110963
1305032366.859205 0.204306 -0.615318 1.26707 -0.0651919 0.940783 0.31633 -0.103017
1305032366.888643 0.203774 -0.612374 1.27202 -0.0676263 0.941605 0.315631 -0.0958278
1305032366.926959 0.201935 -0.61087 1.27539 -0.0682749 0.941657 0.317218 -0.0893998
1305032366.958281 0.200261 -0.611086 1.27626 -0.0695043 0.942192 0.316812 -0.0841079
1305032366.990487 0.198612 -0.612385 1.28145 -0.0712581 0.944411 0.310844 -0.0799094
1305032367.026585 0.196109 -0.608852 1.29042 -0.0711493 0.947268 0.302674 -0.0775231
1305032367.058683 0.193117 -0.604722 1.30081 -0.0693929 0.949999 0.294646 -0.07662
1305032367.087523 0.188113 -0.600486 1.31272 -0.0660489 0.952907 0.285903 -0.0765875
1305032367.126868 0.182258 -0.594861 1.32489 -0.0633397 0.955518 0.27738 -0.0776775
1305032367.158939 0.176298 -0.58929 1.33759 -0.061593 0.957942 0.268681 -0.0797694
1305032367.191850 0.170129 -0.581896 1.3518 -0.0599111 0.960019 0.26013 -0.0842965
1305032367.226101 0.164521 -0.574615 1.36434 -0.0578529 0.961552 0.252583 -0.0909536
1305032367.257578 0.160126 -0.568674 1.37524 -0.0573114 0.963375 0.243692 -0.0961134
1305032367.293991 0.1534 -0.556757 1.3921 -0.0558447 0.965684 0.233236 -0.0996803
1305032367.326110 0.144937 -0.547276 1.40342 -0.0554008 0.966254 0.230065 -0.101755
1305032367.358269 0.141811 -0.543621 1.40919 -0.0602812 0.967112 0.223249 -0.105931
1305032367.394011 0.138086 -0.536262 1.42016 -0.065083 0.969686 0.208265 -0.109998
1305032367.425982 0.133655 -0.524193 1.43123 -0.0653622 0.971818 0.197002 -0.111748
1305032367.458337 0.130031 -0.517354 1.43709 -0.0653649 0.973844 0.186921 -0.11143
1305032367.494794 0.126167 -0.507774 1.44448 -0.0635224 0.976578 0.17294 -0.111137
1305032367.525123 0.123015 -0.49879 1.4528 -0.0623385 0.978961 0.160648 -0.109276
1305032367.558998 0.118719 -0.487417 1.46127 -0.0617296 0.98094 0.150428 -0.106382
1305032367.594540 0.112145 -0.474145 1.46812 -0.059039 0.982091 0.145166 -0.104588
1305032367.627313 0.10749 -0.466274 1.47166 -0.057948 0.982782 0.142591 -0.10222
1305032367.659071 0.101472 -0.456094 1.47758 -0.0606397 0.98366 0.137361 -0.0993322
1305032367.694516 0.0961701 -0.443518 1.48329 -0.0641348 0.984163 0.133452 -0.0974738
1305032367.727182 0.0917726 -0.432184 1.48648 -0.0652936 0.984685 0.130986 -0.0947395
1305032367.759159 0.0856507 -0.418721 1.49159 -0.062372 0.985742 0.126786 -0.0913684
1305032367.794852 0.0781398 -0.404923 1.49737 -0.0586755 0.986734 0.123108 -0.0880784
1305032367.826871 0.0702869 -0.392246 1.50126 -0.0555495 0.987565 0.120219 -0.084718
1305032367.858142 0.0626943 -0.3791 1.50635 -0.0529596 0.988761 0.113767 -0.0812686
1305032367.894056 0.0521965 -0.365039 1.51197 -0.0497403 0.990041 0.107062 -0.0766942
1305032367.925922 0.0401493 -0.352146 1.51621 -0.0486731 0.991033 0.10019 -0.0737961
1305032367.957958 0.0311154 -0.338352 1.5206 -0.0485951 0.992123 0.0906898 -0.0714588
1305032367.994884 0.0224401 -0.325361 1.52567 -0.0505897 0.99329 0.0801369 -0.0662862
1305032368.025983 0.015741 -0.311028 1.53177 -0.0500118 0.994562 0.0686866 -0.0602252
1305032368.058921 0.00698289 -0.299753 1.53526 -0.0503699 0.995692 0.0576259 -0.0523473
1305032368.094710 -0.00142234 -0.285809 1.53984 -0.0501816 0.996786 0.0426481 -0.0456097
1305032368.126824 -0.00843277 -0.270912 1.54415 -0.0511279 0.99756 0.0292011 -0.0375155
1305032368.156667 -0.0142904 -0.257295 1.549 -0.0526148 0.998089 0.0156098 -0.0283808
1305032368.190798 -0.0205506 -0.241972 1.55213 -0.052088 0.998463 0.00328755 -0.018624
1305032368.226380 -0.0257936 -0.228993 1.55395 -0.0540319 0.998455 -0.00970049 -0.00866229
1305032368.258177 -0.0308115 -0.21349 1.55666 -0.0553144 0.998203 -0.0230575 -0.000621214
1305032368.293455 -0.0355659 -0.199268 1.55781 -0.0538284 0.998018 -0.0320842 0.00577817
1305032368.326215 -0.0396877 -0.186168 1.55702 -0.0522964 0.997718 -0.0410888 0.0116678
1305032368.358554 -0.044924 -0.17198 1.5565 -0.0538522 0.997108 -0.0516415 0.0144315
1305032368.393756 -0.0464986 -0.155264 1.55547 -0.0551784 0.996456 -0.0614995 0.0157399
1305032368.425949 -0.0481665 -0.142522 1.5515 -0.0577587 0.995929 -0.0667037 0.0184163
1305032368.462413 -0.0515747 -0.135521 1.54814 -0.0625736 0.995201 -0.0727712 0.0190938
1305032368.494411 -0.0502608 -0.128576 1.54314 -0.0638291 0.993988 -0.0872044 0.0175574
1305032368.526548 -0.0563184 -0.115392 1.54078 -0.0603984 0.991982 -0.10942 0.0187109
1305032368.561964 -0.0644056 -0.103 1.53911 -0.0604494 0.990071 -0.126054 0.0146846
1305032368.594201 -0.0702821 -0.0866098 1.53502 -0.056389 0.988437 -0.140684 0.0045269
1305032368.626418 -0.073648 -0.0724615 1.53258 -0.0482544 0.986434 -0.15686 -0.00371689
1305032368.662780 -0.0777298 -0.0504868 1.53006 -0.0362493 0.984232 -0.172845 -0.00987692
1305032368.692306 -0.0798745 -0.0292196 1.52506 -0.0216191 0.982783 -0.182843 -0.0154321
1305032368.726391 -0.0818136 -0.0120752 1.52295 -0.0077899 0.981329 -0.191408 -0.0171737
1305032368.762429 -0.0828843 0.014218 1.51801 0.006238 0.979684 -0.19998 -0.0137035
1305032368.794488 -0.0792753 0.0352012 1.51454 0.0185069 0.9789 -0.203333 -0.00820558
1305032368.826920 -0.0803112 0.0536121 1.50736 0.0293112 0.978042 -0.206334 -0.000951695
1305032368.862385 -0.0845998 0.065933 1.50299 0.0343671 0.977229 -0.209266 0.00700779
1305032368.894079 -0.085523 0.0796255 1.49753 0.0369194 0.976235 -0.213231 0.0116445
1305032368.926364 -0.0876378 0.0935389 1.48941 0.0403224 0.974879 -0.218607 0.0140274
1305032368.959769 -0.0883338 0.105142 1.4849 0.0478286 0.972959 -0.225469 0.015048
1305032368.992519 -0.091569 0.118194 1.4801 0.0525922 0.971135 -0.232162 0.0152061
1305032369.026559 -0.0950715 0.125672 1.47647 0.0563805 0.969367 -0.238647 0.0140055
1305032369.062508 -0.0993957 0.134732 1.47362 0.0638761 0.966455 -0.248431 0.0129198
1305032369.092465 -0.105684 0.149091 1.46832 0.0724319 0.963732 -0.256617 0.0110568
1305032369.126422 -0.109804 0.156062 1.46483 0.0790349 0.962392 -0.259674 0.0111399
1305032369.162529 -0.113303 0.163801 1.46366 0.0865756 0.960907 -0.262567 0.0148429
1305032369.194429 -0.118178 0.172413 1.46002 0.0921663 0.959749 -0.264673 0.0183044
1305032369.226184 -0.123146 0.177995 1.45666 0.0968021 0.958972 -0.265503 0.0226036
1305032369.262275 -0.130404 0.18078 1.45365 0.101138 0.958296 -0.265876 0.027387
1305032369.294549 -0.136351 0.18596 1.45191 0.10515 0.957562 -0.266617 0.0305638
1305032369.325603 -0.140561 0.190608 1.45108 0.10993 0.956498 -0.268344 0.0319059
1305032369.361711 -0.143876 0.189833 1.44961 0.117149 0.955112 -0.269855 0.0348715
1305032369.393865 -0.147095 0.184924 1.45287 0.122073 0.952896 -0.275182 0.0369043
1305032369.425788 -0.150549 0.189965 1.45174 0.127043 0.949898 -0.282635 0.0408798
1305032369.461699 -0.148587 0.191244 1.45019 0.127725 0.950051 -0.281393 0.0436729
1305032369.493663 -0.148352 0.192237 1.44955 0.13029 0.949995 -0.279621 0.0484349
1305032369.526387 -0.14763 0.194894 1.44893 0.135171 0.949676 -0.277454 0.0535065
1305032369.561511 -0.148055 0.195602 1.44894 0.135193 0.950791 -0.27263 0.0582473
1305032369.590662 -0.147456 0.199124 1.44953 0.135495 0.952261 -0.266394 0.0622478
1305032369.629343 -0.147571 0.199719 1.44919 0.133255 0.955246 -0.255865 0.0654251
1305032369.661976 -0.145961 0.193587 1.45444 0.130357 0.957831 -0.247672 0.0650129
1305032369.694117 -0.146122 0.190736 1.45857 0.129928 0.959584 -0.241069 0.0648359
1305032369.730214 -0.148048 0.18544 1.46665 0.123991 0.962145 -0.234127 0.063938
1305032369.762462 -0.148886 0.180364 1.47579 0.117398 0.964469 -0.228509 0.0616469
1305032369.794288 -0.151352 0.177111 1.48534 0.112348 0.96664 -0.222909 0.0574222
1305032369.830464 -0.15427 0.176203 1.49645 0.108096 0.968713 -0.217078 0.0527997
1305032369.862646 -0.156578 0.176085 1.50591 0.104439 0.970926 -0.21006 0.047639
1305032369.894378 -0.159505 0.177512 1.51441 0.100104 0.973049 -0.203752 0.0404864
1305032369.930439 -0.161227 0.177626 1.52376 0.0974775 0.974786 -0.19779 0.0341914
1305032369.962123 -0.161291 0.178942 1.53007 0.0948527 0.976507 -0.191335 0.0287818
1305032369.994406 -0.161541 0.179797 1.53677 0.0927376 0.978283 -0.183697 0.0248502
1305032370.029452 -0.162006 0.179676 1.5436 0.0908878 0.979569 -0.177967 0.0225998
1305032370.062431 -0.160185 0.178897 1.5515 0.0873331 0.980723 -0.173565 0.0207739
1305032370.094141 -0.158562 0.179737 1.55943 0.0860131 0.982116 -0.166321 0.019673
1305032370.131075 -0.15684 0.180454 1.56742 0.0826391 0.984051 -0.156441 0.018435
1305032370.163765 -0.15498 0.182327 1.57601 0.0822241 0.98543 -0.147909 0.0170481
1305032370.191957 -0.153127 0.184356 1.58368 0.082001 0.986659 -0.139805 0.0152892
1305032370.227691 -0.150621 0.185683 1.59278 0.08294 0.987433 -0.133996 0.0119138
1305032370.260069 -0.147474 0.187063 1.6013 0.0840542 0.988144 -0.128161 0.00904705
1305032370.292473 -0.144969 0.186934 1.60927 0.0832159 0.989155 -0.120823 0.00699738
1305032370.330184 -0.143637 0.186277 1.61619 0.0814661 0.989954 -0.115348 0.00703686
1305032370.362216 -0.143058 0.185957 1.62309 0.0797779 0.990667 -0.110269 0.0073945
1305032370.393732 -0.141622 0.185652 1.62887 0.0774027 0.991443 -0.104948 0.00600229
1305032370.429519 -0.141339 0.185565 1.63358 0.0771569 0.991674 -0.103033 0.00362376
1305032370.462719 -0.144447 0.185936 1.63966 0.0774452 0.991896 -0.100705 0.00153795
1305032370.494226 -0.143099 0.188092 1.64404 0.0767564 0.992262 -0.0975579 -0.00277516
1305032370.530396 -0.1427 0.188679 1.64875 0.0757211 0.992642 -0.0943358 -0.00543079
1305032370.559254 -0.142525 0.191111 1.65286 0.0735746 0.993231 -0.0895948 -0.00717777
1305032370.594716 -0.142974 0.19499 1.65575 0.0687238 0.994282 -0.0812678 -0.00869878
1305032370.630635 -0.142545 0.19539 1.65763 0.0647819 0.995268 -0.0717397 -0.00996559
1305032370.662528 -0.142717 0.196218 1.66036 0.0622714 0.995881 -0.0648521 -0.0117547
1305032370.694786 -0.144515 0.197153 1.66286 0.0583225 0.996517 -0.0575707 -0.0154525
1305032370.730482 -0.145974 0.19636 1.6648 0.057721 0.996729 -0.0532638 -0.0190345
1305032370.762399 -0.147866 0.194076 1.66816 0.057212 0.99685 -0.050534 -0.0215164
1305032370.794226 -0.150649 0.193048 1.67051 0.055246 0.997158 -0.044944 -0.0245779
1305032370.830572 -0.152986 0.186466 1.67119 0.0532762 0.997615 -0.0363662 -0.0245521
1305032370.862608 -0.15303 0.176222 1.67446 0.0512395 0.998021 -0.0301187 -0.0205473
1305032370.898515 -0.15515 0.168675 1.67797 0.047421 0.998449 -0.0233712 -0.017457
1305032370.930670 -0.158776 0.159058 1.68044 0.0437001 0.998841 -0.0123501 -0.0159822
1305032370.962798 -0.161909 0.147254 1.68282 0.0409097 0.999054 -0.00113711 -0.0147306
1305032370.998569 -0.166763 0.135436 1.68557 0.0376164 0.999157 0.00983239 -0.0131803
1305032371.030841 -0.173098 0.123742 1.68831 0.0361343 0.998958 0.023959 -0.0142374
1305032371.063015 -0.182158 0.109194 1.68973 0.0367573 0.998389 0.0405534 -0.0149396
1305032371.098694 -0.190827 0.0910544 1.68996 0.0340718 0.997775 0.0551227 -0.0156775
1305032371.127227 -0.20145 0.0716362 1.69169 0.0278869 0.99714 0.068256 -0.0166032
1305032371.163393 -0.21227 0.0508617 1.69222 0.0208119 0.996234 0.0817813 -0.0199033
1305032371.199223 -0.2215 0.0268301 1.69117 0.0116479 0.995521 0.0910181 -0.0227735
1305032371.231580 -0.230689 -0.00383894 1.68862 -0.00243653 0.995097 0.0961313 -0.0231067
1305032371.263109 -0.240631 -0.0304521 1.68762 -0.0144668 0.994661 0.0994928 -0.0232523
1305032371.298947 -0.250751 -0.0561104 1.68605 -0.0246092 0.993965 0.104307 -0.0233942
1305032371.331335 -0.25802 -0.0846707 1.68256 -0.0360962 0.993108 0.109447 -0.0213105
1305032371.362306 -0.265314 -0.112175 1.67963 -0.0484842 0.992149 0.114047 -0.0167939
1305032371.399028 -0.273861 -0.137533 1.67687 -0.060091 0.990869 0.120133 -0.0116216
1305032371.429259 -0.281571 -0.161622 1.67145 -0.0712702 0.989032 0.129193 -0.00677581
1305032371.461631 -0.288098 -0.184687 1.66709 -0.0834053 0.986652 0.139847 -0.00226502
1305032371.500366 -0.295426 -0.207882 1.65972 -0.0940977 0.983903 0.1519 0.00278354
1305032371.528780 -0.30364 -0.230451 1.65236 -0.105275 0.980647 0.164827 0.00900292
1305032371.563035 -0.310927 -0.252109 1.64307 -0.119377 0.976768 0.177319 0.0152461
1305032371.594845 -0.318109 -0.270708 1.63244 -0.132504 0.972878 0.188435 0.0210487
1305032371.627278 -0.325832 -0.29198 1.62118 -0.141914 0.969062 0.200074 0.0273691
1305032371.661699 -0.333717 -0.30905 1.60893 -0.147665 0.965907 0.209942 0.0338069
1305032371.698085 -0.340158 -0.325731 1.59605 -0.157109 0.962227 0.218467 0.0413387
1305032371.726894 -0.34927 -0.341108 1.58433 -0.168434 0.958314 0.22583 0.0475856
1305032371.763078 -0.359777 -0.352422 1.56884 -0.175267 0.954329 0.236385 0.0515787
1305032371.798775 -0.367163 -0.368855 1.55013 -0.180467 0.950483 0.246934 0.0551119
1305032371.830728 -0.378044 -0.381399 1.53214 -0.180827 0.948479 0.253011 0.0606241
1305032371.862988 -0.386148 -0.394636 1.51142 -0.182933 0.946453 0.256947 0.0688534
1305032371.898658 -0.393596 -0.41038 1.49423 -0.18609 0.944518 0.258556 0.080035
1305032371.930961 -0.402937 -0.424002 1.47612 -0.193306 0.941342 0.261049 0.0914441
1305032371.960332 -0.409675 -0.439176 1.45606 -0.205277 0.937212 0.262737 0.102299
1305032371.999011 -0.414545 -0.453633 1.43606 -0.216724 0.933559 0.262393 0.112466
1305032372.030867 -0.419761 -0.468985 1.4163 -0.226165 0.930457 0.261126 0.122118
1305032372.058918 -0.422955 -0.486579 1.39519 -0.236813 0.927274 0.258301 0.131772
1305032372.098264 -0.426568 -0.502756 1.3777 -0.246764 0.924114 0.256992 0.138115
1305032372.127609 -0.42082 -0.512228 1.35703 -0.257905 0.92037 0.257133 0.142431
1305032372.166169 -0.415592 -0.528575 1.33678 -0.268315 0.917021 0.252527 0.152677
1305032372.198119 -0.409954 -0.541573 1.32107 -0.277553 0.914153 0.245562 0.164281
1305032372.230071 -0.403249 -0.553183 1.30444 -0.287846 0.910191 0.239857 0.17654
1305032372.266126 -0.396281 -0.566417 1.28898 -0.297346 0.906069 0.234081 0.189288
1305032372.297790 -0.39127 -0.57677 1.27565 -0.304851 0.902063 0.229226 0.202
1305032372.329039 -0.38235 -0.587304 1.26322 -0.315621 0.896735 0.226224 0.212301
1305032372.366292 -0.376128 -0.598217 1.25122 -0.326841 0.891633 0.223332 0.219746
1305032372.398337 -0.366886 -0.606169 1.24084 -0.337982 0.887175 0.221855 0.222417
1305032372.430932 -0.356194 -0.615152 1.23153 -0.346884 0.882907 0.221863 0.225661
1305032372.466079 -0.348179 -0.623252 1.2234 -0.354593 0.878253 0.223792 0.229897
1305032372.498135 -0.335722 -0.629033 1.21417 -0.364351 0.872606 0.227767 0.232227
1305032372.530492 -0.316516 -0.637692 1.20446 -0.374286 0.867478 0.228388 0.235011
1305032372.570271 -0.305438 -0.648278 1.19864 -0.379021 0.864422 0.226423 0.240521
1305032372.597861 -0.294117 -0.655228 1.19194 -0.382986 0.860946 0.229067 0.244178
1305032372.629218 -0.278196 -0.665743 1.18316 -0.389445 0.856541 0.23255 0.246152
1305032372.664108 -0.264886 -0.67366 1.17642 -0.393268 0.854303 0.232892 0.247522
1305032372.698696 -0.254232 -0.680261 1.1706 -0.396088 0.85174 0.233756 0.25102
1305032372.728994 -0.240612 -0.685685 1.16424 -0.399669 0.848066 0.234996 0.256566
1305032372.766505 -0.22592 -0.693173 1.15806 -0.403485 0.844216 0.235089 0.263119
1305032372.797997 -0.210853 -0.700377 1.15119 -0.404762 0.841905 0.233104 0.270232
1305032372.831463 -0.196996 -0.7088 1.14402 -0.402665 0.84172 0.227648 0.278469
1305032372.866969 -0.186027 -0.716495 1.1379 -0.397049 0.84316 0.220596 0.2877
1305032372.898841 -0.176814 -0.721598 1.13264 -0.391573 0.843959 0.215857 0.296326
1305032372.930454 -0.166265 -0.725562 1.12656 -0.386779 0.844286 0.211344 0.304821
1305032372.966691 -0.156402 -0.72562 1.12366 -0.381556 0.844672 0.206737 0.313375
1305032372.998926 -0.149964 -0.723453 1.11892 -0.37731 0.842604 0.206487 0.324066
1305032373.030611 -0.140674 -0.724838 1.11417 -0.379055 0.83645 0.207103 0.337309
1305032373.066897 -0.131958 -0.723925 1.10857 -0.381091 0.830486 0.20844 0.348735
1305032373.099775 -0.124583 -0.719215 1.10343 -0.381641 0.825371 0.215283 0.356042
1305032373.127898 -0.117313 -0.713747 1.09799 -0.382432 0.819051 0.226044 0.363049
1305032373.166377 -0.109528 -0.709468 1.09221 -0.384024 0.811502 0.237621 0.370845
1305032373.198404 -0.103816 -0.706277 1.08649 -0.39016 0.801713 0.246901 0.379567
1305032373.230484 -0.0989303 -0.703147 1.08042 -0.395895 0.793309 0.254553 0.386174
1305032373.266752 -0.0946292 -0.696194 1.07638 -0.400478 0.786197 0.261443 0.391356
1305032373.298845 -0.0869166 -0.693082 1.0728 -0.404837 0.77848 0.269397 0.396865
1305032373.331228 -0.0769534 -0.691357 1.06809 -0.406684 0.771836 0.276598 0.402953
1305032373.366882 -0.0703109 -0.689301 1.06456 -0.404242 0.767704 0.282171 0.409388
1305032373.399055 -0.0646202 -0.688343 1.05964 -0.40233 0.763134 0.289379 0.41475
1305032373.434622 -0.0559038 -0.689804 1.05429 -0.404354 0.757185 0.293208 0.420948
1305032373.465659 -0.0509459 -0.689903 1.05174 -0.403973 0.75391 0.294915 0.42597
1305032373.498970 -0.0471293 -0.688772 1.05003 -0.399946 0.752231 0.30043 0.428875
1305032373.534678 -0.0426102 -0.688838 1.04545 -0.396064 0.749443 0.306739 0.432874
1305032373.566786 -0.0401343 -0.688102 1.04028 -0.394401 0.746343 0.311522 0.436318
1305032373.598786 -0.0384022 -0.687754 1.03419 -0.393978 0.743616 0.316232 0.437966
1305032373.635967 -0.036412 -0.686977 1.02666 -0.396779 0.740471 0.318848 0.438867
1305032373.663912 -0.0314351 -0.688721 1.01851 -0.399613 0.740221 0.318832 0.436725
1305032373.697914 -0.0303374 -0.69039 1.01429 -0.399841 0.743354 0.314204 0.434543
1305032373.734507 -0.0302892 -0.691357 1.01257 -0.399624 0.74573 0.310546 0.4333
1305032373.766443 -0.0259471 -0.693791 1.01465 -0.396688 0.748737 0.30625 0.43387
1305032373.795838 -0.032732 -0.692181 1.01837 -0.388215 0.752297 0.302261 0.438151
1305032373.834934 -0.0411299 -0.690965 1.01647 -0.386895 0.74965 0.305321 0.441719
1305032373.867293 -0.0436277 -0.694281 1.01315 -0.389473 0.747116 0.305377 0.443704
1305032373.899270 -0.0534069 -0.696949 1.01149 -0.389649 0.749454 0.29767 0.444843
1305032373.935073 -0.0642136 -0.698514 1.0133 -0.389598 0.753073 0.291325 0.442972
1305032373.967085 -0.0720542 -0.700696 1.01699 -0.390565 0.755146 0.285414 0.442439
1305032373.999199 -0.084122 -0.701454 1.02051 -0.390177 0.757285 0.276712 0.444648
1305032374.031187 -0.100236 -0.700972 1.02263 -0.388945 0.760095 0.26934 0.445458
1305032374.066725 -0.115104 -0.701378 1.02264 -0.394254 0.761182 0.258857 0.445151
1305032374.098933 -0.127496 -0.700891 1.0303 -0.400071 0.764213 0.244411 0.442928
1305032374.134653 -0.143217 -0.699132 1.03843 -0.402184 0.765923 0.231329 0.44508
1305032374.165256 -0.159934 -0.694958 1.04526 -0.398642 0.769558 0.221203 0.44714
1305032374.198931 -0.178471 -0.689321 1.05245 -0.391798 0.773487 0.212642 0.45055
1305032374.234571 -0.198483 -0.683597 1.05784 -0.384484 0.774179 0.205231 0.45902
1305032374.266232 -0.217765 -0.676325 1.06207 -0.37862 0.773693 0.196847 0.468292
1305032374.295091 -0.243856 -0.66452 1.06829 -0.369943 0.77376 0.19074 0.477552
1305032374.334758 -0.263163 -0.656809 1.06898 -0.364311 0.771664 0.186354 0.486912
1305032374.364907 -0.283288 -0.648996 1.07164 -0.359316 0.770128 0.175682 0.496921
1305032374.399126 -0.306283 -0.638642 1.0748 -0.35373 0.767655 0.159982 0.50989
1305032374.434942 -0.336137 -0.622569 1.07608 -0.345599 0.76559 0.145171 0.522837
1305032374.465697 -0.361891 -0.611005 1.07408 -0.339043 0.763916 0.136529 0.531828
1305032374.498778 -0.387772 -0.59865 1.07542 -0.327644 0.764845 0.126618 0.540027
1305032374.534408 -0.424034 -0.575778 1.07597 -0.313528 0.765101 0.11792 0.549923
1305032374.565648 -0.455054 -0.557566 1.07089 -0.304873 0.76469 0.116758 0.55558
1305032374.605154 -0.484059 -0.542073 1.0631 -0.297005 0.767657 0.116767 0.555748
1305032374.634454 -0.509425 -0.527419 1.05918 -0.290797 0.771534 0.114541 0.554123
1305032374.666026 -0.533908 -0.51303 1.05593 -0.281224 0.775126 0.108517 0.555263
1305032374.699355 -0.563062 -0.491772 1.05053 -0.267842 0.778991 0.100564 0.557961
1305032374.733811 -0.588225 -0.473456 1.04502 -0.255967 0.78353 0.0973874 0.557743
1305032374.764278 -0.6097 -0.45773 1.0397 -0.243536 0.788131 0.0922646 0.557698
1305032374.799002 -0.63344 -0.436695 1.03377 -0.232027 0.792422 0.0825605 0.558045
1305032374.833082 -0.654821 -0.416076 1.0291 -0.224563 0.796319 0.0768079 0.556371
1305032374.865385 -0.672901 -0.396796 1.02532 -0.217128 0.799409 0.0728073 0.555427
1305032374.902777 -0.69239 -0.375475 1.01953 -0.210032 0.802265 0.0712648 0.554237
1305032374.934055 -0.708045 -0.356446 1.0137 -0.204132 0.805791 0.0716384 0.55127
1305032374.963033 -0.722308 -0.336494 1.01119 -0.193237 0.81021 0.0726343 0.548584
1305032375.002817 -0.73752 -0.314264 1.00695 -0.181156 0.814268 0.0805154 0.54559
1305032375.033887 -0.747311 -0.296248 1.00397 -0.169185 0.81915 0.090357 0.54056
1305032375.063190 -0.757651 -0.277687 1.00216 -0.157587 0.824131 0.0962462 0.535454
1305032375.102173 -0.76792 -0.257296 0.999102 -0.148641 0.828794 0.10226 0.529668
1305032375.133604 -0.77312 -0.242811 0.99935 -0.141904 0.832938 0.106131 0.524226
1305032375.165423 -0.778085 -0.230688 0.999672 -0.137852 0.836664 0.100661 0.52044
1305032375.200434 -0.78565 -0.214984 1.00037 -0.135364 0.84088 0.0887364 0.516453
1305032375.233840 -0.791334 -0.197847 1.00248 -0.133423 0.844093 0.0799376 0.513143
1305032375.266195 -0.795901 -0.183435 1.00304 -0.130552 0.846601 0.0719028 0.510934
1305032375.301769 -0.800447 -0.165615 1.00504 -0.126017 0.847887 0.0654591 0.510806
1305032375.333732 -0.803374 -0.151066 1.00613 -0.123167 0.847437 0.060961 0.5128
1305032375.365885 -0.804873 -0.139391 1.00754 -0.121131 0.847028 0.0544035 0.514695
1305032375.402005 -0.806757 -0.127198 1.01014 -0.115191 0.845102 0.0443812 0.520157
1305032375.434228 -0.808902 -0.117089 1.01378 -0.110511 0.841334 0.0295069 0.528274
1305032375.465844 -0.809501 -0.106952 1.01579 -0.108044 0.837381 0.0187047 0.535509
1305032375.499846 -0.809279 -0.0985734 1.01731 -0.105569 0.833521 0.00829036 0.542245
1305032375.532923 -0.810057 -0.0909563 1.01905 -0.0997659 0.830205 -0.0056461 0.54843
1305032375.564754 -0.812563 -0.0834398 1.01869 -0.0924928 0.826623 -0.0133393 0.554943
1305032375.601530 -0.813679 -0.0744193 1.01909 -0.0867588 0.823781 -0.0193226 0.559896
1305032375.633994 -0.814852 -0.0650989 1.01655 -0.0838068 0.821838 -0.0242796 0.563001
1305032375.665634 -0.816668 -0.0539649 1.01422 -0.0785678 0.820817 -0.0311483 0.564903
1305032375.701032 -0.818507 -0.0434822 1.01146 -0.0706949 0.820899 -0.0362592 0.565519
1305032375.733424 -0.820789 -0.0332564 1.00827 -0.0647606 0.821706 -0.0382145 0.564929
1305032375.765813 -0.822916 -0.0214888 1.00374 -0.0620134 0.821391 -0.0412365 0.565483
1305032375.801369 -0.824936 -0.00865298 0.998596 -0.0587813 0.82075 -0.0455267 0.566429
1305032375.833207 -0.827834 0.00282712 0.993771 -0.0548994 0.820177 -0.0488281 0.567373
1305032375.871496 -0.830154 0.0140708 0.988403 -0.0507185 0.819729 -0.0523028 0.568099
1305032375.901646 -0.832977 0.0255117 0.984576 -0.0431672 0.818499 -0.0594158 0.569794
1305032375.933407 -0.837191 0.0360875 0.981314 -0.0300693 0.81602 -0.0659602 0.573459
1305032375.970923 -0.84195 0.0500567 0.977009 -0.0187752 0.813667 -0.0659541 0.577272
1305032375.998893 -0.845939 0.0602634 0.972923 -0.0117957 0.811156 -0.0653139 0.581051
1305032376.032870 -0.851322 0.0695851 0.968495 0.000742944 0.80858 -0.0639999 0.584894
1305032376.071463 -0.85812 0.0825577 0.961729 0.0133945 0.807559 -0.0601092 0.586563
1305032376.102191 -0.863575 0.0940742 0.956782 0.0194222 0.808718 -0.0558727 0.585215
1305032376.133788 -0.868502 0.102797 0.952636 0.0259056 0.809027 -0.0539216 0.58472
1305032376.169914 -0.874625 0.11366 0.948186 0.0339155 0.809463 -0.0522123 0.58386
1305032376.199876 -0.879787 0.127727 0.942876 0.0391891 0.811381 -0.0502152 0.581036
1305032376.230465 -0.883027 0.136873 0.939854 0.0447076 0.813471 -0.0486583 0.57784
1305032376.273911 -0.888313 0.14786 0.936843 0.05405 0.814327 -0.0446732 0.576155
1305032376.301938 -0.890995 0.161 0.933276 0.0553196 0.815857 -0.0412189 0.574123
1305032376.333881 -0.891471 0.169535 0.930904 0.0571923 0.816548 -0.0397742 0.573059
1305032376.373272 -0.892899 0.179879 0.929061 0.0632228 0.816186 -0.0369341 0.573131
1305032376.401634 -0.893027 0.188126 0.927361 0.0659534 0.816375 -0.038292 0.572464
1305032376.433772 -0.893414 0.196152 0.9269 0.0731469 0.816467 -0.0401789 0.571329
1305032376.470927 -0.892749 0.204623 0.925646 0.0824153 0.816141 -0.0447381 0.570192
1305032376.502274 -0.892751 0.211843 0.924718 0.093601 0.81671 -0.0508578 0.56713
1305032376.534012 -0.892955 0.21717 0.92434 0.106687 0.816952 -0.0573846 0.563839
1305032376.570435 -0.892812 0.223414 0.92542 0.118413 0.815898 -0.0639805 0.562312
1305032376.602018 -0.891486 0.228886 0.927807 0.12443 0.815343 -0.070372 0.561053
1305032376.633878 -0.890394 0.233691 0.929489 0.131146 0.81434 -0.0766652 0.560155
1305032376.670038 -0.889308 0.241704 0.932276 0.140158 0.81234 -0.0806056 0.560323
1305032376.702106 -0.887426 0.249915 0.933803 0.143559 0.810355 -0.0834628 0.561917
1305032376.734286 -0.884709 0.258338 0.935267 0.14696 0.808323 -0.086304 0.563532
1305032376.770230 -0.881531 0.266397 0.937273 0.151455 0.805324 -0.0888964 0.566226
1305032376.802346 -0.878386 0.276208 0.93778 0.153035 0.803477 -0.0921422 0.567903
1305032376.833992 -0.875007 0.282251 0.937894 0.154669 0.802225 -0.0949637 0.568766
1305032376.870589 -0.871679 0.289898 0.939173 0.159863 0.800319 -0.097366 0.569608
1305032376.901913 -0.867621 0.297801 0.939395 0.16292 0.799145 -0.0998395 0.569962
1305032376.933692 -0.862665 0.304375 0.938636 0.164313 0.79878 -0.101204 0.569833
1305032376.970386 -0.859294 0.306963 0.938785 0.166998 0.79726 -0.103785 0.570716
1305032376.999115 -0.856333 0.310344 0.93753 0.170176 0.796322 -0.107803 0.570341
1305032377.033983 -0.852988 0.314116 0.936698 0.17319 0.795618 -0.11106 0.569793
1305032377.070323 -0.848943 0.319142 0.936067 0.177409 0.793595 -0.113107 0.570912
1305032377.102669 -0.845372 0.324738 0.935614 0.1815 0.791098 -0.116653 0.572375
1305032377.138244 -0.840966 0.330956 0.933449 0.183508 0.789925 -0.116962 0.573291
1305032377.170226 -0.837573 0.336722 0.932844 0.184359 0.788904 -0.116386 0.574541
1305032377.201999 -0.834641 0.340838 0.93222 0.184848 0.788102 -0.114799 0.575801
1305032377.240571 -0.831785 0.343004 0.931207 0.182886 0.788662 -0.113389 0.575941
1305032377.270905 -0.829745 0.340932 0.93168 0.185494 0.787944 -0.110939 0.576566
1305032377.301796 -0.829025 0.339126 0.932316 0.186978 0.786419 -0.109613 0.57842
1305032377.340942 -0.827028 0.336326 0.932632 0.183148 0.786698 -0.107125 0.57973
1305032377.370316 -0.825397 0.331737 0.932702 0.179225 0.78611 -0.104957 0.582145
1305032377.401804 -0.825386 0.324128 0.933905 0.177752 0.785079 -0.103643 0.58422
1305032377.439875 -0.825605 0.317064 0.935369 0.170302 0.786032 -0.102817 0.585303
1305032377.472533 -0.826279 0.306412 0.934591 0.163754 0.786163 -0.10152 0.587219
1305032377.501559 -0.829094 0.288295 0.934718 0.159458 0.785711 -0.09836 0.58954
1305032377.537201 -0.831286 0.274961 0.933575 0.152507 0.786864 -0.0963295 0.590176
1305032377.569572 -0.833124 0.260832 0.932385 0.144953 0.787517 -0.0940471 0.591575
1305032377.602349 -0.835898 0.242824 0.932074 0.137325 0.786837 -0.0915583 0.594682
1305032377.640524 -0.838182 0.226957 0.929761 0.128805 0.787496 -0.0893919 0.596044
1305032377.669877 -0.840048 0.211296 0.9259 0.119075 0.788521 -0.0865187 0.597136
1305032377.701705 -0.84245 0.192364 0.922824 0.109475 0.788361 -0.0839536 0.599545
1305032377.737307 -0.844989 0.176594 0.918407 0.0977958 0.788698 -0.0838091 0.601138
1305032377.769318 -0.846802 0.158978 0.91168 0.0856355 0.789673 -0.0826485 0.601874
1305032377.801678 -0.849063 0.140175 0.906611 0.0749482 0.789473 -0.0829643 0.603517
1305032377.837451 -0.851365 0.121925 0.899834 0.0649645 0.789478 -0.0808667 0.60495
1305032377.869348 -0.851647 0.101968 0.892498 0.0521196 0.790343 -0.0779133 0.605451
1305032377.901238 -0.85196 0.0833205 0.886287 0.0395284 0.790072 -0.0751326 0.607107
1305032377.940265 -0.852031 0.0635927 0.880094 0.0268491 0.789163 -0.0713389 0.609435
1305032377.969308 -0.852018 0.043825 0.871731 0.0130584 0.78833 -0.0664128 0.611519
1305032378.001243 -0.850573 0.0236012 0.866547 -0.00176059 0.787427 -0.0633121 0.613146
1305032378.040183 -0.84934 0.0035485 0.860948 -0.0169442 0.785601 -0.0618754 0.615399
1305032378.068725 -0.847892 -0.0149222 0.852192 -0.031088 0.783759 -0.0574478 0.617621
1305032378.101420 -0.845991 -0.0315522 0.845405 -0.044157 0.782921 -0.053445 0.618246
1305032378.139924 -0.84228 -0.0500684 0.839416 -0.0530496 0.781923 -0.0520719 0.618927
1305032378.169193 -0.838774 -0.067877 0.833674 -0.059981 0.77934 -0.0485935 0.621829
1305032378.202266 -0.835385 -0.0853184 0.827354 -0.0711276 0.775644 -0.0457792 0.625477
1305032378.237421 -0.831963 -0.101 0.820854 -0.0824915 0.771725 -0.0430085 0.629115
1305032378.269616 -0.82661 -0.117614 0.815391 -0.0957273 0.766306 -0.0375821 0.634191
1305032378.306182 -0.821099 -0.132436 0.81088 -0.107397 0.759008 -0.0340014 0.641262
1305032378.340777 -0.816131 -0.149845 0.804074 -0.120465 0.749595 -0.0306903 0.650118
1305032378.367690 -0.813075 -0.164806 0.79569 -0.139156 0.740624 -0.0266464 0.656812
1305032378.406284 -0.807581 -0.181135 0.786236 -0.157323 0.73228 -0.0155841 0.662399
1305032378.438513 -0.801639 -0.19813 0.778687 -0.17159 0.724434 -0.00458432 0.667631
1305032378.470434 -0.798198 -0.217432 0.770823 -0.187134 0.715954 0.00371782 0.67259
1305032378.504807 -0.792834 -0.23801 0.763976 -0.205431 0.707798 0.00953383 0.675818
1305032378.539167 -0.786416 -0.259074 0.760247 -0.222076 0.69877 0.00880968 0.679945
1305032378.570470 -0.781578 -0.281198 0.755814 -0.239724 0.68824 0.00601699 0.684706
1305032378.607040 -0.775787 -0.303094 0.750847 -0.258198 0.678999 0.00704407 0.6872
1305032378.640593 -0.769917 -0.32426 0.746933 -0.275771 0.670611 0.0115401 0.688548
1305032378.674045 -0.761415 -0.345769 0.74397 -0.29485 0.663496 0.0175316 0.687408
1305032378.708133 -0.751045 -0.37011 0.743755 -0.310652 0.658683 0.0212289 0.684968
1305032378.741855 -0.740681 -0.392864 0.744314 -0.317985 0.655151 0.0229278 0.684936
1305032378.774289 -0.731431 -0.413557 0.746838 -0.321024 0.653015 0.0274082 0.685393
1305032378.811244 -0.720286 -0.435353 0.750123 -0.322218 0.65072 0.0305345 0.686882
1305032378.840101 -0.71198 -0.452619 0.753361 -0.321059 0.648725 0.0308901 0.689291
1305032378.871857 -0.703131 -0.466334 0.756747 -0.322531 0.645523 0.0317891 0.691566
1305032378.907789 -0.692566 -0.481395 0.763657 -0.326441 0.638724 0.0282906 0.69618
1305032378.938846 -0.684484 -0.491538 0.768656 -0.331753 0.627217 0.0182377 0.704419
1305032378.971348 -0.676217 -0.501343 0.770727 -0.342215 0.613212 0.00439482 0.711928
1305032379.007038 -0.666401 -0.511 0.771881 -0.35482 0.598687 -0.0119185 0.718008
1305032379.038668 -0.660468 -0.516741 0.770234 -0.365369 0.587818 -0.0235076 0.721403
1305032379.071271 -0.648533 -0.523912 0.769945 -0.376553 0.581192 -0.0230362 0.721036
1305032379.106727 -0.635207 -0.533435 0.770754 -0.382162 0.577279 -0.0178677 0.721376
1305032379.138937 -0.622768 -0.543133 0.76867 -0.382331 0.576308 -0.00674449 0.722251
1305032379.170930 -0.611214 -0.553342 0.765171 -0.382286 0.577433 0.00769012 0.721367
1305032379.206680 -0.597682 -0.56525 0.763928 -0.385329 0.579357 0.0215785 0.717915
1305032379.238614 -0.582306 -0.580576 0.766336 -0.387439 0.580256 0.0300218 0.715746
1305032379.271270 -0.570893 -0.593593 0.769128 -0.385535 0.581019 0.0340168 0.715977
1305032379.310742 -0.558212 -0.608047 0.773299 -0.384239 0.579521 0.0364283 0.717766
1305032379.342450 -0.544885 -0.621559 0.778851 -0.384158 0.572666 0.0306706 0.723558
1305032379.373747 -0.533978 -0.635705 0.782729 -0.38662 0.563588 0.0172287 0.729792
1305032379.406812 -0.525863 -0.645502 0.785337 -0.390308 0.556794 0.00284648 0.733234
1305032379.440732 -0.517175 -0.653056 0.789854 -0.397134 0.550962 -0.00723722 0.733943
1305032379.472994 -0.50829 -0.661215 0.796432 -0.404448 0.544882 -0.0164838 0.734339
1305032379.507528 -0.498633 -0.668186 0.806677 -0.408728 0.537794 -0.0281762 0.736834
1305032379.539852 -0.492189 -0.67295 0.820176 -0.407817 0.526844 -0.0415448 0.744577
1305032379.575545 -0.48538 -0.679093 0.826143 -0.404444 0.512898 -0.0511696 0.755475
1305032379.607089 -0.47927 -0.681243 0.830953 -0.400081 0.504486 -0.0542292 0.763209
1305032379.641416 -0.474775 -0.684752 0.831005 -0.397849 0.497831 -0.0540775 0.768737
1305032379.676703 -0.472664 -0.688277 0.82536 -0.395574 0.493283 -0.056414 0.772665
1305032379.707878 -0.472799 -0.689395 0.818272 -0.397191 0.489711 -0.0617088 0.773702
1305032379.738599 -0.474407 -0.691943 0.810537 -0.401326 0.484968 -0.0721308 0.773654
1305032379.775239 -0.478353 -0.692837 0.796454 -0.403979 0.483289 -0.0807997 0.772466
1305032379.807815 -0.480761 -0.693168 0.781307 -0.410194 0.486121 -0.0822174 0.767247
1305032379.839500 -0.48479 -0.693366 0.768431 -0.416792 0.489832 -0.0796952 0.761576
1305032379.875565 -0.487454 -0.695134 0.759025 -0.42346 0.492059 -0.076664 0.756758
1305032379.903833 -0.489047 -0.696977 0.746697 -0.427913 0.493629 -0.0726624 0.753618
1305032379.940009 -0.489071 -0.696182 0.736964 -0.432957 0.495202 -0.0701613 0.749934
1305032379.976659 -0.48989 -0.698007 0.726494 -0.436621 0.497011 -0.0701491 0.746606
1305032380.007756 -0.493754 -0.696533 0.715008 -0.438888 0.501337 -0.0695785 0.742427
1305032380.040494 -0.496159 -0.693197 0.707998 -0.442235 0.504343 -0.0684692 0.738498
1305032380.076762 -0.499783 -0.689547 0.70186 -0.444194 0.50593 -0.0682299 0.736255
1305032380.107291 -0.503176 -0.683834 0.695206 -0.444868 0.505651 -0.067325 0.736123
1305032380.140050 -0.505953 -0.678784 0.692013 -0.445731 0.502691 -0.0668837 0.737666
1305032380.176572 -0.508464 -0.674469 0.691238 -0.445287 0.49745 -0.0690852 0.741276
1305032380.207110 -0.511272 -0.669394 0.688553 -0.441794 0.490318 -0.0752583 0.747491
1305032380.239460 -0.51457 -0.663545 0.683525 -0.436716 0.485471 -0.0799786 0.753127
1305032380.276664 -0.517129 -0.656666 0.679073 -0.429955 0.483201 -0.0817183 0.758273
1305032380.307734 -0.52106 -0.647485 0.673074 -0.420474 0.482703 -0.0762224 0.764454
1305032380.339866 -0.52449 -0.638222 0.665988 -0.411731 0.483158 -0.0631544 0.770096
1305032380.375602 -0.524527 -0.626961 0.661486 -0.401326 0.484323 -0.0506114 0.775762
1305032380.407488 -0.527135 -0.613761 0.659446 -0.385979 0.484912 -0.0415855 0.783678
1305032380.439180 -0.531493 -0.597271 0.65261 -0.36969 0.482799 -0.0316325 0.793243
1305032380.473087 -0.532586 -0.586314 0.648382 -0.3566 0.478282 -0.0266308 0.802105
1305032380.507283 -0.535067 -0.571315 0.641466 -0.335831 0.474706 -0.0293123 0.813027
1305032380.539774 -0.542168 -0.546436 0.62107 -0.322516 0.472474 -0.0287568 0.81971
1305032380.576395 -0.543053 -0.529091 0.611964 -0.32335 0.472864 -0.0262555 0.819241
1305032380.609316 -0.541521 -0.513469 0.604588 -0.320932 0.476263 -0.0291337 0.818124
1305032380.639507 -0.5436 -0.491035 0.590902 -0.316826 0.4806 -0.0344515 0.816981
1305032380.675545 -0.540532 -0.474402 0.590139 -0.313468 0.483139 -0.0427279 0.816388
1305032380.707658 -0.542551 -0.454797 0.582952 -0.300449 0.482734 -0.0543785 0.820817
1305032380.739529 -0.541704 -0.435431 0.575109 -0.288837 0.481278 -0.0652594 0.825037
1305032380.776434 -0.541756 -0.415641 0.567764 -0.271564 0.479648 -0.0723215 0.83124
1305032380.803780 -0.543282 -0.387759 0.548461 -0.260059 0.477987 -0.0705719 0.836013
1305032380.843621 -0.539958 -0.373104 0.541008 -0.25923 0.47988 -0.0667567 0.835499
1305032380.876451 -0.539139 -0.358031 0.533199 -0.247837 0.481756 -0.0661766 0.837919
1305032380.906774 -0.53983 -0.339917 0.519253 -0.234448 0.482758 -0.0657587 0.841222
1305032380.944580 -0.539099 -0.326885 0.505378 -0.224219 0.487242 -0.063664 0.841587
1305032380.976235 -0.540387 -0.310019 0.490974 -0.208498 0.496374 -0.0606403 0.840515
1305032381.010534 -0.544311 -0.29318 0.474598 -0.196521 0.505331 -0.0603009 0.838083
1305032381.043413 -0.546056 -0.278765 0.460217 -0.186939 0.514465 -0.0578533 0.834884
1305032381.075126 -0.550357 -0.261508 0.448446 -0.177153 0.523487 -0.0516696 0.83181
1305032381.107139 -0.555648 -0.244541 0.437944 -0.167811 0.531236 -0.0429993 0.829324
1305032381.143098 -0.561077 -0.22698 0.427425 -0.159538 0.539963 -0.0293776 0.825908
1305032381.175951 -0.566879 -0.212871 0.4212 -0.152473 0.549891 -0.0137968 0.821085
1305032381.206840 -0.575277 -0.196493 0.414658 -0.144296 0.558579 0.00414059 0.816793
1305032381.244183 -0.584786 -0.183127 0.411476 -0.141123 0.563086 0.0176799 0.814067
1305032381.275997 -0.592806 -0.174722 0.408454 -0.139525 0.566521 0.0240639 0.811793
1305032381.309728 -0.603161 -0.1651 0.405224 -0.131487 0.57184 0.0298918 0.809207
1305032381.341217 -0.61493 -0.157099 0.401707 -0.120729 0.576369 0.0383169 0.807313
1305032381.373199 -0.626246 -0.150626 0.395176 -0.113092 0.580521 0.0465963 0.805006
1305032381.408681 -0.636035 -0.145612 0.386702 -0.108926 0.586387 0.0511352 0.801044
1305032381.444067 -0.647526 -0.141789 0.375852 -0.105144 0.594705 0.057022 0.794996
1305032381.474756 -0.657325 -0.141208 0.365827 -0.0985779 0.605625 0.0618762 0.787193
1305032381.508685 -0.66797 -0.140877 0.35558 -0.0905071 0.619891 0.0645238 0.776776
1305032381.545353 -0.678557 -0.140908 0.34729 -0.0835346 0.632795 0.0653887 0.767019
1305032381.576827 -0.689102 -0.144563 0.342464 -0.075765 0.642678 0.0611371 0.759925
1305032381.608397 -0.699572 -0.148473 0.334965 -0.0666053 0.651922 0.0588468 0.753059
1305032381.644906 -0.708355 -0.147891 0.332795 -0.057104 0.660801 0.0603407 0.745949
1305032381.675936 -0.716835 -0.152108 0.328766 -0.0461084 0.668283 0.0590163 0.740128
1305032381.707240 -0.725588 -0.154961 0.326497 -0.0345818 0.674204 0.0539819 0.735757
1305032381.744570 -0.733135 -0.155801 0.323329 -0.0232892 0.675317 0.0492317 0.735514
1305032381.776694 -0.738891 -0.156761 0.317616 -0.0157385 0.675175 0.0455419 0.736082
1305032381.810015 -0.740719 -0.162423 0.311611 -0.00642382 0.673749 0.042837 0.737689
1305032381.843860 -0.741981 -0.168901 0.305052 0.00895222 0.672398 0.0399282 0.739058
1305032381.876540 -0.743006 -0.172676 0.296505 0.023896 0.671358 0.0412849 0.739597
1305032381.907470 -0.743087 -0.180591 0.284861 0.0360622 0.672377 0.0403331 0.738229
1305032381.943636 -0.743046 -0.192059 0.27743 0.0495018 0.675559 0.0338675 0.734862
1305032381.975700 -0.744783 -0.198032 0.269618 0.0634363 0.676962 0.0250399 0.732851
1305032382.007016 -0.744372 -0.19781 0.256826 0.0760255 0.679263 0.0195594 0.729685
1305032382.043778 -0.747452 -0.202178 0.246059 0.0870949 0.682458 0.0167471 0.725524
1305032382.076551 -0.748451 -0.203001 0.235961 0.099179 0.685221 0.0156039 0.721383
1305032382.112595 -0.74963 -0.203262 0.227507 0.110177 0.687057 0.0158187 0.718028
1305032382.142801 -0.752084 -0.199849 0.217412 0.11693 0.688808 0.0160905 0.715271
1305032382.175194 -0.750563 -0.192323 0.20686 0.119379 0.689755 0.0183906 0.713897
1305032382.212343 -0.748321 -0.189925 0.19832 0.116769 0.689775 0.0249314 0.714111
1305032382.244823 -0.74538 -0.190169 0.186918 0.110108 0.689192 0.0299003 0.715539
1305032382.275045 -0.739736 -0.192288 0.175203 0.0998253 0.687193 0.0371097 0.718626
1305032382.311569 -0.73319 -0.197505 0.169642 0.0849638 0.683932 0.0418194 0.723374
1305032382.343035 -0.720784 -0.203076 0.162134 0.0692019 0.677773 0.0453884 0.730598
1305032382.375765 -0.706913 -0.204952 0.156573 0.0496617 0.670426 0.0474666 0.73879
1305032382.411673 -0.689125 -0.212906 0.151544 0.030827 0.661157 0.0529312 0.747743
1305032382.445108 -0.672992 -0.213746 0.149461 0.0106542 0.650151 0.0584515 0.757478
1305032382.476983 -0.652937 -0.22117 0.145054 -0.00917042 0.63791 0.0663616 0.767191
1305032382.512630 -0.630359 -0.22904 0.141313 -0.0315544 0.623757 0.0700949 0.777829
1305032382.545000 -0.606963 -0.236794 0.138369 -0.0559014 0.607371 0.0755147 0.788843
1305032382.577082 -0.579638 -0.253853 0.135031 -0.0755342 0.591904 0.075668 0.798886
1305032382.614372 -0.55302 -0.264584 0.135307 -0.094217 0.577227 0.0736334 0.807781
1305032382.644837 -0.524743 -0.277258 0.136641 -0.115166 0.559681 0.079387 0.816818
1305032382.675979 -0.495473 -0.292896 0.137906 -0.130868 0.541248 0.0790851 0.826843
1305032382.713425 -0.46755 -0.313145 0.140841 -0.142895 0.527948 0.0736517 0.833923
1305032382.744674 -0.441065 -0.332522 0.147453 -0.154879 0.516005 0.0650103 0.839955
1305032382.776770 -0.415632 -0.356076 0.152261 -0.173088 0.501102 0.0548244 0.846127
1305032382.812185 -0.390375 -0.3822 0.161475 -0.186138 0.488129 0.0392381 0.851788
1305032382.844824 -0.371397 -0.406145 0.173846 -0.197007 0.475677 0.0255683 0.856893
1305032382.875189 -0.353027 -0.430046 0.187223 -0.210356 0.46147 0.015164 0.861723
1305032382.913733 -0.338834 -0.455019 0.20589 -0.220836 0.445939 0.00398314 0.867384
1305032382.943823 -0.3235 -0.482933 0.225671 -0.227598 0.427887 -0.00589196 0.874687
1305032382.975989 -0.309391 -0.501517 0.236326 -0.231837 0.408857 -0.0101045 0.882601
1305032383.012820 -0.296879 -0.524066 0.24628 -0.239081 0.390074 -0.0115848 0.889128
1305032383.044130 -0.28169 -0.543242 0.258452 -0.24799 0.371392 -0.0120905 0.894664
1305032383.077761 -0.268322 -0.560638 0.268722 -0.254394 0.355166 -0.0131194 0.899427
1305032383.113060 -0.257559 -0.57699 0.282253 -0.259489 0.341235 -0.0178105 0.903276
1305032383.144756 -0.249024 -0.588498 0.291628 -0.258077 0.32725 -0.0218582 0.90875
1305032383.177793 -0.23965 -0.593848 0.291966 -0.262755 0.311244 -0.0198497 0.913068
1305032383.213287 -0.230772 -0.601652 0.295309 -0.277652 0.294403 -0.0240581 0.914143
1305032383.243505 -0.221 -0.608985 0.301394 -0.292542 0.282367 -0.0337848 0.912988
1305032383.279376 -0.215523 -0.615822 0.311283 -0.30441 0.272366 -0.0466872 0.911576
1305032383.311447 -0.215236 -0.621774 0.320117 -0.310134 0.261604 -0.0575984 0.912175
1305032383.341434 -0.211525 -0.627844 0.327383 -0.312275 0.246134 -0.0652026 0.915233
1305032383.379477 -0.207574 -0.635861 0.331374 -0.312691 0.230171 -0.0699252 0.918888
1305032383.411502 -0.20257 -0.644766 0.333887 -0.314798 0.213756 -0.0762756 0.921625
1305032383.443669 -0.197818 -0.653689 0.33656 -0.316621 0.199059 -0.0840221 0.923616
1305032383.479196 -0.195225 -0.661944 0.337815 -0.319824 0.185272 -0.0915158 0.924669
1305032383.511381 -0.189759 -0.672037 0.338882 -0.322353 0.174394 -0.0978901 0.925253
1305032383.544691 -0.18785 -0.678279 0.336092 -0.326218 0.167936 -0.102658 0.924576
1305032383.579562 -0.192013 -0.688973 0.341923 -0.329422 0.161273 -0.109826 0.923802
1305032383.613124 -0.194373 -0.698291 0.340532 -0.323092 0.151475 -0.110871 0.927564
1305032383.644735 -0.197555 -0.702617 0.337846 -0.32226 0.141321 -0.105681 0.930058
1305032383.679654 -0.199199 -0.70916 0.338195 -0.324396 0.127491 -0.104916 0.9314
1305032383.712037 -0.203906 -0.713359 0.338582 -0.32666 0.112796 -0.108835 0.932054
1305032383.742653 -0.207361 -0.715656 0.337558 -0.333143 0.0986126 -0.111295 0.931077
1305032383.778285 -0.210242 -0.719572 0.340948 -0.342085 0.0863915 -0.11335 0.928798
1305032383.812039 -0.212334 -0.723129 0.342373 -0.347663 0.0748818 -0.115247 0.927492
1305032383.843925 -0.214901 -0.726035 0.345157 -0.351107 0.0635397 -0.117879 0.92671
1305032383.878906 -0.214798 -0.728269 0.343492 -0.353273 0.0522126 -0.119566 0.926378
1305032383.911427 -0.213992 -0.731075 0.344217 -0.356327 0.0450097 -0.119053 0.925652
1305032383.943289 -0.213394 -0.729938 0.343678 -0.356859 0.0413456 -0.117352 0.925835
1305032383.979220 -0.211242 -0.726578 0.341542 -0.357191 0.0397048 -0.11293 0.926329
1305032384.011402 -0.207419 -0.723929 0.339882 -0.358901 0.0380014 -0.106792 0.926467
1305032384.042763 -0.2034 -0.720128 0.339261 -0.358995 0.0375956 -0.0995432 0.927254
1305032384.079025 -0.199186 -0.716514 0.336364 -0.358503 0.0368538 -0.0930252 0.928151
1305032384.112211 -0.194489 -0.713422 0.335946 -0.358994 0.0354713 -0.0871562 0.928584
1305032384.143402 -0.191497 -0.712626 0.336194 -0.358599 0.0340475 -0.0820867 0.929252
1305032384.179113 -0.187045 -0.71033 0.334388 -0.35627 0.0331566 -0.0754636 0.93074
1305032384.211262 -0.183609 -0.708753 0.335948 -0.353374 0.0331896 -0.0725346 0.932075
1305032384.241759 -0.182555 -0.707512 0.334646 -0.348903 0.0322846 -0.07144 0.933874
1305032384.278407 -0.179656 -0.706471 0.333777 -0.344592 0.0310951 -0.0696383 0.93565
1305032384.308313 -0.179454 -0.708235 0.335188 -0.337569 0.0310388 -0.066936 0.938405
1305032384.341175 -0.176596 -0.70435 0.330738 -0.327308 0.0284631 -0.063089 0.94238
1305032384.375647 -0.170679 -0.697304 0.324804 -0.319338 0.0256577 -0.0587398 0.94547
1305032384.411880 -0.164132 -0.689505 0.319569 -0.315129 0.0249823 -0.0564591 0.947039
1305032384.444075 -0.159722 -0.681676 0.3155 -0.313143 0.0241976 -0.0580145 0.947623
1305032384.479096 -0.156306 -0.671723 0.310432 -0.311333 0.0214854 -0.0628581 0.947976
1305032384.512157 -0.153422 -0.659368 0.304652 -0.310257 0.0188901 -0.0665412 0.948133
1305032384.544929 -0.148713 -0.646882 0.300106 -0.309159 0.0173342 -0.0676579 0.948442
1305032384.580765 -0.144668 -0.633208 0.293029 -0.307637 0.0149659 -0.0680632 0.948948
1305032384.613105 -0.138701 -0.61925 0.286818 -0.308661 0.0128905 -0.068168 0.948639
1305032384.647706 -0.133094 -0.607041 0.28329 -0.307524 0.0125685 -0.0664197 0.949136
1305032384.679303 -0.128978 -0.593794 0.277307 -0.303718 0.0140086 -0.0598729 0.950776
1305032384.712109 -0.124596 -0.580238 0.271186 -0.299942 0.0135608 -0.0508493 0.952505
1305032384.746434 -0.116883 -0.56825 0.267029 -0.2946 0.0122842 -0.0421032 0.954614
1305032384.778315 -0.109053 -0.555944 0.260442 -0.285042 0.0135624 -0.0347047 0.957791
1305032384.811269 -0.10303 -0.545091 0.254257 -0.27392 0.0127485 -0.0282714 0.961252
1305032384.846699 -0.0953169 -0.534409 0.247076 -0.258078 0.00957518 -0.0252547 0.965747
1305032384.879179 -0.0871939 -0.521171 0.23807 -0.239855 0.00675084 -0.0228008 0.970517
1305032384.911051 -0.0789517 -0.507066 0.227059 -0.222447 0.00425023 -0.0195706 0.974739
1305032384.947623 -0.0687004 -0.49327 0.216052 -0.206372 0.00295383 -0.0159927 0.978338
1305032384.979039 -0.0598 -0.478453 0.204709 -0.190829 0.00279411 -0.0126082 0.981538
1305032385.011611 -0.0498413 -0.46365 0.193063 -0.176782 0.00413704 -0.00968117 0.984194
1305032385.047788 -0.0413154 -0.450475 0.181956 -0.164143 0.00680407 -0.00771825 0.986383
1305032385.079238 -0.032733 -0.435117 0.170364 -0.151051 0.00748297 -0.00314296 0.988493
1305032385.110028 -0.0223089 -0.420138 0.158612 -0.142389 0.00909435 0.00145513 0.989768
1305032385.147955 -0.0130605 -0.407204 0.149057 -0.134081 0.012974 0.0047154 0.990874
1305032385.180315 -0.00391407 -0.391731 0.137977 -0.123699 0.0162548 0.00784687 0.992156
1305032385.212521 0.00494548 -0.3764 0.128075 -0.116859 0.0210773 0.0110161 0.992864
1305032385.247861 0.0124474 -0.361983 0.119345 -0.108035 0.0239687 0.0127628 0.993776
1305032385.279278 0.0231609 -0.347239 0.11101 -0.0968488 0.0261904 0.0109695 0.994894
1305032385.313088 0.0302054 -0.330731 0.103114 -0.0884125 0.0308248 0.00669208 0.995584
1305032385.347825 0.0379947 -0.317101 0.0957405 -0.0829943 0.0333209 0.00042562 0.995993
1305032385.379172 0.0448033 -0.303919 0.090239 -0.0763227 0.0346302 -0.00515389 0.996468
1305032385.411331 0.0507338 -0.290802 0.0849622 -0.066561 0.0329842 -0.0133819 0.997147
1305032385.446560 0.0567516 -0.275801 0.0803439 -0.0569463 0.0316909 -0.0218986 0.997634
1305032385.478895 0.0622996 -0.261995 0.0778716 -0.050441 0.0289518 -0.0273745 0.997932
1305032385.512276 0.0657638 -0.251445 0.0766306 -0.0403471 0.0244404 -0.0365316 0.998219
1305032385.546621 0.0678458 -0.239851 0.0739987 -0.0269522 0.0197707 -0.0406924 0.998612
1305032385.579100 0.0727493 -0.223851 0.0724891 -0.0185801 0.0131308 -0.0419884 0.998859
1305032385.611944 0.0781987 -0.207163 0.0714091 -0.0169104 0.00799485 -0.0450354 0.99881
1305032385.647972 0.0795316 -0.190391 0.0722108 -0.0170785 0.00483072 -0.0430472 0.998915
1305032385.677687 0.082127 -0.178058 0.0726243 -0.0152856 -0.00226186 -0.03808 0.999155
1305032385.708060 0.0854458 -0.162381 0.0728201 -0.0132787 -0.00893784 -0.0320617 0.999358
1305032385.743325 0.0880327 -0.148202 0.0734497 -0.0150724 -0.0146684 -0.0245893 0.999476
1305032385.779209 0.0920345 -0.136432 0.0748931 -0.0146172 -0.0203961 -0.0169902 0.999541
1305032385.816091 0.0973898 -0.123182 0.0746945 -0.0143351 -0.0215278 -0.00515557 0.999652
1305032385.846913 0.101787 -0.111286 0.0753485 -0.0141424 -0.0198176 0.00675799 0.999681
1305032385.879571 0.106168 -0.102962 0.0759634 -0.0068876 -0.0184358 0.0182605 0.99964
1305032385.915659 0.110755 -0.0889359 0.0757731 0.00290121 -0.0183201 0.0341909 0.999243
1305032385.943376 0.115841 -0.0764996 0.0774771 0.00587112 -0.0186853 0.0447047 0.998808
1305032385.980099 0.120884 -0.0678266 0.0797778 0.0104446 -0.0181138 0.0505878 0.998501
1305032386.014821 0.124815 -0.0580186 0.0817678 0.0163819 -0.0167123 0.0537389 0.998281
1305032386.048023 0.129647 -0.0495938 0.0838772 0.0217145 -0.0152249 0.061542 0.997752
1305032386.080071 0.135279 -0.0382429 0.0872484 0.0248465 -0.0130952 0.0727798 0.996952
1305032386.115561 0.138058 -0.0293575 0.0908148 0.0272416 -0.0129655 0.0827795 0.996111
1305032386.148299 0.139434 -0.0212505 0.095222 0.0298483 -0.0184447 0.0884511 0.995462
1305032386.179328 0.142219 -0.0125583 0.100042 0.0279853 -0.0253909 0.0917052 0.995069
1305032386.215559 0.145045 -0.00553007 0.105114 0.0224322 -0.0339375 0.0955374 0.994594
1305032386.243605 0.147186 0.00109625 0.109692 0.0178053 -0.0435388 0.100303 0.993844
1305032386.278957 0.150595 0.00682039 0.114788 0.0119802 -0.0562667 0.100805 0.993242
1305032386.315386 0.155465 0.0130422 0.115998 0.00327121 -0.0672336 0.100978 0.992609
1305032386.346831 0.158399 0.0165098 0.119458 -0.00379048 -0.0781113 0.103034 0.991599
1305032386.379033 0.164382 0.0180911 0.122007 -0.0146605 -0.0905663 0.0998105 0.990768
1305032386.415310 0.167913 0.0189279 0.124704 -0.0278445 -0.100437 0.0947237 0.990033
1305032386.447187 0.172853 0.0183234 0.126124 -0.0370999 -0.11159 0.0913608 0.98885
1305032386.479658 0.177498 0.0133949 0.128133 -0.0447627 -0.120474 0.0813398 0.988365
1305032386.514929 0.181847 0.00828406 0.130143 -0.0528703 -0.129519 0.0751476 0.987311
1305032386.547514 0.185756 -0.00254921 0.131311 -0.0585422 -0.141253 0.0632441 0.986215
1305032386.578838 0.191164 -0.0134262 0.132183 -0.062773 -0.151247 0.0516757 0.985146
1305032386.614264 0.197124 -0.0240382 0.134053 -0.0689222 -0.160704 0.0431355 0.983648
1305032386.646315 0.203571 -0.0343229 0.135525 -0.0701061 -0.169533 0.0359528 0.98237
1305032386.678968 0.211638 -0.0462841 0.136497 -0.0705744 -0.174975 0.0275274 0.981654
1305032386.714163 0.221317 -0.0581696 0.13903 -0.0750671 -0.180278 0.0230749 0.980476
1305032386.746448 0.230201 -0.0700642 0.140185 -0.0811554 -0.185809 0.0162875 0.979093
1305032386.778959 0.238969 -0.0805761 0.143833 -0.0900118 -0.190657 0.00652267 0.977499
1305032386.814157 0.247459 -0.0901132 0.146301 -0.0990152 -0.193738 -0.00043691 0.976044
1305032386.846480 0.255144 -0.10144 0.148095 -0.112212 -0.196557 -0.00864646 0.974012
1305032386.878932 0.264296 -0.110652 0.149722 -0.127842 -0.198513 -0.0188163 0.971543
1305032386.915107 0.273381 -0.120327 0.154091 -0.146307 -0.200192 -0.0260032 0.968422
1305032386.947042 0.280355 -0.1302 0.156424 -0.163279 -0.202559 -0.033947 0.964965
1305032386.979534 0.288844 -0.139004 0.159059 -0.182444 -0.203417 -0.0437571 0.960948
1305032387.015340 0.298489 -0.15639 0.16543 -0.208989 -0.203107 -0.0485321 0.955362
1305032387.047204 0.305768 -0.172077 0.170048 -0.224087 -0.203896 -0.0490687 0.951737
1305032387.083123 0.311889 -0.189983 0.17516 -0.232967 -0.204687 -0.051275 0.949316
1305032387.115144 0.317722 -0.207276 0.1793 -0.238666 -0.206883 -0.059575 0.946937
1305032387.146938 0.322908 -0.223478 0.184235 -0.248153 -0.20838 -0.0711359 0.943365
1305032387.183366 0.329654 -0.241511 0.191346 -0.258409 -0.208779 -0.0819743 0.939636
1305032387.211762 0.337667 -0.26036 0.198963 -0.265083 -0.207344 -0.0908285 0.937278
1305032387.243500 0.34761 -0.281711 0.206841 -0.269295 -0.205617 -0.0983695 0.935695
1305032387.283242 0.354981 -0.300516 0.213563 -0.272691 -0.203244 -0.10727 0.934251
1305032387.315110 0.361441 -0.318253 0.219715 -0.276347 -0.201191 -0.118322 0.932284
1305032387.347681 0.366922 -0.334806 0.225391 -0.284098 -0.198615 -0.127476 0.929296
1305032387.382764 0.371804 -0.351732 0.232834 -0.294569 -0.196342 -0.135274 0.925408
1305032387.414331 0.378214 -0.369568 0.242273 -0.301963 -0.197558 -0.143055 0.921588
1305032387.443532 0.382421 -0.385691 0.249769 -0.307672 -0.198874 -0.15013 0.918285
1305032387.482745 0.387484 -0.400375 0.257587 -0.314923 -0.200028 -0.156258 0.914547
1305032387.511705 0.391996 -0.416949 0.266388 -0.320721 -0.201028 -0.163508 0.911038
1305032387.543542 0.394054 -0.431251 0.274121 -0.322975 -0.204087 -0.170724 0.908234
1305032387.583132 0.395173 -0.446017 0.282065 -0.325662 -0.210767 -0.178367 0.904271
1305032387.614697 0.397096 -0.460129 0.288904 -0.328622 -0.218388 -0.186367 0.899768
1305032387.646620 0.396691 -0.4726 0.297722 -0.3317 -0.225868 -0.196479 0.894625
1305032387.682795 0.397229 -0.485413 0.305801 -0.334272 -0.234523 -0.205852 0.889318
1305032387.715088 0.40044 -0.497357 0.314751 -0.33688 -0.244749 -0.212276 0.884052
1305032387.746770 0.403187 -0.507602 0.322932 -0.341902 -0.252417 -0.217027 0.878799
1305032387.782837 0.405745 -0.516876 0.330509 -0.348854 -0.257892 -0.222859 0.872999
1305032387.815294 0.408227 -0.523761 0.338574 -0.358026 -0.262467 -0.2289 0.866333
1305032387.846872 0.408579 -0.532804 0.348856 -0.370031 -0.265061 -0.233281 0.859302
1305032387.883126 0.411884 -0.542133 0.359912 -0.380826 -0.267376 -0.232384 0.854095
1305032387.914658 0.414439 -0.548879 0.368151 -0.392671 -0.26644 -0.226429 0.850617
1305032387.947098 0.416148 -0.558037 0.378619 -0.406149 -0.26584 -0.222792 0.845421
1305032387.983846 0.419357 -0.566962 0.388739 -0.414561 -0.267192 -0.222807 0.840895
1305032388.015687 0.423249 -0.578902 0.402038 -0.419431 -0.270455 -0.228267 0.835958
1305032388.047380 0.425991 -0.589552 0.411604 -0.42098 -0.272633 -0.234595 0.832714
1305032388.083777 0.429681 -0.599738 0.421935 -0.421836 -0.274927 -0.24145 0.829561
1305032388.115961 0.43132 -0.611709 0.432605 -0.421133 -0.27738 -0.246462 0.827626
1305032388.148173 0.435391 -0.622856 0.443737 -0.418128 -0.282667 -0.248671 0.826699
1305032388.184052 0.437937 -0.635275 0.45423 -0.415006 -0.288379 -0.249232 0.82613
1305032388.212538 0.442386 -0.645806 0.464214 -0.411385 -0.293242 -0.249145 0.826256
1305032388.250425 0.446184 -0.655877 0.473318 -0.410292 -0.296168 -0.247468 0.82626
1305032388.283226 0.448808 -0.66469 0.4826 -0.410487 -0.298977 -0.244439 0.826052
1305032388.315193 0.450503 -0.67253 0.491398 -0.411162 -0.300694 -0.239868 0.826433
1305032388.350541 0.45061 -0.682514 0.501945 -0.410658 -0.302431 -0.234385 0.827622
1305032388.383342 0.452916 -0.690905 0.510788 -0.408261 -0.305005 -0.22875 0.829439
1305032388.414973 0.453561 -0.69929 0.519861 -0.407394 -0.306201 -0.22292 0.83101
1305032388.450875 0.453231 -0.70767 0.529604 -0.406383 -0.306829 -0.218402 0.832472
1305032388.483696 0.451 -0.717138 0.539794 -0.404932 -0.308306 -0.216783 0.833056
1305032388.515455 0.448703 -0.725284 0.549288 -0.401784 -0.311404 -0.216831 0.833416
1305032388.551418 0.444814 -0.732953 0.556714 -0.398426 -0.315891 -0.217828 0.833079
1305032388.581086 0.439982 -0.740258 0.563754 -0.396026 -0.321848 -0.21979 0.831426
1305032388.615087 0.433998 -0.748051 0.573553 -0.393819 -0.327836 -0.224307 0.828925
1305032388.650929 0.428186 -0.7542 0.580769 -0.390561 -0.332658 -0.230028 0.826975
1305032388.684041 0.42526 -0.757013 0.586616 -0.389193 -0.337058 -0.237549 0.823706
1305032388.713169 0.419321 -0.760821 0.594048 -0.391376 -0.340693 -0.247321 0.818282
1305032388.751435 0.413096 -0.763585 0.601372 -0.393784 -0.343506 -0.256231 0.813193
1305032388.783449 0.406137 -0.765825 0.609445 -0.396474 -0.346446 -0.263424 0.808326
1305032388.814824 0.398215 -0.769792 0.618351 -0.39921 -0.350036 -0.268828 0.80364
1305032388.847513 0.390792 -0.772154 0.626249 -0.401106 -0.353311 -0.27102 0.800521
1305032388.882983 0.382536 -0.774876 0.633588 -0.401739 -0.356661 -0.27319 0.797976
1305032388.914716 0.375587 -0.776712 0.641557 -0.400828 -0.36187 -0.275641 0.795242
1305032388.950492 0.368111 -0.779972 0.649375 -0.400006 -0.366549 -0.277399 0.792898
1305032388.983354 0.362504 -0.781081 0.656935 -0.398324 -0.371136 -0.277497 0.791575
1305032389.015302 0.358027 -0.781881 0.663053 -0.397044 -0.375628 -0.277163 0.790216
1305032389.050498 0.354058 -0.782851 0.670666 -0.396125 -0.381742 -0.278653 0.787217
1305032389.083544 0.351176 -0.783066 0.678594 -0.39332 -0.389206 -0.282878 0.783453
1305032389.114834 0.347989 -0.784067 0.686309 -0.389875 -0.39605 -0.288481 0.779693
1305032389.150563 0.347983 -0.782065 0.690803 -0.387683 -0.400723 -0.292531 0.776884
1305032389.183847 0.346892 -0.781489 0.69827 -0.385797 -0.405565 -0.29664 0.773746
1305032389.215520 0.345677 -0.782135 0.70479 -0.380944 -0.411121 -0.301974 0.77115
1305032389.251042 0.349563 -0.779702 0.708251 -0.375932 -0.416893 -0.305387 0.769164
1305032389.283231 0.352623 -0.777703 0.711985 -0.37283 -0.423881 -0.308755 0.765502
1305032389.315296 0.35589 -0.776005 0.717196 -0.369762 -0.43137 -0.311404 0.761724
1305032389.351461 0.362307 -0.774177 0.723266 -0.367726 -0.437418 -0.312924 0.758631
1305032389.383520 0.370496 -0.770465 0.727524 -0.366993 -0.441515 -0.314092 0.756126
1305032389.415851 0.377879 -0.767489 0.731749 -0.367347 -0.445273 -0.315275 0.753253
1305032389.447191 0.384399 -0.766671 0.737504 -0.365835 -0.450734 -0.316059 0.750407
1305032389.484520 0.39536 -0.764002 0.740689 -0.363544 -0.455575 -0.315024 0.749031
1305032389.519411 0.407748 -0.761 0.744377 -0.363566 -0.459551 -0.314744 0.746705
1305032389.551432 0.417505 -0.759192 0.748943 -0.363215 -0.46222 -0.316127 0.744642
1305032389.583908 0.427414 -0.757435 0.752225 -0.361973 -0.46457 -0.317253 0.743304
1305032389.619179 0.43902 -0.754961 0.754171 -0.361509 -0.467615 -0.316884 0.741776
1305032389.651751 0.448816 -0.752732 0.757263 -0.362054 -0.47067 -0.315906 0.739993
1305032389.683655 0.456177 -0.751944 0.761227 -0.360987 -0.472297 -0.313483 0.740508
1305032389.719141 0.467493 -0.74814 0.762622 -0.357283 -0.474011 -0.308617 0.743248
1305032389.751256 0.480025 -0.74459 0.763569 -0.354086 -0.476102 -0.304374 0.745189
1305032389.783396 0.488656 -0.741008 0.765242 -0.350703 -0.477877 -0.300171 0.747354
1305032389.815171 0.497717 -0.73789 0.767557 -0.346014 -0.479513 -0.293834 0.751001
1305032389.850251 0.507868 -0.733107 0.767913 -0.341567 -0.480772 -0.28615 0.755187
1305032389.883751 0.516274 -0.727034 0.768936 -0.336152 -0.482772 -0.280369 0.758502
1305032389.915433 0.520847 -0.72197 0.768813 -0.327351 -0.487103 -0.276425 0.761027
1305032389.950745 0.52709 -0.716985 0.76519 -0.315141 -0.494451 -0.272416 0.762886
1305032389.982637 0.533612 -0.709882 0.761466 -0.303135 -0.503011 -0.266938 0.76409
1305032390.019198 0.539442 -0.701484 0.757528 -0.290803 -0.512443 -0.26158 0.764468
1305032390.053174 0.54507 -0.694095 0.754895 -0.278302 -0.521993 -0.256528 0.764372
1305032390.081015 0.554021 -0.682785 0.751323 -0.269224 -0.526584 -0.251586 0.766115
1305032390.118347 0.559134 -0.672669 0.74951 -0.263706 -0.528357 -0.247464 0.768153
1305032390.149354 0.562103 -0.664309 0.747185 -0.257638 -0.529992 -0.241455 0.770993
1305032390.183538 0.567493 -0.653286 0.743915 -0.251 -0.531157 -0.234446 0.774536
1305032390.219241 0.57222 -0.643171 0.742618 -0.245528 -0.531692 -0.228905 0.777574
1305032390.251134 0.575327 -0.634866 0.741687 -0.237964 -0.531784 -0.222087 0.781829
1305032390.282589 0.58103 -0.624159 0.738993 -0.230359 -0.531067 -0.212188 0.787324
1305032390.314979 0.584437 -0.614156 0.736464 -0.224519 -0.52975 -0.202788 0.792359
1305032390.350267 0.590267 -0.603845 0.73434 -0.219827 -0.528185 -0.19204 0.797382
1305032390.382610 0.593773 -0.593446 0.730499 -0.216167 -0.527526 -0.181953 0.801175
1305032390.415081 0.596128 -0.584772 0.728329 -0.211477 -0.528922 -0.172789 0.803531
1305032390.451519 0.599691 -0.575553 0.727482 -0.205754 -0.530975 -0.164312 0.805439
1305032390.479658 0.603909 -0.565985 0.726774 -0.200801 -0.532714 -0.157481 0.806904
1305032390.514929 0.607513 -0.556878 0.726336 -0.197015 -0.534115 -0.149881 0.808357
1305032390.550339 0.610821 -0.548856 0.72753 -0.191774 -0.535681 -0.142294 0.809951
1305032390.582772 0.615474 -0.540108 0.727127 -0.185711 -0.536527 -0.134246 0.812175
1305032390.618377 0.619381 -0.531499 0.728477 -0.18102 -0.5372 -0.125827 0.814134
1305032390.650434 0.624729 -0.522327 0.73172 -0.174337 -0.537617 -0.11744 0.816568
1305032390.682873 0.632004 -0.51181 0.732696 -0.167437 -0.536784 -0.109973 0.819594
1305032390.718194 0.636946 -0.501528 0.733535 -0.163232 -0.536882 -0.104371 0.821109
1305032390.750175 0.64286 -0.490993 0.737323 -0.160464 -0.537631 -0.0990865 0.821819
1305032390.786274 0.648598 -0.479669 0.740385 -0.159698 -0.537719 -0.0945527 0.822444
1305032390.818507 0.654009 -0.467917 0.744341 -0.160415 -0.537865 -0.0912868 0.822578
1305032390.850437 0.6589 -0.45726 0.749014 -0.159878 -0.538519 -0.0874352 0.822673
1305032390.886597 0.664742 -0.445751 0.753563 -0.158322 -0.539826 -0.0833491 0.822542
1305032390.918398 0.671157 -0.433526 0.76025 -0.156782 -0.541484 -0.079642 0.822114
1305032390.950305 0.676239 -0.421619 0.765925 -0.152245 -0.543542 -0.0758612 0.821966
1305032390.987238 0.681529 -0.409988 0.771405 -0.144325 -0.547035 -0.0707257 0.821536
1305032391.019268 0.689515 -0.395115 0.776803 -0.136005 -0.55144 -0.0655731 0.820437
1305032391.051279 0.696899 -0.38034 0.784678 -0.133861 -0.55434 -0.0625856 0.819067
1305032391.087153 0.700908 -0.367308 0.789859 -0.134736 -0.555104 -0.0592537 0.818655
1305032391.118251 0.704436 -0.356107 0.793013 -0.133922 -0.557151 -0.0545894 0.817721
1305032391.150434 0.708854 -0.344171 0.798176 -0.128993 -0.561176 -0.0503741 0.81603
1305032391.186761 0.712592 -0.331015 0.803001 -0.126055 -0.563345 -0.0473618 0.815174
1305032391.218382 0.715777 -0.317902 0.806998 -0.126123 -0.564013 -0.0419854 0.814997
1305032391.250262 0.719063 -0.303584 0.810503 -0.125753 -0.56528 -0.0352807 0.814493
1305032391.286409 0.721038 -0.292549 0.812085 -0.125134 -0.566487 -0.0314562 0.813907
1305032391.318198 0.722897 -0.279294 0.81351 -0.126219 -0.567737 -0.0266977 0.813038
1305032391.350223 0.725475 -0.26898 0.815793 -0.128179 -0.569195 -0.0210937 0.811876
1305032391.386404 0.727907 -0.25573 0.817287 -0.129587 -0.570401 -0.0159584 0.810922
1305032391.418275 0.729531 -0.246342 0.817788 -0.132396 -0.571919 -0.0120991 0.809465
1305032391.450231 0.731248 -0.235485 0.819574 -0.135775 -0.574231 -0.00694882 0.807326
1305032391.483296 0.732001 -0.226601 0.822123 -0.140274 -0.575657 -0.00339505 0.805563
1305032391.518579 0.732778 -0.21664 0.824808 -0.144404 -0.575763 0.00155739 0.804762
1305032391.548166 0.733166 -0.207375 0.825713 -0.146899 -0.575193 0.00922098 0.804667
1305032391.584774 0.733478 -0.198918 0.824687 -0.150253 -0.574965 0.0176197 0.80407
1305032391.617070 0.732519 -0.190348 0.823077 -0.153893 -0.575148 0.0232619 0.803107
1305032391.647210 0.731908 -0.182291 0.820263 -0.157059 -0.575526 0.0280854 0.802068
1305032391.683817 0.729956 -0.173604 0.816866 -0.161356 -0.577063 0.0335603 0.799898
1305032391.719489 0.727407 -0.165542 0.813263 -0.166903 -0.579191 0.0355456 0.797131
1305032391.748029 0.723654 -0.157639 0.810289 -0.17034 -0.58081 0.0333994 0.795317
1305032391.784539 0.721047 -0.151543 0.806016 -0.173015 -0.580387 0.0329829 0.795065
1305032391.815353 0.71874 -0.145347 0.802733 -0.179208 -0.577445 0.0350034 0.795749
1305032391.850480 0.714852 -0.139174 0.799342 -0.182804 -0.572535 0.0337363 0.798529
1305032391.884688 0.712529 -0.133585 0.794727 -0.182231 -0.567738 0.0337564 0.802076
1305032391.921342 0.709355 -0.127445 0.79059 -0.182002 -0.564042 0.0344271 0.804703
1305032391.953133 0.706298 -0.122131 0.786222 -0.182853 -0.561798 0.0328753 0.806143
1305032391.983420 0.703277 -0.117422 0.784475 -0.179914 -0.562465 0.0284793 0.806507
