1305032354.009456 0 0 0 0 0 0 1
1305032354.045335 -0.00119503 -0.011347 0.00177262 -0.0100142 0.00188977 -0.00304759 0.999943
1305032354.076940 -0.0018157 -0.0239689 -0.00107809 -0.0194532 0.000785919 -0.00446906 0.9998
1305032354.109860 -0.00252461 -0.0368481 -0.00516454 -0.032341 0.0015807 -0.00824093 0.999442
1305032354.145200 -0.00284898 -0.0510617 -0.00407778 -0.0492236 0.00467384 -0.00974451 0.998729
1305032354.177151 -0.003415 -0.0662662 -0.00534066 -0.0653888 0.00712835 -0.00441328 0.997825
1305032354.209651 -0.00375262 -0.0829294 -0.00694369 -0.080332 0.00955834 0.00121108 0.996722
1305032354.244910 -0.00381108 -0.100672 -0.00824747 -0.0965862 0.0116115 0.00219128 0.995254
1305032354.277122 -0.00367188 -0.118402 -0.00781757 -0.10668 0.0135477 0.00158314 0.9942
1305032354.309733 -0.00398918 -0.135589 -0.00963191 -0.111532 0.0137363 -0.000645978 0.993666
1305032354.345124 -0.00434911 -0.155831 -0.012467 -0.117487 0.0134528 -0.00591907 0.992966
1305032354.377091 -0.00439167 -0.175439 -0.0125011 -0.122149 0.013327 -0.0104697 0.992367
1305032354.407556 -0.00284982 -0.196242 -0.0151852 -0.126719 0.0123981 -0.015219 0.991744
1305032354.445200 -0.00211432 -0.217811 -0.0206504 -0.134138 0.012321 -0.0201704 0.990681
1305032354.477221 -0.00148133 -0.236897 -0.0203965 -0.144456 0.0137588 -0.0229777 0.989149
1305032354.510161 0.000171157 -0.254114 -0.0228615 -0.155796 0.0166087 -0.0228191 0.987386
1305032354.545622 0.00167036 -0.268299 -0.0252577 -0.169881 0.0211527 -0.0201332 0.985032
1305032354.577445 0.00199955 -0.284799 -0.026736 -0.187661 0.0259905 -0.0146255 0.981781
1305032354.610249 0.00260026 -0.299659 -0.0240553 -0.202713 0.0301595 -0.00696321 0.978749
1305032354.645613 0.00241248 -0.311585 -0.0224593 -0.214218 0.0336854 -0.000599783 0.976205
1305032354.677651 0.00169506 -0.324151 -0.0216519 -0.225391 0.035709 0.00518034 0.9736
1305032354.709984 0.00220861 -0.33832 -0.0209794 -0.237538 0.0346457 0.00988132 0.97071
1305032354.745813 0.00270068 -0.350488 -0.0162223 -0.248074 0.031695 0.0117165 0.968152
1305032354.777561 0.00336263 -0.36442 -0.0131533 -0.256509 0.0280085 0.00907747 0.966093
1305032354.813526 0.00477717 -0.38008 -0.0119608 -0.262388 0.0237447 0.00449799 0.96466
1305032354.845896 0.00725958 -0.395606 -0.0126707 -0.268687 0.0197541 -0.000729732 0.963025
1305032354.877727 0.00913365 -0.408996 -0.0116671 -0.275532 0.0157445 -0.00587528 0.961145
1305032354.913596 0.0115107 -0.423557 -0.0133586 -0.2825 0.0108342 -0.00983863 0.959156
1305032354.946029 0.0131657 -0.438186 -0.0115359 -0.293362 0.00502149 -0.0176323 0.955826
1305032354.977691 0.0173518 -0.453107 -0.0106545 -0.300397 -0.00067499 -0.0263858 0.953449
1305032355.013557 0.0212891 -0.465774 -0.0145069 -0.309825 -0.0062686 -0.0349333 0.950131
1305032355.045678 0.0228766 -0.478969 -0.00624797 -0.324246 -0.0128344 -0.0477079 0.944682
1305032355.077711 0.0234284 -0.493418 0.00133039 -0.334137 -0.0207435 -0.0592623 0.940431
1305032355.113721 0.0257947 -0.505891 0.00675683 -0.341803 -0.0315343 -0.0682726 0.936758
1305032355.145771 0.0290849 -0.521219 0.00973599 -0.352053 -0.0444595 -0.0748895 0.931919
1305032355.177863 0.0310677 -0.531671 0.0172405 -0.363302 -0.0574501 -0.0801906 0.926435
1305032355.213995 0.0316394 -0.545373 0.0254789 -0.373426 -0.0712209 -0.0865693 0.920862
1305032355.246379 0.0319198 -0.558076 0.0330287 -0.381422 -0.0868695 -0.0902813 0.915871
1305032355.278991 0.0313477 -0.572535 0.0417756 -0.386964 -0.103993 -0.0924954 0.911531
1305032355.312689 0.0328417 -0.58636 0.0487086 -0.390959 -0.12122 -0.094012 0.907534
1305032355.347016 0.038389 -0.59392 0.0584645 -0.395505 -0.137009 -0.0934669 0.903365
1305032355.379246 0.0420817 -0.602291 0.0671447 -0.398024 -0.152878 -0.0955878 0.899482
1305032355.415084 0.0483554 -0.610746 0.0764728 -0.398681 -0.167904 -0.10011 0.896013
1305032355.446636 0.0522686 -0.623305 0.0859014 -0.398299 -0.179328 -0.105998 0.893288
1305032355.479127 0.0581709 -0.634514 0.0939733 -0.395632 -0.191963 -0.108066 0.891598
1305032355.514371 0.0667944 -0.638525 0.103044 -0.39216 -0.206991 -0.108322 0.889737
1305032355.546522 0.077665 -0.644969 0.10858 -0.389064 -0.220126 -0.107439 0.888049
1305032355.578354 0.0896165 -0.653319 0.114881 -0.387859 -0.230258 -0.107066 0.886049
1305032355.614298 0.103352 -0.653389 0.128372 -0.38498 -0.238418 -0.106664 0.885195
1305032355.646429 0.115298 -0.665377 0.136411 -0.381997 -0.242993 -0.107126 0.885187
1305032355.679021 0.12839 -0.683146 0.141972 -0.380023 -0.248859 -0.106026 0.88454
1305032355.715171 0.141153 -0.691583 0.15114 -0.375738 -0.256659 -0.104144 0.884365
1305032355.747547 0.158501 -0.697598 0.155698 -0.368953 -0.263131 -0.101525 0.885623
1305032355.779172 0.177591 -0.698985 0.156067 -0.365248 -0.265327 -0.100894 0.886575
1305032355.815082 0.188609 -0.69338 0.16135 -0.359076 -0.263128 -0.102797 0.889529
1305032355.847746 0.200072 -0.701566 0.174297 -0.343755 -0.260667 -0.106707 0.895823
1305032355.879256 0.213022 -0.728263 0.176982 -0.326476 -0.260173 -0.117512 0.901063
1305032355.914958 0.232938 -0.738164 0.165201 -0.318251 -0.259254 -0.123194 0.903508
1305032355.947516 0.24576 -0.740205 0.162792 -0.320658 -0.256956 -0.123072 0.90333
1305032355.979562 0.258486 -0.741507 0.163777 -0.330511 -0.255532 -0.11716 0.900966
1305032356.015124 0.264535 -0.755459 0.168788 -0.34313 -0.257327 -0.11055 0.896562
1305032356.047385 0.269556 -0.759646 0.176479 -0.349793 -0.265311 -0.101747 0.892694
1305032356.083040 0.279535 -0.764203 0.179822 -0.349226 -0.276829 -0.0933612 0.890332
1305032356.114352 0.296146 -0.761369 0.182502 -0.346612 -0.289474 -0.0926685 0.887399
1305032356.146404 0.307757 -0.758978 0.184521 -0.347436 -0.299067 -0.0966519 0.883462
1305032356.182442 0.317905 -0.760634 0.192707 -0.346328 -0.308917 -0.106335 0.879386
1305032356.214279 0.325009 -0.762649 0.20492 -0.33883 -0.318453 -0.1168 0.877576
1305032356.246658 0.33456 -0.762721 0.207312 -0.325508 -0.327241 -0.123698 0.87844
1305032356.282363 0.346321 -0.760088 0.203908 -0.31655 -0.332529 -0.125847 0.879422
1305032356.314238 0.354898 -0.755946 0.206744 -0.314533 -0.336099 -0.122078 0.879319
1305032356.346442 0.357397 -0.752256 0.214015 -0.310676 -0.340647 -0.11716 0.87961
1305032356.382453 0.360058 -0.74843 0.224066 -0.298932 -0.348221 -0.11088 0.881526
1305032356.414237 0.366793 -0.74094 0.228127 -0.282796 -0.357177 -0.106166 0.883844
1305032356.446755 0.380144 -0.729712 0.233027 -0.2675 -0.366394 -0.103579 0.885139
1305032356.482444 0.387931 -0.713462 0.246193 -0.252695 -0.373277 -0.102159 0.886777
1305032356.514490 0.397234 -0.703603 0.250552 -0.237249 -0.375744 -0.105903 0.889558
1305032356.546721 0.407775 -0.690802 0.258302 -0.21998 -0.37707 -0.113594 0.892482
1305032356.582446 0.41902 -0.675345 0.256489 -0.204987 -0.375977 -0.121913 0.89541
1305032356.614314 0.429832 -0.655261 0.26158 -0.196217 -0.374229 -0.130502 0.896895
1305032356.646374 0.434065 -0.643459 0.27167 -0.188511 -0.372036 -0.13595 0.898649
1305032356.683322 0.443916 -0.627025 0.273619 -0.177503 -0.369738 -0.134512 0.90205
1305032356.715172 0.448905 -0.608725 0.281871 -0.1694 -0.368363 -0.130148 0.904806
1305032356.743534 0.460097 -0.589424 0.284453 -0.159383 -0.366761 -0.124073 0.908124
1305032356.782372 0.47146 -0.570403 0.288455 -0.151622 -0.365514 -0.118959 0.910637
1305032356.814985 0.476413 -0.550993 0.293051 -0.141364 -0.365078 -0.112258 0.913308
1305032356.846535 0.486381 -0.532408 0.291378 -0.131056 -0.366548 -0.10194 0.915465
1305032356.882068 0.496114 -0.508901 0.289914 -0.126199 -0.368223 -0.0923449 0.916492
1305032356.914707 0.50406 -0.491867 0.292494 -0.125406 -0.369911 -0.0817551 0.916927
1305032356.947460 0.506471 -0.467156 0.291237 -0.124265 -0.371966 -0.0692748 0.917279
1305032356.982294 0.514602 -0.44592 0.292774 -0.124876 -0.37518 -0.0561596 0.916783
1305032357.014261 0.51918 -0.429043 0.29414 -0.125357 -0.37798 -0.0467897 0.916094
1305032357.046550 0.527403 -0.415816 0.296809 -0.123067 -0.382717 -0.0374827 0.914865
1305032357.082118 0.535326 -0.401497 0.302425 -0.120488 -0.39005 -0.0273463 0.912467
1305032357.114108 0.539467 -0.386267 0.304634 -0.116189 -0.397808 -0.0194407 0.909874
1305032357.146528 0.547554 -0.366856 0.304458 -0.11026 -0.403877 -0.012734 0.908055
1305032357.182108 0.553931 -0.354403 0.304884 -0.109492 -0.407011 -0.00725005 0.906808
1305032357.214184 0.561988 -0.342902 0.303597 -0.105482 -0.412211 0.00104453 0.904961
1305032357.250098 0.567607 -0.326063 0.305138 -0.0954649 -0.415935 0.00759196 0.904338
1305032357.282087 0.576766 -0.308225 0.302541 -0.0878986 -0.415044 0.0166436 0.905392
1305032357.314085 0.583034 -0.291281 0.303519 -0.0845845 -0.414076 0.0275679 0.905885
1305032357.350168 0.58765 -0.278866 0.300498 -0.0805724 -0.41354 0.0362439 0.906189
1305032357.382141 0.595949 -0.261022 0.296268 -0.0773855 -0.413076 0.0425436 0.906405
1305032357.414454 0.596943 -0.243771 0.294183 -0.0796059 -0.411363 0.0464937 0.906798
1305032357.450340 0.601555 -0.228898 0.291496 -0.0834656 -0.409763 0.0548439 0.906708
1305032357.482241 0.606018 -0.212633 0.288239 -0.0910929 -0.407831 0.0634579 0.906283
1305032357.513987 0.607185 -0.191409 0.289148 -0.0969682 -0.405555 0.06931 0.906266
1305032357.549979 0.609417 -0.17951 0.28659 -0.102444 -0.402973 0.075016 0.906361
1305032357.582946 0.612578 -0.168399 0.282565 -0.106459 -0.401333 0.0789136 0.906295
1305032357.611057 0.618143 -0.156371 0.276182 -0.110186 -0.399681 0.0797915 0.906503
1305032357.650783 0.620198 -0.1408 0.276076 -0.11602 -0.397961 0.0781729 0.906673
1305032357.683024 0.621017 -0.130415 0.275778 -0.120982 -0.395044 0.0759702 0.907487
1305032357.710979 0.624264 -0.120575 0.274749 -0.125218 -0.391266 0.0756829 0.908572
1305032357.750457 0.628133 -0.108797 0.271862 -0.128943 -0.386363 0.0727261 0.910389
1305032357.783108 0.634918 -0.0972984 0.272244 -0.131978 -0.382019 0.0701335 0.911989
1305032357.814444 0.641042 -0.0897829 0.268313 -0.133243 -0.377435 0.0668773 0.913956
1305032357.850329 0.643061 -0.078698 0.266582 -0.135622 -0.37122 0.0615212 0.916525
1305032357.882357 0.64426 -0.0711183 0.266167 -0.137563 -0.364318 0.0587195 0.919185
1305032357.914168 0.645394 -0.0651525 0.266228 -0.135239 -0.35655 0.0580552 0.922612
1305032357.948987 0.644834 -0.0589796 0.262562 -0.132267 -0.349366 0.0600774 0.925656
1305032357.982077 0.643889 -0.0513844 0.260458 -0.127619 -0.345321 0.0605366 0.927794
1305032358.010855 0.639024 -0.0465139 0.261639 -0.121382 -0.342462 0.060905 0.929665
1305032358.050220 0.638325 -0.042031 0.261902 -0.110877 -0.34079 0.066117 0.931234
1305032358.082211 0.635166 -0.0385885 0.261148 -0.102636 -0.338957 0.0677192 0.932732
1305032358.115784 0.631657 -0.0361057 0.262562 -0.0906272 -0.339406 0.0697047 0.933665
1305032358.150676 0.626833 -0.0326033 0.264361 -0.0764772 -0.340447 0.0719373 0.934383
1305032358.183396 0.61683 -0.0304344 0.265483 -0.0649754 -0.341395 0.072251 0.934884
1305032358.214748 0.610798 -0.0254812 0.267222 -0.0522056 -0.344096 0.0745127 0.934516
1305032358.251221 0.603449 -0.019697 0.270143 -0.040114 -0.347572 0.0814751 0.933245
1305032358.283060 0.594443 -0.0161885 0.274608 -0.0339824 -0.350938 0.0840968 0.931996
1305032358.314611 0.585883 -0.00839038 0.279342 -0.0257739 -0.354802 0.0919929 0.930048
1305032358.350749 0.576862 -0.0026782 0.284059 -0.0189761 -0.358919 0.0986582 0.927946
1305032358.381865 0.568381 0.00344901 0.288459 -0.0184022 -0.364747 0.101737 0.925349
1305032358.414355 0.561156 0.0105681 0.290657 -0.0153885 -0.372531 0.102226 0.922244
1305032358.447967 0.557415 0.0175986 0.293218 -0.0118112 -0.378973 0.103725 0.9195
1305032358.481387 0.557113 0.0263508 0.292527 -0.0152926 -0.381117 0.104685 0.918454
1305032358.517650 0.55536 0.0328063 0.295559 -0.0211624 -0.381839 0.105108 0.917989
1305032358.548167 0.555259 0.0390803 0.296644 -0.0248615 -0.38116 0.105057 0.918184
1305032358.582146 0.557435 0.0446259 0.294981 -0.0277692 -0.37962 0.105601 0.918676
1305032358.616710 0.558077 0.0478812 0.29499 -0.0316968 -0.378853 0.104794 0.918958
1305032358.649112 0.559318 0.0480245 0.295048 -0.0344385 -0.378817 0.104084 0.918955
1305032358.681202 0.561108 0.048269 0.29333 -0.0351798 -0.378943 0.105023 0.918768
1305032358.716920 0.561519 0.0465502 0.293788 -0.0364907 -0.379292 0.105805 0.918483
1305032358.746598 0.564057 0.0398467 0.293168 -0.035477 -0.380784 0.107247 0.917738
1305032358.779352 0.567165 0.0317494 0.291819 -0.0326994 -0.383778 0.107293 0.916588
1305032358.817050 0.569509 0.0203668 0.290539 -0.0306141 -0.389053 0.105392 0.914655
1305032358.849277 0.57381 0.00900583 0.288795 -0.0270912 -0.395507 0.10189 0.912392
1305032358.882669 0.577867 -0.00373802 0.287955 -0.0232249 -0.400213 0.0999093 0.910664
1305032358.917982 0.582367 -0.0185518 0.285665 -0.0231043 -0.403959 0.0984136 0.909175
1305032358.951038 0.588288 -0.032169 0.283623 -0.024693 -0.408293 0.0934534 0.907719
1305032358.983085 0.595987 -0.0447177 0.281231 -0.0260757 -0.413119 0.0884907 0.905992
1305032359.019148 0.607928 -0.0582455 0.276801 -0.0321642 -0.417329 0.0781109 0.904821
1305032359.051225 0.616666 -0.0702962 0.275665 -0.0401636 -0.419343 0.0644578 0.904645
1305032359.082899 0.625318 -0.0835579 0.275124 -0.0487333 -0.420041 0.0538895 0.904592
1305032359.118855 0.634143 -0.0956345 0.276974 -0.0565448 -0.420024 0.0448239 0.90464
1305032359.151254 0.645479 -0.111028 0.276729 -0.0655055 -0.417643 0.0345646 0.905587
1305032359.183363 0.65452 -0.125541 0.277341 -0.0749305 -0.415402 0.0254518 0.906189
1305032359.219267 0.666027 -0.140349 0.27664 -0.0876001 -0.412665 0.016717 0.906507
1305032359.251063 0.675302 -0.155245 0.278125 -0.104263 -0.408362 0.00985555 0.906793
1305032359.283123 0.681026 -0.170063 0.279635 -0.121223 -0.402695 0.00194712 0.90727
1305032359.319238 0.684166 -0.185929 0.28219 -0.13392 -0.399757 -0.00915328 0.906739
1305032359.350945 0.690909 -0.205281 0.284056 -0.147673 -0.397135 -0.0197377 0.905587
1305032359.383033 0.695372 -0.223778 0.288316 -0.162444 -0.394062 -0.0272816 0.904203
1305032359.418684 0.698773 -0.241638 0.292325 -0.174078 -0.392247 -0.0345652 0.902576
1305032359.450700 0.70201 -0.262644 0.295002 -0.18228 -0.391406 -0.0455387 0.900834
1305032359.482630 0.706543 -0.279486 0.298343 -0.191959 -0.390659 -0.0557055 0.898574
1305032359.517271 0.704552 -0.302099 0.304828 -0.201465 -0.389619 -0.0626343 0.896485
1305032359.549406 0.707454 -0.3177 0.309819 -0.206075 -0.390013 -0.0655762 0.895055
1305032359.580783 0.709605 -0.332156 0.314215 -0.215745 -0.388683 -0.0714621 0.892901
1305032359.618509 0.708348 -0.351161 0.324639 -0.232181 -0.385392 -0.0732462 0.890056
1305032359.648297 0.707816 -0.36733 0.332758 -0.245685 -0.382895 -0.075003 0.887358
1305032359.682616 0.703318 -0.385407 0.343095 -0.257432 -0.382119 -0.0805576 0.883869
1305032359.717507 0.700692 -0.402905 0.351619 -0.265186 -0.384689 -0.0865872 0.879883
1305032359.747140 0.699247 -0.419352 0.360374 -0.272805 -0.389783 -0.0916805 0.874781
1305032359.784467 0.695964 -0.43632 0.370576 -0.280914 -0.392447 -0.0986561 0.870253
1305032359.814695 0.691489 -0.45193 0.382993 -0.287078 -0.394201 -0.105803 0.866601
1305032359.847549 0.690205 -0.46832 0.392991 -0.293966 -0.396937 -0.113719 0.862028
1305032359.886136 0.683735 -0.484187 0.405129 -0.301527 -0.398526 -0.120015 0.85782
1305032359.915265 0.680801 -0.498197 0.416984 -0.307419 -0.402242 -0.127513 0.852898
1305032359.947309 0.676154 -0.512162 0.428084 -0.313778 -0.406482 -0.136124 0.847223
1305032359.984090 0.671381 -0.524915 0.439459 -0.321099 -0.411782 -0.145244 0.840378
1305032360.018877 0.668251 -0.53642 0.451369 -0.330437 -0.417441 -0.156009 0.831995
1305032360.051651 0.66063 -0.547498 0.464043 -0.34035 -0.422488 -0.167235 0.823225
1305032360.087324 0.656944 -0.555189 0.474091 -0.349482 -0.428596 -0.178306 0.813864
1305032360.119052 0.648643 -0.561429 0.487121 -0.358561 -0.435005 -0.189056 0.804029
1305032360.151201 0.641228 -0.569177 0.502585 -0.366098 -0.443439 -0.198571 0.793665
1305032360.187139 0.632694 -0.577791 0.515141 -0.370896 -0.452033 -0.208782 0.783908
1305032360.218935 0.622398 -0.585013 0.530872 -0.374427 -0.459806 -0.218898 0.774898
1305032360.251170 0.610451 -0.589705 0.546057 -0.376063 -0.468174 -0.227182 0.766667
1305032360.285679 0.598387 -0.597709 0.56165 -0.375743 -0.478976 -0.233039 0.758348
1305032360.318280 0.585302 -0.609154 0.579904 -0.372621 -0.490928 -0.238092 0.750637
1305032360.347303 0.5746 -0.620272 0.592044 -0.365286 -0.502026 -0.244269 0.744895
1305032360.387567 0.564511 -0.632724 0.606721 -0.359256 -0.514947 -0.251341 0.736609
1305032360.419307 0.557983 -0.64199 0.61846 -0.355298 -0.525971 -0.25938 0.727901
1305032360.447080 0.544417 -0.649166 0.631053 -0.350525 -0.533753 -0.270661 0.720404
1305032360.487302 0.536009 -0.656656 0.64309 -0.345355 -0.540409 -0.279222 0.714649
1305032360.516084 0.523764 -0.664998 0.655936 -0.342076 -0.546433 -0.28708 0.708505
1305032360.550452 0.51035 -0.674458 0.666627 -0.339214 -0.551103 -0.292159 0.704176
1305032360.585577 0.497755 -0.6809 0.677417 -0.335394 -0.555462 -0.296335 0.700827
1305032360.616453 0.483401 -0.684907 0.68712 -0.328502 -0.561317 -0.301269 0.697313
1305032360.651196 0.467973 -0.692617 0.697103 -0.31728 -0.570513 -0.306199 0.692886
1305032360.683724 0.44848 -0.704013 0.704795 -0.301493 -0.580827 -0.31367 0.688006
1305032360.716902 0.438322 -0.708052 0.716646 -0.283635 -0.591687 -0.31486 0.685799
1305032360.750823 0.425069 -0.712812 0.719704 -0.269064 -0.600828 -0.313607 0.684296
1305032360.787088 0.416989 -0.714101 0.721578 -0.259071 -0.609431 -0.306514 0.683758
1305032360.817705 0.406127 -0.717027 0.724494 -0.255466 -0.616641 -0.297241 0.682744
1305032360.851074 0.392816 -0.718419 0.725617 -0.253693 -0.623127 -0.291371 0.680041
1305032360.887553 0.390828 -0.714439 0.731747 -0.25125 -0.629646 -0.290245 0.675408
1305032360.919281 0.38207 -0.710712 0.73659 -0.248744 -0.635143 -0.294867 0.669159
1305032360.951273 0.371408 -0.709978 0.740113 -0.24392 -0.641494 -0.298218 0.663366
1305032360.983341 0.369067 -0.706877 0.741686 -0.239706 -0.648576 -0.29806 0.658066
1305032361.019684 0.367546 -0.700617 0.745851 -0.241439 -0.653896 -0.297325 0.652476
1305032361.055112 0.363925 -0.693731 0.751752 -0.244616 -0.65896 -0.300223 0.644826
1305032361.083402 0.358492 -0.69124 0.758963 -0.243724 -0.665187 -0.305459 0.636255
1305032361.118826 0.353997 -0.689962 0.76469 -0.238296 -0.673133 -0.307146 0.629101
1305032361.155055 0.351164 -0.683735 0.771074 -0.228595 -0.683038 -0.304572 0.623249
1305032361.187451 0.35329 -0.678501 0.779936 -0.214799 -0.693898 -0.299431 0.618634
1305032361.214912 0.357985 -0.676138 0.789307 -0.200063 -0.703164 -0.294338 0.615549
1305032361.250889 0.365564 -0.667837 0.798222 -0.186743 -0.712113 -0.287463 0.612688
1305032361.283006 0.375812 -0.656794 0.809241 -0.175328 -0.72121 -0.279948 0.608888
1305032361.318300 0.389269 -0.643891 0.821383 -0.168523 -0.72818 -0.274625 0.604926
1305032361.353596 0.399738 -0.632434 0.832757 -0.165864 -0.733532 -0.271844 0.600434
1305032361.385885 0.413504 -0.619905 0.846409 -0.161877 -0.740733 -0.268599 0.594109
1305032361.418314 0.427672 -0.607714 0.860096 -0.157878 -0.747013 -0.267791 0.587651
1305032361.454287 0.436196 -0.597697 0.878492 -0.153724 -0.752136 -0.267409 0.582368
1305032361.482980 0.45098 -0.5873 0.89076 -0.148805 -0.755629 -0.26535 0.580061
1305032361.517186 0.463216 -0.5765 0.903061 -0.144613 -0.759829 -0.26303 0.576682
1305032361.554410 0.474386 -0.567551 0.915274 -0.135468 -0.766266 -0.258712 0.572322
1305032361.586249 0.490204 -0.559071 0.929979 -0.122718 -0.772325 -0.253163 0.569529
1305032361.614853 0.505408 -0.543547 0.945644 -0.110693 -0.77685 -0.246369 0.568817
1305032361.654354 0.519142 -0.537117 0.960805 -0.0997378 -0.78025 -0.238132 0.569698
1305032361.683032 0.531876 -0.525663 0.975327 -0.0888879 -0.781861 -0.226498 0.574014
1305032361.715384 0.546465 -0.514525 0.986337 -0.081406 -0.782292 -0.2134 0.579528
1305032361.754316 0.560686 -0.501827 0.999565 -0.0798363 -0.780866 -0.20112 0.586025
1305032361.782986 0.570369 -0.49081 1.01276 -0.0862169 -0.77588 -0.190177 0.595323
1305032361.819589 0.584388 -0.478328 1.02559 -0.0933258 -0.770101 -0.182567 0.604073
1305032361.855109 0.593015 -0.462638 1.0339 -0.100812 -0.763843 -0.17761 0.612238
1305032361.886775 0.601127 -0.448702 1.03901 -0.106719 -0.759479 -0.173573 0.617798
1305032361.919175 0.599347 -0.427736 1.0381 -0.109769 -0.756425 -0.167786 0.622591
1305032361.955033 0.600693 -0.410012 1.04061 -0.109169 -0.755819 -0.153745 0.627043
1305032361.987135 0.614303 -0.388288 1.04852 -0.112467 -0.756742 -0.140442 0.628465
1305032362.019273 0.618508 -0.371226 1.05454 -0.118934 -0.756341 -0.1393 0.628011
1305032362.054809 0.621361 -0.358115 1.06024 -0.123724 -0.754091 -0.135872 0.630538
1305032362.086432 0.625345 -0.338111 1.06727 -0.13065 -0.752012 -0.124772 0.633909
1305032362.118268 0.629538 -0.325671 1.07143 -0.13829 -0.749749 -0.113532 0.637074
1305032362.154488 0.635579 -0.305927 1.07783 -0.143624 -0.748247 -0.101791 0.639638
1305032362.186946 0.639766 -0.288103 1.08268 -0.146168 -0.749119 -0.0945156 0.639158
1305032362.223302 0.644536 -0.26919 1.08968 -0.147313 -0.750872 -0.0886616 0.637675
1305032362.254745 0.646848 -0.24814 1.09469 -0.151506 -0.752164 -0.0820666 0.636051
1305032362.286962 0.648874 -0.230338 1.10005 -0.155408 -0.754368 -0.0767034 0.633162
1305032362.322988 0.647541 -0.210156 1.10263 -0.155875 -0.757572 -0.0703328 0.629953
1305032362.355069 0.650512 -0.191801 1.11079 -0.15572 -0.762995 -0.0639053 0.624104
1305032362.386153 0.649619 -0.172445 1.11878 -0.154739 -0.768978 -0.057977 0.617549
1305032362.421202 0.649024 -0.154083 1.12685 -0.15132 -0.774873 -0.0516617 0.61156
1305032362.452718 0.650068 -0.13534 1.13768 -0.147537 -0.780183 -0.0451475 0.606226
1305032362.487094 0.650978 -0.115938 1.14689 -0.147069 -0.784595 -0.0395232 0.601015
1305032362.523226 0.648066 -0.0991737 1.15154 -0.145227 -0.788746 -0.036114 0.596225
1305032362.554152 0.646247 -0.083922 1.15852 -0.140999 -0.792711 -0.0337143 0.592108
1305032362.586874 0.642541 -0.068912 1.16262 -0.138124 -0.795485 -0.0271618 0.589396
1305032362.623276 0.643559 -0.0529537 1.16889 -0.138293 -0.797348 -0.0199541 0.587123
1305032362.655272 0.641417 -0.0355796 1.17125 -0.141076 -0.798865 -0.016114 0.58451
1305032362.687068 0.639504 -0.0209946 1.17161 -0.144625 -0.800898 -0.0132642 0.580922
1305032362.723139 0.637646 -0.00711727 1.17114 -0.148021 -0.803294 -0.0110013 0.576791
1305032362.752501 0.633526 0.00421003 1.17039 -0.150197 -0.804966 -0.00792611 0.573941
1305032362.786189 0.629789 0.0153235 1.17019 -0.151802 -0.806183 -0.000625536 0.571861
1305032362.822975 0.626976 0.0253984 1.17001 -0.150945 -0.807178 0.006845 0.570642
1305032362.854747 0.624475 0.0369307 1.17001 -0.15002 -0.807898 0.0153003 0.569702
1305032362.887079 0.624396 0.0462989 1.17202 -0.148682 -0.8094 0.0226269 0.567674
1305032362.922917 0.621878 0.0542043 1.17197 -0.142599 -0.811435 0.0262328 0.566172
1305032362.955254 0.619178 0.062377 1.17298 -0.136572 -0.811866 0.0319335 0.566747
1305032362.987432 0.616365 0.0697794 1.17415 -0.132012 -0.810923 0.0443234 0.568342
1305032363.023019 0.613915 0.0786519 1.17431 -0.123166 -0.809914 0.0587966 0.570449
1305032363.050785 0.614462 0.084775 1.17733 -0.11511 -0.807111 0.0677941 0.575088
1305032363.087129 0.612161 0.093156 1.17668 -0.111567 -0.803673 0.0819308 0.578748
1305032363.121871 0.612151 0.100885 1.17542 -0.103757 -0.801548 0.0962048 0.580947
1305032363.152039 0.613453 0.107736 1.17473 -0.0966933 -0.799495 0.103901 0.583663
1305032363.186339 0.614541 0.115833 1.17339 -0.0925396 -0.79721 0.113681 0.585636
1305032363.223545 0.61589 0.123795 1.17129 -0.0901786 -0.795939 0.125153 0.585394
1305032363.254897 0.618761 0.131803 1.17055 -0.0873124 -0.795555 0.130402 0.585204
1305032363.286746 0.617257 0.139319 1.16809 -0.0826441 -0.79538 0.134558 0.585179
1305032363.323009 0.616114 0.14355 1.16604 -0.0799217 -0.79369 0.138922 0.58683
1305032363.351268 0.618644 0.150965 1.1676 -0.0779673 -0.78991 0.145183 0.590665
1305032363.387226 0.621361 0.157892 1.16692 -0.077522 -0.786367 0.154654 0.593042
1305032363.423169 0.62773 0.166785 1.1697 -0.0780273 -0.78488 0.15939 0.593692
1305032363.454680 0.623248 0.174921 1.16566 -0.0802753 -0.782782 0.16016 0.595951
1305032363.490519 0.626513 0.184969 1.16615 -0.0810807 -0.781396 0.162957 0.596901
1305032363.522372 0.629676 0.198927 1.16791 -0.0862677 -0.78085 0.165058 0.596311
1305032363.554139 0.627625 0.208401 1.16467 -0.0936449 -0.779804 0.163681 0.596946
1305032363.589728 0.628629 0.217114 1.16287 -0.100679 -0.779357 0.16731 0.595377
1305032363.622073 0.631213 0.225873 1.16313 -0.104625 -0.780125 0.170224 0.592859
1305032363.653876 0.628332 0.232963 1.16008 -0.107408 -0.781178 0.172055 0.590441
1305032363.689996 0.624598 0.23656 1.15771 -0.108954 -0.783879 0.174507 0.585842
1305032363.721151 0.623564 0.238617 1.15867 -0.107771 -0.787814 0.174661 0.580713
1305032363.754688 0.62114 0.240225 1.1604 -0.101873 -0.790981 0.176635 0.576863
1305032363.789766 0.619368 0.238571 1.166 -0.0963879 -0.792991 0.180977 0.573691
1305032363.820015 0.617733 0.238123 1.17288 -0.0900285 -0.793281 0.187475 0.572235
1305032363.850926 0.616727 0.236617 1.17948 -0.0837106 -0.792023 0.195545 0.572236
1305032363.889635 0.614269 0.236861 1.18391 -0.0787722 -0.791733 0.20485 0.570079
1305032363.918945 0.611702 0.238771 1.18718 -0.0772797 -0.794584 0.206495 0.565706
1305032363.953919 0.60554 0.232797 1.18871 -0.0688664 -0.798079 0.204341 0.562647
1305032363.989477 0.607287 0.229931 1.19654 -0.063068 -0.800185 0.204265 0.56036
1305032364.021974 0.60569 0.225621 1.19981 -0.0602072 -0.801938 0.203439 0.558465
1305032364.051316 0.602687 0.221635 1.20054 -0.0557182 -0.803999 0.203823 0.555822
1305032364.089983 0.604937 0.214885 1.20562 -0.0535931 -0.806991 0.20349 0.551802
1305032364.121945 0.599235 0.209008 1.20054 -0.0514355 -0.810236 0.201544 0.547953
1305032364.154479 0.606224 0.203757 1.21376 -0.0506608 -0.81747 0.199301 0.53801
1305032364.187829 0.606963 0.198154 1.21662 -0.0490538 -0.824961 0.191788 0.529387
1305032364.220131 0.607277 0.189671 1.22073 -0.0492205 -0.833765 0.178977 0.519982
1305032364.254427 0.606499 0.177481 1.2256 -0.050087 -0.842961 0.167518 0.50877
1305032364.287208 0.606227 0.165735 1.22891 0.0477364 0.850742 -0.155881 -0.499661
1305032364.321001 0.605834 0.154643 1.23463 0.0478124 0.858533 -0.14348 -0.489948
1305032364.353803 0.606255 0.140816 1.24336 0.0494064 0.866112 -0.12794 -0.480667
1305032364.390393 0.609476 0.128493 1.25388 0.0498668 0.87287 -0.110497 -0.472654
1305032364.422934 0.606678 0.114261 1.25918 0.0488284 0.879566 -0.0922181 -0.464193
1305032364.454973 0.604413 0.0983665 1.26723 0.0481082 0.8864 -0.0720015 -0.454749
1305032364.490909 0.597587 0.080268 1.27358 0.046658 0.891939 -0.050833 -0.44686
1305032364.523222 0.59291 0.0603219 1.28314 0.0433233 0.896808 -0.0320296 -0.439127
1305032364.555371 0.588185 0.0407515 1.29348 0.038931 0.901116 -0.0129829 -0.431632
1305032364.590015 0.581095 0.0194601 1.30263 0.0322904 0.903416 0.00495054 -0.427519
1305032364.622240 0.571681 -0.00356355 1.31168 0.0278192 0.904404 0.0189596 -0.425348
1305032364.654940 0.566368 -0.0227028 1.32283 0.0268831 0.905394 0.0300435 -0.422654
1305032364.691021 0.559556 -0.0429768 1.33388 0.0246888 0.905549 0.0462756 -0.420987
1305032364.723145 0.552512 -0.0632021 1.34358 0.0224819 0.905254 0.0650422 -0.41926
1305032364.758771 0.544951 -0.0822262 1.35139 0.0256741 0.904536 0.0861406 -0.416817
1305032364.790576 0.535282 -0.10463 1.35956 0.0260619 0.902858 0.105151 -0.416066
1305032364.822800 0.522701 -0.123898 1.36011 0.0227102 0.901324 0.118198 -0.416086
1305032364.858509 0.510678 -0.148485 1.36518 0.0175846 0.902623 0.128165 -0.410531
1305032364.889427 0.504503 -0.173322 1.37474 0.0151955 0.903691 0.137681 -0.405161
1305032364.923105 0.4952 -0.191452 1.37734 0.0147169 0.903805 0.147721 -0.40137
1305032364.956761 0.48404 -0.210448 1.37886 0.0161203 0.90459 0.157203 -0.395911
1305032364.991437 0.472414 -0.232265 1.38381 0.0176858 0.906057 0.164538 -0.389454
1305032365.022936 0.460451 -0.249449 1.38967 0.0201312 0.907158 0.170291 -0.384265
1305032365.059290 0.448796 -0.268643 1.39656 0.0209755 0.907873 0.177543 -0.379216
1305032365.087143 0.436965 -0.283417 1.40004 0.0188674 0.908335 0.185868 -0.374198
1305032365.123256 0.425241 -0.298149 1.40457 0.0180029 0.908444 0.196776 -0.368354
1305032365.159298 0.412319 -0.310548 1.40527 0.0161986 0.908612 0.207447 -0.362115
1305032365.191271 0.400424 -0.323998 1.40633 0.0102441 0.90887 0.216094 -0.356586
1305032365.223463 0.387267 -0.335466 1.4079 0.00231148 0.909792 0.223435 -0.349787
1305032365.256958 0.379153 -0.345764 1.41207 -0.00398861 0.910843 0.230087 -0.34265
1305032365.290273 0.369137 -0.357394 1.4153 -0.00621249 0.911889 0.237011 -0.335031
1305032365.323458 0.356064 -0.367427 1.41349 -0.0102291 0.912663 0.244295 -0.327509
1305032365.359591 0.347154 -0.377644 1.41484 -0.0165098 0.9138 0.248225 -0.321063
1305032365.391371 0.33981 -0.385449 1.42014 -0.0203348 0.91456 0.252692 -0.315139
1305032365.423267 0.329693 -0.392724 1.41808 -0.0244148 0.914864 0.258995 -0.308786
1305032365.459383 0.324175 -0.399187 1.41801 -0.0271302 0.916068 0.261911 -0.302466
1305032365.491152 0.318105 -0.406791 1.42275 -0.0271998 0.917794 0.264295 -0.295064
1305032365.523217 0.312144 -0.412677 1.42226 -0.0279748 0.919257 0.266387 -0.288483
1305032365.558893 0.307513 -0.419609 1.4211 -0.0294186 0.921157 0.266205 -0.282382
1305032365.591436 0.304603 -0.425719 1.42054 -0.0325511 0.923773 0.26435 -0.27514
1305032365.623205 0.30122 -0.430764 1.42228 -0.0349129 0.926648 0.262548 -0.266782
1305032365.659377 0.297496 -0.435312 1.42296 -0.0375155 0.928499 0.26293 -0.259519
1305032365.691155 0.294676 -0.440167 1.42495 -0.0400201 0.929665 0.263889 -0.253936
1305032365.723383 0.290205 -0.446537 1.41918 -0.0415281 0.931373 0.263354 -0.24792
1305032365.759259 0.288301 -0.453316 1.41926 -0.0445178 0.934288 0.25925 -0.240653
1305032365.791166 0.284146 -0.456897 1.42104 -0.0460869 0.936548 0.255681 -0.235331
1305032365.823223 0.280324 -0.460132 1.41731 -0.0465948 0.938055 0.252844 -0.232274
1305032365.859634 0.275523 -0.464812 1.41554 -0.044825 0.940401 0.247558 -0.228805
1305032365.889504 0.270288 -0.468282 1.41467 -0.0411996 0.943313 0.240503 -0.224991
1305032365.927362 0.263633 -0.471313 1.41361 -0.0358098 0.945583 0.234218 -0.223006
1305032365.959313 0.256183 -0.476629 1.41354 -0.0296683 0.947654 0.227212 -0.222366
1305032365.991061 0.250974 -0.477247 1.40849 -0.0225448 0.949983 0.218137 -0.222352
1305032366.026870 0.244062 -0.48207 1.40553 -0.0164735 0.951778 0.212889 -0.220284
1305032366.059164 0.2364 -0.494021 1.40536 -0.0121217 0.953462 0.20694 -0.21895
1305032366.091112 0.233428 -0.493915 1.40882 -0.00793491 0.954126 0.203438 -0.219529
1305032366.127026 0.227307 -0.507547 1.40668 -0.00939815 0.951872 0.216177 -0.21707
1305032366.159365 0.223084 -0.515631 1.39618 -0.0222299 0.949791 0.225055 -0.216223
1305032366.190979 0.217537 -0.530765 1.3948 -0.0373883 0.948544 0.229827 -0.214586
1305032366.227205 0.217692 -0.536506 1.38845 -0.0447097 0.947073 0.236104 -0.212857
1305032366.259172 0.216862 -0.543238 1.37562 -0.0487079 0.945688 0.245065 -0.207954
1305032366.291401 0.215047 -0.551749 1.37126 -0.0486697 0.945651 0.25119 -0.200697
1305032366.327121 0.210513 -0.560437 1.36598 -0.0472226 0.944298 0.261599 -0.194005
1305032366.359097 0.206189 -0.567486 1.35519 -0.0503015 0.942416 0.270955 -0.189489
1305032366.391043 0.204629 -0.576282 1.34689 -0.0557462 0.940985 0.277779 -0.185142
1305032366.427242 0.201631 -0.581217 1.34195 -0.0609743 0.939812 0.283989 -0.179962
1305032366.459233 0.199048 -0.584207 1.33355 -0.0647106 0.938493 0.290571 -0.174963
1305032366.491285 0.195532 -0.587065 1.32538 -0.0685729 0.938367 0.293608 -0.168995
1305032366.526997 0.194581 -0.589692 1.3202 -0.0741318 0.938767 0.294974 -0.1619
1305032366.559109 0.193625 -0.591171 1.31622 -0.0800989 0.939498 0.295909 -0.152856
1305032366.591375 0.193871 -0.58991 1.31271 -0.0857364 0.940708 0.295741 -0.14232
1305032366.626920 0.191921 -0.585758 1.30855 -0.0902803 0.94141 0.297716 -0.130235
1305032366.655039 0.189512 -0.586007 1.30661 -0.0946019 0.941084 0.302801 -0.117144
1305032366.687461 0.188607 -0.586203 1.30181 -0.0993966 0.940583 0.306282 -0.107773
1305032366.727328 0.189356 -0.585196 1.29964 -0.100011 0.941719 0.304864 -0.101101
1305032366.759333 0.188841 -0.583371 1.30272 -0.0971585 0.943275 0.303588 -0.0928864
1305032366.790587 0.185078 -0.582019 1.30233 -0.0951391 0.944291 0.303861 -0.0832571
1305032366.826895 0.182371 -0.58235 1.3047 -0.0981515 0.945192 0.302359 -0.074555
1305032366.859205 0.178937 -0.580125 1.30873 -0.101485 0.946137 0.300191 -0.0664136
1305032366.888643 0.17746 -0.575776 1.31506 -0.103441 0.94656 0.299681 -0.0592904
1305032366.926959 0.17313 -0.5742 1.31693 -0.103837 0.946456 0.301157 -0.0523679
1305032366.958281 0.170774 -0.574283 1.31802 -0.104833 0.947266 0.299107 -0.0472561
1305032366.990487 0.168099 -0.576193 1.32575 -0.106586 0.949362 0.292454 -0.0426719
1305032367.026585 0.165029 -0.571435 1.33445 -0.105916 0.951937 0.284511 -0.0406438
1305032367.058683 0.160201 -0.567334 1.34338 -0.103206 0.954597 0.276612 -0.0397311
1305032367.087523 0.154708 -0.562959 1.35499 -0.0995919 0.957453 0.267909 -0.0398891
1305032367.126868 0.147335 -0.559791 1.36643 -0.0959615 0.959918 0.260123 -0.0410407
1305032367.158939 0.139656 -0.553531 1.37883 -0.0938124 0.962428 0.251139 -0.0431354
1305032367.191850 0.132606 -0.548077 1.39107 -0.0917153 0.964339 0.243475 -0.0485618
1305032367.226101 0.125724 -0.542766 1.40403 -0.0897709 0.966012 0.236255 -0.0542728
1305032367.257578 0.119468 -0.533839 1.41448 -0.0890493 0.968324 0.225715 -0.0589178
1305032367.293991 0.110065 -0.523713 1.42973 -0.0859372 0.970302 0.217398 -0.0621785
1305032367.326110 0.104975 -0.517676 1.43804 -0.0868455 0.970458 0.215505 -0.0650097
1305032367.358269 0.0998121 -0.511857 1.44085 -0.0918531 0.97191 0.205545 -0.0685889
1305032367.394011 0.0949904 -0.502128 1.45263 -0.095459 0.974427 0.19026 -0.0719694
1305032367.425982 0.0888987 -0.491952 1.45875 -0.094939 0.976214 0.180801 -0.072832
1305032367.458337 0.0848292 -0.482643 1.46376 -0.0941506 0.978445 0.169011 -0.0722271
1305032367.494794 0.0808305 -0.47464 1.47043 -0.0916441 0.981003 0.155478 -0.0711418
1305032367.525123 0.0750194 -0.46518 1.47817 -0.0906869 0.983116 0.143693 -0.0679083
1305032367.558998 0.06856 -0.449786 1.48741 -0.0894559 0.984814 0.133742 -0.0652039
1305032367.594540 0.0607208 -0.438051 1.49341 -0.0869182 0.985687 0.129983 -0.0630094
1305032367.627313 0.0552432 -0.429438 1.49577 -0.0863591 0.986381 0.126486 -0.059963
1305032367.659071 0.0473177 -0.41905 1.50051 -0.089379 0.986948 0.121258 -0.0569318
1305032367.694516 0.0416961 -0.407754 1.50611 -0.0925087 0.98719 0.117898 -0.0547555
1305032367.727182 0.0352546 -0.396776 1.50922 -0.0923635 0.987711 0.115213 -0.051198
1305032367.759159 0.0274928 -0.382618 1.51346 -0.0896806 0.988641 0.110969 -0.0472515
1305032367.794852 0.0166869 -0.365608 1.51594 -0.0856948 0.989575 0.107362 -0.0432472
1305032367.826871 0.00706328 -0.354768 1.51882 -0.0830934 0.990267 0.104492 -0.0393441
1305032367.858142 -0.00336118 -0.340126 1.52232 -0.0798172 0.991434 0.0973557 -0.0347833
1305032367.894056 -0.0147257 -0.328722 1.52813 -0.0771013 0.992368 0.0913847 -0.0301556
1305032367.925922 -0.0276103 -0.315635 1.53075 -0.0758005 0.993207 0.0839107 -0.027439
1305032367.957958 -0.0383108 -0.302392 1.53072 -0.0757248 0.994062 0.0744041 -0.0238961
1305032367.994884 -0.0493345 -0.289013 1.53616 -0.0763474 0.994917 0.0633003 -0.0174475
1305032368.025983 -0.0590958 -0.275351 1.53969 -0.075444 0.99574 0.0521287 -0.00959488
1305032368.058921 -0.0696775 -0.264393 1.54102 -0.0754075 0.996328 0.0405254 -0.00129317
1305032368.094710 -0.0773708 -0.251727 1.54707 -0.0744828 0.996866 0.0260395 0.00562041
1305032368.126824 -0.0848847 -0.237958 1.55018 -0.0751144 0.996983 0.0132198 0.0144349
1305032368.156667 -0.0922584 -0.222786 1.55362 -0.0754317 0.996856 -0.000594075 0.0242395
1305032368.190798 -0.0993265 -0.211066 1.55752 -0.0745774 0.996554 -0.0114506 0.0344674
1305032368.226380 -0.106294 -0.196616 1.55839 -0.0755914 0.995817 -0.0252834 0.0446649
1305032368.258177 -0.114116 -0.181162 1.55882 -0.0765478 0.994949 -0.0376471 0.0529091
1305032368.293455 -0.117494 -0.166971 1.55817 -0.0741809 0.994419 -0.0461691 0.0591262
1305032368.326215 -0.123388 -0.155292 1.55629 -0.0728648 0.993706 -0.0548694 0.0650319
1305032368.358554 -0.127629 -0.142113 1.55256 -0.0739372 0.992881 -0.0651276 0.0669189
1305032368.393756 -0.129459 -0.124936 1.55276 -0.0747237 0.99204 -0.0744379 0.0687889
1305032368.425949 -0.13179 -0.110596 1.54695 -0.0778094 0.991192 -0.0798069 0.0715123
1305032368.462413 -0.136865 -0.109948 1.54301 -0.0827126 0.990286 -0.0856231 0.0718458
1305032368.494411 -0.138841 -0.111118 1.54136 -0.0824782 0.988761 -0.102066 0.0716306
1305032368.526548 -0.144624 -0.0962329 1.54009 -0.0793887 0.986471 -0.123843 0.0723518
1305032368.561964 -0.149493 -0.0801301 1.52841 -0.07747 0.984863 -0.140233 0.0661657
1305032368.594201 -0.153506 -0.0620249 1.52268 -0.0704516 0.983668 -0.155825 0.0561545
1305032368.626418 -0.155615 -0.0484696 1.52619 -0.0616385 0.982172 -0.170843 0.0484964
1305032368.662780 -0.15537 -0.0161556 1.52037 -0.0485063 0.980338 -0.186596 0.0420312
1305032368.692306 -0.159665 0.00280769 1.51436 -0.0327754 0.979505 -0.195123 0.0377217
1305032368.726391 -0.164627 0.0201089 1.51759 -0.0187272 0.978344 -0.202627 0.0378776
1305032368.762429 -0.161345 0.0470387 1.5132 -0.00649193 0.977122 -0.208592 0.0409822
1305032368.794488 -0.163954 0.0673046 1.51193 0.0043004 0.976385 -0.210665 0.0476809
1305032368.826920 -0.162498 0.083416 1.50051 0.0149365 0.975448 -0.212728 0.0550081
1305032368.862385 -0.164373 0.10532 1.49149 0.0198262 0.973825 -0.217499 0.0629823
1305032368.894079 -0.172593 0.115583 1.48028 0.022433 0.972693 -0.220697 0.0682428
1305032368.926364 -0.175368 0.12673 1.47445 0.0275766 0.971102 -0.226324 0.0705534
1305032368.959769 -0.176808 0.139893 1.46778 0.0351188 0.969215 -0.232971 0.0715008
1305032368.992519 -0.179972 0.150507 1.46245 0.0399241 0.967581 -0.238881 0.0716214
1305032369.026559 -0.183134 0.157079 1.45921 0.0446066 0.965728 -0.245791 0.0704728
1305032369.062508 -0.187932 0.169283 1.45433 0.0536867 0.962708 -0.256005 0.0690806
1305032369.092465 -0.194474 0.181043 1.44834 0.0620034 0.960794 -0.261734 0.0672808
1305032369.126422 -0.197566 0.188883 1.44435 0.0691347 0.959307 -0.265085 0.0684186
1305032369.162529 -0.200729 0.197158 1.4432 0.075985 0.957894 -0.267277 0.0723025
1305032369.194429 -0.20576 0.204908 1.43987 0.0805514 0.956937 -0.268356 0.0759455
1305032369.226184 -0.210813 0.209885 1.43497 0.0847952 0.955997 -0.269079 0.0804724
1305032369.262275 -0.2162 0.215475 1.43417 0.0880263 0.955319 -0.269161 0.0846772
1305032369.294549 -0.216439 0.221773 1.43156 0.0917328 0.954581 -0.270057 0.0862004
1305032369.325603 -0.222579 0.225779 1.43028 0.0970148 0.953404 -0.271764 0.0880564
1305032369.361711 -0.225663 0.224049 1.42476 0.104129 0.951745 -0.273815 0.0914576
1305032369.393865 -0.233186 0.226812 1.42271 0.108139 0.948578 -0.2823 0.0938706
1305032369.425788 -0.23607 0.232312 1.42182 0.110807 0.946706 -0.286318 0.0974191
1305032369.461699 -0.234806 0.232368 1.42156 0.111085 0.946987 -0.284104 0.100797
1305032369.493663 -0.234011 0.232949 1.41979 0.115413 0.946422 -0.282401 0.105901
1305032369.526387 -0.233765 0.235844 1.41941 0.118717 0.94643 -0.27906 0.110913
1305032369.561511 -0.23513 0.23845 1.42117 0.116941 0.947583 -0.273998 0.115482
1305032369.590662 -0.233468 0.240447 1.42056 0.114538 0.949663 -0.266352 0.118647
1305032369.629343 -0.234845 0.238475 1.42221 0.112472 0.95257 -0.255323 0.121532
1305032369.661976 -0.234593 0.235197 1.42664 0.112002 0.954262 -0.249125 0.121558
1305032369.694117 -0.234778 0.232006 1.43612 0.109911 0.956575 -0.241327 0.121017
1305032369.730214 -0.236924 0.226734 1.44531 0.103566 0.958899 -0.235426 0.119835
1305032369.762462 -0.239909 0.22258 1.45441 0.0975526 0.961068 -0.230338 0.117372
1305032369.794288 -0.241596 0.21856 1.46191 0.0927204 0.963265 -0.225444 0.112689
1305032369.830464 -0.245432 0.216334 1.47615 0.088241 0.965655 -0.219381 0.107685
1305032369.862646 -0.247729 0.216116 1.48328 0.0841019 0.968115 -0.212849 0.101861
1305032369.894378 -0.249809 0.215925 1.49175 0.0802609 0.970472 -0.206984 0.0943422
1305032369.930439 -0.252916 0.216656 1.50197 0.0774124 0.972414 -0.201576 0.0882355
1305032369.962123 -0.25369 0.218605 1.50816 0.0736791 0.974486 -0.195192 0.0827507
1305032369.994406 -0.255043 0.223549 1.51555 0.070745 0.976425 -0.188086 0.0788251
1305032370.029452 -0.253965 0.222921 1.52036 0.0681403 0.977692 -0.18342 0.0763743
1305032370.062431 -0.254181 0.222953 1.53007 0.0642157 0.978904 -0.179077 0.0745266
1305032370.094141 -0.254609 0.22536 1.54055 0.0620972 0.980439 -0.171673 0.0735685
1305032370.131075 -0.253587 0.225714 1.54828 0.0586115 0.982426 -0.161987 0.0718648
1305032370.163765 -0.252771 0.227933 1.55711 0.0577444 0.983921 -0.153676 0.0703489
1305032370.191957 -0.250825 0.228868 1.56333 0.0574017 0.985314 -0.145801 0.0678552
1305032370.227691 -0.250161 0.230477 1.57367 0.058346 0.986303 -0.139997 0.0648315
1305032370.260069 -0.248535 0.232715 1.58138 0.0585475 0.98725 -0.134318 0.0622002
1305032370.292473 -0.250643 0.234729 1.59104 0.0574879 0.988325 -0.127084 0.0613024
1305032370.330184 -0.249696 0.233597 1.59851 0.0557909 0.989079 -0.121977 0.0610941
1305032370.362216 -0.249785 0.234867 1.6065 0.0540419 0.989754 -0.117233 0.0610141
1305032370.393732 -0.248154 0.234162 1.6111 0.0506714 0.990641 -0.112169 0.0589962
1305032370.429519 -0.248648 0.234101 1.61635 0.0509554 0.990937 -0.110765 0.0563791
1305032370.462719 -0.250525 0.234553 1.6233 0.0508847 0.99138 -0.108353 0.0532513
1305032370.494226 -0.249977 0.236432 1.62582 0.050021 0.991951 -0.105418 0.0491813
1305032370.530396 -0.249833 0.237698 1.63014 0.0492381 0.9924 -0.102629 0.0467383
1305032370.559254 -0.251596 0.242188 1.63654 0.0467161 0.993071 -0.0979278 0.0451454
1305032370.594716 -0.251623 0.245993 1.63928 0.041122 0.994185 -0.0897146 0.0430793
1305032370.630635 -0.251506 0.240793 1.6424 0.037067 0.995242 -0.0797342 0.041967
1305032370.662528 -0.252737 0.240737 1.64618 0.0340315 0.995978 -0.0727267 0.0397594
1305032370.694786 -0.25322 0.24051 1.64723 0.0298664 0.996778 -0.0656968 0.0350059
1305032370.730482 -0.254226 0.239509 1.64804 0.0292353 0.997145 -0.0620613 0.0315673
1305032370.762399 -0.256852 0.237026 1.65268 0.0283464 0.997424 -0.0592653 0.028811
1305032370.794226 -0.258733 0.236509 1.65373 0.02627 0.997895 -0.0535377 0.0254791
1305032370.830572 -0.258816 0.230718 1.65373 0.0244124 0.998326 -0.0458949 0.0253684
1305032370.862608 -0.261302 0.22344 1.65892 0.0219509 0.998493 -0.0403295 0.0300656
1305032370.898515 -0.264461 0.217186 1.66437 0.0174642 0.99876 -0.0332413 0.0326929
1305032370.930670 -0.267179 0.206567 1.6655 0.0132801 0.999092 -0.0222449 0.0338203
1305032370.962798 -0.272171 0.193989 1.66848 0.00990788 0.999255 -0.0114778 0.0355013
1305032370.998569 -0.27695 0.181271 1.67226 0.00537883 0.999318 0.000246652 0.0365375
1305032371.030841 -0.28472 0.169383 1.67518 0.00402651 0.999268 0.0141317 0.0353181
1305032371.063015 -0.292657 0.152522 1.67592 0.00450827 0.998925 0.0312788 0.0339279
1305032371.098694 -0.299769 0.134315 1.67506 0.000598636 0.998456 0.0449249 0.032663
1305032371.127227 -0.310183 0.113949 1.67677 -0.00581457 0.997827 0.0576624 0.0313473
1305032371.163393 -0.31884 0.0887317 1.6775 -0.0156798 0.996934 0.0716722 0.0271983
1305032371.199223 -0.323114 0.0639536 1.66947 -0.0248851 0.996262 0.0792218 0.0237844
1305032371.231580 -0.327612 0.0316312 1.66848 -0.0383496 0.995578 0.0826495 0.0228622
1305032371.263109 -0.335121 0.00105129 1.6696 -0.050777 0.994681 0.0868006 0.0222961
1305032371.298947 -0.340414 -0.0316414 1.66666 -0.0612529 0.993599 0.0924291 0.0215884
1305032371.331335 -0.344333 -0.0594631 1.66047 -0.0727995 0.992375 0.0966034 0.023667
1305032371.362306 -0.351481 -0.0876296 1.66062 -0.085396 0.990836 0.100679 0.0285575
1305032371.399028 -0.358678 -0.113169 1.6579 -0.0972685 0.988928 0.106964 0.0334411
1305032371.429259 -0.364383 -0.137395 1.65196 -0.109443 0.986494 0.115823 0.0379001
1305032371.461631 -0.369951 -0.163463 1.64764 -0.121797 0.983544 0.126629 0.0421013
1305032371.500366 -0.378484 -0.18533 1.63969 -0.132266 0.980434 0.137813 0.0475724
1305032371.528780 -0.384342 -0.212962 1.63291 -0.145238 0.976298 0.151321 0.0533864
1305032371.563035 -0.395301 -0.235065 1.62505 -0.160533 0.971663 0.162849 0.0598395
1305032371.594845 -0.399459 -0.252186 1.61343 -0.173212 0.96738 0.173112 0.0648489
1305032371.627278 -0.404435 -0.273219 1.60074 -0.182507 0.963264 0.183976 0.0704758
1305032371.661699 -0.407001 -0.292786 1.58419 -0.188851 0.959537 0.194502 0.0761058
1305032371.698085 -0.411291 -0.310205 1.57079 -0.19991 0.955057 0.202379 0.0833317
1305032371.726894 -0.422651 -0.326989 1.56117 -0.210835 0.950658 0.209261 0.0894918
1305032371.763078 -0.430057 -0.340486 1.54463 -0.218181 0.946157 0.220371 0.0928524
1305032371.798775 -0.432463 -0.353287 1.52259 -0.222559 0.942829 0.228929 0.0955612
1305032371.830728 -0.440822 -0.365748 1.50451 -0.222708 0.940782 0.234784 0.101029
1305032371.862988 -0.443692 -0.377863 1.48096 -0.224527 0.938645 0.237769 0.109541
1305032371.898658 -0.451395 -0.395885 1.46281 -0.228808 0.935593 0.239761 0.121767
1305032371.930961 -0.457083 -0.410466 1.44362 -0.237392 0.931336 0.242231 0.132599
1305032371.960332 -0.459702 -0.425544 1.4236 -0.249656 0.926415 0.242973 0.142797
1305032371.999011 -0.461557 -0.439191 1.40304 -0.260575 0.922117 0.241824 0.152715
1305032372.030867 -0.461633 -0.452599 1.38325 -0.269398 0.918604 0.239547 0.161893
1305032372.058918 -0.46149 -0.474938 1.35995 -0.281509 0.913892 0.237104 0.171274
1305032372.098264 -0.467275 -0.495375 1.3454 -0.290902 0.909805 0.236568 0.177951
1305032372.127609 -0.450593 -0.497541 1.32185 -0.302212 0.905892 0.234782 0.181399
1305032372.166169 -0.443414 -0.510552 1.30301 -0.311236 0.90219 0.22843 0.192367
1305032372.198119 -0.436371 -0.523979 1.28959 -0.319986 0.898208 0.222007 0.203826
1305032372.230071 -0.427817 -0.534489 1.27428 -0.329954 0.89318 0.215819 0.216291
1305032372.266126 -0.417588 -0.543344 1.26051 -0.338978 0.888345 0.209079 0.228522
1305032372.297790 -0.41083 -0.554149 1.2479 -0.346847 0.882996 0.205192 0.240648
1305032372.329039 -0.401911 -0.574327 1.23701 -0.358573 0.875543 0.20334 0.251999
1305032372.366292 -0.395122 -0.589487 1.22823 -0.370568 0.86918 0.200852 0.25858
1305032372.398337 -0.383781 -0.59488 1.21791 -0.381156 0.864414 0.198821 0.260727
1305032372.430932 -0.371643 -0.603269 1.21 -0.389508 0.859646 0.198667 0.264243
1305032372.466079 -0.361828 -0.613179 1.2039 -0.397779 0.854113 0.201515 0.267683
1305032372.498135 -0.345668 -0.616408 1.19516 -0.408032 0.848139 0.204431 0.269032
1305032372.530492 -0.327915 -0.619377 1.18751 -0.416141 0.843686 0.202261 0.272234
1305032372.570271 -0.316906 -0.631218 1.185 -0.419849 0.84028 0.201279 0.277747
1305032372.597861 -0.303488 -0.640062 1.1805 -0.425598 0.835517 0.204711 0.280841
1305032372.629218 -0.287457 -0.649547 1.17472 -0.431569 0.831394 0.206939 0.282326
1305032372.664108 -0.276435 -0.655145 1.16994 -0.434734 0.829188 0.206454 0.284308
1305032372.698696 -0.263421 -0.661078 1.16564 -0.437477 0.826198 0.207783 0.287814
1305032372.728994 -0.250567 -0.663169 1.15957 -0.440614 0.822275 0.20818 0.293914
1305032372.766505 -0.234889 -0.668507 1.15447 -0.443998 0.818251 0.207401 0.300525
1305032372.797997 -0.220185 -0.674315 1.14839 -0.444059 0.816012 0.205117 0.307999
1305032372.831463 -0.205068 -0.680451 1.14166 -0.441326 0.815572 0.199225 0.316832
1305032372.866969 -0.198157 -0.686706 1.13855 -0.434429 0.816951 0.192344 0.326903
1305032372.898841 -0.184925 -0.694695 1.13324 -0.429689 0.816584 0.189617 0.335565
1305032372.930454 -0.175458 -0.698795 1.13007 -0.424821 0.816404 0.185022 0.344643
1305032372.966691 -0.169378 -0.698171 1.1272 -0.418994 0.816083 0.181534 0.354257
1305032372.998926 -0.163043 -0.694819 1.1222 -0.415586 0.812525 0.182075 0.365978
1305032373.030611 -0.154672 -0.700506 1.11872 -0.418502 0.804379 0.183385 0.379736
1305032373.066897 -0.138351 -0.700513 1.11472 -0.421217 0.797879 0.187064 0.388551
1305032373.099775 -0.120968 -0.698819 1.10456 -0.423902 0.790931 0.197661 0.394544
1305032373.127898 -0.114251 -0.693263 1.10217 -0.42483 0.784663 0.208862 0.400249
1305032373.166377 -0.10783 -0.689658 1.09553 -0.427127 0.776007 0.220595 0.408306
1305032373.198404 -0.0974227 -0.688732 1.09044 -0.434346 0.765402 0.230143 0.415376
1305032373.230484 -0.0955178 -0.680417 1.08593 -0.439668 0.757538 0.236068 0.420832
1305032373.266752 -0.0906419 -0.675096 1.08321 -0.444326 0.750019 0.243146 0.425354
1305032373.298845 -0.0812952 -0.672318 1.07816 -0.448244 0.741888 0.251579 0.430567
1305032373.331228 -0.0775218 -0.670493 1.07713 -0.449068 0.735589 0.257095 0.437206
1305032373.366882 -0.0774587 -0.667368 1.07522 -0.445934 0.731565 0.262257 0.444045
1305032373.399055 -0.069634 -0.666443 1.07055 -0.445036 0.726469 0.269772 0.448787
1305032373.434622 -0.063771 -0.665684 1.06591 -0.445945 0.720904 0.271989 0.455469
1305032373.465659 -0.0587488 -0.666303 1.06413 -0.445106 0.717662 0.274692 0.459767
1305032373.498970 -0.0537404 -0.665514 1.06123 -0.441137 0.715741 0.281113 0.462696
1305032373.534678 -0.0513592 -0.664333 1.05665 -0.437349 0.712884 0.286898 0.467131
1305032373.566786 -0.0445972 -0.669187 1.05077 -0.437391 0.708396 0.293818 0.469612
1305032373.598786 -0.0418988 -0.670264 1.04565 -0.437652 0.705611 0.298348 0.470703
1305032373.635967 -0.0409649 -0.663661 1.03597 -0.439223 0.703799 0.299305 0.471345
1305032373.663912 -0.0362699 -0.662268 1.02817 -0.440792 0.704972 0.297417 0.469319
1305032373.697914 -0.0363969 -0.663581 1.02609 -0.440851 0.708159 0.292048 0.467834
1305032373.734507 -0.0327542 -0.668349 1.02525 -0.44138 0.709747 0.290017 0.466191
1305032373.766443 -0.0301469 -0.670177 1.02811 -0.436393 0.713294 0.285162 0.46846
1305032373.795838 -0.0386775 -0.673264 1.0322 -0.430214 0.714629 0.283801 0.472946
1305032373.834934 -0.0467136 -0.670986 1.02806 -0.430155 0.711242 0.286652 0.476374
1305032373.867293 -0.0482228 -0.672936 1.02393 -0.431455 0.709951 0.28496 0.478136
1305032373.899270 -0.0588184 -0.672292 1.02398 -0.430573 0.713727 0.276247 0.478422
1305032373.935073 -0.0672134 -0.677778 1.02547 -0.43138 0.716706 0.271395 0.476013
1305032373.967085 -0.0774807 -0.680307 1.02594 -0.431565 0.718057 0.264599 0.477633
1305032373.999199 -0.090409 -0.682255 1.02954 -0.4304 0.720672 0.256148 0.47935
1305032374.031187 -0.106079 -0.680375 1.02903 -0.429146 0.723132 0.248884 0.480594
1305032374.066725 -0.12386 -0.678687 1.03045 -0.433161 0.725445 0.236272 0.479871
1305032374.098933 -0.134498 -0.681744 1.03695 -0.438411 0.727532 0.22249 0.47853
1305032374.134653 -0.150465 -0.68218 1.04058 -0.440096 0.728111 0.209942 0.481761
1305032374.165256 -0.168419 -0.678088 1.04461 -0.434846 0.732168 0.200744 0.484295
1305032374.198931 -0.183446 -0.674852 1.04645 -0.428096 0.734528 0.193891 0.489498
1305032374.234571 -0.202118 -0.678352 1.05382 -0.422928 0.733315 0.188771 0.497741
1305032374.266232 -0.225055 -0.671392 1.05526 -0.415296 0.732986 0.180823 0.507508
1305032374.295091 -0.249352 -0.660757 1.06158 -0.407269 0.732532 0.176493 0.516119
1305032374.334758 -0.268597 -0.654805 1.05871 -0.401341 0.729872 0.171942 0.525974
1305032374.364907 -0.289929 -0.649482 1.05977 -0.39599 0.727538 0.161273 0.536537
1305032374.399126 -0.318521 -0.635387 1.05633 -0.386697 0.724661 0.144989 0.551644
1305032374.434942 -0.348778 -0.621216 1.05451 -0.379782 0.721489 0.131663 0.563811
1305032374.465697 -0.372835 -0.612664 1.05059 -0.372375 0.720221 0.124326 0.57198
1305032374.498778 -0.40369 -0.598951 1.04747 -0.358167 0.721097 0.114634 0.581889
1305032374.534408 -0.439451 -0.576876 1.03925 -0.345254 0.720068 0.108237 0.592104
1305032374.565648 -0.467506 -0.560581 1.03069 -0.337577 0.720265 0.10797 0.596325
1305032374.605154 -0.49564 -0.545446 1.01887 -0.330065 0.723781 0.107693 0.596323
1305032374.634454 -0.519758 -0.537565 1.01304 -0.323924 0.727988 0.106843 0.59472
1305032374.666026 -0.548361 -0.519739 1.0037 -0.312009 0.731501 0.0999913 0.597962
1305032374.699355 -0.57732 -0.503162 0.994745 -0.298694 0.735591 0.0938169 0.600738
1305032374.733811 -0.600449 -0.486679 0.986945 -0.286537 0.741025 0.0924096 0.600199
1305032374.764278 -0.62371 -0.467015 0.976541 -0.273141 0.745824 0.0859221 0.601463
1305032374.799002 -0.648285 -0.448464 0.968579 -0.261981 0.750615 0.0777311 0.601582
1305032374.833082 -0.669061 -0.431254 0.961785 -0.25498 0.754555 0.0733391 0.600211
1305032374.865385 -0.688296 -0.412053 0.954818 -0.247237 0.757686 0.0694277 0.599971
1305032374.902777 -0.706633 -0.390613 0.948521 -0.241327 0.761231 0.0685342 0.597989
1305032374.934055 -0.720493 -0.373166 0.941517 -0.23494 0.765476 0.0695717 0.594987
1305032374.963033 -0.7371 -0.35248 0.937702 -0.223491 0.770617 0.0712544 0.592558
1305032375.002817 -0.752448 -0.332664 0.931264 -0.212793 0.775128 0.0804367 0.589428
1305032375.033887 -0.759511 -0.315958 0.925703 -0.201577 0.780757 0.0907243 0.584426
1305032375.063190 -0.770237 -0.29664 0.921934 -0.190762 0.786388 0.0964632 0.579568
1305032375.102173 -0.779669 -0.278329 0.918207 -0.183147 0.791769 0.102932 0.573553
1305032375.133604 -0.78462 -0.264257 0.91755 -0.176814 0.79624 0.106178 0.568739
1305032375.165423 -0.794895 -0.254539 0.91425 -0.17244 0.799522 0.100952 0.566425
1305032375.200434 -0.803079 -0.238019 0.913882 -0.169057 0.804116 0.0887233 0.562978
1305032375.233840 -0.809332 -0.221725 0.914321 -0.166897 0.807107 0.0803877 0.56059
1305032375.266195 -0.813925 -0.206335 0.912846 -0.1631 0.809663 0.0722639 0.559126
1305032375.301769 -0.819329 -0.190595 0.914503 -0.158576 0.810576 0.0669289 0.559769
1305032375.333732 -0.822563 -0.175098 0.914781 -0.15564 0.810007 0.0621922 0.561958
1305032375.365885 -0.823506 -0.162841 0.916565 -0.152584 0.809755 0.0556052 0.563846
1305032375.402005 -0.827342 -0.150822 0.91754 -0.145279 0.807057 0.0456808 0.570496
1305032375.434228 -0.831173 -0.139922 0.919177 -0.139035 0.802518 0.0311172 0.579367
1305032375.465844 -0.834429 -0.129763 0.921914 -0.136549 0.798085 0.0204852 0.586511
1305032375.499846 -0.836077 -0.121047 0.922287 -0.132678 0.793687 0.0101886 0.593594
1305032375.532923 -0.837015 -0.111858 0.924213 -0.125559 0.790173 -0.00358884 0.599874
1305032375.564754 -0.839352 -0.103036 0.92046 -0.117808 0.785882 -0.0105159 0.606959
1305032375.601530 -0.840082 -0.0943119 0.919171 -0.111549 0.782665 -0.0157439 0.612164
1305032375.633994 -0.841575 -0.0846691 0.9169 -0.108536 0.780892 -0.0206755 0.614817
1305032375.665634 -0.843993 -0.0734858 0.912509 -0.102213 0.779687 -0.0269483 0.617183
1305032375.701032 -0.849827 -0.0635988 0.908661 -0.0942582 0.779874 -0.0311025 0.618017
1305032375.733424 -0.849343 -0.0532977 0.905203 -0.0885745 0.780763 -0.0326561 0.617655
1305032375.765813 -0.851158 -0.0418531 0.899948 -0.0858984 0.780351 -0.0358393 0.618376
1305032375.801369 -0.853068 -0.0310946 0.89474 -0.0824301 0.77974 -0.0390403 0.619424
1305032375.833207 -0.856169 -0.0207389 0.889469 -0.078348 0.77928 -0.0418746 0.620348
1305032375.871496 -0.857884 -0.00890454 0.883486 -0.0734156 0.778943 -0.0451084 0.621147
1305032375.901646 -0.860507 0.00276517 0.877764 -0.0639417 0.777328 -0.0512769 0.623733
1305032375.933407 -0.86588 0.014341 0.873415 -0.0501628 0.774811 -0.0572852 0.62759
1305032375.970923 -0.869714 0.0272288 0.868172 -0.0401555 0.772472 -0.055945 0.631304
1305032375.998893 -0.875394 0.039594 0.863422 -0.0321374 0.7698 -0.0555272 0.635052
1305032376.032870 -0.880861 0.0499124 0.858354 -0.0184588 0.767466 -0.0537028 0.63857
1305032376.071463 -0.88777 0.0614352 0.850765 -0.00688802 0.767014 -0.0486139 0.639749
1305032376.102191 -0.893926 0.0730856 0.844911 -0.00143102 0.768534 -0.0443723 0.638267
1305032376.133788 -0.89808 0.0811679 0.840932 0.00574209 0.769028 -0.0422188 0.637793
1305032376.169914 -0.90682 0.0911096 0.835091 0.0140931 0.769752 -0.0391201 0.636987
1305032376.199876 -0.912848 0.103592 0.830896 0.018228 0.772486 -0.0365449 0.633717
1305032376.230465 -0.913206 0.113502 0.828238 0.0238082 0.775137 -0.0349448 0.630377
1305032376.273911 -0.920372 0.124967 0.824833 0.032376 0.776487 -0.0307654 0.628548
1305032376.301938 -0.921065 0.135385 0.822119 0.0319667 0.778559 -0.0268408 0.626182
1305032376.333881 -0.922275 0.143418 0.820316 0.0348568 0.779363 -0.024603 0.625118
1305032376.373272 -0.923612 0.154206 0.817446 0.040563 0.77907 -0.0216678 0.625248
1305032376.401634 -0.920589 0.163871 0.815672 0.0435028 0.779664 -0.0236751 0.624237
1305032376.433772 -0.921171 0.170524 0.816043 0.0509377 0.780058 -0.0248615 0.623135
1305032376.470927 -0.920217 0.176637 0.814651 0.0605692 0.780148 -0.0286147 0.621998
1305032376.502274 -0.922972 0.182284 0.814041 0.0726192 0.781365 -0.0335224 0.618927
1305032376.534012 -0.92304 0.187941 0.813519 0.0864028 0.782032 -0.0396369 0.615946
1305032376.570435 -0.922514 0.194792 0.814639 0.0977055 0.781268 -0.0457191 0.614804
1305032376.602018 -0.923437 0.200583 0.816778 0.103404 0.780821 -0.0522534 0.613919
1305032376.633878 -0.921049 0.206144 0.818068 0.111879 0.77976 -0.0580905 0.613256
1305032376.670038 -0.920917 0.214156 0.820411 0.119947 0.777669 -0.061627 0.61404
1305032376.702106 -0.919688 0.221901 0.821887 0.122959 0.775815 -0.06408 0.615538
1305032376.734286 -0.917599 0.230461 0.823985 0.127017 0.773593 -0.0668162 0.617216
1305032376.770230 -0.916161 0.238989 0.825626 0.131448 0.770379 -0.068905 0.620073
1305032376.802346 -0.91415 0.248598 0.826871 0.132719 0.768742 -0.0722502 0.62145
1305032376.833992 -0.910562 0.255622 0.82669 0.134949 0.767299 -0.0752209 0.622401
1305032376.870589 -0.908008 0.264006 0.827902 0.140246 0.765149 -0.0780129 0.623532
1305032376.901913 -0.905301 0.272114 0.827703 0.142413 0.764178 -0.0799955 0.623981
1305032376.933692 -0.901959 0.278977 0.827734 0.143789 0.763618 -0.0818686 0.624107
1305032376.970386 -0.896591 0.283369 0.827602 0.147038 0.761779 -0.0858618 0.62506
1305032376.999115 -0.893929 0.287694 0.826625 0.150653 0.760995 -0.0901707 0.624547
1305032377.033983 -0.890905 0.292484 0.825851 0.153466 0.760258 -0.0933181 0.624298
1305032377.070323 -0.886157 0.297519 0.824562 0.157704 0.75776 -0.0956743 0.62592
1305032377.102669 -0.885129 0.303799 0.825932 0.161712 0.755562 -0.0986343 0.627094
1305032377.138244 -0.880956 0.30943 0.824283 0.162721 0.754671 -0.098054 0.627996
1305032377.170226 -0.877351 0.315223 0.822509 0.163853 0.753265 -0.0973016 0.629505
1305032377.201999 -0.874334 0.320465 0.821742 0.164007 0.75245 -0.0958799 0.630656
1305032377.240571 -0.871179 0.322733 0.82139 0.162648 0.752971 -0.094443 0.630604
1305032377.270905 -0.869018 0.321306 0.821384 0.166138 0.751547 -0.0926006 0.631664
1305032377.301796 -0.868769 0.319936 0.82166 0.166475 0.750099 -0.0914986 0.633455
1305032377.340942 -0.867198 0.317774 0.822163 0.16195 0.750305 -0.0891246 0.634722
1305032377.370316 -0.864734 0.313973 0.822328 0.159214 0.748963 -0.0877004 0.637192
1305032377.401804 -0.865273 0.306684 0.823786 0.157115 0.747828 -0.0865942 0.639195
1305032377.439875 -0.865972 0.299003 0.824974 0.148906 0.748657 -0.0859002 0.640282
1305032377.472533 -0.864827 0.288468 0.824437 0.143896 0.748183 -0.0852648 0.642064
1305032377.501559 -0.867094 0.273845 0.824252 0.139589 0.747366 -0.0836416 0.644177
1305032377.537201 -0.868491 0.259252 0.822005 0.131429 0.748336 -0.0819748 0.644981
1305032377.569572 -0.869647 0.245232 0.822409 0.123607 0.748672 -0.0807324 0.646292
1305032377.602349 -0.871631 0.228936 0.821753 0.116419 0.747339 -0.0792278 0.649349
1305032377.640524 -0.875309 0.213968 0.819762 0.107378 0.748005 -0.0774676 0.650351
1305032377.669877 -0.874365 0.197221 0.815529 0.0971962 0.748632 -0.0751147 0.651507
1305032377.701705 -0.874894 0.178482 0.812069 0.0874113 0.747816 -0.073793 0.653976
1305032377.737307 -0.87665 0.162479 0.807169 0.0754193 0.747837 -0.0738017 0.655443
1305032377.769318 -0.875523 0.145025 0.802943 0.0629833 0.748865 -0.0735988 0.655604
1305032377.801678 -0.875063 0.124132 0.795685 0.052986 0.747931 -0.073651 0.657547
1305032377.837451 -0.876974 0.105639 0.789161 0.0420857 0.747705 -0.0721726 0.658754
1305032377.869348 -0.87456 0.086854 0.783193 0.0285161 0.74828 -0.0707051 0.658987
1305032377.901238 -0.87248 0.0667284 0.777888 0.0151237 0.747307 -0.0689686 0.660717
1305032377.940265 -0.871058 0.0470218 0.771891 0.0023919 0.745881 -0.0660149 0.662796
1305032377.969308 -0.869421 0.0280084 0.764919 -0.0120357 0.744806 -0.062403 0.664248
1305032378.001243 -0.864304 0.00949731 0.76183 -0.0264553 0.743484 -0.0605975 0.665477
1305032378.040183 -0.863424 -0.00921263 0.75757 -0.0409501 0.741117 -0.0600691 0.667428
1305032378.068725 -0.860088 -0.0274782 0.749771 -0.0557998 0.738965 -0.0571391 0.668993
1305032378.101420 -0.856792 -0.0449525 0.743774 -0.0694655 0.737905 -0.0534743 0.669187
1305032378.139924 -0.849608 -0.0643858 0.739838 -0.0785428 0.73665 -0.052466 0.669646
1305032378.169193 -0.8459 -0.0823561 0.734721 -0.0856168 0.733512 -0.0488339 0.672492
1305032378.202266 -0.84021 -0.0999357 0.73018 -0.0971511 0.729262 -0.0468822 0.675678
1305032378.237421 -0.834265 -0.119466 0.721004 -0.10921 0.723977 -0.04387 0.67971
1305032378.269616 -0.827224 -0.133984 0.71787 -0.122824 0.717736 -0.0397519 0.684243
1305032378.306182 -0.820601 -0.149991 0.714422 -0.134923 0.709488 -0.0367655 0.690703
1305032378.340777 -0.813188 -0.165067 0.707986 -0.147372 0.698795 -0.0345913 0.699121
1305032378.367690 -0.811208 -0.181334 0.699664 -0.165358 0.689181 -0.0305327 0.704808
1305032378.406284 -0.80431 -0.196375 0.692343 -0.183911 0.680454 -0.0212851 0.709018
1305032378.438513 -0.79524 -0.213707 0.686058 -0.198794 0.67194 -0.0107508 0.713346
1305032378.470434 -0.789884 -0.232119 0.677436 -0.214025 0.66278 -0.00319799 0.71757
1305032378.504807 -0.779906 -0.253524 0.672288 -0.233213 0.653937 0.00153449 0.719705
1305032378.539167 -0.771784 -0.273923 0.66998 -0.249702 0.643627 -0.00110671 0.723459
1305032378.570470 -0.765048 -0.296146 0.666208 -0.267235 0.632167 -0.00483661 0.727274
1305032378.607040 -0.757542 -0.316706 0.662366 -0.285057 0.622712 -0.00461005 0.728664
1305032378.640593 -0.751259 -0.337338 0.659601 -0.302883 0.613713 -0.00155812 0.72912
1305032378.674045 -0.7454 -0.359599 0.658467 -0.32174 0.606774 0.00334539 0.726841
1305032378.708133 -0.733377 -0.385625 0.662546 -0.338454 0.601762 0.00584251 0.723393
1305032378.741855 -0.721456 -0.406345 0.665774 -0.344848 0.598534 0.00723841 0.723039
1305032378.774289 -0.712218 -0.425445 0.670188 -0.347831 0.59627 0.0115257 0.723425
1305032378.811244 -0.700046 -0.444334 0.674214 -0.348614 0.59369 0.0137886 0.725128
1305032378.840101 -0.692517 -0.460728 0.67798 -0.347422 0.591195 0.0141747 0.727726
1305032378.871857 -0.684024 -0.474677 0.682794 -0.349655 0.587339 0.0151617 0.729756
1305032378.907789 -0.673376 -0.485596 0.691489 -0.352761 0.579507 0.00995295 0.734597
1305032378.938846 -0.665424 -0.496087 0.695908 -0.357916 0.565821 -0.000990586 0.742793
1305032378.971348 -0.657129 -0.505989 0.699827 -0.367548 0.550985 -0.0152761 0.74906
1305032379.007038 -0.646752 -0.516622 0.702394 -0.378736 0.5355 -0.0317587 0.754182
1305032379.038668 -0.639943 -0.521376 0.701034 -0.387493 0.524903 -0.0419412 0.756681
1305032379.071271 -0.628024 -0.52788 0.702864 -0.398293 0.518476 -0.0418837 0.755507
1305032379.106727 -0.614485 -0.540334 0.707504 -0.403834 0.515009 -0.0359245 0.755244
1305032379.138937 -0.601232 -0.550924 0.70762 -0.404581 0.514387 -0.0242707 0.755732
1305032379.170930 -0.591179 -0.559035 0.703755 -0.405427 0.515811 -0.0105154 0.754624
1305032379.206680 -0.577169 -0.570744 0.705671 -0.409578 0.518438 0.00307981 0.750639
1305032379.238614 -0.560923 -0.583088 0.711138 -0.410955 0.520113 0.0115856 0.748641
1305032379.271270 -0.550744 -0.594527 0.71561 -0.408978 0.521056 0.0153398 0.749001
1305032379.310742 -0.538351 -0.607221 0.720028 -0.407085 0.51893 0.0177684 0.75145
1305032379.342450 -0.525119 -0.621514 0.728331 -0.406997 0.511153 0.011898 0.756924
1305032379.373747 -0.514509 -0.633937 0.735238 -0.409026 0.501052 -0.00278093 0.762651
1305032379.406812 -0.505763 -0.642931 0.738249 -0.412109 0.49375 -0.0165215 0.765574
1305032379.440732 -0.497612 -0.651055 0.743659 -0.418338 0.487518 -0.0264974 0.765909
1305032379.472994 -0.48706 -0.661521 0.752188 -0.425274 0.48039 -0.035898 0.766211
1305032379.507528 -0.480244 -0.663094 0.765366 -0.427775 0.47271 -0.0490697 0.76886
1305032379.539852 -0.475428 -0.662105 0.776432 -0.424492 0.460267 -0.0626579 0.777196
1305032379.575545 -0.470806 -0.670446 0.780382 -0.420097 0.445394 -0.0706581 0.787496
1305032379.607089 -0.467065 -0.673301 0.782197 -0.415251 0.436628 -0.072433 0.79478
1305032379.641416 -0.463609 -0.677012 0.782535 -0.413313 0.429916 -0.0722152 0.799455
1305032379.676703 -0.460699 -0.683555 0.773894 -0.410866 0.425123 -0.0739354 0.803115
1305032379.707878 -0.458941 -0.690133 0.76667 -0.413554 0.420289 -0.0797154 0.803726
1305032379.738599 -0.458267 -0.69268 0.758592 -0.416872 0.415281 -0.0907076 0.80345
1305032379.775239 -0.461829 -0.695678 0.741456 -0.418663 0.414487 -0.0986952 0.801986
1305032379.807815 -0.462076 -0.695096 0.729877 -0.425775 0.418724 -0.100583 0.795782
1305032379.839500 -0.462712 -0.693723 0.715824 -0.432498 0.422035 -0.0990586 0.790582
1305032379.875565 -0.464651 -0.695803 0.704733 -0.438523 0.424135 -0.0962374 0.786477
1305032379.903833 -0.46431 -0.702857 0.692533 -0.443821 0.425764 -0.0918806 0.783139
1305032379.940009 -0.463786 -0.698157 0.686409 -0.448877 0.428225 -0.0910051 0.779006
1305032379.976659 -0.463524 -0.699608 0.676404 -0.452056 0.430982 -0.0909972 0.775641
1305032380.007756 -0.465583 -0.696837 0.664542 -0.454778 0.435364 -0.0913764 0.771547
1305032380.040494 -0.468611 -0.69453 0.657108 -0.458163 0.438406 -0.0904093 0.767928
1305032380.076762 -0.470785 -0.689764 0.65002 -0.459736 0.440078 -0.0906266 0.766003
1305032380.107291 -0.472574 -0.684115 0.644102 -0.460559 0.439606 -0.0896409 0.765896
1305032380.140050 -0.474887 -0.679141 0.640442 -0.46116 0.436103 -0.0895005 0.767551
1305032380.176572 -0.477908 -0.676227 0.638519 -0.460185 0.430106 -0.0917622 0.771245
1305032380.207110 -0.479778 -0.671282 0.634151 -0.455549 0.42242 -0.0971454 0.77756
1305032380.239460 -0.482604 -0.663768 0.628224 -0.450136 0.417066 -0.102102 0.782949
1305032380.276664 -0.4844 -0.661069 0.619818 -0.442879 0.414158 -0.102006 0.788623
1305032380.307734 -0.489495 -0.65385 0.612834 -0.433937 0.413706 -0.0949124 0.794693
1305032380.339866 -0.490668 -0.644788 0.60343 -0.426356 0.413919 -0.0808719 0.80022
1305032380.375602 -0.489316 -0.633263 0.600378 -0.417104 0.415037 -0.0677713 0.805715
1305032380.407488 -0.493779 -0.621138 0.598422 -0.40238 0.41502 -0.0579965 0.813932
1305032380.439180 -0.497688 -0.608513 0.586921 -0.387293 0.411332 -0.0461081 0.823823
1305032380.473087 -0.496591 -0.596956 0.58409 -0.374486 0.406795 -0.0392609 0.832308
1305032380.507283 -0.499579 -0.579838 0.571303 -0.351347 0.40281 -0.0399696 0.844216
1305032380.539774 -0.507129 -0.557689 0.549961 -0.340273 0.40088 -0.0381272 0.849739
1305032380.576395 -0.503347 -0.53656 0.546034 -0.342007 0.402212 -0.0361805 0.848498
1305032380.609316 -0.501502 -0.521326 0.537859 -0.339439 0.405673 -0.0396772 0.847724
1305032380.639507 -0.503593 -0.501573 0.525669 -0.335959 0.410638 -0.0440542 0.846503
1305032380.675545 -0.501206 -0.484388 0.524915 -0.331767 0.412685 -0.0528037 0.84666
1305032380.707658 -0.500631 -0.4629 0.515195 -0.316769 0.411222 -0.063392 0.85237
1305032380.739529 -0.499093 -0.442995 0.50898 -0.30461 0.409852 -0.0731278 0.856672
1305032380.776434 -0.500328 -0.422798 0.496104 -0.284956 0.407684 -0.0773792 0.864064
1305032380.803780 -0.501335 -0.405796 0.478122 -0.278191 0.405977 -0.0737262 0.867385
1305032380.843621 -0.496652 -0.388513 0.472193 -0.277124 0.40838 -0.070232 0.866888
1305032380.876451 -0.494896 -0.373835 0.463972 -0.265671 0.409903 -0.0688204 0.869863
1305032380.906774 -0.49402 -0.35692 0.44994 -0.253017 0.411139 -0.0675963 0.873143
1305032380.944580 -0.492598 -0.343468 0.435771 -0.24328 0.41634 -0.0657977 0.873582
1305032380.976235 -0.492301 -0.328327 0.422677 -0.228423 0.426162 -0.0612944 0.873185
1305032381.010534 -0.493649 -0.315267 0.406899 -0.218284 0.435661 -0.0607188 0.871128
1305032381.043413 -0.49486 -0.297077 0.392661 -0.207506 0.446035 -0.0564336 0.868798
1305032381.075126 -0.499565 -0.282255 0.380678 -0.19892 0.455844 -0.0491446 0.866153
1305032381.107139 -0.504023 -0.265992 0.36884 -0.190625 0.464058 -0.0400955 0.864121
1305032381.143098 -0.508445 -0.249136 0.357644 -0.183437 0.47341 -0.0258688 0.861141
1305032381.175951 -0.516084 -0.238721 0.348172 -0.178433 0.483838 -0.00982304 0.856718
1305032381.206840 -0.524032 -0.222311 0.34238 -0.170965 0.493671 0.00893174 0.852631
1305032381.244183 -0.53334 -0.209921 0.336388 -0.168327 0.498397 0.023668 0.850121
1305032381.275997 -0.540584 -0.199796 0.333435 -0.166836 0.50269 0.0297938 0.847691
1305032381.309728 -0.551383 -0.19023 0.328905 -0.159995 0.509008 0.0363898 0.844978
1305032381.341217 -0.562373 -0.18406 0.323286 -0.150243 0.513643 0.0456435 0.843513
1305032381.373199 -0.572224 -0.177908 0.315327 -0.142987 0.518306 0.0547523 0.841377
1305032381.408681 -0.583407 -0.175946 0.302622 -0.140236 0.524601 0.0593142 0.837621
1305032381.444067 -0.589839 -0.17282 0.292435 -0.13695 0.533432 0.0657533 0.832088
1305032381.474756 -0.59952 -0.175292 0.275338 -0.132183 0.543549 0.0708606 0.82587
1305032381.508685 -0.608146 -0.176903 0.263991 -0.124938 0.55867 0.0738251 0.816596
1305032381.545353 -0.61547 -0.17619 0.258395 -0.118403 0.572779 0.0746197 0.807673
1305032381.576827 -0.625275 -0.182493 0.251159 -0.111088 0.582963 0.0703311 0.80179
1305032381.608397 -0.634527 -0.184805 0.244624 -0.101154 0.593593 0.0683142 0.795455
1305032381.644906 -0.6401 -0.186624 0.24444 -0.0932399 0.603588 0.0698335 0.788741
1305032381.675936 -0.646407 -0.190462 0.239755 -0.0822554 0.611799 0.0677458 0.783803
1305032381.707240 -0.654602 -0.193428 0.237412 -0.0704385 0.618194 0.0640065 0.780242
1305032381.744570 -0.662863 -0.195386 0.231687 -0.0593196 0.619166 0.0605189 0.780674
1305032381.776694 -0.66576 -0.19321 0.225106 -0.0503497 0.619238 0.0579543 0.781442
1305032381.810015 -0.668143 -0.199004 0.218894 -0.0399364 0.617984 0.0555788 0.783206
1305032381.843860 -0.66855 -0.205755 0.212018 -0.0244782 0.61699 0.0539046 0.784741
1305032381.876540 -0.668001 -0.209489 0.20261 -0.0098089 0.616138 0.0563495 0.785558
1305032381.907470 -0.663676 -0.216467 0.189942 0.00335929 0.617497 0.0570711 0.784493
1305032381.943636 -0.660007 -0.222113 0.183118 0.0178344 0.620858 0.0494126 0.782161
1305032381.975700 -0.663185 -0.22726 0.174702 0.03277 0.622593 0.0417447 0.780744
1305032382.007016 -0.65954 -0.229097 0.161837 0.0442859 0.625583 0.0374865 0.777997
1305032382.043778 -0.658906 -0.232236 0.153438 0.0557034 0.629758 0.0351826 0.773993
1305032382.076551 -0.660048 -0.235709 0.145736 0.067017 0.633678 0.0349267 0.769897
1305032382.112595 -0.656972 -0.235871 0.137607 0.0775195 0.636097 0.0358559 0.766868
1305032382.142801 -0.657246 -0.232517 0.130219 0.0831247 0.638922 0.0363965 0.763901
1305032382.175194 -0.661733 -0.231832 0.121127 0.0837031 0.640876 0.0398698 0.762025
1305032382.212343 -0.657166 -0.231497 0.113938 0.0799187 0.641014 0.0468372 0.761919
1305032382.244823 -0.652033 -0.233311 0.102399 0.0726167 0.640085 0.0517977 0.763109
1305032382.275045 -0.64329 -0.232157 0.092652 0.0614165 0.637618 0.0573901 0.765753
1305032382.311569 -0.635383 -0.24087 0.0878002 0.0449751 0.63304 0.0617788 0.770339
1305032382.343035 -0.623382 -0.246428 0.0837111 0.0274742 0.625926 0.0633658 0.776818
1305032382.375765 -0.610271 -0.249444 0.0781063 0.00795643 0.617111 0.0650883 0.784139
1305032382.411673 -0.595049 -0.2539 0.0763513 -0.0110847 0.606866 0.0681501 0.791799
1305032382.445108 -0.581567 -0.254828 0.0756815 -0.0310482 0.594383 0.07328 0.800234
1305032382.476983 -0.556652 -0.261634 0.0729207 -0.0518164 0.580276 0.0801538 0.808808
1305032382.512630 -0.533156 -0.27285 0.0661438 -0.0730002 0.563552 0.0856863 0.818375
1305032382.545000 -0.505935 -0.27102 0.0702072 -0.0986173 0.545667 0.0861173 0.827711
1305032382.577082 -0.475555 -0.287677 0.0697874 -0.119184 0.527344 0.0841113 0.837036
1305032382.614372 -0.449791 -0.293229 0.0737189 -0.135637 0.511645 0.081559 0.844494
1305032382.644837 -0.423235 -0.303384 0.0836342 -0.15725 0.494121 0.0850077 0.850818
1305032382.675979 -0.391513 -0.320762 0.0878025 -0.174017 0.472973 0.0845369 0.859575
1305032382.713425 -0.362386 -0.340465 0.0914048 -0.184704 0.458006 0.0798954 0.86587
1305032382.744674 -0.33579 -0.353866 0.109052 -0.195684 0.446066 0.0690304 0.870613
1305032382.776770 -0.309432 -0.375661 0.115256 -0.212396 0.4291 0.0587515 0.875962
1305032382.812185 -0.28511 -0.399864 0.129725 -0.223618 0.415442 0.0425869 0.880675
1305032382.844824 -0.266624 -0.420527 0.145642 -0.232437 0.402014 0.0293903 0.885152
1305032382.875189 -0.249369 -0.440211 0.163669 -0.243867 0.387119 0.0184742 0.889003
1305032382.913733 -0.234304 -0.462672 0.186845 -0.253045 0.369799 0.00659907 0.893965
1305032382.943823 -0.220713 -0.486033 0.207968 -0.257656 0.350123 -0.00365649 0.900563
1305032382.975989 -0.207035 -0.509913 0.217201 -0.261841 0.329385 -0.00847748 0.907123
1305032383.012820 -0.195107 -0.524691 0.232017 -0.26717 0.31065 -0.00986988 0.912151
1305032383.044130 -0.183205 -0.544936 0.244748 -0.275855 0.291292 -0.0111437 0.915931
1305032383.077761 -0.16967 -0.562013 0.256309 -0.281416 0.274178 -0.0119382 0.919505
1305032383.113060 -0.156575 -0.574812 0.270582 -0.285348 0.258803 -0.0171106 0.922662
1305032383.144756 -0.148576 -0.583677 0.278967 -0.282438 0.243515 -0.0212594 0.927619
1305032383.177793 -0.141352 -0.590788 0.275303 -0.28653 0.226892 -0.0194308 0.930614
1305032383.213287 -0.131817 -0.591038 0.28756 -0.300137 0.209768 -0.0254987 0.930196
1305032383.243505 -0.1219 -0.603083 0.292526 -0.314676 0.197436 -0.0348704 0.927783
1305032383.279376 -0.119827 -0.609712 0.299743 -0.323972 0.186424 -0.0482769 0.92626
1305032383.311447 -0.119776 -0.612315 0.309321 -0.327685 0.174919 -0.059052 0.926574
1305032383.341434 -0.116821 -0.617887 0.315438 -0.328052 0.158816 -0.0667052 0.928822
1305032383.379477 -0.114065 -0.624734 0.321391 -0.327281 0.142856 -0.0706618 0.931389
1305032383.411502 -0.108904 -0.635661 0.326231 -0.328962 0.126292 -0.076666 0.932715
1305032383.443669 -0.103748 -0.640734 0.328701 -0.328544 0.111694 -0.0830415 0.934177
1305032383.479196 -0.0975128 -0.648917 0.324637 -0.329815 0.0967635 -0.0893822 0.93481
1305032383.511381 -0.0919872 -0.657112 0.326711 -0.331099 0.0860059 -0.0959726 0.934754
1305032383.544691 -0.0894714 -0.6652 0.323192 -0.334664 0.0795763 -0.101199 0.933502
1305032383.579562 -0.0933802 -0.675668 0.330629 -0.336597 0.0718206 -0.108896 0.93257
1305032383.613124 -0.0956211 -0.683597 0.326426 -0.329656 0.0613764 -0.109443 0.935725
1305032383.644735 -0.09735 -0.687715 0.322305 -0.328993 0.0509127 -0.103279 0.937286
1305032383.679654 -0.10068 -0.693551 0.32496 -0.330807 0.0370598 -0.103458 0.937278
1305032383.712037 -0.102471 -0.70154 0.31936 -0.332134 0.0214766 -0.106564 0.936947
1305032383.742653 -0.103487 -0.706016 0.317041 -0.338226 0.00667396 -0.108756 0.934736
1305032383.778285 -0.107527 -0.709243 0.319377 -0.346097 -0.00566557 -0.112004 0.931472
1305032383.812039 -0.10965 -0.712642 0.321168 -0.351051 -0.0168948 -0.114117 0.929223
1305032383.843925 -0.110525 -0.71598 0.322725 -0.353484 -0.0290153 -0.11662 0.927689
1305032383.878906 -0.111996 -0.713862 0.322572 -0.354539 -0.0392505 -0.118789 0.926634
1305032383.911427 -0.111155 -0.71732 0.323647 -0.357312 -0.0459619 -0.11797 0.925364
1305032383.943289 -0.110417 -0.717313 0.323459 -0.358117 -0.0495364 -0.116515 0.925053
1305032383.979220 -0.108655 -0.711514 0.320081 -0.358214 -0.0510158 -0.112043 0.925487
1305032384.011402 -0.103254 -0.709735 0.320653 -0.360919 -0.0530743 -0.105097 0.925135
1305032384.042763 -0.100504 -0.707061 0.320306 -0.36168 -0.053162 -0.0982135 0.925589
1305032384.079025 -0.0961141 -0.703467 0.316466 -0.3615 -0.0539893 -0.09157 0.926293
1305032384.112211 -0.0916471 -0.699182 0.317796 -0.362347 -0.0548736 -0.0852276 0.926515
1305032384.143402 -0.0887239 -0.697222 0.318118 -0.361668 -0.0565887 -0.0803315 0.927114
1305032384.179113 -0.0832598 -0.694849 0.318383 -0.360068 -0.0574995 -0.072851 0.928298
1305032384.211262 -0.0815735 -0.695569 0.320223 -0.357985 -0.0577147 -0.0710835 0.929227
1305032384.241759 -0.0785443 -0.69105 0.320176 -0.353006 -0.0589008 -0.0687878 0.931228
1305032384.278407 -0.0762124 -0.691029 0.318911 -0.349317 -0.0599521 -0.0672302 0.932665
1305032384.308313 -0.0744706 -0.691394 0.319989 -0.342196 -0.0607472 -0.0637843 0.935491
1305032384.341175 -0.0713302 -0.688458 0.315833 -0.332378 -0.0635451 -0.0590503 0.939149
1305032384.375647 -0.0663839 -0.679609 0.307854 -0.324352 -0.0660038 -0.0544408 0.942059
1305032384.411880 -0.0595612 -0.671759 0.303623 -0.320562 -0.0664518 -0.0519526 0.943464
1305032384.444075 -0.0554082 -0.663838 0.300307 -0.318503 -0.067341 -0.0532649 0.944025
1305032384.479096 -0.0513179 -0.654657 0.296515 -0.316505 -0.0705934 -0.058019 0.944179
1305032384.512157 -0.0476188 -0.642154 0.290157 -0.314981 -0.0732324 -0.0614715 0.94427
1305032384.544929 -0.0427421 -0.629494 0.286815 -0.31375 -0.0748585 -0.0623574 0.944494
1305032384.580765 -0.0382416 -0.615605 0.279624 -0.312287 -0.0774193 -0.0624897 0.944764
1305032384.613105 -0.0326219 -0.601552 0.274125 -0.31322 -0.0794598 -0.0629213 0.944257
1305032384.647706 -0.0276263 -0.589373 0.27134 -0.31236 -0.0794776 -0.061026 0.944664
1305032384.679303 -0.023591 -0.576952 0.264058 -0.309216 -0.0778945 -0.0539042 0.946262
1305032384.712109 -0.0186995 -0.563783 0.259497 -0.30648 -0.0787009 -0.0442811 0.947584
1305032384.746434 -0.0106883 -0.549253 0.258107 -0.301465 -0.0803436 -0.0353782 0.949427
1305032384.778315 -0.00187486 -0.535475 0.251257 -0.292064 -0.0788697 -0.0271152 0.952755
1305032384.811269 0.00370637 -0.524748 0.247074 -0.281652 -0.0793754 -0.0190105 0.956039
1305032384.846699 0.0119984 -0.512907 0.239563 -0.265341 -0.0824469 -0.0149776 0.960506
1305032384.879179 0.0196034 -0.499636 0.232815 -0.247803 -0.0846123 -0.0104265 0.965052
1305032384.911051 0.0285469 -0.484159 0.226305 -0.231036 -0.0871818 -0.00577254 0.969014
1305032384.947623 0.0389981 -0.469564 0.216424 -0.215207 -0.0878851 -0.00103681 0.972605
1305032384.979039 0.0495427 -0.451966 0.207785 -0.199807 -0.0880125 0.00374726 0.975867
1305032385.011611 0.0612688 -0.442153 0.195364 -0.187831 -0.086082 0.00828344 0.978387
1305032385.047788 0.0699725 -0.42934 0.185637 -0.175789 -0.082851 0.0113108 0.98087
1305032385.079238 0.0813688 -0.408103 0.178078 -0.162308 -0.0820749 0.0174047 0.983167
1305032385.110028 0.0929211 -0.392863 0.166254 -0.1541 -0.0799636 0.0221936 0.984564
1305032385.147955 0.101514 -0.378541 0.159744 -0.146154 -0.0756057 0.0262142 0.98602
1305032385.180315 0.111195 -0.363397 0.14745 -0.136192 -0.0718386 0.0299157 0.987621
1305032385.212521 0.12215 -0.348873 0.140121 -0.130403 -0.0670832 0.034129 0.9886
1305032385.247861 0.129496 -0.334195 0.134139 -0.122158 -0.0641488 0.0368385 0.98975
1305032385.279278 0.138842 -0.317824 0.123695 -0.110413 -0.061004 0.0358719 0.991363
1305032385.313088 0.144894 -0.301454 0.115232 -0.102022 -0.0561315 0.0316493 0.992693
1305032385.347825 0.154919 -0.283632 0.113369 -0.095287 -0.0542741 0.0269822 0.993603
1305032385.379172 0.162158 -0.27354 0.111324 -0.0891061 -0.0531679 0.0218497 0.994362
1305032385.411331 0.167885 -0.260628 0.107212 -0.0786919 -0.054826 0.0145186 0.995284
1305032385.446560 0.174858 -0.24494 0.102669 -0.0682769 -0.0561428 0.00779067 0.996055
1305032385.478895 0.178033 -0.234971 0.0964145 -0.0622255 -0.05823 0.00135536 0.996361
1305032385.512276 0.179039 -0.225809 0.0959896 -0.0515629 -0.0624452 -0.00533698 0.996701
1305032385.546621 0.182976 -0.212311 0.0922654 -0.0365898 -0.0673666 -0.00802792 0.997025
1305032385.579100 0.186222 -0.194192 0.0911145 -0.0272395 -0.0735858 -0.00940178 0.996872
1305032385.611944 0.190853 -0.176833 0.0906423 -0.0247127 -0.0786299 -0.0121395 0.996524
1305032385.647972 0.190927 -0.160032 0.0916718 -0.0253853 -0.0818953 -0.0099848 0.996268
1305032385.677687 0.193033 -0.146752 0.0921506 -0.0232514 -0.088918 -0.00506469 0.995755
1305032385.708060 0.196789 -0.130781 0.0909308 -0.0210009 -0.0955413 0.000678269 0.995204
1305032385.743325 0.198353 -0.116287 0.0899743 -0.0230249 -0.101122 0.00792663 0.994576
1305032385.779209 0.200172 -0.101386 0.0957263 -0.0220108 -0.106943 0.0172799 0.993871
1305032385.816091 0.205206 -0.0878755 0.0927326 -0.0224537 -0.107446 0.0291821 0.993529
1305032385.846913 0.208388 -0.0751233 0.0952004 -0.0236164 -0.105949 0.0423601 0.993188
1305032385.879571 0.212382 -0.0664096 0.0987305 -0.0168563 -0.104459 0.0552049 0.992853
1305032385.915659 0.215576 -0.0529296 0.098471 -0.00913474 -0.103637 0.0715599 0.991996
1305032385.943376 0.217134 -0.0423185 0.0990795 -0.00767547 -0.102979 0.081955 0.991272
1305032385.980099 0.220867 -0.0326963 0.101808 -0.00316437 -0.101979 0.0884431 0.990842
1305032386.014821 0.22423 -0.0229684 0.104614 0.00236883 -0.100526 0.0923927 0.990632
1305032386.048023 0.228573 -0.0126584 0.107106 0.00753655 -0.0988401 0.10091 0.989945
1305032386.080071 0.232367 -0.0027817 0.111539 0.00890203 -0.096293 0.112088 0.988982
1305032386.115561 0.234053 0.0070089 0.11493 0.0106781 -0.0962087 0.121978 0.987801
1305032386.148299 0.234658 0.0153859 0.120481 0.0133216 -0.101902 0.128299 0.986396
1305032386.179328 0.236629 0.0248245 0.123389 0.0112313 -0.109016 0.131405 0.985252
1305032386.215559 0.238073 0.0325684 0.12894 0.00591632 -0.117921 0.135427 0.983727
1305032386.243605 0.242348 0.0414295 0.130367 0.0021269 -0.128761 0.142317 0.981408
1305032386.278957 0.245648 0.0473263 0.13479 -0.00342709 -0.142037 0.142557 0.979536
1305032386.315386 0.249837 0.0539643 0.138174 -0.0114481 -0.153503 0.141963 0.97783
1305032386.346831 0.252459 0.0581294 0.140415 -0.0177854 -0.16469 0.143744 0.975653
1305032386.379033 0.256704 0.0608727 0.144127 -0.0273015 -0.177175 0.140277 0.973748
1305032386.415310 0.260514 0.0628928 0.147068 -0.0395776 -0.188112 0.133524 0.972224
1305032386.447187 0.264434 0.0615198 0.150474 -0.0483864 -0.200063 0.128121 0.970164
1305032386.479658 0.269801 0.0573629 0.152842 -0.0544997 -0.209527 0.117995 0.969126
1305032386.514929 0.275192 0.0515638 0.156333 -0.0619563 -0.219501 0.109874 0.967424
1305032386.547514 0.280681 0.0420435 0.158693 -0.0655861 -0.232319 0.0991486 0.965348
1305032386.578838 0.285156 0.0325981 0.163708 -0.0680037 -0.242855 0.0875 0.963712
1305032386.614264 0.291928 0.0222896 0.167492 -0.0731189 -0.252785 0.0791221 0.961506
1305032386.646315 0.298836 0.0132677 0.170662 -0.0734082 -0.262031 0.0714863 0.959604
1305032386.678968 0.310815 0.000682127 0.171664 -0.0731393 -0.268031 0.063693 0.958516
1305032386.714163 0.321026 -0.0105491 0.174363 -0.0767167 -0.272965 0.0588402 0.957153
1305032386.746448 0.32943 -0.020772 0.178838 -0.0813678 -0.278733 0.0520932 0.955497
1305032386.778959 0.338336 -0.030019 0.183071 -0.0887299 -0.283577 0.041535 0.953932
1305032386.814157 0.347033 -0.0383184 0.18665 -0.0964875 -0.286936 0.033494 0.952489
1305032386.846480 0.355518 -0.050155 0.190585 -0.109339 -0.290266 0.0244655 0.950364
1305032386.878932 0.366739 -0.0584192 0.19042 -0.123077 -0.29221 0.0131718 0.94831
1305032386.915107 0.374359 -0.0660444 0.196256 -0.140801 -0.293841 0.00526381 0.945413
1305032386.947042 0.381837 -0.0768146 0.200771 -0.157807 -0.296828 -0.00423134 0.941792
1305032386.979534 0.3887 -0.0859535 0.204811 -0.175306 -0.298044 -0.0168964 0.938164
1305032387.015340 0.399239 -0.103009 0.215676 -0.206034 -0.298544 -0.0255352 0.931542
1305032387.047204 0.407044 -0.116289 0.2214 -0.217452 -0.299727 -0.0278498 0.928495
1305032387.083123 0.411295 -0.137705 0.232229 -0.225361 -0.301013 -0.0332041 0.926014
1305032387.115144 0.419978 -0.155065 0.236658 -0.232134 -0.30352 -0.0428694 0.923121
1305032387.146938 0.426025 -0.170193 0.242996 -0.240115 -0.304554 -0.0559138 0.920035
1305032387.183366 0.43278 -0.186305 0.250259 -0.247558 -0.303879 -0.0673672 0.917515
1305032387.211762 0.438858 -0.203644 0.258135 -0.251283 -0.300661 -0.0766304 0.916835
1305032387.243500 0.445949 -0.220064 0.265792 -0.254165 -0.29788 -0.084401 0.916266
1305032387.283242 0.454091 -0.241962 0.276648 -0.25807 -0.296386 -0.0947454 0.914646
1305032387.315110 0.460836 -0.257093 0.282831 -0.262067 -0.294176 -0.105221 0.913077
1305032387.347681 0.468242 -0.273141 0.288633 -0.270523 -0.292056 -0.114774 0.910136
1305032387.382764 0.471968 -0.28964 0.299059 -0.27902 -0.290803 -0.123069 0.906882
1305032387.414331 0.478468 -0.306771 0.309816 -0.28466 -0.292415 -0.130722 0.903534
1305032387.443532 0.484782 -0.321006 0.318759 -0.290674 -0.294251 -0.1367 0.900132
1305032387.482745 0.487855 -0.334615 0.327536 -0.296272 -0.294622 -0.144574 0.89695
1305032387.511705 0.493672 -0.350734 0.335555 -0.299336 -0.29658 -0.151256 0.894181
1305032387.543542 0.493199 -0.362547 0.344041 -0.300487 -0.300605 -0.157783 0.891319
1305032387.583132 0.49463 -0.377552 0.352999 -0.30243 -0.308227 -0.166484 0.886462
1305032387.614697 0.494582 -0.391302 0.361146 -0.304543 -0.315241 -0.176515 0.881317
1305032387.646620 0.494148 -0.401738 0.369329 -0.30549 -0.323106 -0.186146 0.876144
1305032387.682795 0.495382 -0.414647 0.377875 -0.306969 -0.332103 -0.194261 0.870483
1305032387.715088 0.499493 -0.427509 0.387287 -0.309956 -0.341336 -0.201 0.864301
1305032387.746770 0.501989 -0.437666 0.395102 -0.315 -0.347498 -0.206651 0.858671
1305032387.782837 0.501956 -0.446259 0.40589 -0.322583 -0.352637 -0.214347 0.851846
1305032387.815294 0.503796 -0.453206 0.41456 -0.332066 -0.356692 -0.221348 0.844694
1305032387.846872 0.503667 -0.462598 0.424661 -0.342905 -0.359017 -0.224847 0.838432
1305032387.883126 0.505464 -0.470308 0.434621 -0.354204 -0.359866 -0.223009 0.833848
1305032387.914658 0.506607 -0.476807 0.444439 -0.367516 -0.359048 -0.218347 0.829663
1305032387.947098 0.506279 -0.486189 0.457837 -0.379501 -0.359691 -0.217967 0.82407
1305032387.983846 0.507654 -0.493247 0.468165 -0.385297 -0.361169 -0.221145 0.819877
1305032388.015687 0.510901 -0.504525 0.480309 -0.387644 -0.364153 -0.227437 0.815718
1305032388.047380 0.514294 -0.514556 0.489523 -0.387742 -0.366297 -0.234925 0.812584
1305032388.083777 0.513654 -0.521836 0.502603 -0.386508 -0.368735 -0.241527 0.81013
1305032388.115961 0.51529 -0.530967 0.51208 -0.384533 -0.371287 -0.243751 0.809238
1305032388.148173 0.518549 -0.544379 0.524574 -0.381504 -0.376882 -0.244529 0.807849
1305032388.184052 0.521096 -0.556644 0.534986 -0.378121 -0.381586 -0.244286 0.807305
1305032388.212538 0.523854 -0.564984 0.544814 -0.375578 -0.385155 -0.243216 0.80712
1305032388.250425 0.526842 -0.574045 0.554193 -0.375299 -0.387806 -0.240544 0.806781
1305032388.283226 0.528933 -0.581461 0.564385 -0.375953 -0.390614 -0.237242 0.8061
1305032388.315193 0.529223 -0.586639 0.575072 -0.375911 -0.392781 -0.231292 0.806795
1305032388.350541 0.530031 -0.597763 0.586274 -0.375531 -0.395143 -0.225597 0.807431
1305032388.383342 0.531014 -0.605728 0.594671 -0.37424 -0.397015 -0.219865 0.808692
1305032388.414973 0.530558 -0.61429 0.602831 -0.373479 -0.397887 -0.214556 0.81004
1305032388.450875 0.527699 -0.621163 0.612843 -0.372342 -0.398911 -0.211033 0.810985
1305032388.483696 0.526737 -0.62971 0.622193 -0.36958 -0.401405 -0.209613 0.811386
1305032388.515455 0.521306 -0.636797 0.628779 -0.366103 -0.404344 -0.209723 0.811474
1305032388.551418 0.517593 -0.645025 0.63762 -0.363748 -0.40985 -0.210541 0.809558
1305032388.581086 0.512536 -0.651471 0.644279 -0.360739 -0.415518 -0.213214 0.807312
1305032388.615087 0.505176 -0.659147 0.653623 -0.356732 -0.421231 -0.218277 0.804775
1305032388.650929 0.501503 -0.666112 0.657886 -0.353582 -0.425315 -0.224099 0.802413
1305032388.684041 0.496249 -0.668124 0.663378 -0.352713 -0.429185 -0.232919 0.798212
1305032388.713169 0.489926 -0.674318 0.670077 -0.354032 -0.432372 -0.24357 0.79271
1305032388.751435 0.482432 -0.676617 0.676251 -0.355599 -0.43498 -0.251979 0.787939
1305032388.783449 0.473681 -0.679629 0.683251 -0.357288 -0.437834 -0.259187 0.783243
1305032388.814824 0.463209 -0.686608 0.69481 -0.360817 -0.441581 -0.264004 0.777894
1305032388.847513 0.454498 -0.689004 0.70142 -0.36137 -0.445205 -0.266429 0.774739
1305032388.882983 0.446961 -0.692237 0.70732 -0.360797 -0.449191 -0.268591 0.771953
1305032388.914716 0.438413 -0.693493 0.714368 -0.359372 -0.454067 -0.270589 0.769062
1305032388.950492 0.431132 -0.699247 0.722178 -0.358474 -0.458756 -0.271527 0.766363
1305032388.983354 0.424746 -0.69895 0.727473 -0.356317 -0.462946 -0.270936 0.765058
1305032389.015302 0.420225 -0.698978 0.732509 -0.354892 -0.467915 -0.27094 0.762692
1305032389.050498 0.416371 -0.700339 0.740995 -0.352477 -0.474834 -0.273634 0.758563
1305032389.083544 0.412959 -0.700932 0.748908 -0.348461 -0.481681 -0.277663 0.754627
1305032389.114834 0.409981 -0.700904 0.755118 -0.3447 -0.487372 -0.282618 0.750851
1305032389.150563 0.408162 -0.698253 0.761258 -0.342308 -0.491966 -0.286515 0.747465
1305032389.183847 0.406003 -0.697681 0.76882 -0.338418 -0.49696 -0.290068 0.744556
1305032389.215520 0.406408 -0.695907 0.773966 -0.332056 -0.502311 -0.294121 0.742237
1305032389.251042 0.407943 -0.693784 0.778116 -0.327857 -0.508175 -0.297141 0.738901
1305032389.283231 0.409655 -0.691327 0.782731 -0.323842 -0.515218 -0.300203 0.734544
1305032389.315296 0.414125 -0.691082 0.789285 -0.320424 -0.522156 -0.302114 0.730348
1305032389.351461 0.420691 -0.687298 0.795849 -0.318104 -0.527272 -0.303715 0.727016
1305032389.383520 0.427447 -0.681293 0.801002 -0.317784 -0.530635 -0.30443 0.724405
1305032389.415851 0.432487 -0.678521 0.806679 -0.317084 -0.53475 -0.305777 0.721111
1305032389.447191 0.440098 -0.676062 0.813491 -0.31446 -0.539915 -0.30518 0.71866
1305032389.484520 0.451176 -0.673548 0.819763 -0.313512 -0.544375 -0.304248 0.7161
1305032389.519411 0.460157 -0.66933 0.826562 -0.312974 -0.547904 -0.30539 0.713151
1305032389.551432 0.469581 -0.665761 0.831322 -0.3118 -0.549803 -0.306149 0.711878
1305032389.583908 0.477627 -0.661096 0.835179 -0.310481 -0.55212 -0.306401 0.710552
1305032389.619179 0.490238 -0.658776 0.838893 -0.310634 -0.55532 -0.305735 0.708274
1305032389.651751 0.496671 -0.656933 0.844151 -0.31067 -0.557675 -0.304623 0.706886
1305032389.683655 0.505403 -0.653963 0.848659 -0.308227 -0.559523 -0.300548 0.708238
1305032389.719141 0.516388 -0.648233 0.852204 -0.304938 -0.561702 -0.295488 0.710064
1305032389.751256 0.52554 -0.644526 0.85535 -0.302461 -0.563604 -0.291426 0.711294
1305032389.783396 0.533482 -0.6404 0.858188 -0.298952 -0.565245 -0.285667 0.713807
1305032389.815171 0.542121 -0.635951 0.860952 -0.295123 -0.566859 -0.277675 0.717266
1305032389.850251 0.550266 -0.630384 0.86426 -0.291688 -0.568263 -0.270661 0.720235
1305032389.883751 0.558902 -0.622435 0.865873 -0.285428 -0.570854 -0.263594 0.723308
1305032389.915433 0.562816 -0.61567 0.865866 -0.274613 -0.57652 -0.258894 0.724697
1305032389.950745 0.569945 -0.607576 0.863815 -0.262335 -0.584118 -0.252287 0.725492
1305032389.982637 0.576573 -0.600559 0.862255 -0.251083 -0.592467 -0.245454 0.725046
1305032390.019198 0.582218 -0.590407 0.858794 -0.237245 -0.601962 -0.239063 0.72402
1305032390.053174 0.585732 -0.581672 0.858575 -0.22636 -0.609266 -0.234552 0.72287
1305032390.081015 0.59209 -0.572704 0.855675 -0.220039 -0.611767 -0.229912 0.724199
1305032390.118347 0.595955 -0.562864 0.855306 -0.214848 -0.613672 -0.224189 0.725938
1305032390.149354 0.599291 -0.552491 0.85363 -0.208962 -0.615101 -0.216078 0.728901
1305032390.183538 0.603419 -0.542814 0.852777 -0.204083 -0.616284 -0.209829 0.731106
1305032390.219241 0.60598 -0.533009 0.853436 -0.198587 -0.616533 -0.202857 0.73437
1305032390.251134 0.609031 -0.522666 0.851414 -0.19118 -0.616194 -0.193905 0.739024
1305032390.282589 0.614003 -0.512369 0.851005 -0.18594 -0.615769 -0.183247 0.743421
1305032390.314979 0.61662 -0.50208 0.848976 -0.181444 -0.614295 -0.172645 0.748273
1305032390.350267 0.619547 -0.492344 0.847255 -0.179014 -0.613236 -0.162223 0.75205
1305032390.382610 0.622173 -0.480592 0.846929 -0.176401 -0.614058 -0.151976 0.754134
1305032390.415081 0.624078 -0.472487 0.845466 -0.172046 -0.615792 -0.142788 0.755521
1305032390.451519 0.628202 -0.461476 0.845739 -0.167384 -0.617354 -0.133805 0.756936
1305032390.479658 0.63066 -0.452447 0.845292 -0.163953 -0.618678 -0.126987 0.757781
1305032390.514929 0.633416 -0.443599 0.847081 -0.159994 -0.620464 -0.118768 0.758499
1305032390.550339 0.63655 -0.433473 0.847513 -0.154368 -0.62155 -0.110455 0.76003
1305032390.582772 0.640058 -0.42353 0.84845 -0.150059 -0.622263 -0.101049 0.761616
1305032390.618377 0.640937 -0.415615 0.851773 -0.145804 -0.622773 -0.0924817 0.763113
1305032390.650434 0.645898 -0.404143 0.855184 -0.139472 -0.622336 -0.083236 0.765714
1305032390.682873 0.651596 -0.394297 0.856123 -0.134719 -0.621687 -0.0760409 0.767837
1305032390.718194 0.654659 -0.383176 0.861027 -0.132109 -0.622299 -0.0702437 0.768347
1305032390.750175 0.659295 -0.370183 0.865472 -0.130531 -0.622567 -0.064243 0.768924
1305032390.786274 0.663003 -0.359131 0.869545 -0.131082 -0.622567 -0.0603915 0.769143
1305032390.818507 0.665126 -0.347664 0.873806 -0.131832 -0.622846 -0.0571472 0.769036
1305032390.850437 0.666272 -0.339496 0.877316 -0.131626 -0.623314 -0.0529074 0.768996
1305032390.886597 0.669492 -0.331356 0.87831 -0.131048 -0.623807 -0.0492722 0.768937
1305032390.918398 0.670661 -0.322248 0.88576 -0.129685 -0.625098 -0.0457567 0.768336
1305032390.950305 0.673978 -0.309536 0.892039 -0.124311 -0.627203 -0.0403844 0.76781
1305032390.987238 0.676712 -0.295677 0.897807 -0.116043 -0.630615 -0.0337957 0.766627
1305032391.019268 0.683862 -0.282404 0.906481 -0.110579 -0.634437 -0.0293464 0.764461
1305032391.051279 0.687384 -0.267729 0.914167 -0.109753 -0.635872 -0.0265379 0.76349
1305032391.087153 0.687806 -0.247811 0.919717 -0.110855 -0.63686 -0.0212488 0.762672
1305032391.118251 0.686844 -0.230815 0.923828 -0.107606 -0.639598 -0.0158707 0.760975
1305032391.150434 0.690626 -0.21916 0.931233 -0.103648 -0.642919 -0.0117597 0.758798
1305032391.186761 0.691006 -0.21343 0.929413 -0.103303 -0.643018 -0.0086163 0.758803
1305032391.218382 0.691199 -0.200101 0.932664 -0.104232 -0.643606 -0.00241673 0.758223
1305032391.250262 0.691693 -0.185921 0.93516 -0.104011 -0.644646 0.0041435 0.757362
1305032391.286409 0.692507 -0.174303 0.937009 -0.104371 -0.645864 0.00846377 0.756238
1305032391.318198 0.693891 -0.164448 0.938872 -0.106792 -0.647258 0.0134413 0.754634
1305032391.350223 0.695856 -0.141146 0.94869 -0.107628 -0.649741 0.0206695 0.752214
1305032391.386404 0.696652 -0.128056 0.950523 -0.109759 -0.650959 0.0255846 0.7507
1305032391.418275 0.696679 -0.116395 0.952301 -0.112895 -0.653098 0.0296627 0.748223
1305032391.450231 0.698526 -0.10503 0.955206 -0.116609 -0.655415 0.0345271 0.745414
1305032391.483296 0.697508 -0.0963865 0.956869 -0.121697 -0.656214 0.0373478 0.74376
1305032391.518579 0.696169 -0.0900663 0.959138 -0.12607 -0.655798 0.0416755 0.743168
1305032391.548166 0.696288 -0.0781654 0.959178 -0.128939 -0.655706 0.0498379 0.742254
1305032391.584774 0.696267 -0.0702146 0.956708 -0.133096 -0.655501 0.0568296 0.741198
1305032391.617070 0.693597 -0.0614994 0.954647 -0.137058 -0.655719 0.0617902 0.739885
1305032391.647210 0.691538 -0.0538577 0.951166 -0.140729 -0.656616 0.0663709 0.738001
1305032391.683817 0.692251 -0.045008 0.947916 -0.145591 -0.658671 0.070599 0.734827
1305032391.719489 0.690074 -0.0364656 0.945192 -0.150288 -0.660989 0.0704178 0.731811
1305032391.748029 0.684916 -0.0265257 0.942084 -0.152943 -0.662317 0.0683914 0.730252
1305032391.784539 0.684582 -0.0207513 0.937968 -0.156558 -0.661562 0.06875 0.730136
1305032391.815353 0.682603 -0.0135813 0.935222 -0.162855 -0.658411 0.0696847 0.731517
1305032391.850480 0.675863 -0.00926863 0.930099 -0.166169 -0.65349 0.0684421 0.735292
1305032391.884688 0.672933 -0.0044915 0.924488 -0.166026 -0.649384 0.0694682 0.738857
1305032391.921342 0.672168 0.000830218 0.919402 -0.166731 -0.646324 0.0700265 0.741325
1305032391.953133 0.666448 0.00571171 0.914907 -0.16708 -0.645182 0.0672506 0.742497
1305032391.983420 0.660783 0.00831365 0.912302 -0.162125 -0.645741 0.0632882 0.743458
