1305032354.009456 0 0 0 0 0 0 1
1305032354.045335 -0.00123457 -0.0115232 0.00198956 -0.00997279 0.00176853 -0.00286002 0.999945
1305032354.076940 -0.00195658 -0.0240243 -0.000893813 -0.0193149 0.000569817 -0.00449125 0.999803
1305032354.109860 -0.00223781 -0.0369 -0.00568024 -0.0324157 0.0014159 -0.0084161 0.999438
1305032354.145200 -0.00285427 -0.0510565 -0.00448675 -0.0495674 0.0046724 -0.00971523 0.998713
1305032354.177151 -0.00325037 -0.0665585 -0.00586822 -0.0657319 0.00696527 -0.00394268 0.997805
1305032354.209651 -0.0035377 -0.0833765 -0.00707127 -0.0807043 0.00938083 0.00158996 0.996693
1305032354.244910 -0.00356807 -0.100987 -0.00826992 -0.096909 0.0114209 0.00263077 0.995224
1305032354.277122 -0.00352499 -0.118645 -0.00753148 -0.106585 0.0132953 0.00181931 0.994213
1305032354.309733 -0.00359036 -0.135972 -0.00952568 -0.111474 0.0133151 -0.000399103 0.993678
1305032354.345124 -0.00380984 -0.15628 -0.0119215 -0.117447 0.0130052 -0.00581908 0.992977
1305032354.377091 -0.00393268 -0.1759 -0.0120238 -0.121984 0.0129112 -0.0103063 0.992395
1305032354.407556 -0.00232508 -0.196403 -0.0146407 -0.126605 0.0119382 -0.0150269 0.991768
1305032354.445200 -0.00158975 -0.218768 -0.0204962 -0.134348 0.0119603 -0.0198359 0.990664
1305032354.477221 -0.000517113 -0.237431 -0.0212419 -0.144684 0.0133484 -0.0226587 0.989128
1305032354.510161 0.00118944 -0.255447 -0.0241442 -0.156217 0.0161691 -0.0222643 0.987339
1305032354.545622 0.00233368 -0.268912 -0.0250283 -0.170515 0.021056 -0.0192836 0.984941
1305032354.577445 0.00239275 -0.284922 -0.0262907 -0.188208 0.0258255 -0.0137727 0.981693
1305032354.610249 0.00242439 -0.299029 -0.0234611 -0.202756 0.0301332 -0.00647423 0.978744
1305032354.645613 0.00218637 -0.311176 -0.0206727 -0.214658 0.0335864 -0.000456689 0.976112
1305032354.677651 0.00164765 -0.324046 -0.0199386 -0.226027 0.035435 0.00554711 0.97346
1305032354.709984 0.00201305 -0.337301 -0.0197439 -0.23753 0.0342823 0.0102413 0.970721
1305032354.745813 0.00289376 -0.351544 -0.0161385 -0.248583 0.0310479 0.0115489 0.968044
1305032354.777561 0.00361333 -0.365474 -0.0133375 -0.256852 0.0273197 0.00861058 0.966026
1305032354.813526 0.00517148 -0.38071 -0.0126184 -0.262408 0.0230294 0.00445576 0.964672
1305032354.845896 0.00775754 -0.395796 -0.0126421 -0.268734 0.0190242 -0.000838225 0.963026
1305032354.877727 0.00940508 -0.410698 -0.0112947 -0.276342 0.0148196 -0.00687335 0.960921
1305032354.913596 0.0126935 -0.425291 -0.0142362 -0.283268 0.00962232 -0.0109695 0.95893
1305032354.946029 0.0136266 -0.43853 -0.0104282 -0.294189 0.0039758 -0.0189314 0.955552
1305032354.977691 0.0173368 -0.453122 -0.0103917 -0.3005 -0.00130597 -0.0271592 0.953394
1305032355.013557 0.0217046 -0.466591 -0.012097 -0.311299 -0.00731956 -0.0363246 0.949589
1305032355.045678 0.0233222 -0.479354 -0.00478584 -0.324991 -0.0137768 -0.048685 0.944363
1305032355.077711 0.0246411 -0.49478 0.000407573 -0.334249 -0.0217769 -0.0594831 0.940354
1305032355.113721 0.0276721 -0.505237 0.00769499 -0.341846 -0.0331631 -0.0690841 0.936627
1305032355.145771 0.0298456 -0.517639 0.0106279 -0.351519 -0.0456683 -0.0755506 0.932009
1305032355.177863 0.0314048 -0.531453 0.0177186 -0.36371 -0.0590961 -0.081768 0.926033
1305032355.213995 0.0332246 -0.543544 0.0253108 -0.372729 -0.0726896 -0.0861232 0.921071
1305032355.246379 0.0330475 -0.559928 0.0310284 -0.381331 -0.0887311 -0.0905994 0.915699
1305032355.278991 0.0317772 -0.572141 0.0412289 -0.386496 -0.105781 -0.0933796 0.911434
1305032355.312689 0.035607 -0.585982 0.0474817 -0.390325 -0.123607 -0.0947738 0.907406
1305032355.347016 0.0398817 -0.59702 0.0541631 -0.395095 -0.138625 -0.0946044 0.903179
1305032355.379246 0.0435495 -0.602438 0.0671132 -0.397622 -0.154994 -0.0970908 0.899137
1305032355.415084 0.0484994 -0.612866 0.0740497 -0.398064 -0.169576 -0.102455 0.895707
1305032355.446636 0.0524191 -0.622076 0.0827755 -0.396976 -0.18074 -0.107745 0.893383
1305032355.479127 0.0581786 -0.632671 0.0898558 -0.394022 -0.193717 -0.110044 0.89169
1305032355.514371 0.0654838 -0.64075 0.0967056 -0.391178 -0.207858 -0.110021 0.889758
1305032355.546522 0.0765787 -0.649028 0.102255 -0.388265 -0.220581 -0.109255 0.888064
1305032355.578354 0.0902755 -0.655451 0.111031 -0.387179 -0.23158 -0.10798 0.885891
1305032355.614298 0.105539 -0.657901 0.126731 -0.385024 -0.240236 -0.10728 0.884609
1305032355.646429 0.116153 -0.67056 0.131174 -0.38154 -0.244011 -0.108125 0.884983
1305032355.679021 0.127946 -0.682268 0.136602 -0.378028 -0.250183 -0.108298 0.884745
1305032355.715171 0.140006 -0.688122 0.146756 -0.373391 -0.257722 -0.105517 0.884887
1305032355.747547 0.156756 -0.699173 0.150577 -0.367307 -0.263889 -0.103803 0.885818
1305032355.779172 0.174454 -0.703725 0.150698 -0.364217 -0.265644 -0.103872 0.886561
1305032355.815082 0.192474 -0.706279 0.174756 -0.362341 -0.266702 -0.10466 0.886919
1305032355.847746 0.205866 -0.717756 0.186657 -0.346103 -0.264598 -0.108982 0.89349
1305032355.879256 0.218963 -0.731981 0.176673 -0.325127 -0.26359 -0.120268 0.900193
1305032355.914958 0.236694 -0.740792 0.169401 -0.318218 -0.262271 -0.124968 0.902405
1305032355.947516 0.249845 -0.747882 0.164898 -0.321894 -0.259114 -0.124456 0.902084
1305032355.979562 0.260714 -0.753131 0.163817 -0.331737 -0.257361 -0.119717 0.899657
1305032356.015124 0.26902 -0.755777 0.168761 -0.343145 -0.259956 -0.111266 0.895709
1305032356.047385 0.271512 -0.769786 0.173923 -0.351247 -0.267607 -0.102412 0.891361
1305032356.083040 0.283101 -0.774505 0.176027 -0.349842 -0.279402 -0.0953058 0.889079
1305032356.114352 0.298402 -0.770423 0.179058 -0.347366 -0.291463 -0.094008 0.886312
1305032356.146404 0.312529 -0.767509 0.182103 -0.348047 -0.301923 -0.0984896 0.882046
1305032356.182442 0.31928 -0.76194 0.196927 -0.346654 -0.311842 -0.107699 0.878059
1305032356.214279 0.327481 -0.763738 0.206608 -0.337874 -0.321532 -0.11869 0.876568
1305032356.246658 0.337667 -0.76327 0.209606 -0.324565 -0.330571 -0.125115 0.877341
1305032356.282363 0.348546 -0.76057 0.206109 -0.316244 -0.335281 -0.12637 0.878412
1305032356.314238 0.354701 -0.755529 0.210744 -0.314482 -0.339104 -0.122665 0.878102
1305032356.346442 0.357216 -0.752142 0.219284 -0.310059 -0.343918 -0.117756 0.878474
1305032356.382453 0.361294 -0.748505 0.227945 -0.297601 -0.351664 -0.111344 0.88055
1305032356.414237 0.368828 -0.743072 0.231531 -0.282028 -0.360554 -0.106684 0.882655
1305032356.446755 0.378236 -0.728263 0.239014 -0.266624 -0.369807 -0.10433 0.883895
1305032356.482444 0.385641 -0.718096 0.247482 -0.25213 -0.375777 -0.10374 0.885698
1305032356.514490 0.393829 -0.706876 0.25317 -0.236488 -0.378345 -0.107548 0.88846
1305032356.546721 0.406444 -0.69018 0.261722 -0.218474 -0.37986 -0.114869 0.891504
1305032356.582446 0.418366 -0.675514 0.260255 -0.204763 -0.378095 -0.121964 0.894562
1305032356.614314 0.428414 -0.658152 0.262314 -0.19649 -0.375873 -0.13076 0.89611
1305032356.646374 0.434168 -0.645854 0.274332 -0.188328 -0.374016 -0.136294 0.897813
1305032356.683322 0.439023 -0.632257 0.277955 -0.178991 -0.37128 -0.134878 0.901067
1305032356.715172 0.444608 -0.616712 0.281807 -0.17061 -0.369429 -0.130666 0.904069
1305032356.743534 0.456256 -0.594927 0.286195 -0.160063 -0.368212 -0.124389 0.907374
1305032356.782372 0.468988 -0.575077 0.288843 -0.152225 -0.366974 -0.11941 0.90989
1305032356.814985 0.473372 -0.557572 0.293856 -0.142259 -0.366463 -0.112717 0.912558
1305032356.846535 0.483957 -0.53778 0.291806 -0.13167 -0.368082 -0.102213 0.91473
1305032356.882068 0.492914 -0.511038 0.288492 -0.125626 -0.369552 -0.0930005 0.91597
1305032356.914707 0.500764 -0.497153 0.290164 -0.125829 -0.371238 -0.082407 0.916274
1305032356.947460 0.506778 -0.477067 0.291061 -0.125832 -0.373948 -0.069433 0.916247
1305032356.982294 0.512344 -0.454008 0.292297 -0.125829 -0.376899 -0.0569513 0.915899
1305032357.014261 0.52068 -0.43876 0.29428 -0.126826 -0.380059 -0.0471139 0.915014
1305032357.046550 0.529724 -0.422755 0.296406 -0.124316 -0.384945 -0.0369602 0.913781
1305032357.082118 0.533378 -0.405907 0.294677 -0.120048 -0.390922 -0.0283741 0.91212
1305032357.114108 0.538939 -0.392147 0.299531 -0.116212 -0.399312 -0.0199156 0.909202
1305032357.146528 0.552209 -0.370967 0.296268 -0.109777 -0.405556 -0.0131183 0.907359
1305032357.182108 0.557363 -0.357314 0.298353 -0.108905 -0.408756 -0.00787267 0.906088
1305032357.214184 0.558944 -0.344396 0.30164 -0.104171 -0.413924 -6.59335e-05 0.904331
1305032357.250098 0.566631 -0.327417 0.302309 -0.0939289 -0.417608 0.00665244 0.903735
1305032357.282087 0.574932 -0.307658 0.300229 -0.0859785 -0.416707 0.0158492 0.904827
1305032357.314085 0.581596 -0.294526 0.299883 -0.0836442 -0.41561 0.0263621 0.905305
1305032357.350168 0.584785 -0.278651 0.297589 -0.0789917 -0.414999 0.0349539 0.905712
1305032357.382141 0.593318 -0.259699 0.294005 -0.0765301 -0.414501 0.0415456 0.905873
1305032357.414454 0.593947 -0.244785 0.293027 -0.0795076 -0.41274 0.0461926 0.906195
1305032357.450340 0.599674 -0.228511 0.287777 -0.0831201 -0.411055 0.0543272 0.906186
1305032357.482241 0.60382 -0.21179 0.285221 -0.0905859 -0.409217 0.0630531 0.905737
1305032357.513987 0.603674 -0.195229 0.284919 -0.0972486 -0.406614 0.0690619 0.90578
1305032357.549979 0.608687 -0.180991 0.279873 -0.102919 -0.403848 0.0755319 0.905875
1305032357.582946 0.611659 -0.170183 0.276247 -0.106745 -0.40236 0.0792399 0.905777
1305032357.611057 0.617338 -0.157546 0.270561 -0.110086 -0.400784 0.0799817 0.906011
1305032357.650783 0.6216 -0.146716 0.266901 -0.11575 -0.398515 0.0770645 0.906559
1305032357.683024 0.623034 -0.133756 0.270029 -0.121288 -0.39608 0.0763267 0.906964
1305032357.710979 0.628902 -0.124376 0.26713 -0.125423 -0.392366 0.0757501 0.908064
1305032357.750457 0.632983 -0.114199 0.264413 -0.129803 -0.387257 0.0728267 0.909879
1305032357.783108 0.635786 -0.105773 0.264766 -0.132731 -0.382482 0.0700702 0.911691
1305032357.814444 0.643239 -0.0996363 0.261836 -0.134913 -0.378725 0.066856 0.913179
1305032357.850329 0.644553 -0.0906182 0.260551 -0.1377 -0.372383 0.0610505 0.915774
1305032357.882357 0.644094 -0.0838503 0.262199 -0.139563 -0.365542 0.0588674 0.918388
1305032357.914168 0.642921 -0.0769721 0.26185 -0.137222 -0.35734 0.0582656 0.921999
1305032357.948987 0.643261 -0.0667321 0.259382 -0.133684 -0.350728 0.0613051 0.924857
1305032357.982077 0.641918 -0.0611873 0.25755 -0.1295 -0.346869 0.0615547 0.926889
1305032358.010855 0.641052 -0.0565964 0.256484 -0.123644 -0.344356 0.0627472 0.928544
1305032358.050220 0.637397 -0.0477783 0.255724 -0.111244 -0.341646 0.0670382 0.930811
1305032358.082211 0.633206 -0.0438458 0.256405 -0.103052 -0.340101 0.0687122 0.932197
1305032358.115784 0.629555 -0.0420576 0.258107 -0.0910987 -0.340513 0.0702423 0.933176
1305032358.150676 0.623263 -0.0378588 0.26123 -0.0767036 -0.341569 0.0726524 0.9339
1305032358.183396 0.613806 -0.0333333 0.264785 -0.0651476 -0.343048 0.0731477 0.934196
1305032358.214748 0.608294 -0.0302329 0.265405 -0.0528772 -0.345888 0.0758975 0.933705
1305032358.251221 0.600529 -0.0242528 0.268613 -0.0409913 -0.349352 0.0827448 0.93243
1305032358.283060 0.592355 -0.019869 0.27307 -0.0349823 -0.352724 0.0857463 0.931133
1305032358.314611 0.584846 -0.0139312 0.275536 -0.0263969 -0.356618 0.0930267 0.929232
1305032358.350749 0.57594 -0.00802052 0.280855 -0.0198267 -0.360579 0.0989171 0.927257
1305032358.381865 0.566895 -0.00208644 0.28485 -0.0194568 -0.366309 0.102061 0.924674
1305032358.414355 0.559539 0.00317727 0.288561 -0.0169696 -0.37463 0.103086 0.92127
1305032358.447967 0.557723 0.0105148 0.288919 -0.0126487 -0.380687 0.103951 0.918755
1305032358.481387 0.555175 0.0200026 0.291543 -0.0163375 -0.383074 0.104812 0.917606
1305032358.517650 0.553473 0.0262372 0.294556 -0.0220577 -0.383607 0.105195 0.91722
1305032358.548167 0.554016 0.0341563 0.293207 -0.0250161 -0.38254 0.104998 0.917613
1305032358.582146 0.555594 0.0373172 0.29195 -0.0288705 -0.381027 0.105891 0.918026
1305032358.616710 0.558501 0.0408805 0.290962 -0.0325691 -0.380585 0.105062 0.918181
1305032358.649112 0.559647 0.0415427 0.290942 -0.0350361 -0.380578 0.104435 0.918165
1305032358.681202 0.561976 0.0406074 0.289789 -0.036246 -0.380865 0.105481 0.917879
1305032358.716920 0.562699 0.039762 0.288216 -0.0369338 -0.380946 0.105391 0.917828
1305032358.746598 0.564397 0.0321797 0.289005 -0.0359958 -0.382602 0.106826 0.917011
1305032358.779352 0.567004 0.0244767 0.287764 -0.0332032 -0.385646 0.107087 0.91581
1305032358.817050 0.569169 0.0132694 0.287367 -0.0314175 -0.39128 0.105449 0.91367
1305032358.849277 0.574085 0.00215246 0.285458 -0.0276273 -0.397784 0.101888 0.911385
1305032358.882669 0.578342 -0.00936692 0.285809 -0.0234165 -0.402644 0.100397 0.909533
1305032358.917982 0.583841 -0.0226653 0.283164 -0.0232865 -0.406354 0.0985348 0.908089
1305032358.951038 0.589269 -0.0383687 0.282556 -0.0253649 -0.410873 0.0934777 0.906533
1305032358.983085 0.596779 -0.0495341 0.278593 -0.0260509 -0.415619 0.0878417 0.904912
1305032359.019148 0.608049 -0.06194 0.27534 -0.0323063 -0.419861 0.0783343 0.903624
1305032359.051225 0.616309 -0.0738874 0.274839 -0.0405178 -0.421872 0.0648473 0.903425
1305032359.082899 0.624663 -0.0878453 0.27413 -0.0486097 -0.422507 0.0534361 0.903476
1305032359.118855 0.635846 -0.10051 0.272848 -0.0564677 -0.422271 0.0442261 0.903628
1305032359.151254 0.644316 -0.116395 0.274562 -0.0658815 -0.419688 0.034115 0.904631
1305032359.183363 0.654739 -0.130227 0.273869 -0.074997 -0.417488 0.025092 0.905235
1305032359.219267 0.663564 -0.144448 0.275192 -0.0879353 -0.414781 0.0163849 0.905514
1305032359.251063 0.674733 -0.160925 0.274637 -0.104799 -0.409983 0.00949697 0.906003
1305032359.283123 0.681378 -0.178109 0.275994 -0.121966 -0.404504 0.000308632 0.906367
1305032359.319238 0.68499 -0.193758 0.2792 -0.134665 -0.401702 -0.0100561 0.905759
1305032359.350945 0.689894 -0.210723 0.281824 -0.148145 -0.399084 -0.0199012 0.904649
1305032359.383033 0.697339 -0.230502 0.284821 -0.163001 -0.396126 -0.0275925 0.903191
1305032359.418684 0.700562 -0.246943 0.287625 -0.174063 -0.39418 -0.0353206 0.901707
1305032359.450700 0.70191 -0.266641 0.291754 -0.181952 -0.393399 -0.04649 0.899983
1305032359.482630 0.703314 -0.283047 0.29622 -0.191456 -0.392219 -0.0567902 0.897933
1305032359.517271 0.704307 -0.309388 0.301944 -0.201658 -0.391656 -0.0635839 0.895487
1305032359.549406 0.708622 -0.32552 0.30661 -0.206512 -0.392208 -0.0662368 0.893945
1305032359.580783 0.713886 -0.339308 0.311919 -0.216686 -0.391141 -0.0704718 0.891678
1305032359.618509 0.708751 -0.358745 0.319677 -0.23255 -0.387004 -0.0743509 0.889168
1305032359.648297 0.707579 -0.373244 0.32894 -0.245488 -0.384874 -0.0760585 0.886466
1305032359.682616 0.705811 -0.391372 0.337083 -0.257271 -0.38406 -0.080734 0.883058
1305032359.717507 0.699221 -0.407399 0.345778 -0.264709 -0.386464 -0.0871574 0.879192
1305032359.747140 0.699844 -0.424363 0.354489 -0.273039 -0.391879 -0.0914132 0.873799
1305032359.784467 0.694179 -0.440324 0.365362 -0.280822 -0.394192 -0.0990951 0.869443
1305032359.814695 0.691346 -0.456055 0.376583 -0.286703 -0.395955 -0.106184 0.865879
1305032359.847549 0.688344 -0.470264 0.387259 -0.293702 -0.398344 -0.1131 0.86155
1305032359.886136 0.684313 -0.486214 0.400249 -0.30093 -0.400474 -0.119471 0.857198
1305032359.915265 0.679203 -0.498872 0.411486 -0.30685 -0.403663 -0.126423 0.852594
1305032359.947309 0.67486 -0.511536 0.422482 -0.31282 -0.408104 -0.135093 0.846962
1305032359.984090 0.670563 -0.524474 0.43415 -0.320352 -0.413603 -0.144258 0.839938
1305032360.018877 0.66731 -0.536415 0.44577 -0.329772 -0.419121 -0.155115 0.831581
1305032360.051651 0.664033 -0.548435 0.458264 -0.339399 -0.424912 -0.16662 0.822494
1305032360.087324 0.657329 -0.556655 0.469558 -0.348879 -0.430709 -0.178128 0.813046
1305032360.119052 0.648271 -0.563962 0.483691 -0.358476 -0.437241 -0.189033 0.802859
1305032360.151201 0.641358 -0.571228 0.497928 -0.365309 -0.445759 -0.198793 0.792672
1305032360.187139 0.634151 -0.580886 0.510757 -0.370331 -0.454459 -0.20844 0.782863
1305032360.218935 0.625523 -0.587863 0.525038 -0.373153 -0.462138 -0.218424 0.774258
1305032360.251170 0.612353 -0.592281 0.540239 -0.374957 -0.470228 -0.226882 0.76604
1305032360.285679 0.601181 -0.600562 0.556659 -0.373894 -0.481991 -0.233169 0.757311
1305032360.318280 0.588978 -0.610524 0.572235 -0.36878 -0.493897 -0.238984 0.750302
1305032360.347303 0.578113 -0.619398 0.584749 -0.361728 -0.504825 -0.243988 0.744832
1305032360.387567 0.570666 -0.630441 0.599215 -0.35536 -0.518224 -0.250624 0.736445
1305032360.419307 0.559933 -0.641698 0.613775 -0.3534 -0.52864 -0.259341 0.726905
1305032360.447080 0.549197 -0.648286 0.626169 -0.348722 -0.536356 -0.269689 0.71971
1305032360.487302 0.53767 -0.657793 0.639333 -0.343803 -0.543153 -0.278981 0.71341
1305032360.516084 0.525357 -0.665088 0.650997 -0.340303 -0.548982 -0.286729 0.70753
1305032360.550452 0.510217 -0.674369 0.662362 -0.337735 -0.553648 -0.292557 0.702723
1305032360.585577 0.497386 -0.682763 0.672401 -0.333692 -0.557907 -0.296809 0.699496
1305032360.616453 0.483324 -0.687026 0.681411 -0.326448 -0.563845 -0.301705 0.696049
1305032360.651196 0.465929 -0.693475 0.691413 -0.31556 -0.572978 -0.306541 0.691484
1305032360.683724 0.451648 -0.698246 0.697905 -0.298638 -0.583585 -0.312566 0.68742
1305032360.716902 0.434983 -0.706867 0.70329 -0.280208 -0.593138 -0.315966 0.685446
1305032360.750823 0.423722 -0.712737 0.708987 -0.265425 -0.603244 -0.315258 0.682831
1305032360.787088 0.412518 -0.714804 0.711334 -0.256191 -0.611935 -0.308046 0.681916
1305032360.817705 0.404987 -0.717637 0.714939 -0.253144 -0.619173 -0.297897 0.681029
1305032360.851074 0.398596 -0.718322 0.719352 -0.25096 -0.626445 -0.290877 0.678215
1305032360.887553 0.394436 -0.715146 0.723326 -0.248543 -0.632428 -0.290632 0.673642
1305032360.919281 0.380165 -0.709715 0.726248 -0.246243 -0.637184 -0.295943 0.667667
1305032360.951273 0.370651 -0.710468 0.729453 -0.241783 -0.643429 -0.298656 0.662076
1305032360.983341 0.369475 -0.708614 0.734036 -0.237795 -0.650942 -0.298291 0.656316
1305032361.019684 0.368021 -0.698342 0.736322 -0.23915 -0.656006 -0.297711 0.651023
1305032361.055112 0.366504 -0.695627 0.74311 -0.242226 -0.661467 -0.301075 0.642762
1305032361.083402 0.360018 -0.689235 0.745366 -0.240917 -0.666918 -0.30562 0.635434
1305032361.118826 0.354408 -0.689646 0.749168 -0.235305 -0.674582 -0.307901 0.628305
1305032361.155055 0.352571 -0.684895 0.75539 -0.22559 -0.684506 -0.304952 0.622547
1305032361.187451 0.354054 -0.677531 0.765687 -0.211036 -0.695707 -0.299522 0.617853
1305032361.214912 0.357456 -0.675647 0.774799 -0.1968 -0.704739 -0.294525 0.61471
1305032361.250889 0.367099 -0.66832 0.785482 -0.183702 -0.713895 -0.287134 0.611688
1305032361.283006 0.377386 -0.657003 0.799102 -0.172492 -0.723578 -0.279512 0.607087
1305032361.318300 0.391036 -0.645553 0.810968 -0.165807 -0.73012 -0.275294 0.60303
1305032361.353596 0.402405 -0.633901 0.824758 -0.163277 -0.735997 -0.271772 0.598154
1305032361.385885 0.415566 -0.622714 0.834221 -0.159592 -0.742513 -0.268996 0.592323
1305032361.418314 0.429825 -0.610282 0.849272 -0.155413 -0.748855 -0.268456 0.585657
1305032361.454287 0.439512 -0.600259 0.863948 -0.150646 -0.753438 -0.268534 0.580971
1305032361.482980 0.452482 -0.588247 0.879298 -0.145881 -0.757472 -0.265971 0.578113
1305032361.517186 0.462555 -0.579647 0.888378 -0.141996 -0.761304 -0.264065 0.574911
1305032361.554410 0.472787 -0.569447 0.903492 -0.132567 -0.768382 -0.259232 0.569925
1305032361.586249 0.485321 -0.569798 0.923049 -0.121276 -0.774683 -0.254522 0.566018
1305032361.614853 0.498496 -0.559694 0.93536 -0.109713 -0.778744 -0.248798 0.56535
1305032361.654354 0.5116 -0.552004 0.950858 -0.0989844 -0.782221 -0.239863 0.566391
1305032361.683032 0.523032 -0.539674 0.964953 -0.088041 -0.78373 -0.228438 0.570816
1305032361.715384 0.538611 -0.519113 0.979154 -0.0797657 -0.784534 -0.214185 0.576428
1305032361.754316 0.554022 -0.505403 0.992473 -0.0781045 -0.782903 -0.201327 0.583464
1305032361.782986 0.565246 -0.493708 1.00528 -0.0839464 -0.778 -0.190828 0.592666
1305032361.819589 0.576032 -0.478866 1.01764 -0.0912861 -0.772231 -0.182289 0.601745
1305032361.855109 0.586272 -0.462577 1.02511 -0.0987236 -0.765823 -0.177446 0.610149
1305032361.886775 0.592388 -0.43793 1.0275 -0.103738 -0.761262 -0.172143 0.616511
1305032361.919175 0.595032 -0.421788 1.03045 -0.107713 -0.758455 -0.166284 0.620881
1305032361.955033 0.598166 -0.407904 1.03455 -0.107406 -0.758131 -0.152207 0.624927
1305032361.987135 0.612138 -0.391416 1.04285 -0.110833 -0.759159 -0.141035 0.625701
1305032362.019273 0.616248 -0.374086 1.04996 -0.117577 -0.758707 -0.139748 0.625308
1305032362.054809 0.618793 -0.3581 1.05626 -0.122722 -0.756348 -0.135146 0.628182
1305032362.086432 0.621595 -0.339722 1.06177 -0.130433 -0.753885 -0.123998 0.631877
1305032362.118268 0.625826 -0.322623 1.06808 -0.137295 -0.752191 -0.112189 0.634644
1305032362.154488 0.629568 -0.302893 1.07389 -0.142086 -0.750951 -0.101095 0.636918
1305032362.186946 0.633595 -0.284226 1.07819 -0.144312 -0.75195 -0.0937726 0.636358
1305032362.223302 0.637158 -0.266561 1.08486 -0.145373 -0.753699 -0.0886333 0.634782
1305032362.254745 0.637963 -0.245909 1.08891 -0.149471 -0.754847 -0.0823333 0.633314
1305032362.286962 0.639279 -0.226298 1.09315 -0.15293 -0.757165 -0.0767805 0.630411
1305032362.322988 0.639709 -0.206723 1.09891 -0.153524 -0.760951 -0.0699612 0.626489
1305032362.355069 0.643677 -0.188614 1.10739 -0.153411 -0.766219 -0.0634764 0.620761
1305032362.386153 0.643544 -0.170446 1.11493 -0.152922 -0.772078 -0.0575134 0.614168
1305032362.421202 0.643932 -0.152236 1.12169 -0.150685 -0.777504 -0.0497771 0.608526
1305032362.452718 0.645193 -0.132037 1.13207 -0.147065 -0.782646 -0.0425622 0.603345
1305032362.487094 0.645231 -0.113442 1.14017 -0.146887 -0.78679 -0.037463 0.598316
1305032362.523226 0.642248 -0.0957992 1.14585 -0.145141 -0.791124 -0.0333513 0.59325
1305032362.554152 0.639525 -0.0800526 1.15194 -0.141021 -0.794851 -0.0307818 0.589388
1305032362.586874 0.634548 -0.0639306 1.15497 -0.137432 -0.797658 -0.0243337 0.586739
1305032362.623276 0.639709 -0.051186 1.163 -0.137877 -0.799617 -0.0179759 0.584192
1305032362.655272 0.641353 -0.0354094 1.16922 -0.140629 -0.801371 -0.0152241 0.581202
1305032362.687068 0.637653 -0.0210577 1.16917 -0.14415 -0.803522 -0.0126935 0.577419
1305032362.723139 0.635149 -0.00749056 1.16868 -0.147403 -0.806012 -0.0101682 0.573161
1305032362.752501 0.630859 0.00416787 1.16813 -0.149634 -0.80775 -0.00671571 0.57018
1305032362.786189 0.625532 0.0144922 1.16661 -0.151476 -0.808775 0.000419533 0.568276
1305032362.822975 0.623174 0.0259448 1.16678 -0.150634 -0.809831 0.00867997 0.566929
1305032362.854747 0.619503 0.0387323 1.16491 -0.150093 -0.810304 0.0180338 0.566175
1305032362.887079 0.617493 0.0479982 1.16521 -0.148745 -0.811675 0.0251168 0.564294
1305032362.922917 0.614721 0.0564305 1.16499 -0.142818 -0.81355 0.028951 0.56294
1305032362.955254 0.611868 0.0638335 1.16567 -0.136445 -0.813909 0.0344452 0.563691
1305032362.987432 0.608989 0.0706496 1.16682 -0.131913 -0.813025 0.0470336 0.565135
1305032363.023019 0.605459 0.0803434 1.16649 -0.122987 -0.811891 0.0618664 0.567344
1305032363.050785 0.605995 0.08661 1.16935 -0.115549 -0.808897 0.0709947 0.572096
1305032363.087129 0.605645 0.095397 1.16919 -0.112436 -0.805212 0.0852113 0.57596
1305032363.121871 0.604958 0.103841 1.16778 -0.103513 -0.803483 0.0992372 0.577799
1305032363.152039 0.606724 0.111223 1.16731 -0.0959154 -0.801417 0.106588 0.580664
1305032363.186339 0.60497 0.118756 1.1639 -0.0922926 -0.798977 0.116577 0.58269
1305032363.223545 0.607128 0.126192 1.16309 -0.0902117 -0.797861 0.127865 0.582177
1305032363.254897 0.609608 0.135656 1.16306 -0.0868754 -0.797722 0.132022 0.581947
1305032363.286746 0.608909 0.142904 1.16163 -0.082239 -0.797612 0.136383 0.581766
1305032363.323009 0.608236 0.148133 1.15967 -0.0791345 -0.795783 0.141659 0.583437
1305032363.351268 0.609922 0.157161 1.16026 -0.0779602 -0.791851 0.148962 0.587116
1305032363.387226 0.613001 0.163062 1.16 -0.0766012 -0.78863 0.157236 0.589467
1305032363.423169 0.617088 0.171969 1.16207 -0.0777241 -0.787031 0.162096 0.59014
1305032363.454680 0.616627 0.180069 1.16127 -0.0794725 -0.785255 0.161862 0.592334
1305032363.490519 0.619227 0.188976 1.16103 -0.0800587 -0.78382 0.164181 0.593515
1305032363.522372 0.623573 0.201327 1.16242 -0.0848555 -0.783219 0.164925 0.593437
1305032363.554139 0.622882 0.212521 1.15951 -0.0927949 -0.782173 0.163999 0.593885
1305032363.589728 0.618853 0.219351 1.15413 -0.099692 -0.781616 0.168288 0.592298
1305032363.622073 0.62305 0.23086 1.15434 -0.103332 -0.782416 0.171209 0.589775
1305032363.653876 0.617273 0.232361 1.14911 -0.106315 -0.783333 0.171487 0.587944
1305032363.689996 0.618223 0.238283 1.15094 -0.108279 -0.786367 0.175309 0.582382
1305032363.721151 0.61472 0.240906 1.1511 -0.107304 -0.790307 0.175663 0.577098
1305032363.754688 0.610252 0.241903 1.15273 -0.101613 -0.793408 0.178262 0.573062
1305032363.789766 0.611631 0.242109 1.15951 -0.0961782 -0.795408 0.183297 0.569629
1305032363.820015 0.60975 0.24024 1.16603 -0.089709 -0.795574 0.188741 0.568675
1305032363.850926 0.608802 0.238462 1.1728 -0.0829116 -0.794396 0.196433 0.568749
1305032363.889635 0.607488 0.238801 1.17766 -0.0781662 -0.794167 0.205426 0.566559
1305032363.918945 0.602449 0.240165 1.17979 -0.0761079 -0.796996 0.206744 0.562372
1305032363.953919 0.599816 0.234864 1.18359 -0.0677029 -0.800599 0.204767 0.559043
1305032363.989477 0.602563 0.237138 1.19306 -0.0615354 -0.802773 0.205496 0.556363
1305032364.021974 0.599091 0.231438 1.19481 -0.0589924 -0.804459 0.204844 0.554441
1305032364.051316 0.596322 0.225629 1.1954 -0.0543416 -0.806483 0.204637 0.552048
1305032364.089983 0.597599 0.219709 1.19938 -0.0518782 -0.809402 0.204548 0.54803
1305032364.121945 0.594868 0.213232 1.20096 -0.0505914 -0.813221 0.202805 0.543123
1305032364.154479 0.596789 0.20723 1.20488 -0.0498782 -0.819374 0.201088 0.534511
1305032364.187829 0.595228 0.202174 1.20701 -0.048164 -0.826872 0.193696 0.525779
1305032364.220131 0.596452 0.192924 1.21151 -0.0482107 -0.835776 0.180242 0.516398
1305032364.254427 0.596987 0.181159 1.21698 -0.048699 -0.844974 0.168581 0.505201
1305032364.287208 0.59742 0.16856 1.22046 0.046702 0.852604 -0.157004 -0.496221
1305032364.321001 0.596582 0.156946 1.22558 0.0466686 0.860238 -0.144646 -0.486714
1305032364.353803 0.599438 0.142588 1.23732 0.0482931 0.868167 -0.128653 -0.476866
1305032364.390393 0.597734 0.129799 1.24327 0.0477643 0.874624 -0.111185 -0.469457
1305032364.422934 0.5961 0.114984 1.25034 0.0473898 0.881496 -0.0929185 -0.460527
1305032364.454973 0.592351 0.0976041 1.25655 0.0469416 0.888254 -0.072321 -0.451188
1305032364.490909 0.586757 0.0801169 1.2641 0.0453556 0.893677 -0.0515453 -0.443426
1305032364.523222 0.582838 0.0615525 1.27396 0.0418725 0.898607 -0.0332291 -0.435486
1305032364.555371 0.57636 0.042763 1.28441 0.0371306 0.903076 -0.0137613 -0.427652
1305032364.590015 0.571564 0.0197852 1.29651 0.0305394 0.905418 0.00367392 -0.423405
1305032364.622240 0.56384 -0.000835409 1.30751 0.0264152 0.906465 0.0163783 -0.421136
1305032364.654940 0.557969 -0.0215943 1.31752 0.0250936 0.907345 0.0283931 -0.418676
1305032364.691021 0.553307 -0.0448468 1.33039 0.0216418 0.907494 0.0466696 -0.416903
1305032364.723145 0.54366 -0.0635356 1.33958 0.0200402 0.907281 0.0645801 -0.415053
1305032364.758771 0.536033 -0.0826798 1.34669 0.0236868 0.906521 0.0846851 -0.412901
1305032364.790576 0.524768 -0.102475 1.35271 0.024314 0.904802 0.10309 -0.412449
1305032364.822800 0.514203 -0.123346 1.3568 0.0215049 0.903418 0.115295 -0.412407
1305032364.858509 0.503862 -0.146135 1.36141 0.0160931 0.904694 0.124972 -0.407003
1305032364.889427 0.496801 -0.17007 1.3699 0.0137083 0.905755 0.134571 -0.401635
1305032364.923105 0.487789 -0.188459 1.37545 0.0132242 0.905971 0.144614 -0.397654
1305032364.956761 0.476811 -0.208116 1.37731 0.014749 0.906834 0.154175 -0.392002
1305032364.991437 0.464506 -0.228198 1.38027 0.016254 0.90824 0.161182 -0.385819
1305032365.022936 0.453993 -0.246815 1.38633 0.0181589 0.909223 0.167301 -0.380781
1305032365.059290 0.441083 -0.260802 1.38996 0.0191122 0.909948 0.173448 -0.376224
1305032365.087143 0.432145 -0.276157 1.39477 0.0164982 0.910279 0.181792 -0.37158
1305032365.123256 0.417219 -0.293145 1.39925 0.0156674 0.910496 0.193715 -0.365001
1305032365.159298 0.404529 -0.306214 1.40043 0.0138105 0.910644 0.204412 -0.35882
1305032365.191271 0.394177 -0.320886 1.40124 0.00719119 0.910855 0.213531 -0.353122
1305032365.223463 0.381133 -0.332954 1.40351 -0.000377532 0.911723 0.220893 -0.346363
1305032365.256958 0.371015 -0.343545 1.40431 -0.00624513 0.912661 0.227507 -0.339487
1305032365.290273 0.362212 -0.354423 1.40884 -0.00880642 0.913705 0.234262 -0.331943
1305032365.323458 0.34983 -0.364163 1.40699 -0.012745 0.914507 0.241358 -0.324439
1305032365.359591 0.339817 -0.376529 1.40775 -0.018315 0.91568 0.245178 -0.317934
1305032365.391371 0.332227 -0.384067 1.41276 -0.0225504 0.916351 0.249932 -0.311971
1305032365.423267 0.323112 -0.390226 1.41067 -0.0262829 0.916691 0.255692 -0.305954
1305032365.459383 0.31645 -0.398089 1.40958 -0.0291078 0.917844 0.258962 -0.299422
1305032365.491152 0.310718 -0.404645 1.4131 -0.0290135 0.919574 0.261207 -0.292083
1305032365.523217 0.306348 -0.411446 1.41235 -0.0298023 0.920862 0.263507 -0.285813
1305032365.558893 0.299465 -0.419031 1.41302 -0.0307085 0.922962 0.263045 -0.279295
1305032365.591436 0.297886 -0.424362 1.41156 -0.033639 0.925588 0.260767 -0.272315
1305032365.623205 0.294127 -0.429471 1.41306 -0.0364411 0.928357 0.259283 -0.263814
1305032365.659377 0.289982 -0.434209 1.41443 -0.0388623 0.930192 0.259721 -0.25647
1305032365.691155 0.287176 -0.439352 1.41526 -0.0411503 0.931308 0.260757 -0.250953
1305032365.723383 0.2843 -0.4451 1.41142 -0.0433234 0.933061 0.259907 -0.244885
1305032365.759259 0.281667 -0.451044 1.41138 -0.0461034 0.936041 0.255472 -0.237561
1305032365.791166 0.278675 -0.458328 1.41352 -0.0479905 0.937931 0.25322 -0.232083
1305032365.823223 0.274699 -0.461166 1.41041 -0.0483908 0.939542 0.250087 -0.228858
1305032365.859634 0.269952 -0.465992 1.40787 -0.0467899 0.941865 0.244784 -0.225348
1305032365.889504 0.264518 -0.467509 1.40835 -0.0431506 0.944896 0.237274 -0.221383
1305032365.927362 0.257741 -0.472962 1.40685 -0.0367999 0.947055 0.231436 -0.219476
1305032365.959313 0.251516 -0.476759 1.40607 -0.031247 0.94912 0.224036 -0.219095
1305032365.991061 0.246154 -0.478784 1.40171 -0.0244052 0.951372 0.215504 -0.218755
1305032366.026870 0.239183 -0.484764 1.40031 -0.0181943 0.953171 0.210405 -0.21648
1305032366.059164 0.233061 -0.492454 1.39709 -0.0140821 0.954855 0.203626 -0.215847
1305032366.091112 0.227788 -0.490678 1.39788 -0.0105834 0.955549 0.200451 -0.21595
1305032366.127026 0.224503 -0.504652 1.39488 -0.0113551 0.953023 0.213838 -0.214224
1305032366.159365 0.219733 -0.5121 1.38454 -0.0243829 0.951078 0.222146 -0.213326
1305032366.190979 0.218383 -0.52127 1.38169 -0.0403422 0.949771 0.226066 -0.212606
1305032366.227205 0.217878 -0.528133 1.37425 -0.0488778 0.948085 0.233318 -0.210496
1305032366.259172 0.218032 -0.539534 1.36301 -0.051413 0.946795 0.242052 -0.205782
1305032366.291401 0.215993 -0.545421 1.35855 -0.0520084 0.946802 0.248084 -0.19828
1305032366.327121 0.210766 -0.55821 1.35645 -0.0499023 0.945422 0.258993 -0.191339
1305032366.359097 0.206626 -0.566278 1.34569 -0.0530487 0.943484 0.268464 -0.186951
1305032366.391043 0.204402 -0.571308 1.33834 -0.0584603 0.942342 0.274261 -0.182633
1305032366.427242 0.201411 -0.577213 1.33385 -0.0634957 0.941113 0.280732 -0.17738
1305032366.459233 0.198824 -0.579615 1.32626 -0.0673713 0.939944 0.286759 -0.17244
1305032366.491285 0.194804 -0.588923 1.31954 -0.0716406 0.939497 0.2913 -0.165403
1305032366.526997 0.193083 -0.59028 1.315 -0.0766524 0.940065 0.292269 -0.158052
1305032366.559109 0.192489 -0.59023 1.30901 -0.082855 0.940653 0.293308 -0.149254
1305032366.591375 0.190473 -0.588463 1.30301 -0.0882516 0.941916 0.293142 -0.138111
1305032366.626920 0.191024 -0.584143 1.30214 -0.0928094 0.942503 0.295158 -0.126316
1305032366.655039 0.188782 -0.583672 1.30077 -0.0978852 0.942154 0.299931 -0.113158
1305032366.687461 0.18899 -0.58631 1.29837 -0.101687 0.941669 0.303439 -0.104133
1305032366.727328 0.187887 -0.583279 1.29485 -0.102158 0.942917 0.301696 -0.0972155
1305032366.759333 0.18672 -0.58256 1.29794 -0.0995708 0.944332 0.300804 -0.0885442
1305032366.790587 0.18307 -0.583781 1.299 -0.098137 0.94513 0.30149 -0.0787499
1305032366.826895 0.179521 -0.583413 1.30053 -0.10091 0.946098 0.299768 -0.0696694
1305032366.859205 0.176731 -0.581457 1.30456 -0.104288 0.946945 0.297645 -0.0618609
1305032366.888643 0.175576 -0.578444 1.31144 -0.106183 0.947232 0.297458 -0.0547218
1305032366.926959 0.172135 -0.577627 1.31481 -0.107402 0.946987 0.298985 -0.0478395
1305032366.958281 0.170682 -0.57716 1.31566 -0.108973 0.947795 0.296617 -0.0427515
1305032366.990487 0.166918 -0.577197 1.32364 -0.109479 0.950167 0.289365 -0.0382677
1305032367.026585 0.162116 -0.572415 1.32943 -0.10821 0.952721 0.281641 -0.0359414
1305032367.058683 0.157899 -0.569314 1.3382 -0.10567 0.955283 0.273909 -0.0352478
1305032367.087523 0.151847 -0.565499 1.35035 -0.102051 0.958076 0.265389 -0.0352703
1305032367.126868 0.146255 -0.560211 1.36001 -0.0995506 0.960467 0.257373 -0.0367744
1305032367.158939 0.137988 -0.556398 1.37517 -0.0966664 0.962989 0.248579 -0.0389347
1305032367.191850 0.13202 -0.553436 1.38566 -0.0950791 0.964658 0.241681 -0.0445556
1305032367.226101 0.12373 -0.543894 1.40128 -0.0924647 0.966727 0.233189 -0.0501318
1305032367.257578 0.117652 -0.536054 1.41109 -0.0916078 0.968986 0.222869 -0.0548115
1305032367.293991 0.107954 -0.525161 1.42516 -0.0884715 0.970931 0.214723 -0.0579578
1305032367.326110 0.101031 -0.516433 1.43347 -0.0885676 0.971317 0.212221 -0.0605026
1305032367.358269 0.0963926 -0.510434 1.43562 -0.0941091 0.972725 0.202076 -0.0641427
1305032367.394011 0.0918747 -0.502644 1.44875 -0.097736 0.975134 0.187083 -0.0675385
1305032367.425982 0.0875724 -0.49409 1.45497 -0.097329 0.976796 0.178053 -0.0685032
1305032367.458337 0.082303 -0.482201 1.46094 -0.0950981 0.979256 0.165596 -0.0677719
1305032367.494794 0.0737087 -0.475385 1.46639 -0.092481 0.981812 0.152174 -0.0658371
1305032367.525123 0.069479 -0.465718 1.47292 -0.0921925 0.983758 0.140593 -0.0628805
1305032367.558998 0.0638467 -0.452731 1.48004 -0.0909141 0.985331 0.131322 -0.0600948
1305032367.594540 0.0563946 -0.442462 1.48598 -0.088116 0.986112 0.128277 -0.0579971
1305032367.627313 0.0494927 -0.432212 1.48755 -0.0884071 0.9868 0.124272 -0.0544618
1305032367.659071 0.04048 -0.420342 1.49291 -0.0915209 0.98737 0.118688 -0.0513467
1305032367.694516 0.0345679 -0.408364 1.49691 -0.0944343 0.987614 0.115275 -0.0491229
1305032367.727182 0.0285058 -0.396724 1.4998 -0.0945276 0.988094 0.112529 -0.0455298
1305032367.759159 0.020798 -0.385619 1.50341 -0.0917133 0.988934 0.108917 -0.0416535
1305032367.794852 0.0106354 -0.371586 1.50857 -0.0872686 0.989855 0.105592 -0.0376972
1305032367.826871 0.00105854 -0.361199 1.51139 -0.084442 0.990547 0.102692 -0.0337846
1305032367.858142 -0.0088975 -0.347608 1.51509 -0.0813742 0.991632 0.0958447 -0.0292945
1305032367.894056 -0.0209236 -0.335992 1.52049 -0.0786016 0.992539 0.0899528 -0.0244119
1305032367.925922 -0.0347972 -0.322954 1.52274 -0.0774005 0.993356 0.0823715 -0.0216166
1305032367.957958 -0.0456976 -0.306352 1.5228 -0.0773154 0.994243 0.0719899 -0.017882
1305032367.994884 -0.0561849 -0.293107 1.5258 -0.0779416 0.995033 0.0608497 -0.0114399
1305032368.025983 -0.0659574 -0.278101 1.52927 -0.076541 0.995831 0.0494877 -0.00368075
1305032368.058921 -0.0761809 -0.268742 1.5326 -0.0764052 0.996336 0.038181 0.0044676
1305032368.094710 -0.0850596 -0.255819 1.53648 -0.0759474 0.996764 0.0235601 0.0117493
1305032368.126824 -0.0922378 -0.239052 1.53395 -0.0768815 0.996771 0.0101944 0.0208023
1305032368.156667 -0.0991593 -0.225569 1.53873 -0.077435 0.996529 -0.00305044 0.0304125
1305032368.190798 -0.105053 -0.211256 1.53942 -0.0766271 0.996118 -0.0145895 0.0407881
1305032368.226380 -0.113497 -0.198464 1.54033 -0.0780342 0.995233 -0.0281154 0.0512911
1305032368.258177 -0.120185 -0.182842 1.54193 -0.0780196 0.994397 -0.0401534 0.0589443
1305032368.293455 -0.127957 -0.167426 1.54201 -0.0753321 0.993785 -0.0487025 0.0659081
1305032368.326215 -0.131484 -0.156067 1.54049 -0.0740469 0.993073 -0.057104 0.0711424
1305032368.358554 -0.137856 -0.140822 1.5376 -0.0752517 0.992113 -0.0682281 0.0734412
1305032368.393756 -0.139528 -0.125752 1.53781 -0.0760134 0.991296 -0.0767027 0.0752995
1305032368.425949 -0.138881 -0.114956 1.53113 -0.0794221 0.990497 -0.0813249 0.0774161
1305032368.462413 -0.137444 -0.108002 1.52438 -0.0840374 0.989535 -0.088929 0.0764904
1305032368.494411 -0.138257 -0.101595 1.51783 -0.0828925 0.987878 -0.106906 0.0761346
1305032368.526548 -0.143322 -0.0872956 1.51497 -0.0790557 0.985609 -0.128291 0.0765943
1305032368.561964 -0.148163 -0.0693958 1.50682 -0.0753549 0.984108 -0.144919 0.0696571
1305032368.594201 -0.153122 -0.0565008 1.50427 -0.0694397 0.983097 -0.158431 0.0599795
1305032368.626418 -0.159689 -0.0403864 1.50406 -0.0587777 0.981351 -0.175049 0.0534239
1305032368.662780 -0.158537 -0.0206395 1.50449 -0.0476274 0.979909 -0.187951 0.0467339
1305032368.692306 -0.162152 0.000152344 1.49843 -0.0320305 0.979083 -0.196417 0.0423256
1305032368.726391 -0.171039 0.0199702 1.49956 -0.0178075 0.977639 -0.204921 0.0437317
1305032368.762429 -0.168737 0.0480531 1.49652 -0.00563225 0.97631 -0.211034 0.0474535
1305032368.794488 -0.170762 0.0616624 1.49481 0.00540177 0.975694 -0.212273 0.0541561
1305032368.826920 -0.169484 0.0762444 1.4879 0.0149915 0.9748 -0.21394 0.0613997
1305032368.862385 -0.177724 0.0943697 1.48154 0.0192048 0.973334 -0.217502 0.0703214
1305032368.894079 -0.178208 0.106599 1.47153 0.0222045 0.972346 -0.220377 0.0740537
1305032368.926364 -0.178907 0.118171 1.46111 0.0285528 0.970678 -0.226294 0.0759024
1305032368.959769 -0.183289 0.13321 1.45339 0.037035 0.968551 -0.233418 0.0778087
1305032368.992519 -0.186567 0.143449 1.44777 0.0397652 0.967124 -0.238858 0.077693
1305032369.026559 -0.18972 0.150462 1.44369 0.0450328 0.965075 -0.246392 0.0767728
1305032369.062508 -0.19404 0.163123 1.44149 0.0539337 0.96215 -0.256349 0.0751293
1305032369.092465 -0.200295 0.173494 1.43405 0.0625444 0.960308 -0.261837 0.0730664
1305032369.126422 -0.200981 0.180593 1.42889 0.0691914 0.95889 -0.265125 0.0738295
1305032369.162529 -0.203344 0.185525 1.43368 0.0761629 0.957764 -0.266202 0.0776106
1305032369.194429 -0.209683 0.19258 1.42978 0.0804654 0.956872 -0.267043 0.0813009
1305032369.226184 -0.207142 0.198514 1.42473 0.0851501 0.955888 -0.268004 0.0848656
1305032369.262275 -0.213956 0.201866 1.42436 0.0883615 0.955238 -0.267838 0.0893045
1305032369.294549 -0.223677 0.211156 1.41615 0.0919047 0.954181 -0.269481 0.0920456
1305032369.325603 -0.226136 0.214622 1.41536 0.097374 0.953025 -0.271167 0.0934352
1305032369.361711 -0.231735 0.214495 1.40626 0.103817 0.951229 -0.27378 0.0971065
1305032369.393865 -0.233678 0.213446 1.40618 0.108744 0.948099 -0.281981 0.0988453
1305032369.425788 -0.237247 0.219662 1.40827 0.110756 0.946546 -0.285166 0.102291
1305032369.461699 -0.23756 0.220324 1.4082 0.111271 0.946697 -0.283072 0.106088
1305032369.493663 -0.236629 0.221065 1.40557 0.115579 0.946048 -0.281571 0.111141
1305032369.526387 -0.23726 0.223805 1.40788 0.117896 0.946314 -0.277622 0.116258
1305032369.561511 -0.238514 0.224601 1.40978 0.115395 0.947698 -0.272207 0.120233
1305032369.590662 -0.23699 0.225972 1.40914 0.113025 0.949891 -0.263942 0.123559
1305032369.629343 -0.237818 0.224327 1.40938 0.11085 0.952634 -0.253443 0.126361
1305032369.661976 -0.237581 0.221242 1.41404 0.110702 0.954232 -0.247488 0.126238
1305032369.694117 -0.238737 0.219001 1.42637 0.109412 0.956357 -0.239707 0.126298
1305032369.730214 -0.2406 0.214042 1.43425 0.103359 0.958541 -0.234256 0.125057
1305032369.762462 -0.242802 0.209479 1.44274 0.0972036 0.960758 -0.229172 0.122374
1305032369.794288 -0.245592 0.209734 1.44625 0.0927675 0.962588 -0.225408 0.118364
1305032369.830464 -0.248534 0.209587 1.45988 0.0869365 0.965209 -0.21937 0.112654
1305032369.862646 -0.251315 0.207309 1.46401 0.0830657 0.967665 -0.212794 0.10697
1305032369.894378 -0.25381 0.20752 1.47206 0.0792537 0.970025 -0.207007 0.0995912
1305032369.930439 -0.256907 0.209303 1.48371 0.0768143 0.971931 -0.201718 0.0935941
1305032369.962123 -0.257351 0.209818 1.48985 0.0727448 0.974149 -0.194966 0.0879239
1305032369.994406 -0.259767 0.213121 1.49606 0.0698443 0.976076 -0.187887 0.0842381
1305032370.029452 -0.259973 0.212908 1.50207 0.0670183 0.977377 -0.183116 0.0819264
1305032370.062431 -0.258528 0.212644 1.50983 0.0628921 0.97859 -0.178993 0.0797943
1305032370.094141 -0.2593 0.21536 1.52141 0.0608922 0.980181 -0.171194 0.0789344
1305032370.131075 -0.257993 0.215055 1.52985 0.0574744 0.982139 -0.161714 0.0771226
1305032370.163765 -0.258118 0.218968 1.53772 0.0562204 0.983614 -0.153639 0.0757443
1305032370.191957 -0.256734 0.219849 1.54482 0.0558953 0.98501 -0.145834 0.0732407
1305032370.227691 -0.255174 0.221083 1.55341 0.0565367 0.986036 -0.140141 0.0699858
1305032370.260069 -0.254229 0.222974 1.56211 0.0569363 0.986986 -0.134365 0.0675458
1305032370.292473 -0.253352 0.224184 1.57176 0.0557157 0.988113 -0.12725 0.0658491
1305032370.330184 -0.253319 0.223863 1.57968 0.0542597 0.988804 -0.122301 0.0660711
1305032370.362216 -0.253486 0.22533 1.58653 0.0522298 0.989493 -0.117593 0.0659378
1305032370.393732 -0.252728 0.222959 1.59032 0.0494583 0.99036 -0.112413 0.0640695
1305032370.429519 -0.252863 0.222758 1.59546 0.0497073 0.990676 -0.111042 0.0613119
1305032370.462719 -0.255145 0.223351 1.60203 0.0498605 0.991119 -0.108604 0.0583344
1305032370.494226 -0.254275 0.225564 1.60592 0.0486501 0.991746 -0.105574 0.0541109
1305032370.530396 -0.255 0.226944 1.61115 0.047646 0.992209 -0.102815 0.0517681
1305032370.559254 -0.257087 0.231155 1.6164 0.044232 0.992985 -0.097421 0.0503281
1305032370.594716 -0.256924 0.23561 1.61977 0.0391864 0.99406 -0.0892809 0.0483451
1305032370.630635 -0.257758 0.235364 1.62075 0.0345777 0.995041 -0.0805061 0.0470709
1305032370.662528 -0.258501 0.234738 1.62344 0.0316515 0.99579 -0.0734981 0.0447022
1305032370.694786 -0.258774 0.234233 1.62465 0.0270487 0.996645 -0.0662386 0.0397553
1305032370.730482 -0.259422 0.233613 1.62387 0.0265196 0.997006 -0.062959 0.0362108
1305032370.762399 -0.261849 0.231148 1.62904 0.0258139 0.997284 -0.0602926 0.0335085
1305032370.794226 -0.264065 0.22959 1.63073 0.0238599 0.997794 -0.0541196 0.0301345
1305032370.830572 -0.264069 0.224097 1.62981 0.0216168 0.998215 -0.0467313 0.0302629
1305032370.862608 -0.265255 0.217811 1.63316 0.0197965 0.998328 -0.0417892 0.0346803
1305032370.898515 -0.268355 0.21006 1.6396 0.0142317 0.998617 -0.0343817 0.0371306
1305032370.930670 -0.27197 0.192629 1.64235 0.0101438 0.99898 -0.0213702 0.0384694
1305032370.962798 -0.275167 0.183072 1.64334 0.00678911 0.999118 -0.011434 0.0398289
1305032370.998569 -0.280054 0.170338 1.6459 0.00262913 0.999166 4.32914e-06 0.0407379
1305032371.030841 -0.288375 0.15702 1.65083 0.000334267 0.9991 0.0149483 0.0396894
1305032371.063015 -0.295247 0.139897 1.6506 0.00028746 0.998771 0.0319153 0.0379235
1305032371.098694 -0.303867 0.121343 1.65 -0.00351859 0.998291 0.0450817 0.0370229
1305032371.127227 -0.312757 0.0997135 1.65376 -0.0104065 0.997597 0.058694 0.0353225
1305032371.163393 -0.321054 0.0784287 1.65246 -0.0181885 0.996806 0.0712731 0.0310996
1305032371.199223 -0.327348 0.0522126 1.6492 -0.0281166 0.996088 0.0789672 0.0279859
1305032371.231580 -0.333839 0.0219649 1.64624 -0.0414752 0.995392 0.0819045 0.0276968
1305032371.263109 -0.342678 -0.00315734 1.64531 -0.0536702 0.994571 0.0849337 0.0271119
1305032371.298947 -0.349595 -0.0303146 1.64214 -0.0643157 0.99356 0.0894087 0.0266284
1305032371.331335 -0.355684 -0.0592622 1.64034 -0.0755312 0.992317 0.0934886 0.0293671
1305032371.362306 -0.360597 -0.085726 1.63543 -0.0885716 0.990727 0.097301 0.0338753
1305032371.399028 -0.367587 -0.109744 1.6344 -0.100008 0.988859 0.103324 0.038474
1305032371.429259 -0.372995 -0.134385 1.63061 -0.112137 0.986378 0.11247 0.0428224
1305032371.461631 -0.380567 -0.159197 1.62683 -0.124531 0.983458 0.12269 0.0474285
1305032371.500366 -0.387542 -0.17896 1.62175 -0.135472 0.980352 0.133471 0.052376
1305032371.528780 -0.396692 -0.204707 1.61404 -0.14763 0.976369 0.146523 0.058645
1305032371.563035 -0.400645 -0.226068 1.6035 -0.162978 0.971788 0.158077 0.0638535
1305032371.594845 -0.40474 -0.245398 1.59202 -0.176292 0.967322 0.168703 0.0689091
1305032371.627278 -0.409429 -0.265393 1.58077 -0.185394 0.9633 0.17933 0.074318
1305032371.661699 -0.415582 -0.282111 1.56776 -0.191145 0.959901 0.188518 0.0807094
1305032371.698085 -0.418718 -0.306666 1.55183 -0.20299 0.954925 0.197886 0.088059
1305032371.726894 -0.430096 -0.32331 1.54064 -0.2143 0.950351 0.205068 0.0941096
1305032371.763078 -0.435616 -0.336939 1.52498 -0.221709 0.945906 0.216126 0.0969338
1305032371.798775 -0.437251 -0.350456 1.50313 -0.225303 0.942797 0.224685 0.099439
1305032371.830728 -0.444098 -0.362559 1.48495 -0.226334 0.940595 0.230403 0.104736
1305032371.862988 -0.444914 -0.373038 1.45921 -0.22846 0.938481 0.232838 0.113344
1305032371.898658 -0.457209 -0.393133 1.44698 -0.232152 0.935443 0.23489 0.12601
1305032371.930961 -0.460651 -0.406137 1.4294 -0.241108 0.931148 0.237072 0.136482
1305032371.960332 -0.462982 -0.419211 1.40806 -0.252904 0.926345 0.237487 0.146711
1305032371.999011 -0.464887 -0.432466 1.3886 -0.263157 0.922254 0.23613 0.156327
1305032372.030867 -0.462367 -0.446519 1.36539 -0.273011 0.918329 0.234079 0.165356
1305032372.058918 -0.467392 -0.469175 1.3508 -0.28428 0.913905 0.230703 0.175326
1305032372.098264 -0.470183 -0.49072 1.33048 -0.293973 0.909425 0.231296 0.181739
1305032372.127609 -0.458751 -0.496781 1.30972 -0.304356 0.905494 0.229853 0.186052
1305032372.166169 -0.451396 -0.509517 1.29197 -0.312531 0.90215 0.223336 0.196394
1305032372.198119 -0.443442 -0.523783 1.27741 -0.322233 0.897588 0.216928 0.208432
1305032372.230071 -0.434192 -0.534845 1.26064 -0.332285 0.892375 0.210976 0.220778
1305032372.266126 -0.42213 -0.541446 1.24606 -0.341902 0.887297 0.203961 0.232826
1305032372.297790 -0.418168 -0.558145 1.23372 -0.348959 0.881679 0.201012 0.245894
1305032372.329039 -0.408314 -0.573476 1.22463 -0.360965 0.874529 0.198215 0.256153
1305032372.366292 -0.400338 -0.585561 1.21531 -0.372736 0.868457 0.195144 0.262238
1305032372.398337 -0.389424 -0.591067 1.20561 -0.383241 0.863659 0.192932 0.26457
1305032372.430932 -0.37735 -0.601624 1.19957 -0.391885 0.858625 0.193163 0.268099
1305032372.466079 -0.3684 -0.616084 1.19447 -0.400444 0.852605 0.197042 0.271817
1305032372.498135 -0.351126 -0.615495 1.18523 -0.41049 0.847038 0.199332 0.272565
1305032372.530492 -0.331706 -0.617714 1.17678 -0.418787 0.842581 0.196817 0.275569
1305032372.570271 -0.323454 -0.632359 1.17471 -0.422394 0.83881 0.196292 0.281868
1305032372.597861 -0.309647 -0.640037 1.1697 -0.427894 0.834223 0.199518 0.284906
1305032372.629218 -0.292114 -0.64549 1.16238 -0.433036 0.830879 0.201253 0.285687
1305032372.664108 -0.280743 -0.654073 1.15849 -0.436249 0.828497 0.201218 0.287735
1305032372.698696 -0.271554 -0.659087 1.15438 -0.438563 0.825603 0.202034 0.291933
1305032372.728994 -0.256345 -0.658609 1.14733 -0.442137 0.821613 0.202094 0.297701
1305032372.766505 -0.24052 -0.672356 1.14357 -0.446887 0.816157 0.202523 0.305228
1305032372.797997 -0.225395 -0.678662 1.1387 -0.447267 0.813787 0.200385 0.312328
1305032372.831463 -0.209173 -0.681861 1.13258 -0.443916 0.813918 0.193478 0.321003
1305032372.866969 -0.200723 -0.687553 1.12792 -0.437419 0.814918 0.187276 0.330908
1305032372.898841 -0.190336 -0.695735 1.12468 -0.432706 0.814491 0.184138 0.339798
1305032372.930454 -0.181206 -0.702058 1.1176 -0.428045 0.813584 0.180325 0.349773
1305032372.966691 -0.174358 -0.700182 1.11674 -0.422489 0.813285 0.176646 0.35898
1305032372.998926 -0.167937 -0.697982 1.11161 -0.419828 0.809115 0.177437 0.370935
1305032373.030611 -0.160086 -0.701596 1.1074 -0.422529 0.801105 0.178337 0.384572
1305032373.066897 -0.145619 -0.70119 1.10264 -0.424488 0.794755 0.182065 0.393733
1305032373.099775 -0.139844 -0.696662 1.09835 -0.425321 0.788869 0.19059 0.400578
1305032373.127898 -0.13278 -0.694137 1.09187 -0.426698 0.78163 0.202443 0.407432
1305032373.166377 -0.124661 -0.687984 1.08995 -0.429511 0.773523 0.213628 0.41418
1305032373.198404 -0.115187 -0.692695 1.08457 -0.43807 0.761711 0.223744 0.421698
1305032373.230484 -0.108843 -0.687908 1.07879 -0.443357 0.75368 0.231186 0.426561
1305032373.266752 -0.105893 -0.682897 1.07722 -0.44762 0.746362 0.238155 0.431118
1305032373.298845 -0.0980216 -0.678144 1.07301 -0.451642 0.738369 0.245783 0.436373
1305032373.331228 -0.0882323 -0.673044 1.07001 -0.452079 0.732652 0.251893 0.442036
1305032373.366882 -0.083343 -0.671981 1.06709 -0.449862 0.728033 0.258093 0.448309
1305032373.399055 -0.0761872 -0.671625 1.06176 -0.449094 0.722641 0.265491 0.453451
1305032373.434622 -0.0706088 -0.669017 1.05764 -0.450295 0.717295 0.266763 0.459957
1305032373.465659 -0.0643753 -0.673937 1.05422 -0.450315 0.712852 0.2708 0.464464
1305032373.498970 -0.0592498 -0.673148 1.05063 -0.445794 0.710966 0.27768 0.467642
1305032373.534678 -0.0548656 -0.674108 1.04601 -0.442879 0.707522 0.284182 0.471711
1305032373.566786 -0.051378 -0.673796 1.04139 -0.441574 0.704577 0.289188 0.474293
1305032373.598786 -0.0492607 -0.673773 1.03533 -0.441818 0.701679 0.293559 0.475675
1305032373.635967 -0.047477 -0.667397 1.02454 -0.443453 0.699542 0.294531 0.476699
1305032373.663912 -0.0428105 -0.667984 1.01728 -0.444519 0.701057 0.293331 0.474214
1305032373.697914 -0.043296 -0.66881 1.01619 -0.444922 0.704205 0.287406 0.472797
1305032373.734507 -0.0390449 -0.673195 1.0167 -0.445319 0.706169 0.285315 0.470756
1305032373.766443 -0.038657 -0.67328 1.01852 -0.439825 0.709759 0.279956 0.473731
1305032373.795838 -0.0465745 -0.6761 1.0243 -0.433473 0.711359 0.278904 0.477788
1305032373.834934 -0.0532957 -0.674279 1.01934 -0.433884 0.707726 0.281908 0.481037
1305032373.867293 -0.0572085 -0.673178 1.01253 -0.433739 0.706766 0.279587 0.483925
1305032373.899270 -0.0677967 -0.67033 1.01127 -0.432563 0.710711 0.270624 0.484295
1305032373.935073 -0.0774839 -0.677631 1.01385 -0.43386 0.7134 0.265382 0.482077
1305032373.967085 -0.0854311 -0.681064 1.01813 -0.434555 0.714986 0.259042 0.48255
1305032373.999199 -0.101053 -0.680422 1.01847 -0.432058 0.717812 0.250432 0.485135
1305032374.031187 -0.120004 -0.676502 1.01568 -0.430827 0.720001 0.24167 0.487425
1305032374.066725 -0.133019 -0.677635 1.01475 -0.43557 0.7215 0.230527 0.486389
1305032374.098933 -0.143303 -0.683422 1.02206 -0.441159 0.7234 0.216858 0.484813
1305032374.134653 -0.157676 -0.685469 1.02806 -0.442226 0.724354 0.205768 0.487245
1305032374.165256 -0.177828 -0.680832 1.03212 -0.43704 0.728424 0.195815 0.489951
1305032374.198931 -0.1963 -0.677736 1.03736 -0.429936 0.731256 0.188409 0.494895
1305032374.234571 -0.216724 -0.67488 1.04127 -0.422795 0.730611 0.181981 0.504316
1305032374.266232 -0.235553 -0.666799 1.04043 -0.416082 0.729804 0.174232 0.513717
1305032374.295091 -0.25924 -0.658071 1.04364 -0.408267 0.728577 0.17075 0.522818
1305032374.334758 -0.281517 -0.649869 1.04089 -0.401836 0.726147 0.165146 0.532884
1305032374.364907 -0.301697 -0.644029 1.04278 -0.396269 0.723992 0.154747 0.54301
1305032374.399126 -0.327216 -0.63397 1.03829 -0.388507 0.719823 0.139113 0.55818
1305032374.434942 -0.358183 -0.620072 1.03667 -0.380758 0.716984 0.126639 0.570017
1305032374.465697 -0.382242 -0.611657 1.03125 -0.373651 0.715326 0.119338 0.578319
1305032374.498778 -0.411136 -0.600855 1.02869 -0.359636 0.716174 0.110661 0.587801
1305032374.534408 -0.448551 -0.580735 1.02148 -0.347056 0.714904 0.104214 0.598
1305032374.565648 -0.478077 -0.559303 1.01127 -0.337435 0.715999 0.103838 0.602246
1305032374.605154 -0.505406 -0.544912 0.996776 -0.329672 0.719349 0.103768 0.602566
1305032374.634454 -0.52734 -0.531421 0.988992 -0.323213 0.723503 0.101528 0.601472
1305032374.666026 -0.55224 -0.519104 0.982986 -0.312707 0.727009 0.0957405 0.603744
1305032374.699355 -0.58222 -0.501397 0.971923 -0.29897 0.731007 0.0899463 0.606758
1305032374.733811 -0.606333 -0.483453 0.964692 -0.287362 0.736529 0.0884245 0.605912
1305032374.764278 -0.628158 -0.467536 0.955155 -0.274088 0.741411 0.0824805 0.606946
1305032374.799002 -0.651286 -0.450428 0.947833 -0.263742 0.746129 0.0742732 0.606807
1305032374.833082 -0.672629 -0.432111 0.940142 -0.256493 0.749977 0.0698134 0.605699
1305032374.865385 -0.690883 -0.412548 0.93258 -0.248819 0.753001 0.0659609 0.60558
1305032374.902777 -0.715515 -0.389462 0.925335 -0.242589 0.756542 0.0642726 0.603875
1305032374.934055 -0.728861 -0.371846 0.91872 -0.23608 0.761075 0.0653856 0.60063
1305032374.963033 -0.745625 -0.349628 0.915074 -0.224611 0.766233 0.0667352 0.598318
1305032375.002817 -0.760105 -0.330458 0.907553 -0.213993 0.770794 0.0762712 0.595203
1305032375.033887 -0.767271 -0.312001 0.902002 -0.202466 0.776443 0.0865053 0.590475
1305032375.063190 -0.778145 -0.293774 0.897843 -0.191473 0.782135 0.0927653 0.58566
1305032375.102173 -0.788033 -0.274316 0.894041 -0.183783 0.787609 0.0990022 0.579737
1305032375.133604 -0.792567 -0.261453 0.892805 -0.177943 0.791974 0.102339 0.575013
1305032375.165423 -0.79959 -0.248793 0.890105 -0.173485 0.795598 0.0961177 0.572441
1305032375.200434 -0.805889 -0.231845 0.889888 -0.170416 0.800237 0.0832445 0.568902
1305032375.233840 -0.81196 -0.217652 0.889506 -0.167839 0.80302 0.0757703 0.566787
1305032375.266195 -0.816558 -0.202742 0.888801 -0.164543 0.805531 0.0677273 0.565207
1305032375.301769 -0.822508 -0.187713 0.89034 -0.160198 0.806398 0.0627699 0.56579
1305032375.333732 -0.826394 -0.173935 0.890258 -0.157551 0.805718 0.0582088 0.567986
1305032375.365885 -0.830187 -0.160214 0.891534 -0.154285 0.805228 0.0508364 0.57028
1305032375.402005 -0.832281 -0.149377 0.893917 -0.148238 0.802765 0.0412663 0.5761
1305032375.434228 -0.835368 -0.136243 0.894764 -0.140948 0.797874 0.0262664 0.585526
1305032375.465844 -0.839402 -0.129179 0.897112 -0.138777 0.79343 0.0170726 0.592384
1305032375.499846 -0.842924 -0.120294 0.8972 -0.13494 0.788626 0.00645623 0.599848
1305032375.532923 -0.845176 -0.111875 0.898263 -0.127592 0.784973 -0.00670108 0.606212
1305032375.564754 -0.847937 -0.104244 0.897149 -0.119719 0.780996 -0.0130074 0.612816
1305032375.601530 -0.847435 -0.0942955 0.895867 -0.11387 0.777739 -0.0190077 0.617895
1305032375.633994 -0.851631 -0.0855395 0.89378 -0.110875 0.775837 -0.0235268 0.620669
1305032375.665634 -0.854006 -0.0743559 0.889144 -0.10441 0.774647 -0.0298118 0.623002
1305032375.701032 -0.856689 -0.0650468 0.885131 -0.0957136 0.774975 -0.0334263 0.623808
1305032375.733424 -0.859788 -0.0542705 0.882624 -0.0905277 0.77596 -0.0351346 0.623263
1305032375.765813 -0.860981 -0.0424657 0.876357 -0.0873022 0.775405 -0.0378183 0.624255
1305032375.801369 -0.862005 -0.0302976 0.871312 -0.0836839 0.774845 -0.0415569 0.625209
1305032375.833207 -0.865549 -0.0193023 0.865846 -0.0793646 0.774282 -0.0444468 0.626269
1305032375.871496 -0.867655 -0.0100308 0.860703 -0.0746149 0.774046 -0.0473 0.626935
1305032375.901646 -0.870057 0.00412753 0.855304 -0.0642142 0.772678 -0.0538455 0.629243
1305032375.933407 -0.873384 0.0160682 0.85013 -0.0514869 0.769924 -0.0600728 0.633212
1305032375.970923 -0.877164 0.030032 0.844846 -0.0419644 0.767407 -0.0592486 0.637036
1305032375.998893 -0.881479 0.0377745 0.840173 -0.0340903 0.764895 -0.0574674 0.64068
1305032376.032870 -0.888491 0.0479976 0.835151 -0.0205377 0.76254 -0.0554708 0.644231
1305032376.071463 -0.897625 0.0618443 0.827314 -0.00845336 0.762156 -0.0503201 0.645379
1305032376.102191 -0.900379 0.0709526 0.823249 -0.00374081 0.763933 -0.0463774 0.643616
1305032376.133788 -0.904852 0.0783748 0.818205 0.00362179 0.76432 -0.0435871 0.643353
1305032376.169914 -0.911562 0.0881421 0.812174 0.0119785 0.765181 -0.0404697 0.642431
1305032376.199876 -0.921805 0.100094 0.808201 0.0158356 0.767868 -0.0372281 0.639329
1305032376.230465 -0.922099 0.111325 0.803768 0.0227092 0.770179 -0.0357447 0.63642
1305032376.273911 -0.923646 0.12159 0.799688 0.0306318 0.771611 -0.0313435 0.634583
1305032376.301938 -0.925695 0.131359 0.79795 0.0297572 0.773918 -0.0277038 0.631979
1305032376.333881 -0.926714 0.141413 0.7956 0.0326712 0.77474 -0.0260146 0.6309
1305032376.373272 -0.929351 0.153686 0.793048 0.0384197 0.774527 -0.0230754 0.630951
1305032376.401634 -0.925376 0.162255 0.790641 0.0418369 0.775028 -0.024692 0.630057
1305032376.433772 -0.924125 0.16899 0.790348 0.0491926 0.775329 -0.0260585 0.629099
1305032376.470927 -0.924179 0.174366 0.789347 0.0585645 0.775555 -0.0294353 0.627868
1305032376.502274 -0.926509 0.180875 0.788319 0.0712745 0.776687 -0.0342043 0.624906
1305032376.534012 -0.924775 0.184767 0.788359 0.0844979 0.777598 -0.0399657 0.621775
1305032376.570435 -0.925077 0.194962 0.789241 0.0963959 0.776615 -0.0469602 0.620783
1305032376.602018 -0.924792 0.201131 0.790591 0.102371 0.776013 -0.0535262 0.620048
1305032376.633878 -0.922572 0.206991 0.792853 0.110636 0.775129 -0.0595653 0.619183
1305032376.670038 -0.922511 0.213626 0.79445 0.118293 0.773025 -0.0626529 0.620091
1305032376.702106 -0.92288 0.22195 0.79639 0.121228 0.771126 -0.0653641 0.621608
1305032376.734286 -0.922306 0.230313 0.798072 0.125012 0.768868 -0.0679198 0.623379
1305032376.770230 -0.920219 0.237915 0.800722 0.129156 0.765841 -0.0698562 0.62604
1305032376.802346 -0.917248 0.247347 0.801536 0.130571 0.764062 -0.0732546 0.62753
1305032376.833992 -0.914456 0.254381 0.801688 0.133168 0.762644 -0.0758931 0.628395
1305032376.870589 -0.911782 0.262707 0.802869 0.138636 0.76045 -0.0785361 0.629546
1305032376.901913 -0.909521 0.271162 0.802925 0.140627 0.759565 -0.0806168 0.629909
1305032376.933692 -0.903881 0.277276 0.803852 0.142222 0.75921 -0.0819571 0.629806
1305032376.970386 -0.898709 0.281596 0.803191 0.145794 0.757225 -0.0858377 0.630862
1305032376.999115 -0.896773 0.286382 0.802314 0.149104 0.756471 -0.0903394 0.630364
1305032377.033983 -0.892072 0.293126 0.800298 0.152005 0.755503 -0.0941996 0.630267
1305032377.070323 -0.889153 0.298315 0.799573 0.156458 0.752961 -0.0964745 0.631872
1305032377.102669 -0.887117 0.304968 0.798812 0.160715 0.750407 -0.0994091 0.633387
1305032377.138244 -0.883729 0.31101 0.796819 0.161762 0.749475 -0.098923 0.634298
1305032377.170226 -0.881628 0.316693 0.797694 0.162717 0.748378 -0.0981871 0.635463
1305032377.201999 -0.87956 0.319297 0.797308 0.162369 0.747802 -0.0958878 0.63658
1305032377.240571 -0.875924 0.322666 0.796455 0.161306 0.7482 -0.0946335 0.63657
1305032377.270905 -0.873973 0.321649 0.796585 0.165177 0.746654 -0.0931434 0.637612
1305032377.301796 -0.875439 0.322087 0.797575 0.165262 0.745346 -0.0925777 0.6392
1305032377.340942 -0.872469 0.317778 0.797594 0.160473 0.745491 -0.0897606 0.640651
1305032377.370316 -0.869149 0.313144 0.79842 0.157997 0.744202 -0.0881038 0.642992
1305032377.401804 -0.870358 0.307603 0.799002 0.155628 0.742942 -0.0877797 0.645067
1305032377.439875 -0.869907 0.298917 0.799712 0.147925 0.743677 -0.0864737 0.646208
1305032377.472533 -0.870209 0.289736 0.799233 0.142996 0.743111 -0.0859943 0.648031
1305032377.501559 -0.872218 0.275031 0.799445 0.138667 0.742336 -0.0844716 0.650056
1305032377.537201 -0.8723 0.261402 0.796901 0.130407 0.743294 -0.083324 0.650818
1305032377.569572 -0.873055 0.246115 0.796473 0.122485 0.743435 -0.0815881 0.652415
1305032377.602349 -0.874212 0.230328 0.795433 0.115343 0.742084 -0.0807195 0.655356
1305032377.640524 -0.877476 0.215351 0.793361 0.106306 0.742727 -0.0789106 0.656375
1305032377.669877 -0.8774 0.198841 0.790017 0.0959159 0.7435 -0.0767224 0.657359
1305032377.701705 -0.876774 0.179695 0.786755 0.0859978 0.742644 -0.0755655 0.659829
1305032377.737307 -0.880339 0.163585 0.781813 0.0739358 0.742705 -0.0754113 0.661238
1305032377.769318 -0.878349 0.145533 0.777447 0.0614977 0.74372 -0.0752726 0.661387
1305032377.801678 -0.877944 0.125764 0.77132 0.0517889 0.7429 -0.0755834 0.663103
1305032377.837451 -0.880968 0.10643 0.765328 0.0407392 0.74274 -0.0739484 0.664236
1305032377.869348 -0.878626 0.0880648 0.759297 0.0274742 0.74328 -0.072532 0.664469
1305032377.901238 -0.875011 0.0670752 0.753779 0.0134821 0.742257 -0.07103 0.666204
1305032377.940265 -0.874391 0.0477 0.748398 0.000784556 0.740884 -0.0684266 0.668137
1305032377.969308 -0.873295 0.0285169 0.741625 -0.0136406 0.739885 -0.0648414 0.669462
1305032378.001243 -0.868237 0.00782422 0.737327 -0.028194 0.738313 -0.0624677 0.670967
1305032378.040183 -0.866489 -0.0126528 0.731931 -0.0429674 0.735674 -0.0619867 0.673124
1305032378.068725 -0.862906 -0.0255358 0.725286 -0.0575266 0.733741 -0.0602011 0.674308
1305032378.101420 -0.85884 -0.0455105 0.720279 -0.0712045 0.732673 -0.0563519 0.674496
1305032378.139924 -0.852981 -0.0662676 0.716957 -0.0801373 0.731532 -0.0547096 0.674867
1305032378.169193 -0.845832 -0.0856352 0.710166 -0.0876699 0.728084 -0.0514934 0.677905
1305032378.202266 -0.84212 -0.105793 0.703498 -0.0989969 0.723529 -0.048424 0.68144
1305032378.237421 -0.83556 -0.120606 0.698819 -0.11112 0.718959 -0.0469048 0.684508
1305032378.269616 -0.827269 -0.136695 0.694325 -0.124639 0.712331 -0.0425363 0.689377
1305032378.306182 -0.819891 -0.150854 0.692815 -0.136982 0.703992 -0.0400036 0.695723
1305032378.340777 -0.815426 -0.166259 0.685955 -0.149632 0.693294 -0.0382425 0.703912
1305032378.367690 -0.812189 -0.181421 0.676986 -0.166788 0.683622 -0.0339883 0.70971
1305032378.406284 -0.805965 -0.19977 0.66836 -0.185988 0.674494 -0.0228099 0.714105
1305032378.438513 -0.79758 -0.216872 0.662239 -0.200908 0.66596 -0.0131563 0.718304
1305032378.470434 -0.791459 -0.235109 0.65445 -0.216977 0.656692 -0.00703233 0.722237
1305032378.504807 -0.782656 -0.256101 0.649303 -0.236038 0.647886 -0.002351 0.72424
1305032378.539167 -0.774329 -0.276234 0.647328 -0.252345 0.63768 -0.00505661 0.727778
1305032378.570470 -0.76664 -0.298068 0.643127 -0.26962 0.626201 -0.00877148 0.731506
1305032378.607040 -0.759779 -0.319691 0.640216 -0.287988 0.616552 -0.0087015 0.732701
1305032378.640593 -0.75354 -0.340319 0.638051 -0.305841 0.607621 -0.00526891 0.73296
1305032378.674045 -0.745671 -0.363476 0.636667 -0.325235 0.600339 -0.000563119 0.730627
1305032378.708133 -0.732597 -0.38713 0.640826 -0.341633 0.59539 0.00111148 0.727184
1305032378.741855 -0.724332 -0.407871 0.645487 -0.348362 0.59226 0.00178164 0.726545
1305032378.774289 -0.712179 -0.42787 0.649094 -0.351224 0.58969 0.00662858 0.727231
1305032378.811244 -0.699445 -0.444721 0.653907 -0.351646 0.587245 0.00884547 0.728979
1305032378.840101 -0.693384 -0.463984 0.65808 -0.350668 0.584717 0.00944273 0.731471
1305032378.871857 -0.682431 -0.476833 0.664611 -0.35303 0.580951 0.0105112 0.733318
1305032378.907789 -0.67644 -0.490735 0.671842 -0.355825 0.57263 0.0050783 0.738551
1305032378.938846 -0.669627 -0.500591 0.676322 -0.360776 0.559385 -0.0056741 0.746256
1305032378.971348 -0.662471 -0.511746 0.678744 -0.370473 0.543642 -0.0198577 0.752867
1305032379.007038 -0.650495 -0.515659 0.682756 -0.380481 0.529137 -0.0367281 0.757561
1305032379.038668 -0.642974 -0.521476 0.682251 -0.390019 0.518001 -0.0478521 0.759783
1305032379.071271 -0.630472 -0.525497 0.683003 -0.400018 0.511853 -0.0477564 0.758756
1305032379.106727 -0.619038 -0.536566 0.686445 -0.404572 0.508734 -0.041947 0.758783
1305032379.138937 -0.607239 -0.545345 0.685604 -0.405305 0.508225 -0.0307135 0.75927
1305032379.170930 -0.594632 -0.552509 0.684134 -0.406081 0.510055 -0.0165538 0.758068
1305032379.206680 -0.58122 -0.56488 0.686602 -0.410375 0.512912 -0.00295379 0.753993
1305032379.238614 -0.566319 -0.578328 0.692717 -0.412135 0.514492 0.00489222 0.751943
1305032379.271270 -0.555008 -0.590247 0.697458 -0.4103 0.515189 0.00890879 0.752433
1305032379.310742 -0.54271 -0.61115 0.706055 -0.410928 0.512303 0.0117214 0.75402
1305032379.342450 -0.530919 -0.619639 0.712365 -0.409744 0.504401 0.00474064 0.760044
1305032379.373747 -0.518892 -0.634003 0.71867 -0.411539 0.494126 -0.009365 0.765759
1305032379.406812 -0.509705 -0.643499 0.722481 -0.414809 0.486917 -0.0227984 0.768327
1305032379.440732 -0.502022 -0.649057 0.727255 -0.42043 0.480735 -0.0329463 0.768796
1305032379.472994 -0.490282 -0.660569 0.736119 -0.427384 0.473429 -0.041916 0.769058
1305032379.507528 -0.487495 -0.660018 0.74487 -0.428445 0.465688 -0.0557829 0.772307
1305032379.539852 -0.482167 -0.658582 0.755353 -0.424773 0.453144 -0.0687979 0.780702
1305032379.575545 -0.478462 -0.668087 0.759036 -0.420523 0.438167 -0.0766597 0.790755
1305032379.607089 -0.474271 -0.670597 0.761884 -0.41614 0.429041 -0.0790018 0.797816
1305032379.641416 -0.47153 -0.674011 0.760486 -0.413748 0.422448 -0.0784139 0.802622
1305032379.676703 -0.469104 -0.68079 0.755901 -0.411834 0.418142 -0.0799762 0.805701
1305032379.707878 -0.46649 -0.683249 0.749078 -0.414292 0.413639 -0.0860132 0.806143
1305032379.738599 -0.464798 -0.687855 0.740181 -0.417575 0.408306 -0.097051 0.805915
1305032379.775239 -0.473685 -0.691745 0.724695 -0.419767 0.408255 -0.105482 0.80374
1305032379.807815 -0.475789 -0.69465 0.712788 -0.426859 0.412293 -0.107192 0.797694
1305032379.839500 -0.476583 -0.694508 0.698047 -0.433223 0.41598 -0.105143 0.792606
1305032379.875565 -0.47705 -0.695895 0.688078 -0.439775 0.418159 -0.102708 0.788158
1305032379.903833 -0.476295 -0.698067 0.677551 -0.444726 0.420221 -0.0994654 0.784691
1305032379.940009 -0.475172 -0.698265 0.669421 -0.450096 0.422012 -0.0975616 0.780898
1305032379.976659 -0.473836 -0.699377 0.659617 -0.453362 0.424638 -0.0982027 0.777497
1305032380.007756 -0.479499 -0.699998 0.64692 -0.456585 0.428548 -0.0990695 0.773344
1305032380.040494 -0.479898 -0.696291 0.641582 -0.460194 0.431871 -0.0974903 0.769548
1305032380.076762 -0.480756 -0.691017 0.635387 -0.462018 0.433357 -0.0983208 0.767512
1305032380.107291 -0.482329 -0.689691 0.627003 -0.463047 0.43244 -0.0965721 0.767631
1305032380.140050 -0.483614 -0.680424 0.622375 -0.462957 0.429124 -0.0963568 0.769571
1305032380.176572 -0.486078 -0.676161 0.621236 -0.461925 0.423389 -0.0986461 0.773069
1305032380.207110 -0.487919 -0.671097 0.616833 -0.457299 0.415379 -0.104558 0.779362
1305032380.239460 -0.48996 -0.665115 0.610795 -0.451895 0.409959 -0.108587 0.784814
1305032380.276664 -0.492891 -0.657593 0.60601 -0.444642 0.407901 -0.10933 0.78991
1305032380.307734 -0.496761 -0.64702 0.598644 -0.435101 0.407468 -0.102534 0.796331
1305032380.339866 -0.499204 -0.638731 0.591179 -0.428005 0.407795 -0.0884573 0.80168
1305032380.375602 -0.496668 -0.630125 0.585769 -0.419406 0.408038 -0.0758592 0.807372
1305032380.407488 -0.499511 -0.616168 0.581552 -0.403926 0.408213 -0.0649899 0.816077
1305032380.439180 -0.500304 -0.600162 0.571788 -0.388891 0.404163 -0.053634 0.826159
1305032380.473087 -0.50159 -0.594351 0.568454 -0.377297 0.399206 -0.0468327 0.834319
1305032380.507283 -0.504545 -0.575636 0.556166 -0.354153 0.39518 -0.0479347 0.846233
1305032380.539774 -0.510607 -0.558338 0.531546 -0.342735 0.393044 -0.0437259 0.852137
1305032380.576395 -0.511077 -0.541854 0.52419 -0.344742 0.394287 -0.041965 0.85084
1305032380.609316 -0.50812 -0.524999 0.514457 -0.341104 0.39793 -0.0442639 0.850495
1305032380.639507 -0.508876 -0.50466 0.50166 -0.337204 0.40262 -0.0486771 0.849601
1305032380.675545 -0.50468 -0.486098 0.503781 -0.333138 0.405145 -0.0565523 0.849517
1305032380.707658 -0.503699 -0.463582 0.492418 -0.3178 0.403122 -0.0683305 0.855468
1305032380.739529 -0.503745 -0.446494 0.483526 -0.305148 0.401652 -0.0769482 0.860023
1305032380.776434 -0.504854 -0.426162 0.473015 -0.286709 0.399275 -0.0820946 0.866971
1305032380.803780 -0.502311 -0.402442 0.456253 -0.278895 0.39815 -0.0788052 0.870336
1305032380.843621 -0.49788 -0.386673 0.449053 -0.277939 0.400412 -0.0749179 0.869947
1305032380.876451 -0.496173 -0.373277 0.440695 -0.266541 0.401674 -0.0731611 0.873076
1305032380.906774 -0.494574 -0.354952 0.427314 -0.254218 0.40315 -0.0721754 0.876147
1305032380.944580 -0.491818 -0.341041 0.413972 -0.244262 0.40835 -0.0706559 0.876695
1305032380.976235 -0.491077 -0.325694 0.399743 -0.229133 0.41804 -0.0654994 0.876613
1305032381.010534 -0.491992 -0.313139 0.383761 -0.218713 0.427583 -0.0638226 0.874794
1305032381.043413 -0.493492 -0.29813 0.368896 -0.208857 0.437865 -0.0601759 0.872372
1305032381.075126 -0.49842 -0.282181 0.357068 -0.199976 0.44794 -0.0531888 0.869787
1305032381.107139 -0.502821 -0.26589 0.343841 -0.19173 0.455928 -0.0441935 0.867996
1305032381.143098 -0.507975 -0.25002 0.334393 -0.185873 0.465812 -0.0300975 0.864618
1305032381.175951 -0.513839 -0.235088 0.325326 -0.179071 0.476476 -0.0138469 0.860646
1305032381.206840 -0.520947 -0.22181 0.317986 -0.172875 0.485691 0.0057801 0.856846
1305032381.244183 -0.530365 -0.208892 0.310404 -0.169402 0.490392 0.0214242 0.854611
1305032381.275997 -0.538211 -0.200907 0.306797 -0.168516 0.494881 0.0276484 0.852016
1305032381.309728 -0.546911 -0.192235 0.304412 -0.161194 0.501105 0.0347387 0.849532
1305032381.341217 -0.558665 -0.186095 0.297537 -0.151655 0.505723 0.0439436 0.848124
1305032381.373199 -0.569014 -0.181491 0.288798 -0.145217 0.510372 0.0530007 0.845945
1305032381.408681 -0.578611 -0.176748 0.278918 -0.142597 0.51708 0.0561641 0.842104
1305032381.444067 -0.587193 -0.175467 0.264632 -0.1403 0.52572 0.0614806 0.836753
1305032381.474756 -0.593928 -0.177874 0.254888 -0.134808 0.536949 0.0687367 0.829932
1305032381.508685 -0.602589 -0.179329 0.244031 -0.127356 0.552396 0.0715651 0.820681
1305032381.545353 -0.610356 -0.180862 0.235773 -0.121478 0.566027 0.0722704 0.812178
1305032381.576827 -0.616796 -0.185649 0.231216 -0.114392 0.576299 0.0673394 0.806387
1305032381.608397 -0.624393 -0.187533 0.222604 -0.10416 0.586306 0.0655729 0.800684
1305032381.644906 -0.631246 -0.190784 0.218974 -0.0961792 0.595887 0.0677402 0.794405
1305032381.675936 -0.639721 -0.197555 0.213164 -0.0867036 0.604165 0.0656857 0.7894
1305032381.707240 -0.645822 -0.199566 0.212157 -0.0740777 0.610804 0.0629445 0.785792
1305032381.744570 -0.651596 -0.199781 0.209187 -0.0629309 0.611963 0.0581244 0.786233
1305032381.776694 -0.657611 -0.198932 0.199235 -0.0535171 0.611709 0.0561417 0.787271
1305032381.810015 -0.65693 -0.205322 0.195837 -0.0444151 0.610753 0.0537402 0.788746
1305032381.843860 -0.657284 -0.210686 0.189178 -0.0288589 0.609718 0.0517728 0.790399
1305032381.876540 -0.657223 -0.215271 0.180149 -0.014102 0.608922 0.0547308 0.791214
1305032381.907470 -0.653725 -0.223817 0.166962 -0.00157662 0.610315 0.0555113 0.79021
1305032381.943636 -0.65047 -0.226917 0.160943 0.013507 0.613923 0.0474664 0.787822
1305032381.975700 -0.651967 -0.235702 0.149209 0.0286652 0.614891 0.0412029 0.787013
1305032382.007016 -0.654153 -0.234603 0.141027 0.0407563 0.618977 0.0358715 0.783531
1305032382.043778 -0.649354 -0.237742 0.129852 0.0526009 0.622428 0.0342285 0.780157
1305032382.076551 -0.647185 -0.241372 0.122011 0.0637563 0.626317 0.0342804 0.7762
1305032382.112595 -0.645939 -0.24223 0.112686 0.0745666 0.628687 0.0357613 0.773249
1305032382.142801 -0.646509 -0.238503 0.104507 0.0806893 0.631446 0.0368939 0.770327
1305032382.175194 -0.646536 -0.240176 0.0967335 0.0813694 0.63351 0.0422084 0.768285
1305032382.212343 -0.641156 -0.23722 0.0881393 0.0768392 0.633328 0.0473346 0.768603
1305032382.244823 -0.636337 -0.238158 0.0796573 0.0694801 0.632861 0.0517756 0.769402
1305032382.275045 -0.628723 -0.243461 0.0672349 0.0584333 0.629746 0.0597568 0.772292
1305032382.311569 -0.627379 -0.249257 0.0633005 0.0417038 0.625942 0.0618088 0.776297
1305032382.343035 -0.617852 -0.254076 0.0582967 0.0267026 0.618766 0.0645331 0.782465
1305032382.375765 -0.604506 -0.257793 0.0525856 0.00685478 0.609754 0.0663229 0.789782
1305032382.411673 -0.586755 -0.263776 0.0510363 -0.0123842 0.598932 0.070128 0.797627
1305032382.445108 -0.566743 -0.262781 0.0455688 -0.0318867 0.585046 0.0761001 0.806792
1305032382.476983 -0.541209 -0.266737 0.0443359 -0.0525667 0.570494 0.0818737 0.815518
1305032382.512630 -0.52516 -0.276092 0.0433535 -0.0756687 0.55494 0.0833261 0.82424
1305032382.545000 -0.500791 -0.280175 0.045143 -0.100089 0.537017 0.0863397 0.833151
1305032382.577082 -0.470779 -0.298375 0.0445734 -0.121375 0.518922 0.0855053 0.84183
1305032382.614372 -0.444625 -0.305228 0.0465105 -0.137684 0.502358 0.0831031 0.849573
1305032382.644837 -0.418063 -0.313633 0.0572485 -0.158499 0.48456 0.0857857 0.855991
1305032382.675979 -0.388439 -0.328804 0.0650781 -0.175105 0.464575 0.0840052 0.863974
1305032382.713425 -0.358523 -0.348528 0.0718314 -0.186573 0.449712 0.0784584 0.869939
1305032382.744674 -0.332403 -0.364494 0.0850388 -0.197684 0.436667 0.0682767 0.874975
1305032382.776770 -0.305687 -0.387516 0.0905848 -0.21431 0.419427 0.0591401 0.880145
1305032382.812185 -0.281718 -0.412448 0.105391 -0.225831 0.405618 0.0421989 0.8847
1305032382.844824 -0.262443 -0.429732 0.122006 -0.233702 0.39216 0.0292697 0.889234
1305032382.875189 -0.246105 -0.45373 0.140189 -0.246134 0.376877 0.0185074 0.89277
1305032382.913733 -0.23083 -0.46976 0.165889 -0.253775 0.359926 0.00654451 0.89778
1305032382.943823 -0.218526 -0.4949 0.18484 -0.258392 0.34021 -0.00338129 0.904146
1305032382.975989 -0.204221 -0.518396 0.192848 -0.262278 0.319201 -0.00736498 0.910641
1305032383.012820 -0.193785 -0.533709 0.209546 -0.267513 0.300993 -0.0101921 0.915279
1305032383.044130 -0.183756 -0.550397 0.220969 -0.275553 0.281666 -0.0116151 0.919021
1305032383.077761 -0.170347 -0.566231 0.230054 -0.280597 0.264099 -0.012309 0.922695
1305032383.113060 -0.159412 -0.581111 0.243731 -0.284618 0.248966 -0.0162048 0.925606
1305032383.144756 -0.150679 -0.590762 0.25404 -0.281874 0.233276 -0.0207339 0.93043
1305032383.177793 -0.143453 -0.599507 0.254185 -0.287904 0.216185 -0.0203213 0.932718
1305032383.213287 -0.133898 -0.608233 0.259776 -0.302548 0.198499 -0.0258746 0.931876
1305032383.243505 -0.125763 -0.6208 0.264835 -0.317464 0.185409 -0.0382601 0.92918
1305032383.279376 -0.120697 -0.619366 0.275899 -0.324718 0.176061 -0.0503367 0.927915
1305032383.311447 -0.122932 -0.613295 0.289973 -0.329328 0.163828 -0.0638145 0.927702
1305032383.341434 -0.120587 -0.618589 0.300108 -0.330073 0.147976 -0.0710383 0.929574
1305032383.379477 -0.115621 -0.627047 0.30246 -0.329364 0.131261 -0.0750941 0.932015
1305032383.411502 -0.109887 -0.636267 0.305599 -0.330299 0.114198 -0.0813582 0.933404
1305032383.443669 -0.106379 -0.64256 0.308614 -0.330379 0.100001 -0.0883928 0.934364
1305032383.479196 -0.102885 -0.651724 0.310152 -0.332877 0.08564 -0.0958538 0.934169
1305032383.511381 -0.098189 -0.661121 0.312004 -0.334207 0.0754373 -0.102235 0.933897
1305032383.544691 -0.0945242 -0.672033 0.307606 -0.33852 0.0681066 -0.107689 0.932292
1305032383.579562 -0.0991198 -0.676005 0.316368 -0.338652 0.0607871 -0.115385 0.93183
1305032383.613124 -0.0963146 -0.680585 0.30915 -0.329888 0.0503164 -0.112771 0.935909
1305032383.644735 -0.0981687 -0.685571 0.308213 -0.33007 0.0398582 -0.106569 0.937074
1305032383.679654 -0.0999813 -0.689435 0.307853 -0.330607 0.0256195 -0.106581 0.937381
1305032383.712037 -0.103727 -0.698782 0.305086 -0.332647 0.0104415 -0.110136 0.93654
1305032383.742653 -0.104651 -0.703653 0.301292 -0.338678 -0.0043832 -0.112854 0.9341
1305032383.778285 -0.107118 -0.707506 0.304895 -0.346612 -0.0168583 -0.115384 0.930732
1305032383.812039 -0.109833 -0.709115 0.306209 -0.351026 -0.0279082 -0.117437 0.928553
1305032383.843925 -0.111695 -0.717111 0.307368 -0.355038 -0.0401362 -0.120951 0.926125
1305032383.878906 -0.111809 -0.71375 0.306755 -0.355738 -0.0508467 -0.122797 0.925087
1305032383.911427 -0.109391 -0.719611 0.306711 -0.358705 -0.058161 -0.12181 0.92364
1305032383.943289 -0.108344 -0.714086 0.308185 -0.358594 -0.0617144 -0.120162 0.923668
1305032383.979220 -0.106194 -0.713925 0.305545 -0.360038 -0.0633411 -0.115715 0.923564
1305032384.011402 -0.101994 -0.710583 0.305047 -0.3622 -0.0647116 -0.108608 0.923487
1305032384.042763 -0.0979963 -0.705139 0.305956 -0.362872 -0.0652313 -0.101829 0.923959
1305032384.079025 -0.0949949 -0.703948 0.301859 -0.363122 -0.0654131 -0.0949797 0.924577
1305032384.112211 -0.0919858 -0.701783 0.301284 -0.36422 -0.066625 -0.0899284 0.924563
1305032384.143402 -0.0891407 -0.701858 0.30058 -0.364109 -0.0682953 -0.0844193 0.925005
1305032384.179113 -0.0826434 -0.698762 0.301678 -0.362434 -0.0694121 -0.077052 0.926222
1305032384.211262 -0.078987 -0.699331 0.301697 -0.360002 -0.0695788 -0.0740826 0.927399
1305032384.241759 -0.0800939 -0.692727 0.303452 -0.355079 -0.0701285 -0.0733327 0.929313
1305032384.278407 -0.0760016 -0.694358 0.300614 -0.351173 -0.0718426 -0.0705433 0.930881
1305032384.308313 -0.0756543 -0.692872 0.303814 -0.343908 -0.0724814 -0.0675665 0.93376
1305032384.341175 -0.0722799 -0.690211 0.300302 -0.334641 -0.0752247 -0.0626775 0.937245
1305032384.375647 -0.0663625 -0.682915 0.297036 -0.327394 -0.07791 -0.0577746 0.939897
1305032384.411880 -0.0591682 -0.671579 0.292795 -0.322983 -0.0777533 -0.0547196 0.941617
1305032384.444075 -0.0538643 -0.660373 0.288858 -0.320038 -0.0789363 -0.0563769 0.942426
1305032384.479096 -0.0492624 -0.651534 0.283742 -0.317942 -0.0822533 -0.0609286 0.942568
1305032384.512157 -0.0460621 -0.640639 0.27963 -0.316938 -0.0847861 -0.0642688 0.94246
1305032384.544929 -0.041444 -0.628263 0.27601 -0.315984 -0.0863359 -0.0652399 0.942573
1305032384.580765 -0.0368908 -0.616157 0.267597 -0.314458 -0.0888186 -0.065662 0.942823
1305032384.613105 -0.0314212 -0.601957 0.262221 -0.315366 -0.0908014 -0.0662353 0.942291
1305032384.647706 -0.026337 -0.588244 0.261955 -0.314344 -0.0911451 -0.0645717 0.942715
1305032384.679303 -0.0216838 -0.5772 0.254936 -0.311605 -0.0895644 -0.0571518 0.944253
1305032384.712109 -0.0184482 -0.562769 0.249114 -0.30853 -0.0899622 -0.0477448 0.945747
1305032384.746434 -0.00870078 -0.547618 0.246416 -0.303541 -0.0915406 -0.037975 0.94765
1305032384.778315 -0.000748259 -0.534518 0.242049 -0.294515 -0.0901712 -0.0298002 0.950916
1305032384.811269 0.0058026 -0.522855 0.236031 -0.283922 -0.0910564 -0.0223373 0.954253
1305032384.846699 0.0140515 -0.509612 0.22967 -0.267368 -0.0939676 -0.0173748 0.958844
1305032384.879179 0.0221553 -0.496158 0.221115 -0.249379 -0.0964932 -0.0131832 0.963496
1305032384.911051 0.0313491 -0.482094 0.212365 -0.23273 -0.0987274 -0.00837563 0.967481
1305032384.947623 0.0403609 -0.467382 0.204352 -0.217484 -0.0992846 -0.00518916 0.970987
1305032384.979039 0.0514386 -0.45335 0.194571 -0.203165 -0.0991746 0.000495493 0.974109
1305032385.011611 0.0619521 -0.435454 0.185693 -0.188847 -0.0978379 0.0040166 0.977112
1305032385.047788 0.0708041 -0.42477 0.174922 -0.17761 -0.0943077 0.00716455 0.979546
1305032385.079238 0.0823418 -0.406513 0.164948 -0.164699 -0.0936384 0.0149892 0.981775
1305032385.110028 0.0913621 -0.395568 0.153732 -0.157871 -0.0907295 0.0199699 0.98308
1305032385.147955 0.100562 -0.382395 0.146468 -0.150275 -0.0863919 0.0239299 0.984572
1305032385.180315 0.1113 -0.367759 0.136633 -0.140589 -0.0829169 0.0282895 0.986184
1305032385.212521 0.121924 -0.354657 0.130661 -0.135817 -0.0780866 0.0324869 0.987117
1305032385.247861 0.130734 -0.34194 0.123636 -0.127912 -0.0754395 0.035075 0.98829
1305032385.279278 0.142282 -0.32748 0.116685 -0.116788 -0.0728057 0.0342203 0.989893
1305032385.313088 0.149404 -0.311834 0.10896 -0.108861 -0.068204 0.0306186 0.991242
1305032385.347825 0.157536 -0.296386 0.103333 -0.102471 -0.0657011 0.0251262 0.992246
1305032385.379172 0.163098 -0.28281 0.0997903 -0.0954574 -0.0641584 0.0202912 0.993157
1305032385.411331 0.169125 -0.269064 0.0954919 -0.0844016 -0.0660777 0.0126819 0.994158
1305032385.446560 0.174499 -0.253104 0.0922761 -0.0738538 -0.0670897 0.00578841 0.994993
1305032385.478895 0.178077 -0.242202 0.0882977 -0.0677532 -0.0695684 0.000736662 0.995273
1305032385.512276 0.181766 -0.231059 0.0873477 -0.0555823 -0.074171 -0.00677809 0.995672
1305032385.546621 0.185037 -0.218026 0.0850361 -0.0410885 -0.0790308 -0.00840173 0.99599
1305032385.579100 0.188983 -0.201228 0.0823771 -0.0320449 -0.0854671 -0.00990254 0.995776
1305032385.611944 0.193528 -0.184683 0.0814126 -0.029897 -0.0902921 -0.011814 0.995396
1305032385.647972 0.194251 -0.166429 0.0844099 -0.0305486 -0.0937773 -0.0096066 0.995078
1305032385.677687 0.196319 -0.152866 0.0834837 -0.0282583 -0.100827 -0.0041309 0.994494
1305032385.708060 0.198363 -0.13676 0.0848721 -0.0262363 -0.107183 0.00235866 0.99389
1305032385.743325 0.201335 -0.119945 0.0824171 -0.027908 -0.11285 0.0107677 0.993162
1305032385.779209 0.20482 -0.107303 0.0838798 -0.0271935 -0.118642 0.0194802 0.992374
1305032385.816091 0.208918 -0.0916188 0.0842296 -0.0267446 -0.119296 0.0310451 0.992013
1305032385.846913 0.213875 -0.0814112 0.0825417 -0.0290633 -0.11769 0.0440669 0.991646
1305032385.879571 0.217831 -0.0742176 0.0837726 -0.0231326 -0.116059 0.0563428 0.991373
1305032385.915659 0.221078 -0.059416 0.0838143 -0.0149447 -0.115175 0.0732774 0.990526
1305032385.943376 0.225202 -0.0473129 0.0856787 -0.0132757 -0.115184 0.0842951 0.989672
1305032385.980099 0.228659 -0.0381066 0.0886999 -0.00891591 -0.114117 0.0901339 0.98933
1305032386.014821 0.232449 -0.0286149 0.0903011 -0.00348505 -0.112606 0.0945495 0.989125
1305032386.048023 0.236693 -0.0176052 0.0933078 0.00186562 -0.110906 0.10347 0.988428
1305032386.080071 0.240984 -0.00753885 0.0966153 0.00283515 -0.108298 0.115213 0.987416
1305032386.115561 0.240932 0.00236908 0.102196 0.00470265 -0.107971 0.12498 0.986256
1305032386.148299 0.242294 0.0111484 0.104651 0.00740153 -0.113994 0.13121 0.984751
1305032386.179328 0.244759 0.0202035 0.107109 0.0053254 -0.120981 0.13502 0.983415
1305032386.215559 0.246523 0.0282643 0.112453 1.72193e-06 -0.130087 0.139149 0.98169
1305032386.243605 0.247269 0.0355385 0.117705 -0.00452808 -0.140014 0.14455 0.979531
1305032386.278957 0.247847 0.04235 0.123586 -0.00950571 -0.152647 0.145744 0.977429
1305032386.315386 0.251376 0.04862 0.127755 -0.0178124 -0.164216 0.144805 0.975575
1305032386.346831 0.253017 0.052834 0.132796 -0.0242398 -0.175777 0.147214 0.973058
1305032386.379033 0.260842 0.0541509 0.133309 -0.0341889 -0.188674 0.143995 0.970824
1305032386.415310 0.263128 0.0560227 0.137139 -0.0459696 -0.199115 0.137131 0.969245
1305032386.447187 0.26626 0.0542056 0.143166 -0.0548534 -0.21128 0.131851 0.966937
1305032386.479658 0.271683 0.0500831 0.145787 -0.0609361 -0.220925 0.121693 0.965748
1305032386.514929 0.278557 0.0436464 0.146991 -0.0685417 -0.231553 0.114622 0.963612
1305032386.547514 0.281967 0.0347995 0.151781 -0.0714962 -0.244516 0.103527 0.961448
1305032386.578838 0.288304 0.0256672 0.153773 -0.0735844 -0.254891 0.0921873 0.959749
1305032386.614264 0.296063 0.0152258 0.157818 -0.0784852 -0.265202 0.0834091 0.957367
1305032386.646315 0.301786 0.00543102 0.162099 -0.0789516 -0.274291 0.0755046 0.955421
1305032386.678968 0.312325 -0.00540778 0.163952 -0.0780018 -0.28007 0.0680507 0.954382
1305032386.714163 0.322312 -0.0160484 0.167174 -0.0811957 -0.285013 0.0624536 0.953034
1305032386.746448 0.332625 -0.026331 0.169541 -0.0858245 -0.291034 0.0556032 0.951232
1305032386.778959 0.339551 -0.034878 0.176251 -0.0926945 -0.295571 0.0445584 0.949768
1305032386.814157 0.348429 -0.0435085 0.180325 -0.100549 -0.299226 0.0363224 0.948174
1305032386.846480 0.357371 -0.0537213 0.183356 -0.112363 -0.302621 0.0272466 0.946072
1305032386.878932 0.370134 -0.0647731 0.185746 -0.126343 -0.305457 0.0151723 0.943665
1305032386.915107 0.377218 -0.0724892 0.19188 -0.144168 -0.306998 0.00694823 0.940701
1305032386.947042 0.383901 -0.0831585 0.196756 -0.160743 -0.309824 -0.00294398 0.937103
1305032386.979534 0.389319 -0.0942241 0.203104 -0.179231 -0.310769 -0.0164077 0.93329
1305032387.015340 0.399973 -0.110191 0.214484 -0.210153 -0.311298 -0.0249892 0.926447
1305032387.047204 0.407066 -0.122572 0.219958 -0.221117 -0.312403 -0.0274072 0.92345
1305032387.083123 0.41309 -0.141014 0.227858 -0.226928 -0.313886 -0.0334099 0.921338
1305032387.115144 0.422813 -0.159316 0.231969 -0.234492 -0.316423 -0.0432066 0.918163
1305032387.146938 0.425267 -0.174711 0.242282 -0.243594 -0.317442 -0.056745 0.914698
1305032387.183366 0.432131 -0.19057 0.249072 -0.250555 -0.316395 -0.0678863 0.912419
1305032387.211762 0.438269 -0.207697 0.25622 -0.254861 -0.312984 -0.0754379 0.911809
1305032387.243500 0.445336 -0.22329 0.263346 -0.257334 -0.310114 -0.0833043 0.91141
1305032387.283242 0.455638 -0.245623 0.272616 -0.260731 -0.309087 -0.0944442 0.909706
1305032387.315110 0.462326 -0.263747 0.281417 -0.266088 -0.307289 -0.106105 0.907476
1305032387.347681 0.468628 -0.277893 0.288987 -0.27445 -0.30527 -0.115015 0.904577
1305032387.382764 0.47169 -0.293074 0.298078 -0.28232 -0.303719 -0.123235 0.901589
1305032387.414331 0.478431 -0.309035 0.307277 -0.287006 -0.305229 -0.130279 0.898605
1305032387.443532 0.481636 -0.32508 0.318872 -0.2938 -0.306289 -0.137844 0.894912
1305032387.482745 0.485289 -0.341214 0.327828 -0.29963 -0.306799 -0.146154 0.891479
1305032387.511705 0.488035 -0.354845 0.33659 -0.302187 -0.308405 -0.153358 0.888848
1305032387.543542 0.489782 -0.36769 0.344123 -0.303332 -0.313132 -0.159782 0.885668
1305032387.583132 0.493483 -0.385383 0.35259 -0.305472 -0.320921 -0.169502 0.880321
1305032387.614697 0.493021 -0.397089 0.360649 -0.306927 -0.327896 -0.178864 0.875379
1305032387.646620 0.492502 -0.407147 0.36824 -0.307537 -0.335619 -0.188228 0.870259
1305032387.682795 0.493336 -0.42015 0.378001 -0.30917 -0.344877 -0.196123 0.864297
1305032387.715088 0.496958 -0.433553 0.387268 -0.312292 -0.353881 -0.203016 0.85792
1305032387.746770 0.496951 -0.442251 0.39867 -0.317619 -0.360187 -0.209632 0.851727
1305032387.782837 0.498036 -0.451578 0.408082 -0.324671 -0.365391 -0.217609 0.844822
1305032387.815294 0.500218 -0.458752 0.416398 -0.334119 -0.369184 -0.224356 0.837695
1305032387.846872 0.499044 -0.465355 0.425962 -0.34448 -0.371194 -0.227023 0.831871
1305032387.883126 0.49908 -0.474036 0.438776 -0.355912 -0.372222 -0.226316 0.826776
1305032387.914658 0.499978 -0.480513 0.449408 -0.36967 -0.371298 -0.221539 0.822437
1305032387.947098 0.501793 -0.489139 0.459195 -0.380246 -0.371872 -0.221175 0.817439
1305032387.983846 0.503242 -0.496203 0.469974 -0.385623 -0.373627 -0.224601 0.813174
1305032388.015687 0.506128 -0.506376 0.480804 -0.386876 -0.376166 -0.230743 0.809681
1305032388.047380 0.509416 -0.516776 0.490223 -0.38728 -0.377939 -0.2379 0.806585
1305032388.083777 0.508381 -0.521887 0.502662 -0.385294 -0.380298 -0.244389 0.804485
1305032388.115961 0.508302 -0.530336 0.514142 -0.38328 -0.383296 -0.246965 0.803236
1305032388.148173 0.510688 -0.540414 0.525086 -0.379051 -0.388876 -0.247995 0.802243
1305032388.184052 0.511693 -0.552299 0.536028 -0.376192 -0.393016 -0.247383 0.801761
1305032388.212538 0.51654 -0.561875 0.54522 -0.373715 -0.396793 -0.245716 0.801571
1305032388.250425 0.517345 -0.573764 0.556779 -0.375418 -0.398981 -0.242674 0.800615
1305032388.283226 0.518443 -0.57993 0.565936 -0.375834 -0.401578 -0.239512 0.800074
1305032388.315193 0.517372 -0.586454 0.575444 -0.375609 -0.403481 -0.234465 0.800717
1305032388.350541 0.517008 -0.597179 0.586228 -0.374986 -0.405898 -0.229126 0.801333
1305032388.383342 0.515163 -0.605153 0.597345 -0.374869 -0.40746 -0.223549 0.80217
1305032388.414973 0.514528 -0.612709 0.605431 -0.373985 -0.408377 -0.218129 0.803606
1305032388.450875 0.514183 -0.620311 0.613527 -0.372424 -0.409718 -0.21455 0.804612
1305032388.483696 0.509533 -0.627697 0.622708 -0.369529 -0.411788 -0.214305 0.804955
1305032388.515455 0.505586 -0.635114 0.631692 -0.366266 -0.415338 -0.213704 0.804782
1305032388.551418 0.502431 -0.644656 0.639205 -0.363446 -0.420835 -0.214225 0.803064
1305032388.581086 0.49649 -0.65203 0.645184 -0.360974 -0.426555 -0.217395 0.800305
1305032388.615087 0.490404 -0.659322 0.654009 -0.356518 -0.432572 -0.22271 0.797607
1305032388.650929 0.485443 -0.666987 0.659997 -0.354113 -0.436522 -0.228176 0.794977
1305032388.684041 0.480556 -0.668547 0.664999 -0.352892 -0.440559 -0.237568 0.790529
1305032388.713169 0.4741 -0.672857 0.671826 -0.353802 -0.443771 -0.247932 0.785125
1305032388.751435 0.466172 -0.675484 0.676896 -0.355055 -0.446255 -0.256724 0.780311
1305032388.783449 0.457008 -0.677839 0.682949 -0.356567 -0.449021 -0.263682 0.775701
1305032388.814824 0.44827 -0.682312 0.689921 -0.358563 -0.452282 -0.267674 0.771508
1305032388.847513 0.440711 -0.685557 0.696389 -0.359132 -0.456085 -0.269914 0.768217
1305032388.882983 0.432738 -0.686374 0.70228 -0.357993 -0.460156 -0.27219 0.765513
1305032388.914716 0.423083 -0.689433 0.708393 -0.356745 -0.464925 -0.274253 0.762472
1305032388.950492 0.414759 -0.692305 0.715184 -0.355181 -0.469354 -0.275392 0.760074
1305032388.983354 0.409397 -0.693593 0.721088 -0.353281 -0.473791 -0.274624 0.758483
1305032389.015302 0.404628 -0.693825 0.7263 -0.352119 -0.478646 -0.2741 0.756161
1305032389.050498 0.39944 -0.69445 0.733147 -0.349687 -0.485078 -0.27679 0.7522
1305032389.083544 0.396034 -0.694502 0.740592 -0.345161 -0.491993 -0.281017 0.748222
1305032389.114834 0.394092 -0.695001 0.746493 -0.341299 -0.497798 -0.285846 0.744315
1305032389.150563 0.392633 -0.692815 0.753017 -0.339314 -0.502543 -0.289794 0.740497
1305032389.183847 0.389194 -0.692047 0.760538 -0.334872 -0.507582 -0.293693 0.737541
1305032389.215520 0.390941 -0.691278 0.765997 -0.328806 -0.512954 -0.297095 0.735187
1305032389.251042 0.392837 -0.686877 0.769368 -0.323933 -0.518848 -0.299976 0.732037
1305032389.283231 0.394315 -0.68515 0.775491 -0.319797 -0.526273 -0.303277 0.727179
1305032389.315296 0.399916 -0.684015 0.78125 -0.315934 -0.533162 -0.304903 0.723158
1305032389.351461 0.405871 -0.681888 0.788563 -0.314338 -0.53798 -0.306514 0.719597
1305032389.383520 0.412437 -0.676094 0.793 -0.313958 -0.541152 -0.307294 0.717046
1305032389.415851 0.416824 -0.673267 0.800327 -0.313289 -0.54542 -0.308207 0.713705
1305032389.447191 0.423652 -0.669734 0.805115 -0.310368 -0.550074 -0.307855 0.711559
1305032389.484520 0.435807 -0.666757 0.809648 -0.308917 -0.55457 -0.307304 0.708934
1305032389.519411 0.444286 -0.663451 0.81685 -0.308643 -0.557865 -0.308614 0.705892
1305032389.551432 0.452725 -0.661716 0.821877 -0.307749 -0.559594 -0.309467 0.704539
1305032389.583908 0.46187 -0.657307 0.825243 -0.306314 -0.561963 -0.309724 0.703165
1305032389.619179 0.472693 -0.65452 0.830373 -0.306855 -0.565208 -0.30887 0.700699
1305032389.651751 0.479529 -0.654562 0.838585 -0.307309 -0.567936 -0.307689 0.698812
1305032389.683655 0.486878 -0.650901 0.843549 -0.304836 -0.569798 -0.303533 0.700195
1305032389.719141 0.49777 -0.646694 0.846585 -0.301873 -0.571943 -0.298574 0.70186
1305032389.751256 0.507347 -0.642088 0.850183 -0.299299 -0.573884 -0.294357 0.703159
1305032389.783396 0.513615 -0.63765 0.853129 -0.295874 -0.575459 -0.288903 0.705579
1305032389.815171 0.522666 -0.633318 0.856139 -0.292123 -0.577044 -0.280807 0.709106
1305032389.850251 0.531457 -0.627828 0.858547 -0.288666 -0.578442 -0.273388 0.712275
1305032389.883751 0.538144 -0.621113 0.860541 -0.282418 -0.580887 -0.267208 0.71513
1305032389.915433 0.540928 -0.611474 0.860036 -0.270866 -0.586996 -0.26242 0.716382
1305032389.950745 0.54483 -0.5999 0.859195 -0.25853 -0.594676 -0.256012 0.716924
1305032389.982637 0.550172 -0.592571 0.857099 -0.247463 -0.602833 -0.249348 0.716366
1305032390.019198 0.556779 -0.584349 0.856305 -0.23449 -0.612655 -0.242098 0.714882
1305032390.053174 0.564603 -0.576066 0.855729 -0.223798 -0.619825 -0.235872 0.714209
1305032390.081015 0.572284 -0.567276 0.854638 -0.217816 -0.622481 -0.230965 0.715353
1305032390.118347 0.57377 -0.555833 0.853873 -0.212257 -0.624274 -0.225509 0.717199
1305032390.149354 0.578449 -0.545497 0.85273 -0.206703 -0.625828 -0.217094 0.720058
1305032390.183538 0.583819 -0.53516 0.851569 -0.201792 -0.626961 -0.210434 0.722438
1305032390.219241 0.584492 -0.525739 0.850901 -0.195815 -0.627173 -0.204757 0.725524
1305032390.251134 0.58807 -0.515272 0.849864 -0.188764 -0.627006 -0.194852 0.73025
1305032390.282589 0.592083 -0.505591 0.849452 -0.183708 -0.626688 -0.184716 0.734434
1305032390.314979 0.596912 -0.493004 0.84945 -0.179171 -0.625937 -0.173302 0.738964
1305032390.350267 0.601908 -0.483958 0.848646 -0.177045 -0.625173 -0.162849 0.742492
1305032390.382610 0.602912 -0.473205 0.846671 -0.17421 -0.625735 -0.152109 0.744963
1305032390.415081 0.605509 -0.464589 0.84572 -0.169865 -0.627557 -0.142825 0.74627
1305032390.451519 0.608526 -0.454554 0.845741 -0.165379 -0.629165 -0.134395 0.747489
1305032390.479658 0.611885 -0.445743 0.846633 -0.162648 -0.630464 -0.126648 0.748346
1305032390.514929 0.613345 -0.436673 0.847508 -0.158842 -0.632055 -0.1187 0.749123
1305032390.550339 0.616853 -0.428778 0.849405 -0.153706 -0.633331 -0.110447 0.750378
1305032390.582772 0.619253 -0.417112 0.850212 -0.149265 -0.634067 -0.101087 0.751971
1305032390.618377 0.621007 -0.410335 0.853712 -0.145471 -0.634564 -0.0923453 0.753419
1305032390.650434 0.624561 -0.400525 0.858928 -0.140484 -0.633955 -0.0829555 0.755965
1305032390.682873 0.630463 -0.390023 0.860358 -0.135915 -0.633524 -0.0757531 0.757916
1305032390.718194 0.634141 -0.378177 0.864095 -0.132719 -0.634262 -0.0695607 0.758458
1305032390.750175 0.638517 -0.366358 0.868924 -0.131613 -0.634483 -0.0636699 0.758983
1305032390.786274 0.64205 -0.354164 0.873069 -0.132254 -0.634504 -0.059724 0.759175
1305032390.818507 0.643473 -0.342711 0.877208 -0.132978 -0.634738 -0.0565652 0.759095
1305032390.850437 0.646409 -0.332354 0.882853 -0.132444 -0.635735 -0.0517356 0.758698
1305032390.886597 0.650705 -0.319426 0.889699 -0.131386 -0.637158 -0.0474222 0.75797
1305032390.918398 0.653177 -0.306592 0.896464 -0.129132 -0.638503 -0.0435058 0.757461
1305032390.950305 0.654951 -0.293097 0.90249 -0.123847 -0.640549 -0.0380098 0.756911
1305032390.987238 0.656836 -0.276752 0.908544 -0.114975 -0.644077 -0.0307043 0.755647
1305032391.019268 0.663586 -0.262049 0.917968 -0.110195 -0.647512 -0.0264437 0.753582
1305032391.051279 0.667269 -0.247352 0.922684 -0.109882 -0.648485 -0.0233476 0.752893
1305032391.087153 0.666987 -0.234765 0.929089 -0.111499 -0.64975 -0.0191466 0.751682
1305032391.118251 0.665286 -0.221797 0.932648 -0.108669 -0.652473 -0.0143716 0.749843
1305032391.150434 0.669969 -0.207964 0.939241 -0.104487 -0.655599 -0.00943996 0.747786
1305032391.186761 0.67138 -0.193382 0.944716 -0.103192 -0.656849 -0.00510704 0.74691
1305032391.218382 0.671546 -0.179872 0.947247 -0.104151 -0.657312 0.00112404 0.746386
1305032391.250262 0.677461 -0.166182 0.953686 -0.10477 -0.659055 0.0083531 0.744714
1305032391.286409 0.678699 -0.152925 0.956399 -0.105194 -0.660391 0.0130541 0.743403
1305032391.318198 0.678557 -0.139672 0.957926 -0.107042 -0.661777 0.0185236 0.741789
1305032391.350223 0.678758 -0.126674 0.9605 -0.109015 -0.662968 0.0244276 0.740265
1305032391.386404 0.680284 -0.113739 0.963009 -0.111515 -0.664251 0.0295394 0.738555
1305032391.418275 0.680522 -0.103451 0.964344 -0.114729 -0.666282 0.033058 0.736079
1305032391.450231 0.68153 -0.0918017 0.967357 -0.118592 -0.668583 0.0379238 0.73314
1305032391.483296 0.681156 -0.0821629 0.969939 -0.123619 -0.669471 0.0409993 0.731332
1305032391.518579 0.678599 -0.0736823 0.971169 -0.12779 -0.668985 0.0457171 0.73078
1305032391.548166 0.680088 -0.0651218 0.971029 -0.131521 -0.668714 0.0538828 0.729808
1305032391.584774 0.679637 -0.0546959 0.970228 -0.135613 -0.668831 0.0612924 0.728366
1305032391.617070 0.677649 -0.0460835 0.96728 -0.139472 -0.668954 0.0660458 0.727108
1305032391.647210 0.677934 -0.0402391 0.964377 -0.143385 -0.669958 0.0700628 0.725044
1305032391.683817 0.676737 -0.0316874 0.960897 -0.147995 -0.671917 0.0741169 0.721894
1305032391.719489 0.674725 -0.0248034 0.957977 -0.153032 -0.674091 0.0735429 0.71887
1305032391.748029 0.669302 -0.0169551 0.953814 -0.155582 -0.675165 0.0712785 0.717542
1305032391.784539 0.669402 -0.0111662 0.950597 -0.159635 -0.674461 0.0721551 0.717225
1305032391.815353 0.666421 -0.00428361 0.947102 -0.166082 -0.671069 0.0728707 0.718869
1305032391.850480 0.663071 0.000640748 0.942584 -0.169533 -0.666406 0.0714886 0.722531
1305032391.884688 0.662362 0.00454344 0.938019 -0.169623 -0.662521 0.0723302 0.725991
1305032391.921342 0.660722 0.00986201 0.932934 -0.170201 -0.659666 0.0728423 0.7284
1305032391.953133 0.656781 0.0151832 0.928768 -0.170487 -0.658804 0.07017 0.729375
1305032391.983420 0.650873 0.0149832 0.927616 -0.165544 -0.659547 0.0658608 0.730243
