1305032354.009456 0 0 0 0 0 0 1
1305032354.045335 -0.00149081 -0.012717 0.00308399 -0.00975618 0.001016 -0.00165002 0.999951
1305032354.076940 -0.00216288 -0.0250337 -0.00110616 -0.0186281 -0.00113274 -0.00400112 0.999818
1305032354.109860 -0.00114924 -0.0370428 -0.00815528 -0.0334063 0.000633548 -0.00801677 0.99941
1305032354.145200 -0.00100792 -0.0504703 -0.00762703 -0.0509164 0.00415373 -0.00728834 0.998668
1305032354.177151 -0.00207636 -0.0674558 -0.00456843 -0.0665433 0.00577065 -0.000189036 0.997767
1305032354.209651 -0.0018664 -0.0831921 -0.00826635 -0.0813727 0.00791056 0.00370532 0.996645
1305032354.244910 -0.00202307 -0.1007 -0.00742765 -0.0974675 0.0100992 0.00402681 0.995179
1305032354.277122 -0.00228477 -0.118367 -0.00648444 -0.105238 0.0118194 0.00373815 0.99437
1305032354.309733 -0.00210256 -0.136328 -0.0103865 -0.109608 0.0109254 0.000165521 0.993915
1305032354.345124 -0.00236133 -0.155426 -0.0110191 -0.115723 0.010722 -0.00540827 0.993209
1305032354.377091 -0.0017005 -0.177544 -0.0136171 -0.120119 0.0103711 -0.0100838 0.992654
1305032354.407556 -0.000303142 -0.19832 -0.0151091 -0.124726 0.00905616 -0.0148043 0.992039
1305032354.445200 0.000795837 -0.219082 -0.0230061 -0.13344 0.00968952 -0.0193063 0.990821
1305032354.477221 0.000901669 -0.236122 -0.0224665 -0.144183 0.0117617 -0.0213637 0.98925
1305032354.510161 0.00365817 -0.255788 -0.0325159 -0.156006 0.0149045 -0.0207674 0.987425
1305032354.545622 0.00557493 -0.268169 -0.0362167 -0.171117 0.0200329 -0.0163828 0.984911
1305032354.577445 0.00326165 -0.288189 -0.0338192 -0.1904 0.0249986 -0.0116472 0.981319
1305032354.610249 0.00402849 -0.299512 -0.029565 -0.203165 0.0291653 -0.00297337 0.978706
1305032354.645613 0.00373494 -0.311798 -0.0244227 -0.21537 0.032295 0.00169585 0.975997
1305032354.677651 0.00433331 -0.322318 -0.0233107 -0.225624 0.0329104 0.0102012 0.973605
1305032354.709984 0.00417937 -0.335488 -0.0233309 -0.236807 0.0309764 0.0131787 0.970973
1305032354.745813 0.00604585 -0.348186 -0.0193669 -0.247164 0.0269482 0.0138915 0.968499
1305032354.777561 0.00674714 -0.362515 -0.0161437 -0.254449 0.023142 0.00921298 0.966765
1305032354.813526 0.00980773 -0.377883 -0.0166726 -0.259338 0.0183219 0.0050072 0.9656
1305032354.845896 0.0141365 -0.393812 -0.0184679 -0.26621 0.014007 -0.000417921 0.963813
1305032354.877727 0.0146843 -0.405001 -0.0151706 -0.272349 0.0101513 -0.00592026 0.962127
1305032354.913596 0.0184363 -0.420934 -0.0173465 -0.280301 0.00372254 -0.0112115 0.959839
1305032354.946029 0.0205405 -0.433638 -0.0145152 -0.291622 -0.0026428 -0.0209179 0.956301
1305032354.977691 0.0244183 -0.448208 -0.0145067 -0.296699 -0.00764071 -0.0291776 0.954495
1305032355.013557 0.0286187 -0.459275 -0.0176127 -0.308899 -0.0132116 -0.0372254 0.950274
1305032355.045678 0.0292817 -0.472177 -0.00691844 -0.32227 -0.0197502 -0.0501974 0.94511
1305032355.077711 0.0327678 -0.485163 -0.00295847 -0.328855 -0.0292431 -0.0615891 0.941916
1305032355.113721 0.0338838 -0.495182 0.00535132 -0.336321 -0.0407809 -0.0708935 0.938189
1305032355.145771 0.0374314 -0.508807 0.00545591 -0.346865 -0.0539169 -0.0744353 0.933401
1305032355.177863 0.0384648 -0.520703 0.0144811 -0.358488 -0.067374 -0.0823471 0.927452
1305032355.213995 0.0399371 -0.530032 0.0246118 -0.366455 -0.0813188 -0.0856497 0.92291
1305032355.246379 0.0426551 -0.541377 0.0340661 -0.37375 -0.0992234 -0.0897078 0.917833
1305032355.278991 0.0412109 -0.550547 0.0447062 -0.37647 -0.117052 -0.0934613 0.91424
1305032355.312689 0.0475688 -0.565327 0.0468377 -0.379804 -0.135013 -0.0945036 0.910269
1305032355.347016 0.0508543 -0.575732 0.055589 -0.385077 -0.149485 -0.0959213 0.905632
1305032355.379246 0.0542806 -0.581167 0.0655023 -0.38559 -0.165873 -0.0985508 0.902272
1305032355.415084 0.0598801 -0.590849 0.0757939 -0.385736 -0.179296 -0.1032 0.899117
1305032355.446636 0.0637159 -0.601772 0.0805022 -0.383735 -0.189451 -0.108107 0.897312
1305032355.479127 0.0710416 -0.611253 0.0857565 -0.379389 -0.203788 -0.109795 0.895812
1305032355.514371 0.0800183 -0.61913 0.0928547 -0.376957 -0.218272 -0.109334 0.89348
1305032355.546522 0.0941866 -0.631945 0.100209 -0.375833 -0.231356 -0.10762 0.890866
1305032355.578354 0.107082 -0.634501 0.107972 -0.373921 -0.240949 -0.107327 0.889161
1305032355.614298 0.122758 -0.635683 0.122063 -0.370295 -0.248007 -0.10635 0.888855
1305032355.646429 0.13422 -0.647418 0.128561 -0.366614 -0.252271 -0.107454 0.889048
1305032355.679021 0.14322 -0.661218 0.128976 -0.363158 -0.257819 -0.107162 0.88891
1305032355.715171 0.156073 -0.662059 0.141111 -0.357166 -0.266137 -0.103412 0.889331
1305032355.747547 0.173842 -0.664966 0.142396 -0.349186 -0.271355 -0.100932 0.891206
1305032355.779172 0.191468 -0.666065 0.1432 -0.347417 -0.271759 -0.10342 0.891489
1305032355.815082 0.198847 -0.658159 0.144584 -0.338055 -0.267375 -0.105358 0.896175
1305032355.847746 0.211119 -0.671937 0.153046 -0.317582 -0.265206 -0.110259 0.903687
1305032355.879256 0.227198 -0.682208 0.145049 -0.299585 -0.265109 -0.120694 0.908515
1305032355.914958 0.239059 -0.698451 0.138183 -0.298089 -0.262447 -0.126511 0.908988
1305032355.947516 0.255831 -0.716792 0.152585 -0.308021 -0.262175 -0.12308 0.906222
1305032355.979562 0.266202 -0.721553 0.15193 -0.319999 -0.261164 -0.116842 0.903184
1305032356.015124 0.271395 -0.726709 0.15965 -0.331659 -0.265287 -0.107805 0.89889
1305032356.047385 0.27915 -0.757135 0.161604 -0.34001 -0.275279 -0.0992252 0.893739
1305032356.083040 0.296631 -0.754618 0.160389 -0.334469 -0.288785 -0.0935444 0.892179
1305032356.114352 0.310773 -0.747428 0.165517 -0.332667 -0.300032 -0.0941103 0.889077
1305032356.146404 0.325304 -0.7383 0.178408 -0.334225 -0.311722 -0.100382 0.883769
1305032356.182442 0.332468 -0.737735 0.192304 -0.33142 -0.321102 -0.110875 0.880205
1305032356.214279 0.338468 -0.738006 0.196284 -0.319405 -0.32956 -0.121791 0.880078
1305032356.246658 0.352584 -0.735148 0.19667 -0.304226 -0.339058 -0.126558 0.881175
1305032356.282363 0.364683 -0.732402 0.194902 -0.299175 -0.342763 -0.126207 0.881521
1305032356.314238 0.369839 -0.732008 0.201426 -0.299373 -0.346456 -0.121765 0.880635
1305032356.346442 0.369308 -0.728422 0.213769 -0.293542 -0.35262 -0.116517 0.880861
1305032356.382453 0.376433 -0.722258 0.221682 -0.277812 -0.361308 -0.108725 0.883434
1305032356.414237 0.384086 -0.713827 0.225434 -0.261864 -0.370484 -0.104221 0.885046
1305032356.446755 0.389673 -0.700747 0.232671 -0.247028 -0.378905 -0.103047 0.885883
1305032356.482444 0.397783 -0.684064 0.243295 -0.231855 -0.383736 -0.102594 0.887955
1305032356.514490 0.406976 -0.677956 0.245412 -0.216427 -0.384637 -0.108279 0.89078
1305032356.546721 0.416449 -0.661592 0.255464 -0.198424 -0.385321 -0.116784 0.893598
1305032356.582446 0.431298 -0.643394 0.249265 -0.185109 -0.38263 -0.12323 0.89674
1305032356.614314 0.441929 -0.618508 0.260385 -0.177962 -0.380993 -0.131502 0.897709
1305032356.646374 0.440812 -0.615421 0.267075 -0.170262 -0.377513 -0.136083 0.899987
1305032356.683322 0.450266 -0.596457 0.267991 -0.158928 -0.37505 -0.132121 0.903672
1305032356.715172 0.448022 -0.584837 0.270574 -0.154004 -0.372291 -0.128059 0.906247
1305032356.743534 0.457084 -0.563541 0.273195 -0.143546 -0.370251 -0.121395 0.90971
1305032356.782372 0.470668 -0.543018 0.279288 -0.13694 -0.369812 -0.116691 0.911521
1305032356.814985 0.471761 -0.534499 0.289147 -0.128347 -0.369702 -0.10761 0.91393
1305032356.846535 0.485027 -0.503865 0.292045 -0.11669 -0.373225 -0.0952336 0.915433
1305032356.882068 0.492102 -0.474434 0.288218 -0.111881 -0.374551 -0.0876404 0.91625
1305032356.914707 0.500194 -0.456857 0.289145 -0.111118 -0.376532 -0.0757391 0.916592
1305032356.947460 0.503737 -0.438079 0.285903 -0.111534 -0.379278 -0.0627085 0.916393
1305032356.982294 0.510136 -0.416232 0.292022 -0.11186 -0.383315 -0.0511774 0.915389
1305032357.014261 0.519325 -0.410301 0.301866 -0.116229 -0.387747 -0.0412937 0.913476
1305032357.046550 0.529406 -0.399354 0.304248 -0.113254 -0.393601 -0.0315492 0.911733
1305032357.082118 0.535989 -0.383152 0.303288 -0.109671 -0.40068 -0.0217976 0.909369
1305032357.114108 0.539835 -0.367386 0.309719 -0.104915 -0.409842 -0.0138415 0.905997
1305032357.146528 0.55478 -0.344972 0.30269 -0.0977559 -0.414984 -0.00824777 0.904524
1305032357.182108 0.559118 -0.334424 0.306731 -0.0986639 -0.418057 -0.0026587 0.903043
1305032357.214184 0.561923 -0.320707 0.312845 -0.092563 -0.424706 0.00649804 0.900564
1305032357.250098 0.570292 -0.302048 0.314533 -0.0809253 -0.427444 0.0126467 0.900324
1305032357.282087 0.576675 -0.280383 0.310923 -0.0739604 -0.425015 0.022324 0.901883
1305032357.314085 0.583987 -0.268228 0.31576 -0.073388 -0.424976 0.0341246 0.901579
1305032357.350168 0.587509 -0.252828 0.311681 -0.0679705 -0.424409 0.0421255 0.901933
1305032357.382141 0.600082 -0.231144 0.306584 -0.0663904 -0.423918 0.0485193 0.90196
1305032357.414454 0.596902 -0.215039 0.306579 -0.0701521 -0.421842 0.0531838 0.902385
1305032357.450340 0.604788 -0.198871 0.300295 -0.0740672 -0.420136 0.0625654 0.902267
1305032357.482241 0.603266 -0.17914 0.302105 -0.0827454 -0.418296 0.0706237 0.901772
1305032357.513987 0.605575 -0.161812 0.299271 -0.0888183 -0.415469 0.0766769 0.902008
1305032357.549979 0.609519 -0.14953 0.295319 -0.0947735 -0.412673 0.083131 0.902113
1305032357.582946 0.612202 -0.138752 0.292581 -0.0985878 -0.411312 0.0865729 0.902002
1305032357.611057 0.617807 -0.125841 0.287188 -0.102203 -0.40969 0.0873592 0.902262
1305032357.650783 0.621982 -0.111529 0.283694 -0.107503 -0.407381 0.0833225 0.903073
1305032357.683024 0.620192 -0.100947 0.288943 -0.114166 -0.404676 0.0823796 0.903558
1305032357.710979 0.626421 -0.0930207 0.284942 -0.11865 -0.400383 0.0821916 0.904909
1305032357.750457 0.630829 -0.0811359 0.282869 -0.122713 -0.394975 0.0783383 0.907083
1305032357.783108 0.630892 -0.0748335 0.283932 -0.126014 -0.390082 0.0758059 0.908961
1305032357.814444 0.636692 -0.0680945 0.280317 -0.127035 -0.385364 0.072025 0.911136
1305032357.850329 0.636525 -0.0570398 0.279474 -0.130453 -0.378218 0.0662292 0.914082
1305032357.882357 0.635544 -0.0496288 0.284547 -0.132038 -0.372347 0.0636352 0.916447
1305032357.914168 0.634768 -0.0428664 0.284163 -0.128591 -0.364078 0.0632438 0.920278
1305032357.948987 0.633376 -0.0379256 0.280454 -0.125938 -0.357465 0.0662883 0.923019
1305032357.982077 0.631729 -0.0341758 0.280333 -0.121814 -0.354271 0.0656937 0.924845
1305032358.010855 0.629387 -0.0289334 0.279469 -0.114518 -0.351596 0.0667969 0.926717
1305032358.050220 0.627984 -0.0219144 0.278805 -0.102715 -0.349443 0.0721734 0.92851
1305032358.082211 0.62425 -0.0184492 0.278636 -0.0954419 -0.348246 0.0733108 0.929646
1305032358.115784 0.618345 -0.0151734 0.281722 -0.0803282 -0.349043 0.0745886 0.930673
1305032358.150676 0.614338 -0.0066091 0.282194 -0.0665896 -0.35016 0.0784559 0.93102
1305032358.183396 0.605007 -0.00401839 0.284925 -0.0563334 -0.351807 0.0790956 0.931022
1305032358.214748 0.599701 -0.000575661 0.286202 -0.0433419 -0.35496 0.0835212 0.930134
1305032358.251221 0.589885 0.00677468 0.292707 -0.0311123 -0.359246 0.0901639 0.928356
1305032358.283060 0.581547 0.0105178 0.295378 -0.0270455 -0.361722 0.0928258 0.927259
1305032358.314611 0.574576 0.0162618 0.298702 -0.0171748 -0.366672 0.100415 0.924756
1305032358.350749 0.568847 0.0252993 0.30059 -0.0116194 -0.370354 0.106646 0.922675
1305032358.381865 0.558448 0.0294762 0.307008 -0.0128298 -0.377276 0.108502 0.919633
1305032358.414355 0.554683 0.0332208 0.312181 -0.0102368 -0.387601 0.110538 0.915118
1305032358.447967 0.554339 0.0429579 0.311998 -0.00566612 -0.392904 0.112173 0.912695
1305032358.481387 0.553105 0.0489661 0.313311 -0.0115574 -0.394469 0.111716 0.91202
1305032358.517650 0.551602 0.0542744 0.316029 -0.0168625 -0.394852 0.112109 0.911723
1305032358.548167 0.552312 0.0603413 0.317691 -0.0198725 -0.393743 0.11204 0.91215
1305032358.582146 0.554324 0.0674571 0.313018 -0.0231976 -0.392047 0.113817 0.912583
1305032358.616710 0.556295 0.0691601 0.312261 -0.0274105 -0.391766 0.111325 0.912894
1305032358.649112 0.556176 0.0671427 0.314041 -0.0296808 -0.391983 0.111013 0.912768
1305032358.681202 0.557889 0.067472 0.311253 -0.0299218 -0.392236 0.111149 0.912634
1305032358.716920 0.558839 0.062735 0.310217 -0.0317643 -0.39271 0.111682 0.912303
1305032358.746598 0.561202 0.05425 0.311812 -0.0298053 -0.394928 0.113334 0.911208
1305032358.779352 0.564192 0.0463092 0.30851 -0.0259693 -0.398455 0.112154 0.909935
1305032358.817050 0.566526 0.0376935 0.308384 -0.0233404 -0.405152 0.110041 0.907303
1305032358.849277 0.574106 0.0248901 0.306622 -0.0202313 -0.412195 0.106644 0.904607
1305032358.882669 0.581949 0.0143632 0.304027 -0.0156529 -0.416419 0.10629 0.902803
1305032358.917982 0.588879 0.00325857 0.301206 -0.0160345 -0.420516 0.104685 0.901083
1305032358.951038 0.595075 -0.0147815 0.303029 -0.0178096 -0.426139 0.097963 0.899162
1305032358.983085 0.602765 -0.0236302 0.300589 -0.0188897 -0.431337 0.0927122 0.897216
1305032359.019148 0.616792 -0.0341497 0.297013 -0.0257592 -0.435472 0.0809265 0.896187
1305032359.051225 0.62389 -0.0467667 0.29786 -0.0335446 -0.436986 0.0668586 0.896353
1305032359.082899 0.63222 -0.0611766 0.297644 -0.0413965 -0.437396 0.0565929 0.896531
1305032359.118855 0.641448 -0.0737289 0.298597 -0.0492703 -0.436668 0.0470159 0.897041
1305032359.151254 0.653182 -0.0897418 0.298937 -0.0588234 -0.43364 0.0361638 0.898437
1305032359.183363 0.662532 -0.104957 0.29845 -0.0685599 -0.431219 0.0276357 0.899214
1305032359.219267 0.672355 -0.120018 0.299435 -0.0827599 -0.428311 0.0187853 0.899637
1305032359.251063 0.683144 -0.132139 0.2994 -0.0991812 -0.422969 0.0126145 0.900611
1305032359.283123 0.687035 -0.15077 0.30169 -0.116676 -0.417374 0.00356736 0.901206
1305032359.319238 0.692855 -0.169102 0.30279 -0.128513 -0.414967 -0.00802632 0.900679
1305032359.350945 0.69765 -0.185246 0.30656 -0.142478 -0.412216 -0.0177788 0.899701
1305032359.383033 0.699961 -0.201566 0.310047 -0.1564 -0.408399 -0.0263438 0.898919
1305032359.418684 0.703773 -0.217231 0.311606 -0.166128 -0.407028 -0.0344514 0.897521
1305032359.450700 0.706609 -0.237647 0.315984 -0.173457 -0.406551 -0.046357 0.895813
1305032359.482630 0.707191 -0.255569 0.319891 -0.184068 -0.405296 -0.0565587 0.893675
1305032359.517271 0.70838 -0.281777 0.32591 -0.193054 -0.404794 -0.0627149 0.891593
1305032359.549406 0.713193 -0.299648 0.325916 -0.19728 -0.404705 -0.0661656 0.890459
1305032359.580783 0.715061 -0.308582 0.33447 -0.20921 -0.403057 -0.0702213 0.88817
1305032359.618509 0.707123 -0.325346 0.343436 -0.224062 -0.398758 -0.0734441 0.886225
1305032359.648297 0.710785 -0.340541 0.349918 -0.236495 -0.396996 -0.0744693 0.883696
1305032359.682616 0.702915 -0.357825 0.357853 -0.247556 -0.395813 -0.0811854 0.8806
1305032359.717507 0.692131 -0.37108 0.365516 -0.252907 -0.398599 -0.0886839 0.877093
1305032359.747140 0.699106 -0.396041 0.374283 -0.26354 -0.404942 -0.0913083 0.870765
1305032359.784467 0.693856 -0.412379 0.387487 -0.271329 -0.406675 -0.100575 0.866534
1305032359.814695 0.690201 -0.428787 0.396541 -0.276872 -0.407991 -0.107314 0.863347
1305032359.847549 0.687316 -0.443511 0.408622 -0.2849 -0.410729 -0.113845 0.858588
1305032359.886136 0.681103 -0.46085 0.42068 -0.291182 -0.412585 -0.120897 0.854618
1305032359.915265 0.679417 -0.473798 0.429647 -0.296841 -0.416299 -0.128218 0.849789
1305032359.947309 0.679772 -0.493315 0.440485 -0.303848 -0.421484 -0.13705 0.843353
1305032359.984090 0.677853 -0.506752 0.45103 -0.311221 -0.427275 -0.146676 0.8361
1305032360.018877 0.674135 -0.515769 0.464737 -0.320826 -0.43352 -0.159211 0.826912
1305032360.051651 0.66549 -0.527124 0.476609 -0.330473 -0.438691 -0.17109 0.817965
1305032360.087324 0.661123 -0.539013 0.488125 -0.340012 -0.445468 -0.1839 0.807547
1305032360.119052 0.65112 -0.544061 0.502018 -0.348922 -0.452042 -0.194013 0.797665
1305032360.151201 0.641278 -0.548684 0.51551 -0.355056 -0.460423 -0.202693 0.787948
1305032360.187139 0.636149 -0.560343 0.530335 -0.358595 -0.47019 -0.213346 0.777698
1305032360.218935 0.624534 -0.56639 0.544956 -0.360893 -0.47715 -0.224129 0.769318
1305032360.251170 0.605924 -0.569923 0.559027 -0.362288 -0.484956 -0.231473 0.761568
1305032360.285679 0.599554 -0.574885 0.573084 -0.358215 -0.49793 -0.235552 0.753832
1305032360.318280 0.580175 -0.589396 0.592413 -0.353171 -0.510208 -0.246436 0.744465
1305032360.347303 0.57274 -0.600694 0.605983 -0.344969 -0.522237 -0.251288 0.738322
1305032360.387567 0.560517 -0.60539 0.616823 -0.33975 -0.5344 -0.257533 0.729838
1305032360.419307 0.557377 -0.616737 0.628403 -0.334852 -0.544898 -0.267939 0.720533
1305032360.447080 0.542984 -0.623405 0.641966 -0.329939 -0.551739 -0.27827 0.713646
1305032360.487302 0.541799 -0.637779 0.658291 -0.326398 -0.559778 -0.284438 0.706546
1305032360.516084 0.528254 -0.646826 0.670112 -0.32395 -0.56461 -0.291127 0.701083
1305032360.550452 0.512699 -0.653665 0.681406 -0.321318 -0.569405 -0.294679 0.69692
1305032360.585577 0.50271 -0.659481 0.692207 -0.31625 -0.574204 -0.298562 0.69364
1305032360.616453 0.4843 -0.664049 0.69827 -0.307908 -0.580022 -0.304546 0.689941
1305032360.651196 0.467639 -0.670797 0.710949 -0.29517 -0.590641 -0.308411 0.684764
1305032360.683724 0.453098 -0.675873 0.717913 -0.276711 -0.60103 -0.313649 0.681042
1305032360.716902 0.437408 -0.681174 0.722531 -0.258921 -0.60987 -0.314492 0.679789
1305032360.750823 0.425057 -0.682329 0.723018 -0.24482 -0.619141 -0.312197 0.677687
1305032360.787088 0.424205 -0.676604 0.726391 -0.235117 -0.628682 -0.301849 0.677027
1305032360.817705 0.406131 -0.691206 0.726389 -0.235422 -0.634602 -0.294008 0.674845
1305032360.851074 0.399737 -0.68259 0.728981 -0.232269 -0.641671 -0.287884 0.671887
1305032360.887553 0.395782 -0.685434 0.736066 -0.229995 -0.648117 -0.291003 0.665105
1305032360.919281 0.383014 -0.680947 0.743086 -0.226524 -0.654161 -0.297206 0.657593
1305032360.951273 0.375847 -0.685817 0.747892 -0.221852 -0.660626 -0.29792 0.652379
1305032360.983341 0.380898 -0.677702 0.749297 -0.21787 -0.667771 -0.295454 0.64755
1305032361.019684 0.38195 -0.672704 0.753227 -0.219674 -0.673244 -0.296514 0.640754
1305032361.055112 0.376463 -0.66652 0.759186 -0.222787 -0.678119 -0.30047 0.632644
1305032361.083402 0.369276 -0.660378 0.763444 -0.220343 -0.683933 -0.304844 0.625104
1305032361.118826 0.364058 -0.654515 0.76991 -0.213107 -0.69268 -0.304483 0.618118
1305032361.155055 0.364421 -0.657894 0.779675 -0.201594 -0.70404 -0.302675 0.60998
1305032361.187451 0.36873 -0.649484 0.791804 -0.186471 -0.715345 -0.294462 0.605642
1305032361.214912 0.369799 -0.64027 0.800918 -0.172482 -0.72361 -0.288335 0.602911
1305032361.250889 0.377102 -0.632875 0.812234 -0.160358 -0.732611 -0.280654 0.598999
1305032361.283006 0.388508 -0.62247 0.824799 -0.149035 -0.741696 -0.273898 0.593847
1305032361.318300 0.405592 -0.610124 0.833147 -0.143076 -0.747004 -0.271179 0.589895
1305032361.353596 0.415911 -0.60258 0.850407 -0.141401 -0.7531 -0.268557 0.583715
1305032361.385885 0.427421 -0.589331 0.865251 -0.137769 -0.760654 -0.264894 0.576417
1305032361.418314 0.444429 -0.568886 0.877853 -0.132366 -0.766094 -0.264238 0.570752
1305032361.454287 0.451491 -0.559883 0.890514 -0.127112 -0.769681 -0.264726 0.56688
1305032361.482980 0.464785 -0.553194 0.904379 -0.122895 -0.772914 -0.262579 0.564405
1305032361.517186 0.47038 -0.541087 0.913572 -0.118578 -0.777036 -0.26055 0.560596
1305032361.554410 0.477673 -0.534502 0.925233 -0.107809 -0.783898 -0.255806 0.555378
1305032361.586249 0.494052 -0.538933 0.940806 -0.0969029 -0.788234 -0.250909 0.553481
1305032361.614853 0.509871 -0.519893 0.956572 -0.0863506 -0.792028 -0.242073 0.553747
1305032361.654354 0.5217 -0.505615 0.974709 -0.075545 -0.795512 -0.230044 0.555458
1305032361.683032 0.530495 -0.494215 0.987001 -0.0660646 -0.796027 -0.218318 0.560637
1305032361.715384 0.547434 -0.489818 0.998568 -0.0599624 -0.79622 -0.20634 0.565564
1305032361.754316 0.552685 -0.467954 1.01359 -0.0607173 -0.794693 -0.193345 0.572184
1305032361.782986 0.565746 -0.455685 1.02727 -0.0678308 -0.78848 -0.184609 0.582767
1305032361.819589 0.579297 -0.442761 1.04359 -0.0754309 -0.782972 -0.177906 0.591282
1305032361.855109 0.583379 -0.423228 1.05071 -0.083341 -0.777172 -0.173208 0.599213
1305032361.886775 0.586855 -0.409417 1.05322 -0.0888187 -0.773519 -0.168851 0.604374
1305032361.919175 0.591406 -0.395499 1.05711 -0.0918281 -0.771413 -0.163404 0.608103
1305032361.955033 0.593278 -0.373715 1.05499 -0.0901809 -0.771383 -0.145204 0.612985
1305032361.987135 0.607802 -0.355532 1.07292 -0.0999615 -0.772773 -0.133465 0.612387
1305032362.019273 0.60826 -0.341368 1.07706 -0.105052 -0.771709 -0.135467 0.612436
1305032362.054809 0.611698 -0.328673 1.08173 -0.109614 -0.768859 -0.131143 0.616151
1305032362.086432 0.614535 -0.310929 1.08777 -0.117825 -0.766928 -0.11953 0.619396
1305032362.118268 0.61839 -0.297198 1.09166 -0.125541 -0.764972 -0.107681 0.622465
1305032362.154488 0.619074 -0.274382 1.09341 -0.130105 -0.763456 -0.0964553 0.625224
1305032362.186946 0.622077 -0.257919 1.09838 -0.132797 -0.765073 -0.0897849 0.623672
1305032362.223302 0.628086 -0.241962 1.11159 -0.134565 -0.767599 -0.0843004 0.620949
1305032362.254745 0.628523 -0.216147 1.11284 -0.139691 -0.768691 -0.0764275 0.619483
1305032362.286962 0.629758 -0.201733 1.11963 -0.142655 -0.771407 -0.0730466 0.615829
1305032362.322988 0.62877 -0.183692 1.123 -0.142763 -0.775113 -0.06669 0.611859
1305032362.355069 0.629838 -0.163669 1.13042 -0.143001 -0.780599 -0.0598833 0.6055
1305032362.386153 0.627612 -0.14405 1.13805 -0.141824 -0.786579 -0.0535436 0.598592
1305032362.421202 0.62525 -0.124739 1.14632 -0.138302 -0.792301 -0.0462443 0.592447
1305032362.452718 0.636774 -0.108503 1.16797 -0.134531 -0.798453 -0.0398825 0.585477
1305032362.487094 0.637676 -0.0914201 1.17715 -0.134944 -0.802569 -0.0356665 0.58
1305032362.523226 0.632433 -0.0743002 1.18161 -0.132 -0.807066 -0.0323591 0.574607
1305032362.554152 0.626352 -0.0568622 1.1865 -0.126973 -0.810565 -0.0300271 0.57093
1305032362.586874 0.622583 -0.0417555 1.18987 -0.124379 -0.813087 -0.0222063 0.568266
1305032362.623276 0.623138 -0.0255798 1.19594 -0.125647 -0.814582 -0.0158175 0.566055
1305032362.655272 0.622665 -0.00819209 1.20012 -0.12974 -0.816363 -0.0119571 0.562651
1305032362.687068 0.618886 0.00581483 1.20061 -0.132752 -0.818963 -0.0096401 0.558197
1305032362.723139 0.61215 0.0196269 1.19556 -0.136589 -0.820774 -0.00767541 0.55463
1305032362.752501 0.606423 0.0311087 1.19465 -0.138056 -0.822461 -0.00435282 0.551796
1305032362.786189 0.603599 0.0418375 1.1953 -0.138979 -0.823716 0.00306548 0.549697
1305032362.822975 0.598032 0.0527872 1.19342 -0.138116 -0.82456 0.0111432 0.548544
1305032362.854747 0.595325 0.0652962 1.19352 -0.137227 -0.825309 0.0199906 0.547389
1305032362.887079 0.593724 0.0742394 1.19393 -0.135142 -0.826894 0.0262556 0.545247
1305032362.922917 0.59036 0.0836686 1.19439 -0.128088 -0.828867 0.0304735 0.543732
1305032362.955254 0.587107 0.0910459 1.19477 -0.122347 -0.828778 0.0374892 0.544749
1305032362.987432 0.581983 0.0990022 1.19282 -0.119234 -0.827402 0.05221 0.546317
1305032363.023019 0.580258 0.107995 1.19344 -0.1097 -0.826077 0.0663146 0.548785
1305032363.050785 0.579599 0.114651 1.19478 -0.103342 -0.82238 0.0754512 0.554363
1305032363.087129 0.576305 0.120913 1.19212 -0.101177 -0.819172 0.0903164 0.557283
1305032363.121871 0.572605 0.12888 1.18978 -0.0915381 -0.817899 0.103095 0.5586
1305032363.152039 0.573413 0.137533 1.18931 -0.0855111 -0.815574 0.110061 0.561617
1305032363.186339 0.573822 0.14548 1.18718 -0.0829807 -0.813345 0.12205 0.562751
1305032363.223545 0.574187 0.153562 1.18621 -0.0814845 -0.812681 0.133101 0.561422
1305032363.254897 0.575992 0.161957 1.18504 -0.0772873 -0.812405 0.136371 0.561629
1305032363.286746 0.573975 0.168571 1.18253 -0.0731744 -0.812123 0.14152 0.561314
1305032363.323009 0.579527 0.175733 1.18716 -0.0705253 -0.810432 0.146832 0.562732
1305032363.351268 0.577004 0.182489 1.1843 -0.070817 -0.80516 0.154504 0.568182
1305032363.387226 0.576687 0.190161 1.18225 -0.0703718 -0.802372 0.164806 0.569285
1305032363.423169 0.588157 0.203373 1.19208 -0.0712435 -0.801717 0.168374 0.569055
1305032363.454680 0.584817 0.208923 1.18514 -0.0717435 -0.799566 0.166501 0.572559
1305032363.490519 0.59124 0.221511 1.18926 -0.0732656 -0.7986 0.171143 0.572347
1305032363.522372 0.587489 0.238879 1.18324 -0.0783553 -0.797655 0.173435 0.5723
1305032363.554139 0.589157 0.245782 1.18281 -0.0867049 -0.796938 0.170518 0.572972
1305032363.589728 0.58534 0.251873 1.17906 -0.0940852 -0.796776 0.175903 0.570398
1305032363.622073 0.58904 0.262422 1.18051 -0.0971612 -0.79793 0.178096 0.567582
1305032363.653876 0.584907 0.267061 1.17699 -0.100311 -0.799188 0.179797 0.56472
1305032363.689996 0.58288 0.275638 1.17637 -0.101494 -0.802271 0.184105 0.558718
1305032363.721151 0.573099 0.275775 1.1698 -0.0991201 -0.805388 0.183407 0.554876
1305032363.754688 0.567279 0.274346 1.17095 -0.0928495 -0.808121 0.186382 0.550982
1305032363.789766 0.56448 0.270994 1.17493 -0.0877409 -0.809301 0.191115 0.548459
1305032363.820015 0.564913 0.273232 1.18353 -0.0819712 -0.808984 0.198653 0.54714
1305032363.850926 0.563264 0.26848 1.18877 -0.0758578 -0.807398 0.207162 0.547209
1305032363.889635 0.562574 0.272371 1.19642 -0.0718581 -0.807842 0.216103 0.543624
1305032363.918945 0.559992 0.271702 1.1993 -0.0685489 -0.81165 0.213741 0.539296
1305032363.953919 0.55634 0.266133 1.20297 -0.0575702 -0.814774 0.212718 0.536265
1305032363.989477 0.557732 0.26696 1.21062 -0.0539277 -0.816203 0.214131 0.533903
1305032364.021974 0.553751 0.261689 1.21151 -0.051869 -0.817887 0.21376 0.531674
1305032364.051316 0.552498 0.254839 1.21491 -0.0458176 -0.820236 0.213693 0.52863
1305032364.089983 0.557262 0.252635 1.2239 -0.0447588 -0.82352 0.214272 0.523354
1305032364.121945 0.555744 0.245937 1.22435 -0.0430589 -0.827301 0.211716 0.518551
1305032364.154479 0.558823 0.240582 1.22927 -0.039649 -0.834306 0.208233 0.508921
1305032364.187829 0.556209 0.234971 1.23207 0.0381662 0.842094 -0.199256 -0.499718
1305032364.220131 0.56026 0.226885 1.23711 0.0373071 0.850603 -0.184557 -0.49094
1305032364.254427 0.555748 0.21317 1.24262 0.0370282 0.860338 -0.173378 -0.477899
1305032364.287208 0.554764 0.201957 1.24684 0.0353635 0.86735 -0.162718 -0.469016
1305032364.321001 0.555139 0.191522 1.25123 0.0341769 0.874741 -0.148838 -0.459899
1305032364.353803 0.557353 0.180845 1.26555 0.0361012 0.882285 -0.134251 -0.449718
1305032364.390393 0.555674 0.1672 1.27145 0.0353252 0.888526 -0.116133 -0.442478
1305032364.422934 0.553288 0.151367 1.27806 0.0338504 0.895376 -0.0973322 -0.433223
1305032364.454973 0.553976 0.133659 1.28761 0.0324786 0.901803 -0.0758983 -0.424189
1305032364.490909 0.547672 0.114602 1.29444 0.0304154 0.906621 -0.0548442 -0.41726
1305032364.523222 0.543444 0.0959038 1.30315 0.0258814 0.9113 -0.0365403 -0.4093
1305032364.555371 0.538436 0.0754381 1.31456 0.0205157 0.915151 -0.0167504 -0.40224
1305032364.590015 0.529402 0.0509887 1.32244 0.0136513 0.916869 0.000410503 -0.398954
1305032364.622240 0.523051 0.0316817 1.33234 0.00979754 0.917436 0.0116589 -0.397593
1305032364.654940 0.517844 0.00971536 1.34225 0.00823047 0.918242 0.0241623 -0.395196
1305032364.691021 0.513045 -0.0133514 1.35515 0.00541856 0.917982 0.0416783 -0.394388
1305032364.723145 0.509976 -0.0348558 1.36571 0.00160087 0.917279 0.0626647 -0.393282
1305032364.758771 0.499058 -0.0525418 1.37097 0.00551137 0.91662 0.082651 -0.391082
1305032364.790576 0.490404 -0.0742261 1.3761 0.0049 0.914375 0.100667 -0.392124
1305032364.822800 0.481619 -0.0995218 1.38218 0.00107672 0.913059 0.113692 -0.391659
1305032364.858509 0.472836 -0.120023 1.38589 -0.00491539 0.914716 0.1218 -0.385272
1305032364.889427 0.464724 -0.143896 1.39405 -0.00768706 0.915346 0.131692 -0.380448
1305032364.923105 0.456027 -0.160929 1.39651 -0.00694752 0.915412 0.14031 -0.377209
1305032364.956761 0.444204 -0.184258 1.39754 -0.00577477 0.91644 0.150821 -0.370618
1305032364.991437 0.431992 -0.20128 1.39969 -0.004334 0.917851 0.156236 -0.364858
1305032365.022936 0.420592 -0.221275 1.40777 -0.00366563 0.91859 0.163856 -0.359624
1305032365.059290 0.40807 -0.236646 1.40972 -0.00360202 0.919068 0.170546 -0.355268
1305032365.087143 0.397085 -0.251002 1.41227 -0.00709477 0.919215 0.179422 -0.350429
1305032365.123256 0.383889 -0.264847 1.41614 -0.00775681 0.919194 0.190977 -0.344312
1305032365.159298 0.373929 -0.279512 1.41613 -0.010486 0.919267 0.201407 -0.338044
1305032365.191271 0.362179 -0.291887 1.41717 -0.0177563 0.919514 0.208877 -0.33249
1305032365.223463 0.350669 -0.301254 1.41802 -0.0258383 0.920097 0.21537 -0.326143
1305032365.256958 0.341114 -0.31219 1.41738 -0.0317531 0.920883 0.221788 -0.319025
1305032365.290273 0.331651 -0.321945 1.41967 -0.0340793 0.921634 0.228901 -0.311504
1305032365.323458 0.321437 -0.33246 1.41687 -0.0391368 0.922175 0.235314 -0.304449
1305032365.359591 0.308186 -0.34458 1.41969 -0.0449839 0.923331 0.238833 -0.297314
1305032365.391371 0.300772 -0.353008 1.42651 -0.0484737 0.92375 0.24408 -0.291137
1305032365.423267 0.29203 -0.357501 1.41992 -0.0517407 0.924036 0.249041 -0.28541
1305032365.459383 0.286156 -0.364641 1.42072 -0.0548291 0.925435 0.251228 -0.278297
1305032365.491152 0.277154 -0.368974 1.42318 -0.0545727 0.927207 0.253584 -0.270191
1305032365.523217 0.274194 -0.376514 1.42226 -0.0558305 0.928266 0.255488 -0.264446
1305032365.558893 0.270511 -0.38228 1.42132 -0.058128 0.930119 0.254553 -0.258267
1305032365.591436 0.267289 -0.385682 1.41934 -0.0615597 0.932971 0.251615 -0.249932
1305032365.623205 0.263807 -0.391485 1.42376 -0.0636359 0.93559 0.250347 -0.240725
1305032365.659377 0.259529 -0.400754 1.42926 -0.0650611 0.937237 0.250911 -0.233232
1305032365.691155 0.256936 -0.405956 1.42958 -0.0676461 0.938064 0.252116 -0.227812
1305032365.723383 0.251519 -0.411002 1.42263 -0.0699165 0.940062 0.250325 -0.220755
1305032365.759259 0.248639 -0.416228 1.42489 -0.0722572 0.94302 0.245146 -0.213062
1305032365.791166 0.246247 -0.420297 1.42663 -0.0736045 0.944598 0.24237 -0.208746
1305032365.823223 0.243135 -0.42362 1.42347 -0.0734396 0.946169 0.239122 -0.205407
1305032365.859634 0.237143 -0.42701 1.41829 -0.0720268 0.948583 0.233381 -0.201334
1305032365.889504 0.230903 -0.428119 1.41793 -0.0669297 0.951741 0.225496 -0.197131
1305032365.927362 0.224933 -0.435486 1.41633 -0.0608459 0.953667 0.220519 -0.195418
1305032365.959313 0.217774 -0.441915 1.41365 -0.0541115 0.955741 0.213348 -0.195225
1305032365.991061 0.213408 -0.440025 1.41229 -0.0460134 0.958526 0.203493 -0.194168
1305032366.026870 0.206134 -0.444418 1.40819 -0.041328 0.960152 0.199662 -0.191142
1305032366.059164 0.199188 -0.452055 1.40484 -0.0370652 0.961936 0.19219 -0.190704
1305032366.091112 0.197493 -0.45263 1.41009 -0.0339449 0.962046 0.191819 -0.191104
1305032366.127026 0.194024 -0.462751 1.40629 -0.0374944 0.959347 0.205894 -0.189353
1305032366.159365 0.189534 -0.472767 1.39475 -0.0519879 0.957336 0.212719 -0.188564
1305032366.190979 0.187271 -0.485729 1.39162 -0.0674427 0.955718 0.216285 -0.18782
1305032366.227205 0.18939 -0.490676 1.38269 -0.0746255 0.953752 0.224293 -0.185691
1305032366.259172 0.18898 -0.499645 1.372 -0.0776152 0.952643 0.232465 -0.180018
1305032366.291401 0.188121 -0.50656 1.36647 -0.0769781 0.952526 0.238532 -0.172831
1305032366.327121 0.187091 -0.517122 1.3625 -0.0781614 0.950399 0.250773 -0.166572
1305032366.359097 0.182912 -0.527503 1.34926 -0.0802979 0.948504 0.259485 -0.162975
1305032366.391043 0.177722 -0.530991 1.34373 -0.0862846 0.947527 0.264319 -0.157744
1305032366.427242 0.17589 -0.535519 1.3414 -0.0909915 0.946253 0.270294 -0.152538
1305032366.459233 0.171253 -0.538828 1.33011 -0.0949457 0.944743 0.277005 -0.147356
1305032366.491285 0.169385 -0.542885 1.32126 -0.0997681 0.944664 0.279053 -0.140665
1305032366.526997 0.170149 -0.546119 1.31765 -0.105371 0.944778 0.280183 -0.133374
1305032366.559109 0.168052 -0.545392 1.31313 -0.112164 0.945249 0.280555 -0.123342
1305032366.591375 0.168067 -0.5428 1.31106 -0.117257 0.946254 0.279756 -0.112212
1305032366.626920 0.167088 -0.536543 1.30983 -0.122428 0.946233 0.282558 -0.099072
1305032366.655039 0.162433 -0.541824 1.30991 -0.126624 0.945411 0.287841 -0.0855077
1305032366.687461 0.161188 -0.542972 1.30614 -0.131257 0.944705 0.29053 -0.0767855
1305032366.727328 0.160843 -0.538493 1.30452 -0.130303 0.946368 0.287262 -0.0699155
1305032366.759333 0.160265 -0.538404 1.30901 -0.127713 0.947332 0.2873 -0.0609047
1305032366.790587 0.154656 -0.538617 1.30671 -0.126043 0.947952 0.287931 -0.0509555
1305032366.826895 0.15138 -0.536443 1.30963 -0.129759 0.948715 0.285156 -0.0423027
1305032366.859205 0.1467 -0.53697 1.31448 -0.132702 0.949064 0.283745 -0.034017
1305032366.888643 0.143945 -0.528851 1.31991 -0.133994 0.949257 0.283265 -0.0267865
1305032366.926959 0.139388 -0.52843 1.3223 -0.135261 0.948839 0.284645 -0.0196484
1305032366.958281 0.1351 -0.52978 1.32357 -0.136161 0.949871 0.281079 -0.0141469
1305032366.990487 0.13177 -0.531361 1.33336 -0.136549 0.952111 0.273382 -0.0100607
1305032367.026585 0.126123 -0.523253 1.33815 -0.13554 0.954495 0.265529 -0.00789342
1305032367.058683 0.123298 -0.515608 1.3453 -0.131541 0.95737 0.257062 -0.00770354
1305032367.087523 0.117304 -0.511872 1.35615 -0.128771 0.959876 0.248981 -0.00803401
1305032367.126868 0.111204 -0.508286 1.3664 -0.125733 0.962129 0.241664 -0.00986986
1305032367.158939 0.100166 -0.502932 1.37989 -0.122679 0.964717 0.232666 -0.011724
1305032367.191850 0.0922856 -0.504891 1.39529 -0.119956 0.966359 0.226894 -0.0167666
1305032367.226101 0.0835635 -0.497099 1.40312 -0.117631 0.968315 0.219221 -0.0217
1305032367.257578 0.0764222 -0.489282 1.41461 -0.116619 0.970814 0.207947 -0.0260465
1305032367.293991 0.0688826 -0.482209 1.42565 -0.113018 0.972364 0.202162 -0.0294074
1305032367.326110 0.0612238 -0.475879 1.4334 -0.115025 0.972448 0.200194 -0.0322004
1305032367.358269 0.0535996 -0.46405 1.4385 -0.120801 0.974572 0.185429 -0.0351138
1305032367.394011 0.0465668 -0.455575 1.4494 -0.121958 0.976952 0.171161 -0.0373502
1305032367.425982 0.0399655 -0.446732 1.45343 -0.120379 0.978488 0.163315 -0.0373842
1305032367.458337 0.0355974 -0.436126 1.45738 -0.11873 0.980789 0.150465 -0.0362868
1305032367.494794 0.0278665 -0.430019 1.4626 -0.115204 0.983199 0.137432 -0.0340484
1305032367.525123 0.0208779 -0.418119 1.46728 -0.114566 0.984912 0.126232 -0.0298047
1305032367.558998 0.0130854 -0.409946 1.47797 -0.111987 0.986262 0.118445 -0.0267794
1305032367.594540 0.00737851 -0.400395 1.48336 -0.108765 0.986893 0.116553 -0.0250579
1305032367.627313 -0.000868134 -0.390877 1.48182 -0.110203 0.987356 0.112068 -0.0206201
1305032367.659071 -0.00976596 -0.381474 1.48985 -0.113766 0.987589 0.106793 -0.0179222
1305032367.694516 -0.0168237 -0.368853 1.49229 -0.115999 0.987717 0.103559 -0.0153141
1305032367.727182 -0.0244463 -0.357843 1.49574 -0.115259 0.988149 0.100784 -0.0109571
1305032367.759159 -0.0337118 -0.342913 1.49507 -0.112325 0.988891 0.097139 -0.00646469
1305032367.794852 -0.0456242 -0.331542 1.49998 -0.108169 0.989572 0.0950923 -0.00213789
1305032367.826871 -0.0555944 -0.319376 1.49899 -0.105456 0.990219 0.0913271 0.00209286
1305032367.858142 -0.0662116 -0.305455 1.50111 -0.102259 0.991167 0.084157 0.0070034
1305032367.894056 -0.0809965 -0.302992 1.51139 -0.0979968 0.991883 0.0800664 0.0124052
1305032367.925922 -0.0961221 -0.288591 1.51072 -0.0966113 0.992635 0.0714653 0.0153495
1305032367.957958 -0.107284 -0.276085 1.5118 -0.0966294 0.993195 0.0618534 0.0200196
1305032367.994884 -0.118882 -0.262842 1.51254 -0.0964615 0.993687 0.0503009 0.0274082
1305032368.025983 -0.130542 -0.249162 1.51361 -0.094886 0.994017 0.0398589 0.0365701
1305032368.058921 -0.144171 -0.23755 1.51861 -0.0943507 0.994155 0.0268618 0.0450812
1305032368.094710 -0.154696 -0.22289 1.51955 -0.0933777 0.994133 0.0121158 0.0532275
1305032368.126824 -0.163189 -0.207678 1.51869 -0.0949784 0.993453 -0.000455519 0.063478
1305032368.156667 -0.171705 -0.193879 1.52003 -0.093016 0.992855 -0.0132655 0.073556
1305032368.190798 -0.177977 -0.181519 1.52189 -0.0927251 0.99183 -0.0240665 0.0842409
1305032368.226380 -0.185261 -0.167418 1.52129 -0.0932219 0.990436 -0.0382217 0.0942604
1305032368.258177 -0.195633 -0.15459 1.52485 -0.0913867 0.989395 -0.0488548 0.101777
1305032368.293455 -0.196757 -0.139708 1.52003 -0.0884843 0.988559 -0.0570942 0.107994
1305032368.326215 -0.204918 -0.130447 1.52103 -0.0884053 0.987395 -0.0655115 0.113768
1305032368.358554 -0.210341 -0.112624 1.51209 -0.0881574 0.986366 -0.0771969 0.115546
1305032368.393756 -0.211342 -0.0991987 1.51247 -0.0886689 0.985501 -0.0844824 0.117425
1305032368.425949 -0.212413 -0.0862616 1.50641 -0.0923584 0.984366 -0.0904067 0.119668
1305032368.462413 -0.218543 -0.0828577 1.50135 -0.0951258 0.983359 -0.097783 0.119975
1305032368.494411 -0.21458 -0.0653557 1.49832 -0.093487 0.981075 -0.12132 0.118461
1305032368.526548 -0.216072 -0.0515423 1.49364 -0.0907222 0.978681 -0.141518 0.118008
1305032368.561964 -0.222516 -0.0374044 1.49033 -0.0890594 0.977589 -0.156028 0.109744
1305032368.594201 -0.225138 -0.0238365 1.48168 -0.0799566 0.977072 -0.170066 0.100073
1305032368.626418 -0.233464 -0.00954587 1.47991 -0.0684548 0.97549 -0.186271 0.0950628
1305032368.662780 -0.233623 0.0124697 1.48117 -0.0552796 0.974867 -0.196935 0.0882885
1305032368.692306 -0.239012 0.0317279 1.47265 -0.0381638 0.974422 -0.204455 0.0851041
1305032368.726391 -0.246885 0.0521834 1.47751 -0.0243815 0.972963 -0.21261 0.0868702
1305032368.762429 -0.239327 0.0747384 1.478 -0.0129989 0.972313 -0.215182 0.0901965
1305032368.794488 -0.25047 0.0983763 1.47457 -0.00455471 0.971282 -0.216857 0.0977975
1305032368.826920 -0.248057 0.112051 1.46874 0.00447906 0.970291 -0.217771 0.105316
1305032368.862385 -0.249056 0.124268 1.46416 0.0082496 0.968797 -0.220573 0.112747
1305032368.894079 -0.246246 0.141258 1.45007 0.0123802 0.967215 -0.225286 0.11657
1305032368.926364 -0.248563 0.152243 1.44462 0.0192086 0.965413 -0.231356 0.118669
1305032368.959769 -0.250669 0.165927 1.43631 0.0270808 0.963553 -0.237643 0.119828
1305032368.992519 -0.251063 0.182379 1.41074 0.0337051 0.962002 -0.242874 0.120116
1305032369.026559 -0.254347 0.187596 1.40772 0.0403642 0.959891 -0.250393 0.119512
1305032369.062508 -0.258772 0.201874 1.39822 0.0518086 0.956628 -0.261279 0.117947
1305032369.092465 -0.264257 0.207781 1.39164 0.0589617 0.955821 -0.263757 0.115596
1305032369.126422 -0.267769 0.215989 1.39155 0.0656268 0.954323 -0.266797 0.117391
1305032369.162529 -0.270466 0.222203 1.39626 0.0711113 0.953409 -0.267048 0.120997
1305032369.194429 -0.275775 0.227856 1.39027 0.0741352 0.95266 -0.267219 0.124649
1305032369.226184 -0.283256 0.210916 1.39824 0.0793241 0.952366 -0.264321 0.12977
1305032369.262275 -0.288153 0.215939 1.39731 0.0818477 0.951675 -0.264189 0.133491
1305032369.294549 -0.29196 0.218801 1.394 0.0858646 0.95099 -0.264751 0.134727
1305032369.325603 -0.298507 0.24488 1.37823 0.0906643 0.948658 -0.270223 0.137143
1305032369.361711 -0.29709 0.237717 1.37285 0.0975026 0.946994 -0.272049 0.140301
1305032369.393865 -0.302732 0.240773 1.37556 0.103302 0.94302 -0.282325 0.142601
1305032369.425788 -0.304848 0.246374 1.37708 0.102558 0.94254 -0.282865 0.145215
1305032369.461699 -0.304532 0.24544 1.37901 0.103049 0.942861 -0.27947 0.149298
1305032369.493663 -0.302658 0.24397 1.3754 0.108662 0.94191 -0.277687 0.154557
1305032369.526387 -0.303134 0.246158 1.37504 0.110292 0.942152 -0.273336 0.159602
1305032369.561511 -0.304466 0.248677 1.37687 0.107544 0.943188 -0.268395 0.163689
1305032369.590662 -0.302712 0.249782 1.37612 0.10428 0.945554 -0.259231 0.16689
1305032369.629343 -0.303929 0.245359 1.37781 0.100605 0.948576 -0.248054 0.168972
1305032369.661976 -0.306324 0.24549 1.38427 0.101828 0.949684 -0.243145 0.169151
1305032369.694117 -0.306809 0.242681 1.39198 0.0981427 0.952069 -0.235706 0.168448
1305032369.730214 -0.30945 0.237602 1.39889 0.0918734 0.953987 -0.231287 0.167253
1305032369.762462 -0.314199 0.234128 1.40829 0.0867018 0.956039 -0.226395 0.164976
1305032369.794288 -0.317101 0.234453 1.41822 0.0812753 0.95836 -0.222166 0.159943
1305032369.830464 -0.320092 0.235303 1.43137 0.075478 0.961103 -0.216407 0.154118
1305032369.862646 -0.322669 0.234234 1.43952 0.0719965 0.96375 -0.20988 0.148165
1305032369.894378 -0.323639 0.233603 1.44909 0.0673637 0.966552 -0.204014 0.140062
1305032369.930439 -0.324332 0.248028 1.45489 0.0627554 0.968397 -0.201138 0.133462
1305032369.962123 -0.325564 0.249966 1.46412 0.0575048 0.970896 -0.194167 0.127878
1305032369.994406 -0.32391 0.250023 1.46609 0.0549509 0.972886 -0.187572 0.123651
1305032370.029452 -0.323809 0.248955 1.472 0.0512138 0.974156 -0.183458 0.121409
1305032370.062431 -0.324376 0.251163 1.4815 0.0476827 0.975266 -0.179734 0.119492
1305032370.094141 -0.325941 0.255376 1.49232 0.0449608 0.976907 -0.172086 0.118399
1305032370.131075 -0.324102 0.25523 1.49924 0.0409955 0.978882 -0.163061 0.116277
1305032370.163765 -0.325094 0.258957 1.50464 0.0387534 0.980485 -0.154766 0.114867
1305032370.191957 -0.325368 0.259531 1.51116 0.0390898 0.981925 -0.147201 0.112374
1305032370.227691 -0.325112 0.262276 1.52325 0.0392172 0.983099 -0.141509 0.10933
1305032370.260069 -0.32584 0.264033 1.53327 0.0390686 0.984166 -0.135679 0.107157
1305032370.292473 -0.324015 0.264876 1.54162 0.0377902 0.985346 -0.128776 0.105266
1305032370.330184 -0.322859 0.265332 1.54739 0.0362947 0.985962 -0.124642 0.105006
1305032370.362216 -0.324602 0.267473 1.55577 0.0340438 0.986673 -0.119718 0.104808
1305032370.393732 -0.323841 0.264627 1.5615 0.0309643 0.987619 -0.114637 0.102511
1305032370.429519 -0.322605 0.263574 1.5643 0.0308579 0.98807 -0.113797 0.0990779
1305032370.462719 -0.339353 0.263976 1.56879 0.0318203 0.988359 -0.111596 0.0983873
1305032370.494226 -0.339104 0.26486 1.57221 0.0300997 0.989175 -0.108319 0.0943071
1305032370.530396 -0.339016 0.265275 1.57668 0.0292315 0.989711 -0.105588 0.0920274
1305032370.559254 -0.34203 0.270768 1.58364 0.0262097 0.990442 -0.100863 0.0903598
1305032370.594716 -0.343272 0.272254 1.58876 0.0203045 0.991637 -0.0919135 0.0882948
1305032370.630635 -0.342492 0.273969 1.58681 0.0158924 0.992564 -0.0841389 0.0865151
1305032370.662528 -0.34326 0.273798 1.59004 0.0122747 0.993429 -0.0771418 0.0836556
1305032370.694786 -0.342932 0.273337 1.58954 0.00755803 0.994416 -0.0705947 0.0780785
1305032370.730482 -0.343239 0.271337 1.58908 0.00762501 0.994872 -0.0676679 0.0747896
1305032370.762399 -0.346061 0.269762 1.59393 0.0070511 0.99527 -0.0649939 0.0718531
1305032370.794226 -0.347953 0.268468 1.59687 0.00423055 0.995932 -0.0586252 0.0683027
1305032370.830572 -0.347209 0.261449 1.59586 0.00209456 0.996284 -0.0514852 0.0690175
1305032370.862608 -0.349306 0.241166 1.60086 -0.00134441 0.996249 -0.0438159 0.0746121
1305032370.898515 -0.353713 0.233187 1.60885 -0.00724431 0.996387 -0.0360553 0.0765596
1305032370.930670 -0.354146 0.221914 1.60683 -0.0123785 0.996655 -0.0247133 0.0769104
1305032370.962798 -0.358699 0.211605 1.60918 -0.0158744 0.996661 -0.0148003 0.0787143
1305032370.998569 -0.363352 0.198753 1.61192 -0.0209703 0.996646 -0.00298594 0.0790484
1305032371.030841 -0.373207 0.185837 1.61709 -0.0233693 0.996634 0.0117148 0.0776988
1305032371.063015 -0.378584 0.165341 1.6151 -0.0233542 0.996409 0.0293584 0.0759117
1305032371.098694 -0.38375 0.148422 1.6133 -0.0288088 0.995988 0.0414077 0.0739147
1305032371.127227 -0.394132 0.128258 1.61499 -0.036424 0.995266 0.0541488 0.0720197
1305032371.163393 -0.400077 0.105189 1.60949 -0.0456052 0.994485 0.0664792 0.0670794
1305032371.199223 -0.409298 0.0899192 1.61109 -0.0548937 0.993859 0.0707346 0.0650167
1305032371.231580 -0.414174 0.0642044 1.60959 -0.0675496 0.993067 0.0714839 0.064378
1305032371.263109 -0.421868 0.0361038 1.60773 -0.0805646 0.991886 0.0749095 0.0637238
1305032371.298947 -0.425639 0.00628876 1.60362 -0.0912605 0.990653 0.0795553 0.0628352
1305032371.331335 -0.424679 -0.0141143 1.59707 -0.101487 0.98939 0.0812254 0.0648935
1305032371.362306 -0.430436 -0.0433066 1.59376 -0.114714 0.987252 0.0855396 0.0696952
1305032371.399028 -0.442573 -0.0674175 1.59372 -0.126604 0.984853 0.0913652 0.0754229
1305032371.429259 -0.444823 -0.10296 1.58867 -0.14138 0.981454 0.102459 0.0791281
1305032371.461631 -0.449113 -0.126871 1.58407 -0.154554 0.978067 0.112245 0.0830553
1305032371.500366 -0.453813 -0.148622 1.57742 -0.16497 0.974658 0.123123 0.0875614
1305032371.528780 -0.45952 -0.172269 1.57142 -0.178909 0.970066 0.135177 0.0932264
1305032371.563035 -0.460225 -0.194788 1.56046 -0.195968 0.964686 0.14655 0.0974727
1305032371.594845 -0.464676 -0.21549 1.54871 -0.207326 0.960155 0.156822 0.10259
1305032371.627278 -0.467324 -0.235807 1.53591 -0.216746 0.955758 0.167176 0.1077
1305032371.661699 -0.464428 -0.258412 1.52147 -0.223744 0.951743 0.177274 0.112682
1305032371.698085 -0.468436 -0.277306 1.50795 -0.23642 0.946407 0.184505 0.119907
1305032371.726894 -0.483356 -0.298766 1.50148 -0.247513 0.941218 0.192094 0.126281
1305032371.763078 -0.486131 -0.310458 1.48249 -0.255321 0.936597 0.202688 0.128512
1305032371.798775 -0.480317 -0.320115 1.4568 -0.25935 0.933646 0.210072 0.130049
1305032371.830728 -0.488466 -0.333622 1.43805 -0.258837 0.931675 0.215585 0.136043
1305032371.862988 -0.484309 -0.33628 1.40904 -0.260306 0.929886 0.216052 0.14448
1305032371.898658 -0.492139 -0.355493 1.3977 -0.266544 0.925688 0.218051 0.156557
1305032371.930961 -0.495292 -0.371094 1.37967 -0.2761 0.920544 0.220486 0.166592
1305032371.960332 -0.492946 -0.384077 1.35831 -0.288588 0.91502 0.220019 0.176199
1305032371.999011 -0.495254 -0.398537 1.33983 -0.298246 0.910439 0.217973 0.186113
1305032372.030867 -0.489424 -0.408183 1.31922 -0.307247 0.906423 0.214608 0.194782
1305032372.058918 -0.493374 -0.431405 1.30214 -0.318463 0.901221 0.21096 0.204641
1305032372.098264 -0.493884 -0.454908 1.28919 -0.328431 0.895955 0.212328 0.210512
1305032372.127609 -0.472255 -0.454244 1.26376 -0.338575 0.892001 0.209181 0.214347
1305032372.166169 -0.464011 -0.464747 1.24733 -0.346276 0.888033 0.201165 0.225883
1305032372.198119 -0.453357 -0.47791 1.23425 -0.355551 0.882719 0.195533 0.236974
1305032372.230071 -0.445215 -0.488288 1.22152 -0.365082 0.876811 0.188579 0.249712
1305032372.266126 -0.428778 -0.49407 1.20438 -0.373584 0.871179 0.181835 0.261569
1305032372.297790 -0.422572 -0.512389 1.19526 -0.381647 0.864434 0.180068 0.273267
1305032372.329039 -0.411507 -0.539021 1.18227 -0.39462 0.854879 0.179736 0.284873
1305032372.366292 -0.403298 -0.554571 1.17554 -0.406878 0.847746 0.17713 0.290521
1305032372.398337 -0.391363 -0.559883 1.16685 -0.416899 0.8426 0.174756 0.292712
1305032372.430932 -0.380066 -0.576404 1.16026 -0.42596 0.836079 0.176179 0.297476
1305032372.466079 -0.369241 -0.594797 1.15767 -0.435833 0.828828 0.18108 0.300507
1305032372.498135 -0.351354 -0.58901 1.14975 -0.444669 0.823955 0.182009 0.300401
1305032372.530492 -0.330633 -0.583047 1.14007 -0.451768 0.820009 0.176848 0.303672
1305032372.570271 -0.326264 -0.604931 1.14264 -0.454654 0.815521 0.177988 0.310702
1305032372.597861 -0.310354 -0.612675 1.14045 -0.461358 0.810169 0.181723 0.312654
1305032372.629218 -0.286938 -0.615965 1.1341 -0.46712 0.806727 0.182818 0.312359
1305032372.664108 -0.277396 -0.619679 1.13249 -0.468776 0.805259 0.181763 0.314276
1305032372.698696 -0.269696 -0.618595 1.12827 -0.470762 0.802265 0.181711 0.31896
1305032372.728994 -0.253088 -0.621524 1.12254 -0.474071 0.797549 0.182595 0.325318
1305032372.766505 -0.236915 -0.624666 1.11896 -0.477088 0.793377 0.18092 0.331976
1305032372.797997 -0.22128 -0.630252 1.1146 -0.476661 0.791082 0.178557 0.339266
1305032372.831463 -0.202535 -0.63505 1.1093 -0.474102 0.789997 0.172267 0.348505
1305032372.866969 -0.200912 -0.637858 1.10494 -0.464943 0.791848 0.165593 0.3597
1305032372.898841 -0.189686 -0.653304 1.09999 -0.462373 0.788741 0.16464 0.370124
1305032372.930454 -0.181196 -0.655211 1.09778 -0.456832 0.788485 0.160056 0.379444
1305032372.966691 -0.177676 -0.655809 1.09392 -0.450085 0.787474 0.158293 0.390194
1305032372.998926 -0.170293 -0.650667 1.08916 -0.447794 0.782582 0.159341 0.402065
1305032373.030611 -0.162449 -0.650437 1.08608 -0.451609 0.773384 0.159163 0.415443
1305032373.066897 -0.15272 -0.660252 1.08485 -0.455769 0.764645 0.164863 0.42475
1305032373.099775 -0.14854 -0.654193 1.07794 -0.457606 0.757721 0.173841 0.431549
1305032373.127898 -0.141582 -0.645117 1.07283 -0.459214 0.750793 0.18469 0.437403
1305032373.166377 -0.107436 -0.660199 1.06269 -0.465238 0.739097 0.204999 0.441888
1305032373.198404 -0.100254 -0.654961 1.05697 -0.471796 0.728869 0.212221 0.448465
1305032373.230484 -0.0958485 -0.651065 1.05369 -0.477203 0.720719 0.219246 0.452517
1305032373.266752 -0.0897151 -0.645103 1.05056 -0.481492 0.712942 0.226438 0.456733
1305032373.298845 -0.0844825 -0.640108 1.04719 -0.485099 0.70496 0.233492 0.461727
1305032373.331228 -0.0840198 -0.642077 1.04402 -0.485623 0.697128 0.23962 0.469857
1305032373.366882 -0.074423 -0.640855 1.03819 -0.483502 0.692137 0.247228 0.475447
1305032373.399055 -0.0714282 -0.644154 1.03648 -0.483148 0.686396 0.254256 0.480398
1305032373.434622 -0.0711135 -0.636669 1.03731 -0.483353 0.682564 0.252468 0.486556
1305032373.465659 -0.0679983 -0.635853 1.03516 -0.481916 0.679454 0.255875 0.490538
1305032373.498970 -0.0627347 -0.635938 1.0333 -0.477844 0.677373 0.263226 0.493501
1305032373.534678 -0.0588458 -0.633192 1.02924 -0.475732 0.673543 0.268888 0.497713
1305032373.566786 -0.0550189 -0.633604 1.02392 -0.474652 0.67045 0.27398 0.500137
1305032373.598786 -0.0522754 -0.633084 1.01773 -0.474343 0.668141 0.278531 0.501006
1305032373.635967 -0.0511214 -0.625341 1.00793 -0.47579 0.667029 0.278386 0.501197
1305032373.663912 -0.0457573 -0.622126 0.998225 -0.474912 0.669925 0.275872 0.499554
1305032373.697914 -0.0449147 -0.625145 0.999822 -0.475575 0.672948 0.270755 0.497655
1305032373.734507 -0.0402952 -0.627503 1.00047 -0.476162 0.674459 0.268483 0.496278
1305032373.766443 -0.0411285 -0.632648 1.00395 -0.469434 0.678073 0.263549 0.50039
1305032373.795838 -0.0540679 -0.632345 1.0097 -0.46482 0.678324 0.262358 0.504963
1305032373.834934 -0.0583585 -0.629516 1.00522 -0.46613 0.674452 0.265397 0.507348
1305032373.867293 -0.0596175 -0.627071 0.995919 -0.464355 0.674629 0.262169 0.51041
1305032373.899270 -0.0716661 -0.623242 0.995458 -0.462253 0.67995 0.253033 0.509866
1305032373.935073 -0.0804079 -0.632373 0.99955 -0.464674 0.682011 0.248188 0.507289
1305032373.967085 -0.0859745 -0.639028 1.00297 -0.465195 0.68283 0.242067 0.508665
1305032373.999199 -0.099032 -0.639938 1.00367 -0.462397 0.686024 0.234531 0.510446
1305032374.031187 -0.115463 -0.635832 0.998142 -0.461004 0.687856 0.226903 0.512684
1305032374.066725 -0.131048 -0.627784 0.988043 -0.463508 0.689673 0.213845 0.513597
1305032374.098933 -0.146016 -0.640634 1.0003 -0.469534 0.690992 0.19869 0.512435
1305032374.134653 -0.159384 -0.649276 1.0077 -0.470969 0.691192 0.188931 0.514535
1305032374.165256 -0.180028 -0.64156 1.00722 -0.46345 0.696054 0.180031 0.517988
1305032374.198931 -0.194296 -0.641809 1.00925 -0.457001 0.697025 0.174082 0.524407
1305032374.234571 -0.211264 -0.641422 1.00721 -0.449968 0.694914 0.169239 0.534772
1305032374.266232 -0.236406 -0.632013 1.01158 -0.441268 0.69565 0.161003 0.543536
1305032374.295091 -0.259553 -0.62427 1.00782 -0.434193 0.692435 0.158945 0.553847
1305032374.334758 -0.278726 -0.618171 1.00368 -0.427001 0.690218 0.154071 0.5635
1305032374.364907 -0.301808 -0.612456 1.00142 -0.419944 0.687588 0.143418 0.574718
1305032374.399126 -0.32691 -0.606179 0.997041 -0.410275 0.683316 0.129681 0.589862
1305032374.434942 -0.364539 -0.587381 0.990892 -0.403879 0.678777 0.11448 0.602527
1305032374.465697 -0.38578 -0.577859 0.984456 -0.396099 0.677742 0.107893 0.610025
1305032374.498778 -0.417439 -0.572985 0.978738 -0.380773 0.678029 0.100808 0.620586
1305032374.534408 -0.454699 -0.55382 0.961882 -0.368208 0.675456 0.0966933 0.631531
1305032374.565648 -0.481526 -0.537918 0.949868 -0.361269 0.676294 0.0971533 0.634564
1305032374.605154 -0.508224 -0.520693 0.936556 -0.352463 0.681609 0.0971634 0.633828
1305032374.634454 -0.530275 -0.513824 0.929675 -0.346171 0.686251 0.0963424 0.63241
1305032374.666026 -0.555323 -0.503654 0.918325 -0.334925 0.689259 0.0909665 0.635982
1305032374.699355 -0.585488 -0.490077 0.902979 -0.320701 0.693414 0.0868489 0.639364
1305032374.733811 -0.60809 -0.471079 0.892906 -0.308615 0.699619 0.0853936 0.638747
1305032374.764278 -0.632159 -0.454552 0.881738 -0.294238 0.705091 0.0796572 0.640254
1305032374.799002 -0.654871 -0.437687 0.873155 -0.28379 0.710397 0.0719579 0.640017
1305032374.833082 -0.675119 -0.420444 0.862481 -0.280074 0.713011 0.0665395 0.639332
1305032374.865385 -0.69294 -0.403199 0.853653 -0.272841 0.716014 0.063091 0.639454
1305032374.902777 -0.712312 -0.3846 0.847025 -0.267145 0.720219 0.0632167 0.63712
1305032374.934055 -0.724809 -0.367832 0.839582 -0.260566 0.725289 0.0647033 0.633936
1305032374.963033 -0.742205 -0.346529 0.833537 -0.248845 0.730671 0.0672245 0.6322
1305032375.002817 -0.755291 -0.328689 0.823264 -0.238482 0.735653 0.0786454 0.629092
1305032375.033887 -0.764536 -0.311347 0.8189 -0.228473 0.742206 0.0873783 0.623935
1305032375.063190 -0.775333 -0.294029 0.812163 -0.218602 0.747936 0.0935348 0.619722
1305032375.102173 -0.784448 -0.273036 0.80776 -0.210806 0.754255 0.100498 0.613645
1305032375.133604 -0.788603 -0.262555 0.806071 -0.205851 0.758728 0.103391 0.609317
1305032375.165423 -0.797577 -0.246248 0.801047 -0.200848 0.762405 0.095473 0.607687
1305032375.200434 -0.805597 -0.232058 0.79867 -0.197931 0.766876 0.0834254 0.604785
1305032375.233840 -0.813168 -0.217129 0.796881 -0.195255 0.769433 0.0761779 0.603362
1305032375.266195 -0.817295 -0.202468 0.796332 -0.191477 0.772001 0.0680957 0.602257
1305032375.301769 -0.824828 -0.187377 0.797132 -0.187072 0.772592 0.0634943 0.603386
1305032375.333732 -0.826735 -0.169793 0.795849 -0.183436 0.771949 0.0585609 0.605819
1305032375.365885 -0.829073 -0.156171 0.797844 -0.180154 0.771554 0.0510412 0.607983
1305032375.402005 -0.835478 -0.153431 0.805671 -0.173796 0.768509 0.0423303 0.614327
1305032375.434228 -0.840921 -0.143417 0.804795 -0.166436 0.762832 0.0282937 0.624168
1305032375.465844 -0.84515 -0.133889 0.806787 -0.162849 0.758147 0.0188793 0.631139
1305032375.499846 -0.847301 -0.122561 0.801702 -0.157778 0.752567 0.00803355 0.639284
1305032375.532923 -0.851359 -0.112933 0.803139 -0.148133 0.748823 -0.00417021 0.645991
1305032375.564754 -0.855404 -0.108162 0.801098 -0.140943 0.74437 -0.00925736 0.652658
1305032375.601530 -0.85603 -0.103118 0.799207 -0.136288 0.740696 -0.0126273 0.65775
1305032375.633994 -0.857704 -0.0942846 0.796823 -0.132832 0.738918 -0.017272 0.660347
1305032375.665634 -0.856751 -0.0838441 0.793914 -0.126157 0.738333 -0.0229341 0.662135
1305032375.701032 -0.863891 -0.0737808 0.785518 -0.115655 0.738679 -0.0251386 0.663586
1305032375.733424 -0.867227 -0.0641046 0.781914 -0.110345 0.73955 -0.0265027 0.663466
1305032375.765813 -0.868952 -0.0497919 0.775446 -0.107334 0.738967 -0.0303486 0.664444
1305032375.801369 -0.871904 -0.0392547 0.768542 -0.103289 0.737867 -0.0334234 0.666158
1305032375.833207 -0.875228 -0.0270627 0.762936 -0.0981868 0.737704 -0.0359924 0.666975
1305032375.871496 -0.878369 -0.018218 0.756935 -0.0931527 0.737539 -0.0385313 0.667738
1305032375.901646 -0.874149 -0.00639914 0.753847 -0.0829713 0.736735 -0.0441509 0.669618
1305032375.933407 -0.880019 0.00560741 0.746187 -0.0679452 0.733676 -0.0486398 0.674342
1305032375.970923 -0.886173 0.0191156 0.738545 -0.0598464 0.730797 -0.0471647 0.678329
1305032375.998893 -0.891649 0.0280338 0.73559 -0.0520451 0.72853 -0.0460619 0.681479
1305032376.032870 -0.899605 0.0380142 0.729894 -0.0377335 0.726503 -0.0432271 0.684763
1305032376.071463 -0.905292 0.0500355 0.722873 -0.0273597 0.72691 -0.0380107 0.685134
1305032376.102191 -0.911704 0.0660552 0.715016 -0.0203594 0.728456 -0.0339065 0.683951
1305032376.133788 -0.915925 0.0724437 0.710487 -0.01282 0.729074 -0.0309956 0.683613
1305032376.169914 -0.921185 0.0821476 0.703148 -0.00427572 0.73022 -0.0272073 0.682657
1305032376.199876 -0.924561 0.0957563 0.699118 -0.00172054 0.733629 -0.0257826 0.679058
1305032376.230465 -0.924898 0.103438 0.694666 0.00513713 0.736172 -0.0223447 0.676406
1305032376.273911 -0.930612 0.113592 0.691203 0.0131024 0.737857 -0.0171186 0.674613
1305032376.301938 -0.933025 0.123585 0.69055 0.0102051 0.740727 -0.0148221 0.671565
1305032376.333881 -0.932677 0.131882 0.688734 0.0142075 0.741658 -0.011445 0.67053
1305032376.373272 -0.931221 0.144238 0.686251 0.0190265 0.741678 -0.00887752 0.670428
1305032376.401634 -0.931871 0.150115 0.686331 0.0227343 0.742729 -0.00964789 0.669136
1305032376.433772 -0.929697 0.158674 0.686119 0.0312082 0.743141 -0.0105922 0.668323
1305032376.470927 -0.928621 0.163793 0.682947 0.0408647 0.743466 -0.0142036 0.667373
1305032376.502274 -0.930538 0.171287 0.68273 0.0544937 0.74521 -0.0186177 0.664339
1305032376.534012 -0.93008 0.175568 0.684638 0.06841 0.746707 -0.024107 0.661187
1305032376.570435 -0.928645 0.184468 0.68454 0.0795241 0.74582 -0.0306764 0.660672
1305032376.602018 -0.930522 0.18888 0.686609 0.0845941 0.745528 -0.0369059 0.660052
1305032376.633878 -0.927794 0.198275 0.685957 0.0940728 0.744285 -0.0434187 0.659777
1305032376.670038 -0.927956 0.205855 0.687376 0.101193 0.742226 -0.0464089 0.660838
1305032376.702106 -0.928123 0.213804 0.688443 0.103812 0.740219 -0.049085 0.662488
1305032376.734286 -0.926753 0.221875 0.690333 0.108643 0.73764 -0.0511683 0.664429
1305032376.770230 -0.927967 0.228512 0.694043 0.112667 0.734923 -0.0517902 0.666717
1305032376.802346 -0.925645 0.236307 0.695698 0.113927 0.733312 -0.0548738 0.668029
1305032376.833992 -0.924077 0.246449 0.696676 0.117384 0.731862 -0.0583852 0.668723
1305032376.870589 -0.921999 0.25471 0.698098 0.122913 0.729469 -0.0608276 0.670125
1305032376.901913 -0.920018 0.262222 0.698001 0.123972 0.72892 -0.0623838 0.670384
1305032376.933692 -0.916745 0.268422 0.697592 0.125661 0.727871 -0.0640561 0.671052
1305032376.970386 -0.91396 0.275477 0.697112 0.129698 0.725715 -0.0688837 0.672139
1305032376.999115 -0.911495 0.281612 0.697642 0.133507 0.725196 -0.0737877 0.671433
1305032377.033983 -0.908509 0.286732 0.696684 0.135986 0.724469 -0.0768625 0.671375
1305032377.070323 -0.903757 0.292617 0.695237 0.140646 0.721397 -0.0796507 0.673395
1305032377.102669 -0.903087 0.297173 0.69518 0.144469 0.719211 -0.0815082 0.674701
1305032377.138244 -0.899559 0.3032 0.69368 0.144883 0.718471 -0.0804131 0.675531
1305032377.170226 -0.89774 0.306936 0.693893 0.145789 0.717081 -0.0790633 0.67697
1305032377.201999 -0.896438 0.310318 0.69381 0.144646 0.716703 -0.0769634 0.677858
1305032377.240571 -0.890153 0.314935 0.69256 0.144547 0.716939 -0.0759325 0.677745
1305032377.270905 -0.886948 0.316864 0.692447 0.149155 0.714781 -0.0754921 0.679075
1305032377.301796 -0.888319 0.315866 0.69268 0.148696 0.713458 -0.0742723 0.680699
1305032377.340942 -0.885732 0.313641 0.693059 0.143117 0.71348 -0.0723936 0.682072
1305032377.370316 -0.88332 0.309716 0.694532 0.141706 0.711778 -0.0714155 0.684245
1305032377.401804 -0.883762 0.304115 0.694222 0.139032 0.710182 -0.0709674 0.686495
1305032377.439875 -0.884794 0.294224 0.695261 0.130299 0.710845 -0.0694785 0.687673
1305032377.472533 -0.883005 0.284776 0.695557 0.126954 0.709866 -0.0694772 0.689309
1305032377.501559 -0.884494 0.273017 0.694723 0.122362 0.708848 -0.0694956 0.691182
1305032377.537201 -0.884322 0.260498 0.692769 0.113685 0.709705 -0.0692105 0.691813
1305032377.569572 -0.884714 0.245738 0.693047 0.105747 0.709419 -0.0684136 0.693442
1305032377.602349 -0.885189 0.229552 0.691471 0.0987329 0.707626 -0.0677045 0.696372
1305032377.640524 -0.887858 0.214477 0.688511 0.0894134 0.708111 -0.0659089 0.697309
1305032377.669877 -0.886066 0.197315 0.68539 0.0785975 0.708515 -0.0641486 0.698366
1305032377.701705 -0.883739 0.177034 0.683588 0.0682603 0.707325 -0.064538 0.700619
1305032377.737307 -0.884773 0.161907 0.678143 0.0561908 0.707117 -0.0646871 0.701886
1305032377.769318 -0.881069 0.141784 0.674525 0.0434496 0.707899 -0.0647323 0.701998
1305032377.801678 -0.882611 0.123528 0.672443 0.0340285 0.707244 -0.0657057 0.703086
1305032377.837451 -0.88365 0.104911 0.667572 0.0222577 0.706987 -0.0647567 0.703904
1305032377.869348 -0.87534 0.0854947 0.659684 0.00863247 0.70687 -0.0643251 0.70436
1305032377.901238 -0.872672 0.0658875 0.656129 -0.0050156 0.70535 -0.0635476 0.705987
1305032377.940265 -0.873114 0.0465441 0.650764 -0.0175421 0.703403 -0.0611189 0.707941
1305032377.969308 -0.869041 0.0292283 0.645457 -0.0317213 0.702293 -0.0588343 0.708743
1305032378.001243 -0.85705 0.00277005 0.638324 -0.0465656 0.6996 -0.0560755 0.710808
1305032378.040183 -0.855772 -0.0150927 0.634454 -0.0606231 0.696649 -0.0563856 0.712619
1305032378.068725 -0.853714 -0.033163 0.628491 -0.0758347 0.694365 -0.0543449 0.71355
1305032378.101420 -0.844137 -0.0520937 0.624971 -0.0907479 0.693154 -0.0514017 0.713204
1305032378.139924 -0.835729 -0.0729222 0.620681 -0.0994954 0.6914 -0.0503953 0.713812
1305032378.169193 -0.829779 -0.0876581 0.617319 -0.107107 0.687745 -0.0481248 0.716393
1305032378.202266 -0.822619 -0.10574 0.613613 -0.118629 0.683049 -0.0465031 0.719172
1305032378.237421 -0.816531 -0.119863 0.606629 -0.129559 0.677423 -0.0446939 0.722713
1305032378.269616 -0.808459 -0.138037 0.604307 -0.144468 0.669856 -0.0407022 0.727162
1305032378.306182 -0.798579 -0.152693 0.602789 -0.156409 0.660518 -0.0386934 0.733318
1305032378.340777 -0.791717 -0.167309 0.595783 -0.168685 0.648584 -0.0376002 0.741262
1305032378.367690 -0.791174 -0.182869 0.587541 -0.185978 0.638794 -0.0339249 0.74579
1305032378.406284 -0.780387 -0.198075 0.581535 -0.204178 0.629383 -0.0242979 0.749399
1305032378.438513 -0.771764 -0.217306 0.576979 -0.220375 0.620152 -0.0146088 0.75275
1305032378.470434 -0.76656 -0.235858 0.567999 -0.235831 0.610494 -0.00844949 0.756049
1305032378.504807 -0.75826 -0.255723 0.566196 -0.255057 0.601539 -0.00571713 0.75701
1305032378.539167 -0.746789 -0.275983 0.565166 -0.270989 0.589985 -0.00950816 0.760521
1305032378.570470 -0.737975 -0.297925 0.562718 -0.288837 0.577909 -0.01378 0.763154
1305032378.607040 -0.731256 -0.31887 0.559479 -0.306104 0.568157 -0.0148509 0.763726
1305032378.640593 -0.725309 -0.339374 0.557771 -0.3242 0.558793 -0.0125661 0.763209
1305032378.674045 -0.714869 -0.361986 0.559658 -0.344282 0.551701 -0.00875677 0.759618
1305032378.708133 -0.699394 -0.387312 0.566525 -0.360224 0.546847 -0.00704054 0.755743
1305032378.741855 -0.689794 -0.408158 0.573051 -0.366389 0.543713 -0.00548433 0.755053
1305032378.774289 -0.678089 -0.425759 0.579713 -0.369556 0.541152 -0.00169399 0.755367
1305032378.811244 -0.665024 -0.440367 0.585993 -0.369457 0.538592 -0.00017506 0.757245
1305032378.840101 -0.657969 -0.461238 0.5915 -0.369137 0.535876 0.0014101 0.759324
1305032378.871857 -0.647936 -0.473628 0.598982 -0.371724 0.531692 0.00185469 0.761
1305032378.907789 -0.641717 -0.481261 0.609604 -0.374155 0.52274 -0.00568004 0.765976
1305032378.938846 -0.634649 -0.489498 0.616191 -0.378825 0.508764 -0.0168131 0.772896
1305032378.971348 -0.62355 -0.496455 0.620733 -0.387564 0.491834 -0.0323103 0.779005
1305032379.007038 -0.615672 -0.505219 0.623892 -0.396061 0.477049 -0.0480281 0.783105
1305032379.038668 -0.60584 -0.509603 0.622504 -0.40486 0.465805 -0.0584056 0.784667
1305032379.071271 -0.592545 -0.512424 0.625944 -0.414889 0.459514 -0.0589176 0.783098
1305032379.106727 -0.582963 -0.521514 0.630186 -0.418826 0.456995 -0.0536227 0.782857
1305032379.138937 -0.570109 -0.529411 0.629598 -0.419554 0.456982 -0.0412231 0.783226
1305032379.170930 -0.560623 -0.538973 0.629559 -0.421472 0.459259 -0.0276648 0.781458
1305032379.206680 -0.546772 -0.551995 0.633776 -0.426753 0.462375 -0.0141261 0.777105
1305032379.238614 -0.530449 -0.561534 0.642968 -0.428206 0.464477 -0.00676689 0.775149
1305032379.271270 -0.521364 -0.573278 0.646195 -0.42563 0.465425 -0.00207407 0.776025
1305032379.310742 -0.50914 -0.586128 0.655736 -0.424351 0.463066 0.000300155 0.778136
1305032379.342450 -0.49934 -0.599176 0.662166 -0.424362 0.4533 -0.00698501 0.783828
1305032379.373747 -0.490922 -0.605608 0.664724 -0.423289 0.442965 -0.0217031 0.790023
1305032379.406812 -0.483209 -0.619157 0.671565 -0.426941 0.435414 -0.035337 0.791762
1305032379.440732 -0.47519 -0.623414 0.678856 -0.432317 0.428977 -0.0459815 0.791812
1305032379.472994 -0.465279 -0.630901 0.687008 -0.437816 0.421504 -0.0555554 0.79219
1305032379.507528 -0.453828 -0.641288 0.699172 -0.43934 0.411751 -0.0663114 0.795641
1305032379.539852 -0.450675 -0.644802 0.707076 -0.435104 0.396481 -0.079736 0.804444
1305032379.575545 -0.444641 -0.644324 0.71142 -0.429072 0.381768 -0.0875405 0.813933
1305032379.607089 -0.443598 -0.650794 0.71265 -0.424467 0.37312 -0.0885011 0.82023
1305032379.641416 -0.439182 -0.653413 0.710405 -0.42211 0.366876 -0.0863883 0.824477
1305032379.676703 -0.439781 -0.662182 0.69988 -0.419455 0.362253 -0.0890342 0.827588
1305032379.707878 -0.438732 -0.66396 0.691903 -0.421804 0.357688 -0.0955655 0.827652
1305032379.738599 -0.433812 -0.671732 0.684896 -0.424658 0.352074 -0.106357 0.827283
1305032379.775239 -0.436435 -0.683994 0.669439 -0.42803 0.350393 -0.116379 0.824906
1305032379.807815 -0.443993 -0.695341 0.656008 -0.435954 0.355353 -0.118217 0.818348
1305032379.839500 -0.439616 -0.682942 0.641053 -0.4412 0.359847 -0.116736 0.813772
1305032379.875565 -0.437788 -0.685587 0.635133 -0.448314 0.362353 -0.113934 0.809156
1305032379.903833 -0.437891 -0.678472 0.624768 -0.452637 0.365467 -0.112068 0.805602
1305032379.940009 -0.433533 -0.68297 0.614073 -0.458526 0.365838 -0.110978 0.802247
1305032379.976659 -0.431972 -0.683876 0.605471 -0.461647 0.369168 -0.111533 0.798847
1305032380.007756 -0.432945 -0.682419 0.593994 -0.464598 0.373868 -0.111664 0.794923
1305032380.040494 -0.432387 -0.676823 0.58766 -0.468142 0.376692 -0.111522 0.791524
1305032380.076762 -0.432009 -0.672778 0.57954 -0.469394 0.378498 -0.111022 0.789989
1305032380.107291 -0.434232 -0.667306 0.572502 -0.470181 0.377715 -0.109811 0.790065
1305032380.140050 -0.43868 -0.660353 0.572053 -0.471068 0.37385 -0.111278 0.791169
1305032380.176572 -0.441104 -0.656535 0.569877 -0.469304 0.367567 -0.113448 0.794844
1305032380.207110 -0.442109 -0.651017 0.564104 -0.463749 0.359185 -0.118586 0.801162
1305032380.239460 -0.444271 -0.645339 0.557308 -0.457828 0.353892 -0.122099 0.806379
1305032380.276664 -0.446582 -0.636413 0.551777 -0.449829 0.351993 -0.122209 0.811677
1305032380.307734 -0.450088 -0.625583 0.54081 -0.440833 0.351004 -0.114215 0.818179
1305032380.339866 -0.452953 -0.622173 0.533596 -0.435122 0.351357 -0.0989997 0.823053
1305032380.375602 -0.450546 -0.609299 0.530953 -0.427229 0.352069 -0.0864741 0.828278
1305032380.407488 -0.453092 -0.595604 0.527932 -0.412001 0.351776 -0.0745206 0.837231
1305032380.439180 -0.45443 -0.581135 0.516818 -0.398144 0.347047 -0.0620604 0.84687
1305032380.473087 -0.453495 -0.579626 0.510845 -0.38655 0.341121 -0.052455 0.855257
1305032380.507283 -0.45528 -0.564014 0.497006 -0.363681 0.337081 -0.051208 0.866885
1305032380.539774 -0.462559 -0.546914 0.474552 -0.3529 0.336083 -0.0467719 0.871965
1305032380.576395 -0.459729 -0.527463 0.469321 -0.355285 0.337512 -0.0451304 0.870529
1305032380.609316 -0.457045 -0.512903 0.457031 -0.352622 0.3406 -0.0491439 0.870192
1305032380.639507 -0.458735 -0.491432 0.445738 -0.349144 0.346158 -0.0528821 0.869182
1305032380.675545 -0.452773 -0.47292 0.4473 -0.344139 0.347654 -0.0605421 0.87008
1305032380.707658 -0.452564 -0.448923 0.433943 -0.327016 0.345513 -0.0706252 0.876752
1305032380.739529 -0.450921 -0.430511 0.428981 -0.31464 0.344275 -0.078453 0.881091
1305032380.776434 -0.450103 -0.406052 0.415462 -0.292796 0.341705 -0.0806959 0.88938
1305032380.803780 -0.44742 -0.385341 0.401009 -0.289075 0.340225 -0.0791991 0.891297
1305032380.843621 -0.442592 -0.370312 0.397373 -0.288258 0.343125 -0.0748716 0.890824
1305032380.876451 -0.439583 -0.354677 0.389871 -0.276746 0.344177 -0.073617 0.894167
1305032380.906774 -0.438636 -0.340462 0.371712 -0.264836 0.345111 -0.0711817 0.897604
1305032380.944580 -0.435879 -0.324938 0.36071 -0.255226 0.351398 -0.0696093 0.898072
1305032380.976235 -0.436406 -0.313788 0.342031 -0.241994 0.361086 -0.0642111 0.898294
1305032381.010534 -0.434775 -0.300734 0.325512 -0.231661 0.370455 -0.0604596 0.897464
1305032381.043413 -0.434971 -0.285 0.311763 -0.22134 0.382253 -0.0548242 0.895481
1305032381.075126 -0.439551 -0.270525 0.298225 -0.212963 0.392719 -0.0460956 0.893473
1305032381.107139 -0.442209 -0.252641 0.287518 -0.205067 0.40135 -0.0373145 0.891893
1305032381.143098 -0.446436 -0.236164 0.277511 -0.200139 0.411473 -0.0239851 0.888852
1305032381.175951 -0.451082 -0.222715 0.268993 -0.194604 0.422355 -0.00764183 0.885261
1305032381.206840 -0.461071 -0.20886 0.258184 -0.18952 0.432489 0.012562 0.881407
1305032381.244183 -0.470111 -0.202105 0.250119 -0.189409 0.437108 0.0286889 0.878771
1305032381.275997 -0.476789 -0.193726 0.246977 -0.18848 0.442035 0.0342857 0.876302
1305032381.309728 -0.486524 -0.185785 0.242915 -0.181937 0.448677 0.0407881 0.874028
1305032381.341217 -0.495236 -0.17916 0.23819 -0.17303 0.45366 0.0510319 0.872725
1305032381.373199 -0.505719 -0.174063 0.227351 -0.1669 0.458691 0.0594132 0.870756
1305032381.408681 -0.513763 -0.170384 0.214907 -0.164586 0.46571 0.0633581 0.867186
1305032381.444067 -0.522813 -0.171057 0.19734 -0.161897 0.474753 0.0710815 0.862175
1305032381.474756 -0.530265 -0.18025 0.175979 -0.160278 0.484157 0.0746516 0.856931
1305032381.508685 -0.537768 -0.183241 0.164895 -0.153631 0.500394 0.0775986 0.848518
1305032381.545353 -0.542707 -0.184067 0.160332 -0.147914 0.515149 0.0788566 0.84055
1305032381.576827 -0.550268 -0.191834 0.153778 -0.140549 0.525499 0.0761319 0.835644
1305032381.608397 -0.559133 -0.193646 0.147454 -0.131343 0.537003 0.0725382 0.83013
1305032381.644906 -0.560196 -0.194441 0.150791 -0.124114 0.547829 0.0735536 0.824056
1305032381.675936 -0.568427 -0.198575 0.145532 -0.112233 0.556768 0.0735595 0.819757
1305032381.707240 -0.572992 -0.20039 0.144669 -0.099675 0.563444 0.0725401 0.816905
1305032381.744570 -0.579859 -0.202828 0.136045 -0.0890173 0.563709 0.0693732 0.818227
1305032381.776694 -0.581138 -0.202263 0.131163 -0.0801254 0.564224 0.068116 0.818896
1305032381.810015 -0.583413 -0.211584 0.124172 -0.0705471 0.563163 0.0656717 0.820705
1305032381.843860 -0.582439 -0.218797 0.117282 -0.0553529 0.562328 0.065011 0.822494
1305032381.876540 -0.580759 -0.220839 0.107764 -0.0407824 0.561645 0.0683468 0.823541
1305032381.907470 -0.573679 -0.231288 0.0942765 -0.0281878 0.563389 0.0704422 0.822701
1305032381.943636 -0.574374 -0.232678 0.0899501 -0.012191 0.567515 0.0626542 0.820885
1305032381.975700 -0.567786 -0.236005 0.0775583 0.00352588 0.568285 0.0562624 0.820899
1305032382.007016 -0.558378 -0.237301 0.0639585 0.0145791 0.571675 0.0531026 0.81863
1305032382.043778 -0.553565 -0.237998 0.0567105 0.0263516 0.576248 0.0513017 0.815237
1305032382.076551 -0.559123 -0.248017 0.0532124 0.0366943 0.581729 0.0524049 0.810863
1305032382.112595 -0.554778 -0.246892 0.0441911 0.0474442 0.584578 0.0540573 0.808143
1305032382.142801 -0.548911 -0.240578 0.0360915 0.052183 0.587091 0.0549171 0.805968
1305032382.175194 -0.546704 -0.243595 0.0282986 0.0525903 0.589234 0.0615695 0.803895
1305032382.212343 -0.542056 -0.243611 0.0232035 0.0469025 0.589632 0.0666729 0.803548
1305032382.244823 -0.540405 -0.246409 0.0143475 0.0390229 0.588821 0.0713239 0.804164
1305032382.275045 -0.534949 -0.245309 0.00959893 0.027071 0.586494 0.0757309 0.805951
1305032382.311569 -0.517264 -0.252887 0.00271332 0.0112197 0.580264 0.0807347 0.810339
1305032382.343035 -0.513463 -0.265738 -0.00220997 -0.0063086 0.571782 0.0832038 0.816151
1305032382.375765 -0.498688 -0.269711 -0.00794879 -0.0261425 0.561282 0.0839382 0.822942
1305032382.411673 -0.469009 -0.265265 -0.0105628 -0.0441424 0.54777 0.0855274 0.831074
1305032382.445108 -0.464894 -0.263599 -0.00720628 -0.0651344 0.535703 0.0874202 0.83734
1305032382.476983 -0.438892 -0.26907 -0.0071882 -0.0866312 0.519866 0.0927806 0.844764
1305032382.512630 -0.416622 -0.273475 -0.00642623 -0.107089 0.502498 0.0955102 0.852588
1305032382.545000 -0.393891 -0.27764 -0.00137728 -0.133697 0.482531 0.0949953 0.860386
1305032382.577082 -0.365716 -0.288392 0.00148542 -0.152248 0.463741 0.0913051 0.868002
1305032382.614372 -0.340859 -0.293932 0.00750656 -0.168384 0.446156 0.0890027 0.874454
1305032382.644837 -0.314035 -0.301206 0.024892 -0.190189 0.427794 0.0901065 0.879034
1305032382.675979 -0.282598 -0.322735 0.0340539 -0.211087 0.403851 0.0852718 0.886045
1305032382.713425 -0.248645 -0.342922 0.045796 -0.222297 0.38722 0.0802714 0.89118
1305032382.744674 -0.228839 -0.350692 0.0614988 -0.22981 0.374564 0.0693475 0.895589
1305032382.776770 -0.199974 -0.373378 0.0694094 -0.24604 0.355359 0.0610172 0.899701
1305032382.812185 -0.177308 -0.394503 0.0889115 -0.25557 0.340994 0.0437281 0.903601
1305032382.844824 -0.158417 -0.415385 0.105636 -0.26235 0.326393 0.0319407 0.907535
1305032382.875189 -0.141539 -0.431009 0.128211 -0.27191 0.310317 0.021111 0.910672
1305032382.913733 -0.13061 -0.436701 0.158475 -0.276697 0.29363 0.00868809 0.914956
1305032382.943823 -0.119275 -0.455009 0.178352 -0.278997 0.27252 -0.00219352 0.920809
1305032382.975989 -0.106996 -0.482331 0.18776 -0.283454 0.250317 -0.00720427 0.925712
1305032383.012820 -0.0969248 -0.497038 0.203298 -0.287587 0.232015 -0.00770929 0.929195
1305032383.044130 -0.0863874 -0.513473 0.217557 -0.295582 0.211184 -0.0120376 0.931605
1305032383.077761 -0.0805253 -0.531898 0.229853 -0.301025 0.19487 -0.0137638 0.933392
1305032383.113060 -0.0722565 -0.535567 0.240765 -0.301165 0.179963 -0.0186514 0.936251
1305032383.144756 -0.0645263 -0.543438 0.247765 -0.297342 0.163466 -0.0226948 0.9404
1305032383.177793 -0.0546009 -0.550261 0.244465 -0.30195 0.144666 -0.021326 0.942042
1305032383.213287 -0.0501925 -0.551666 0.256565 -0.314596 0.128396 -0.0291219 0.940051
1305032383.243505 -0.0387099 -0.572497 0.257486 -0.328762 0.114604 -0.0396658 0.936594
1305032383.279376 -0.0352226 -0.567309 0.273903 -0.335396 0.104277 -0.0531488 0.934779
1305032383.311447 -0.0364459 -0.580649 0.274265 -0.338744 0.0899074 -0.0635829 0.934412
1305032383.341434 -0.034709 -0.582126 0.283233 -0.337435 0.0738299 -0.0704261 0.935803
1305032383.379477 -0.0305804 -0.58746 0.288761 -0.335291 0.0572328 -0.073154 0.937525
1305032383.411502 -0.0265555 -0.598706 0.295478 -0.336574 0.0404599 -0.0795543 0.937418
1305032383.443669 -0.0234641 -0.604254 0.295836 -0.334824 0.0263641 -0.0866709 0.937916
1305032383.479196 -0.0144501 -0.615605 0.295205 -0.336095 0.0106282 -0.0934503 0.93712
1305032383.511381 -0.0097863 -0.622749 0.297472 -0.336102 0.000288074 -0.0999726 0.936504
1305032383.544691 -0.00493366 -0.632954 0.29244 -0.339492 -0.00594455 -0.104186 0.934802
1305032383.579562 -0.0111528 -0.639466 0.304206 -0.33942 -0.0147685 -0.1129 0.933718
1305032383.613124 -0.00833597 -0.642183 0.295315 -0.330826 -0.0258263 -0.111149 0.936767
1305032383.644735 -0.00926513 -0.650081 0.292593 -0.331724 -0.0363958 -0.104536 0.93686
1305032383.679654 -0.0137376 -0.652224 0.296161 -0.332445 -0.05048 -0.105279 0.935868
1305032383.712037 -0.0121136 -0.664041 0.285994 -0.333045 -0.0664211 -0.108606 0.934277
1305032383.742653 -0.0102412 -0.67173 0.28302 -0.339262 -0.0814676 -0.109992 0.93068
1305032383.778285 -0.0126325 -0.676769 0.284595 -0.346424 -0.094363 -0.114088 0.926321
1305032383.812039 -0.0152534 -0.678385 0.288019 -0.350518 -0.105132 -0.115784 0.923406
1305032383.843925 -0.0182027 -0.676005 0.287556 -0.350743 -0.116777 -0.118659 0.921554
1305032383.878906 -0.019158 -0.680277 0.287162 -0.352733 -0.126754 -0.121526 0.9191
1305032383.911427 -0.018505 -0.681357 0.288477 -0.354791 -0.133043 -0.12015 0.917598
1305032383.943289 -0.0158551 -0.681959 0.288485 -0.355461 -0.136979 -0.118464 0.916979
1305032383.979220 -0.0139728 -0.679413 0.285164 -0.356554 -0.138622 -0.114109 0.91686
1305032384.011402 -0.0106589 -0.676364 0.286636 -0.359373 -0.140032 -0.1081 0.916273
1305032384.042763 -0.00713151 -0.673053 0.287737 -0.360862 -0.140072 -0.100279 0.916571
1305032384.079025 -0.00309817 -0.67336 0.285959 -0.36223 -0.141069 -0.0938664 0.916558
1305032384.112211 0.00109362 -0.667719 0.286445 -0.362859 -0.14279 -0.0887599 0.916551
1305032384.143402 0.00419463 -0.666432 0.287064 -0.36266 -0.144501 -0.0834782 0.916858
1305032384.179113 0.00880964 -0.661749 0.288139 -0.361201 -0.145272 -0.0761482 0.91795
1305032384.211262 0.0109033 -0.66102 0.290902 -0.358964 -0.145285 -0.0729501 0.919084
1305032384.241759 0.0139386 -0.657676 0.289204 -0.354217 -0.146684 -0.0704615 0.920896
1305032384.278407 0.0175892 -0.657841 0.290176 -0.350968 -0.147953 -0.0673494 0.922169
1305032384.308313 0.0186546 -0.65914 0.29124 -0.344074 -0.149278 -0.0641131 0.924781
1305032384.341175 0.0240801 -0.651841 0.287868 -0.33384 -0.152501 -0.0574302 0.928437
1305032384.375647 0.0295599 -0.644765 0.281321 -0.32673 -0.154534 -0.0530123 0.93089
1305032384.411880 0.0358631 -0.63858 0.278129 -0.323872 -0.154627 -0.050545 0.93201
1305032384.444075 0.040847 -0.629931 0.276357 -0.32172 -0.156009 -0.0520999 0.932439
1305032384.479096 0.0449235 -0.622694 0.272576 -0.319715 -0.15939 -0.0565065 0.9323
1305032384.512157 0.0474054 -0.614934 0.26771 -0.319068 -0.161744 -0.0601239 0.93189
1305032384.544929 0.0535878 -0.596626 0.26501 -0.316467 -0.163799 -0.0602835 0.932408
1305032384.580765 0.0601581 -0.584332 0.256454 -0.314912 -0.166901 -0.0603852 0.932378
1305032384.613105 0.0633035 -0.570845 0.253716 -0.316275 -0.168357 -0.0609144 0.93162
1305032384.647706 0.0666962 -0.557176 0.252701 -0.315322 -0.168087 -0.0583496 0.932156
1305032384.679303 0.0730458 -0.544889 0.246129 -0.312961 -0.167047 -0.0505542 0.933592
1305032384.712109 0.0787486 -0.530268 0.240132 -0.31014 -0.168269 -0.041028 0.934781
1305032384.746434 0.0853608 -0.519747 0.24075 -0.307276 -0.169332 -0.031825 0.935893
1305032384.778315 0.096713 -0.500167 0.233705 -0.297235 -0.1679 -0.0217274 0.939675
1305032384.811269 0.102116 -0.488713 0.231371 -0.287782 -0.168506 -0.012056 0.942678
1305032384.846699 0.109318 -0.476792 0.226765 -0.272136 -0.171451 -0.00712684 0.946835
1305032384.879179 0.118119 -0.462399 0.217576 -0.254222 -0.17349 -0.00119993 0.951457
1305032384.911051 0.128067 -0.445487 0.208908 -0.236937 -0.175769 0.00484569 0.95548
1305032384.947623 0.133723 -0.430802 0.204125 -0.223179 -0.175142 0.00915022 0.958871
1305032384.979039 0.143102 -0.411979 0.200022 -0.208964 -0.175015 0.0154161 0.962012
1305032385.011611 0.155173 -0.398815 0.189549 -0.196355 -0.17304 0.0210801 0.964913
1305032385.047788 0.165204 -0.383911 0.180055 -0.18431 -0.169526 0.0254786 0.967803
1305032385.079238 0.174576 -0.367387 0.172089 -0.172101 -0.168173 0.0324382 0.970076
1305032385.110028 0.185217 -0.352716 0.164343 -0.164867 -0.165465 0.0376154 0.97161
1305032385.147955 0.194177 -0.339699 0.159437 -0.15819 -0.160937 0.0423793 0.973283
1305032385.180315 0.205915 -0.325763 0.149107 -0.148907 -0.15718 0.0472626 0.975135
1305032385.212521 0.216002 -0.310473 0.143085 -0.145125 -0.151205 0.0527532 0.976367
1305032385.247861 0.224892 -0.299278 0.138669 -0.13854 -0.148494 0.0567074 0.977518
1305032385.279278 0.23557 -0.284321 0.132445 -0.126901 -0.145475 0.0555506 0.979616
1305032385.313088 0.240575 -0.266093 0.122811 -0.11846 -0.140531 0.0522354 0.981575
1305032385.347825 0.251409 -0.250668 0.120929 -0.111954 -0.138609 0.0477185 0.982841
1305032385.379172 0.257504 -0.240962 0.116405 -0.105647 -0.136964 0.0442029 0.983934
1305032385.411331 0.263612 -0.222852 0.115949 -0.0934963 -0.139562 0.0379328 0.985059
1305032385.446560 0.268902 -0.207111 0.112259 -0.0823173 -0.14045 0.0315636 0.986155
1305032385.478895 0.27309 -0.193922 0.109052 -0.0753771 -0.142858 0.0263945 0.986516
1305032385.512276 0.275734 -0.185948 0.108228 -0.0630749 -0.146885 0.0208706 0.98692
1305032385.546621 0.278789 -0.171232 0.105633 -0.0470623 -0.15121 0.0206983 0.987164
1305032385.579100 0.281981 -0.153973 0.102456 -0.0379787 -0.157324 0.019998 0.986614
1305032385.611944 0.287449 -0.139289 0.100604 -0.0353047 -0.162346 0.0179542 0.985939
1305032385.647972 0.28141 -0.118927 0.0971757 -0.035981 -0.164581 0.0197369 0.98551
1305032385.677687 0.287329 -0.104716 0.10315 -0.0327926 -0.172703 0.0246588 0.984119
1305032385.708060 0.288713 -0.0868656 0.102318 -0.0304988 -0.178675 0.0311783 0.982941
1305032385.743325 0.2906 -0.0728214 0.101016 -0.033203 -0.184391 0.0383934 0.981541
1305032385.779209 0.295723 -0.056326 0.100282 -0.0317423 -0.190624 0.0493822 0.979906
1305032385.816091 0.2991 -0.0387371 0.0993054 -0.031366 -0.190956 0.0621761 0.979125
1305032385.846913 0.301162 -0.0279202 0.102617 -0.0350755 -0.1893 0.0762963 0.978322
1305032385.879571 0.303687 -0.0194616 0.102929 -0.0294693 -0.187218 0.088971 0.977837
1305032385.915659 0.305683 -0.00416174 0.102728 -0.022564 -0.185541 0.1075 0.976478
1305032385.943376 0.308719 0.00723662 0.105019 -0.0220928 -0.185495 0.117796 0.975309
1305032385.980099 0.31048 0.0173735 0.108637 -0.0178852 -0.184024 0.124132 0.974888
1305032386.014821 0.31151 0.0266956 0.11217 -0.0131111 -0.181885 0.129124 0.974717
1305032386.048023 0.316137 0.0386085 0.113675 -0.00842077 -0.180158 0.138317 0.973828
1305032386.080071 0.3173 0.0495251 0.11912 -0.00798908 -0.177215 0.148646 0.972849
1305032386.115561 0.319949 0.0595831 0.121284 -0.0068601 -0.177446 0.160216 0.970977
1305032386.148299 0.321589 0.0679729 0.125057 -0.00446297 -0.183757 0.166332 0.968786
1305032386.179328 0.324657 0.0770497 0.125458 -0.00679299 -0.190658 0.170041 0.966793
1305032386.215559 0.325459 0.0866326 0.133482 -0.0123223 -0.200447 0.175277 0.963819
1305032386.243605 0.32385 0.0928262 0.141575 -0.0168614 -0.210837 0.180532 0.960558
1305032386.278957 0.325194 0.0986181 0.146859 -0.0219226 -0.223815 0.181271 0.957375
1305032386.315386 0.329114 0.105644 0.149167 -0.0297866 -0.235647 0.18016 0.954529
1305032386.346831 0.331544 0.111631 0.151267 -0.0349861 -0.247714 0.183311 0.95069
1305032386.379033 0.336746 0.113532 0.154742 -0.0442076 -0.261109 0.177176 0.94788
1305032386.415310 0.339345 0.115283 0.159533 -0.0554549 -0.272729 0.169151 0.94548
1305032386.447187 0.34203 0.112638 0.164359 -0.0630528 -0.284706 0.162422 0.942648
1305032386.479658 0.346113 0.108713 0.170309 -0.0675809 -0.294607 0.1519 0.941045
1305032386.514929 0.350893 0.104638 0.175265 -0.0739975 -0.305262 0.143745 0.938444
1305032386.547514 0.356421 0.0980641 0.179297 -0.0747032 -0.318735 0.133662 0.935394
1305032386.578838 0.364829 0.0902769 0.182264 -0.0754338 -0.329822 0.122691 0.932992
1305032386.614264 0.370759 0.080584 0.18764 -0.0789915 -0.339819 0.11324 0.930301
1305032386.646315 0.375641 0.0705811 0.195421 -0.079424 -0.349276 0.106891 0.927509
1305032386.678968 0.388465 0.0598891 0.200251 -0.0779816 -0.355228 0.0997721 0.926163
1305032386.714163 0.39898 0.0502329 0.204368 -0.0803891 -0.359984 0.0945715 0.924665
1305032386.746448 0.407412 0.0410706 0.209087 -0.0840781 -0.365795 0.0883471 0.92267
1305032386.778959 0.419737 0.0317526 0.214768 -0.0903285 -0.371582 0.0758102 0.92088
1305032386.814157 0.423813 0.0233676 0.223321 -0.0969151 -0.374984 0.0663957 0.919558
1305032386.846480 0.432413 0.0133564 0.230223 -0.106908 -0.379447 0.0572249 0.917233
1305032386.878932 0.44199 0.00616587 0.232952 -0.118145 -0.38175 0.0434738 0.915652
1305032386.915107 0.455335 -0.00219569 0.233452 -0.13672 -0.383423 0.03429 0.912753
1305032386.947042 0.463798 -0.0114656 0.240405 -0.151736 -0.387434 0.0246201 0.908991
1305032386.979534 0.472885 -0.0254507 0.245517 -0.171413 -0.388938 0.0107797 0.905112
1305032387.015340 0.480577 -0.0435111 0.264563 -0.206234 -0.390483 -0.00378323 0.897205
1305032387.047204 0.4867 -0.0580366 0.274201 -0.215869 -0.391991 -0.00818939 0.894247
1305032387.083123 0.492428 -0.0710486 0.281825 -0.217876 -0.393963 -0.0149244 0.892805
1305032387.115144 0.50409 -0.0930883 0.286045 -0.227244 -0.396488 -0.027248 0.889053
1305032387.146938 0.514882 -0.107263 0.294038 -0.233458 -0.398029 -0.0423775 0.886157
1305032387.183366 0.515107 -0.123697 0.307189 -0.239476 -0.395367 -0.0520421 0.885227
1305032387.211762 0.520922 -0.139288 0.314732 -0.241114 -0.391592 -0.0606718 0.885911
1305032387.243500 0.523708 -0.154935 0.324252 -0.243381 -0.388227 -0.0695415 0.88612
1305032387.283242 0.532713 -0.17373 0.333908 -0.244749 -0.387136 -0.0811709 0.885232
1305032387.315110 0.538573 -0.195519 0.346884 -0.252261 -0.385682 -0.0954641 0.882327
1305032387.347681 0.546341 -0.20928 0.354845 -0.261646 -0.384126 -0.10422 0.879276
1305032387.382764 0.550847 -0.224755 0.364227 -0.267722 -0.383569 -0.112879 0.876617
1305032387.414331 0.554812 -0.240857 0.374795 -0.271544 -0.384578 -0.119409 0.874131
1305032387.443532 0.560756 -0.254526 0.384481 -0.277607 -0.386577 -0.127699 0.870164
1305032387.482745 0.56256 -0.270571 0.393892 -0.281624 -0.385974 -0.137902 0.86758
1305032387.511705 0.562532 -0.282895 0.403018 -0.282211 -0.387784 -0.144343 0.865532
1305032387.543542 0.56249 -0.293651 0.409455 -0.282347 -0.393658 -0.150514 0.861777
1305032387.583132 0.567132 -0.310058 0.418905 -0.283531 -0.401938 -0.158837 0.856053
1305032387.614697 0.565877 -0.320685 0.425188 -0.28292 -0.408351 -0.169854 0.85109
1305032387.646620 0.562063 -0.33049 0.437139 -0.28336 -0.416476 -0.18124 0.844634
1305032387.682795 0.560691 -0.339719 0.444347 -0.283465 -0.42478 -0.187193 0.839147
1305032387.715088 0.562067 -0.353793 0.453657 -0.287492 -0.432137 -0.194489 0.832334
1305032387.746770 0.565515 -0.365725 0.464572 -0.293096 -0.438114 -0.201882 0.825466
1305032387.782837 0.56936 -0.377467 0.472657 -0.299831 -0.443034 -0.211341 0.81802
1305032387.815294 0.567784 -0.382454 0.48314 -0.310158 -0.446344 -0.218448 0.810469
1305032387.846872 0.560209 -0.387387 0.494986 -0.3204 -0.446958 -0.220766 0.805502
1305032387.883126 0.562488 -0.394955 0.504208 -0.332032 -0.446852 -0.217926 0.801615
1305032387.914658 0.561538 -0.40125 0.514956 -0.346488 -0.446248 -0.216118 0.796305
1305032387.947098 0.563341 -0.410169 0.526137 -0.355152 -0.447895 -0.217422 0.791192
1305032387.983846 0.565109 -0.420013 0.53739 -0.358841 -0.449393 -0.222264 0.787323
1305032388.015687 0.568711 -0.429936 0.550272 -0.358247 -0.452683 -0.228662 0.783869
1305032388.047380 0.568445 -0.438917 0.559526 -0.358102 -0.453778 -0.236963 0.780831
1305032388.083777 0.567896 -0.445976 0.570952 -0.354742 -0.456096 -0.241911 0.779496
1305032388.115961 0.570019 -0.452313 0.580536 -0.351144 -0.459859 -0.241452 0.779056
1305032388.148173 0.570899 -0.4605 0.594221 -0.346596 -0.465833 -0.240795 0.777746
1305032388.184052 0.572269 -0.472073 0.601773 -0.342641 -0.469094 -0.240582 0.777604
1305032388.212538 0.572926 -0.482064 0.613439 -0.342439 -0.472215 -0.239648 0.776091
1305032388.250425 0.57509 -0.492652 0.621863 -0.343424 -0.474265 -0.236242 0.77545
1305032388.283226 0.574731 -0.501344 0.632697 -0.345513 -0.47631 -0.232126 0.77451
1305032388.315193 0.57255 -0.503152 0.64112 -0.343721 -0.478714 -0.226189 0.775582
1305032388.350541 0.572598 -0.511754 0.650519 -0.342365 -0.481376 -0.220627 0.776136
1305032388.383342 0.572669 -0.520793 0.659331 -0.342352 -0.482881 -0.214863 0.776824
1305032388.414973 0.570208 -0.527428 0.667134 -0.341431 -0.483669 -0.210064 0.77805
1305032388.450875 0.557164 -0.539463 0.68339 -0.343373 -0.484895 -0.209507 0.776581
1305032388.483696 0.554715 -0.545487 0.688996 -0.339123 -0.487326 -0.208111 0.777302
1305032388.515455 0.548522 -0.553565 0.698868 -0.335959 -0.491563 -0.207614 0.77614
1305032388.551418 0.543835 -0.561631 0.703388 -0.33264 -0.497154 -0.209111 0.773603
1305032388.581086 0.538755 -0.569715 0.711463 -0.329456 -0.503062 -0.211816 0.770404
1305032388.615087 0.532277 -0.578297 0.719756 -0.323759 -0.508954 -0.217794 0.767275
1305032388.650929 0.528954 -0.585465 0.722217 -0.321338 -0.51175 -0.224134 0.764603
1305032388.684041 0.523229 -0.58777 0.727303 -0.320535 -0.515492 -0.234129 0.759414
1305032388.713169 0.514068 -0.594385 0.732902 -0.320818 -0.517955 -0.245921 0.753871
1305032388.751435 0.506168 -0.597486 0.738202 -0.321794 -0.520422 -0.253592 0.7492
1305032388.783449 0.496225 -0.604371 0.745959 -0.322748 -0.52403 -0.261821 0.743422
1305032388.814824 0.485042 -0.607586 0.750612 -0.324582 -0.52664 -0.264579 0.739794
1305032388.847513 0.476416 -0.610857 0.756867 -0.324197 -0.530682 -0.266544 0.736361
1305032388.882983 0.468144 -0.613027 0.759728 -0.321851 -0.534725 -0.269261 0.733471
1305032388.914716 0.459129 -0.613983 0.765145 -0.319884 -0.539617 -0.270473 0.730296
1305032388.950492 0.450381 -0.617484 0.77285 -0.31872 -0.543987 -0.26997 0.727744
1305032388.983354 0.444302 -0.617945 0.774548 -0.316353 -0.547808 -0.269108 0.726228
1305032389.015302 0.440448 -0.617561 0.779468 -0.314527 -0.553187 -0.26935 0.722847
1305032389.050498 0.434581 -0.621717 0.791185 -0.311711 -0.56066 -0.272937 0.716939
1305032389.083544 0.431367 -0.619569 0.795462 -0.304998 -0.56673 -0.27721 0.713406
1305032389.114834 0.428445 -0.623001 0.801749 -0.302609 -0.571379 -0.280702 0.709338
1305032389.150563 0.423826 -0.619218 0.807648 -0.299801 -0.575487 -0.28525 0.705384
1305032389.183847 0.419012 -0.615946 0.813222 -0.292488 -0.580535 -0.289474 0.702592
1305032389.215520 0.421182 -0.614647 0.817894 -0.285561 -0.585572 -0.292233 0.700115
1305032389.251042 0.423027 -0.609768 0.822897 -0.281079 -0.591896 -0.294219 0.695765
1305032389.283231 0.423501 -0.608341 0.827941 -0.276345 -0.598873 -0.297023 0.69048
1305032389.315296 0.425146 -0.608564 0.84155 -0.273812 -0.605634 -0.297336 0.685438
1305032389.351461 0.431281 -0.606321 0.849208 -0.272068 -0.609688 -0.29905 0.681783
1305032389.383520 0.436815 -0.598785 0.855802 -0.272416 -0.612534 -0.299563 0.678862
1305032389.415851 0.4389 -0.595756 0.864357 -0.270878 -0.617078 -0.300296 0.675027
1305032389.447191 0.446447 -0.5919 0.868768 -0.267306 -0.621369 -0.298992 0.673091
1305032389.484520 0.457061 -0.588193 0.877632 -0.267218 -0.625471 -0.298281 0.669634
1305032389.519411 0.463442 -0.584334 0.886806 -0.266229 -0.628272 -0.300219 0.666532
1305032389.551432 0.473034 -0.578249 0.893744 -0.264147 -0.630199 -0.300173 0.665561
1305032389.583908 0.482846 -0.573883 0.898569 -0.262966 -0.632875 -0.299476 0.663801
1305032389.619179 0.490964 -0.569903 0.906018 -0.264185 -0.635861 -0.298853 0.660737
1305032389.651751 0.493857 -0.568179 0.910096 -0.263099 -0.637583 -0.29771 0.660027
1305032389.683655 0.502867 -0.562142 0.916748 -0.260248 -0.639612 -0.29111 0.662135
1305032389.719141 0.512281 -0.554565 0.920196 -0.256894 -0.642155 -0.286597 0.662951
1305032389.751256 0.521251 -0.551051 0.927298 -0.254382 -0.64463 -0.282874 0.663117
1305032389.783396 0.524395 -0.545685 0.930894 -0.251304 -0.645877 -0.275932 0.665996
1305032389.815171 0.533934 -0.543573 0.933908 -0.249084 -0.647543 -0.266267 0.669139
1305032389.850251 0.538466 -0.5375 0.936749 -0.246684 -0.648472 -0.259566 0.671757
1305032389.883751 0.538159 -0.52143 0.934996 -0.23803 -0.65098 -0.253554 0.674742
1305032389.915433 0.545893 -0.514104 0.936826 -0.225599 -0.658059 -0.247065 0.674553
1305032389.950745 0.551651 -0.50412 0.936811 -0.213291 -0.665996 -0.239015 0.673668
1305032389.982637 0.557589 -0.496625 0.934425 -0.202961 -0.673393 -0.23174 0.672046
1305032390.019198 0.562179 -0.486821 0.939427 -0.190082 -0.68349 -0.222537 0.668721
1305032390.053174 0.568602 -0.476617 0.938755 -0.179586 -0.689081 -0.217349 0.667589
1305032390.081015 0.573323 -0.465323 0.935555 -0.175337 -0.689939 -0.212625 0.669351
1305032390.118347 0.574047 -0.456249 0.935472 -0.170752 -0.691821 -0.205346 0.670865
1305032390.149354 0.582307 -0.445957 0.935443 -0.16551 -0.693295 -0.195522 0.673588
1305032390.183538 0.582266 -0.434567 0.937391 -0.162061 -0.694426 -0.189935 0.674858
1305032390.219241 0.582873 -0.427253 0.93847 -0.155471 -0.694778 -0.182451 0.678103
1305032390.251134 0.587058 -0.415997 0.936359 -0.149366 -0.694276 -0.170802 0.683006
1305032390.282589 0.588639 -0.407115 0.937303 -0.146495 -0.6941 -0.160384 0.686324
1305032390.314979 0.595002 -0.392613 0.936261 -0.143251 -0.692915 -0.147957 0.690982
1305032390.350267 0.599289 -0.383724 0.935186 -0.142693 -0.692633 -0.13738 0.693559
1305032390.382610 0.596322 -0.374385 0.934788 -0.140874 -0.693942 -0.126719 0.694652
1305032390.415081 0.599825 -0.366254 0.934264 -0.136746 -0.695985 -0.11702 0.695134
1305032390.451519 0.602646 -0.353306 0.935251 -0.132965 -0.697239 -0.107926 0.696082
1305032390.479658 0.603788 -0.346195 0.935406 -0.131021 -0.698217 -0.101229 0.696476
1305032390.514929 0.604836 -0.336913 0.93768 -0.127174 -0.700012 -0.0923317 0.696624
1305032390.550339 0.607804 -0.328354 0.939622 -0.122762 -0.700725 -0.082982 0.697874
1305032390.582772 0.612175 -0.315635 0.939854 -0.11969 -0.701335 -0.0728783 0.698922
1305032390.618377 0.607198 -0.309283 0.945358 -0.116503 -0.701694 -0.0636485 0.700001
1305032390.650434 0.613312 -0.29832 0.950486 -0.110638 -0.700761 -0.0538193 0.702707
1305032390.682873 0.616562 -0.286162 0.953034 -0.107759 -0.700798 -0.0471908 0.703593
1305032390.718194 0.618647 -0.276306 0.957837 -0.105603 -0.701718 -0.0415657 0.703357
1305032390.750175 0.62219 -0.263364 0.963047 -0.105707 -0.701696 -0.0350369 0.703719
1305032390.786274 0.624106 -0.246606 0.967205 -0.106059 -0.70182 -0.0314403 0.703713
1305032390.818507 0.62346 -0.237557 0.972655 -0.107687 -0.702354 -0.0281943 0.70307
1305032390.850437 0.623905 -0.223013 0.980598 -0.108225 -0.70333 -0.0217271 0.702241
1305032390.886597 0.625733 -0.210084 0.986968 -0.107451 -0.704611 -0.0174651 0.701194
1305032390.918398 0.624898 -0.196755 0.993737 -0.105053 -0.705688 -0.0131101 0.700569
1305032390.950305 0.620497 -0.182392 0.99716 -0.0995822 -0.707404 -0.0061168 0.699732
1305032390.987238 0.622989 -0.164049 1.00312 -0.0898757 -0.710697 0.00220488 0.69773
1305032391.019268 0.627598 -0.151797 1.01139 -0.0861991 -0.713543 0.00516508 0.695269
1305032391.051279 0.628709 -0.138279 1.01808 -0.0880813 -0.713931 0.00829983 0.694605
1305032391.087153 0.628005 -0.128113 1.01527 -0.0896558 -0.714509 0.012636 0.693742
1305032391.118251 0.624641 -0.109653 1.0262 -0.0854548 -0.718375 0.019361 0.690116
1305032391.150434 0.626349 -0.0965871 1.03327 -0.0815496 -0.720815 0.0237482 0.687904
1305032391.186761 0.625038 -0.0799508 1.03704 -0.0815066 -0.721244 0.0290818 0.687254
1305032391.218382 0.623182 -0.0673475 1.03915 -0.0835219 -0.72187 0.0359028 0.686031
1305032391.250262 0.62229 -0.0541594 1.04116 -0.0835359 -0.722756 0.0423631 0.684727
1305032391.286409 0.62165 -0.0412866 1.0424 -0.0860512 -0.723857 0.0470168 0.682946
1305032391.318198 0.621523 -0.0306342 1.04338 -0.0889006 -0.725217 0.0526328 0.680725
1305032391.350223 0.621966 -0.017985 1.04728 -0.0915947 -0.726404 0.0587395 0.6786
1305032391.386404 0.621424 -0.00261225 1.0487 -0.0940848 -0.727637 0.0635221 0.676504
1305032391.418275 0.624558 0.000716288 1.04111 -0.0991525 -0.728967 0.0671731 0.673991
1305032391.450231 0.625784 0.0146903 1.03968 -0.102463 -0.730535 0.0714425 0.671354
1305032391.483296 0.622253 0.0263536 1.04072 -0.107437 -0.73105 0.0740297 0.669734
1305032391.518579 0.615527 0.0294619 1.04179 -0.111972 -0.730165 0.0781735 0.669485
1305032391.548166 0.620413 0.034789 1.03755 -0.116623 -0.729887 0.0862366 0.668002
1305032391.584774 0.619667 0.0428353 1.03444 -0.120905 -0.729973 0.0913706 0.666463
1305032391.617070 0.617793 0.0487415 1.03577 -0.125613 -0.730686 0.0955092 0.664226
1305032391.647210 0.61999 0.0502954 1.02889 -0.130351 -0.731644 0.0992797 0.661702
1305032391.683817 0.619738 0.0584991 1.02582 -0.135161 -0.733946 0.102037 0.657756
1305032391.719489 0.617628 0.0656328 1.02206 -0.13916 -0.73613 0.099681 0.654837
1305032391.748029 0.611609 0.0717756 1.01734 -0.14161 -0.736843 0.0979201 0.653774
1305032391.784539 0.614454 0.0733849 1.01667 -0.147295 -0.736147 0.0977783 0.653323
1305032391.815353 0.616749 0.0765035 1.01531 -0.154053 -0.7329 0.0966324 0.655581
1305032391.850480 0.609398 0.0807409 1.00628 -0.155877 -0.727913 0.0948345 0.660947
1305032391.884688 0.606403 0.0859225 1.00137 -0.156889 -0.724854 0.0975567 0.663668
1305032391.921342 0.60848 0.0908238 0.997181 -0.158165 -0.722693 0.0976459 0.665705
1305032391.953133 0.599572 0.0926788 0.989527 -0.157994 -0.722284 0.0937339 0.666752
1305032391.983420 0.593767 0.0919653 0.986808 -0.151271 -0.72282 0.0907384 0.668143
