1305031229.528784 0 0 0 0 0 0 1
1305031229.564442 -0.012528 -0.00220776 0.00965408 -0.00611981 -0.0280851 0.00624229 0.999567
1305031229.596617 -0.0131021 -0.00820824 0.00722905 -0.00883058 -0.0544178 0.00876663 0.998441
1305031229.628790 -0.01672 -0.00214885 0.00993563 -0.00978656 -0.0711899 0.0134332 0.997324
1305031229.664358 -0.017594 -0.0126233 0.0113911 -0.0153637 -0.0909101 0.0106536 0.995684
1305031229.696843 -0.0195476 -0.0112127 0.0122212 -0.0149442 -0.102722 0.013728 0.994503
1305031229.729077 -0.0253881 -0.00373393 0.0169126 -0.0117775 -0.118691 0.0185647 0.992688
1305031229.764869 -0.0269146 -0.00776963 0.0174994 -0.0137296 -0.138276 0.0223226 0.990047
1305031229.796923 -0.0326326 -0.00428151 0.016317 -0.0125599 -0.152957 0.0276434 0.987766
1305031229.825630 -0.0377809 -0.00311762 0.0177307 -0.0121451 -0.171909 0.0324303 0.984504
1305031229.863062 -0.0411173 -0.00644615 0.0176987 -0.0141132 -0.192294 0.0375043 0.980519
1305031229.896938 -0.0497092 -0.00523732 0.015309 -0.0130309 -0.210451 0.0424589 0.976595
1305031229.926255 -0.052092 -0.0050755 0.0162172 -0.0125701 -0.234397 0.0462989 0.970956
1305031229.966241 -0.0520415 -0.00570997 0.0174929 -0.0128096 -0.258013 0.0502591 0.964748
1305031229.997931 -0.0542534 -0.00429871 0.0182489 -0.0121724 -0.277451 0.0529959 0.9592
1305031230.030002 -0.0548908 -0.00639126 0.0184918 -0.0130786 -0.294574 0.0541655 0.954003
1305031230.065696 -0.0603303 -0.00749432 0.0166159 -0.0129145 -0.307582 0.0560987 0.949779
1305031230.098274 -0.0624036 -0.00570846 0.0170442 -0.0115925 -0.322177 0.0586329 0.944791
1305031230.129935 -0.0697854 -0.00579244 0.013288 -0.0120151 -0.332842 0.0600885 0.94099
1305031230.165780 -0.0724703 -0.00634698 0.0130429 -0.0130157 -0.346275 0.0616402 0.936015
1305031230.197782 -0.0773778 -0.00636394 0.0111308 -0.0126396 -0.358691 0.0624277 0.931281
1305031230.229853 -0.0813951 -0.00690471 0.00808477 -0.0127789 -0.371061 0.0636746 0.926335
1305031230.265590 -0.0856864 -0.00687774 0.00527849 -0.0126908 -0.384393 0.06542 0.920761
1305031230.297993 -0.089978 -0.00785117 0.0035956 -0.0137017 -0.398178 0.0669398 0.91476
1305031230.335112 -0.0951956 -0.00941219 0.000765314 -0.0137166 -0.411275 0.0694224 0.90876
1305031230.365680 -0.100435 -0.00670675 -0.0015086 -0.0116495 -0.425156 0.0710758 0.90225
1305031230.397329 -0.102392 -0.00858421 -0.00286007 -0.0138462 -0.441052 0.0737834 0.894336
1305031230.436814 -0.107854 -0.00932952 -0.00762381 -0.0150862 -0.455844 0.0760667 0.886675
1305031230.465312 -0.116581 -0.0129864 -0.0172366 -0.0178195 -0.471973 0.0796686 0.877825
1305031230.497300 -0.121353 -0.0132613 -0.0214761 -0.0196204 -0.49383 0.0815342 0.865505
1305031230.530192 -0.128252 -0.0173993 -0.0325342 -0.0232895 -0.514857 0.0836362 0.852868
1305031230.566115 -0.133218 -0.0177031 -0.0350667 -0.0247031 -0.538484 0.0862714 0.837844
1305031230.598843 -0.138018 -0.0173061 -0.0377611 -0.0255677 -0.561512 0.0866038 0.822527
1305031230.631914 -0.141937 -0.016526 -0.0408146 -0.0261681 -0.583174 0.0871197 0.807238
1305031230.666047 -0.14741 -0.0138069 -0.0412438 -0.0266212 -0.602468 0.0862312 0.793024
1305031230.697945 -0.153382 -0.0144213 -0.0416698 -0.0283114 -0.618433 0.0856477 0.780643
1305031230.733641 -0.155226 -0.0170452 -0.0436744 -0.0299826 -0.633437 0.0848396 0.768545
1305031230.765924 -0.156531 -0.0228086 -0.0477042 -0.0337709 -0.648692 0.086305 0.755387
1305031230.797323 -0.164268 -0.0257036 -0.0551187 -0.0340206 -0.662667 0.0880209 0.742945
1305031230.831757 -0.165885 -0.0287074 -0.0595941 -0.0340788 -0.677903 0.0907297 0.728735
1305031230.865542 -0.17016 -0.0299016 -0.0637744 -0.0339928 -0.694069 0.0938311 0.712958
1305031230.897394 -0.174519 -0.0308473 -0.0708902 -0.0320718 -0.709702 0.0953808 0.697279
1305031230.937310 -0.182532 -0.0274257 -0.0848142 -0.0272712 -0.72202 0.0951484 0.684755
1305031230.965035 -0.187404 -0.0236655 -0.0892024 -0.0244498 -0.731098 0.0958559 0.675063
1305031230.997124 -0.188382 -0.0207036 -0.0903663 -0.0225771 -0.736183 0.0949832 0.669704
1305031231.036750 -0.19051 -0.020556 -0.096333 -0.0216304 -0.737412 0.093457 0.668596
1305031231.064474 -0.184837 -0.0179457 -0.09923 -0.0193328 -0.735863 0.0933319 0.670389
1305031231.096788 -0.188185 -0.0177759 -0.102211 -0.0191514 -0.73437 0.0926915 0.672118
1305031231.134711 -0.191122 -0.0186896 -0.0932703 -0.0203914 -0.734454 0.0926505 0.671995
1305031231.165276 -0.187748 -0.0116115 -0.10849 -0.0187538 -0.730502 0.0938387 0.676173
1305031231.197771 -0.186722 0.00432229 -0.109102 -0.0138316 -0.725564 0.0907559 0.682003
1305031231.234468 -0.193574 0.00836304 -0.105607 -0.0117246 -0.71549 0.0905053 0.692636
1305031231.265635 -0.167778 0.0161386 -0.154692 -0.0141664 -0.692672 0.0923456 0.715176
1305031231.297861 -0.165232 0.0215014 -0.153758 -0.0139642 -0.671876 0.0912892 0.734884
1305031231.335152 -0.152303 0.0258266 -0.159365 -0.013662 -0.646865 0.0886934 0.757306
1305031231.365077 -0.147356 0.0236804 -0.150269 -0.0150499 -0.624703 0.0851166 0.776063
1305031231.397330 -0.143945 0.0247718 -0.143135 -0.015361 -0.60294 0.0839251 0.793211
1305031231.436858 -0.143619 0.0296119 -0.140861 -0.0165746 -0.581585 0.0840209 0.808965
1305031231.464989 -0.138928 0.0303163 -0.140467 -0.0203497 -0.563224 0.0838292 0.821789
1305031231.499244 -0.134797 0.0327593 -0.141417 -0.0217351 -0.545781 0.0823557 0.833587
1305031231.533196 -0.131422 0.0336886 -0.138187 -0.0239492 -0.529879 0.0818133 0.843778
1305031231.565068 -0.128687 0.0353549 -0.134782 -0.0252146 -0.514511 0.0801438 0.853358
1305031231.601317 -0.140031 0.0333591 -0.114821 -0.0253855 -0.501275 0.075721 0.861595
1305031231.633159 -0.137808 0.0339986 -0.111526 -0.0260625 -0.485854 0.0738358 0.870526
1305031231.665055 -0.134659 0.0349201 -0.110444 -0.025897 -0.469817 0.0724804 0.879402
1305031231.703508 -0.13315 0.0375695 -0.10838 -0.025065 -0.453841 0.0698808 0.887985
1305031231.733938 -0.130559 0.0403829 -0.103966 -0.0241378 -0.43785 0.0663723 0.89627
1305031231.765509 -0.128112 0.042457 -0.100984 -0.022936 -0.417269 0.0599493 0.906514
1305031231.801191 -0.125249 0.0436516 -0.0992153 -0.022544 -0.394446 0.0535601 0.91708
1305031231.833292 -0.121046 0.0440317 -0.0930543 -0.0228197 -0.372509 0.0478708 0.926512
1305031231.864959 -0.124801 0.0433091 -0.0756292 -0.0201389 -0.348772 0.0401058 0.936133
1305031231.901270 -0.120026 0.0447777 -0.0745877 -0.0184584 -0.322519 0.0336149 0.945786
1305031231.933046 -0.115894 0.0448078 -0.0729953 -0.017654 -0.298373 0.0276112 0.953886
1305031231.965030 -0.113346 0.044033 -0.0761382 -0.0167985 -0.27379 0.0231355 0.961364
1305031232.000720 -0.111729 0.0469315 -0.0749761 -0.0150847 -0.253523 0.0199881 0.967005
1305031232.033203 -0.107768 0.0469713 -0.0736252 -0.0148081 -0.23519 0.018987 0.971651
1305031232.065145 -0.106308 0.0503924 -0.064348 -0.0117766 -0.21668 0.0166503 0.97603
1305031232.100799 -0.105395 0.0511033 -0.0653577 -0.0111068 -0.195726 0.0147724 0.980485
1305031232.132838 -0.102493 0.0520731 -0.0634127 -0.00999029 -0.178004 0.0134833 0.983887
1305031232.165052 -0.101225 0.0537317 -0.0647842 -0.00787456 -0.160903 0.012144 0.986864
1305031232.199224 -0.0941685 0.0542265 -0.0644027 -0.00673451 -0.145651 0.00938837 0.989269
1305031232.236468 -0.0874893 0.0538818 -0.0542907 -0.0080399 -0.132384 0.00785171 0.991135
1305031232.262698 -0.0843991 0.052701 -0.0561442 -0.00727906 -0.114351 0.00398394 0.993406
1305031232.298025 -0.0764931 0.0564632 -0.0555743 -0.00571283 -0.0972125 0.0006614 0.995247
1305031232.332143 -0.0728997 0.0513318 -0.0512771 -0.00824312 -0.0818107 -0.00292353 0.99661
1305031232.364749 -0.0707325 0.0555946 -0.0522716 -0.00554846 -0.0670768 -0.00514395 0.997719
1305031232.400878 -0.0730951 0.0546284 -0.0521458 -0.00661402 -0.0526816 -0.0080136 0.998557
1305031232.433144 -0.0712553 0.048184 -0.0523211 -0.0101525 -0.042948 -0.0109088 0.998966
1305031232.464721 -0.0717825 0.0480673 -0.0530479 -0.00974931 -0.0343126 -0.0138258 0.999268
1305031232.501526 -0.0694094 0.0473745 -0.055246 -0.00982196 -0.0256687 -0.0164269 0.999487
1305031232.532464 -0.0660066 0.0414623 -0.0554808 -0.0125087 -0.0149835 -0.0214717 0.999579
1305031232.564745 -0.0657174 0.0396312 -0.0553443 -0.0130405 -0.00258252 -0.0245829 0.999609
1305031232.600350 -0.0616848 0.0392696 -0.0573395 -0.0125509 0.00894671 -0.0279147 0.999491
1305031232.629427 -0.0544621 0.0399471 -0.0606406 -0.0125401 0.0223498 -0.0325089 0.999143
1305031232.664708 -0.0629115 0.0381479 -0.0600989 -0.0133826 0.0410593 -0.0370238 0.998381
1305031232.700509 -0.0584396 0.0391567 -0.0629123 -0.0107739 0.0529341 -0.0397425 0.997749
1305031232.732798 -0.0501018 0.0392113 -0.0674645 -0.010216 0.0653882 -0.0438113 0.996845
1305031232.768460 -0.0478818 0.039663 -0.0690455 -0.0107892 0.0827495 -0.0497552 0.995269
1305031232.804538 -0.0482656 0.0375671 -0.0696942 -0.00969873 0.0999768 -0.0554864 0.993394
1305031232.834645 -0.0456485 0.0380214 -0.0745357 -0.00794607 0.114545 -0.0586627 0.991653
1305031232.868557 -0.0476122 0.0365859 -0.0756645 -0.00862052 0.128869 -0.0607634 0.989761
1305031232.904183 -0.0463058 0.0316907 -0.0756845 -0.00937325 0.137095 -0.0617732 0.988585
1305031232.933000 -0.0459655 0.0349314 -0.0760769 -0.00726216 0.140998 -0.0570238 0.98834
1305031232.968364 -0.0445597 0.0347473 -0.0779737 -0.00628429 0.141185 -0.0548355 0.988443
1305031233.001151 -0.044558 0.0406552 -0.0769921 -0.00498489 0.140807 -0.0495356 0.988784
1305031233.033022 -0.0507907 0.0474218 -0.0698541 -0.00314967 0.131375 -0.0384446 0.990582
1305031233.068843 -0.050913 0.0494341 -0.071058 0.000351073 0.109503 -0.0290878 0.993561
1305031233.100447 -0.0490696 0.0566656 -0.0702724 0.00421178 0.0801097 -0.0149246 0.996665
1305031233.132892 -0.0518621 0.0509282 -0.0707559 0.000306792 0.0543306 -0.00750103 0.998495
1305031233.168480 -0.0510135 0.0488727 -0.0748329 -0.0044844 0.0427051 -0.00414653 0.999069
1305031233.200634 -0.057538 0.0497524 -0.0710223 -0.0105659 0.0388161 -0.00217625 0.999188
1305031233.233009 -0.0594817 0.0541077 -0.0642886 -0.0144753 0.0302491 0.00144103 0.999437
1305031233.268468 -0.0676247 0.0554824 -0.060398 -0.0145509 0.0125893 0.00848634 0.999779
1305031233.300395 -0.0762436 0.0591564 -0.0614665 -0.0142904 -0.0158833 0.0166253 0.999633
1305031233.332530 -0.0900538 0.0552256 -0.0536214 -0.0195923 -0.0607824 0.0269671 0.997594
1305031233.368630 -0.11504 0.0476188 -0.0625848 -0.02309 -0.0957355 0.0355511 0.994504
1305031233.400893 -0.128635 0.0590481 -0.0646976 -0.0211941 -0.132259 0.0437842 0.990021
1305031233.433008 -0.134157 0.0515298 -0.0649095 -0.0251033 -0.170246 0.0471849 0.983951
1305031233.468787 -0.128578 0.048777 -0.0602125 -0.0264944 -0.20015 0.0525048 0.977999
1305031233.500736 -0.131606 0.0476116 -0.0594648 -0.0267332 -0.214148 0.0526534 0.975015
1305031233.534161 -0.13632 0.0457401 -0.0585026 -0.0261079 -0.226294 0.0508766 0.972379
1305031233.569727 -0.140537 0.0462262 -0.0583199 -0.0251648 -0.242442 0.0522873 0.968429
1305031233.601275 -0.144645 0.0426486 -0.0599615 -0.0262786 -0.265176 0.05497 0.962273
1305031233.633041 -0.153097 0.0425833 -0.0638417 -0.0251165 -0.289092 0.0605751 0.955053
1305031233.671783 -0.154768 0.0445537 -0.0642247 -0.0237557 -0.311018 0.0645719 0.94791
1305031233.702296 -0.154761 0.045926 -0.0621496 -0.0229395 -0.328312 0.0656911 0.942003
1305031233.731201 -0.145831 0.0500246 -0.0564353 -0.0199776 -0.339885 0.0634317 0.938113
1305031233.769160 -0.139361 0.0534036 -0.0521938 -0.0186647 -0.340407 0.0589667 0.938242
1305031233.799768 -0.137539 0.0526515 -0.0501395 -0.0207143 -0.334387 0.0543548 0.940639
1305031233.833831 -0.136424 0.0481153 -0.0510352 -0.0240029 -0.329124 0.0522209 0.942536
1305031233.865570 -0.137979 0.0474235 -0.0534864 -0.0229921 -0.326843 0.0528571 0.943319
1305031233.898697 -0.136748 0.0469787 -0.0534328 -0.0227415 -0.328885 0.0540094 0.94255
1305031233.932003 -0.135558 0.0471396 -0.0498752 -0.0210295 -0.330752 0.0564052 0.941796
1305031233.968159 -0.135322 0.0488115 -0.0499228 -0.0159767 -0.329163 0.0584202 0.942329
1305031233.998938 -0.131562 0.045001 -0.0469392 -0.0113572 -0.327483 0.0598637 0.94289
1305031234.037068 -0.130167 0.0468802 -0.0478566 -0.0017655 -0.322661 0.0621294 0.944472
1305031234.068756 -0.12541 0.0449604 -0.045416 0.00490935 -0.318457 0.0636514 0.945785
1305031234.099741 -0.12454 0.0430407 -0.0455369 0.0136017 -0.312598 0.0650085 0.947561
1305031234.135069 -0.124241 0.0406094 -0.0460884 0.0240621 -0.307735 0.0662481 0.948858
1305031234.165901 -0.123362 0.0444121 -0.045556 0.0354401 -0.303843 0.0685465 0.949592
1305031234.201004 -0.122069 0.0377928 -0.043949 0.0413163 -0.301277 0.0713917 0.949962
1305031234.238575 -0.121826 0.0392089 -0.0437953 0.0544515 -0.29829 0.0746266 0.949994
1305031234.265510 -0.12223 0.0431053 -0.0435838 0.065175 -0.295551 0.0767872 0.950003
1305031234.302455 -0.118641 0.037875 -0.0403403 0.0707243 -0.294702 0.0797391 0.949626
1305031234.338458 -0.119524 0.0377071 -0.0410098 0.0820933 -0.292254 0.0829156 0.949196
1305031234.366181 -0.119602 0.0388359 -0.0401116 0.0927459 -0.291147 0.0851423 0.948358
1305031234.400035 -0.119018 0.0351452 -0.0404758 0.10063 -0.289621 0.0880593 0.947755
1305031234.436771 -0.117274 0.030374 -0.0395855 0.111277 -0.287955 0.0903139 0.946859
1305031234.467606 -0.115643 0.030718 -0.0395489 0.126575 -0.285021 0.0938416 0.945482
1305031234.497781 -0.114873 0.0282927 -0.0396585 0.138592 -0.281847 0.0972879 0.944399
1305031234.537671 -0.114489 0.0237126 -0.0414998 0.152875 -0.278321 0.102795 0.942656
1305031234.569037 -0.113951 0.0238323 -0.044059 0.171356 -0.27696 0.108001 0.93929
1305031234.598248 -0.11219 0.0212984 -0.043574 0.186201 -0.276832 0.111536 0.936084
1305031234.633649 -0.110213 0.0173299 -0.046382 0.202875 -0.27444 0.115785 0.932801
1305031234.665859 -0.109504 0.0176756 -0.046428 0.219495 -0.271881 0.119249 0.929345
1305031234.698732 -0.109275 0.0136649 -0.0489391 0.235281 -0.26807 0.121815 0.926252
1305031234.734437 -0.108541 0.0124103 -0.0501312 0.251133 -0.265063 0.124789 0.922552
1305031234.768972 -0.107211 0.00945133 -0.054624 0.267751 -0.261108 0.127851 0.918578
1305031234.801553 -0.108493 0.0150509 -0.0579245 0.284869 -0.257517 0.131475 0.913919
1305031234.837808 -0.104743 0.0121382 -0.0557718 0.294905 -0.256328 0.13241 0.910931
1305031234.869321 -0.10479 0.0136163 -0.058019 0.306094 -0.252726 0.133771 0.908043
1305031234.901998 -0.107968 0.0169574 -0.0563143 0.313946 -0.251027 0.133867 0.905816
1305031234.938161 -0.112265 0.0232112 -0.0543166 0.315614 -0.249843 0.133178 0.905665
1305031234.973080 -0.113563 0.0227069 -0.0567067 0.309858 -0.250752 0.132193 0.907544
1305031235.005083 -0.122459 0.0309817 -0.0522397 0.302838 -0.253224 0.13024 0.909508
1305031235.039972 -0.120039 0.0265466 -0.0495267 0.293298 -0.256992 0.128335 0.911845
1305031235.072940 -0.128061 0.0345356 -0.0473953 0.284015 -0.259969 0.126453 0.9142
1305031235.099591 -0.129993 0.0358985 -0.0412035 0.272201 -0.263501 0.123934 0.917123
1305031235.136271 -0.130447 0.0317586 -0.0397251 0.259628 -0.266272 0.123462 0.920027
1305031235.166371 -0.134654 0.0418022 -0.0367989 0.252631 -0.269389 0.120439 0.921467
1305031235.199847 -0.131391 0.0432129 -0.0338742 0.236128 -0.273082 0.116713 0.925228
1305031235.237570 -0.133948 0.0425593 -0.0316794 0.223606 -0.274036 0.114901 0.928279
1305031235.269039 -0.132385 0.0444676 -0.0286012 0.210867 -0.276843 0.110727 0.930931
1305031235.306487 -0.134465 0.0497981 -0.0226887 0.198922 -0.278118 0.106762 0.933639
1305031235.338000 -0.135817 0.0554111 -0.0183489 0.18324 -0.278671 0.102475 0.937158
1305031235.369888 -0.136226 0.0521831 -0.0172409 0.16502 -0.278753 0.0982219 0.940966
1305031235.406016 -0.139138 0.0582399 -0.0171775 0.152281 -0.280103 0.0950546 0.943036
1305031235.438153 -0.140221 0.0661609 -0.0108491 0.133166 -0.284565 0.0913653 0.944956
1305031235.470059 -0.140984 0.0650828 -0.0100799 0.114354 -0.286645 0.0899863 0.946921
1305031235.505985 -0.143977 0.0670644 -0.00823291 0.0966031 -0.28941 0.0879038 0.948252
1305031235.538554 -0.143956 0.0706477 -0.00412771 0.0786636 -0.293661 0.0852419 0.948846
1305031235.570365 -0.14474 0.0724119 -0.00211549 0.0609024 -0.295653 0.0829145 0.94974
1305031235.606006 -0.14721 0.0777301 0.000974121 0.0427196 -0.298004 0.0797624 0.950267
1305031235.638951 -0.149759 0.0798618 0.00246036 0.0234578 -0.299408 0.0769915 0.950724
1305031235.670516 -0.15113 0.0831334 0.00489775 0.00390101 -0.302034 0.0747653 0.950353
1305031235.705778 -0.152913 0.0862531 0.00741877 -0.0159694 -0.304728 0.0723532 0.949553
1305031235.738797 -0.154847 0.0914614 0.00887469 -0.0339618 -0.307457 0.0694889 0.948414
1305031235.769630 -0.157815 0.096558 0.0107729 -0.0524304 -0.309662 0.0662373 0.947087
1305031235.807225 -0.158387 0.0962397 0.0140369 -0.0740436 -0.311502 0.0618356 0.945336
1305031235.838812 -0.16019 0.101599 0.015195 -0.0914345 -0.312146 0.058942 0.943785
1305031235.870067 -0.161383 0.106873 0.0175847 -0.107289 -0.312517 0.0554554 0.942203
1305031235.906111 -0.162353 0.109668 0.0189563 -0.123913 -0.312632 0.052494 0.940293
1305031235.938233 -0.163322 0.112967 0.0205078 -0.138235 -0.312738 0.0500347 0.938394
1305031235.970011 -0.165539 0.116791 0.0203651 -0.151772 -0.312548 0.0473682 0.936501
1305031236.006853 -0.166046 0.122113 0.0217659 -0.163258 -0.313309 0.044058 0.934475
1305031236.038048 -0.166868 0.124517 0.0227303 -0.175282 -0.313505 0.0420139 0.932323
1305031236.069878 -0.168116 0.130289 0.0232633 -0.186056 -0.313484 0.0396962 0.930341
1305031236.105872 -0.16875 0.135268 0.024126 -0.192238 -0.313638 0.0374302 0.929126
1305031236.138325 -0.170083 0.138705 0.0237523 -0.197736 -0.312596 0.0346449 0.928431
1305031236.170933 -0.170371 0.140148 0.0248512 -0.202988 -0.311856 0.0337604 0.927578
1305031236.207190 -0.17137 0.142794 0.0251671 -0.209454 -0.310298 0.0328997 0.926694
1305031236.238375 -0.171833 0.145021 0.0261368 -0.210878 -0.308604 0.0310198 0.927001
1305031236.269959 -0.172234 0.145552 0.0264906 -0.20704 -0.307589 0.0287896 0.928275
1305031236.306994 -0.172688 0.144269 0.0278276 -0.202981 -0.305622 0.0297335 0.92979
1305031236.339217 -0.171824 0.142763 0.0278207 -0.193834 -0.305059 0.0323982 0.931836
1305031236.370096 -0.170471 0.143098 0.0262394 -0.183779 -0.305273 0.0371238 0.933625
1305031236.405869 -0.169734 0.140855 0.0239432 -0.172649 -0.305425 0.0409658 0.935537
1305031236.438788 -0.169332 0.137387 0.0214291 -0.161147 -0.304379 0.0451459 0.937735
1305031236.475141 -0.167042 0.132207 0.0196448 -0.148141 -0.303282 0.0491717 0.94003
1305031236.507721 -0.166872 0.130075 0.0166237 -0.135067 -0.301713 0.0518914 0.942355
1305031236.538645 -0.164753 0.122089 0.0141699 -0.121518 -0.300908 0.0538852 0.944343
1305031236.574095 -0.163231 0.117058 0.0099367 -0.10766 -0.29947 0.0553268 0.946396
1305031236.605757 -0.162249 0.114945 0.00589759 -0.0907296 -0.297645 0.0573506 0.948623
1305031236.638401 -0.158623 0.106729 0.0045243 -0.0765585 -0.297715 0.0589286 0.949754
1305031236.675147 -0.155721 0.0997421 0.00187182 -0.0640195 -0.298236 0.0616076 0.950348
1305031236.703362 -0.151708 0.068795 0.00245067 -0.0636324 -0.299673 0.0593055 0.950068
1305031236.733922 -0.149223 0.0614631 -0.00192157 -0.049115 -0.300089 0.0612961 0.950672
1305031236.774041 -0.145054 0.0456963 -0.00356928 -0.0410776 -0.301009 0.0616218 0.950741
1305031236.802588 -0.143625 0.0384292 -0.00889976 -0.0252106 -0.300168 0.0636848 0.951424
1305031236.836415 -0.139988 0.0349307 -0.013883 -0.00750946 -0.299776 0.0647957 0.951777
1305031236.874398 -0.138639 0.032247 -0.0191184 0.00984652 -0.297669 0.0670333 0.952262
1305031236.906069 -0.137553 0.025505 -0.0253798 0.0263888 -0.295763 0.0682403 0.952455
1305031236.934437 -0.136144 0.0220594 -0.0315569 0.0440141 -0.294714 0.070801 0.951942
1305031236.974400 -0.134392 0.0178153 -0.037393 0.0603484 -0.294497 0.0735563 0.950904
1305031237.007426 -0.131258 0.0127538 -0.0431468 0.0767781 -0.294866 0.0772983 0.949307
1305031237.037024 -0.128062 0.0107575 -0.0504329 0.0964237 -0.294349 0.0791021 0.947525
1305031237.073427 -0.123867 0.00778355 -0.0557076 0.112656 -0.292988 0.0817704 0.945928
1305031237.105968 -0.119622 0.00291894 -0.0609612 0.129075 -0.291128 0.0844424 0.944168
1305031237.137832 -0.11578 0.00180195 -0.0657236 0.149637 -0.288003 0.0874173 0.941818
1305031237.171227 -0.114894 0.00023367 -0.0725188 0.166635 -0.283577 0.0907448 0.93999
1305031237.204229 -0.11201 -0.0056628 -0.0758818 0.1804 -0.281595 0.0952793 0.937594
1305031237.237569 -0.109255 -0.00586975 -0.0825851 0.19673 -0.278459 0.100032 0.934747
1305031237.274659 -0.105076 -0.00800743 -0.0834007 0.209957 -0.276742 0.102977 0.932055
1305031237.305810 -0.102485 -0.00870879 -0.0868097 0.22435 -0.272271 0.10533 0.929753
1305031237.337142 -0.0983345 -0.0106329 -0.0895235 0.235827 -0.267779 0.108605 0.927839
1305031237.374166 -0.0954601 -0.0106704 -0.091981 0.249491 -0.263759 0.111985 0.925011
1305031237.405734 -0.0943148 -0.00779323 -0.094485 0.261306 -0.260755 0.114533 0.922284
1305031237.437722 -0.091872 -0.00867779 -0.0971045 0.270479 -0.258047 0.116924 0.920099
1305031237.474128 -0.0900762 -0.0139096 -0.102157 0.278937 -0.254895 0.121029 0.917919
1305031237.506045 -0.0931108 -0.00510326 -0.106522 0.290424 -0.252677 0.124334 0.914521
1305031237.537650 -0.0878251 -0.0068941 -0.106193 0.296667 -0.252473 0.126418 0.912285
1305031237.573948 -0.0872456 -0.00852036 -0.112181 0.3044 -0.250279 0.129872 0.909854
1305031237.606813 -0.0844893 -0.0030836 -0.11061 0.311502 -0.2503 0.130912 0.907292
1305031237.637855 -0.0868392 -0.00390971 -0.113516 0.315722 -0.248756 0.1326 0.906012
1305031237.675276 -0.0859526 -0.00563703 -0.115998 0.317498 -0.248214 0.133112 0.905465
1305031237.707118 -0.0843263 -0.00478894 -0.115812 0.32016 -0.246839 0.133732 0.904811
1305031237.741667 -0.0870288 -0.000735332 -0.115434 0.319813 -0.246828 0.134838 0.904773
1305031237.774306 -0.087763 -0.00536847 -0.116292 0.318335 -0.247343 0.134743 0.905168
1305031237.806496 -0.0862372 -0.01107 -0.119381 0.321193 -0.245332 0.1353 0.904622
1305031237.843031 -0.0896518 -0.000538446 -0.117453 0.321427 -0.246053 0.136289 0.904194
1305031237.875422 -0.0873116 -0.00775441 -0.120224 0.315572 -0.247784 0.136415 0.905764
1305031237.907784 -0.0873165 -0.0137351 -0.120769 0.318742 -0.247675 0.140032 0.90413
1305031237.944187 -0.0904074 -0.00459353 -0.121656 0.31876 -0.25005 0.13879 0.903662
1305031237.973810 -0.0907476 -0.00095447 -0.118786 0.312207 -0.253431 0.137162 0.905255
1305031238.006932 -0.102601 0.011424 -0.110391 0.306225 -0.258169 0.136505 0.906058
1305031238.043140 -0.104268 0.0172494 -0.10508 0.296348 -0.265669 0.132741 0.907732
1305031238.074032 -0.108018 0.0240206 -0.0990776 0.283168 -0.271493 0.125547 0.911233
1305031238.106588 -0.108751 0.025333 -0.0916985 0.265001 -0.276035 0.115698 0.916621
1305031238.143328 -0.109873 0.0255669 -0.0871256 0.24594 -0.277768 0.108696 0.922249
1305031238.172300 -0.113564 0.0338209 -0.0891997 0.225622 -0.279696 0.0986777 0.927969
1305031238.205426 -0.1187 0.0309265 -0.0877141 0.201888 -0.283433 0.0912924 0.933045
1305031238.240147 -0.121745 0.0334008 -0.0850164 0.184252 -0.288156 0.0849781 0.93584
1305031238.272527 -0.121908 0.0354533 -0.0804308 0.165471 -0.29262 0.0778198 0.938582
1305031238.306053 -0.124078 0.0426894 -0.0760488 0.146109 -0.295153 0.0721262 0.941454
1305031238.342596 -0.125562 0.0389734 -0.0724518 0.121463 -0.297139 0.0654949 0.94481
1305031238.374104 -0.131645 0.0424678 -0.0717288 0.103334 -0.29759 0.0598078 0.947199
1305031238.406036 -0.132993 0.0463014 -0.0682066 0.0841169 -0.299944 0.0527187 0.948777
1305031238.443424 -0.135102 0.0457563 -0.0648293 0.0638827 -0.300798 0.0471574 0.950377
1305031238.474082 -0.139396 0.0481091 -0.064038 0.0474771 -0.300529 0.0421037 0.951659
1305031238.505811 -0.1411 0.0465032 -0.0622842 0.0308901 -0.302024 0.036785 0.952089
1305031238.543264 -0.143722 0.0458636 -0.061203 0.0190377 -0.30372 0.0334486 0.951984
1305031238.574184 -0.146134 0.0523931 -0.0597107 0.00956685 -0.306071 0.0300572 0.951486
1305031238.605825 -0.147995 0.055871 -0.0581239 -0.00160679 -0.308474 0.0258227 0.950881
1305031238.642759 -0.148 0.0584814 -0.0554207 -0.01436 -0.310715 0.0222709 0.950134
1305031238.673813 -0.150056 0.0619556 -0.0546285 -0.0259625 -0.310527 0.0189803 0.95002
1305031238.705189 -0.152052 0.0670732 -0.0529796 -0.0376333 -0.310149 0.0150503 0.949823
1305031238.741307 -0.153117 0.0689619 -0.0519575 -0.0516288 -0.310781 0.0113159 0.949011
1305031238.771796 -0.154371 0.0725645 -0.0504993 -0.0619115 -0.312429 0.00940004 0.947875
1305031238.807019 -0.155688 0.0757343 -0.0501706 -0.0720416 -0.31373 0.00685816 0.94675
1305031238.842940 -0.15641 0.0783196 -0.0491854 -0.0839756 -0.31475 0.00366725 0.945446
1305031238.873723 -0.158709 0.0866024 -0.0499778 -0.0904358 -0.314057 0.00431056 0.945077
1305031238.906172 -0.159577 0.0888558 -0.0495141 -0.0965653 -0.314472 0.00401175 0.944334
1305031238.942786 -0.158663 0.0878425 -0.0486122 -0.10339 -0.315762 0.00225065 0.943186
1305031238.972308 -0.160842 0.0943239 -0.0504956 -0.107378 -0.314718 0.00096751 0.943092
1305031239.010483 -0.161443 0.0932435 -0.050823 -0.113079 -0.313546 -0.00231818 0.942813
1305031239.040879 -0.161872 0.0958 -0.0496793 -0.119265 -0.312998 -0.00442504 0.942225
1305031239.074661 -0.163216 0.100258 -0.0506506 -0.122812 -0.311975 -0.00460885 0.942108
1305031239.110906 -0.163507 0.100013 -0.0506331 -0.123614 -0.311737 -0.00613246 0.942073
1305031239.141779 -0.164221 0.101439 -0.050802 -0.122829 -0.310881 -0.00656846 0.942456
1305031239.175750 -0.164342 0.101656 -0.0500342 -0.118862 -0.309443 -0.00533027 0.943445
1305031239.209645 -0.161749 0.0984035 -0.0505927 -0.115577 -0.30937 -0.00489364 0.943879
1305031239.241710 -0.160843 0.0999621 -0.050795 -0.110603 -0.310356 -0.00291053 0.94416
1305031239.273820 -0.161352 0.100294 -0.051782 -0.1037 -0.310947 0.000429741 0.944753
1305031239.310177 -0.160692 0.0994155 -0.0520681 -0.0955458 -0.311345 0.00251439 0.945478
1305031239.341970 -0.160037 0.0975024 -0.0525298 -0.0870747 -0.311215 0.00518405 0.946328
1305031239.375024 -0.159728 0.0972246 -0.0537778 -0.0772098 -0.310628 0.00890187 0.947349
1305031239.410631 -0.15792 0.0945113 -0.0535033 -0.0679428 -0.311477 0.0122733 0.947742
1305031239.441542 -0.156379 0.0735047 -0.051794 -0.0674278 -0.312647 0.0150336 0.947354
1305031239.473318 -0.155164 0.0676297 -0.0518554 -0.056814 -0.314018 0.0175704 0.947553
1305031239.509739 -0.15395 0.06346 -0.0520459 -0.0467265 -0.314595 0.0211058 0.94784
1305031239.543802 -0.152124 0.0539808 -0.0520039 -0.0379941 -0.314159 0.0234783 0.948319
1305031239.576116 -0.148773 0.0505033 -0.0510135 -0.0256494 -0.312796 0.0254088 0.949134
1305031239.611161 -0.148268 0.0464099 -0.0521506 -0.0143607 -0.309343 0.0271746 0.950454
1305031239.641422 -0.147634 0.0402383 -0.0545576 -0.00341159 -0.306075 0.0302232 0.951521
1305031239.671056 -0.14888 0.0393892 -0.0576703 0.0108667 -0.302543 0.0329969 0.952502
1305031239.707555 -0.146754 0.0327768 -0.0584398 0.0212015 -0.301288 0.037159 0.952573
1305031239.741755 -0.145681 0.0283893 -0.0610445 0.0355872 -0.299823 0.0424172 0.952387
1305031239.771260 -0.144419 0.0205357 -0.0638238 0.0496928 -0.29872 0.0475801 0.951858
1305031239.806087 -0.142464 0.0150804 -0.0670135 0.0670451 -0.29701 0.0575709 0.950776
1305031239.839289 -0.142837 0.0128756 -0.0723714 0.0853957 -0.295241 0.0692027 0.949079
1305031239.874430 -0.140958 0.0107081 -0.074666 0.10313 -0.298176 0.0728479 0.946123
1305031239.909062 -0.135792 0.00889301 -0.0760403 0.120646 -0.299695 0.0763078 0.943295
1305031239.940373 -0.133507 0.00684962 -0.0792705 0.137785 -0.297462 0.0787037 0.941455
1305031239.971067 -0.129638 0.00436398 -0.0813241 0.152935 -0.294813 0.0799092 0.939846
1305031240.008865 -0.127318 -0.00140832 -0.0846881 0.166501 -0.291339 0.0825116 0.938398
1305031240.039660 -0.127202 -0.00162196 -0.0891921 0.182642 -0.288466 0.0877562 0.935803
1305031240.071187 -0.12677 -0.00626746 -0.0929955 0.195685 -0.287064 0.091661 0.93322
1305031240.109346 -0.12256 -0.00819712 -0.0952134 0.21147 -0.286733 0.097207 0.929309
1305031240.143502 -0.11845 -0.0154176 -0.100319 0.229966 -0.285119 0.101605 0.924932
1305031240.177577 -0.118122 -0.011008 -0.104674 0.247964 -0.282542 0.106107 0.920557
1305031240.209331 -0.113163 -0.0196192 -0.106656 0.26084 -0.281783 0.112036 0.91652
1305031240.241005 -0.111685 -0.0182149 -0.113307 0.284733 -0.278406 0.119929 0.909414
1305031240.277434 -0.109768 -0.0133827 -0.114895 0.299337 -0.277004 0.124294 0.904553
1305031240.308929 -0.10511 -0.0194256 -0.120561 0.31246 -0.274663 0.132076 0.899714
1305031240.342273 -0.104775 -0.011661 -0.119943 0.330174 -0.272742 0.13793 0.893069
1305031240.377426 -0.104067 -0.0092769 -0.11894 0.343894 -0.268659 0.140579 0.888705
1305031240.409111 -0.103235 -0.00640085 -0.117665 0.356454 -0.264094 0.146044 0.884232
1305031240.441786 -0.0996891 -0.00312809 -0.117051 0.365883 -0.263064 0.150586 0.879915
1305031240.477639 -0.0968024 0.000257558 -0.117602 0.372645 -0.262712 0.152323 0.876879
1305031240.508449 -0.0927926 -0.00375852 -0.12002 0.377256 -0.260475 0.153578 0.875354
1305031240.541270 -0.0821013 -0.00681453 -0.121735 0.381201 -0.260417 0.155697 0.873285
1305031240.575909 -0.0849878 0.000565921 -0.120195 0.381801 -0.261873 0.155742 0.872579
1305031240.610134 -0.0880499 0.00718484 -0.115454 0.380201 -0.26202 0.155106 0.873347
1305031240.639823 -0.0983185 0.0184218 -0.104849 0.376823 -0.263831 0.155367 0.874219
1305031240.674757 -0.090494 0.0103168 -0.109863 0.36792 -0.266005 0.15028 0.878232
1305031240.707932 -0.0990283 0.0189625 -0.101196 0.364487 -0.265874 0.150093 0.879734
1305031240.743958 -0.0995076 0.0278654 -0.0897115 0.355656 -0.268887 0.145038 0.883274
1305031240.776833 -0.101041 0.0203899 -0.0929358 0.346412 -0.268066 0.141992 0.887681
1305031240.809625 -0.104835 0.0253141 -0.0869394 0.339162 -0.26981 0.139534 0.890338
1305031240.842596 -0.109165 0.0353163 -0.0768208 0.328738 -0.271116 0.133226 0.894806
1305031240.879410 -0.109662 0.0279477 -0.0808193 0.313645 -0.270091 0.127922 0.901284
1305031240.908450 -0.113325 0.0300209 -0.0780918 0.302313 -0.270435 0.122353 0.905815
1305031240.942319 -0.121751 0.0410918 -0.0712151 0.288854 -0.270344 0.114218 0.91128
1305031240.977936 -0.120782 0.0335671 -0.0722671 0.266774 -0.27007 0.10771 0.918854
1305031241.008303 -0.126356 0.0415358 -0.0685334 0.252806 -0.271087 0.102207 0.923122
1305031241.040148 -0.123274 0.0426354 -0.0637758 0.227943 -0.274111 0.0944294 0.929509
1305031241.075933 -0.125955 0.044877 -0.0634656 0.208395 -0.275031 0.0937679 0.933883
1305031241.106556 -0.1304 0.0485062 -0.0596368 0.189464 -0.279812 0.0903329 0.936829
1305031241.140052 -0.129842 0.0481104 -0.0572488 0.166474 -0.285003 0.0859379 0.94004
1305031241.178182 -0.132587 0.0512507 -0.0550297 0.147268 -0.288461 0.0817379 0.942561
1305031241.210679 -0.133447 0.0537974 -0.0512598 0.126838 -0.292334 0.0764925 0.944776
1305031241.239315 -0.134141 0.0531579 -0.0490144 0.106868 -0.294466 0.0704968 0.947048
1305031241.276847 -0.135629 0.0550453 -0.0456691 0.0913169 -0.294522 0.0652262 0.949033
1305031241.306330 -0.137003 0.0613602 -0.0430329 0.0753947 -0.294375 0.0618748 0.9507
1305031241.342476 -0.137871 0.0680002 -0.0404622 0.0542215 -0.294643 0.0615653 0.952079
1305031241.379515 -0.141064 0.0676779 -0.0407379 0.0314888 -0.295583 0.0635219 0.952683
1305031241.409682 -0.144678 0.0712091 -0.0422144 0.0148471 -0.299104 0.0664165 0.951791
1305031241.445546 -0.147594 0.0781914 -0.0405068 -0.0014093 -0.305467 0.066898 0.949849
1305031241.477507 -0.146538 0.0785924 -0.0368699 -0.0160505 -0.310293 0.0661175 0.948203
1305031241.509849 -0.14742 0.0776186 -0.0347821 -0.0211105 -0.308607 0.063556 0.948829
1305031241.547730 -0.146612 0.0755584 -0.0350265 -0.0187839 -0.304032 0.0572123 0.950757
1305031241.578395 -0.145354 0.071219 -0.034641 -0.0185366 -0.302522 0.0556493 0.951336
1305031241.609264 -0.144414 0.0659842 -0.0345045 -0.0159771 -0.3024 0.0544377 0.951491
1305031241.647584 -0.144401 0.0679417 -0.0371132 -0.0087389 -0.302082 0.0546705 0.951673
1305031241.678366 -0.1429 0.0676051 -0.0374127 -0.00299905 -0.302551 0.0529159 0.951659
1305031241.709827 -0.141762 0.0683198 -0.0387634 0.00191786 -0.302025 0.0503906 0.951965
1305031241.747102 -0.140818 0.0659253 -0.0394225 0.00535832 -0.301685 0.0475534 0.952206
1305031241.778268 -0.141919 0.0689666 -0.0412161 0.0105548 -0.301098 0.0450409 0.95247
1305031241.809829 -0.141716 0.0651308 -0.0408106 0.0125824 -0.303211 0.0406598 0.951972
1305031241.846436 -0.143477 0.0650658 -0.0442746 0.017529 -0.305342 0.0356524 0.951414
1305031241.878799 -0.144744 0.0693262 -0.0457315 0.0236292 -0.309261 0.0300439 0.950209
1305031241.911487 -0.143892 0.0674894 -0.0445275 0.0258659 -0.314011 0.0201183 0.948854
1305031241.947705 -0.146929 0.0691037 -0.0472634 0.0300274 -0.314949 0.00865836 0.948594
1305031241.978343 -0.145251 0.0700406 -0.0469307 0.0338531 -0.317076 -0.00526603 0.947781
1305031242.010570 -0.143525 0.0703904 -0.0457878 0.0356052 -0.317032 -0.0217281 0.947497
1305031242.046360 -0.145421 0.069863 -0.0475464 0.0366543 -0.312124 -0.0396121 0.948507
1305031242.079549 -0.145189 0.0668674 -0.047917 0.0370913 -0.307211 -0.0599482 0.949027
1305031242.110584 -0.14671 0.067645 -0.0485667 0.0389094 -0.300819 -0.0789262 0.949613
1305031242.146605 -0.148773 0.0673907 -0.050563 0.0401493 -0.293847 -0.0975125 0.950018
1305031242.179708 -0.153343 0.0688179 -0.0526648 0.0425749 -0.288361 -0.113943 0.949764
1305031242.208725 -0.155157 0.0627166 -0.05391 0.0420385 -0.286515 -0.13027 0.948247
1305031242.247809 -0.156071 0.0622731 -0.0559211 0.0454699 -0.285149 -0.145723 0.946249
1305031242.279498 -0.151523 0.0591179 -0.0543809 0.0493889 -0.285276 -0.163888 0.943037
1305031242.309764 -0.150871 0.0543871 -0.0555142 0.0536785 -0.281784 -0.182619 0.940408
1305031242.347127 -0.152419 0.0531727 -0.0575203 0.0596585 -0.276016 -0.200504 0.938112
1305031242.378479 -0.154802 0.0607981 -0.0584547 0.0681144 -0.270069 -0.214941 0.936068
1305031242.410997 -0.15557 0.0548943 -0.060861 0.0718608 -0.266916 -0.233181 0.932319
1305031242.447099 -0.153127 0.0493661 -0.0632903 0.07645 -0.264576 -0.252713 0.927519
1305031242.477647 -0.156491 0.0457557 -0.0666531 0.0833209 -0.258453 -0.275512 0.922146
1305031242.509726 -0.159884 0.0495406 -0.0697188 0.0948436 -0.251678 -0.298851 0.915615
1305031242.548546 -0.157678 0.0492313 -0.0717241 0.103807 -0.249925 -0.322604 0.907022
1305031242.574843 -0.156232 0.0431703 -0.0733639 0.107216 -0.247643 -0.346961 0.898218
1305031242.606115 -0.156924 0.041662 -0.0756012 0.111086 -0.241035 -0.369269 0.890619
1305031242.643811 -0.167942 0.0474455 -0.0761797 0.117857 -0.232548 -0.389733 0.883255
1305031242.675202 -0.168387 0.0528576 -0.0748245 0.128549 -0.232941 -0.412885 0.871057
1305031242.713982 -0.168513 0.0502357 -0.0798878 0.132226 -0.233073 -0.436856 0.858691
1305031242.745258 -0.17276 0.0501855 -0.0825173 0.134318 -0.229124 -0.459886 0.847329
1305031242.777540 -0.176793 0.0547674 -0.082756 0.137172 -0.224881 -0.479307 0.837184
1305031242.814071 -0.176155 0.0564415 -0.0829876 0.137517 -0.225603 -0.49493 0.82779
1305031242.844318 -0.180834 0.0584608 -0.0852341 0.135769 -0.224735 -0.512628 0.81748
1305031242.874088 -0.184043 0.0611492 -0.087887 0.134178 -0.221227 -0.532697 0.805784
1305031242.913707 -0.190294 0.0649771 -0.0888217 0.133292 -0.214564 -0.552645 0.794216
1305031242.944438 -0.188924 0.0688167 -0.0897054 0.13277 -0.210265 -0.57106 0.782337
1305031242.976062 -0.19258 0.0740136 -0.0891116 0.13007 -0.205422 -0.586162 0.77285
1305031243.014166 -0.19484 0.0782608 -0.0885859 0.126682 -0.202058 -0.599182 0.764268
1305031243.046910 -0.197121 0.0823657 -0.0893254 0.123448 -0.199019 -0.610798 0.756358
1305031243.078045 -0.198052 0.0867668 -0.0882689 0.122513 -0.195532 -0.622598 0.74775
1305031243.113615 -0.197039 0.0901624 -0.088412 0.123208 -0.191159 -0.633058 0.739943
1305031243.145816 -0.194714 0.0929228 -0.0863911 0.125213 -0.18773 -0.63659 0.73745
1305031243.178076 -0.19057 0.0921289 -0.0823326 0.127145 -0.190806 -0.631634 0.740585
1305031243.213658 -0.189856 0.0915283 -0.0823789 0.127375 -0.197361 -0.618976 0.749462
1305031243.245561 -0.188301 0.0891969 -0.0805143 0.129341 -0.202284 -0.604216 0.759786
1305031243.278180 -0.187733 0.0852398 -0.0812205 0.13192 -0.208273 -0.583185 0.774025
1305031243.314271 -0.187772 0.0832824 -0.0815742 0.133729 -0.216122 -0.561591 0.787416
1305031243.346036 -0.192806 0.0784164 -0.0843277 0.133167 -0.219235 -0.542056 0.800236
1305031243.378935 -0.191227 0.0804304 -0.0784707 0.137065 -0.224833 -0.517492 0.814165
1305031243.413974 -0.195489 0.0771944 -0.0818097 0.136286 -0.229572 -0.497001 0.825659
1305031243.447091 -0.196865 0.0766833 -0.0804682 0.138965 -0.232746 -0.476336 0.836434
1305031243.478037 -0.1965 0.0777827 -0.0792734 0.14145 -0.233963 -0.455554 0.847185
1305031243.515401 -0.197957 0.0753835 -0.0785493 0.140548 -0.233587 -0.437115 0.857096
1305031243.545943 -0.203251 0.0787561 -0.0765279 0.142363 -0.23125 -0.417219 0.867286
1305031243.577984 -0.202894 0.0792891 -0.0752294 0.144048 -0.234171 -0.396797 0.875766
1305031243.614055 -0.202758 0.0758792 -0.0755606 0.143269 -0.23581 -0.376205 0.884499
1305031243.646187 -0.212278 0.0732345 -0.0748465 0.146559 -0.231799 -0.351056 0.895293
1305031243.678280 -0.206304 0.0725502 -0.0757054 0.152477 -0.235366 -0.320734 0.904701
1305031243.714296 -0.200632 0.0659115 -0.0734121 0.153302 -0.237547 -0.293509 0.913194
1305031243.747378 -0.206244 0.0669306 -0.0700288 0.154926 -0.233425 -0.256259 0.925117
1305031243.779036 -0.205446 0.0618614 -0.0720377 0.155691 -0.240903 -0.215096 0.93352
1305031243.814193 -0.196587 0.0554366 -0.0697685 0.157151 -0.252886 -0.174896 0.93849
1305031243.846292 -0.192773 0.0540797 -0.0693854 0.160295 -0.258217 -0.134986 0.943085
1305031243.878809 -0.188057 0.0523294 -0.0677215 0.162955 -0.265597 -0.0949557 0.945456
1305031243.914000 -0.181236 0.0533878 -0.0640641 0.165286 -0.275672 -0.0576559 0.945178
1305031243.947078 -0.174976 0.0543192 -0.0616807 0.1669 -0.282173 -0.0267594 0.944355
1305031243.981652 -0.168536 0.053226 -0.0596236 0.168096 -0.285937 -0.000353783 0.94339
1305031244.011270 -0.168099 0.0590147 -0.0597474 0.171528 -0.285218 0.0237294 0.942691
1305031244.043823 -0.163522 0.0626807 -0.0546282 0.170773 -0.28786 0.0444862 0.941273
1305031244.081809 -0.164237 0.0648533 -0.0531664 0.168537 -0.288958 0.0631416 0.940272
1305031244.112790 -0.167752 0.0688434 -0.052831 0.167153 -0.291117 0.0830603 0.938303
1305031244.148495 -0.165588 0.0734634 -0.0496105 0.163468 -0.297392 0.104062 0.934884
1305031244.182431 -0.162403 0.0765082 -0.0461983 0.157652 -0.301656 0.125109 0.931932
1305031244.212401 -0.160909 0.0795875 -0.0433402 0.151503 -0.303518 0.147364 0.92909
1305031244.247347 -0.16013 0.083642 -0.0410948 0.145435 -0.304245 0.170657 0.925829
1305031244.283147 -0.155642 0.0896249 -0.0357706 0.139072 -0.3056 0.196145 0.9213
1305031244.313795 -0.150453 0.0953564 -0.0317633 0.132455 -0.303553 0.221025 0.917311
1305031244.345960 -0.14852 0.100723 -0.0301158 0.125768 -0.297303 0.246746 0.913734
1305031244.380856 -0.147537 0.103926 -0.0294999 0.11966 -0.291652 0.27289 0.908929
1305031244.413019 -0.147191 0.111529 -0.0272626 0.116571 -0.286444 0.298425 0.902942
1305031244.445167 -0.147358 0.118255 -0.0251555 0.112653 -0.281683 0.321233 0.897092
1305031244.480659 -0.148279 0.1211 -0.0257066 0.10766 -0.277562 0.342012 0.891289
1305031244.514228 -0.152494 0.126856 -0.0255151 0.10514 -0.274907 0.359996 0.885311
1305031244.546214 -0.153888 0.130864 -0.0226307 0.100748 -0.272675 0.375475 0.880066
1305031244.580805 -0.156058 0.132351 -0.0203933 0.0949907 -0.269507 0.391223 0.874807
1305031244.613277 -0.157419 0.134072 -0.0197048 0.0891012 -0.267732 0.407893 0.868334
1305031244.642840 -0.160129 0.136394 -0.0174747 0.0834697 -0.266189 0.422988 0.862124
1305031244.680610 -0.162247 0.140894 -0.0156853 0.0762206 -0.264331 0.438524 0.855579
1305031244.715250 -0.161173 0.141421 -0.0143233 0.0642031 -0.263274 0.455653 0.847906
1305031244.745888 -0.16019 0.141989 -0.0157474 0.0537197 -0.263802 0.473418 0.838688
1305031244.781851 -0.160596 0.142656 -0.0126851 0.0473776 -0.267139 0.491077 0.827789
1305031244.814094 -0.159073 0.144615 -0.0110826 0.045545 -0.27005 0.506407 0.817649
1305031244.841822 -0.156525 0.147484 -0.01061 0.0464442 -0.271898 0.518829 0.809154
1305031244.881801 -0.156534 0.151712 -0.0106061 0.0477564 -0.27361 0.529082 0.801829
1305031244.914908 -0.155629 0.153907 -0.0100361 0.0474233 -0.276033 0.53827 0.794872
1305031244.945868 -0.156059 0.155918 -0.00972428 0.0470093 -0.278043 0.546082 0.788845
1305031244.981800 -0.154619 0.157974 -0.00541506 0.0474004 -0.280294 0.550826 0.784716
1305031245.014055 -0.153811 0.15887 -0.0102073 0.0489997 -0.281082 0.552325 0.783281
1305031245.046440 -0.155892 0.158613 -0.00522999 0.0496154 -0.284102 0.552708 0.781881
1305031245.081769 -0.154477 0.157443 -0.00522211 0.0518983 -0.286476 0.550058 0.782735
1305031245.114315 -0.154986 0.154596 -0.00625651 0.0557183 -0.289295 0.544314 0.785447
1305031245.145710 -0.157851 0.150913 -0.00567723 0.0604921 -0.293099 0.534787 0.790213
1305031245.181871 -0.156516 0.145163 -0.0054342 0.0681172 -0.297707 0.520419 0.79743
1305031245.214094 -0.157357 0.139131 -0.0103065 0.0785457 -0.300455 0.502307 0.806998
1305031245.248795 -0.161229 0.134945 -0.0154074 0.0877476 -0.304344 0.479284 0.818512
1305031245.280795 -0.163672 0.130665 -0.0183629 0.0947175 -0.307686 0.456656 0.829351
1305031245.314318 -0.162224 0.124938 -0.0215001 0.103106 -0.306679 0.431514 0.842089
1305031245.349181 -0.160793 0.120805 -0.0278143 0.11387 -0.300976 0.400709 0.857834
1305031245.380686 -0.161137 0.118557 -0.033748 0.120966 -0.294475 0.370383 0.872621
1305031245.413311 -0.159363 0.111906 -0.0377813 0.122126 -0.291919 0.345836 0.883327
1305031245.448997 -0.158561 0.107093 -0.0434856 0.128581 -0.290774 0.321489 0.891943
1305031245.484671 -0.155686 0.104478 -0.0483183 0.135901 -0.289318 0.295988 0.900121
1305031245.512432 -0.156082 0.10284 -0.0541917 0.139691 -0.287701 0.271459 0.907758
1305031245.548146 -0.157142 0.102317 -0.056331 0.141448 -0.287295 0.247393 0.914467
1305031245.578689 -0.155099 0.0972798 -0.0596565 0.142133 -0.285495 0.223343 0.921091
1305031245.610475 -0.157698 0.0968824 -0.0645441 0.145885 -0.284139 0.200322 0.926204
1305031245.649463 -0.159212 0.0983255 -0.0669446 0.147359 -0.284458 0.17768 0.930483
1305031245.680235 -0.158681 0.0968072 -0.0677172 0.145648 -0.283436 0.156164 0.934914
1305031245.711032 -0.158596 0.0977173 -0.0698329 0.144597 -0.27988 0.134726 0.939472
1305031245.749775 -0.15346 0.0954565 -0.0689143 0.141524 -0.275757 0.111183 0.944228
1305031245.781850 -0.153875 0.0992016 -0.0684844 0.141523 -0.266307 0.0878299 0.949388
1305031245.813569 -0.154261 0.0979606 -0.0692154 0.138512 -0.255468 0.0640191 0.9547
1305031245.849109 -0.156007 0.0981009 -0.0706099 0.135668 -0.244953 0.0415617 0.959096
1305031245.882028 -0.159268 0.0975793 -0.0710783 0.132672 -0.236265 0.0203821 0.962373
1305031245.912608 -0.161509 0.0952499 -0.0721995 0.129677 -0.230182 -0.00100029 0.964468
1305031245.945896 -0.160097 0.092357 -0.0751263 0.127362 -0.227066 -0.0218575 0.965268
1305031245.980818 -0.159928 0.0910538 -0.0753458 0.126334 -0.224298 -0.0432038 0.965331
1305031246.011003 -0.162146 0.0868002 -0.0776538 0.125526 -0.22049 -0.0653486 0.965068
1305031246.048393 -0.167011 0.0833633 -0.0825631 0.127007 -0.217685 -0.0873391 0.963771
1305031246.080525 -0.171538 0.0826557 -0.0875963 0.132392 -0.217977 -0.112021 0.960421
1305031246.112356 -0.17089 0.078791 -0.0896954 0.13819 -0.221041 -0.138983 0.955368
1305031246.148449 -0.166464 0.0776823 -0.0909509 0.142865 -0.22073 -0.164349 0.950714
1305031246.180596 -0.172833 0.0756265 -0.0934209 0.144931 -0.213933 -0.188751 0.947418
1305031246.211137 -0.175481 0.0734726 -0.0960756 0.148816 -0.211162 -0.213339 0.942205
1305031246.246969 -0.178433 0.0723434 -0.0989369 0.155743 -0.208548 -0.24109 0.934948
1305031246.279696 -0.179052 0.069868 -0.101857 0.162663 -0.204523 -0.269766 0.926789
1305031246.312473 -0.182946 0.0670556 -0.105099 0.169072 -0.197048 -0.299738 0.918011
1305031246.348272 -0.184301 0.0647926 -0.107578 0.176966 -0.188469 -0.33031 0.907776
1305031246.378206 -0.188598 0.0665964 -0.107131 0.18402 -0.180493 -0.355522 0.898423
1305031246.415637 -0.191248 0.0660103 -0.10869 0.189659 -0.174964 -0.382496 0.887194
1305031246.445289 -0.193325 0.0659756 -0.109124 0.195636 -0.168946 -0.41015 0.87462
1305031246.477465 -0.197319 0.0658463 -0.110139 0.201244 -0.161157 -0.436544 0.86195
1305031246.516395 -0.202078 0.0689281 -0.1095 0.207306 -0.153168 -0.460039 0.849663
1305031246.549175 -0.204781 0.0722911 -0.107409 0.212564 -0.149867 -0.48075 0.837398
1305031246.579511 -0.208441 0.0733568 -0.107982 0.217502 -0.148752 -0.503987 0.822535
1305031246.616453 -0.209704 0.0762593 -0.109156 0.222748 -0.146987 -0.524958 0.808206
1305031246.647763 -0.215403 0.0796682 -0.107823 0.226194 -0.144493 -0.542706 0.795882
1305031246.680758 -0.217969 0.0831142 -0.109748 0.231097 -0.143717 -0.563442 0.780047
1305031246.716974 -0.220318 0.0856445 -0.110191 0.235227 -0.143923 -0.584111 0.763393
1305031246.749166 -0.222924 0.0899647 -0.110103 0.239197 -0.143824 -0.604578 0.746046
1305031246.780817 -0.22165 0.0920122 -0.112431 0.242306 -0.146145 -0.623157 0.729112
1305031246.816808 -0.222123 0.0955956 -0.114085 0.240766 -0.14494 -0.640842 0.714385
1305031246.848812 -0.225374 0.0987906 -0.1125 0.23736 -0.142392 -0.657229 0.701025
1305031246.880643 -0.227244 0.102567 -0.113562 0.237103 -0.141714 -0.673735 0.685405
1305031246.916671 -0.224683 0.105021 -0.116619 0.236944 -0.144732 -0.688558 0.669924
1305031246.949534 -0.223028 0.107509 -0.120659 0.231186 -0.145934 -0.703004 0.656538
1305031246.977597 -0.225978 0.111218 -0.119955 0.223576 -0.144256 -0.718749 0.642342
1305031247.016790 -0.221732 0.115217 -0.118302 0.21801 -0.145949 -0.733153 0.627421
1305031247.047934 -0.225825 0.118518 -0.123933 0.208154 -0.145089 -0.748505 0.612667
1305031247.077890 -0.232992 0.123459 -0.12724 0.201901 -0.140122 -0.762601 0.598366
1305031247.116213 -0.228685 0.126686 -0.129343 0.200345 -0.136072 -0.77172 0.588043
1305031247.147366 -0.228385 0.126448 -0.130215 0.195867 -0.133354 -0.777162 0.582986
1305031247.179692 -0.22685 0.126969 -0.131002 0.191012 -0.133389 -0.779428 0.581561
1305031247.216943 -0.225941 0.127879 -0.129657 0.189224 -0.13341 -0.78103 0.57999
1305031247.248793 -0.22416 0.127996 -0.129276 0.192184 -0.133976 -0.778395 0.582423
1305031247.279422 -0.226024 0.125072 -0.128999 0.192466 -0.138258 -0.770614 0.591604
1305031247.316643 -0.22767 0.123266 -0.131421 0.191536 -0.146796 -0.759785 0.603732
1305031247.347790 -0.227612 0.123199 -0.131863 0.192927 -0.156365 -0.745829 0.618116
1305031247.378611 -0.228168 0.122368 -0.130214 0.194622 -0.168323 -0.728917 0.634406
1305031247.416862 -0.230424 0.124111 -0.130673 0.194916 -0.181648 -0.71052 0.651286
1305031247.448770 -0.233868 0.126966 -0.130599 0.195438 -0.191779 -0.690976 0.669012
1305031247.480263 -0.233044 0.127057 -0.128671 0.198098 -0.202765 -0.669534 0.686563
1305031247.517846 -0.237197 0.128217 -0.129016 0.198421 -0.212367 -0.647695 0.704287
1305031247.545901 -0.23855 0.128971 -0.128254 0.200205 -0.222312 -0.624576 0.721388
1305031247.577921 -0.239374 0.129105 -0.129408 0.202002 -0.230919 -0.60167 0.737472
1305031247.615280 -0.234082 0.12989 -0.12539 0.203971 -0.238931 -0.577077 0.75385
1305031247.648400 -0.237918 0.127853 -0.12547 0.201423 -0.241319 -0.55146 0.772713
1305031247.683558 -0.235931 0.124841 -0.125932 0.201236 -0.246507 -0.523846 0.790142
1305031247.715961 -0.232203 0.123251 -0.124814 0.197313 -0.252399 -0.49036 0.810499
1305031247.746902 -0.23461 0.120237 -0.123886 0.190167 -0.256439 -0.454384 0.831632
1305031247.782261 -0.237756 0.114001 -0.126721 0.18844 -0.263926 -0.420324 0.847444
1305031247.813983 -0.225917 0.10627 -0.128896 0.192246 -0.27255 -0.391513 0.857599
1305031247.848442 -0.22965 0.0984059 -0.133077 0.194907 -0.265041 -0.367096 0.87006
1305031247.882072 -0.234189 0.101046 -0.136241 0.204534 -0.258108 -0.339886 0.880922
1305031247.917332 -0.221684 0.101033 -0.136227 0.212111 -0.264245 -0.31358 0.887046
1305031247.949686 -0.213272 0.0968544 -0.135564 0.215181 -0.266965 -0.290852 0.893214
1305031247.986145 -0.214099 0.093702 -0.140185 0.219292 -0.262398 -0.265112 0.90154
1305031248.018156 -0.210351 0.0950254 -0.142533 0.225245 -0.263168 -0.236583 0.907764
1305031248.049914 -0.201557 0.0922387 -0.141136 0.229134 -0.269028 -0.210709 0.91144
1305031248.085746 -0.194509 0.0883336 -0.138806 0.232705 -0.270989 -0.181738 0.916179
1305031248.117579 -0.188703 0.0892287 -0.14098 0.237986 -0.270763 -0.151938 0.920307
1305031248.149346 -0.178641 0.0882191 -0.140108 0.24148 -0.274605 -0.124596 0.922364
1305031248.184863 -0.169933 0.0896265 -0.13838 0.243688 -0.275014 -0.0955001 0.925129
1305031248.216769 -0.167207 0.0892697 -0.139108 0.243841 -0.274092 -0.0664719 0.927899
1305031248.248851 -0.159422 0.0917993 -0.140148 0.244098 -0.277672 -0.038744 0.928339
1305031248.284740 -0.153775 0.0962968 -0.135153 0.241369 -0.279695 -0.0115279 0.929182
1305031248.316181 -0.150097 0.0965903 -0.134658 0.235017 -0.278032 0.0142876 0.931269
1305031248.348843 -0.150233 0.0957384 -0.137912 0.231281 -0.277128 0.037269 0.931837
1305031248.388197 -0.148456 0.0975688 -0.135974 0.22827 -0.280502 0.0599847 0.930383
1305031248.415507 -0.145445 0.0997642 -0.136129 0.224679 -0.282838 0.0814537 0.928917
1305031248.448252 -0.141442 0.0972605 -0.135731 0.22169 -0.284913 0.102009 0.926969
1305031248.485297 -0.141319 0.101133 -0.136492 0.223827 -0.284629 0.118856 0.924533
1305031248.515431 -0.137638 0.105868 -0.132221 0.223434 -0.284382 0.133408 0.922717
1305031248.547003 -0.135135 0.106419 -0.131664 0.218803 -0.278553 0.151036 0.922888
1305031248.586058 -0.135372 0.107478 -0.134987 0.216756 -0.270461 0.171109 0.922274
1305031248.618038 -0.139549 0.108943 -0.137385 0.21703 -0.266746 0.190519 0.919482
1305031248.649439 -0.137889 0.111503 -0.135953 0.216048 -0.268469 0.21106 0.914714
1305031248.686028 -0.135593 0.114926 -0.134793 0.213649 -0.27002 0.234347 0.909134
1305031248.719923 -0.134014 0.118565 -0.133444 0.211489 -0.270491 0.255453 0.903798
1305031248.749837 -0.128489 0.119954 -0.129718 0.210243 -0.270934 0.276542 0.897729
1305031248.785675 -0.127641 0.126941 -0.128813 0.212286 -0.267194 0.295051 0.892461
1305031248.818141 -0.125016 0.133853 -0.124097 0.210816 -0.262226 0.312093 0.888477
1305031248.849679 -0.125637 0.135344 -0.125171 0.208024 -0.253605 0.326832 0.886336
1305031248.885593 -0.124929 0.141143 -0.120322 0.207756 -0.244636 0.338926 0.884375
1305031248.917882 -0.119437 0.144346 -0.117074 0.203531 -0.236774 0.350714 0.8829
1305031248.952681 -0.119004 0.148769 -0.113385 0.201057 -0.226493 0.363227 0.881103
1305031248.984554 -0.118509 0.151876 -0.109357 0.197268 -0.218221 0.377155 0.878191
1305031249.016951 -0.117859 0.154577 -0.110562 0.193616 -0.213981 0.3897 0.874562
1305031249.052366 -0.118341 0.157363 -0.107039 0.190164 -0.21313 0.400686 0.870554
1305031249.084503 -0.116111 0.158144 -0.102232 0.18651 -0.214505 0.408888 0.867187
1305031249.116884 -0.121699 0.161823 -0.101009 0.185036 -0.212919 0.413146 0.865874
1305031249.153447 -0.125359 0.162977 -0.101325 0.178945 -0.212637 0.415494 0.8661
1305031249.184739 -0.122591 0.159961 -0.096561 0.171914 -0.21708 0.419069 0.864698
1305031249.216865 -0.123873 0.159068 -0.0967314 0.168852 -0.223099 0.424177 0.861272
1305031249.253224 -0.126847 0.158192 -0.0942584 0.165678 -0.231971 0.430641 0.856323
1305031249.284804 -0.128621 0.15681 -0.0906152 0.165574 -0.240973 0.435136 0.851572
1305031249.317434 -0.13252 0.159594 -0.0911694 0.166082 -0.246727 0.435893 0.849435
1305031249.352736 -0.129354 0.15586 -0.0850384 0.162148 -0.251924 0.436513 0.84835
1305031249.384754 -0.129243 0.15309 -0.083058 0.166628 -0.252951 0.430909 0.85004
1305031249.417834 -0.130283 0.151001 -0.0865695 0.175789 -0.250042 0.416814 0.856063
1305031249.453722 -0.13087 0.148885 -0.0894469 0.182735 -0.245579 0.396615 0.865445
1305031249.485915 -0.128253 0.146679 -0.091472 0.187745 -0.240927 0.374085 0.875652
1305031249.517734 -0.125471 0.142175 -0.0955359 0.195336 -0.235152 0.348649 0.885997
1305031249.554325 -0.12639 0.139887 -0.102455 0.204497 -0.228189 0.320082 0.89647
1305031249.585905 -0.127677 0.138967 -0.110977 0.206785 -0.223791 0.292751 0.906341
1305031249.618079 -0.129652 0.135458 -0.110044 0.211664 -0.222677 0.261996 0.914861
1305031249.654213 -0.128389 0.133044 -0.112055 0.213897 -0.218911 0.232363 0.923219
1305031249.685674 -0.131832 0.13589 -0.112709 0.213233 -0.21181 0.19853 0.932874
1305031249.717790 -0.128443 0.132454 -0.111462 0.208662 -0.206262 0.167653 0.941174
1305031249.753962 -0.127693 0.130591 -0.111638 0.204038 -0.193914 0.139557 0.949363
1305031249.785417 -0.12771 0.124522 -0.11531 0.198279 -0.181901 0.110845 0.956719
1305031249.818602 -0.126091 0.119882 -0.114486 0.197834 -0.169564 0.0777487 0.962323
1305031249.853747 -0.122787 0.11645 -0.11734 0.194741 -0.151465 0.0465163 0.967972
1305031249.885525 -0.124649 0.111474 -0.117232 0.190699 -0.132037 0.0206291 0.972509
1305031249.917065 -0.124364 0.105806 -0.118983 0.188585 -0.116182 -0.0016401 0.975159
1305031249.953398 -0.124263 0.102023 -0.119936 0.189338 -0.103524 -0.022563 0.976179
1305031249.985179 -0.122733 0.0996618 -0.123275 0.188455 -0.0931942 -0.0413503 0.976775
1305031250.016440 -0.125539 0.0945056 -0.123818 0.186948 -0.0815045 -0.0613452 0.977059
1305031250.053194 -0.128833 0.092527 -0.12126 0.191966 -0.0709536 -0.0885407 0.974821
1305031250.084507 -0.132677 0.0910864 -0.122054 0.196618 -0.0636974 -0.116693 0.971425
1305031250.120850 -0.145755 0.0896856 -0.116144 0.198604 -0.0599028 -0.140679 0.968079
1305031250.153248 -0.154286 0.0903113 -0.112343 0.201727 -0.0661592 -0.170035 0.962298
1305031250.185328 -0.152454 0.0875211 -0.119053 0.20249 -0.0778176 -0.199907 0.9555
1305031250.221446 -0.162483 0.0854794 -0.117026 0.200284 -0.0813457 -0.221756 0.950838
1305031250.253735 -0.16983 0.0818022 -0.113588 0.200175 -0.0869565 -0.246365 0.944284
1305031250.285224 -0.170748 0.0803403 -0.118664 0.202858 -0.0951867 -0.270835 0.936182
1305031250.320862 -0.173133 0.0804959 -0.117289 0.207467 -0.100487 -0.297328 0.926529
1305031250.351700 -0.175858 0.0766027 -0.120887 0.209389 -0.101539 -0.325797 0.916353
1305031250.385149 -0.180309 0.0750609 -0.125106 0.211205 -0.0953459 -0.35223 0.906772
1305031250.421536 -0.183484 0.0749377 -0.123777 0.211501 -0.0872956 -0.373424 0.899
1305031250.454018 -0.18619 0.0782028 -0.118388 0.211118 -0.0814606 -0.392781 0.891357
1305031250.485613 -0.189453 0.0778886 -0.118962 0.208433 -0.0772637 -0.413663 0.882875
1305031250.521538 -0.1895 0.079575 -0.119161 0.206219 -0.073024 -0.43078 0.87554
1305031250.553658 -0.195153 0.0813948 -0.1154 0.202145 -0.0668965 -0.443903 0.870409
1305031250.585379 -0.201042 0.0826354 -0.112033 0.199264 -0.062965 -0.457796 0.864148
1305031250.621303 -0.202395 0.083779 -0.112229 0.199228 -0.0608506 -0.472758 0.856216
1305031250.653544 -0.202671 0.086304 -0.108252 0.19976 -0.0596586 -0.485033 0.849282
1305031250.685297 -0.205406 0.08976 -0.103107 0.198973 -0.0604393 -0.498926 0.841326
1305031250.721640 -0.21207 0.0914667 -0.104175 0.197598 -0.0595823 -0.518228 0.829967
1305031250.753428 -0.212891 0.0950856 -0.103757 0.198509 -0.0587062 -0.53027 0.822169
1305031250.785365 -0.21356 0.0982481 -0.0995685 0.197023 -0.0598144 -0.534371 0.819788
1305031250.821793 -0.219685 0.100248 -0.0963423 0.195268 -0.0611661 -0.538599 0.817337
1305031250.853828 -0.22331 0.10094 -0.096001 0.196165 -0.064383 -0.540706 0.815482
1305031250.882014 -0.222046 0.101763 -0.0963338 0.199828 -0.0703014 -0.541371 0.813661
1305031250.921800 -0.22476 0.100871 -0.100426 0.200647 -0.073329 -0.54384 0.811542
1305031250.953542 -0.230035 0.101013 -0.101891 0.20147 -0.0720925 -0.543233 0.811856
1305031250.985308 -0.22726 0.10126 -0.101191 0.205528 -0.0771511 -0.53702 0.814503
1305031251.021488 -0.225826 0.100705 -0.102551 0.206126 -0.0850102 -0.528735 0.818978
1305031251.053468 -0.228364 0.097741 -0.104238 0.204602 -0.0907387 -0.519812 0.824439
1305031251.085186 -0.228332 0.0967686 -0.104609 0.208145 -0.0972193 -0.507148 0.830677
1305031251.121445 -0.224899 0.0935983 -0.108786 0.211228 -0.105503 -0.489586 0.839379
1305031251.153781 -0.223585 0.0892523 -0.111533 0.211263 -0.11052 -0.468154 0.850873
1305031251.185160 -0.22272 0.0861501 -0.112965 0.212838 -0.115644 -0.441647 0.863872
1305031251.220466 -0.215503 0.0824982 -0.115322 0.216114 -0.126789 -0.412363 0.875886
1305031251.252424 -0.214418 0.0801558 -0.117892 0.217998 -0.136538 -0.382569 0.887398
1305031251.284482 -0.206756 0.076437 -0.121625 0.218148 -0.14725 -0.34631 0.900443
1305031251.319004 -0.203721 0.0740281 -0.122289 0.218399 -0.155018 -0.309916 0.912263
1305031251.353244 -0.196551 0.0715686 -0.123943 0.218162 -0.163372 -0.275994 0.921706
1305031251.387007 -0.19077 0.072222 -0.122524 0.217614 -0.171504 -0.243877 0.929384
1305031251.421050 -0.186078 0.0683265 -0.124824 0.215865 -0.179359 -0.210693 0.936398
1305031251.449663 -0.178395 0.0697138 -0.121776 0.215173 -0.188371 -0.174748 0.942168
1305031251.489014 -0.175228 0.0699609 -0.121931 0.21278 -0.194955 -0.142779 0.946748
1305031251.520773 -0.169734 0.0688312 -0.121306 0.209331 -0.20048 -0.109645 0.950772
1305031251.553045 -0.165755 0.0700061 -0.12117 0.206726 -0.203579 -0.0761829 0.953948
1305031251.588760 -0.162537 0.0719384 -0.117689 0.203991 -0.209347 -0.0444215 0.955295
1305031251.620874 -0.160683 0.0719627 -0.119095 0.200221 -0.216503 -0.0133057 0.955437
1305031251.652875 -0.161958 0.0746307 -0.121097 0.197487 -0.226273 0.0198172 0.953628
1305031251.689768 -0.161843 0.0765023 -0.120992 0.193901 -0.240883 0.0523158 0.949548
1305031251.720461 -0.158948 0.0762141 -0.119882 0.189008 -0.25637 0.0837373 0.944213
1305031251.753144 -0.160251 0.0751764 -0.122833 0.185791 -0.268921 0.116457 0.93787
1305031251.789250 -0.159688 0.0781397 -0.124601 0.183304 -0.284318 0.148004 0.929332
1305031251.820979 -0.157579 0.0772762 -0.123199 0.179055 -0.301564 0.176993 0.919604
1305031251.853797 -0.155144 0.076055 -0.124322 0.178022 -0.31624 0.205228 0.908946
1305031251.889654 -0.152889 0.077953 -0.125862 0.18115 -0.329417 0.230233 0.897587
1305031251.921930 -0.149117 0.0854012 -0.119669 0.182204 -0.340933 0.253121 0.886846
1305031251.953837 -0.146632 0.0881768 -0.116907 0.179809 -0.347036 0.273732 0.878809
1305031251.989807 -0.146893 0.0899569 -0.112764 0.178586 -0.351599 0.293248 0.870914
1305031252.022160 -0.146212 0.0929081 -0.111773 0.17731 -0.354877 0.314898 0.862243
1305031252.053762 -0.143326 0.100361 -0.108187 0.172872 -0.358185 0.341071 0.851757
1305031252.089562 -0.142064 0.105718 -0.104649 0.164294 -0.358741 0.369889 0.841127
1305031252.122152 -0.13794 0.109191 -0.100128 0.155727 -0.359369 0.398073 0.829543
1305031252.153971 -0.13518 0.115612 -0.094676 0.151271 -0.356764 0.425206 0.817946
1305031252.189789 -0.135852 0.12577 -0.0966546 0.146155 -0.3499 0.447974 0.809647
1305031252.222086 -0.140801 0.132339 -0.0912996 0.131937 -0.346582 0.468307 0.801974
1305031252.253064 -0.138384 0.132419 -0.0827773 0.116916 -0.344158 0.487161 0.794078
1305031252.288878 -0.137483 0.135867 -0.0827131 0.110693 -0.338215 0.501396 0.788644
1305031252.320609 -0.140239 0.140479 -0.0820871 0.104229 -0.333456 0.512442 0.78444
1305031252.352855 -0.138137 0.142343 -0.0783318 0.0946417 -0.330806 0.524671 0.778673
1305031252.389319 -0.138453 0.144582 -0.0814896 0.0860508 -0.330086 0.53508 0.77287
1305031252.421702 -0.141021 0.144695 -0.078497 0.0777845 -0.332733 0.545639 0.76519
1305031252.453825 -0.141526 0.147132 -0.0790025 0.0732485 -0.334195 0.553005 0.759693
1305031252.489559 -0.143534 0.147346 -0.0789658 0.069011 -0.335134 0.557335 0.756505
1305031252.522170 -0.144372 0.147119 -0.0786117 0.0664471 -0.336472 0.561034 0.753401
1305031252.553774 -0.14483 0.148162 -0.0832118 0.0643204 -0.340114 0.564822 0.749108
1305031252.589746 -0.147912 0.146529 -0.0782863 0.0618238 -0.346009 0.568895 0.743514
1305031252.622125 -0.145964 0.145255 -0.0752926 0.0637721 -0.349893 0.569231 0.741271
1305031252.657856 -0.149673 0.143422 -0.0741696 0.0721992 -0.34938 0.561804 0.746389
1305031252.688998 -0.146066 0.141425 -0.0757035 0.0823846 -0.345016 0.546246 0.75881
1305031252.721654 -0.150761 0.140537 -0.0730975 0.0946751 -0.335301 0.521185 0.779087
1305031252.757822 -0.153991 0.136883 -0.0674973 0.107682 -0.31736 0.491128 0.80404
1305031252.789692 -0.148929 0.136068 -0.0772545 0.120479 -0.296532 0.458467 0.829073
1305031252.822405 -0.154966 0.132963 -0.0844687 0.124756 -0.282561 0.431456 0.847609
1305031252.853978 -0.152215 0.130531 -0.0846187 0.126772 -0.275231 0.412478 0.859092
1305031252.889729 -0.152071 0.128816 -0.0851215 0.129713 -0.270681 0.394322 0.868572
1305031252.920672 -0.154107 0.126528 -0.0872357 0.133218 -0.266342 0.371301 0.87946
1305031252.957865 -0.15406 0.124823 -0.0884477 0.138976 -0.261655 0.344119 0.890957
1305031252.989424 -0.156768 0.12451 -0.0900177 0.144095 -0.256838 0.314591 0.902388
1305031253.019696 -0.160317 0.121652 -0.0915756 0.146521 -0.251471 0.283367 0.913782
1305031253.057426 -0.16344 0.117778 -0.092923 0.148759 -0.247382 0.254557 0.92297
1305031253.089550 -0.163719 0.113858 -0.094007 0.153653 -0.244469 0.227791 0.929912
1305031253.119724 -0.168173 0.108726 -0.100551 0.161989 -0.240388 0.200473 0.935833
1305031253.157384 -0.172517 0.105448 -0.102116 0.171844 -0.242838 0.174349 0.93867
1305031253.189218 -0.175182 0.107387 -0.101402 0.177737 -0.247772 0.155011 0.939676
1305031253.218027 -0.176975 0.106478 -0.102021 0.175313 -0.253723 0.146771 0.939866
1305031253.257847 -0.178574 0.102588 -0.102601 0.170637 -0.263494 0.143356 0.938564
1305031253.289742 -0.177354 0.100322 -0.100947 0.167586 -0.273829 0.143374 0.93615
1305031253.322007 -0.173414 0.0935803 -0.0994138 0.166352 -0.280187 0.146658 0.933977
1305031253.357830 -0.172681 0.0942686 -0.0994098 0.171005 -0.282802 0.152161 0.931465
1305031253.388097 -0.170658 0.0939227 -0.0983064 0.174439 -0.285277 0.156701 0.929319
1305031253.421352 -0.171226 0.0934073 -0.0970697 0.179121 -0.285738 0.159585 0.927794
1305031253.457963 -0.171555 0.0963585 -0.0956871 0.18474 -0.284083 0.160226 0.92709
1305031253.489690 -0.172634 0.0969023 -0.0949779 0.187453 -0.281354 0.159252 0.927545
1305031253.520734 -0.173712 0.094788 -0.0968353 0.189649 -0.2787 0.160101 0.927754
1305031253.557854 -0.178691 0.0979541 -0.0975938 0.192763 -0.278033 0.161773 0.927022
1305031253.589805 -0.179736 0.101265 -0.0951076 0.192361 -0.281254 0.161304 0.926215
