1305031229.528784 0 0 0 0 0 0 1
1305031229.564442 -0.0128608 -0.00199575 0.010038 -0.00604668 -0.0280358 0.00633428 0.999569
1305031229.596617 -0.0134675 -0.00827821 0.00746678 -0.00881484 -0.0542606 0.00867568 0.99845
1305031229.628790 -0.0175278 -0.00233922 0.0101947 -0.00983721 -0.0708556 0.0135818 0.997346
1305031229.664358 -0.0172542 -0.0133225 0.0106016 -0.0157035 -0.0908786 0.0103544 0.995684
1305031229.696843 -0.0183036 -0.0112899 0.0120095 -0.0150113 -0.103166 0.0137877 0.994455
1305031229.729077 -0.027498 -0.00147837 0.0175255 -0.0108631 -0.117876 0.0189197 0.992789
1305031229.764869 -0.0284282 -0.00568271 0.0178803 -0.0128271 -0.137591 0.0222916 0.990155
1305031229.796923 -0.0338392 -0.00404192 0.0173679 -0.0124453 -0.152479 0.0277337 0.987839
1305031229.825630 -0.0392555 -0.0036777 0.0182966 -0.0123091 -0.171259 0.0324112 0.984616
1305031229.863062 -0.042161 -0.00563793 0.018922 -0.0137064 -0.19191 0.0377912 0.980589
1305031229.896938 -0.0508438 -0.00347613 0.0164264 -0.0121339 -0.209975 0.0426206 0.976702
1305031229.926255 -0.0527043 -0.00476925 0.0177914 -0.0123967 -0.234381 0.0464147 0.970957
1305031229.966241 -0.0539225 -0.00485078 0.0185713 -0.0123341 -0.257401 0.0505127 0.964905
1305031229.997931 -0.053092 -0.00527253 0.0192977 -0.0126789 -0.27769 0.0531783 0.959114
1305031230.030002 -0.0561292 -0.00633514 0.0193142 -0.0129991 -0.294113 0.0543405 0.954136
1305031230.065696 -0.0625769 -0.00729874 0.0165633 -0.012777 -0.306457 0.0564047 0.950126
1305031230.098274 -0.064555 -0.00569964 0.0171342 -0.0115553 -0.321133 0.0589215 0.945129
1305031230.129935 -0.0707119 -0.00679519 0.0139094 -0.012484 -0.332416 0.0604674 0.94111
1305031230.165780 -0.0736791 -0.00652858 0.0144021 -0.0131383 -0.345971 0.0622417 0.936086
1305031230.197782 -0.0781534 -0.00696373 0.0123184 -0.0129216 -0.358405 0.0629255 0.931353
1305031230.229853 -0.081895 -0.00776798 0.00878412 -0.0131406 -0.37066 0.0640423 0.926465
1305031230.265590 -0.0862634 -0.00778742 0.00648139 -0.0130498 -0.38416 0.0657696 0.920828
1305031230.297993 -0.0902905 -0.00843621 0.00526665 -0.0139976 -0.398171 0.0674656 0.91472
1305031230.335112 -0.0956708 -0.010366 0.00173584 -0.0140664 -0.410988 0.0697527 0.90886
1305031230.365680 -0.101217 -0.0073626 -0.000517273 -0.0118551 -0.424836 0.0714462 0.902369
1305031230.397329 -0.103517 -0.00872649 -0.00157668 -0.0138952 -0.440732 0.0744265 0.89444
1305031230.436814 -0.108762 -0.00922185 -0.00577522 -0.0152322 -0.455732 0.0771857 0.886633
1305031230.465312 -0.118218 -0.0133211 -0.0164627 -0.0178859 -0.471344 0.0802718 0.878106
1305031230.497300 -0.122885 -0.0139313 -0.0207475 -0.0197498 -0.493192 0.0820627 0.865816
1305031230.530192 -0.131933 -0.0177196 -0.0324079 -0.0232316 -0.513541 0.0840236 0.853625
1305031230.566115 -0.135398 -0.0178338 -0.0339076 -0.024575 -0.537762 0.0866351 0.838273
1305031230.598843 -0.140385 -0.0174916 -0.0362712 -0.025446 -0.560891 0.0868907 0.822924
1305031230.631914 -0.145212 -0.0169088 -0.0399387 -0.0261664 -0.582307 0.0876702 0.807804
1305031230.666047 -0.149689 -0.0139596 -0.0397605 -0.0264573 -0.60189 0.0864775 0.793442
1305031230.697945 -0.15559 -0.0147415 -0.0405431 -0.0282338 -0.61778 0.0859976 0.781124
1305031230.733641 -0.157564 -0.0172053 -0.0419179 -0.0298343 -0.632948 0.0851849 0.768915
1305031230.765924 -0.159389 -0.0230895 -0.0465687 -0.0336991 -0.647982 0.0868535 0.755937
1305031230.797323 -0.166773 -0.0256551 -0.0535926 -0.0337155 -0.662177 0.0880874 0.743388
1305031230.831757 -0.167869 -0.0292468 -0.0580794 -0.0340102 -0.677393 0.0909221 0.729188
1305031230.865542 -0.172283 -0.0304388 -0.0635614 -0.0339082 -0.693276 0.0937674 0.713741
1305031230.897394 -0.176732 -0.0319695 -0.069543 -0.0321834 -0.709082 0.0953756 0.697904
1305031230.937310 -0.184811 -0.0286139 -0.0835467 -0.0275862 -0.721422 0.0954013 0.685338
1305031230.965035 -0.188487 -0.0254427 -0.0899885 -0.0248413 -0.730195 0.0960293 0.676
1305031230.997124 -0.189438 -0.0230802 -0.090528 -0.0231555 -0.735362 0.0951745 0.670558
1305031231.036750 -0.193056 -0.0212428 -0.0937965 -0.0216935 -0.737079 0.0941401 0.668865
1305031231.064474 -0.191637 -0.0222019 -0.094137 -0.0200153 -0.736468 0.0934105 0.669693
1305031231.096788 -0.192443 -0.0206331 -0.0931677 -0.0191516 -0.735398 0.092637 0.671001
1305031231.134711 -0.195531 -0.0219465 -0.0866521 -0.0205086 -0.735122 0.0926583 0.67126
1305031231.165276 -0.192831 -0.0177657 -0.094979 -0.0197098 -0.732397 0.0932563 0.674173
1305031231.197771 -0.197837 -0.00793165 -0.0862412 -0.0157358 -0.729339 0.0893079 0.678116
1305031231.234468 -0.200853 -0.00311817 -0.0812246 -0.0134491 -0.720192 0.0880933 0.688028
1305031231.265635 -0.189283 -0.00698398 -0.0755141 -0.0127202 -0.705132 0.0854481 0.703794
1305031231.297861 -0.184414 -0.000912606 -0.0713257 -0.0119502 -0.685266 0.0841727 0.723313
1305031231.335152 -0.172898 0.00185843 -0.076609 -0.010542 -0.660595 0.0794739 0.746449
1305031231.365077 -0.16911 -0.000208041 -0.0675206 -0.0118076 -0.638604 0.0763953 0.765643
1305031231.397330 -0.164797 0.000297754 -0.0614827 -0.0118196 -0.616702 0.0750354 0.783523
1305031231.436858 -0.164964 0.00165798 -0.0479883 -0.0128557 -0.597693 0.0743803 0.798164
1305031231.464989 -0.164612 0.00443377 -0.0431557 -0.0148839 -0.5805 0.0734134 0.810807
1305031231.499244 -0.162852 0.00532078 -0.0401362 -0.0169828 -0.564008 0.0727384 0.822384
1305031231.533196 -0.159026 0.00595402 -0.0368713 -0.0191757 -0.548397 0.072084 0.832885
1305031231.565068 -0.160586 0.00830532 -0.023486 -0.0200898 -0.535362 0.0704981 0.841435
1305031231.601317 -0.161216 0.0112433 -0.0202999 -0.0207512 -0.520237 0.0687525 0.850997
1305031231.633159 -0.159141 0.0118721 -0.0164329 -0.0213722 -0.505245 0.0671766 0.860092
1305031231.665055 -0.156011 0.0126184 -0.0156095 -0.0209307 -0.489408 0.0655336 0.869337
1305031231.703508 -0.153406 0.0144171 -0.0154754 -0.0205761 -0.47308 0.0635137 0.878486
1305031231.733938 -0.151565 0.0168826 -0.00955579 -0.0192882 -0.457383 0.0598246 0.887045
1305031231.765509 -0.147575 0.0202686 -0.00223226 -0.0181776 -0.438929 0.0549849 0.896653
1305031231.801191 -0.144873 0.0217302 0.00069564 -0.0175729 -0.416646 0.0490348 0.907575
1305031231.833292 -0.138636 0.0208417 0.00747139 -0.0183262 -0.395467 0.0434545 0.917268
1305031231.864959 -0.136048 0.020994 0.0180768 -0.017579 -0.3723 0.0371605 0.927202
1305031231.901270 -0.128787 0.0204225 0.0169223 -0.0164964 -0.345956 0.0301007 0.937623
1305031231.933046 -0.124877 0.0237025 0.0217867 -0.0142239 -0.323 0.0251038 0.945959
1305031231.965030 -0.122645 0.0249279 0.0208318 -0.0123404 -0.299387 0.0212243 0.953816
1305031232.000720 -0.11286 0.022335 0.0243156 -0.0138647 -0.282252 0.0174703 0.959081
1305031232.033203 -0.112432 0.0243851 0.0250228 -0.0124993 -0.262811 0.0170904 0.964615
1305031232.065145 -0.109357 0.0267464 0.0244053 -0.0102159 -0.241484 0.0148255 0.970238
1305031232.100799 -0.100276 0.0230451 0.0255809 -0.0122114 -0.223723 0.0125067 0.974496
1305031232.132838 -0.0961178 0.0239766 0.0276692 -0.0111619 -0.206618 0.0110842 0.978295
1305031232.165052 -0.0933125 0.0257559 0.027267 -0.00920956 -0.190418 0.0104091 0.981605
1305031232.199224 -0.0865384 0.0244614 0.0251847 -0.00867677 -0.174312 0.00704269 0.984627
1305031232.236468 -0.0818356 0.0226143 0.0256187 -0.0100957 -0.157341 0.00465835 0.987482
1305031232.262698 -0.0789317 0.0222656 0.0244473 -0.00887509 -0.139376 0.000951756 0.990199
1305031232.298025 -0.0721432 0.0227928 0.0225004 -0.00871664 -0.121058 -0.00275007 0.992603
1305031232.332143 -0.0733045 0.021434 0.0215837 -0.00890749 -0.102452 -0.00659242 0.994676
1305031232.364749 -0.0697373 0.0244394 0.0201058 -0.00664274 -0.0881249 -0.00893925 0.996047
1305031232.400878 -0.073747 0.0195591 0.0175434 -0.00948086 -0.0728745 -0.013154 0.997209
1305031232.433144 -0.074105 0.0211816 0.0163207 -0.00908421 -0.0621107 -0.0145444 0.997922
1305031232.464721 -0.0741623 0.0210043 0.0162537 -0.00863295 -0.0536033 -0.0173809 0.998374
1305031232.501526 -0.071633 0.019312 0.0142392 -0.00904998 -0.0447933 -0.0201392 0.998752
1305031232.532464 -0.0712276 0.0180112 0.0123955 -0.00945374 -0.0324901 -0.023815 0.999144
1305031232.564745 -0.0691968 0.0160086 0.011214 -0.00991205 -0.0205323 -0.0271178 0.999372
1305031232.600350 -0.0678392 0.016475 0.00955391 -0.00908392 -0.00776425 -0.0302788 0.99947
1305031232.629427 -0.0630503 0.0155929 0.00744028 -0.00969433 0.00655203 -0.0354513 0.999303
1305031232.664708 -0.0657612 0.0155989 0.0064388 -0.00953178 0.0230741 -0.0390631 0.998925
1305031232.700509 -0.0657613 0.0136697 0.00411501 -0.00818699 0.0365297 -0.0429813 0.998374
1305031232.732798 -0.0592176 0.0142188 0.000819639 -0.00741315 0.0500821 -0.046947 0.997614
1305031232.768460 -0.0561048 0.0115311 -0.00305972 -0.008809 0.06707 -0.0538405 0.996256
1305031232.804538 -0.0580542 0.0106495 -0.00255106 -0.00720961 0.0848885 -0.0594445 0.99459
1305031232.834645 -0.0548253 0.0085527 -0.00822715 -0.00638588 0.0993746 -0.0629706 0.993035
1305031232.868557 -0.0570092 0.00707337 -0.00941701 -0.0068335 0.113667 -0.0653155 0.991346
1305031232.904183 -0.057249 0.0126853 -0.00789935 -0.00377923 0.123289 -0.0630349 0.99036
1305031232.933000 -0.0558084 0.0160256 -0.0088405 -0.00173827 0.126783 -0.0584778 0.990204
1305031232.968364 -0.0559774 0.015366 -0.00966898 -0.000996696 0.127505 -0.0563502 0.990235
1305031233.001151 -0.056175 0.0206157 -0.0109839 0.000130166 0.127237 -0.0506639 0.990578
1305031233.033022 -0.061686 0.0301591 -0.0110896 0.00283169 0.117905 -0.03925 0.992245
1305031233.068843 -0.0596991 0.0327955 -0.0137318 0.00635631 0.0950648 -0.0295249 0.995013
1305031233.100447 -0.0569383 0.0357568 -0.0149771 0.00860088 0.0651016 -0.0162612 0.997709
1305031233.132892 -0.0678943 0.0345983 -0.00881049 0.00618315 0.0423668 -0.00862888 0.999046
1305031233.168480 -0.0709906 0.0331615 -0.00805952 0.00148418 0.0323212 -0.00554684 0.999461
1305031233.200634 -0.0711678 0.0325788 -0.00723896 -0.00533593 0.0256357 -0.00434211 0.999648
1305031233.233009 -0.0792378 0.0350445 -0.00147318 -0.00995253 0.0199781 -0.00043008 0.999751
1305031233.268468 -0.0837465 0.0434596 0.000239226 -0.00719021 0.00104649 0.00836472 0.999939
1305031233.300395 -0.0957863 0.0498043 -0.00435764 -0.00575728 -0.0276753 0.0151418 0.999486
1305031233.332530 -0.115705 0.0539344 -0.00145605 -0.00773371 -0.0701564 0.0258099 0.997172
1305031233.368630 -0.108401 0.0363053 -0.00579896 -0.0163741 -0.119239 0.0337274 0.992157
1305031233.400893 -0.129066 0.0421732 -0.00138144 -0.0164564 -0.152366 0.0408664 0.987342
1305031233.433008 -0.148295 0.0430314 -0.00168684 -0.0169276 -0.184216 0.0458936 0.981668
1305031233.468787 -0.144927 0.0359174 -0.00282598 -0.0203776 -0.211549 0.0505897 0.975845
1305031233.500736 -0.145369 0.0361039 -0.000376435 -0.0197091 -0.22669 0.0500793 0.972479
1305031233.534161 -0.150834 0.0333806 -0.00103422 -0.0196657 -0.238284 0.0485161 0.969784
1305031233.569727 -0.158709 0.0352367 -0.00112228 -0.0182504 -0.253328 0.0503329 0.965898
1305031233.601275 -0.164682 0.0289532 -0.00741572 -0.0208019 -0.274503 0.052917 0.959904
1305031233.633041 -0.165725 0.0267755 -0.0126842 -0.0207556 -0.299862 0.0568461 0.952061
1305031233.671783 -0.167051 0.0286632 -0.0100123 -0.0193441 -0.322904 0.0603311 0.944309
1305031233.702296 -0.165969 0.0310767 -0.00589204 -0.018163 -0.34062 0.0614967 0.938012
1305031233.731201 -0.157025 0.0369327 0.00124049 -0.0143159 -0.352371 0.0592905 0.933871
1305031233.769160 -0.152484 0.041746 0.00820953 -0.012622 -0.353039 0.0559519 0.933849
1305031233.799768 -0.151684 0.0418591 0.0065691 -0.0140304 -0.345887 0.0513059 0.936767
1305031233.833831 -0.150591 0.0365636 0.00623089 -0.0176196 -0.340725 0.0490612 0.938717
1305031233.865570 -0.151304 0.0355147 0.00311555 -0.0168187 -0.338539 0.0496763 0.939489
1305031233.898697 -0.150719 0.0355985 0.004025 -0.0162961 -0.34064 0.0508762 0.938675
1305031233.932003 -0.147298 0.0336703 0.00836376 -0.0154305 -0.343426 0.0529329 0.93756
1305031233.968159 -0.146731 0.0349466 0.00937979 -0.0107414 -0.342288 0.0549633 0.937925
1305031233.998938 -0.141863 0.0295507 0.0137986 -0.00671787 -0.341349 0.056211 0.93823
1305031234.037068 -0.140556 0.0336374 0.0130928 0.00384235 -0.336647 0.0589273 0.939778
1305031234.068756 -0.137813 0.0319599 0.014911 0.0105275 -0.331707 0.060985 0.94135
1305031234.099741 -0.136565 0.0281191 0.0137279 0.0181968 -0.32573 0.0623635 0.943228
1305031234.135069 -0.135752 0.0267922 0.0162065 0.0291166 -0.322055 0.0639845 0.944107
1305031234.165901 -0.13541 0.0309511 0.0148009 0.0408003 -0.317383 0.0662919 0.945097
1305031234.201004 -0.134215 0.0236789 0.0170491 0.0464345 -0.315013 0.0691965 0.945422
1305031234.238575 -0.133877 0.0258641 0.0175132 0.0596952 -0.312207 0.0728343 0.945335
1305031234.265510 -0.131776 0.027548 0.0177638 0.0693692 -0.31025 0.0747495 0.945169
1305031234.302455 -0.131471 0.0242647 0.0198953 0.0762041 -0.30821 0.0776017 0.945081
1305031234.338458 -0.132603 0.0246778 0.0196352 0.087778 -0.305813 0.0811127 0.94456
1305031234.366181 -0.132927 0.0252555 0.019264 0.0981797 -0.30434 0.0833911 0.943814
1305031234.400035 -0.132718 0.022846 0.0202101 0.106551 -0.303038 0.0865759 0.943037
1305031234.436771 -0.128746 0.0164542 0.0205911 0.116216 -0.30197 0.0891477 0.941998
1305031234.467606 -0.127716 0.0168873 0.020953 0.131533 -0.298974 0.0930112 0.940565
1305031234.497781 -0.126841 0.0144023 0.020922 0.143507 -0.295818 0.0965417 0.939456
1305031234.537671 -0.126178 0.00945766 0.0183826 0.157593 -0.292174 0.102112 0.937748
1305031234.569037 -0.124992 0.00939657 0.0169915 0.175499 -0.291268 0.108268 0.934153
1305031234.598248 -0.123581 0.007002 0.0165286 0.190346 -0.290749 0.111749 0.930992
1305031234.633649 -0.121224 0.0031599 0.0135805 0.206944 -0.288348 0.116199 0.927646
1305031234.665859 -0.120819 0.00350516 0.0134991 0.22339 -0.285816 0.120057 0.924117
1305031234.698732 -0.121375 0.00082828 0.0109455 0.239431 -0.281803 0.122997 0.920941
1305031234.734437 -0.120058 -0.00192004 0.0098534 0.254869 -0.278958 0.126236 0.917218
1305031234.768972 -0.118924 -0.00420456 0.00590264 0.27157 -0.274928 0.129412 0.913191
1305031234.801553 -0.119778 8.07264e-05 0.00340102 0.288441 -0.271563 0.133558 0.908415
1305031234.837808 -0.115931 -0.00171749 0.00441064 0.298384 -0.270236 0.134758 0.905417
1305031234.869321 -0.116368 -0.000532571 0.00246172 0.309577 -0.266549 0.136269 0.902521
1305031234.901998 -0.119293 0.0035411 0.00292308 0.31739 -0.264614 0.13618 0.900387
1305031234.938161 -0.123128 0.00978744 0.00520635 0.319073 -0.26385 0.136036 0.900039
1305031234.973080 -0.123429 0.00831633 0.00286409 0.313351 -0.264734 0.134725 0.901984
1305031235.005083 -0.132671 0.0222609 0.011362 0.307494 -0.267743 0.134183 0.903192
1305031235.039972 -0.130812 0.0123159 0.0119276 0.296386 -0.271461 0.131214 0.906227
1305031235.072940 -0.138688 0.0199927 0.0170018 0.286979 -0.275076 0.12991 0.90835
1305031235.099591 -0.139735 0.0223187 0.0239876 0.275258 -0.279228 0.127735 0.911015
1305031235.136271 -0.139983 0.0168696 0.0214712 0.263001 -0.280943 0.125376 0.91443
1305031235.166371 -0.142989 0.0256985 0.0267361 0.25528 -0.285029 0.12326 0.91564
1305031235.199847 -0.143422 0.0260916 0.0322903 0.239427 -0.288303 0.118648 0.919499
1305031235.237570 -0.14448 0.0271765 0.0313967 0.226996 -0.289057 0.116316 0.922708
1305031235.269039 -0.144665 0.0275398 0.0357018 0.214047 -0.291931 0.11193 0.925436
1305031235.306487 -0.144974 0.0334461 0.0403684 0.20219 -0.293287 0.107811 0.928159
1305031235.338000 -0.144817 0.0395184 0.0450688 0.185942 -0.294464 0.104021 0.931609
1305031235.369888 -0.146816 0.0376898 0.0457523 0.169114 -0.293933 0.0991172 0.93551
1305031235.406016 -0.151079 0.0447048 0.0449431 0.156476 -0.294761 0.0955126 0.937821
1305031235.438153 -0.150864 0.0488142 0.0497411 0.136353 -0.299276 0.0908356 0.939995
1305031235.470059 -0.153011 0.049276 0.0515251 0.118027 -0.301173 0.0896014 0.941985
1305031235.505985 -0.156977 0.0522946 0.0526018 0.100985 -0.303457 0.0870079 0.943475
1305031235.538554 -0.157363 0.0559296 0.0565033 0.0831465 -0.307458 0.0839827 0.944195
1305031235.570365 -0.156607 0.056917 0.0576898 0.064785 -0.309656 0.0812479 0.945153
1305031235.606006 -0.158078 0.062711 0.061034 0.0470106 -0.312288 0.0781257 0.945602
1305031235.638951 -0.161102 0.0646024 0.0625238 0.027682 -0.313572 0.0746925 0.946217
1305031235.670516 -0.16365 0.0695365 0.0644832 0.00921344 -0.315563 0.0721159 0.946115
1305031235.705778 -0.164882 0.0713199 0.0669841 -0.0113603 -0.318376 0.0692549 0.945363
1305031235.738797 -0.1676 0.074519 0.0687318 -0.0300841 -0.320783 0.06594 0.944375
1305031235.769630 -0.171161 0.0841954 0.0681864 -0.04653 -0.322234 0.0630731 0.94341
1305031235.807225 -0.17287 0.0847884 0.0703901 -0.0680598 -0.323458 0.058833 0.941956
1305031235.838812 -0.174701 0.089929 0.0728489 -0.0854238 -0.324486 0.0556741 0.940379
1305031235.870067 -0.175185 0.0943301 0.0756528 -0.101917 -0.32521 0.0521577 0.938686
1305031235.906111 -0.177992 0.0991168 0.0758696 -0.117477 -0.324361 0.0495215 0.937303
1305031235.938233 -0.177788 0.0977015 0.0774747 -0.134442 -0.324401 0.0450539 0.935232
1305031235.970011 -0.17896 0.104257 0.0778584 -0.146864 -0.324753 0.0432274 0.933326
1305031236.006853 -0.179676 0.109703 0.0791742 -0.158194 -0.32535 0.0398484 0.931415
1305031236.038048 -0.180391 0.111165 0.0805255 -0.170528 -0.325665 0.0373147 0.929231
1305031236.069878 -0.18141 0.117854 0.0811001 -0.180833 -0.325726 0.0352254 0.927341
1305031236.105872 -0.18283 0.122087 0.0814945 -0.187568 -0.325474 0.0325321 0.926189
1305031236.138325 -0.18342 0.127008 0.0821906 -0.191603 -0.325256 0.0299817 0.925526
1305031236.170933 -0.183041 0.128047 0.0827685 -0.197062 -0.324438 0.0293273 0.924687
1305031236.207190 -0.183986 0.131436 0.0833087 -0.202987 -0.323081 0.0283891 0.92391
1305031236.238375 -0.18362 0.13396 0.0837615 -0.20427 -0.321596 0.0264051 0.924204
1305031236.269959 -0.183978 0.134387 0.0842202 -0.20048 -0.320528 0.0243072 0.925461
1305031236.306994 -0.184662 0.132525 0.0858652 -0.196565 -0.318648 0.0250028 0.926931
1305031236.339217 -0.182692 0.128384 0.085507 -0.188761 -0.318204 0.0273412 0.928638
1305031236.370096 -0.182329 0.125882 0.0845563 -0.179653 -0.31837 0.031318 0.93026
1305031236.405869 -0.181092 0.125786 0.0826965 -0.168056 -0.318859 0.0354173 0.932111
1305031236.438788 -0.180804 0.12269 0.080207 -0.156471 -0.317771 0.0398765 0.934317
1305031236.475141 -0.178889 0.117219 0.0778734 -0.143564 -0.316411 0.0440206 0.936662
1305031236.507721 -0.177602 0.113371 0.0751711 -0.130868 -0.315261 0.0466765 0.938779
1305031236.538645 -0.175801 0.107205 0.0724638 -0.116783 -0.314351 0.0491467 0.940813
1305031236.574095 -0.174122 0.100106 0.0688242 -0.104574 -0.313054 0.0510476 0.942579
1305031236.605757 -0.173305 0.096626 0.0643664 -0.0884337 -0.310924 0.053007 0.944826
1305031236.638401 -0.170396 0.089718 0.0611454 -0.0727162 -0.310265 0.0547428 0.946283
1305031236.675147 -0.168691 0.0855003 0.0564331 -0.0573381 -0.309762 0.057065 0.947367
1305031236.703362 -0.164323 0.0658692 0.0572288 -0.051784 -0.312075 0.0580393 0.946868
1305031236.733922 -0.15967 0.0435891 0.0568105 -0.0458618 -0.3139 0.057449 0.946606
1305031236.774041 -0.154789 0.0335353 0.05605 -0.0349578 -0.315642 0.0598321 0.946345
1305031236.802588 -0.155599 0.0294392 0.0470081 -0.0168809 -0.312822 0.0621504 0.947626
1305031236.836415 -0.152 0.0266828 0.0440259 0.0013462 -0.312876 0.0635914 0.947662
1305031236.874398 -0.149402 0.0237292 0.0394165 0.0179066 -0.311312 0.0663259 0.947821
1305031236.906069 -0.148381 0.0170438 0.0323397 0.0346677 -0.309125 0.0679948 0.947954
1305031236.934437 -0.146958 0.015115 0.0257256 0.0526943 -0.307866 0.0708849 0.947321
1305031236.974400 -0.144009 0.00998921 0.0204597 0.0684701 -0.308057 0.073915 0.946018
1305031237.007426 -0.141603 0.00533416 0.0147598 0.0855187 -0.308131 0.0775241 0.944315
1305031237.037024 -0.139026 0.00457848 0.00722039 0.105231 -0.30732 0.0797263 0.942404
1305031237.073427 -0.135841 0.00166284 0.00127649 0.121807 -0.305352 0.0819793 0.940852
1305031237.105968 -0.13145 -0.00345186 -0.00471225 0.137941 -0.303239 0.0849619 0.939042
1305031237.137832 -0.127087 -0.00580909 -0.00868222 0.158085 -0.300332 0.0882063 0.936499
1305031237.171227 -0.12488 -0.00481317 -0.0146133 0.17541 -0.296389 0.0925191 0.934251
1305031237.204229 -0.123339 -0.0109921 -0.0197353 0.189138 -0.293625 0.0964531 0.932045
1305031237.237569 -0.120733 -0.0100678 -0.0248885 0.20576 -0.290637 0.101835 0.928882
1305031237.274659 -0.117744 -0.012659 -0.0272279 0.218737 -0.288519 0.104716 0.926253
1305031237.305810 -0.115226 -0.012171 -0.0317865 0.233114 -0.28377 0.107459 0.923896
1305031237.337142 -0.110262 -0.015064 -0.033543 0.244526 -0.279485 0.110371 0.921908
1305031237.374166 -0.107048 -0.0143505 -0.0364316 0.258066 -0.27541 0.114285 0.918962
1305031237.405734 -0.105272 -0.0128262 -0.0395281 0.269087 -0.272539 0.116865 0.916328
1305031237.437722 -0.102487 -0.013691 -0.0421511 0.278403 -0.269775 0.119502 0.91402
1305031237.474128 -0.100773 -0.016817 -0.0475711 0.28733 -0.26641 0.123841 0.911663
1305031237.506045 -0.103001 -0.0113253 -0.0502922 0.297813 -0.264793 0.127474 0.908263
1305031237.537650 -0.0977973 -0.0124568 -0.0493133 0.304172 -0.264644 0.129774 0.905871
1305031237.573948 -0.0963579 -0.0145078 -0.0543295 0.311742 -0.262673 0.133408 0.903339
1305031237.606813 -0.0942057 -0.00938944 -0.0533815 0.318887 -0.262428 0.134314 0.900779
1305031237.637855 -0.0969192 -0.00935965 -0.0553511 0.323298 -0.260822 0.136153 0.899396
1305031237.675276 -0.0967678 -0.0113179 -0.059133 0.325001 -0.260016 0.136497 0.898963
1305031237.707118 -0.0950779 -0.0122418 -0.0588262 0.327344 -0.258805 0.137412 0.898323
1305031237.741667 -0.0989135 -0.00821658 -0.0562846 0.327385 -0.258695 0.138412 0.898186
1305031237.774306 -0.0979864 -0.0119557 -0.0588511 0.325662 -0.259326 0.138551 0.898609
1305031237.806496 -0.0975401 -0.0160141 -0.0609259 0.328948 -0.257182 0.139146 0.897936
1305031237.843031 -0.101279 -0.00446972 -0.0586614 0.329375 -0.25774 0.139795 0.897519
1305031237.875422 -0.099783 -0.0135598 -0.0616802 0.323223 -0.259563 0.140194 0.899166
1305031237.907784 -0.0983465 -0.0200523 -0.0627754 0.326219 -0.259541 0.143641 0.897545
1305031237.944187 -0.0993866 -0.0120828 -0.0623957 0.326303 -0.262192 0.142076 0.896993
1305031237.973810 -0.101985 -0.0067448 -0.0584151 0.320136 -0.265485 0.14079 0.898448
1305031238.006932 -0.114387 0.0068772 -0.0509589 0.314068 -0.270082 0.141109 0.899169
1305031238.043140 -0.114191 0.0101669 -0.0458899 0.304315 -0.277758 0.136012 0.900968
1305031238.074032 -0.120693 0.0190334 -0.0386379 0.291379 -0.283613 0.129104 0.90443
1305031238.106588 -0.118034 0.0229848 -0.0323491 0.273393 -0.288697 0.119367 0.909759
1305031238.143328 -0.119169 0.0225999 -0.0287209 0.254515 -0.29035 0.111924 0.915637
1305031238.172300 -0.124457 0.0305257 -0.0283308 0.23454 -0.292625 0.101767 0.921415
1305031238.205426 -0.12732 0.0244825 -0.0285042 0.209694 -0.296649 0.0941234 0.926914
1305031238.240147 -0.131941 0.0294081 -0.0255106 0.192937 -0.301032 0.0876806 0.929767
1305031238.272527 -0.130621 0.0293137 -0.0221252 0.173831 -0.305605 0.0797205 0.932756
1305031238.306053 -0.136877 0.0386013 -0.0205213 0.156221 -0.306305 0.0723818 0.936233
1305031238.342596 -0.138142 0.035148 -0.0161964 0.131692 -0.308691 0.0660247 0.939685
1305031238.374104 -0.143413 0.0378995 -0.0161806 0.113173 -0.309096 0.0599579 0.942368
1305031238.406036 -0.14452 0.0405711 -0.01154 0.093475 -0.311933 0.0531712 0.943998
1305031238.443424 -0.147067 0.0396263 -0.00946853 0.0733302 -0.312313 0.0465841 0.945998
1305031238.474082 -0.150183 0.040561 -0.00729584 0.0562668 -0.312906 0.0414687 0.947209
1305031238.505811 -0.153591 0.0409672 -0.00719483 0.0407913 -0.313397 0.0358618 0.948068
1305031238.543264 -0.156043 0.0396241 -0.00673555 0.028616 -0.314999 0.0322291 0.948113
1305031238.574184 -0.157192 0.0452324 -0.00417486 0.0188443 -0.318025 0.0286987 0.94746
1305031238.605825 -0.159369 0.0485493 -0.00151952 0.00740366 -0.320648 0.0247548 0.946846
1305031238.642759 -0.159764 0.0511863 0.000681972 -0.00492933 -0.322544 0.0207704 0.946314
1305031238.673813 -0.16115 0.0548977 0.00241169 -0.0165555 -0.322954 0.0175222 0.946108
1305031238.705189 -0.161933 0.0587222 0.00456597 -0.0292023 -0.32312 0.0134904 0.945811
1305031238.741307 -0.15997 0.0528965 0.00696364 -0.047062 -0.325077 0.0083553 0.944479
1305031238.771796 -0.161682 0.0553199 0.00823073 -0.0583184 -0.326421 0.0060829 0.943404
1305031238.807019 -0.163086 0.0565241 0.0090473 -0.0693654 -0.327814 0.00323946 0.942187
1305031238.842940 -0.163937 0.0598247 0.0104705 -0.0810055 -0.328935 -0.000100506 0.940872
1305031238.873723 -0.165376 0.0638709 0.0107795 -0.0905877 -0.328954 -0.000611124 0.939991
1305031238.906172 -0.165728 0.0653797 0.0117317 -0.0970572 -0.3296 -0.00147553 0.939118
1305031238.942786 -0.16548 0.0655636 0.0125908 -0.103196 -0.330501 -0.00308134 0.938142
1305031238.972308 -0.166641 0.0689849 0.0116874 -0.108834 -0.33013 -0.00542991 0.937624
1305031239.010483 -0.168022 0.0692183 0.0119904 -0.114009 -0.328872 -0.00829532 0.937431
1305031239.040879 -0.168443 0.071863 0.0122872 -0.120313 -0.328033 -0.010222 0.936918
1305031239.074661 -0.169372 0.0746456 0.0119129 -0.12467 -0.32728 -0.0112078 0.9366
1305031239.110906 -0.170018 0.0744755 0.0119382 -0.125446 -0.327 -0.0126116 0.936576
1305031239.141779 -0.170465 0.0758312 0.0116423 -0.124661 -0.326169 -0.0129219 0.936967
1305031239.175750 -0.170127 0.0751647 0.012129 -0.12119 -0.324822 -0.011719 0.937905
1305031239.209645 -0.16918 0.0734263 0.0116378 -0.117163 -0.32422 -0.0109417 0.938634
1305031239.241710 -0.168996 0.0739966 0.0112061 -0.112758 -0.324763 -0.00878563 0.939009
1305031239.273820 -0.168096 0.0718611 0.0104671 -0.107017 -0.325805 -0.0062784 0.93934
1305031239.310177 -0.167901 0.0718103 0.00920096 -0.0985762 -0.325841 -0.00377393 0.940264
1305031239.341970 -0.16797 0.0693678 0.00899232 -0.0904447 -0.325587 -0.0016903 0.941175
1305031239.375024 -0.167845 0.0678006 0.00821169 -0.0811513 -0.325049 0.00233284 0.942206
1305031239.410631 -0.165638 0.0657864 0.0086189 -0.071575 -0.326038 0.00567575 0.942626
1305031239.441542 -0.166156 0.0588381 0.00776098 -0.0635363 -0.326179 0.0104222 0.943113
1305031239.473318 -0.164166 0.0465778 0.00755965 -0.056059 -0.327714 0.0122856 0.943032
1305031239.509739 -0.163062 0.0408743 0.00697896 -0.0468978 -0.328116 0.0158741 0.943339
1305031239.543802 -0.161479 0.0373776 0.00648908 -0.0348821 -0.327606 0.019635 0.943966
1305031239.576116 -0.160002 0.0369073 0.0064753 -0.0208369 -0.325323 0.0221019 0.945115
1305031239.611161 -0.159264 0.0334327 0.00561309 -0.00921919 -0.322042 0.0241338 0.946373
1305031239.641422 -0.158187 0.0284268 0.0043016 0.00226229 -0.31926 0.0276477 0.947261
1305031239.671056 -0.159112 0.0280006 0.000803792 0.0166708 -0.315749 0.0308649 0.948194
1305031239.707555 -0.156834 0.0215385 0.00017219 0.0269356 -0.314542 0.0351803 0.948209
1305031239.741755 -0.156371 0.0166156 -0.00339761 0.0411322 -0.312749 0.0401471 0.948095
1305031239.771260 -0.153754 0.00883508 -0.00461471 0.0550444 -0.312477 0.0459263 0.947216
1305031239.806087 -0.15263 0.0049662 -0.00855938 0.0730181 -0.310342 0.056218 0.946148
1305031239.839289 -0.152651 0.00387778 -0.0146588 0.0914525 -0.308547 0.0685343 0.944319
1305031239.874430 -0.150384 0.00270354 -0.0171191 0.109525 -0.311443 0.0724356 0.941148
1305031239.909062 -0.145361 -0.00198083 -0.0168001 0.125734 -0.313306 0.076403 0.938186
1305031239.940373 -0.142695 -0.00548082 -0.020607 0.142339 -0.31099 0.0785537 0.936405
1305031239.971067 -0.139268 -0.00624555 -0.02272 0.158203 -0.308151 0.0799896 0.934674
1305031240.008865 -0.136691 -0.0116561 -0.026677 0.171542 -0.304665 0.0830166 0.933199
1305031240.039660 -0.137454 -0.0105171 -0.0310148 0.188309 -0.301551 0.0884062 0.930479
1305031240.071187 -0.136382 -0.0153927 -0.0349185 0.201037 -0.300234 0.0924782 0.927842
1305031240.109346 -0.132724 -0.020483 -0.0388813 0.216073 -0.299371 0.0972305 0.924249
1305031240.143502 -0.129933 -0.0258072 -0.0428766 0.235081 -0.297647 0.102451 0.919591
1305031240.177577 -0.128602 -0.0215142 -0.0477261 0.252716 -0.295172 0.107061 0.915175
1305031240.209331 -0.124458 -0.0317021 -0.0505094 0.265556 -0.29416 0.11267 0.911183
1305031240.241005 -0.123992 -0.0301612 -0.0551065 0.288969 -0.290905 0.121463 0.903946
1305031240.277434 -0.123947 -0.0235942 -0.0558755 0.304305 -0.289067 0.125841 0.89889
1305031240.308929 -0.119415 -0.0298187 -0.0622552 0.317446 -0.286646 0.133706 0.893971
1305031240.342273 -0.115823 -0.0203837 -0.0607247 0.335164 -0.285207 0.139914 0.886987
1305031240.377426 -0.113311 -0.0178488 -0.0602144 0.348276 -0.281468 0.143188 0.882596
1305031240.409111 -0.112998 -0.0164345 -0.0594474 0.360506 -0.276847 0.148837 0.878202
1305031240.441786 -0.108281 -0.0148098 -0.0587047 0.369618 -0.276012 0.15334 0.873892
1305031240.477639 -0.105725 -0.01188 -0.0555589 0.376627 -0.275945 0.155081 0.870607
1305031240.508449 -0.0996279 -0.0165476 -0.0595298 0.380836 -0.27374 0.156408 0.869234
1305031240.541270 -0.0927463 -0.0170695 -0.0606416 0.385572 -0.272951 0.158151 0.867075
1305031240.575909 -0.0955145 -0.0109437 -0.0581634 0.385864 -0.274553 0.158259 0.86642
1305031240.610134 -0.0966204 -0.00898068 -0.0569956 0.383227 -0.274947 0.157519 0.867599
1305031240.639823 -0.101911 -0.00240857 -0.0526146 0.378627 -0.276863 0.156879 0.869124
1305031240.674757 -0.0986698 -0.00543282 -0.0501904 0.371014 -0.279295 0.152817 0.872347
1305031240.707932 -0.101061 -0.00440536 -0.0458052 0.366326 -0.279505 0.151602 0.874471
1305031240.743958 -0.106104 0.00185129 -0.040958 0.35727 -0.281372 0.146339 0.878506
1305031240.776833 -0.103091 -0.00388928 -0.0408907 0.348025 -0.281532 0.143125 0.882685
1305031240.809625 -0.105872 -0.00368622 -0.0397462 0.340131 -0.283091 0.140349 0.885705
1305031240.842596 -0.117689 0.0203775 -0.0227927 0.332049 -0.283781 0.134826 0.889401
1305031240.879410 -0.119736 0.0175195 -0.0224618 0.318384 -0.282955 0.129769 0.895393
1305031240.908450 -0.123983 0.0191732 -0.0188557 0.307159 -0.283488 0.124261 0.899915
1305031240.942319 -0.131486 0.0286842 -0.0141319 0.293128 -0.283335 0.115794 0.905753
1305031240.977936 -0.129196 0.022805 -0.0146738 0.271259 -0.283373 0.10925 0.913336
1305031241.008303 -0.135668 0.0288667 -0.00980779 0.257346 -0.284509 0.103672 0.917649
1305031241.040148 -0.134486 0.0304037 -0.00451461 0.23321 -0.287262 0.0952449 0.924133
1305031241.075933 -0.139743 0.0336131 -0.00612089 0.214135 -0.287028 0.0934696 0.928991
1305031241.106556 -0.140673 0.0337663 -0.0022901 0.193762 -0.292809 0.0895503 0.932041
1305031241.140052 -0.141124 0.03492 0.00154707 0.171341 -0.298194 0.0853421 0.935115
1305031241.178182 -0.142897 0.0404422 0.00432398 0.152655 -0.302053 0.0816721 0.937438
1305031241.210679 -0.145317 0.0446854 0.00679753 0.133159 -0.305216 0.075699 0.939884
1305031241.239315 -0.145044 0.0429884 0.0103295 0.112882 -0.307976 0.0698011 0.942091
1305031241.276847 -0.146143 0.0447428 0.012682 0.097424 -0.307868 0.0641184 0.944253
1305031241.306330 -0.148273 0.0509603 0.0149846 0.0816908 -0.307326 0.0603529 0.946169
1305031241.342476 -0.148575 0.0579319 0.0182567 0.0603497 -0.30796 0.0601448 0.947576
1305031241.379515 -0.152625 0.0572953 0.0179311 0.0375641 -0.308722 0.0616535 0.948409
1305031241.409682 -0.156387 0.0613782 0.0161518 0.0210396 -0.31204 0.0644965 0.947644
1305031241.445546 -0.159274 0.068158 0.0169696 0.00460049 -0.31813 0.0645468 0.945836
1305031241.477507 -0.156683 0.0669598 0.0220267 -0.0107199 -0.32394 0.0632301 0.943902
1305031241.509849 -0.156847 0.0638779 0.0237297 -0.0166052 -0.322316 0.0601531 0.944573
1305031241.547730 -0.157673 0.0632363 0.023992 -0.0135666 -0.317402 0.0547382 0.946613
1305031241.578395 -0.156591 0.0592782 0.0241977 -0.0130811 -0.315687 0.0528755 0.947299
1305031241.609264 -0.155458 0.0550296 0.0245899 -0.010119 -0.315883 0.0516757 0.947336
1305031241.647584 -0.155291 0.0559883 0.022083 -0.00299139 -0.315652 0.0515039 0.947472
1305031241.678366 -0.153422 0.0553798 0.0219564 0.00246199 -0.316144 0.0502428 0.947377
1305031241.709827 -0.152764 0.0564337 0.0203919 0.00764543 -0.315414 0.0475864 0.947729
1305031241.747102 -0.151808 0.054236 0.0195293 0.0111643 -0.315005 0.0450677 0.947954
1305031241.778268 -0.152799 0.0568595 0.0167126 0.0161445 -0.314184 0.0424102 0.948277
1305031241.809829 -0.15184 0.0527228 0.0169523 0.017955 -0.316332 0.0380235 0.947716
1305031241.846436 -0.153192 0.052115 0.0133296 0.0227914 -0.318507 0.0329319 0.947074
1305031241.878799 -0.155397 0.057569 0.0128158 0.0295095 -0.32238 0.0275972 0.945748
1305031241.911487 -0.154257 0.056353 0.0143643 0.032194 -0.327252 0.0179244 0.944218
1305031241.947705 -0.156338 0.0565174 0.0127015 0.0355758 -0.328763 0.00688767 0.943717
1305031241.978343 -0.155858 0.0581244 0.0106475 0.0399714 -0.329498 -0.00746498 0.94328
1305031242.010570 -0.154652 0.0576815 0.0126262 0.0418528 -0.329505 -0.0239788 0.942921
1305031242.046360 -0.155858 0.0571371 0.0111245 0.0431338 -0.32479 -0.0418831 0.943873
1305031242.079549 -0.156652 0.0551008 0.0087843 0.0443664 -0.318752 -0.0623759 0.944742
1305031242.110584 -0.158453 0.0570376 0.00950252 0.0467373 -0.312767 -0.0808156 0.945231
1305031242.146605 -0.15984 0.0549131 0.00703245 0.0473884 -0.305597 -0.0997406 0.945736
1305031242.179708 -0.162082 0.0539954 0.00637001 0.0487345 -0.300842 -0.116282 0.945303
1305031242.208725 -0.163979 0.0509617 0.00469577 0.0498367 -0.298444 -0.132301 0.943898
1305031242.247809 -0.164733 0.0482264 0.00332157 0.0523657 -0.2974 -0.148117 0.941739
1305031242.279498 -0.162589 0.0454029 0.00335078 0.0564126 -0.296548 -0.166108 0.938768
1305031242.309764 -0.162747 0.0415489 0.00199249 0.0611022 -0.292524 -0.184311 0.936336
1305031242.347127 -0.162787 0.0434233 0.00160261 0.0690858 -0.287114 -0.201241 0.933967
1305031242.378479 -0.163297 0.0426646 4.70485e-06 0.0741396 -0.282199 -0.217152 0.931511
1305031242.410997 -0.163566 0.0396965 -0.00279393 0.0793331 -0.278551 -0.234445 0.927982
1305031242.447099 -0.162446 0.0356254 -0.00479203 0.084961 -0.275564 -0.253893 0.923247
1305031242.477647 -0.165831 0.0328906 -0.00851276 0.0924332 -0.268818 -0.276706 0.917947
1305031242.509726 -0.166888 0.0339806 -0.0115839 0.103097 -0.263187 -0.299977 0.911108
1305031242.548546 -0.166315 0.0333785 -0.0146542 0.112211 -0.260275 -0.324331 0.902483
1305031242.574843 -0.16623 0.0310077 -0.0164889 0.117667 -0.257091 -0.348047 0.893824
1305031242.606115 -0.166231 0.0298731 -0.0183217 0.121931 -0.250735 -0.369634 0.886361
1305031242.643811 -0.170959 0.0307283 -0.0204334 0.126581 -0.242897 -0.390238 0.879029
1305031242.675202 -0.171314 0.0298935 -0.0213014 0.13373 -0.240936 -0.41377 0.867675
1305031242.713982 -0.175128 0.0319273 -0.0254748 0.13915 -0.238957 -0.437463 0.855665
1305031242.745258 -0.178243 0.0328684 -0.0278186 0.141773 -0.235153 -0.460043 0.844372
1305031242.777540 -0.181904 0.0351589 -0.0280119 0.143899 -0.231487 -0.479447 0.834169
1305031242.814071 -0.182436 0.035484 -0.0303776 0.143573 -0.231293 -0.496212 0.824417
1305031242.844318 -0.18557 0.0379266 -0.0310945 0.142275 -0.23141 -0.512855 0.814363
1305031242.874088 -0.186616 0.0400094 -0.0330169 0.141202 -0.228783 -0.532303 0.802729
1305031242.913707 -0.192972 0.0448175 -0.0351358 0.140645 -0.221382 -0.552496 0.791175
1305031242.944438 -0.192492 0.0490762 -0.0349095 0.140477 -0.216792 -0.570665 0.779493
1305031242.976062 -0.194267 0.0528945 -0.0342051 0.137959 -0.212832 -0.586129 0.769495
1305031243.014166 -0.196582 0.0572647 -0.0338784 0.134674 -0.209317 -0.598872 0.761184
1305031243.046910 -0.199326 0.0613542 -0.0339242 0.131487 -0.206129 -0.61049 0.753342
1305031243.078045 -0.200263 0.0653563 -0.032912 0.130432 -0.202699 -0.622107 0.744905
1305031243.113615 -0.199725 0.0686368 -0.0327387 0.13129 -0.198209 -0.632822 0.736894
1305031243.145816 -0.196573 0.0699551 -0.0306392 0.133015 -0.195288 -0.636552 0.734147
1305031243.178076 -0.19329 0.0715058 -0.0277358 0.135455 -0.197238 -0.631171 0.737816
1305031243.213658 -0.193153 0.0699857 -0.0269719 0.13521 -0.204147 -0.618794 0.746416
1305031243.245561 -0.188591 0.0675386 -0.0233786 0.138176 -0.210837 -0.603845 0.756192
1305031243.278180 -0.190329 0.0642266 -0.0254414 0.139928 -0.215444 -0.583189 0.770646
1305031243.314271 -0.191309 0.0618949 -0.0257362 0.1412 -0.223545 -0.561274 0.784258
1305031243.346036 -0.1914 0.0606629 -0.025847 0.143316 -0.227956 -0.541452 0.796446
1305031243.378935 -0.195548 0.060777 -0.0233553 0.144414 -0.231828 -0.517002 0.811239
1305031243.413974 -0.202578 0.0581292 -0.027688 0.143228 -0.235087 -0.497745 0.822478
1305031243.447091 -0.20252 0.0577985 -0.0262262 0.146114 -0.238923 -0.476554 0.833344
1305031243.478037 -0.201932 0.0596237 -0.0237532 0.148845 -0.24056 -0.455425 0.844135
1305031243.515401 -0.202618 0.0583951 -0.0221157 0.148594 -0.240597 -0.43674 0.853985
1305031243.545943 -0.207955 0.0619083 -0.0202498 0.15024 -0.238427 -0.416972 0.864127
1305031243.577984 -0.206586 0.0605358 -0.0191603 0.151075 -0.242331 -0.396493 0.872494
1305031243.614055 -0.208452 0.0574688 -0.0215461 0.149791 -0.242806 -0.376248 0.881502
1305031243.646187 -0.21713 0.0554943 -0.0204854 0.152437 -0.239233 -0.351979 0.891987
1305031243.678280 -0.211272 0.054129 -0.0209639 0.157922 -0.243087 -0.32167 0.901387
1305031243.714296 -0.207989 0.0482682 -0.0193524 0.158577 -0.24432 -0.294345 0.910232
1305031243.747378 -0.213699 0.0480481 -0.0158069 0.15947 -0.241003 -0.257508 0.92205
1305031243.779036 -0.209493 0.0422419 -0.0170561 0.159921 -0.249768 -0.216548 0.930134
1305031243.814193 -0.199461 0.0366428 -0.0136234 0.161292 -0.262567 -0.175365 0.935035
1305031243.846292 -0.193724 0.0347483 -0.0111713 0.163768 -0.269448 -0.13495 0.939343
1305031243.878809 -0.191144 0.0323707 -0.0088078 0.165639 -0.276534 -0.0951797 0.941824
1305031243.914000 -0.185176 0.0344765 -0.00638794 0.168433 -0.285785 -0.0584704 0.941562
1305031243.947078 -0.17937 0.0358999 -0.00456631 0.169882 -0.292045 -0.0274459 0.940796
1305031243.981652 -0.172365 0.0342614 -0.00108482 0.170511 -0.29652 -0.000973872 0.939681
1305031244.011270 -0.171017 0.0401067 -0.00067203 0.173694 -0.296255 0.0230346 0.9389
1305031244.043823 -0.169172 0.0451023 0.00243407 0.173564 -0.297311 0.0431461 0.937881
1305031244.081809 -0.169358 0.0465203 0.00357495 0.170801 -0.298612 0.0622674 0.936899
1305031244.112790 -0.171656 0.0499601 0.00443488 0.168567 -0.301419 0.082452 0.934844
1305031244.148495 -0.170158 0.054017 0.00826569 0.164673 -0.307746 0.103021 0.93143
1305031244.182431 -0.166461 0.0571259 0.011192 0.158452 -0.312054 0.124171 0.928492
1305031244.212401 -0.165802 0.0615638 0.0144313 0.152692 -0.313697 0.146502 0.925644
1305031244.247347 -0.164519 0.064601 0.0161218 0.146189 -0.314484 0.169505 0.922495
1305031244.283147 -0.16047 0.0692117 0.0203238 0.139055 -0.315396 0.194854 0.918271
1305031244.313795 -0.154339 0.0756134 0.0252107 0.131934 -0.313814 0.220933 0.913949
1305031244.345960 -0.153853 0.0806628 0.0252898 0.125374 -0.306802 0.245597 0.910953
1305031244.380856 -0.152742 0.0852432 0.0288323 0.119531 -0.301941 0.271839 0.905896
1305031244.413019 -0.151729 0.0926297 0.0308346 0.115895 -0.297065 0.296876 0.900103
1305031244.445167 -0.152884 0.0976644 0.0295521 0.111328 -0.290912 0.319754 0.894837
1305031244.480659 -0.154292 0.101972 0.0298102 0.106887 -0.286896 0.340511 0.888999
1305031244.514228 -0.156822 0.106303 0.0313725 0.10301 -0.284939 0.359294 0.88267
1305031244.546214 -0.158644 0.11122 0.0339402 0.0989785 -0.282638 0.374414 0.877572
1305031244.580805 -0.160951 0.11227 0.0366266 0.092782 -0.279389 0.390247 0.872376
1305031244.613277 -0.162071 0.113713 0.0372448 0.0864626 -0.277661 0.406997 0.8659
1305031244.642840 -0.16422 0.116428 0.0394224 0.0806983 -0.276327 0.422099 0.85963
1305031244.680610 -0.165874 0.121007 0.0408275 0.0730653 -0.274519 0.437822 0.853002
1305031244.715250 -0.166445 0.122083 0.0424915 0.0615661 -0.27303 0.454467 0.84565
1305031244.745888 -0.165109 0.121412 0.0420799 0.0503224 -0.273731 0.472182 0.836411
1305031244.781851 -0.165326 0.12279 0.0435363 0.0442376 -0.276714 0.489531 0.825731
1305031244.814094 -0.163385 0.124657 0.0471253 0.0419693 -0.280214 0.504816 0.815401
1305031244.841822 -0.162086 0.127688 0.0465242 0.0432504 -0.281384 0.517079 0.807206
1305031244.881801 -0.162223 0.13147 0.0459207 0.0441293 -0.282769 0.527357 0.799993
1305031244.914908 -0.161574 0.133699 0.0465108 0.0440466 -0.285116 0.536357 0.793152
1305031244.945868 -0.16124 0.135929 0.0468611 0.0433084 -0.287358 0.544238 0.786991
1305031244.981800 -0.160256 0.13771 0.052429 0.0434127 -0.28969 0.548838 0.782925
1305031245.014055 -0.158295 0.139027 0.0460836 0.0448844 -0.290411 0.550547 0.781374
1305031245.046440 -0.162503 0.139565 0.0512586 0.0464251 -0.293269 0.550588 0.780186
1305031245.081769 -0.160318 0.138118 0.0511695 0.0485014 -0.295669 0.548148 0.780872
1305031245.114315 -0.160496 0.134877 0.0484361 0.0522823 -0.298234 0.542563 0.783548
1305031245.145710 -0.16363 0.131808 0.0498022 0.0573389 -0.30235 0.533126 0.788082
1305031245.181871 -0.162578 0.126523 0.0496062 0.0654149 -0.306722 0.518567 0.795444
1305031245.214094 -0.164503 0.12041 0.0438403 0.0765176 -0.309183 0.499978 0.805341
1305031245.248795 -0.167885 0.115487 0.0393442 0.085227 -0.313056 0.47807 0.816199
1305031245.280795 -0.170695 0.112411 0.0385366 0.0932309 -0.317271 0.454556 0.827059
1305031245.314318 -0.16941 0.105636 0.0330428 0.102285 -0.31557 0.428152 0.840619
1305031245.349181 -0.168521 0.102192 0.0254862 0.11382 -0.309613 0.397304 0.856349
1305031245.380686 -0.166729 0.0992848 0.0222089 0.119632 -0.303973 0.369202 0.870045
1305031245.413311 -0.165219 0.09365 0.0191096 0.12172 -0.301702 0.344112 0.880765
1305031245.448997 -0.164057 0.0892073 0.0125282 0.128037 -0.300309 0.320904 0.889068
1305031245.484671 -0.161916 0.0865738 0.00805122 0.135939 -0.298653 0.295172 0.89733
1305031245.512432 -0.161269 0.0841515 0.00120954 0.139298 -0.297167 0.271041 0.904889
1305031245.548146 -0.161146 0.0836155 -5.45236e-06 0.141378 -0.297256 0.24649 0.911534
1305031245.578689 -0.159961 0.0786332 -0.00362695 0.142113 -0.295163 0.223247 0.918065
1305031245.610475 -0.162041 0.0787197 -0.00794768 0.146445 -0.294115 0.199768 0.923116
1305031245.649463 -0.163547 0.0805143 -0.0101731 0.148056 -0.29451 0.177723 0.927231
1305031245.680235 -0.163307 0.0782325 -0.0111931 0.146352 -0.293433 0.155727 0.931787
1305031245.711032 -0.163853 0.0798112 -0.0134549 0.146145 -0.289437 0.134171 0.936411
1305031245.749775 -0.158721 0.077462 -0.0125758 0.14333 -0.285336 0.110795 0.941151
1305031245.781850 -0.157838 0.0790293 -0.0118119 0.14223 -0.276772 0.0879763 0.946271
1305031245.813569 -0.157366 0.0775892 -0.0124687 0.139613 -0.265957 0.0633692 0.951714
1305031245.849109 -0.159546 0.078475 -0.0132265 0.137362 -0.25533 0.0407758 0.956177
1305031245.882028 -0.161616 0.0765138 -0.0139663 0.133903 -0.24721 0.0196806 0.959463
1305031245.912608 -0.163815 0.0752352 -0.0152604 0.131316 -0.240746 -0.00125166 0.961663
1305031245.945896 -0.165596 0.0742637 -0.0182472 0.130329 -0.236385 -0.0223528 0.96262
1305031245.980818 -0.165223 0.0735966 -0.018247 0.129895 -0.23358 -0.0440004 0.962617
1305031246.011003 -0.167154 0.0694644 -0.0222363 0.129167 -0.229322 -0.0659177 0.962488
1305031246.048393 -0.172622 0.0656877 -0.0262528 0.130866 -0.226455 -0.0882484 0.961147
1305031246.080525 -0.174421 0.0634392 -0.0308231 0.135953 -0.227868 -0.113343 0.957469
1305031246.112356 -0.175372 0.0614488 -0.0336379 0.142744 -0.229828 -0.139942 0.952481
1305031246.148449 -0.171605 0.0599339 -0.0350235 0.147265 -0.229273 -0.164944 0.947914
1305031246.180596 -0.175422 0.0567256 -0.0370645 0.14933 -0.223504 -0.189491 0.944373
1305031246.211137 -0.179015 0.057158 -0.039594 0.15455 -0.220006 -0.213912 0.939124
1305031246.246969 -0.182726 0.0541931 -0.0431546 0.160813 -0.217124 -0.241725 0.931969
1305031246.279696 -0.185317 0.0515599 -0.0478527 0.167415 -0.211815 -0.270194 0.924176
1305031246.312473 -0.186789 0.0479723 -0.0492616 0.174276 -0.205533 -0.300263 0.915001
1305031246.348272 -0.188804 0.0462282 -0.0524499 0.182273 -0.196438 -0.330603 0.904926
1305031246.378206 -0.193282 0.0471482 -0.0530236 0.188969 -0.188194 -0.355753 0.89572
1305031246.415637 -0.196178 0.0467726 -0.0538943 0.195015 -0.182417 -0.382591 0.884487
1305031246.445289 -0.198627 0.0469113 -0.054996 0.20136 -0.175953 -0.410289 0.87187
1305031246.477465 -0.202786 0.046489 -0.0558608 0.207077 -0.168084 -0.436607 0.85921
1305031246.516395 -0.205339 0.0489088 -0.0555198 0.213299 -0.160882 -0.459971 0.846786
1305031246.549175 -0.210855 0.0521625 -0.0548099 0.218093 -0.156111 -0.481174 0.834588
1305031246.579511 -0.212029 0.0537393 -0.0540758 0.224144 -0.155726 -0.504406 0.819197
1305031246.616453 -0.214778 0.0572667 -0.0558542 0.229413 -0.152981 -0.524853 0.805292
1305031246.647763 -0.220567 0.0608822 -0.0546691 0.233031 -0.150197 -0.543099 0.792578
1305031246.680758 -0.221641 0.0641283 -0.0562305 0.238418 -0.14994 -0.563476 0.77664
1305031246.716974 -0.222463 0.0670083 -0.0550039 0.24322 -0.150694 -0.583567 0.75999
1305031246.749166 -0.226588 0.0714262 -0.0555836 0.246984 -0.149731 -0.604104 0.742723
1305031246.780817 -0.225042 0.0738351 -0.0568278 0.250483 -0.152127 -0.622046 0.726068
1305031246.816808 -0.224591 0.0754015 -0.0589997 0.248476 -0.151546 -0.639528 0.711546
1305031246.848812 -0.230452 0.0806385 -0.0596488 0.244838 -0.146565 -0.656748 0.698036
1305031246.880643 -0.231908 0.085369 -0.0601802 0.24539 -0.145595 -0.673131 0.682262
1305031246.916671 -0.231082 0.0866791 -0.0620224 0.244877 -0.148617 -0.687951 0.666836
1305031246.949534 -0.224702 0.0871358 -0.0648562 0.239892 -0.152305 -0.701507 0.653561
1305031246.977597 -0.22834 0.0907123 -0.0679594 0.231162 -0.149477 -0.717981 0.639315
1305031247.016790 -0.224363 0.0945765 -0.064578 0.226085 -0.151285 -0.732249 0.624348
1305031247.047934 -0.231249 0.100919 -0.0692644 0.216674 -0.147977 -0.748216 0.609367
1305031247.077890 -0.232526 0.104757 -0.0715954 0.211957 -0.145499 -0.761403 0.595122
1305031247.116213 -0.230787 0.107644 -0.0735026 0.209835 -0.14081 -0.770751 0.584881
1305031247.147366 -0.230004 0.108125 -0.0748754 0.20552 -0.137694 -0.776106 0.580053
1305031247.179692 -0.227916 0.107563 -0.0756059 0.200619 -0.138074 -0.778813 0.578047
1305031247.216943 -0.227672 0.108028 -0.0751223 0.198289 -0.138083 -0.78043 0.576666
1305031247.248793 -0.224757 0.10746 -0.0748223 0.201419 -0.139178 -0.777649 0.579069
1305031247.279422 -0.227748 0.105301 -0.0748364 0.201382 -0.142673 -0.770556 0.587651
1305031247.316643 -0.229562 0.102848 -0.0768291 0.200217 -0.152176 -0.758936 0.600643
1305031247.347790 -0.230529 0.103955 -0.0774133 0.201642 -0.160484 -0.746063 0.613983
1305031247.378611 -0.231594 0.104089 -0.0764333 0.203146 -0.172129 -0.728998 0.630608
1305031247.416862 -0.232808 0.104023 -0.076908 0.202853 -0.187227 -0.710008 0.647831
1305031247.448770 -0.238475 0.107107 -0.0779765 0.202564 -0.195907 -0.691739 0.664895
1305031247.480263 -0.238551 0.106543 -0.0768264 0.204607 -0.206667 -0.670908 0.682134
1305031247.517846 -0.239843 0.108663 -0.0748607 0.206049 -0.217948 -0.647681 0.700394
1305031247.545901 -0.240764 0.109291 -0.0747266 0.207693 -0.228188 -0.624687 0.717329
1305031247.577921 -0.240736 0.109509 -0.0744468 0.209607 -0.238009 -0.600701 0.733877
1305031247.615280 -0.2389 0.108816 -0.0737521 0.209746 -0.244195 -0.57879 0.749251
1305031247.648400 -0.243568 0.107862 -0.0743911 0.20734 -0.245761 -0.554171 0.767793
1305031247.683558 -0.240049 0.105319 -0.0734037 0.207575 -0.252103 -0.525657 0.78552
1305031247.715961 -0.235231 0.103479 -0.0696698 0.203799 -0.259728 -0.491415 0.805927
1305031247.746902 -0.240267 0.100757 -0.0719942 0.195558 -0.262268 -0.455625 0.827876
1305031247.782261 -0.240164 0.0941772 -0.0745676 0.193942 -0.271093 -0.421781 0.843206
1305031247.813983 -0.229884 0.085534 -0.0770722 0.196831 -0.279451 -0.392828 0.853728
1305031247.848442 -0.230631 0.0795306 -0.0805374 0.199991 -0.273244 -0.366213 0.866735
1305031247.882072 -0.23343 0.0816917 -0.0798934 0.210099 -0.267854 -0.339338 0.876905
1305031247.917332 -0.222684 0.0816154 -0.081725 0.217026 -0.272941 -0.313586 0.883214
1305031247.949686 -0.214231 0.0758268 -0.0812692 0.219311 -0.276222 -0.291184 0.889278
1305031247.986145 -0.21598 0.0765324 -0.0835561 0.224891 -0.271369 -0.264894 0.89756
1305031248.018156 -0.211804 0.0746375 -0.0879939 0.229191 -0.272244 -0.237349 0.903892
1305031248.049914 -0.201672 0.07084 -0.087251 0.232467 -0.278691 -0.211556 0.907488
1305031248.085746 -0.197046 0.0703307 -0.0858461 0.236722 -0.279111 -0.182613 0.912531
1305031248.117579 -0.191989 0.0695769 -0.0851896 0.241635 -0.279865 -0.152884 0.916468
1305031248.149346 -0.180146 0.0692006 -0.0827308 0.244977 -0.284718 -0.124361 0.918399
1305031248.184863 -0.172564 0.0684366 -0.0813272 0.246057 -0.284955 -0.0956839 0.921467
1305031248.216769 -0.168975 0.0706262 -0.0824122 0.246658 -0.283988 -0.065644 0.92423
1305031248.248851 -0.162665 0.0715432 -0.082543 0.246012 -0.287562 -0.0378403 0.924854
1305031248.284740 -0.157429 0.0762753 -0.0790521 0.243115 -0.288999 -0.0115287 0.925874
1305031248.316181 -0.153466 0.0752213 -0.0765678 0.236393 -0.288043 0.0139189 0.927877
1305031248.348843 -0.152749 0.0756413 -0.0782134 0.232983 -0.28794 0.0373683 0.928124
1305031248.388197 -0.149923 0.0781846 -0.078905 0.229682 -0.290914 0.0596576 0.926853
1305031248.415507 -0.146607 0.0795243 -0.0781013 0.225852 -0.293521 0.0804565 0.925399
1305031248.448252 -0.145192 0.0783849 -0.0764677 0.223165 -0.295188 0.101685 0.923429
1305031248.485297 -0.142416 0.083125 -0.0805736 0.225 -0.29482 0.118183 0.921135
1305031248.515431 -0.14055 0.0887663 -0.0776512 0.224978 -0.293791 0.132529 0.919515
1305031248.547003 -0.137809 0.0866077 -0.0741362 0.219828 -0.288653 0.149679 0.919756
1305031248.586058 -0.141013 0.0894485 -0.0774968 0.218689 -0.279668 0.169502 0.919364
1305031248.618038 -0.140537 0.0911159 -0.0803407 0.217942 -0.277142 0.18891 0.916519
1305031248.649439 -0.140537 0.0921144 -0.0783992 0.216456 -0.278712 0.209776 0.911844
1305031248.686028 -0.14005 0.0972863 -0.0788803 0.214794 -0.279358 0.232451 0.906526
1305031248.719923 -0.137715 0.101424 -0.0768874 0.212638 -0.280129 0.253401 0.901166
1305031248.749837 -0.131801 0.102249 -0.0732839 0.21039 -0.280796 0.275541 0.894968
1305031248.785675 -0.131342 0.109706 -0.0725084 0.212383 -0.276945 0.294181 0.889749
1305031248.818141 -0.129178 0.115224 -0.0689786 0.210517 -0.271793 0.310368 0.886275
1305031248.849679 -0.125309 0.117336 -0.0661989 0.207063 -0.264824 0.32634 0.883456
1305031248.885593 -0.12604 0.121445 -0.0648547 0.206202 -0.255008 0.338243 0.882068
1305031248.917882 -0.122808 0.126124 -0.0590594 0.203005 -0.24692 0.349872 0.880573
1305031248.952681 -0.121504 0.128895 -0.0549373 0.199599 -0.23706 0.362809 0.878824
1305031248.984554 -0.122516 0.133707 -0.0549937 0.196527 -0.227964 0.375936 0.876403
1305031249.016951 -0.121063 0.136711 -0.0544201 0.192773 -0.224148 0.388351 0.8728
1305031249.052366 -0.123222 0.14042 -0.047542 0.189919 -0.22366 0.398999 0.868738
1305031249.084503 -0.119344 0.139697 -0.0444511 0.185378 -0.224914 0.407479 0.865453
1305031249.116884 -0.126343 0.145199 -0.0396402 0.184489 -0.223604 0.411831 0.863922
1305031249.153447 -0.129386 0.147033 -0.039316 0.178764 -0.223648 0.414075 0.864041
1305031249.184739 -0.126145 0.1416 -0.0382448 0.170561 -0.227464 0.418309 0.862663
1305031249.216865 -0.128566 0.141343 -0.0421087 0.167559 -0.232646 0.423234 0.859461
1305031249.253224 -0.129879 0.139938 -0.0361503 0.164078 -0.242468 0.429155 0.854467
1305031249.284804 -0.129099 0.137138 -0.03438 0.162654 -0.25168 0.434448 0.849385
1305031249.317434 -0.135478 0.139934 -0.0339981 0.163825 -0.256917 0.434993 0.847311
1305031249.352736 -0.131181 0.136103 -0.0288472 0.159474 -0.262263 0.435426 0.846281
1305031249.384754 -0.131057 0.133043 -0.0254792 0.163802 -0.263583 0.430118 0.847757
1305031249.417834 -0.130709 0.130678 -0.0290232 0.172966 -0.261009 0.415854 0.853828
1305031249.453722 -0.132034 0.129442 -0.031884 0.180608 -0.256351 0.395962 0.863064
1305031249.485915 -0.13047 0.126193 -0.0341114 0.18608 -0.251351 0.372654 0.873685
1305031249.517734 -0.127499 0.121867 -0.036893 0.193825 -0.245895 0.347534 0.883848
1305031249.554325 -0.130141 0.119827 -0.0442952 0.203531 -0.238435 0.319319 0.894292
1305031249.585905 -0.133413 0.118107 -0.0487954 0.207284 -0.234102 0.291118 0.904146
1305031249.618079 -0.131925 0.114602 -0.0528937 0.211062 -0.233079 0.261336 0.912595
1305031249.654213 -0.13022 0.115647 -0.0532206 0.214981 -0.229404 0.230897 0.920784
1305031249.685674 -0.135382 0.116171 -0.0542141 0.213991 -0.222156 0.197172 0.930579
1305031249.717790 -0.128092 0.111879 -0.0528047 0.208991 -0.217821 0.168105 0.938412
1305031249.753962 -0.128383 0.108126 -0.0544082 0.203913 -0.205173 0.139888 0.946971
1305031249.785417 -0.129638 0.103249 -0.0597366 0.199783 -0.191979 0.108915 0.954656
1305031249.818602 -0.126179 0.100017 -0.0597121 0.198979 -0.180427 0.0773333 0.960142
1305031249.853747 -0.121726 0.0971669 -0.0612994 0.196784 -0.163044 0.0469349 0.965655
1305031249.885525 -0.123797 0.0913369 -0.0625654 0.192838 -0.142972 0.019481 0.970563
1305031249.917065 -0.12503 0.0873802 -0.0631384 0.191603 -0.126807 -0.0020782 0.973244
1305031249.953398 -0.12476 0.0838219 -0.0637912 0.192828 -0.114278 -0.0227858 0.974289
1305031249.985179 -0.123913 0.081073 -0.0650058 0.192015 -0.10393 -0.0413766 0.974996
1305031250.016440 -0.129052 0.0760797 -0.0657496 0.190998 -0.0913315 -0.0617997 0.975376
1305031250.053194 -0.131834 0.0733457 -0.0652867 0.195684 -0.0804229 -0.0890638 0.973297
1305031250.084507 -0.135768 0.0726113 -0.0641036 0.200848 -0.0734241 -0.116727 0.969868
1305031250.120850 -0.149449 0.0698557 -0.058767 0.202761 -0.0695608 -0.14066 0.966573
1305031250.153248 -0.156718 0.0705602 -0.0580278 0.205999 -0.0757178 -0.17005 0.960684
1305031250.185328 -0.152752 0.0698983 -0.062938 0.207778 -0.0879546 -0.198899 0.953694
1305031250.221446 -0.162981 0.0662893 -0.0610755 0.205184 -0.0915105 -0.221468 0.948935
1305031250.253735 -0.171593 0.0632443 -0.0584156 0.205647 -0.0966519 -0.246384 0.942159
1305031250.285224 -0.174508 0.0598315 -0.0620038 0.208059 -0.104065 -0.271886 0.933788
1305031250.320862 -0.17794 0.0596764 -0.0633293 0.212203 -0.108322 -0.298384 0.924231
1305031250.351700 -0.180365 0.0587577 -0.0666004 0.215327 -0.108905 -0.325685 0.914168
1305031250.385149 -0.182522 0.0562109 -0.0690413 0.217625 -0.103868 -0.352181 0.904334
1305031250.421536 -0.18518 0.056586 -0.0676317 0.218337 -0.0957055 -0.373547 0.896455
1305031250.454018 -0.188408 0.0593437 -0.0628418 0.21778 -0.0896661 -0.392884 0.888917
1305031250.485613 -0.191775 0.0588094 -0.0631534 0.215404 -0.0853521 -0.414201 0.880201
1305031250.521538 -0.193201 0.0610445 -0.0635956 0.213443 -0.0801833 -0.431412 0.872867
1305031250.553658 -0.197806 0.0633109 -0.059607 0.209601 -0.0744781 -0.444138 0.867907
1305031250.585379 -0.202322 0.0649252 -0.055937 0.207242 -0.0709821 -0.457616 0.861743
1305031250.621303 -0.204493 0.0651723 -0.0570206 0.206856 -0.0684206 -0.473008 0.853694
1305031250.653544 -0.204753 0.06846 -0.0525925 0.207816 -0.0672171 -0.484912 0.84685
1305031250.685297 -0.207865 0.0708967 -0.0487666 0.206427 -0.0678612 -0.499203 0.838796
1305031250.721640 -0.212889 0.0734875 -0.0484802 0.206315 -0.0672497 -0.518227 0.827256
1305031250.753428 -0.216636 0.0769303 -0.0481598 0.206561 -0.0652792 -0.530182 0.819743
1305031250.785365 -0.217361 0.0798202 -0.0432396 0.205252 -0.0664634 -0.534582 0.817115
1305031250.821793 -0.221387 0.0815226 -0.0403848 0.203482 -0.0688166 -0.53827 0.814938
1305031250.853828 -0.225398 0.0826322 -0.0392556 0.204753 -0.0718796 -0.540415 0.812934
1305031250.882014 -0.224572 0.0835165 -0.0396501 0.208241 -0.0774918 -0.541086 0.811083
1305031250.921800 -0.227936 0.0815866 -0.04604 0.208286 -0.0801395 -0.544021 0.808848
1305031250.953542 -0.232776 0.0824169 -0.0445003 0.209958 -0.0795722 -0.542547 0.809462
1305031250.985308 -0.227229 0.0818535 -0.044702 0.213874 -0.0856522 -0.536082 0.81212
1305031251.021488 -0.227627 0.081382 -0.0463066 0.214042 -0.0927429 -0.528438 0.816295
1305031251.053468 -0.229728 0.079735 -0.0459411 0.213228 -0.0989411 -0.518812 0.821936
1305031251.085186 -0.23015 0.0777067 -0.0475815 0.21622 -0.105455 -0.506531 0.827982
1305031251.121445 -0.227492 0.0737899 -0.0535681 0.218444 -0.113079 -0.489804 0.836413
1305031251.153781 -0.225453 0.0678434 -0.059807 0.217168 -0.118114 -0.469146 0.847814
1305031251.185160 -0.225101 0.067174 -0.0571075 0.219843 -0.123782 -0.441603 0.861007
1305031251.220466 -0.221827 0.0637466 -0.0611178 0.222403 -0.132994 -0.414024 0.872602
1305031251.252424 -0.216958 0.0608969 -0.0624427 0.224123 -0.144873 -0.382552 0.884553
1305031251.284482 -0.211199 0.0563896 -0.0659542 0.22392 -0.155071 -0.347918 0.897087
1305031251.319004 -0.207019 0.0537544 -0.0677297 0.223506 -0.163418 -0.310555 0.909338
1305031251.353244 -0.200009 0.0546937 -0.0668845 0.224438 -0.171932 -0.275516 0.918781
1305031251.387007 -0.194395 0.0555042 -0.0654793 0.223566 -0.180157 -0.243893 0.926325
1305031251.421050 -0.190233 0.0513396 -0.066849 0.221382 -0.188329 -0.210476 0.933393
1305031251.449663 -0.18698 0.052799 -0.0644395 0.220498 -0.195714 -0.175786 0.939242
1305031251.489014 -0.180714 0.0525584 -0.0645114 0.217675 -0.20361 -0.143156 0.943751
1305031251.520773 -0.173536 0.0516243 -0.0644719 0.213921 -0.20968 -0.11054 0.947657
1305031251.553045 -0.170626 0.0529398 -0.0627177 0.211115 -0.213004 -0.0763687 0.950909
1305031251.588760 -0.169874 0.0560287 -0.0610703 0.208628 -0.217607 -0.0450542 0.952413
1305031251.620874 -0.165768 0.0553003 -0.0625907 0.204254 -0.225614 -0.0144019 0.952455
1305031251.652875 -0.165259 0.057186 -0.0642474 0.200659 -0.236251 0.019452 0.950549
1305031251.689768 -0.164693 0.0591693 -0.0643135 0.196638 -0.251058 0.0515328 0.946387
1305031251.720461 -0.164611 0.0592154 -0.062573 0.191796 -0.265906 0.0825086 0.941117
1305031251.753144 -0.163796 0.0589594 -0.0645595 0.188711 -0.278972 0.114162 0.934628
1305031251.789250 -0.163248 0.0610439 -0.067433 0.185209 -0.294277 0.146492 0.926088
1305031251.820979 -0.157998 0.0593428 -0.0683255 0.17964 -0.312088 0.176091 0.916146
1305031251.853797 -0.15683 0.0568622 -0.069486 0.178077 -0.326306 0.204448 0.905546
1305031251.889654 -0.155821 0.059618 -0.069287 0.181385 -0.339687 0.229401 0.893917
1305031251.921930 -0.152523 0.0678385 -0.0632144 0.182876 -0.350807 0.251063 0.883436
1305031251.953837 -0.151118 0.0710037 -0.0612088 0.180377 -0.356486 0.271568 0.875576
1305031251.989807 -0.151319 0.0723733 -0.0575675 0.178779 -0.36107 0.291006 0.867745
1305031252.022160 -0.150377 0.0751665 -0.0542454 0.177099 -0.364956 0.31299 0.858767
1305031252.053762 -0.149381 0.0834017 -0.0513557 0.172901 -0.367692 0.339014 0.848515
1305031252.089562 -0.146662 0.0886925 -0.0468985 0.163727 -0.368711 0.367948 0.837771
1305031252.122152 -0.142819 0.0922527 -0.0441536 0.15503 -0.368812 0.395735 0.826642
1305031252.153971 -0.13989 0.0987305 -0.0376457 0.150274 -0.366586 0.422727 0.815067
1305031252.189789 -0.139521 0.109337 -0.040228 0.14468 -0.35975 0.446106 0.806621
1305031252.222086 -0.145506 0.115593 -0.0341715 0.130589 -0.356325 0.466156 0.799173
1305031252.253064 -0.143571 0.11573 -0.0255268 0.115306 -0.353881 0.485168 0.791255
1305031252.288878 -0.14095 0.118721 -0.0249946 0.108283 -0.348303 0.499569 0.785742
1305031252.320609 -0.145028 0.123149 -0.0230453 0.102228 -0.343543 0.510221 0.781794
1305031252.352855 -0.144021 0.12488 -0.0210332 0.0925211 -0.340334 0.522313 0.776403
1305031252.389319 -0.14108 0.125624 -0.0258527 0.0827099 -0.339649 0.532799 0.770664
1305031252.421702 -0.145495 0.12719 -0.0204479 0.0749616 -0.342549 0.5435 0.762659
1305031252.453825 -0.14692 0.129375 -0.0201224 0.0704889 -0.343911 0.550855 0.757175
1305031252.489559 -0.147482 0.129554 -0.0208082 0.065911 -0.344927 0.555203 0.753944
1305031252.522170 -0.14819 0.129864 -0.0197287 0.0634045 -0.34668 0.559048 0.750505
1305031252.553774 -0.146261 0.130105 -0.0263945 0.060165 -0.35006 0.56305 0.746199
1305031252.589746 -0.151633 0.12861 -0.0196293 0.0582337 -0.355873 0.567036 0.740563
1305031252.622125 -0.149001 0.127611 -0.0188318 0.0604369 -0.35948 0.566907 0.738741
1305031252.657856 -0.153766 0.1258 -0.0150487 0.0692943 -0.359285 0.559279 0.743855
1305031252.688998 -0.151719 0.123868 -0.0161877 0.0801971 -0.354714 0.543635 0.756444
1305031252.721654 -0.151403 0.123008 -0.0159019 0.0913289 -0.345826 0.519525 0.775988
1305031252.757822 -0.15169 0.119138 -0.012845 0.104526 -0.328273 0.488903 0.801427
1305031252.789692 -0.150225 0.118452 -0.018324 0.117757 -0.30783 0.458303 0.825428
1305031252.822405 -0.156534 0.11624 -0.0221992 0.122615 -0.294458 0.431421 0.843882
1305031252.853978 -0.154504 0.114028 -0.0235919 0.125432 -0.286714 0.412341 0.855592
1305031252.889729 -0.15661 0.111506 -0.0285614 0.128804 -0.280677 0.393611 0.865852
1305031252.920672 -0.1569 0.111609 -0.0289634 0.133156 -0.277088 0.370059 0.876669
1305031252.957865 -0.15824 0.107508 -0.0311099 0.13927 -0.271735 0.341876 0.888755
1305031252.989424 -0.159913 0.107322 -0.0341903 0.144034 -0.267115 0.313446 0.899808
1305031253.019696 -0.166735 0.107641 -0.0321702 0.148781 -0.261563 0.280962 0.911323
1305031253.057426 -0.167243 0.102563 -0.0337377 0.150301 -0.258168 0.253795 0.919971
1305031253.089550 -0.168748 0.0980199 -0.0353374 0.155443 -0.254806 0.226997 0.927029
1305031253.119724 -0.170534 0.0916047 -0.0411575 0.162776 -0.251596 0.201054 0.93262
1305031253.157384 -0.177176 0.0882816 -0.0455181 0.17342 -0.252639 0.173966 0.93586
1305031253.189218 -0.179482 0.0902784 -0.0442865 0.179511 -0.257908 0.154884 0.936627
1305031253.218027 -0.181595 0.0888065 -0.0439885 0.177508 -0.263883 0.146012 0.936769
1305031253.257847 -0.184169 0.0869385 -0.0452768 0.173197 -0.273142 0.142713 0.93543
1305031253.289742 -0.181487 0.083587 -0.0443035 0.169891 -0.283622 0.142183 0.932995
1305031253.322007 -0.177128 0.0770936 -0.0423049 0.168365 -0.290387 0.146067 0.930587
1305031253.357830 -0.1776 0.0777588 -0.0425057 0.173277 -0.292528 0.151233 0.928187
1305031253.388097 -0.175691 0.0767495 -0.0412996 0.176409 -0.294976 0.15552 0.926111
1305031253.421352 -0.17594 0.0772872 -0.0400121 0.181328 -0.295599 0.158693 0.924423
1305031253.457963 -0.174486 0.0790167 -0.0387513 0.1863 -0.294475 0.159349 0.92368
1305031253.489690 -0.176618 0.0796471 -0.0375514 0.18932 -0.291541 0.158405 0.924159
1305031253.520734 -0.177314 0.0771682 -0.040323 0.191275 -0.288817 0.159248 0.924467
1305031253.557854 -0.182327 0.0809248 -0.0411998 0.194479 -0.288205 0.16093 0.923697
1305031253.589805 -0.183311 0.0834547 -0.0385879 0.193802 -0.291423 0.160372 0.922927
