1305031102.160407 0 0 0 0 0 0 1
1305031102.194330 -0.0027601 0.00524944 0.0114241 -0.00138181 -0.00270923 -0.00151573 0.999994
1305031102.226738 -0.00205711 0.00730574 0.0243325 -0.00608207 -0.00656923 -0.00304641 0.999955
1305031102.262886 -0.00394261 0.00853145 0.0362329 -0.0114352 -0.00886498 -0.00284716 0.999891
1305031102.295279 -0.0031768 0.00845108 0.0490756 -0.0163541 -0.0115346 -0.00190001 0.999798
1305031102.329195 -0.00508953 0.00914655 0.060528 -0.0194454 -0.0125953 -0.000235918 0.999732
1305031102.363013 -0.005679 0.00994388 0.0725173 -0.0215847 -0.0144199 0.000622785 0.999663
1305031102.394772 -0.00828353 0.0138055 0.0834978 -0.0226431 -0.01602 0.00025773 0.999615
1305031102.427815 -0.00909447 0.0187429 0.0953691 -0.0255037 -0.0191174 0.000503455 0.999492
1305031102.462395 -0.00803783 0.0206263 0.108185 -0.0315896 -0.0224401 9.12629e-05 0.999249
1305031102.494271 -0.00802131 0.0225603 0.120697 -0.0369588 -0.0227515 -0.000881776 0.999057
1305031102.526330 -0.00956586 0.0218882 0.133046 -0.0421022 -0.0210356 -0.00230501 0.998889
1305031102.562224 -0.0089741 0.0201473 0.14619 -0.0457928 -0.019743 -0.00358769 0.998749
1305031102.594158 -0.0118789 0.0175171 0.157596 -0.0460304 -0.0161998 -0.00359956 0.998802
1305031102.626818 -0.015344 0.0212346 0.168006 -0.0430932 -0.0134329 -0.00247079 0.998978
1305031102.663273 -0.0148743 0.0256572 0.180513 -0.0422336 -0.0147294 -0.00155507 0.998998
1305031102.695165 -0.0150861 0.0272604 0.193575 -0.0432648 -0.0156995 -0.000893684 0.99894
1305031102.728423 -0.0155481 0.0314572 0.205628 -0.0435814 -0.0159871 0.000416249 0.998922
1305031102.763549 -0.0135617 0.0346971 0.218791 -0.0447331 -0.015955 -0.000121523 0.998872
1305031102.794978 -0.014685 0.0379573 0.231283 -0.0457697 -0.0129847 -0.00148696 0.998867
1305031102.828537 -0.0147688 0.0401977 0.244598 -0.0471844 -0.00986858 -0.00266851 0.998834
1305031102.862808 -0.0174869 0.0424475 0.256471 -0.0474105 -0.00561555 -0.00439353 0.99885
1305031102.894167 -0.0182937 0.0451073 0.267806 -0.0470743 -0.00362873 -0.00599779 0.998867
1305031102.926851 -0.022754 0.0477492 0.278754 -0.0466554 -0.00145258 -0.00772153 0.99888
1305031102.962137 -0.0279221 0.0508624 0.289963 -0.0469559 -0.00351585 -0.0075951 0.998862
1305031102.994164 -0.0294222 0.0543319 0.30058 -0.0475168 -0.00969553 -0.00596525 0.998806
1305031103.027881 -0.0309961 0.0572119 0.311663 -0.0491389 -0.0150236 -0.00313815 0.998674
1305031103.062273 -0.0289956 0.0585003 0.322589 -0.0501451 -0.0199251 -0.000452077 0.998543
1305031103.094040 -0.0295512 0.0632984 0.331102 -0.0485964 -0.0204951 0.00116317 0.998608
1305031103.129109 -0.0292591 0.0670355 0.340967 -0.0487211 -0.0207969 0.00211917 0.998594
1305031103.162795 -0.0298166 0.0712013 0.348944 -0.0493196 -0.0197629 0.00302305 0.998583
1305031103.191061 -0.0300633 0.076658 0.357258 -0.0514021 -0.0193302 0.0036286 0.998484
1305031103.227845 -0.0300382 0.0808404 0.365271 -0.0568061 -0.0195038 0.00547267 0.99818
1305031103.262576 -0.0345759 0.0833426 0.371284 -0.0645668 -0.0189366 0.00887037 0.997694
1305031103.294208 -0.0338806 0.0793227 0.377855 -0.0746394 -0.0256748 0.0113029 0.996816
1305031103.327550 -0.0318288 0.079356 0.381364 -0.0782305 -0.0323515 0.0121637 0.996336
1305031103.362405 -0.0300303 0.0789313 0.382613 -0.0807841 -0.0337478 0.0129569 0.996076
1305031103.394162 -0.0301455 0.0757281 0.382656 -0.084211 -0.0325176 0.0145586 0.995811
1305031103.428437 -0.0315791 0.0718192 0.379777 -0.0860962 -0.0328321 0.015238 0.995629
1305031103.463886 -0.0321388 0.0686534 0.376123 -0.0863113 -0.035052 0.0140424 0.995552
1305031103.494472 -0.0315121 0.0632374 0.370998 -0.0860981 -0.0371783 0.0126865 0.995512
1305031103.531502 -0.0315998 0.0579399 0.363569 -0.0834801 -0.0383649 0.0106116 0.995714
1305031103.562651 -0.0331036 0.0539333 0.354589 -0.0795414 -0.0389064 0.00958627 0.996026
1305031103.595310 -0.0335965 0.048818 0.345027 -0.0769689 -0.0411831 0.0105624 0.996127
1305031103.631376 -0.0343918 0.043497 0.33452 -0.0750678 -0.0441045 0.0117398 0.996133
1305031103.663594 -0.0321544 0.0394473 0.323843 -0.0725182 -0.0479475 0.0128084 0.996132
1305031103.694695 -0.0299923 0.0355088 0.312319 -0.0699744 -0.0502113 0.0124401 0.996207
1305031103.731542 -0.0280966 0.0292339 0.300461 -0.0682852 -0.0509665 0.011674 0.996295
1305031103.762865 -0.0276745 0.0250496 0.286716 -0.0655136 -0.050329 0.0095534 0.996536
1305031103.794329 -0.0274711 0.0236672 0.27299 -0.0632985 -0.0495359 0.00610132 0.996746
1305031103.830367 -0.0268989 0.0235383 0.259683 -0.0640186 -0.0494482 0.0027241 0.996719
1305031103.862379 -0.0277114 0.0170243 0.247322 -0.0695308 -0.0506257 -0.000427036 0.996294
1305031103.894237 -0.0287095 0.00916898 0.234057 -0.0729619 -0.0532451 -0.00148279 0.995911
1305031103.930503 -0.0283931 0.00451915 0.219018 -0.0716287 -0.0559635 -0.00244393 0.995857
1305031103.962461 -0.0255096 -0.000501442 0.205212 -0.0700991 -0.0590078 -0.00348684 0.995787
1305031103.994365 -0.023759 -0.00560766 0.191443 -0.0671602 -0.0598056 -0.00455348 0.995938
1305031104.030279 -0.0207559 -0.00983363 0.17663 -0.0616097 -0.0583974 -0.00600053 0.996372
1305031104.062542 -0.0174378 -0.0115086 0.161501 -0.0557414 -0.0551569 -0.00862705 0.996883
1305031104.095305 -0.013514 -0.0157043 0.148636 -0.0527039 -0.051227 -0.0108015 0.997237
1305031104.131292 -0.0142263 -0.0210056 0.133673 -0.0490407 -0.0446205 -0.0125419 0.997721
1305031104.163440 -0.0135548 -0.0246726 0.119449 -0.0447847 -0.0404484 -0.0132205 0.99809
1305031104.194053 -0.0126513 -0.0293666 0.106125 -0.0411368 -0.0377784 -0.0137066 0.998345
1305031104.227247 -0.011433 -0.0319524 0.0933317 -0.0365068 -0.0356311 -0.0136778 0.998604
1305031104.263335 -0.0102038 -0.0344515 0.0802367 -0.0320551 -0.0333769 -0.0140823 0.998829
1305031104.294957 -0.00850469 -0.0356602 0.0682282 -0.0276645 -0.0308491 -0.0148732 0.99903
1305031104.331403 -0.00604919 -0.0374924 0.0563814 -0.024348 -0.0279603 -0.0151185 0.999198
1305031104.363345 -0.0041639 -0.0379893 0.0456549 -0.021719 -0.024192 -0.0155567 0.99935
1305031104.395019 -0.00645975 -0.0383133 0.0347687 -0.0197359 -0.0192375 -0.0154468 0.999501
1305031104.431435 -0.00778305 -0.0390202 0.0241384 -0.0187837 -0.0165266 -0.0146237 0.99958
1305031104.463413 -0.0110648 -0.0401641 0.0144056 -0.0187957 -0.0159586 -0.0139418 0.999599
1305031104.495673 -0.0128578 -0.0430673 0.00589929 -0.0190965 -0.0176041 -0.012499 0.999585
1305031104.531450 -0.0125389 -0.04461 -0.00379416 -0.0167546 -0.0197364 -0.0115755 0.999598
1305031104.563149 -0.00821244 -0.0490706 -0.0126738 -0.0140155 -0.0214406 -0.0103413 0.999618
1305031104.595033 -0.00462583 -0.0541297 -0.0218625 -0.00744392 -0.0193135 -0.00947819 0.999741
1305031104.631368 -0.00139315 -0.0554962 -0.032597 0.00368551 -0.0135749 -0.0088738 0.999862
1305031104.659863 0.0012712 -0.0578354 -0.043793 0.0149581 -0.00642169 -0.00852988 0.999831
1305031104.695185 0.00104683 -0.0588103 -0.0551876 0.0278871 0.00179334 -0.00691881 0.999586
1305031104.730936 0.00355825 -0.0591202 -0.0666363 0.0415319 0.00859172 -0.00493257 0.999088
1305031104.763178 0.00481328 -0.0576588 -0.0763308 0.0545947 0.0155496 -0.0033082 0.998382
1305031104.799499 0.0087989 -0.0562162 -0.083294 0.0661391 0.0212352 -0.000591898 0.997584
1305031104.830961 0.00746786 -0.0532579 -0.0910842 0.0759746 0.0285747 0.00182472 0.996699
1305031104.863256 0.00748615 -0.0492852 -0.0958971 0.0831769 0.0331624 0.00458072 0.995972
1305031104.899165 0.00972721 -0.0444627 -0.0980737 0.0875088 0.034304 0.00696452 0.995549
1305031104.931091 0.00996231 -0.0413681 -0.0982559 0.0894918 0.0352527 0.00856039 0.995327
1305031104.959750 0.0101619 -0.0381529 -0.096323 0.0896334 0.0349612 0.00915924 0.995319
1305031104.998342 0.0112015 -0.0330579 -0.0910149 0.0871099 0.0339898 0.0102909 0.995566
1305031105.030427 0.0109152 -0.0277428 -0.0833053 0.0828226 0.0333838 0.00960622 0.995959
1305031105.062445 0.0102048 -0.0266658 -0.0741649 0.0762494 0.0326647 0.00771578 0.996524
1305031105.097639 0.00712663 -0.0270561 -0.0643551 0.069729 0.0325451 0.00573813 0.997018
1305031105.130269 0.00364639 -0.0189609 -0.0520834 0.0654214 0.0310575 0.00407391 0.997366
1305031105.159979 0.00388247 -0.0110804 -0.038744 0.0565639 0.0271841 0.00184731 0.998027
1305031105.198212 0.000795208 -0.0139135 -0.0252213 0.0428607 0.0239626 -0.00132036 0.998793
1305031105.228250 -0.00559252 -0.0117462 -0.0110906 0.033501 0.020381 -0.00293275 0.999227
1305031105.262389 -0.0106939 -0.00782268 0.00328899 0.0246935 0.0152996 -0.00457403 0.999568
1305031105.298501 -0.0145134 -0.00833464 0.0160255 0.0141134 0.00930571 -0.00555748 0.999842
1305031105.328878 -0.0168392 -0.00999852 0.0300777 0.00456061 0.00296464 -0.00584062 0.999968
1305031105.362286 -0.0196668 -0.0107087 0.0438 -0.00134009 -0.00177707 -0.0055972 0.999982
1305031105.398191 -0.0219256 -0.00528951 0.0570625 -0.00475027 -0.00616121 -0.00561385 0.999954
1305031105.430336 -0.0231599 -0.00602211 0.0715239 -0.0115638 -0.0104433 -0.00670719 0.999856
1305031105.461421 -0.0260542 -0.00485316 0.0850387 -0.0162794 -0.0131773 -0.00679294 0.999758
1305031105.497931 -0.0259373 -0.00240433 0.0987848 -0.0200916 -0.0163448 -0.00681103 0.999641
1305031105.529583 -0.0261778 -0.00217502 0.113081 -0.0246731 -0.0176099 -0.00595183 0.999523
1305031105.562109 -0.0286915 -0.000367122 0.126623 -0.027767 -0.01771 -0.00543063 0.999443
1305031105.597193 -0.0285084 -0.000164822 0.141075 -0.0308379 -0.0188326 -0.00477491 0.999336
1305031105.627128 -0.0307321 0.00105093 0.154949 -0.0322445 -0.0184335 -0.00240014 0.999307
1305031105.659104 -0.0296229 0.00333537 0.16856 -0.0333196 -0.0194885 -0.000619472 0.999255
1305031105.698235 -0.0268234 0.00351185 0.184032 -0.0340527 -0.0191374 -0.000205881 0.999237
1305031105.730336 -0.0272932 0.00728297 0.197182 -0.0319887 -0.0149027 0.000105784 0.999377
1305031105.762384 -0.0230543 0.00849092 0.212193 -0.0319741 -0.0123996 -0.000275765 0.999412
1305031105.798056 -0.0229559 0.0100475 0.226282 -0.0314057 -0.00720995 0.000218436 0.999481
1305031105.830008 -0.0213046 0.0127972 0.240183 -0.0296905 -0.00326808 0.0010571 0.999553
1305031105.862238 -0.018913 0.0180594 0.253818 -0.0279359 0.000526572 0.00251003 0.999606
1305031105.898018 -0.0173293 0.0226357 0.267745 -0.0287875 0.00441916 0.00572308 0.999559
1305031105.929855 -0.0166805 0.0277964 0.280399 -0.0306858 0.00785281 0.00854353 0.999462
1305031105.966193 -0.0155229 0.0326937 0.293164 -0.0338314 0.00998541 0.0102947 0.999325
1305031105.998271 -0.0143207 0.0367438 0.305863 -0.038045 0.0118645 0.0120787 0.999133
1305031106.030147 -0.0145206 0.0405243 0.317972 -0.0423411 0.0142462 0.0134003 0.998912
1305031106.066060 -0.015508 0.044721 0.329633 -0.0463499 0.0158821 0.0149696 0.998687
1305031106.096295 -0.0170576 0.0509942 0.340854 -0.0498905 0.0165327 0.015736 0.998494
1305031106.130445 -0.0192472 0.0544518 0.3516 -0.0560161 0.0162457 0.0168474 0.998156
1305031106.166330 -0.0202335 0.0563905 0.362261 -0.0617043 0.0149423 0.0191127 0.9978
1305031106.195074 -0.0213455 0.0571039 0.371852 -0.0658531 0.013725 0.0202114 0.99753
1305031106.230058 -0.0228353 0.0595322 0.379868 -0.0670925 0.0127621 0.0222918 0.997416
1305031106.265976 -0.0240709 0.0639282 0.386769 -0.067294 0.0114234 0.0242992 0.997372
1305031106.298174 -0.0244065 0.0680284 0.392811 -0.0694412 0.00999951 0.0265118 0.997184
1305031106.330215 -0.0244732 0.0730235 0.397595 -0.0732526 0.00845983 0.0277412 0.996892
1305031106.366158 -0.0230405 0.0759201 0.400499 -0.0804421 0.00719155 0.0235498 0.996455
1305031106.398281 -0.0228501 0.0723038 0.402714 -0.0894871 0.0108339 0.0176387 0.995773
1305031106.430639 -0.025635 0.0685463 0.402511 -0.0935871 0.0166141 0.0127712 0.995391
1305031106.466046 -0.0273204 0.0653994 0.399614 -0.0946295 0.0180468 0.0103863 0.995295
1305031106.498096 -0.0282751 0.0604365 0.394755 -0.0950858 0.015816 0.00973312 0.995296
1305031106.528267 -0.0276709 0.0559137 0.387188 -0.0935908 0.0115017 0.0093332 0.995501
1305031106.564414 -0.0272629 0.0530921 0.377584 -0.0905112 0.00817646 0.00760034 0.995833
1305031106.597879 -0.028285 0.0505413 0.366973 -0.0890251 0.00582643 0.00523536 0.995999
1305031106.630776 -0.0279582 0.0447641 0.356239 -0.0902798 0.00255544 0.00287103 0.995909
1305031106.667282 -0.0317294 0.0421292 0.343443 -0.0885494 0.0013227 0.00144469 0.99607
1305031106.699110 -0.031251 0.0379376 0.331241 -0.0889226 -0.00415377 0.00079672 0.99603
1305031106.729550 -0.0334755 0.0337438 0.316793 -0.0891291 -0.00941791 0.00116025 0.995975
1305031106.767126 -0.0331801 0.0290364 0.302238 -0.0886455 -0.0154151 0.00185035 0.995942
1305031106.798309 -0.0328298 0.0276694 0.286727 -0.08743 -0.0202472 0.0014014 0.995964
1305031106.830652 -0.0321441 0.0211879 0.272668 -0.0889824 -0.0245484 0.00059002 0.99573
1305031106.866893 -0.0316634 0.0149102 0.256518 -0.0869461 -0.0276481 -0.00170482 0.995828
1305031106.897828 -0.0324577 0.0136565 0.238186 -0.0812852 -0.0277225 -0.00623505 0.996286
1305031106.930797 -0.0315828 0.00952183 0.222178 -0.079016 -0.0274441 -0.010731 0.996438
1305031106.967232 -0.0320813 0.00220906 0.205524 -0.0758914 -0.0254929 -0.014316 0.996687
1305031106.998876 -0.0339868 0.000989678 0.185505 -0.0686017 -0.0219116 -0.0179331 0.997242
1305031107.030348 -0.0327297 -0.0016166 0.169379 -0.0656588 -0.0204022 -0.0217088 0.997397
1305031107.066405 -0.0359641 -0.00823036 0.153476 -0.0639999 -0.0176317 -0.022559 0.997539
1305031107.098268 -0.0356356 -0.011038 0.136867 -0.0592459 -0.0178659 -0.0226504 0.997826
1305031107.130308 -0.0338517 -0.0109936 0.121007 -0.0553654 -0.0183484 -0.0230574 0.998031
1305031107.165964 -0.0321481 -0.015267 0.10783 -0.0537944 -0.0176422 -0.0242805 0.998101
1305031107.198208 -0.0315284 -0.0209633 0.0937319 -0.050007 -0.0154197 -0.0254603 0.998305
1305031107.235026 -0.0306839 -0.0233165 0.0794843 -0.043547 -0.0125698 -0.0260975 0.998631
1305031107.267071 -0.0273644 -0.0266691 0.0673378 -0.0382197 -0.010319 -0.026264 0.998871
1305031107.299273 -0.0259648 -0.0315691 0.0549231 -0.0322986 -0.00685959 -0.026859 0.999094
1305031107.334800 -0.0245762 -0.0357814 0.0426279 -0.0231232 -0.00320083 -0.0273214 0.999354
1305031107.367183 -0.0225165 -0.0344979 0.0306987 -0.0122598 0.00082511 -0.0276453 0.999542
1305031107.399345 -0.0187696 -0.0346419 0.0215515 -0.0045473 0.00477664 -0.0283061 0.999578
1305031107.434926 -0.0157733 -0.0331639 0.0142834 0.00194542 0.00884548 -0.0287245 0.999546
1305031107.467141 -0.0119176 -0.0331674 0.00973865 0.00594772 0.0125465 -0.028222 0.999505
1305031107.498426 -0.0103935 -0.0293898 0.00611797 0.00936662 0.0164187 -0.0278146 0.999434
1305031107.534830 -0.00557454 -0.0269955 0.00542988 0.00916121 0.0180377 -0.0268186 0.999436
1305031107.567015 -0.00297 -0.0299277 0.00571074 0.00717873 0.0201787 -0.0240527 0.999481
1305031107.598904 -0.00149805 -0.0264305 0.00553115 0.00842633 0.0220301 -0.0219166 0.999482
1305031107.634944 0.00138981 -0.0246325 0.006621 0.0066722 0.022682 -0.0208603 0.999503
1305031107.667179 0.0013645 -0.0223078 0.00890249 0.00516758 0.0238833 -0.0197703 0.999506
1305031107.699390 0.000416637 -0.0181848 0.0105315 0.00482744 0.024251 -0.0189225 0.999515
1305031107.735041 -0.00162808 -0.013899 0.0116724 0.00314492 0.0239593 -0.0181873 0.999543
1305031107.767895 -0.0012121 -0.0125378 0.0147925 0.000141836 0.0215777 -0.0189864 0.999587
1305031107.799544 -0.00110907 -0.0110455 0.0172752 -0.00216554 0.0197219 -0.0193301 0.999616
1305031107.835751 0.000178017 -0.00883504 0.0186644 -0.00419492 0.0186282 -0.0198823 0.99962
1305031107.863505 0.00247469 -0.0112515 0.0212575 -0.00668676 0.0188193 -0.0222435 0.999553
1305031107.899222 0.00494732 -0.0101392 0.0230079 -0.00588665 0.0213204 -0.0251829 0.999438
1305031107.933609 0.00924581 -0.0109121 0.0247437 -0.00467942 0.0243272 -0.0266269 0.999338
1305031107.964840 0.0146314 -0.011057 0.0268213 -0.0022518 0.0282506 -0.0264692 0.999248
1305031107.998469 0.0218936 -0.0105659 0.0292242 0.00124679 0.0326227 -0.0276932 0.999083
1305031108.034824 0.0348644 -0.00856629 0.030227 0.00470646 0.0370259 -0.0276013 0.998922
1305031108.067271 0.0437764 -0.00836964 0.03439 0.00649194 0.0455892 -0.0236485 0.998659
1305031108.099365 0.0539804 -0.00981878 0.0370346 0.00837314 0.0524031 -0.0214956 0.99836
1305031108.135281 0.0674063 -0.00609942 0.0405443 0.0120309 0.0555073 -0.020797 0.998169
1305031108.167357 0.0790994 -0.00249339 0.0423594 0.012722 0.0587211 -0.018719 0.998018
1305031108.199225 0.0921137 -0.00239859 0.0463505 0.00892192 0.0600375 -0.017777 0.997998
1305031108.235213 0.106228 -0.00630964 0.0497511 0.00549978 0.0618886 -0.0191331 0.997885
1305031108.267660 0.117248 -0.00348638 0.0524723 0.00634846 0.06611 -0.0195887 0.9976
1305031108.299547 0.126606 0.00135938 0.0551473 0.00534957 0.0682533 -0.0187262 0.997478
1305031108.335019 0.13632 0.00427186 0.0587334 0.00086457 0.0676956 -0.0173708 0.997554
1305031108.367285 0.147558 0.0065872 0.0624006 -0.00412955 0.0652368 -0.013217 0.997774
1305031108.399284 0.159587 0.00721791 0.0650312 -0.0092375 0.0614206 -0.00775636 0.998039
1305031108.435023 0.172311 0.0086764 0.0669059 -0.0135493 0.0588156 -0.00100478 0.998176
1305031108.467680 0.186385 0.00722456 0.0696349 -0.0176778 0.0571008 0.00523928 0.998198
1305031108.503548 0.200362 0.0040417 0.0713157 -0.0192934 0.0583092 0.0106179 0.998056
1305031108.534811 0.21402 0.00196177 0.0718775 -0.0170513 0.0636199 0.0113058 0.997764
1305031108.567154 0.22536 0.00700534 0.07143 -0.0115788 0.0695991 0.00990367 0.997459
1305031108.603547 0.242711 0.00965877 0.0745406 -0.0100263 0.0726247 0.00938728 0.997265
1305031108.634212 0.252259 0.0117773 0.0744046 -0.00956526 0.0790142 0.0102746 0.996775
1305031108.667189 0.265799 0.0142811 0.0757084 -0.0109451 0.0835721 0.0127971 0.996359
1305031108.703346 0.278177 0.0152794 0.0774285 -0.0139882 0.0898684 0.0172015 0.995707
1305031108.735052 0.287261 0.0148802 0.0778317 -0.0162743 0.0957144 0.0204599 0.995065
1305031108.767031 0.296444 0.0166091 0.0780134 -0.0168641 0.0993278 0.0217797 0.994673
1305031108.803370 0.301353 0.015421 0.0791033 -0.0185529 0.103148 0.0253173 0.994171
1305031108.835163 0.308044 0.0154312 0.0769599 -0.0182138 0.103331 0.0312639 0.993989
1305031108.867534 0.311246 0.0151291 0.0750028 -0.0165124 0.10108 0.0374509 0.994036
1305031108.903540 0.313443 0.012988 0.0734672 -0.0144382 0.0973924 0.0433202 0.994198
1305031108.935116 0.312091 0.0104735 0.0710338 -0.0111996 0.0944528 0.0462103 0.994393
1305031108.967245 0.308186 0.0118343 0.0670695 -0.00670492 0.0900512 0.0449521 0.9949
1305031109.003064 0.308148 0.0138296 0.06577 -0.00515764 0.0848715 0.0441332 0.995401
1305031109.034955 0.301388 0.012432 0.0636855 -0.00536929 0.0840315 0.042191 0.995555
1305031109.067091 0.292767 0.0164885 0.0616727 -0.00481726 0.0825871 0.0375165 0.995866
1305031109.103294 0.28524 0.0160974 0.0610766 -0.0082088 0.0808538 0.0336226 0.996125
1305031109.134968 0.27288 0.014654 0.0614484 -0.0103821 0.0800392 0.0313487 0.996245
1305031109.165848 0.258771 0.0174332 0.0598774 -0.0100481 0.0763999 0.0284553 0.99662
1305031109.203388 0.250232 0.0253063 0.0595856 -0.0109292 0.0702618 0.0288567 0.997051
1305031109.234324 0.236987 0.0265879 0.0613512 -0.0181696 0.067776 0.0329299 0.996991
1305031109.266325 0.221363 0.0203236 0.0612569 -0.02454 0.0659473 0.0375202 0.996815
1305031109.303457 0.202471 0.022618 0.062448 -0.0225367 0.0615788 0.0402732 0.997035
1305031109.334602 0.188652 0.0289996 0.0589425 -0.0211316 0.0518217 0.039543 0.997649
1305031109.364882 0.177309 0.0282492 0.059072 -0.0243739 0.0427465 0.0386075 0.998042
1305031109.403386 0.162064 0.0290807 0.0585014 -0.0253286 0.0365525 0.0362125 0.998354
1305031109.434469 0.149479 0.0338196 0.0580226 -0.026242 0.0303131 0.0307842 0.998722
1305031109.467362 0.136876 0.03141 0.0579885 -0.0306525 0.0271689 0.0266374 0.998806
1305031109.503193 0.122655 0.0289255 0.0570682 -0.0323174 0.0256446 0.0233779 0.998875
1305031109.535715 0.10762 0.0284907 0.0546596 -0.030794 0.0248578 0.0199142 0.999018
1305031109.567452 0.093792 0.0297745 0.0523576 -0.029367 0.024314 0.0187062 0.999098
1305031109.603601 0.0802785 0.0308207 0.0513126 -0.0291356 0.0234394 0.0173471 0.99915
1305031109.635323 0.0687687 0.0324573 0.0501751 -0.0294732 0.0218377 0.0158915 0.999201
1305031109.667570 0.0547857 0.0343747 0.048977 -0.0306755 0.0216047 0.0166344 0.999157
1305031109.703265 0.0418912 0.0379412 0.0492346 -0.0324145 0.0196131 0.0175371 0.999128
1305031109.735059 0.0284988 0.0393686 0.0487744 -0.0360624 0.0169144 0.016995 0.999062
1305031109.767470 0.0165906 0.0401725 0.051231 -0.0395243 0.0143987 0.0169514 0.998971
1305031109.803396 0.00300917 0.0416173 0.0525178 -0.0416453 0.0136978 0.0164979 0.998902
1305031109.834910 -0.0113756 0.0441671 0.054664 -0.0439983 0.0122872 0.0158207 0.998831
1305031109.871271 -0.0251284 0.0450756 0.0561383 -0.0474618 0.00973048 0.0150561 0.998712
1305031109.900535 -0.0380521 0.0440147 0.059376 -0.0502863 0.00488311 0.0117453 0.998654
1305031109.934960 -0.053773 0.0494647 0.0629127 -0.0500173 0.00206185 0.00756238 0.998718
1305031109.970213 -0.0687766 0.0516927 0.065839 -0.0529751 0.000236677 0.00246984 0.998593
1305031109.999657 -0.0849818 0.0532874 0.0701234 -0.0557193 -0.000747996 -0.00332673 0.998441
1305031110.031356 -0.099048 0.0542292 0.0726535 -0.0581574 -0.00165837 -0.0103745 0.998252
1305031110.068125 -0.112256 0.0553955 0.0764563 -0.0604555 -0.00190771 -0.0161398 0.998039
1305031110.101397 -0.125251 0.0554869 0.0790525 -0.0644487 -0.00287956 -0.0205389 0.997705
1305031110.132317 -0.139129 0.0519258 0.0827813 -0.0686361 -0.0050486 -0.0242348 0.997335
1305031110.168323 -0.152355 0.0555621 0.0844178 -0.0690135 -0.00787233 -0.0261098 0.997243
1305031110.203162 -0.162851 0.0563007 0.0870781 -0.0720003 -0.0112805 -0.0280897 0.996945
1305031110.234909 -0.174843 0.0531736 0.0887413 -0.0748789 -0.0145281 -0.0279108 0.996696
1305031110.271394 -0.186771 0.0530508 0.0906626 -0.0739868 -0.0177852 -0.0278749 0.996711
1305031110.303648 -0.198486 0.0538816 0.0905257 -0.0715572 -0.0205872 -0.0291001 0.996799
1305031110.331570 -0.210188 0.0550736 0.090851 -0.0699255 -0.024374 -0.0301818 0.996798
1305031110.371607 -0.22472 0.057929 0.0913464 -0.068213 -0.0283279 -0.0331229 0.996718
1305031110.403480 -0.235545 0.0612938 0.0906883 -0.0672994 -0.0344262 -0.0353133 0.996513
1305031110.435647 -0.24693 0.0647207 0.0907523 -0.0692482 -0.0403556 -0.0387698 0.996029
1305031110.470588 -0.260706 0.0638807 0.0930265 -0.0735308 -0.0459105 -0.0431507 0.995301
1305031110.502539 -0.273991 0.0645963 0.0929434 -0.0747496 -0.0523288 -0.04717 0.994711
1305031110.534532 -0.286508 0.0681462 0.0923299 -0.0753201 -0.0581882 -0.0513136 0.994137
1305031110.571676 -0.297183 0.0735894 0.0927955 -0.0776466 -0.0638905 -0.0562936 0.993338
1305031110.604289 -0.306549 0.0740739 0.0968536 -0.0821581 -0.0682749 -0.0605737 0.992431
1305031110.635485 -0.315621 0.0725537 0.0983935 -0.0833965 -0.0707301 -0.0639548 0.991944
1305031110.671775 -0.324966 0.0762071 0.0966637 -0.0819379 -0.0722287 -0.0670281 0.991754
1305031110.699957 -0.331144 0.0788606 0.0986598 -0.0836167 -0.0744957 -0.068778 0.991327
1305031110.735440 -0.337535 0.0774285 0.0996124 -0.0855824 -0.0759252 -0.0693723 0.991009
1305031110.769734 -0.342473 0.0781925 0.0991057 -0.0855629 -0.0770921 -0.0707521 0.990823
1305031110.799684 -0.345329 0.0787705 0.0988365 -0.0861017 -0.0780339 -0.0724407 0.99058
1305031110.835248 -0.347898 0.0787732 0.0985359 -0.0874622 -0.0792563 -0.0744404 0.990216
1305031110.871293 -0.348841 0.080242 0.0996538 -0.0875351 -0.0813444 -0.0754607 0.989963
1305031110.901900 -0.348223 0.0801977 0.0997632 -0.0881166 -0.0828227 -0.075794 0.989763
1305031110.938668 -0.345519 0.0813977 0.101002 -0.0880075 -0.0848513 -0.0767013 0.989531
1305031110.971316 -0.340418 0.0844852 0.102105 -0.0870812 -0.0853062 -0.0776376 0.989501
1305031111.003669 -0.33465 0.0873729 0.105551 -0.0869991 -0.0820937 -0.0779497 0.989755
1305031111.039669 -0.327104 0.0840549 0.104098 -0.0881584 -0.0769308 -0.0749068 0.990302
1305031111.071605 -0.319637 0.0848551 0.102447 -0.0887206 -0.0735591 -0.0728535 0.990661
1305031111.103658 -0.311668 0.0842042 0.103964 -0.090366 -0.0714463 -0.0697613 0.99089
1305031111.139211 -0.302789 0.0821655 0.104571 -0.0902068 -0.0691579 -0.067959 0.991192
1305031111.170937 -0.292528 0.0821945 0.105341 -0.0874294 -0.0664444 -0.068611 0.991581
1305031111.199395 -0.28104 0.080519 0.103227 -0.0857348 -0.0600142 -0.0659367 0.992321
1305031111.236670 -0.271743 0.0775845 0.102458 -0.0855428 -0.0549736 -0.064078 0.992751
1305031111.269939 -0.258857 0.072285 0.0998767 -0.0841141 -0.0540643 -0.0624943 0.993024
1305031111.302311 -0.248033 0.0739331 0.0969946 -0.0793771 -0.0498955 -0.059872 0.993793
1305031111.339460 -0.23656 0.0742857 0.097898 -0.0805947 -0.0512923 -0.0577695 0.993749
1305031111.370908 -0.219669 0.0667639 0.100721 -0.083063 -0.0558552 -0.054531 0.993482
1305031111.402911 -0.210779 0.0654271 0.0981348 -0.0798509 -0.0557001 -0.0526116 0.993858
1305031111.438948 -0.196411 0.0682424 0.101104 -0.0770485 -0.0608207 -0.0560383 0.993592
1305031111.470919 -0.17149 0.0614173 0.103163 -0.0771958 -0.0633597 -0.0582598 0.993294
1305031111.503531 -0.157367 0.0573228 0.100747 -0.0742185 -0.0536594 -0.05806 0.994103
1305031111.539482 -0.14459 0.0564749 0.100952 -0.0700735 -0.045851 -0.0573181 0.994838
1305031111.571320 -0.131823 0.0580904 0.0959833 -0.065012 -0.0366681 -0.053272 0.995787
1305031111.603391 -0.120168 0.0578258 0.0958842 -0.0641658 -0.0306905 -0.0462241 0.996396
1305031111.639405 -0.099413 0.0490795 0.0973898 -0.0653631 -0.0334887 -0.038264 0.996565
1305031111.671252 -0.0778279 0.0516863 0.0954137 -0.0591118 -0.0313226 -0.0310835 0.997276
1305031111.703791 -0.0623917 0.053688 0.0952771 -0.0561928 -0.0245032 -0.0289898 0.997698
1305031111.739504 -0.0415752 0.0489763 0.0951005 -0.0549515 -0.017131 -0.0267112 0.997985
1305031111.771228 -0.0277919 0.0514156 0.0942546 -0.049682 -0.000679345 -0.0220924 0.99852
1305031111.800077 -0.0115959 0.0490829 0.0943745 -0.0475089 0.0128576 -0.021411 0.998559
1305031111.839333 -0.000744765 0.0506277 0.0932038 -0.043265 0.0241174 -0.0204732 0.998563
1305031111.870985 0.0105635 0.0521401 0.0920715 -0.041599 0.0313074 -0.0179664 0.998482
1305031111.903356 0.0186801 0.0485713 0.0936672 -0.0425182 0.0340956 -0.0130103 0.998429
1305031111.939680 0.0342023 0.0474538 0.0932723 -0.0410882 0.0300072 -0.00527209 0.998691
1305031111.971494 0.0545209 0.050325 0.0937902 -0.0383274 0.0272278 0.00226038 0.998892
1305031112.003596 0.0687924 0.0491102 0.0930276 -0.036794 0.0327762 0.00469488 0.998774
1305031112.039412 0.0830814 0.0479027 0.0907112 -0.0337278 0.0405149 0.00290118 0.998605
1305031112.070731 0.0983002 0.0493538 0.0896284 -0.0301915 0.0496137 0.0017849 0.99831
1305031112.102495 0.108172 0.0471456 0.090108 -0.0284199 0.0598763 -0.00132005 0.9978
1305031112.139107 0.124532 0.0469346 0.085798 -0.0272541 0.0633175 -0.00745683 0.997593
1305031112.169345 0.138386 0.0459424 0.0874823 -0.028997 0.0725413 -0.0118201 0.996874
1305031112.207733 0.150238 0.0397536 0.0892419 -0.0318265 0.0835483 -0.0161451 0.995864
1305031112.235657 0.167983 0.0330248 0.0876423 -0.0295829 0.0912401 -0.0206134 0.995176
1305031112.269488 0.177247 0.0326242 0.085827 -0.0236996 0.0988006 -0.0237763 0.994541
1305031112.303591 0.190097 0.0282945 0.0863121 -0.0194193 0.10115 -0.0261813 0.994337
1305031112.335789 0.203039 0.027722 0.0857767 -0.0126442 0.100974 -0.0256229 0.994479
1305031112.371231 0.215036 0.02681 0.0854032 -0.0079663 0.099479 -0.0224833 0.994754
1305031112.407491 0.228829 0.0274478 0.084286 -0.00447303 0.0962069 -0.018019 0.995188
1305031112.439064 0.241102 0.0244442 0.0840128 -0.00302087 0.0942969 -0.012916 0.995456
1305031112.471066 0.250711 0.0249864 0.0828545 0.000410771 0.0931904 -0.00476799 0.995637
1305031112.506669 0.260513 0.0244102 0.0832656 0.00268645 0.0902012 0.00348629 0.995914
1305031112.538310 0.271045 0.0233628 0.0823551 0.00500847 0.0865137 0.00875632 0.9962
1305031112.567470 0.28028 0.0243685 0.0818785 0.00754129 0.0832039 0.0134483 0.996413
1305031112.606742 0.295627 0.0270055 0.0783306 0.0094124 0.0794686 0.0202946 0.996586
1305031112.639418 0.305238 0.0285796 0.0793527 0.00806904 0.0828469 0.026449 0.996179
1305031112.671325 0.309376 0.0293667 0.0806772 0.0063997 0.0892282 0.0305721 0.995521
1305031112.707325 0.31554 0.0315592 0.0802774 0.00541721 0.0931654 0.0330565 0.995087
1305031112.739546 0.319662 0.0399232 0.082268 0.00444194 0.0962185 0.0365623 0.994679
1305031112.771523 0.318243 0.0376803 0.0835044 -0.00356692 0.100808 0.0389327 0.994137
1305031112.807539 0.31191 0.0367744 0.0849324 -0.00727699 0.103873 0.0393282 0.993786
1305031112.839560 0.309116 0.0406844 0.0855644 -0.00806406 0.100393 0.037565 0.994206
1305031112.871083 0.307697 0.0424904 0.0872468 -0.0111655 0.096394 0.038391 0.99454
1305031112.907246 0.301344 0.0423368 0.0880622 -0.0142755 0.0942318 0.0408531 0.994609
1305031112.939323 0.293346 0.0414085 0.0889547 -0.0168026 0.0907919 0.0409791 0.994885
1305031112.971164 0.28837 0.0425232 0.0885188 -0.0174108 0.0851365 0.0391461 0.995448
1305031113.007166 0.282489 0.0446036 0.0869488 -0.0181039 0.0811394 0.0384638 0.995796
1305031113.039492 0.273637 0.0441664 0.0869467 -0.0218831 0.0799227 0.0372188 0.995866
1305031113.071210 0.26088 0.0382477 0.0873813 -0.0258597 0.0798623 0.0337749 0.995898
1305031113.107662 0.247908 0.039707 0.0846526 -0.0235672 0.0763431 0.0282293 0.996403
1305031113.139664 0.239182 0.0442206 0.0825544 -0.0230628 0.071988 0.0253034 0.996818
1305031113.171088 0.226315 0.0412858 0.0834802 -0.0269676 0.0713945 0.0259956 0.996745
1305031113.207181 0.207416 0.0391663 0.0818324 -0.0269595 0.0698036 0.0275969 0.996814
1305031113.239732 0.193763 0.0426314 0.079507 -0.0262953 0.0634322 0.0283835 0.997236
1305031113.271470 0.180108 0.0385047 0.080557 -0.0299209 0.0580012 0.0300518 0.997415
1305031113.307323 0.160763 0.0335991 0.0814164 -0.0285061 0.0536957 0.0330617 0.997603
1305031113.339396 0.144652 0.0399517 0.0784415 -0.0205535 0.0449913 0.0333725 0.998218
1305031113.371377 0.130964 0.0426752 0.0785059 -0.020491 0.0350816 0.0301043 0.998721
1305031113.407351 0.113379 0.0367545 0.0793152 -0.0234996 0.0287075 0.0300462 0.99886
1305031113.439787 0.0925276 0.0408511 0.081544 -0.0202768 0.0241345 0.0266303 0.999148
1305031113.475657 0.0760513 0.0432174 0.0822149 -0.021398 0.0175072 0.0202329 0.999413
1305031113.507987 0.0573186 0.0411528 0.0838575 -0.026101 0.0126651 0.017198 0.999431
1305031113.539417 0.0418714 0.0388832 0.0847792 -0.0291894 0.00710485 0.0148251 0.999439
1305031113.574964 0.024117 0.0400066 0.0860629 -0.0294704 0.00301839 0.0107505 0.999503
1305031113.607216 0.00957775 0.0409628 0.0869586 -0.0311958 -0.000391075 0.00563591 0.999497
1305031113.638418 -0.00431429 0.0416613 0.0882047 -0.0336033 -0.00114101 0.00178561 0.999433
1305031113.674244 -0.0198851 0.0418978 0.0887152 -0.0352274 0.000103097 -0.00139921 0.999378
1305031113.704256 -0.0340079 0.0418158 0.0898165 -0.0356689 0.000919146 -0.00584404 0.999346
1305031113.736263 -0.0474013 0.043035 0.0903844 -0.0347788 0.00300032 -0.0112132 0.999328
1305031113.774168 -0.0630398 0.0426689 0.0918966 -0.0342004 0.0065006 -0.0159881 0.999266
1305031113.805795 -0.0763732 0.0435678 0.0923409 -0.0330219 0.00798278 -0.0184707 0.999252
1305031113.838437 -0.0887583 0.0465532 0.0941718 -0.0322488 0.00944022 -0.0212855 0.999209
1305031113.874200 -0.105938 0.0428643 0.0960788 -0.0331744 0.011833 -0.0257694 0.999047
1305031113.906361 -0.119173 0.0448026 0.0975826 -0.0300211 0.0113192 -0.0270515 0.999119
1305031113.938561 -0.13139 0.0466837 0.0986033 -0.0269107 0.0120268 -0.0294525 0.999131
1305031113.974245 -0.14663 0.0474431 0.100155 -0.0238164 0.0149167 -0.0336368 0.999039
1305031114.007082 -0.163045 0.0487842 0.100754 -0.0205593 0.0170078 -0.0382998 0.99891
1305031114.038546 -0.181309 0.0488238 0.101443 -0.0188375 0.0166511 -0.0410882 0.998839
1305031114.074298 -0.197126 0.0486953 0.102696 -0.0171157 0.0124926 -0.041476 0.998915
1305031114.106402 -0.211317 0.052143 0.1047 -0.0139476 0.00730825 -0.0440164 0.998907
1305031114.138562 -0.223102 0.0541234 0.107281 -0.0129764 0.00162472 -0.0475959 0.998781
1305031114.174114 -0.234809 0.0521448 0.110018 -0.012145 -0.00157569 -0.0501234 0.998668
1305031114.206255 -0.248031 0.0587247 0.11117 -0.0080596 -0.00182592 -0.052928 0.998564
1305031114.238473 -0.263352 0.0608604 0.113286 -0.00911248 -0.00284549 -0.0561061 0.998379
1305031114.271075 -0.278565 0.0610131 0.115148 -0.0100493 -0.00692862 -0.0582749 0.998226
1305031114.306710 -0.290724 0.0624543 0.118958 -0.0106251 -0.0144394 -0.0579356 0.998159
1305031114.338919 -0.300828 0.0634331 0.12207 -0.0117898 -0.0210944 -0.0600182 0.997905
1305031114.374307 -0.311974 0.0642384 0.125015 -0.0119459 -0.0234283 -0.0647406 0.997556
1305031114.406591 -0.324421 0.0640465 0.126592 -0.0115444 -0.0243472 -0.0688163 0.997265
1305031114.438540 -0.33621 0.0644461 0.126806 -0.011511 -0.02733 -0.0705278 0.997069
1305031114.474489 -0.348316 0.0629928 0.128086 -0.0125875 -0.0329996 -0.0713386 0.996827
1305031114.506573 -0.358693 0.0652063 0.130345 -0.0125389 -0.0398319 -0.0734045 0.996428
1305031114.539953 -0.364294 0.0659001 0.13359 -0.0146799 -0.0455628 -0.0742193 0.996092
1305031114.575185 -0.369852 0.0646463 0.135462 -0.0168473 -0.0471113 -0.0718163 0.996162
1305031114.607560 -0.375671 0.0662254 0.135908 -0.0183916 -0.0476414 -0.0692603 0.996291
1305031114.644150 -0.381879 0.0662353 0.137079 -0.0224803 -0.0489966 -0.0672942 0.996276
1305031114.675655 -0.387318 0.0633653 0.138287 -0.0268107 -0.0537533 -0.0673132 0.995922
1305031114.706141 -0.389857 0.0612882 0.139932 -0.0286183 -0.0589047 -0.0669778 0.995603
1305031114.743276 -0.392827 0.0599803 0.140414 -0.0285209 -0.0618362 -0.069155 0.995279
1305031114.774847 -0.393282 0.0597054 0.139143 -0.0268737 -0.0638626 -0.0727399 0.994941
1305031114.807310 -0.392691 0.0632903 0.138852 -0.0252292 -0.063925 -0.074484 0.994851
1305031114.842137 -0.391598 0.0629128 0.138106 -0.0257465 -0.064318 -0.0763942 0.994668
1305031114.875056 -0.388694 0.0663144 0.137656 -0.0249927 -0.0650572 -0.0772699 0.994571
1305031114.907504 -0.385268 0.0691335 0.137084 -0.0253137 -0.0653456 -0.0771559 0.994553
1305031114.943264 -0.378925 0.0738273 0.138078 -0.0260514 -0.0659166 -0.0786943 0.994376
1305031114.975411 -0.371995 0.0754389 0.138106 -0.0282178 -0.0642071 -0.0792312 0.994386
1305031115.007179 -0.363697 0.0800225 0.138552 -0.0305073 -0.0632891 -0.0802056 0.994299
1305031115.043530 -0.353842 0.0809596 0.142287 -0.0341545 -0.0620744 -0.0804792 0.994235
1305031115.071577 -0.342431 0.0818932 0.142654 -0.0359789 -0.0599005 -0.0811676 0.994248
1305031115.107074 -0.329076 0.0848945 0.147338 -0.0375019 -0.0572902 -0.080414 0.994407
1305031115.143294 -0.316179 0.0830914 0.149061 -0.039918 -0.0499869 -0.0782337 0.994881
1305031115.172642 -0.305019 0.0822456 0.148442 -0.0413261 -0.0449698 -0.0762554 0.995216
1305031115.206453 -0.28709 0.0767476 0.151377 -0.0438667 -0.045634 -0.0731854 0.995308
1305031115.240975 -0.273379 0.0754112 0.155071 -0.0404006 -0.0408897 -0.0703536 0.995865
1305031115.273468 -0.258062 0.0786531 0.155562 -0.0364121 -0.0383516 -0.066567 0.99638
1305031115.305534 -0.232096 0.0713999 0.160604 -0.0387877 -0.0392967 -0.0598686 0.996678
1305031115.343426 -0.215448 0.0712648 0.159609 -0.0352871 -0.0310396 -0.0546851 0.997397
1305031115.375054 -0.206842 0.0783339 0.159235 -0.0344276 -0.0242897 -0.0509825 0.99781
1305031115.406164 -0.189898 0.0764275 0.163429 -0.0414158 -0.0299664 -0.0466155 0.997604
1305031115.443040 -0.170131 0.0756308 0.165955 -0.0454376 -0.0347973 -0.0416355 0.997492
1305031115.474863 -0.153148 0.0769797 0.16796 -0.0484105 -0.0348801 -0.0353705 0.997591
1305031115.507440 -0.127082 0.0731992 0.171757 -0.0526716 -0.0377968 -0.0316108 0.997396
1305031115.543620 -0.103742 0.0714229 0.172816 -0.0531172 -0.0298063 -0.025875 0.997808
1305031115.575290 -0.0880072 0.0696985 0.170721 -0.0527483 -0.0167522 -0.0194136 0.998279
1305031115.607428 -0.0702027 0.0662574 0.167962 -0.0530411 -0.00999993 -0.0137313 0.998448
1305031115.643254 -0.0508869 0.0646647 0.167047 -0.0517977 -0.00470514 -0.00694591 0.998622
1305031115.675106 -0.0375157 0.062712 0.164871 -0.0505752 0.00034379 0.00277362 0.998716
1305031115.706301 -0.0172543 0.0648014 0.163561 -0.0485977 -0.00135797 0.0122291 0.998743
1305031115.742905 0.0075669 0.0651635 0.164024 -0.0478309 0.000162694 0.0191907 0.998671
1305031115.774329 0.0241038 0.0639623 0.160017 -0.0464282 0.00933476 0.0254321 0.998554
1305031115.806425 0.0427486 0.0659317 0.158286 -0.0447469 0.0167565 0.0322544 0.998337
1305031115.841936 0.0596608 0.0667398 0.157515 -0.0454298 0.0254848 0.0383891 0.997904
1305031115.875347 0.0708418 0.0638766 0.156579 -0.0461162 0.0343161 0.0459235 0.99729
1305031115.910716 0.086253 0.0677153 0.15621 -0.0423454 0.0373639 0.0521371 0.997042
1305031115.942015 0.105462 0.0676732 0.155373 -0.0425057 0.0408296 0.058198 0.996564
1305031115.973799 0.117067 0.0722692 0.156123 -0.0417718 0.0475051 0.0634901 0.995976
1305031116.010843 0.135276 0.0733121 0.157328 -0.0439049 0.0533347 0.0680595 0.995287
1305031116.042618 0.146595 0.0769077 0.158753 -0.0450997 0.0656134 0.0696641 0.994388
1305031116.071527 0.160527 0.0810902 0.16069 -0.0479653 0.0752457 0.072784 0.993348
1305031116.108247 0.171679 0.0844008 0.162216 -0.0527646 0.085375 0.0764271 0.992011
1305031116.143447 0.180408 0.0847307 0.165228 -0.0572637 0.0958687 0.0804961 0.99048
1305031116.174891 0.192467 0.0847509 0.167586 -0.0603316 0.100864 0.0832073 0.989577
1305031116.211320 0.204216 0.0886597 0.168001 -0.0619493 0.105443 0.0864983 0.988717
1305031116.242720 0.219791 0.0824007 0.168548 -0.0683078 0.108815 0.0898682 0.987632
1305031116.274421 0.228851 0.0893111 0.167052 -0.0649811 0.117287 0.0931622 0.986581
1305031116.310686 0.237605 0.0895877 0.167385 -0.0670477 0.125998 0.0966907 0.985028
1305031116.342459 0.248774 0.0835967 0.166472 -0.07141 0.130698 0.0998449 0.983793
1305031116.374490 0.255741 0.0782886 0.162855 -0.0700495 0.133914 0.101256 0.983315
1305031116.409631 0.2563 0.08583 0.162094 -0.0619364 0.137386 0.103394 0.983158
1305031116.442496 0.260999 0.0879693 0.158561 -0.06167 0.137319 0.110621 0.982397
1305031116.473394 0.260296 0.0808263 0.158649 -0.0662607 0.139878 0.116424 0.981065
1305031116.510576 0.258915 0.0805863 0.155494 -0.064561 0.139596 0.115411 0.981338
1305031116.542695 0.252012 0.0802023 0.153773 -0.0625569 0.140633 0.110834 0.981848
1305031116.574389 0.243175 0.0844563 0.152582 -0.0599643 0.140128 0.107309 0.982473
1305031116.610891 0.231318 0.0783103 0.153116 -0.0629265 0.137255 0.102487 0.983208
1305031116.642664 0.21997 0.07781 0.149813 -0.061593 0.129645 0.0947797 0.985097
1305031116.674523 0.204529 0.077412 0.150919 -0.0614609 0.124501 0.0855326 0.986613
1305031116.710942 0.190671 0.077107 0.150313 -0.061551 0.120004 0.0762553 0.987925
1305031116.740575 0.174633 0.0802094 0.14903 -0.0613809 0.116511 0.0660029 0.989091
1305031116.775059 0.15689 0.0792676 0.148352 -0.0643023 0.113716 0.0552086 0.989892
1305031116.811343 0.141909 0.0787414 0.147192 -0.0652781 0.110208 0.0470098 0.990648
1305031116.840370 0.123884 0.079761 0.147831 -0.063777 0.103661 0.0397159 0.991771
1305031116.871726 0.105082 0.0835556 0.147283 -0.0627312 0.0946032 0.0328097 0.992995
1305031116.907955 0.0833915 0.0836895 0.146673 -0.0631418 0.0860518 0.0270021 0.993921
1305031116.940626 0.0664472 0.0877627 0.145741 -0.062281 0.0733319 0.0209803 0.99514
1305031116.974656 0.0477224 0.0877606 0.145977 -0.0631999 0.0624602 0.0113485 0.99598
1305031117.008812 0.0271926 0.0883713 0.144182 -0.0623222 0.0520597 0.0024153 0.996694
1305031117.042065 0.0111752 0.0948468 0.144954 -0.0601977 0.0416208 -0.00468637 0.997307
1305031117.071181 -0.00706263 0.0988219 0.143553 -0.0610991 0.033705 -0.0102519 0.99751
1305031117.110454 -0.0237672 0.0983895 0.141923 -0.0642603 0.0244794 -0.0132533 0.997545
1305031117.142383 -0.0320629 0.103704 0.143507 -0.0651869 0.0132152 -0.0126819 0.997705
1305031117.175059 -0.0411221 0.106806 0.145019 -0.0676691 0.00367653 -0.0161428 0.99757
1305031117.207753 -0.0477794 0.109617 0.148276 -0.0694222 -0.00395663 -0.0199342 0.99738
1305031117.241340 -0.0517295 0.114893 0.14937 -0.0706939 -0.00781655 -0.0223475 0.997217
1305031117.276516 -0.0540295 0.114438 0.150766 -0.0755455 -0.00804949 -0.0261268 0.996768
1305031117.310121 -0.0585571 0.111568 0.152271 -0.0804272 -0.00555879 -0.0285305 0.996337
1305031117.341044 -0.0619508 0.107918 0.153216 -0.0834599 -0.00459367 -0.0296054 0.996061
1305031117.375067 -0.0639419 0.103427 0.153273 -0.0843182 -0.00435848 -0.0298046 0.995983
1305031117.408538 -0.0662117 0.0975343 0.1529 -0.0842087 -0.00496457 -0.0290543 0.996012
1305031117.442208 -0.0669628 0.0940719 0.152545 -0.0816877 -0.00659149 -0.0277813 0.996249
1305031117.475651 -0.0666393 0.0882831 0.152238 -0.0802082 -0.00805002 -0.0264037 0.996396
1305031117.508882 -0.0677896 0.0795506 0.151495 -0.0787757 -0.00899788 -0.0245448 0.99655
1305031117.539736 -0.0690547 0.0741419 0.151383 -0.0743059 -0.00967025 -0.0238231 0.996904
1305031117.577860 -0.0697469 0.0680346 0.152267 -0.0711338 -0.0111142 -0.0246787 0.9971
1305031117.607777 -0.0715598 0.0620491 0.153473 -0.0694799 -0.0125825 -0.0249026 0.997193
1305031117.643284 -0.0721014 0.0535017 0.156114 -0.0686551 -0.0144999 -0.023512 0.997258
1305031117.675483 -0.073135 0.0473019 0.15797 -0.0676115 -0.0169624 -0.0230947 0.9973
1305031117.711215 -0.0733328 0.0379528 0.161243 -0.0688596 -0.0195064 -0.0208884 0.997217
1305031117.742995 -0.0735359 0.0279572 0.16548 -0.0693566 -0.0217673 -0.0179878 0.997192
1305031117.778969 -0.0731686 0.020368 0.168542 -0.0688113 -0.02446 -0.0152831 0.997213
1305031117.811060 -0.0708035 0.00852217 0.173064 -0.070789 -0.0276121 -0.0129366 0.997025
1305031117.843307 -0.0693147 -0.00263446 0.177152 -0.0700563 -0.0282396 -0.0112254 0.99708
1305031117.879467 -0.0681255 -0.0111768 0.180768 -0.0681385 -0.0264804 -0.0114544 0.997259
1305031117.908762 -0.0699956 -0.0223165 0.185293 -0.0681478 -0.02392 -0.012021 0.997316
1305031117.943272 -0.0703459 -0.0311969 0.189088 -0.0670451 -0.0221157 -0.0120072 0.997433
1305031117.979263 -0.0718136 -0.0391185 0.193786 -0.067739 -0.0200554 -0.0126054 0.997422
1305031118.011013 -0.0728375 -0.0516191 0.19981 -0.0707051 -0.019358 -0.0129199 0.997226
1305031118.043549 -0.0732611 -0.0616828 0.20466 -0.0703886 -0.018097 -0.0125545 0.997276
1305031118.079369 -0.0707154 -0.0713406 0.209648 -0.0704101 -0.0178656 -0.0131272 0.997272
1305031118.110863 -0.0696273 -0.0824226 0.215008 -0.0705771 -0.0145595 -0.0145627 0.997294
1305031118.142285 -0.0714825 -0.0927263 0.219067 -0.0697312 -0.00964891 -0.0168232 0.997377
1305031118.178170 -0.0714546 -0.104566 0.223966 -0.0700135 -0.0067425 -0.0186107 0.99735
1305031118.210782 -0.075812 -0.115294 0.227495 -0.0678562 -0.00278682 -0.0188837 0.997512
1305031118.242948 -0.0772419 -0.124687 0.230659 -0.0647372 -0.00287853 -0.0181879 0.997732
1305031118.278991 -0.0761643 -0.136434 0.234335 -0.0621871 -0.00388931 -0.0190691 0.997875
1305031118.310731 -0.0763335 -0.145609 0.237662 -0.0567126 -0.00413543 -0.0192657 0.998196
1305031118.342079 -0.0750381 -0.151929 0.240751 -0.0512171 -0.00409551 -0.0204934 0.998469
1305031118.377003 -0.0766142 -0.160023 0.243552 -0.0476162 -0.00201258 -0.0221712 0.998618
1305031118.408818 -0.0770168 -0.164182 0.245761 -0.044056 -0.00325461 -0.022604 0.998768
1305031118.445703 -0.0752601 -0.165954 0.248842 -0.0422319 -0.00462074 -0.0212848 0.99887
1305031118.477869 -0.0737526 -0.169884 0.250906 -0.042496 -0.00526492 -0.0183849 0.998914
1305031118.510201 -0.0722269 -0.169554 0.252533 -0.0404692 -0.00610294 -0.0169051 0.999019
1305031118.545199 -0.0697667 -0.165504 0.252727 -0.040103 -0.00624443 -0.0174809 0.999023
1305031118.576377 -0.0678749 -0.163532 0.254268 -0.0421843 -0.00586933 -0.0181952 0.998927
1305031118.610869 -0.0667385 -0.159132 0.253634 -0.042857 -0.00404702 -0.019637 0.99888
1305031118.645331 -0.0677034 -0.151556 0.252144 -0.0430477 -0.00164505 -0.0228277 0.998811
1305031118.675082 -0.0670313 -0.145265 0.250446 -0.0459176 -0.000702735 -0.0244516 0.998646
1305031118.710140 -0.0676757 -0.139731 0.24892 -0.0477485 -0.000414487 -0.0265589 0.998506
1305031118.746801 -0.0705555 -0.132354 0.244931 -0.0465905 -0.00155262 -0.0267019 0.998556
1305031118.778790 -0.0697625 -0.113912 0.239967 -0.0444393 -0.00551872 -0.0274211 0.99862
1305031118.810703 -0.0667595 -0.110211 0.238319 -0.0506755 -0.00880834 -0.0279659 0.998285
1305031118.846774 -0.0667632 -0.102229 0.233782 -0.0488605 -0.00840867 -0.0271868 0.9984
1305031118.875402 -0.0640289 -0.0830816 0.22519 -0.0439138 -0.00751797 -0.0287251 0.998594
1305031118.909608 -0.0629508 -0.0753506 0.221144 -0.0473086 -0.00666627 -0.031699 0.998355
1305031118.947009 -0.063254 -0.0631206 0.214398 -0.0464993 -0.00506149 -0.0330993 0.998357
1305031118.979394 -0.064846 -0.0479335 0.206834 -0.0458222 -0.00356073 -0.0365716 0.998274
1305031119.009712 -0.0658006 -0.0353078 0.201745 -0.0483726 -0.00346729 -0.0394417 0.998044
1305031119.047180 -0.0681556 -0.0258766 0.196073 -0.0512275 -0.00310955 -0.0397169 0.997892
1305031119.078966 -0.0721514 -0.0139118 0.189679 -0.0513534 -0.00361621 -0.0398206 0.99788
1305031119.110884 -0.0740981 -0.00234919 0.183582 -0.0510642 -0.00629 -0.0394804 0.997895
1305031119.147629 -0.076293 0.00989757 0.177013 -0.0504945 -0.00905855 -0.0382004 0.997952
1305031119.179262 -0.0749924 0.0173931 0.172169 -0.0517801 -0.0137133 -0.0373773 0.997865
1305031119.210906 -0.0765112 0.0286801 0.165671 -0.0490711 -0.015135 -0.0363799 0.998018
1305031119.247660 -0.076637 0.0418393 0.160536 -0.0467055 -0.0165088 -0.0357482 0.998132
1305031119.279244 -0.076322 0.0525963 0.155572 -0.0460311 -0.0177415 -0.0356969 0.998144
1305031119.310755 -0.0777226 0.062659 0.151092 -0.0458742 -0.0176373 -0.0340071 0.998212
1305031119.347750 -0.0782731 0.0709537 0.147072 -0.0455986 -0.0189665 -0.0310436 0.998297
1305031119.378631 -0.0789356 0.0847617 0.142412 -0.0430474 -0.0209119 -0.030455 0.99839
1305031119.411492 -0.0759843 0.0951001 0.139026 -0.0434819 -0.0225517 -0.0301035 0.998346
1305031119.447726 -0.0769247 0.105615 0.135484 -0.0435405 -0.019823 -0.030266 0.998396
1305031119.477682 -0.0784722 0.116766 0.131683 -0.0420931 -0.0172052 -0.030823 0.99849
1305031119.511258 -0.0788886 0.128668 0.127897 -0.0420299 -0.015915 -0.0309634 0.99851
1305031119.547414 -0.0791829 0.140173 0.124811 -0.042939 -0.015744 -0.0295602 0.998516
1305031119.579569 -0.0791395 0.155034 0.121217 -0.0430737 -0.0147471 -0.0297992 0.998518
1305031119.615024 -0.0793993 0.16392 0.119482 -0.0470934 -0.0128454 -0.0289413 0.998389
1305031119.648889 -0.0806108 0.178979 0.117015 -0.0478791 -0.011573 -0.0282102 0.998388
1305031119.675566 -0.0787194 0.191854 0.115762 -0.0510172 -0.0106471 -0.0294554 0.998207
1305031119.715249 -0.0807567 0.20137 0.114455 -0.0564883 -0.00560837 -0.0286398 0.997977
1305031119.744886 -0.0830396 0.210182 0.113927 -0.0606529 -0.00256469 -0.0228483 0.997894
1305031119.778628 -0.0838571 0.221114 0.11243 -0.0627923 -0.00345662 -0.0201681 0.997817
1305031119.814571 -0.0843244 0.231379 0.110849 -0.0644144 -0.00430527 -0.0171368 0.997767
1305031119.847445 -0.0831151 0.241749 0.109779 -0.066207 -0.00421468 -0.0127331 0.997716
1305031119.879232 -0.084312 0.24791 0.107902 -0.0678975 -0.00195318 -0.0117441 0.997621
1305031119.911424 -0.0849639 0.25848 0.104825 -0.0667492 8.38512e-05 -0.0112704 0.997706
1305031119.947462 -0.0854295 0.267862 0.103277 -0.069789 0.00185326 -0.0113034 0.997496
1305031119.979546 -0.0853623 0.27367 0.102001 -0.0727129 0.00473619 -0.0118075 0.997272
1305031120.015283 -0.0868467 0.283733 0.0995666 -0.0747206 0.00849273 -0.0108822 0.997109
1305031120.047310 -0.0877043 0.287095 0.099806 -0.0818965 0.0100538 -0.00897435 0.99655
1305031120.075690 -0.0891217 0.287046 0.0998078 -0.0853787 0.00883538 -0.00701983 0.996285
1305031120.115249 -0.0909527 0.292297 0.0989046 -0.085061 0.00720014 -0.00466115 0.996339
1305031120.148175 -0.0910711 0.292608 0.0988585 -0.0864834 0.00622915 -0.00372883 0.996227
1305031120.179261 -0.0912179 0.28842 0.099123 -0.0866109 0.0067325 -0.00122011 0.996219
1305031120.215260 -0.0909146 0.27845 0.0996832 -0.0859782 0.00684905 -0.000879664 0.996273
1305031120.248018 -0.0909216 0.277305 0.0999293 -0.080201 0.00685366 -0.00314635 0.99675
1305031120.279441 -0.0904637 0.269378 0.100873 -0.0782195 0.00737009 -0.00485969 0.996897
1305031120.315213 -0.0899677 0.260014 0.102986 -0.0766336 0.00769223 -0.00671386 0.997007
1305031120.347797 -0.0899924 0.251856 0.104911 -0.0733587 0.00822808 -0.0085674 0.997235
1305031120.379446 -0.0893124 0.240884 0.108355 -0.0724655 0.0079795 -0.00899139 0.997298
1305031120.415490 -0.0887865 0.223457 0.113208 -0.0705106 0.00737478 -0.00863259 0.997446
1305031120.447433 -0.0874839 0.217123 0.115888 -0.0622361 0.0062637 -0.0088717 0.998002
1305031120.475582 -0.0866579 0.204776 0.121015 -0.0597979 0.00517147 -0.00854175 0.998161
1305031120.514877 -0.087869 0.191775 0.125656 -0.0551982 0.00428096 -0.00649682 0.998445
1305031120.547807 -0.0869254 0.181656 0.130023 -0.0487194 0.00101697 -0.0047006 0.998801
1305031120.579559 -0.0865134 0.174236 0.134344 -0.0437403 -0.00302062 -0.00214691 0.999036
1305031120.615271 -0.0854364 0.163042 0.138794 -0.0414917 -0.00770659 0.000509691 0.999109
1305031120.646607 -0.0836703 0.153887 0.143236 -0.036879 -0.0113053 0.000732503 0.999256
1305031120.678467 -0.0817138 0.146397 0.147342 -0.0332867 -0.0137114 0.00103356 0.999351
1305031120.714553 -0.0810806 0.136913 0.151689 -0.0314855 -0.0146447 0.00174012 0.999395
1305031120.747396 -0.0802305 0.126303 0.155867 -0.0308693 -0.016833 0.00207514 0.99938
1305031120.779908 -0.0788435 0.115001 0.160601 -0.0297101 -0.0195093 0.00216573 0.999366
1305031120.814905 -0.0784759 0.10662 0.162653 -0.0269003 -0.0200953 0.00160219 0.999435
1305031120.847942 -0.076674 0.0975782 0.166719 -0.0271664 -0.0217053 0.000100692 0.999395
1305031120.883454 -0.075971 0.0851118 0.170259 -0.0268118 -0.0215211 -0.00145117 0.999408
1305031120.915454 -0.0756152 0.0787475 0.17268 -0.0241814 -0.0204567 -0.00389333 0.999491
1305031120.947509 -0.0744248 0.0684478 0.175225 -0.0247936 -0.0203748 -0.00580361 0.999468
1305031120.983390 -0.075009 0.0580282 0.178044 -0.0249932 -0.0201292 -0.0077379 0.999455
1305031121.015029 -0.0757573 0.046938 0.180503 -0.024518 -0.0204677 -0.00912613 0.999448
1305031121.047755 -0.0754727 0.0395724 0.182361 -0.0232405 -0.0206654 -0.0102149 0.999464
1305031121.083117 -0.0771788 0.0271209 0.185274 -0.0238005 -0.02094 -0.0112806 0.999434
1305031121.114878 -0.076069 0.0179333 0.18661 -0.0215525 -0.0229123 -0.0108913 0.999446
1305031121.147355 -0.0776649 0.00887143 0.188246 -0.0198357 -0.023339 -0.0116326 0.999463
1305031121.183281 -0.0783985 -0.00142186 0.190299 -0.0186761 -0.0242105 -0.0118105 0.999463
1305031121.211431 -0.0766178 -0.0122497 0.192713 -0.016984 -0.0249746 -0.0120706 0.999471
1305031121.247201 -0.0785809 -0.0193127 0.194618 -0.0140731 -0.0232704 -0.0135652 0.999538
1305031121.282822 -0.0784784 -0.0305911 0.19788 -0.0149328 -0.0242597 -0.0119939 0.999522
1305031121.313588 -0.0783343 -0.0421162 0.200427 -0.0133925 -0.0245895 -0.0113039 0.999544
1305031121.347540 -0.0799966 -0.0508548 0.202655 -0.011323 -0.0249129 -0.00986635 0.999577
1305031121.383248 -0.0784808 -0.0627187 0.206605 -0.0106873 -0.026754 -0.0090082 0.999544
1305031121.414328 -0.0801215 -0.0727777 0.2085 -0.00695846 -0.0254404 -0.010475 0.999597
1305031121.447024 -0.0799485 -0.0801929 0.211414 -0.00477635 -0.0253659 -0.0102977 0.999614
1305031121.483015 -0.0776044 -0.092777 0.215351 -0.00462401 -0.0245228 -0.0091299 0.999647
1305031121.514164 -0.0796486 -0.100587 0.214903 -0.00129719 -0.0220877 -0.00847132 0.999719
1305031121.546810 -0.0798257 -0.106961 0.217447 -0.00139528 -0.022082 -0.00814471 0.999722
1305031121.583213 -0.0794663 -0.117528 0.221115 -0.00361441 -0.0211318 -0.00889307 0.999731
1305031121.614719 -0.0794595 -0.126872 0.22354 -0.00338121 -0.019384 -0.00954706 0.999761
1305031121.646966 -0.0781734 -0.133952 0.225454 -0.00272409 -0.0162384 -0.0119843 0.999793
1305031121.683211 -0.08032 -0.140909 0.227512 -0.00420793 -0.011852 -0.0145848 0.999815
1305031121.714528 -0.0831329 -0.15088 0.229193 -0.00623305 -0.00954609 -0.0130132 0.99985
1305031121.746484 -0.0826668 -0.155801 0.231687 -0.00730359 -0.00983053 -0.0131974 0.999838
1305031121.782871 -0.0818902 -0.163675 0.234569 -0.00977587 -0.00973652 -0.0112689 0.999841
1305031121.811545 -0.0797058 -0.167853 0.238051 -0.0108132 -0.00948951 -0.0091611 0.999855
1305031121.846870 -0.0788194 -0.171541 0.239721 -0.0125693 -0.00802453 -0.00696418 0.999865
1305031121.882123 -0.0779904 -0.17461 0.241878 -0.014888 -0.00794859 -0.00114969 0.999857
1305031121.914943 -0.0788834 -0.176236 0.242383 -0.0168611 -0.00882071 0.00235057 0.999816
1305031121.947318 -0.0781477 -0.176097 0.243852 -0.0171815 -0.011237 0.00265796 0.999786
1305031121.982935 -0.0765487 -0.17152 0.24327 -0.0160835 -0.0117539 0.00160798 0.9998
1305031122.014424 -0.0774061 -0.168887 0.242287 -0.0169572 -0.0110508 0.000305406 0.999795
1305031122.046908 -0.0769963 -0.164095 0.240481 -0.0162192 -0.0120974 -0.00292774 0.999791
1305031122.082969 -0.0762624 -0.157479 0.238142 -0.0152913 -0.0128031 -0.00697877 0.999777
1305031122.114688 -0.0774315 -0.147423 0.234455 -0.0134329 -0.0124308 -0.0108928 0.999773
1305031122.150748 -0.0762909 -0.137731 0.23195 -0.0134895 -0.0130318 -0.015887 0.999698
1305031122.183052 -0.0757843 -0.126873 0.228552 -0.0119794 -0.0123826 -0.020781 0.999636
1305031122.214969 -0.0776813 -0.108082 0.223103 -0.0110991 -0.0104481 -0.026598 0.99953
1305031122.251355 -0.0778348 -0.0986799 0.220993 -0.0168696 -0.00943448 -0.0295859 0.999375
1305031122.283866 -0.0796842 -0.0862074 0.216353 -0.017738 -0.00925243 -0.0312578 0.999311
1305031122.314309 -0.0814217 -0.0673123 0.211483 -0.0200519 -0.0107482 -0.035832 0.999099
1305031122.351351 -0.0814843 -0.0587479 0.208051 -0.0277872 -0.0130537 -0.0381936 0.998799
1305031122.382678 -0.0846811 -0.0460353 0.202626 -0.0319842 -0.0140406 -0.0388386 0.998635
1305031122.415008 -0.0850355 -0.0380611 0.199552 -0.0369582 -0.0179081 -0.038557 0.998412
1305031122.451272 -0.0880351 -0.0264417 0.193349 -0.0386905 -0.021326 -0.037206 0.998331
1305031122.483388 -0.0900074 -0.0138558 0.187846 -0.0406479 -0.0253645 -0.0369697 0.998167
1305031122.515135 -0.0908561 -0.00184451 0.183078 -0.0415808 -0.0289931 -0.0382855 0.99798
1305031122.551510 -0.0888574 0.0103115 0.178276 -0.0423695 -0.0311503 -0.0403611 0.9978
1305031122.583217 -0.0899998 0.0206213 0.173435 -0.0437061 -0.0296018 -0.042221 0.997713
1305031122.615017 -0.092277 0.0290327 0.169245 -0.0449535 -0.0286469 -0.0413857 0.99772
1305031122.648810 -0.093605 0.0396082 0.164121 -0.0437741 -0.0298524 -0.040145 0.997788
1305031122.683420 -0.094947 0.0511353 0.159195 -0.042645 -0.0306365 -0.0392439 0.997849
1305031122.715219 -0.0962048 0.0624137 0.155456 -0.042055 -0.0325796 -0.0361624 0.997929
1305031122.751309 -0.0966248 0.0772244 0.151377 -0.0402525 -0.0351208 -0.0360996 0.997919
1305031122.783438 -0.0945496 0.0909493 0.14791 -0.0419512 -0.0366044 -0.0365541 0.99778
1305031122.812565 -0.0946606 0.101155 0.146426 -0.0464564 -0.0357886 -0.037416 0.997578
1305031122.851486 -0.0924567 0.111542 0.144241 -0.0483346 -0.0331484 -0.0394245 0.997502
1305031122.883775 -0.0925991 0.12273 0.141373 -0.0501596 -0.0270676 -0.0402024 0.997565
1305031122.914585 -0.0941782 0.129026 0.139244 -0.0544904 -0.0233097 -0.0387316 0.997491
1305031122.951413 -0.0952953 0.136469 0.136873 -0.0559636 -0.021894 -0.0373968 0.997492
1305031122.983000 -0.0964079 0.146597 0.134033 -0.0565035 -0.021543 -0.0343191 0.99758
1305031123.015462 -0.09607 0.153912 0.132457 -0.0588404 -0.0226894 -0.0310663 0.997526
1305031123.051838 -0.0955857 0.160837 0.129883 -0.0588093 -0.022763 -0.0296914 0.997568
1305031123.082992 -0.0961738 0.172845 0.127286 -0.0567115 -0.0218064 -0.0279987 0.99776
1305031123.113939 -0.096102 0.183647 0.12398 -0.0583874 -0.0207788 -0.0257697 0.997745
1305031123.150840 -0.0952648 0.192011 0.122848 -0.0613131 -0.0200872 -0.0252592 0.997597
1305031123.182176 -0.0936875 0.203759 0.121645 -0.06261 -0.0194071 -0.0248273 0.99754
1305031123.214724 -0.0928103 0.216075 0.120302 -0.06528 -0.0152293 -0.0250517 0.997436
1305031123.250641 -0.0929509 0.230409 0.118469 -0.0687216 -0.0107511 -0.0258232 0.997244
1305031123.282363 -0.0907462 0.240084 0.119326 -0.0765826 -0.00849765 -0.0238012 0.996743
1305031123.320992 -0.0897468 0.250056 0.119406 -0.0817174 -0.00477737 -0.022071 0.9964
1305031123.350493 -0.089203 0.258838 0.118555 -0.0863252 -0.000628802 -0.0217744 0.996029
1305031123.382263 -0.0887307 0.269998 0.118679 -0.0893581 0.00383456 -0.019245 0.995806
1305031123.421343 -0.0877669 0.278221 0.117195 -0.0923341 0.00854812 -0.0162763 0.995558
1305031123.451266 -0.0894028 0.289515 0.116629 -0.0924554 0.0121349 -0.0154606 0.995523
1305031123.483605 -0.0871116 0.297363 0.115054 -0.0963646 0.0129373 -0.0104501 0.995207
1305031123.519725 -0.0871098 0.303817 0.113709 -0.0999777 0.0151161 -0.00653116 0.994853
1305031123.551573 -0.0866914 0.312337 0.112622 -0.101042 0.0155541 -0.0047489 0.994749
1305031123.579616 -0.0860528 0.321711 0.112088 -0.101908 0.0156946 -0.0013884 0.994669
1305031123.620387 -0.0838799 0.328901 0.109843 -0.10314 0.0164805 0.000198318 0.99453
1305031123.652430 -0.0827054 0.337518 0.109118 -0.10586 0.0183338 0.000312133 0.994212
1305031123.683785 -0.0823394 0.344442 0.108528 -0.109497 0.0217154 0.00133475 0.993749
1305031123.719975 -0.0802996 0.352545 0.107659 -0.112621 0.0247791 0.00290858 0.993325
1305031123.751980 -0.0785984 0.357864 0.106944 -0.115371 0.0264023 0.00535299 0.992957
1305031123.784138 -0.0775893 0.36108 0.106169 -0.116882 0.0260624 0.00708357 0.992779
1305031123.819696 -0.0773934 0.363217 0.105093 -0.117684 0.0259564 0.00802812 0.992679
1305031123.851551 -0.0755819 0.364295 0.104256 -0.11852 0.0251729 0.00976309 0.992585
1305031123.883819 -0.075944 0.364165 0.10435 -0.11794 0.0244212 0.0108391 0.992661
1305031123.915794 -0.0764959 0.360213 0.104084 -0.116402 0.0232203 0.00994897 0.992881
1305031123.951530 -0.075782 0.3574 0.103529 -0.116474 0.0221912 0.0114834 0.992879
1305031123.983421 -0.076218 0.356517 0.105174 -0.116145 0.0203548 0.0135166 0.992932
1305031124.019737 -0.0765262 0.349517 0.107927 -0.112601 0.0168658 0.0126666 0.993416
1305031124.051531 -0.0776564 0.340995 0.109029 -0.110077 0.0142093 0.0126988 0.99374
1305031124.083902 -0.0771311 0.3386 0.111358 -0.106744 0.0112099 0.0127878 0.994141
1305031124.119669 -0.0765886 0.328703 0.115617 -0.102486 0.00800246 0.0107007 0.994645
1305031124.147458 -0.0787069 0.315602 0.117452 -0.100667 0.00755045 0.00955847 0.994846
1305031124.182707 -0.0781533 0.309019 0.120902 -0.098549 0.00630292 0.00764206 0.995083
1305031124.217179 -0.0772875 0.289699 0.125162 -0.0985149 0.00443933 0.00508146 0.995113
1305031124.249340 -0.076302 0.27871 0.125902 -0.0945607 0.00274192 0.00487446 0.995503
1305031124.282555 -0.0769861 0.271855 0.127926 -0.0930293 -0.000869743 0.00432565 0.995654
1305031124.316782 -0.0769579 0.259005 0.132538 -0.0913138 -0.0051002 0.00418595 0.9958
1305031124.350371 -0.0755696 0.249554 0.133532 -0.0866852 -0.00906261 0.00362235 0.996188
1305031124.382432 -0.0756833 0.238797 0.135623 -0.0834364 -0.0114788 0.00172344 0.996445
1305031124.418555 -0.075313 0.224851 0.138463 -0.0802079 -0.0131748 0.000698203 0.996691
1305031124.450256 -0.0746136 0.213268 0.140035 -0.0741639 -0.0147851 -0.000948038 0.997136
1305031124.480126 -0.0754702 0.199832 0.141481 -0.0689119 -0.0157023 -0.00340751 0.997493
1305031124.516737 -0.0771408 0.189738 0.142051 -0.0622547 -0.0166403 -0.00595346 0.997904
1305031124.550503 -0.0768866 0.179375 0.14471 -0.0575387 -0.0186293 -0.00851214 0.998133
1305031124.584606 -0.0786348 0.166421 0.147138 -0.054416 -0.0202708 -0.0111157 0.998251
1305031124.617653 -0.0780828 0.153117 0.15026 -0.0505096 -0.0229965 -0.01323 0.998371
1305031124.651313 -0.0789049 0.142207 0.153467 -0.0463293 -0.0250657 -0.0154835 0.998492
1305031124.685473 -0.0775784 0.128038 0.157376 -0.0436462 -0.0275169 -0.017033 0.998523
1305031124.715791 -0.0773489 0.117131 0.160425 -0.038995 -0.0280487 -0.0195761 0.998654
1305031124.749941 -0.0773245 0.103823 0.164407 -0.037188 -0.0282549 -0.0208705 0.998691
1305031124.785178 -0.0781952 0.0901385 0.168636 -0.0349444 -0.0291137 -0.0211195 0.998742
1305031124.816641 -0.0775948 0.0788301 0.173258 -0.0324392 -0.0305184 -0.0217455 0.998771
1305031124.850559 -0.0789568 0.0654414 0.178197 -0.0325145 -0.0313156 -0.0227833 0.998721
1305031124.883594 -0.0758259 0.0514221 0.184266 -0.0315483 -0.0327827 -0.0228256 0.998704
1305031124.918770 -0.0750612 0.0420085 0.18904 -0.0293007 -0.0308553 -0.0235831 0.998816
1305031124.950748 -0.0739992 0.0317642 0.195758 -0.0312046 -0.0302479 -0.0239177 0.998769
1305031124.986460 -0.0750863 0.0127996 0.202502 -0.0333035 -0.0289041 -0.0220185 0.998785
1305031125.019467 -0.0787638 0.0018294 0.206132 -0.0289142 -0.0295716 -0.0205887 0.998932
1305031125.050798 -0.0747152 -0.00482222 0.21015 -0.0257463 -0.0336785 -0.0197675 0.998905
1305031125.083480 -0.0745842 -0.0156663 0.215303 -0.0264568 -0.0332428 -0.0176396 0.998941
1305031125.119029 -0.0758929 -0.0284298 0.220009 -0.0264268 -0.0335634 -0.0160136 0.998959
1305031125.151037 -0.0747316 -0.038868 0.223274 -0.0235045 -0.0343464 -0.0173337 0.998983
1305031125.187064 -0.0751293 -0.0417563 0.225661 -0.0214591 -0.0327091 -0.0179903 0.999073
1305031125.219018 -0.0762777 -0.0537939 0.230327 -0.0254083 -0.0311124 -0.0173785 0.999042
1305031125.250642 -0.0808066 -0.0670714 0.232897 -0.0254331 -0.0291213 -0.0193174 0.999066
1305031125.286396 -0.0819856 -0.0733983 0.234816 -0.022216 -0.0290114 -0.0209985 0.999112
1305031125.319140 -0.0812678 -0.0823797 0.239285 -0.021994 -0.027968 -0.0207165 0.999152
1305031125.348899 -0.084064 -0.0904492 0.240909 -0.0192242 -0.0256767 -0.0229884 0.999221
1305031125.386792 -0.0814931 -0.0948116 0.244184 -0.0181278 -0.0252444 -0.0281926 0.999119
1305031125.419574 -0.0815123 -0.100943 0.24738 -0.0185496 -0.0194751 -0.0294814 0.999203
1305031125.451232 -0.0828696 -0.107967 0.250695 -0.0215614 -0.0137249 -0.0309932 0.999193
1305031125.486999 -0.0827508 -0.116494 0.253301 -0.022565 -0.0098453 -0.032084 0.999182
1305031125.519354 -0.0833153 -0.118842 0.254032 -0.0214167 -0.0061512 -0.0336249 0.999186
1305031125.551050 -0.082762 -0.121819 0.255033 -0.0224667 -0.00332676 -0.0351979 0.999122
1305031125.585303 -0.0820233 -0.124127 0.256117 -0.0237833 -0.000204317 -0.0378413 0.999001
1305031125.617870 -0.0825748 -0.129409 0.256233 -0.0245794 0.00319456 -0.0381915 0.998963
1305031125.650354 -0.0853754 -0.133549 0.253793 -0.0218089 0.00451294 -0.0349542 0.999141
1305031125.684602 -0.0874607 -0.126831 0.248562 -0.0161427 0.00133657 -0.0337403 0.999299
1305031125.715669 -0.085981 -0.125993 0.247108 -0.0149538 -0.0044475 -0.0323115 0.999356
1305031125.751292 -0.0839496 -0.117691 0.243031 -0.00983879 -0.00786124 -0.0310844 0.999437
1305031125.786805 -0.0835128 -0.108498 0.23957 -0.00858876 -0.00882609 -0.0341344 0.999341
1305031125.819450 -0.0826498 -0.0993016 0.236776 -0.00792138 -0.00866223 -0.0356305 0.999296
1305031125.854774 -0.0824451 -0.0906745 0.233716 -0.00945416 -0.00723496 -0.0375239 0.999225
1305031125.886645 -0.0840673 -0.0824626 0.229225 -0.00986458 -0.00709794 -0.03832 0.999192
1305031125.919334 -0.0863982 -0.0693 0.224271 -0.0114851 -0.00920213 -0.0376747 0.999182
1305031125.955252 -0.0884054 -0.064158 0.221031 -0.0164461 -0.0147747 -0.0341208 0.999173
1305031125.987094 -0.0873982 -0.0511904 0.21867 -0.0161317 -0.0223205 -0.0304709 0.999156
1305031126.019572 -0.0842666 -0.0367717 0.215854 -0.0169426 -0.0288186 -0.0305493 0.998974
1305031126.055038 -0.078302 -0.0220578 0.214466 -0.0186469 -0.0322577 -0.0304951 0.99884
1305031126.087076 -0.076084 -0.00873697 0.212434 -0.0221775 -0.0314642 -0.0302401 0.998801
1305031126.119452 -0.0751687 0.00241619 0.21101 -0.025936 -0.0305055 -0.0304708 0.998733
1305031126.155000 -0.0740848 0.0196238 0.208985 -0.0265935 -0.0294606 -0.0292004 0.998785
1305031126.187174 -0.0740618 0.0354675 0.206346 -0.0313039 -0.0292461 -0.029191 0.998655
1305031126.219473 -0.0720672 0.0441545 0.205108 -0.0373589 -0.0299381 -0.0281765 0.998456
1305031126.255236 -0.070268 0.060012 0.20254 -0.038838 -0.0291608 -0.0285 0.998413
1305031126.287105 -0.0690311 0.0731276 0.200833 -0.0424628 -0.0277562 -0.0292807 0.998283
1305031126.319787 -0.0674286 0.088553 0.198471 -0.0453287 -0.0251095 -0.0309666 0.998176
1305031126.355415 -0.0681128 0.0992845 0.196536 -0.0498686 -0.0205314 -0.0324578 0.998017
1305031126.387483 -0.068488 0.111217 0.194174 -0.0530009 -0.0171077 -0.0334687 0.997887
1305031126.419793 -0.0686556 0.12351 0.191362 -0.0567965 -0.0150719 -0.0349142 0.997661
1305031126.455380 -0.0696093 0.131432 0.188972 -0.0621175 -0.0129731 -0.0346136 0.997384
1305031126.490386 -0.071054 0.141174 0.185307 -0.0644988 -0.0122182 -0.0319539 0.997331
1305031126.522321 -0.0707662 0.156302 0.181992 -0.0653387 -0.0136627 -0.0300612 0.997317
1305031126.558209 -0.0672884 0.165933 0.180204 -0.0711042 -0.0154315 -0.0297441 0.996906
1305031126.590176 -0.0668138 0.175815 0.178023 -0.0750785 -0.0133113 -0.027483 0.99671
1305031126.618687 -0.0664382 0.185476 0.17625 -0.0793534 -0.0111416 -0.025978 0.996446
1305031126.654474 -0.0640923 0.190587 0.175226 -0.0841818 -0.0100598 -0.0236401 0.996119
1305031126.690022 -0.0629238 0.196049 0.173149 -0.0863718 -0.00815735 -0.0194728 0.996039
1305031126.715770 -0.061699 0.203096 0.170589 -0.0884797 -0.00658623 -0.0157476 0.995932
1305031126.755374 -0.0602978 0.204258 0.16831 -0.0912178 -0.00493432 -0.0129427 0.995735
1305031126.787565 -0.0588467 0.211243 0.165873 -0.0897653 -0.00437986 -0.0103231 0.9959
1305031126.819929 -0.0577442 0.216089 0.162953 -0.0896414 -0.00236187 -0.00972362 0.995924
1305031126.858378 -0.0558807 0.218127 0.160415 -0.0905725 0.000721276 -0.00899546 0.995849
1305031126.888154 -0.0550606 0.221563 0.158721 -0.0907769 0.00290336 -0.00838912 0.995832
1305031126.919409 -0.0544157 0.223795 0.157247 -0.0907591 0.00501604 -0.00883742 0.995821
1305031126.955501 -0.0530378 0.224467 0.155791 -0.0917022 0.00576457 -0.00741657 0.995742
1305031126.987316 -0.05328 0.224735 0.155167 -0.092143 0.00538477 -0.00611791 0.995712
1305031127.019524 -0.0528723 0.222923 0.154635 -0.0916828 0.00444303 -0.00546362 0.995763
1305031127.053318 -0.0521626 0.223152 0.153849 -0.0907415 0.00371742 -0.00475654 0.995856
1305031127.088649 -0.0523151 0.223175 0.153858 -0.0906919 0.0034481 -0.00433041 0.995864
1305031127.120963 -0.052504 0.221199 0.154403 -0.0908468 0.00148437 -0.00325795 0.995858
1305031127.157692 -0.0536041 0.218502 0.155579 -0.0900495 -0.00134882 -0.002757 0.995933
1305031127.187500 -0.0536535 0.217305 0.155341 -0.0880939 -0.004181 -0.00321315 0.996098
1305031127.221831 -0.0535624 0.215655 0.156603 -0.087344 -0.00592865 -0.00360329 0.996154
1305031127.259761 -0.054161 0.211375 0.15831 -0.0864513 -0.00597021 -0.00431625 0.996229
1305031127.287038 -0.0547132 0.209355 0.158483 -0.0843738 -0.00603394 -0.00541782 0.996401
1305031127.320468 -0.0560619 0.207941 0.160154 -0.0839373 -0.00640116 -0.00620954 0.996431
1305031127.353407 -0.0563443 0.200936 0.16263 -0.0841112 -0.00799943 -0.00634072 0.996404
1305031127.383713 -0.0580125 0.200455 0.163356 -0.0808635 -0.00849948 -0.00666807 0.996667
1305031127.419650 -0.0587205 0.199329 0.165459 -0.0801174 -0.00953598 -0.00745387 0.996712
1305031127.454246 -0.0585638 0.193788 0.168024 -0.0808448 -0.0111021 -0.00745093 0.996637
1305031127.487200 -0.0594036 0.194623 0.168977 -0.0779987 -0.0119306 -0.00848069 0.996846
1305031127.521900 -0.0605109 0.193884 0.170057 -0.0784612 -0.0125418 -0.00984299 0.99679
1305031127.553725 -0.0607581 0.189402 0.172078 -0.0796901 -0.0134484 -0.00948647 0.996684
1305031127.586632 -0.061018 0.188526 0.172902 -0.0781234 -0.0138793 -0.00943929 0.996802
1305031127.620657 -0.0613865 0.190032 0.173687 -0.0773968 -0.0143572 -0.0097936 0.996849
1305031127.654656 -0.0614342 0.186964 0.174926 -0.0791113 -0.0146323 -0.00836689 0.996723
1305031127.687110 -0.0608295 0.185048 0.176223 -0.0781242 -0.0153536 -0.007544 0.996797
1305031127.723210 -0.0618562 0.186207 0.175798 -0.0767947 -0.0158264 -0.00856011 0.996885
1305031127.754694 -0.0608451 0.18416 0.17699 -0.0783969 -0.0167057 -0.00830243 0.996748
1305031127.787641 -0.0613696 0.181431 0.177279 -0.0782987 -0.0166465 -0.00848279 0.996755
1305031127.820128 -0.0612824 0.18155 0.177023 -0.07677 -0.0170933 -0.0092638 0.996859
1305031127.855132 -0.0626642 0.181283 0.177012 -0.0766906 -0.0166103 -0.0108225 0.996858
1305031127.887122 -0.063269 0.179822 0.177343 -0.0771102 -0.0167965 -0.0109308 0.996821
1305031127.922560 -0.0639529 0.179438 0.177825 -0.0768544 -0.0174708 -0.0111039 0.996827
1305031127.955088 -0.06431 0.180318 0.178276 -0.0770381 -0.0182882 -0.0110666 0.996799
1305031127.987093 -0.0642441 0.180105 0.179822 -0.0785317 -0.0191594 -0.0113949 0.996662
1305031128.021776 -0.0634541 0.180177 0.181322 -0.0795358 -0.0195407 -0.0117454 0.996571
1305031128.055718 -0.0624967 0.17779 0.18393 -0.0823974 -0.0189302 -0.0106574 0.996363
1305031128.087206 -0.0627863 0.175017 0.185566 -0.0832692 -0.01836 -0.00974599 0.99631
1305031128.124746 -0.0625126 0.173731 0.18654 -0.0828597 -0.0187536 -0.00925028 0.996342
1305031128.157782 -0.0623924 0.173405 0.188141 -0.0833052 -0.0188488 -0.00764249 0.996316
1305031128.187221 -0.0607042 0.169235 0.190207 -0.0842476 -0.0195709 -0.00600588 0.996235
1305031128.225442 -0.0615851 0.17031 0.189879 -0.0815499 -0.0190757 -0.0059282 0.996469
1305031128.256007 -0.0616547 0.170358 0.190459 -0.0817103 -0.0195607 -0.00517197 0.996451
1305031128.291275 -0.0607905 0.166823 0.19124 -0.0831478 -0.020317 -0.00512975 0.996317
1305031128.324170 -0.0616409 0.167524 0.190834 -0.0815274 -0.0200401 -0.00582228 0.996453
1305031128.355206 -0.0617672 0.167831 0.190577 -0.0812399 -0.0200712 -0.00669393 0.99647
1305031128.391397 -0.0629134 0.166963 0.191392 -0.0816309 -0.020025 -0.008183 0.996428
1305031128.423609 -0.0642573 0.166088 0.191004 -0.0812397 -0.0195369 -0.00946642 0.996458
1305031128.455499 -0.0646146 0.165746 0.190765 -0.0808937 -0.0195295 -0.0106297 0.996475
1305031128.489523 -0.0650419 0.165332 0.190741 -0.081073 -0.0196668 -0.0119272 0.996443
1305031128.523604 -0.0652776 0.164045 0.190917 -0.0811539 -0.0194195 -0.0120349 0.99644
1305031128.555639 -0.065424 0.163106 0.190784 -0.0814175 -0.0189738 -0.0126812 0.996419
1305031128.591460 -0.0650813 0.160393 0.190852 -0.0819565 -0.0185878 -0.013218 0.996375
1305031128.623368 -0.0668278 0.160643 0.190163 -0.0804738 -0.0179569 -0.012905 0.996511
1305031128.655554 -0.0679782 0.160932 0.189678 -0.0796201 -0.0187405 -0.0127358 0.996568
1305031128.690449 -0.0678978 0.159774 0.189719 -0.0795668 -0.0201577 -0.0132369 0.996538
1305031128.722976 -0.0666914 0.159233 0.189508 -0.0786527 -0.0207724 -0.0139962 0.996587
1305031128.754646 -0.0669168 0.160098 0.188812 -0.0773468 -0.0197856 -0.0154324 0.996688
