1305031102.160407 0 0 0 0 0 0 1
1305031102.194330 -0.00261094 0.00578977 0.0113358 -0.00151246 -0.00277258 -0.00151819 0.999994
1305031102.226738 -0.00211164 0.00723746 0.024192 -0.00659723 -0.00648568 -0.00273194 0.999953
1305031102.262886 -0.00386 0.00864446 0.0360216 -0.0117378 -0.00880507 -0.00256272 0.999889
1305031102.295279 -0.0028073 0.00811327 0.0490386 -0.016702 -0.0115283 -0.00156609 0.999793
1305031102.329195 -0.00459534 0.00882382 0.0604638 -0.0195688 -0.0126515 0.000165486 0.999728
1305031102.363013 -0.00513537 0.00957657 0.0725259 -0.0217016 -0.0145095 0.000862584 0.999659
1305031102.394772 -0.00797988 0.0135649 0.0834407 -0.0227134 -0.0161413 0.000365741 0.999612
1305031102.427815 -0.00873358 0.019242 0.0949237 -0.0255486 -0.0192828 0.000422297 0.999488
1305031102.462395 -0.00626697 0.0196016 0.108375 -0.0324517 -0.0230372 0.000276518 0.999208
1305031102.494271 -0.00579315 0.0216849 0.120549 -0.0375706 -0.0232781 -0.000542429 0.999023
1305031102.526330 -0.00869696 0.0218849 0.131823 -0.0420797 -0.0209776 -0.00269653 0.99889
1305031102.562224 -0.00825575 0.0192332 0.145085 -0.0458318 -0.01956 -0.00404332 0.998749
1305031102.594158 -0.0103736 0.0163447 0.156905 -0.0457417 -0.0163518 -0.00376697 0.998812
1305031102.626818 -0.0140086 0.0210631 0.16773 -0.0426173 -0.0137407 -0.00249092 0.998994
1305031102.663273 -0.0133133 0.0252933 0.180209 -0.0421426 -0.0152653 -0.00163562 0.998994
1305031102.695165 -0.0133915 0.0265538 0.193234 -0.0432189 -0.0161235 -0.000762236 0.998935
1305031102.728423 -0.0131787 0.0312469 0.205406 -0.0434782 -0.0167118 0.000859995 0.998914
1305031102.763549 -0.0113306 0.0342901 0.218565 -0.044668 -0.0163382 -2.32173e-05 0.998868
1305031102.794978 -0.0126184 0.0377265 0.231259 -0.0456453 -0.0132763 -0.00137633 0.998869
1305031102.828537 -0.0129342 0.0393957 0.244307 -0.0472916 -0.00994669 -0.00249315 0.998828
1305031102.862808 -0.0158422 0.0413059 0.256329 -0.0474776 -0.00572847 -0.00427327 0.998847
1305031102.894167 -0.0166823 0.0435763 0.267801 -0.047372 -0.00387648 -0.0058654 0.998853
1305031102.926851 -0.0220721 0.0463566 0.278987 -0.0468633 -0.00148613 -0.00769706 0.998871
1305031102.962137 -0.0275264 0.0496558 0.289996 -0.0471213 -0.00411483 -0.00758531 0.998852
1305031102.994164 -0.0283978 0.0530753 0.300337 -0.0478063 -0.010455 -0.00559831 0.998786
1305031103.027881 -0.0295819 0.0557912 0.311223 -0.0495122 -0.0160092 -0.00287666 0.998641
1305031103.062273 -0.0267429 0.0569766 0.322632 -0.0502991 -0.0209601 -8.59998e-05 0.998514
1305031103.094040 -0.0278547 0.0624079 0.330733 -0.0484383 -0.0209999 0.00119335 0.998605
1305031103.129109 -0.0271929 0.0655251 0.340644 -0.0490663 -0.0214721 0.00223967 0.998562
1305031103.162795 -0.0278417 0.0703023 0.348567 -0.0493595 -0.0202846 0.00315156 0.99857
1305031103.191061 -0.0286296 0.0758852 0.35667 -0.0517763 -0.0197066 0.0039071 0.998457
1305031103.227845 -0.0280715 0.0800825 0.364685 -0.0573316 -0.0202531 0.00622406 0.99813
1305031103.262576 -0.0333587 0.0827344 0.370575 -0.0651257 -0.0196279 0.00946374 0.997639
1305031103.294208 -0.0321177 0.0776049 0.37726 -0.0754395 -0.027306 0.0115904 0.996709
1305031103.327550 -0.0295064 0.0784505 0.380634 -0.0780663 -0.033677 0.0122228 0.996304
1305031103.362405 -0.0273256 0.0776943 0.381684 -0.0809844 -0.0348028 0.0133269 0.996018
1305031103.394162 -0.0283154 0.0739384 0.381315 -0.0843577 -0.0332614 0.0146911 0.995772
1305031103.428437 -0.029446 0.0707131 0.378539 -0.085754 -0.0340518 0.0151872 0.995618
1305031103.463886 -0.0302521 0.0675148 0.374425 -0.0858354 -0.0360954 0.0136637 0.995562
1305031103.494472 -0.0294064 0.0620511 0.369124 -0.0853942 -0.0382451 0.0122991 0.995537
1305031103.531502 -0.0295446 0.0566693 0.361689 -0.0826311 -0.0393443 0.010227 0.995751
1305031103.562651 -0.0312813 0.0527739 0.352386 -0.0786497 -0.0398238 0.00937111 0.996062
1305031103.595310 -0.0315048 0.0481758 0.34271 -0.0759285 -0.0423884 0.0105193 0.996156
1305031103.631376 -0.0314276 0.0429698 0.332182 -0.0738973 -0.045925 0.0116271 0.99614
1305031103.663594 -0.029023 0.0392497 0.321721 -0.0713012 -0.0496323 0.012544 0.99614
1305031103.694695 -0.0268169 0.0347415 0.309873 -0.0690691 -0.051688 0.0123582 0.996195
1305031103.731542 -0.0251593 0.0282093 0.297843 -0.0674408 -0.0521862 0.0114271 0.996292
1305031103.762865 -0.024713 0.024364 0.28394 -0.0645108 -0.0515449 0.00904478 0.996544
1305031103.794329 -0.0245011 0.0237379 0.270303 -0.0623094 -0.0506656 0.00554154 0.996755
1305031103.830367 -0.0249161 0.0231224 0.256089 -0.0635944 -0.0502166 0.00243927 0.996709
1305031103.862379 -0.0255228 0.0164413 0.244386 -0.0692764 -0.0518434 -0.000673637 0.996249
1305031103.894237 -0.025977 0.00824717 0.230868 -0.0721274 -0.0547456 -0.00196729 0.99589
1305031103.930503 -0.0251124 0.00417633 0.21613 -0.0705592 -0.0576308 -0.00284653 0.995837
1305031103.962461 -0.0222763 -0.000553466 0.202681 -0.0688403 -0.0605196 -0.00399631 0.995782
1305031103.994365 -0.0196984 -0.0056571 0.188912 -0.0656493 -0.0614599 -0.00485459 0.995936
1305031104.030279 -0.0163931 -0.0102434 0.173631 -0.0599987 -0.0598086 -0.00638958 0.996385
1305031104.062542 -0.0138457 -0.0117605 0.158183 -0.05452 -0.0561044 -0.00913834 0.996893
1305031104.095305 -0.00940353 -0.0164567 0.145653 -0.0517021 -0.052188 -0.0108982 0.997238
1305031104.131292 -0.0102873 -0.0217006 0.130498 -0.0477966 -0.045633 -0.0127369 0.997733
1305031104.163440 -0.00977849 -0.0253991 0.116772 -0.0437647 -0.041655 -0.0134528 0.998082
1305031104.194053 -0.00822035 -0.029579 0.103403 -0.0398321 -0.0392168 -0.0135229 0.998345
1305031104.227247 -0.00734825 -0.032758 0.090151 -0.0354264 -0.0369304 -0.0135921 0.998597
1305031104.263335 -0.00628784 -0.0345852 0.0769537 -0.0307213 -0.0345579 -0.0141336 0.99883
1305031104.294957 -0.00445541 -0.0358264 0.0650234 -0.0265152 -0.0320841 -0.0148428 0.999023
1305031104.331403 -0.00193112 -0.0360396 0.0537781 -0.0227443 -0.0291494 -0.0151647 0.999201
1305031104.363345 -0.0017524 -0.036873 0.0421131 -0.0202631 -0.0245903 -0.0157708 0.999368
1305031104.395019 -0.00346016 -0.0373066 0.0319292 -0.018421 -0.0200482 -0.015511 0.999509
1305031104.431435 -0.00684268 -0.0375576 0.0213635 -0.0173729 -0.0168676 -0.0150657 0.999593
1305031104.463413 -0.0101779 -0.0384673 0.0112717 -0.0174399 -0.0165135 -0.0142461 0.99961
1305031104.495673 -0.0107653 -0.0419225 0.00292692 -0.0177418 -0.0186601 -0.0125121 0.99959
1305031104.531450 -0.00963246 -0.0441216 -0.00645245 -0.0154942 -0.0210049 -0.0114096 0.999594
1305031104.563149 -0.00592678 -0.0482589 -0.0157754 -0.0123424 -0.0222575 -0.010686 0.999619
1305031104.595033 -0.00162938 -0.0541774 -0.0247484 -0.00565721 -0.0199596 -0.0099805 0.999735
1305031104.631368 0.000755051 -0.0554376 -0.0367261 0.00564716 -0.0136013 -0.00932027 0.999848
1305031104.659863 0.00366918 -0.0582449 -0.0465293 0.0167229 -0.00649717 -0.00879749 0.9998
1305031104.695185 0.00290726 -0.0578913 -0.056563 0.0303665 0.00172601 -0.00677445 0.999514
1305031104.730936 0.00532667 -0.0583086 -0.0670455 0.0436688 0.00845704 -0.00480291 0.998999
1305031104.763178 0.00603502 -0.0561454 -0.0782666 0.0566822 0.0157006 -0.00311143 0.998264
1305031104.799499 0.00913989 -0.0542329 -0.0856643 0.0681775 0.0215521 -0.000615603 0.99744
1305031104.830961 0.0103874 -0.0519384 -0.0929413 0.077559 0.0280444 0.00211329 0.996591
1305031104.863256 0.00783375 -0.0487881 -0.0976686 0.0841171 0.0329199 0.00474895 0.995901
1305031104.899165 0.0101745 -0.044803 -0.0994252 0.0879436 0.0338453 0.00703011 0.995525
1305031104.931091 0.0110503 -0.0414742 -0.0993664 0.0898802 0.0345812 0.00867488 0.995314
1305031104.959750 0.0104439 -0.0371699 -0.0974511 0.0900184 0.0343638 0.00911607 0.995305
1305031104.998342 0.0109652 -0.0312778 -0.0907914 0.0874937 0.0335699 0.00989951 0.99555
1305031105.030427 0.0106983 -0.027467 -0.0837889 0.08272 0.0329333 0.00896727 0.995988
1305031105.062445 0.010976 -0.0259494 -0.0738872 0.0761891 0.0319566 0.00730701 0.996554
1305031105.097639 0.00820782 -0.0256404 -0.064434 0.0700368 0.0316765 0.00556087 0.997026
1305031105.130269 0.00509061 -0.0174277 -0.0523308 0.0657314 0.0299292 0.00405354 0.99738
1305031105.159979 0.0040104 -0.0117037 -0.0387789 0.0556142 0.0265308 0.00116388 0.998099
1305031105.198212 -0.000258012 -0.013107 -0.0249315 0.042618 0.0234512 -0.00169134 0.998815
1305031105.228250 -0.00568954 -0.0119041 -0.0115391 0.0333236 0.0194707 -0.00356773 0.999249
1305031105.262389 -0.0106302 -0.00792049 0.00203307 0.0242929 0.0143046 -0.00509839 0.99959
1305031105.298501 -0.0148382 -0.00899864 0.0159903 0.0135478 0.00823833 -0.00606121 0.999856
1305031105.328878 -0.0163153 -0.011608 0.0293923 0.00390119 0.00165081 -0.00642892 0.99997
1305031105.362286 -0.0178146 -0.0131238 0.0440209 -0.00199369 -0.00351802 -0.00588107 0.999975
1305031105.398191 -0.0199678 -0.0059733 0.0571827 -0.00498986 -0.00793888 -0.00611116 0.999937
1305031105.430336 -0.0204897 -0.00776517 0.0723038 -0.0122099 -0.0124514 -0.00680285 0.999825
1305031105.461421 -0.0234701 -0.00644723 0.0853685 -0.0165588 -0.0150757 -0.00702843 0.999725
1305031105.497931 -0.0230026 -0.00367822 0.0991318 -0.0203395 -0.0183295 -0.00701836 0.9996
1305031105.529583 -0.0238483 -0.0037567 0.113532 -0.0248906 -0.0192434 -0.00621583 0.999486
1305031105.562109 -0.0257233 -0.00268732 0.127047 -0.0282252 -0.0197525 -0.00578548 0.99939
1305031105.597193 -0.0249543 -0.00249205 0.141694 -0.0311498 -0.0210895 -0.00521914 0.999279
1305031105.627128 -0.0274046 -0.000994868 0.155431 -0.0323411 -0.0205781 -0.00273312 0.999261
1305031105.659104 -0.025893 0.000996595 0.16919 -0.0337092 -0.0217866 -0.000961215 0.999194
1305031105.698235 -0.022558 0.000685348 0.18486 -0.0343194 -0.0214064 -0.000575665 0.999181
1305031105.730336 -0.0231436 0.00510604 0.19793 -0.0320593 -0.0172038 -0.000413501 0.999338
1305031105.762384 -0.0185439 0.0060362 0.212971 -0.0322757 -0.0146859 -0.000607141 0.999371
1305031105.798056 -0.0191676 0.0083212 0.227196 -0.0311865 -0.00925868 -0.000282771 0.999471
1305031105.830008 -0.0169781 0.0101134 0.241213 -0.0299389 -0.00570655 0.000816209 0.999535
1305031105.862238 -0.0157716 0.0163633 0.254796 -0.0278958 -0.00125825 0.00217708 0.999608
1305031105.898018 -0.0141867 0.0208849 0.269036 -0.0290183 0.00256865 0.00561487 0.99956
1305031105.929855 -0.0131939 0.0251948 0.281614 -0.0314127 0.00581921 0.00867997 0.999452
1305031105.966193 -0.0119215 0.0303256 0.294815 -0.0345694 0.00765931 0.010448 0.999318
1305031105.998271 -0.0107353 0.0347103 0.307383 -0.0385673 0.00955427 0.0122428 0.999135
1305031106.030147 -0.01106 0.0391714 0.319566 -0.0425207 0.0118825 0.0133933 0.998935
1305031106.066060 -0.0118813 0.0429359 0.331153 -0.0467549 0.0132956 0.0151207 0.998703
1305031106.096295 -0.0136835 0.0498802 0.34203 -0.0500721 0.0139561 0.0157315 0.998524
1305031106.130445 -0.015637 0.0528966 0.353348 -0.0565029 0.0133251 0.0171065 0.998167
1305031106.166330 -0.0174528 0.0542873 0.363332 -0.062092 0.0124626 0.0190223 0.997811
1305031106.195074 -0.0185565 0.0549737 0.373173 -0.0661333 0.0111851 0.0199049 0.99755
1305031106.230058 -0.020269 0.0575844 0.381213 -0.0670832 0.0103825 0.0223521 0.997443
1305031106.265976 -0.0210316 0.062306 0.38783 -0.0672218 0.00873881 0.024254 0.997405
1305031106.298174 -0.0211111 0.0663349 0.393663 -0.0696784 0.00722563 0.02667 0.997187
1305031106.330215 -0.021844 0.0723758 0.397901 -0.0730142 0.00603945 0.0276496 0.996929
1305031106.366158 -0.0198578 0.0749915 0.401271 -0.0804638 0.00465974 0.0229154 0.996483
1305031106.398281 -0.0182469 0.0707349 0.403664 -0.0895533 0.0077734 0.0173192 0.995801
1305031106.430639 -0.0227156 0.0657338 0.402684 -0.093879 0.0143411 0.0120958 0.995407
1305031106.466046 -0.0244096 0.0623433 0.399975 -0.0950341 0.0153627 0.00998322 0.995305
1305031106.498096 -0.0256385 0.0579741 0.394754 -0.0948005 0.0131033 0.00951552 0.995365
1305031106.528267 -0.0239964 0.0535157 0.38706 -0.0931525 0.0081519 0.00930457 0.995575
1305031106.564414 -0.0241034 0.0507627 0.377283 -0.0900369 0.00545265 0.00758505 0.995895
1305031106.597879 -0.0247062 0.0486051 0.366224 -0.088628 0.0027467 0.00525406 0.996047
1305031106.630776 -0.0252249 0.0437958 0.355683 -0.0890533 9.88866e-05 0.00236593 0.996024
1305031106.667282 -0.0282337 0.0404117 0.342258 -0.0877299 -0.00168334 0.00164964 0.996142
1305031106.699110 -0.0286772 0.0365576 0.329974 -0.0881892 -0.00691929 0.000701922 0.996079
1305031106.729550 -0.030415 0.0327329 0.31555 -0.0880036 -0.012453 0.000966521 0.996042
1305031106.767126 -0.0295269 0.0278491 0.300394 -0.0876505 -0.0187232 0.00162849 0.995974
1305031106.798309 -0.0287382 0.0263065 0.285016 -0.0867938 -0.0235375 0.00130595 0.995947
1305031106.830652 -0.029102 0.0204886 0.271049 -0.087776 -0.0273325 -8.68314e-05 0.995765
1305031106.866893 -0.0272251 0.013424 0.254196 -0.0855327 -0.0308674 -0.00225209 0.995855
1305031106.897828 -0.0288816 0.013034 0.235624 -0.07981 -0.0302075 -0.00689239 0.996328
1305031106.930797 -0.0278523 0.00803309 0.22004 -0.0779933 -0.0299488 -0.0114685 0.996438
1305031106.967232 -0.0278159 4.34976e-05 0.203383 -0.0747766 -0.0279896 -0.0146436 0.9967
1305031106.998876 -0.0295287 0.000233754 0.183038 -0.0670561 -0.0244965 -0.0183862 0.997279
1305031107.030348 -0.0286195 -0.00273425 0.167301 -0.0646945 -0.022808 -0.0218026 0.997406
1305031107.066405 -0.0318446 -0.00948514 0.15137 -0.0626262 -0.0201979 -0.0225231 0.997578
1305031107.098268 -0.0317407 -0.010911 0.134882 -0.0573893 -0.0204318 -0.0229222 0.99788
1305031107.130308 -0.0296142 -0.0117409 0.119059 -0.0542721 -0.0208234 -0.0231585 0.99804
1305031107.165964 -0.0279827 -0.0173025 0.105529 -0.0530851 -0.0199665 -0.024328 0.998094
1305031107.198208 -0.0265683 -0.0231066 0.0919679 -0.0490009 -0.0179883 -0.0254387 0.998313
1305031107.235026 -0.0262123 -0.0241079 0.0773001 -0.0420894 -0.0148554 -0.0262634 0.998658
1305031107.267071 -0.0231238 -0.0270876 0.0649832 -0.0365365 -0.0124362 -0.0263676 0.998907
1305031107.299273 -0.0221596 -0.032205 0.0529093 -0.0306446 -0.0089001 -0.0269857 0.999126
1305031107.334800 -0.0197293 -0.0383277 0.0407353 -0.0218876 -0.00558181 -0.0275307 0.999366
1305031107.367183 -0.0185183 -0.0347288 0.0293602 -0.010495 -0.00111665 -0.0276444 0.999562
1305031107.399345 -0.0144526 -0.035965 0.0195144 -0.00323139 0.00284082 -0.0285493 0.999583
1305031107.434926 -0.0115606 -0.034174 0.0124719 0.00312132 0.00696013 -0.0288249 0.999555
1305031107.467141 -0.00811516 -0.034618 0.0079945 0.0068125 0.0107867 -0.0282541 0.999519
1305031107.498426 -0.00669771 -0.0302773 0.00406598 0.0101484 0.0146993 -0.027602 0.999459
1305031107.534830 -0.00221413 -0.0278891 0.00419868 0.00964832 0.0164012 -0.0265742 0.999466
1305031107.567015 0.000560221 -0.0309761 0.00478663 0.00796881 0.018374 -0.0238144 0.999516
1305031107.598904 0.00189255 -0.0267502 0.00434622 0.00931434 0.020242 -0.0217788 0.999514
1305031107.634944 0.00465462 -0.0251966 0.00582361 0.00721705 0.0209723 -0.0205849 0.999542
1305031107.667179 0.00418237 -0.0233765 0.00793679 0.00572127 0.0221494 -0.0196657 0.999545
1305031107.699390 0.00381156 -0.0197255 0.00987919 0.00516023 0.0222192 -0.0186942 0.999565
1305031107.735041 0.00238689 -0.0149954 0.0115212 0.00340051 0.0215757 -0.0177116 0.999605
1305031107.767895 0.00192648 -0.0143411 0.0144901 0.000257791 0.0193854 -0.0188816 0.999634
1305031107.799544 0.00267931 -0.0122598 0.0168572 -0.00181444 0.0173409 -0.0190994 0.999666
1305031107.835751 0.00373897 -0.0103594 0.0182813 -0.00387669 0.0164272 -0.019691 0.999664
1305031107.863505 0.00643727 -0.0129156 0.0208443 -0.00614168 0.0167241 -0.0223673 0.999591
1305031107.899222 0.00902743 -0.0123794 0.022639 -0.00543328 0.0192972 -0.0252312 0.999481
1305031107.933609 0.0145121 -0.0131719 0.02466 -0.00412997 0.0220452 -0.0264206 0.999399
1305031107.964840 0.0198214 -0.0133779 0.0271799 -0.00173529 0.0260244 -0.0263001 0.999314
1305031107.998469 0.0267145 -0.0121898 0.0294576 0.0021351 0.0306756 -0.0275721 0.999147
1305031108.034824 0.0392346 -0.00998592 0.0313285 0.00542392 0.0355091 -0.0273812 0.998979
1305031108.067271 0.0489735 -0.0108954 0.0353038 0.00679192 0.0439361 -0.0227036 0.998753
1305031108.099365 0.0589636 -0.0118248 0.03837 0.00887888 0.0503963 -0.0208563 0.998472
1305031108.135281 0.0721316 -0.00845888 0.041285 0.0121769 0.0534998 -0.0203931 0.998285
1305031108.167357 0.0840897 -0.00281625 0.0454215 0.0132189 0.0566029 -0.0178371 0.99815
1305031108.199225 0.0971586 -0.00239232 0.0485743 0.00941432 0.0577538 -0.0174061 0.998135
1305031108.235213 0.111789 -0.00868509 0.0513984 0.00548926 0.0595278 -0.0188578 0.998033
1305031108.267660 0.122993 -0.00453788 0.0545948 0.00669697 0.0635777 -0.0188857 0.997776
1305031108.299547 0.131545 0.00053306 0.0591732 0.00554816 0.0659136 -0.0179776 0.997648
1305031108.335019 0.141898 0.00302733 0.0617614 0.000813179 0.0648377 -0.0165522 0.997758
1305031108.367285 0.151473 0.00582901 0.0653333 -0.00410194 0.0627124 -0.0121697 0.997949
1305031108.399284 0.163681 0.00608504 0.0684412 -0.00926233 0.0588493 -0.00654627 0.998202
1305031108.435023 0.178408 0.00800966 0.0708253 -0.0133254 0.0556043 0.000319526 0.998364
1305031108.467680 0.191754 0.00517364 0.0734086 -0.0177805 0.0545221 0.00687646 0.998331
1305031108.503548 0.207939 0.00133316 0.0748846 -0.0194276 0.0553622 0.011851 0.998207
1305031108.534811 0.219435 -0.00193292 0.0762738 -0.0173752 0.0617491 0.0118595 0.99787
1305031108.567154 0.231971 0.00546901 0.0759475 -0.011172 0.0669685 0.0108695 0.997633
1305031108.603547 0.244998 0.00617262 0.0780176 -0.0106197 0.0716337 0.0103146 0.997321
1305031108.634212 0.255822 0.00871761 0.0787447 -0.0099601 0.0775604 0.0115723 0.996871
1305031108.667189 0.273633 0.0132692 0.0783794 -0.010664 0.080547 0.0151045 0.996579
1305031108.703346 0.283746 0.0129202 0.0824232 -0.0144297 0.0878111 0.0192015 0.995848
1305031108.735052 0.29152 0.0111732 0.0822227 -0.0170497 0.0940623 0.0216163 0.995186
1305031108.767031 0.299963 0.0142315 0.0833852 -0.0172614 0.0976754 0.0230706 0.994801
1305031108.803370 0.306891 0.0141044 0.0834896 -0.0183974 0.100526 0.0278957 0.994373
1305031108.835163 0.309812 0.0130695 0.0830351 -0.0183076 0.101896 0.0330559 0.994077
1305031108.867534 0.312202 0.0119496 0.0807267 -0.0169328 0.0997144 0.0391456 0.994102
1305031108.903540 0.313726 0.00961719 0.0798547 -0.0148633 0.0962055 0.0447612 0.994243
1305031108.935116 0.312332 0.00737915 0.0773507 -0.0112822 0.0930993 0.0472144 0.994473
1305031108.967245 0.31143 0.0104236 0.0733318 -0.00613454 0.087457 0.046678 0.995055
1305031109.003064 0.309597 0.010788 0.0703273 -0.00554376 0.0829038 0.0452051 0.995516
1305031109.034955 0.301528 0.00875925 0.0683098 -0.00597748 0.0825539 0.0427241 0.995652
1305031109.067091 0.29436 0.0142744 0.0657076 -0.0050754 0.0803499 0.0381845 0.996022
1305031109.103294 0.286192 0.0136194 0.0662155 -0.00861574 0.0790069 0.0343786 0.996244
1305031109.134968 0.271931 0.0110401 0.0661047 -0.0109278 0.0784061 0.0322914 0.996338
1305031109.165848 0.259789 0.0146438 0.0634653 -0.010241 0.0736629 0.0293674 0.996798
1305031109.203388 0.250846 0.0242305 0.0633143 -0.0110019 0.0676848 0.0303983 0.997183
1305031109.234324 0.237642 0.0248748 0.0644132 -0.0186335 0.0653442 0.0343975 0.997096
1305031109.266325 0.22251 0.0155864 0.0655466 -0.0255172 0.0635023 0.038803 0.996901
1305031109.303457 0.203543 0.0195709 0.0654381 -0.0225378 0.0584849 0.0414102 0.997174
1305031109.334602 0.18827 0.0268241 0.0638071 -0.0213387 0.0494364 0.0403515 0.997734
1305031109.364882 0.178481 0.0250146 0.0642804 -0.0249093 0.0396198 0.0393095 0.998131
1305031109.403386 0.163624 0.0265998 0.0633064 -0.025376 0.0334446 0.0366141 0.998447
1305031109.434469 0.151403 0.0301101 0.0596594 -0.0270936 0.0272247 0.0311416 0.998777
1305031109.467362 0.138213 0.0269006 0.0592935 -0.0315203 0.0245575 0.0273065 0.998828
1305031109.503193 0.124745 0.0234735 0.0579381 -0.0332232 0.0226166 0.023875 0.998907
1305031109.535715 0.110448 0.0238288 0.055332 -0.0312679 0.0214758 0.0205673 0.999069
1305031109.567452 0.0968649 0.0261403 0.0536122 -0.0296667 0.0208967 0.0198556 0.999144
1305031109.603601 0.0826458 0.0262401 0.0521652 -0.0298779 0.0200999 0.0180115 0.999189
1305031109.635323 0.0716947 0.0277203 0.050473 -0.0302369 0.0184974 0.0167687 0.999231
1305031109.667570 0.0574862 0.0309862 0.0491578 -0.0310993 0.0183948 0.0176554 0.999191
1305031109.703265 0.0438458 0.0336272 0.0487311 -0.0330795 0.0165266 0.0182004 0.99915
1305031109.735059 0.030913 0.0348517 0.049361 -0.0369808 0.0135264 0.0174339 0.999072
1305031109.767470 0.0198282 0.0354483 0.0512847 -0.0403871 0.0108958 0.0177601 0.998967
1305031109.803396 0.0063747 0.0369781 0.0524213 -0.0425272 0.00999893 0.0172633 0.998896
1305031109.834910 -0.00768945 0.0386296 0.0543611 -0.0451603 0.00843102 0.0163298 0.998811
1305031109.871271 -0.0235045 0.0402176 0.0559452 -0.048415 0.00645956 0.0154165 0.998687
1305031109.900535 -0.0380121 0.0378604 0.058331 -0.051392 0.00196878 0.0115496 0.99861
1305031109.934960 -0.0506742 0.0430966 0.0616965 -0.0514835 -0.00187244 0.00782024 0.998641
1305031109.970213 -0.0669255 0.045236 0.0646004 -0.0544623 -0.00315714 0.00242019 0.998508
1305031109.999657 -0.0818613 0.0455241 0.0685888 -0.0575676 -0.00474494 -0.00342917 0.998324
1305031110.031356 -0.0957212 0.0460477 0.0709831 -0.0601797 -0.00554855 -0.0103815 0.998118
1305031110.068125 -0.109018 0.0485921 0.0748071 -0.0618752 -0.00579006 -0.0159512 0.99794
1305031110.101397 -0.12246 0.0482637 0.0773994 -0.0661887 -0.00673353 -0.0203912 0.997576
1305031110.132317 -0.136161 0.0448558 0.0807852 -0.0698428 -0.00908003 -0.0244109 0.997218
1305031110.168323 -0.148608 0.0490401 0.0822259 -0.0701707 -0.0121764 -0.0257417 0.997128
1305031110.203162 -0.159633 0.048306 0.0840743 -0.0738108 -0.0154684 -0.0279378 0.996761
1305031110.234909 -0.171669 0.0453869 0.0856954 -0.0762794 -0.0187586 -0.0277718 0.996523
1305031110.271394 -0.182905 0.043972 0.0876396 -0.0756901 -0.0222178 -0.0278482 0.996495
1305031110.303648 -0.194517 0.0447719 0.0869724 -0.0732397 -0.0250468 -0.0290881 0.996575
1305031110.331570 -0.207093 0.0473404 0.0872444 -0.0711187 -0.0287386 -0.0304992 0.996587
1305031110.371607 -0.221174 0.0508476 0.0879991 -0.0691569 -0.0329031 -0.0335222 0.996499
1305031110.403480 -0.233061 0.0529142 0.0864857 -0.0687603 -0.0385276 -0.0360058 0.996239
1305031110.435647 -0.244108 0.0562748 0.0866864 -0.071145 -0.0446562 -0.0394795 0.995683
1305031110.470588 -0.258 0.0557672 0.0880567 -0.0748965 -0.0503027 -0.0441767 0.994941
1305031110.502539 -0.270596 0.0562047 0.0887541 -0.076076 -0.0568735 -0.0478852 0.994326
1305031110.534532 -0.282271 0.0604951 0.0874934 -0.0764177 -0.0629344 -0.0520993 0.993723
1305031110.571676 -0.293141 0.0662553 0.08863 -0.0788418 -0.0685954 -0.0571859 0.992879
1305031110.604289 -0.302346 0.0666386 0.0929395 -0.0832377 -0.0728923 -0.0614724 0.991957
1305031110.635485 -0.311194 0.0646628 0.0936841 -0.084156 -0.0752228 -0.0646622 0.991503
1305031110.671775 -0.320251 0.0680655 0.0919478 -0.0830635 -0.0769003 -0.0676022 0.99127
1305031110.699957 -0.326587 0.0698986 0.0933868 -0.0850946 -0.0788705 -0.0692671 0.990828
1305031110.735440 -0.333235 0.0694469 0.0946734 -0.0865441 -0.0802454 -0.0703202 0.990518
1305031110.769734 -0.337536 0.070475 0.0949502 -0.0865186 -0.0817028 -0.0713108 0.99033
1305031110.799684 -0.340812 0.0712968 0.094962 -0.0869169 -0.082343 -0.073032 0.990117
1305031110.835248 -0.343468 0.0721982 0.0955795 -0.0880592 -0.0837265 -0.0752873 0.989731
1305031110.871293 -0.343887 0.0732963 0.0968786 -0.0880492 -0.0860199 -0.0761058 0.989472
1305031110.901900 -0.343042 0.0726362 0.0954097 -0.088915 -0.0874085 -0.0761631 0.989269
1305031110.938668 -0.340263 0.0737996 0.0966946 -0.0887037 -0.0894779 -0.0770015 0.989038
1305031110.971316 -0.334745 0.078181 0.099007 -0.0873889 -0.0899024 -0.0784 0.989007
1305031111.003669 -0.327671 0.0797526 0.102817 -0.0879453 -0.0868199 -0.0784083 0.989232
1305031111.039669 -0.321616 0.0782668 0.101819 -0.0881776 -0.0810784 -0.0757604 0.989905
1305031111.071605 -0.313846 0.0801307 0.100577 -0.0885852 -0.0779736 -0.0739498 0.990255
1305031111.103658 -0.304671 0.0764886 0.101228 -0.091265 -0.0763801 -0.0698415 0.990434
1305031111.139211 -0.296012 0.074249 0.100835 -0.0908067 -0.0738323 -0.0682825 0.990778
1305031111.170937 -0.286351 0.0770382 0.103036 -0.0871425 -0.070784 -0.0685841 0.991308
1305031111.199395 -0.275072 0.0744889 0.100159 -0.0858183 -0.0635854 -0.0659144 0.992092
1305031111.236670 -0.265009 0.0709895 0.100607 -0.0859338 -0.0597407 -0.0639916 0.992447
1305031111.269939 -0.251324 0.0661663 0.100322 -0.0839977 -0.0592251 -0.0629913 0.992708
1305031111.302311 -0.24192 0.067509 0.0941548 -0.0796275 -0.0541206 -0.0600371 0.993542
1305031111.339460 -0.230571 0.067362 0.0947357 -0.0811976 -0.0557769 -0.0579738 0.993446
1305031111.370908 -0.214505 0.0598114 0.0964419 -0.0842723 -0.0601872 -0.055078 0.993097
1305031111.402911 -0.207125 0.0601723 0.0940592 -0.0802209 -0.0594709 -0.0534977 0.993562
1305031111.438948 -0.192329 0.0629075 0.0974737 -0.0778186 -0.0648278 -0.0574885 0.993195
1305031111.470919 -0.166199 0.0569378 0.101252 -0.0774888 -0.0672421 -0.058717 0.992989
1305031111.503531 -0.152106 0.0523343 0.0964878 -0.0745437 -0.0569398 -0.0580586 0.993897
1305031111.539482 -0.141451 0.0535586 0.099002 -0.0695621 -0.0487506 -0.0579555 0.994699
1305031111.571320 -0.124179 0.0515454 0.0927188 -0.06619 -0.0412593 -0.0528299 0.995553
1305031111.603391 -0.116166 0.0528685 0.0930968 -0.0649729 -0.0340169 -0.0463019 0.996232
1305031111.639405 -0.0939633 0.0433608 0.0940396 -0.065993 -0.0374798 -0.0380086 0.996391
1305031111.671252 -0.073736 0.045729 0.0918444 -0.0600595 -0.034189 -0.0305089 0.997143
1305031111.703791 -0.0569923 0.0486112 0.0926985 -0.0570975 -0.0277187 -0.0287211 0.99757
1305031111.739504 -0.0363748 0.045274 0.0943304 -0.0551875 -0.0204987 -0.025428 0.997942
1305031111.771228 -0.0236598 0.0500988 0.0925945 -0.0490044 -0.00343246 -0.0218852 0.998553
1305031111.800077 -0.0078354 0.0421749 0.0898511 -0.048949 0.01085 -0.0208697 0.998524
1305031111.839333 0.00559921 0.0440835 0.0903977 -0.0448715 0.020606 -0.0191609 0.998596
1305031111.870985 0.0148353 0.0462148 0.0912319 -0.0431893 0.0283182 -0.0165547 0.998528
1305031111.903356 0.0230796 0.0415169 0.0922239 -0.0442997 0.0306709 -0.0114719 0.998481
1305031111.939680 0.0383006 0.0423753 0.0928058 -0.042053 0.0265946 -0.00347645 0.998755
1305031111.971494 0.0605865 0.0424145 0.0924003 -0.0407525 0.0236286 0.00456615 0.998879
1305031112.003596 0.0734306 0.0423894 0.0908654 -0.0384539 0.0300082 0.00597492 0.998792
1305031112.039412 0.0881288 0.0415203 0.0894591 -0.0353808 0.0373932 0.00404197 0.998666
1305031112.070731 0.10329 0.0439028 0.089967 -0.0315431 0.0469651 0.00296457 0.998394
1305031112.102495 0.110864 0.0411618 0.089197 -0.0300489 0.0577466 -0.000355906 0.997879
1305031112.139107 0.129455 0.0420411 0.086816 -0.0286665 0.0604836 -0.00674041 0.997735
1305031112.169345 0.148156 0.041953 0.0880875 -0.0302062 0.0686816 -0.0101729 0.997129
1305031112.207733 0.158649 0.0341033 0.0890652 -0.0331045 0.0797739 -0.0149921 0.99615
1305031112.235657 0.172445 0.0291702 0.0888825 -0.0301563 0.0884345 -0.0196582 0.995431
1305031112.269488 0.181582 0.0286503 0.0883111 -0.0243515 0.0959725 -0.022637 0.994829
1305031112.303591 0.193414 0.023334 0.0884512 -0.0202463 0.0984022 -0.0252029 0.994621
1305031112.335789 0.204564 0.0226841 0.0881385 -0.0136524 0.0987839 -0.0243789 0.994717
1305031112.371231 0.218656 0.022811 0.086 -0.00857499 0.0963199 -0.0206297 0.9951
1305031112.407491 0.231614 0.0242178 0.0862734 -0.00509524 0.0934544 -0.016241 0.995478
1305031112.439064 0.245399 0.0197083 0.0846053 -0.00418371 0.0910463 -0.0108808 0.995778
1305031112.471066 0.255256 0.0217631 0.0841707 -0.000206711 0.0897446 -0.00228449 0.995962
1305031112.506669 0.263997 0.0192314 0.0842505 0.00130156 0.0870118 0.005536 0.996191
1305031112.538310 0.274439 0.0188919 0.0831964 0.00386122 0.0833118 0.0105033 0.996461
1305031112.567470 0.28283 0.0184716 0.0804998 0.00598674 0.0800144 0.015963 0.996648
1305031112.606742 0.296847 0.0233723 0.0805141 0.00813082 0.0772319 0.0215461 0.996747
1305031112.639418 0.30911 0.0245713 0.0794233 0.00658481 0.080006 0.0285265 0.996364
1305031112.671325 0.311567 0.0241731 0.081308 0.00449181 0.0870285 0.032765 0.995657
1305031112.707325 0.315575 0.0263407 0.0810727 0.00331657 0.0915832 0.0344946 0.995194
1305031112.739546 0.319174 0.0342136 0.0820126 0.00182463 0.0948286 0.0382702 0.994756
1305031112.771523 0.320185 0.0337677 0.0861264 -0.00541486 0.098726 0.0409954 0.994255
1305031112.807539 0.313828 0.0327835 0.089066 -0.00860483 0.101426 0.0412935 0.993948
1305031112.839560 0.308459 0.0355998 0.0873528 -0.010232 0.0982207 0.0387233 0.994358
1305031112.871083 0.309623 0.0380121 0.0886945 -0.0129407 0.0934028 0.040468 0.994721
1305031112.907246 0.301643 0.0373297 0.0906868 -0.0163186 0.0918588 0.0422665 0.994741
1305031112.939323 0.293636 0.0374374 0.0924568 -0.0182439 0.0882222 0.0424963 0.995027
1305031112.971164 0.288524 0.0370927 0.0907234 -0.0192921 0.0825218 0.0405771 0.995576
1305031113.007166 0.282945 0.0404277 0.0891955 -0.0195393 0.0785539 0.0401051 0.995911
1305031113.039492 0.273245 0.0392475 0.089103 -0.0237997 0.0776168 0.0382421 0.995965
1305031113.071210 0.260585 0.0325596 0.0901497 -0.02749 0.0772487 0.0344977 0.996036
1305031113.107662 0.248391 0.0346402 0.086561 -0.0249205 0.0733053 0.0288343 0.996581
1305031113.139664 0.239061 0.0395003 0.0841016 -0.0246887 0.0694306 0.0264639 0.99693
1305031113.171088 0.226159 0.0347385 0.0840612 -0.0290627 0.0686189 0.027344 0.996845
1305031113.207181 0.208109 0.0333678 0.0819392 -0.0285993 0.0662715 0.028968 0.996971
1305031113.239732 0.194604 0.0380965 0.0791616 -0.0276908 0.0599412 0.0298036 0.997373
1305031113.271470 0.18216 0.031564 0.0805614 -0.0320726 0.0541946 0.0312401 0.997526
1305031113.307323 0.160483 0.0253247 0.0804795 -0.0307499 0.0507211 0.0344125 0.997646
1305031113.339396 0.142625 0.032983 0.0779299 -0.0224963 0.042651 0.0344112 0.998244
1305031113.371377 0.130469 0.0359327 0.0780256 -0.0227727 0.0322297 0.0316426 0.99872
1305031113.407351 0.115552 0.0287291 0.0796004 -0.0260126 0.0247896 0.031617 0.998854
1305031113.439787 0.0926015 0.0345536 0.0801056 -0.0219606 0.0208184 0.0272191 0.999171
1305031113.475657 0.0755348 0.036449 0.0811077 -0.0235597 0.0145912 0.0208819 0.999398
1305031113.507987 0.0589025 0.0347552 0.082709 -0.0281546 0.00893196 0.0187072 0.999389
1305031113.539417 0.0417659 0.0317616 0.0828859 -0.0312868 0.00387558 0.015513 0.999383
1305031113.574964 0.0254317 0.0317324 0.0840851 -0.0320235 -0.000694391 0.0116234 0.999419
1305031113.607216 0.0100338 0.0346926 0.0843164 -0.032992 -0.00370046 0.00637405 0.999428
1305031113.638418 -0.00345218 0.0350852 0.0859053 -0.0354513 -0.00446261 0.00249803 0.999358
1305031113.674244 -0.018456 0.0337773 0.0862913 -0.0375614 -0.00350956 -0.000371697 0.999288
1305031113.704256 -0.0326207 0.0335022 0.0866795 -0.0380154 -0.00258461 -0.00503627 0.999261
1305031113.736263 -0.0456334 0.0353082 0.0874417 -0.0368587 -0.000549864 -0.0106739 0.999263
1305031113.774168 -0.0614106 0.034044 0.0889025 -0.0364739 0.00290288 -0.0153239 0.999213
1305031113.805795 -0.0741548 0.0357107 0.0896479 -0.0349717 0.00406864 -0.0177848 0.999222
1305031113.838437 -0.08767 0.0387117 0.0908998 -0.0343747 0.00605502 -0.0207027 0.999176
1305031113.874200 -0.104848 0.0341127 0.0927109 -0.0352636 0.00822952 -0.0253955 0.999021
1305031113.906361 -0.116899 0.0356378 0.0936052 -0.0323007 0.00714359 -0.0260531 0.999113
1305031113.938561 -0.129627 0.0378979 0.094855 -0.0290109 0.00826923 -0.0287743 0.999131
1305031113.974245 -0.145693 0.0393216 0.096446 -0.0255847 0.0114006 -0.0331756 0.999057
1305031114.007082 -0.16224 0.0407015 0.0966397 -0.0222905 0.013436 -0.0380645 0.998936
1305031114.038546 -0.179915 0.0417834 0.0986841 -0.0204056 0.0125446 -0.0406158 0.998888
1305031114.074298 -0.196459 0.0397748 0.0993161 -0.0193001 0.00840106 -0.040565 0.998955
1305031114.106402 -0.210452 0.0438762 0.100718 -0.0158596 0.00331953 -0.0437074 0.998913
1305031114.138562 -0.222037 0.0452574 0.103212 -0.0151616 -0.00246531 -0.0470241 0.998776
1305031114.174114 -0.23399 0.044083 0.105461 -0.013789 -0.00530168 -0.0499332 0.998643
1305031114.206255 -0.246391 0.0504401 0.1062 -0.00996159 -0.00591737 -0.0527871 0.998539
1305031114.238473 -0.26288 0.0507735 0.108066 -0.0118277 -0.00672572 -0.0559632 0.99834
1305031114.271075 -0.279306 0.0515361 0.110252 -0.0124463 -0.0107024 -0.0580935 0.998176
1305031114.306710 -0.291166 0.0535045 0.112849 -0.0129411 -0.0182528 -0.0581342 0.998058
1305031114.338919 -0.299278 0.0547278 0.117366 -0.0138602 -0.025525 -0.0601642 0.997766
1305031114.374307 -0.309937 0.0536463 0.11854 -0.01461 -0.027893 -0.0644046 0.997427
1305031114.406591 -0.322157 0.0529915 0.11901 -0.0143246 -0.0289745 -0.0683506 0.997138
1305031114.438540 -0.335333 0.0547733 0.119397 -0.0138059 -0.0316068 -0.0704349 0.99692
1305031114.474489 -0.346624 0.0534142 0.121214 -0.0147655 -0.0377606 -0.0715582 0.996612
1305031114.506573 -0.355363 0.0557149 0.122982 -0.0147768 -0.0454127 -0.0731175 0.996179
1305031114.539953 -0.36036 0.0559363 0.126517 -0.0171856 -0.0509529 -0.0735833 0.995838
1305031114.575185 -0.366243 0.0550739 0.128281 -0.0190815 -0.0521246 -0.0711347 0.995921
1305031114.607560 -0.371959 0.0561887 0.12873 -0.0208979 -0.0527181 -0.068431 0.996043
1305031114.644150 -0.378861 0.0555364 0.128962 -0.0253942 -0.0539878 -0.0668229 0.995979
1305031114.675655 -0.384596 0.0529167 0.129857 -0.0294252 -0.0589586 -0.0669234 0.99558
1305031114.706141 -0.386542 0.0516413 0.132982 -0.0307654 -0.0641254 -0.0666516 0.995238
1305031114.743276 -0.388581 0.0500107 0.133149 -0.0306163 -0.0673184 -0.0690429 0.994869
1305031114.774847 -0.389171 0.0510852 0.132563 -0.028455 -0.0691296 -0.0725627 0.994558
1305031114.807310 -0.387993 0.0538505 0.131551 -0.0272923 -0.0693615 -0.0742103 0.994453
1305031114.842137 -0.387013 0.0533618 0.130619 -0.0276714 -0.0697148 -0.0760659 0.994278
1305031114.875056 -0.384119 0.0569785 0.130526 -0.026962 -0.0703439 -0.0768623 0.994192
1305031114.907504 -0.380604 0.0595418 0.12938 -0.027397 -0.0707525 -0.0767659 0.994158
1305031114.943264 -0.374347 0.0634681 0.130384 -0.0284959 -0.0711074 -0.0782513 0.993986
1305031114.975411 -0.367081 0.0660153 0.131136 -0.0303129 -0.0694138 -0.0790378 0.99399
1305031115.007179 -0.359485 0.0702897 0.130877 -0.0328142 -0.0682983 -0.0800657 0.993905
1305031115.043530 -0.34877 0.0709227 0.135905 -0.0364952 -0.067298 -0.0802078 0.993834
1305031115.071577 -0.338024 0.0720082 0.135893 -0.0381811 -0.0646943 -0.0808054 0.993895
1305031115.107074 -0.323123 0.0745547 0.139968 -0.0399578 -0.0625089 -0.0801119 0.994021
1305031115.143294 -0.310467 0.0727692 0.14185 -0.0422508 -0.05484 -0.077723 0.994569
1305031115.172642 -0.299952 0.0711944 0.140142 -0.0439626 -0.0500606 -0.0759273 0.994885
1305031115.206453 -0.281501 0.0664921 0.145674 -0.0460018 -0.0507852 -0.0730698 0.99497
1305031115.240975 -0.266676 0.0618615 0.146856 -0.0436646 -0.0465085 -0.0696408 0.99553
1305031115.273468 -0.253132 0.0679562 0.148292 -0.0390223 -0.0432596 -0.0657708 0.996133
1305031115.305534 -0.227853 0.0594749 0.151473 -0.0417301 -0.0435098 -0.0596401 0.996398
1305031115.343426 -0.211095 0.0601557 0.151579 -0.037883 -0.0352158 -0.055291 0.99713
1305031115.375054 -0.203084 0.0697927 0.152916 -0.0366211 -0.0288641 -0.0502836 0.997646
1305031115.406164 -0.185574 0.0671098 0.158327 -0.0438494 -0.0351689 -0.0463104 0.997344
1305031115.443040 -0.163354 0.065028 0.160717 -0.0483313 -0.0406706 -0.040583 0.997178
1305031115.474863 -0.147058 0.0672373 0.162836 -0.0511596 -0.0404402 -0.0346564 0.997269
1305031115.507440 -0.117329 0.0643256 0.168204 -0.0551427 -0.0445874 -0.0297393 0.997039
1305031115.543620 -0.0979958 0.062225 0.169178 -0.055567 -0.0343479 -0.024169 0.997571
1305031115.575290 -0.080003 0.0586976 0.164981 -0.0558644 -0.0223503 -0.0184188 0.998018
1305031115.607428 -0.0643957 0.0570432 0.163409 -0.0553506 -0.0148777 -0.0127766 0.998274
1305031115.643254 -0.0445439 0.0548888 0.164169 -0.0543065 -0.0100117 -0.00601373 0.998456
1305031115.675106 -0.0323681 0.0536326 0.161954 -0.0528352 -0.00469761 0.00408077 0.998584
1305031115.706301 -0.0115426 0.0551684 0.160282 -0.0513047 -0.00649219 0.0133975 0.998572
1305031115.742905 0.0129088 0.0548417 0.159837 -0.0509646 -0.00437017 0.0204625 0.998481
1305031115.774329 0.0293938 0.0539961 0.157663 -0.0493355 0.00501019 0.0270668 0.998403
1305031115.806425 0.0473896 0.0564724 0.155449 -0.0476032 0.0127501 0.0343503 0.998194
1305031115.841936 0.0646208 0.0563255 0.155704 -0.0490377 0.0213094 0.040501 0.997748
1305031115.875347 0.074412 0.0534593 0.155831 -0.0494475 0.0301304 0.0481931 0.997158
1305031115.910716 0.0915116 0.0583166 0.155534 -0.0453496 0.0325204 0.0540492 0.996978
1305031115.942015 0.105658 0.059551 0.155564 -0.0450158 0.0383449 0.0593467 0.996484
1305031115.973799 0.121027 0.061684 0.156507 -0.0457668 0.0436104 0.0656635 0.995837
1305031116.010843 0.140595 0.0648373 0.156697 -0.0469468 0.0489172 0.0697899 0.995255
1305031116.042618 0.153487 0.0662331 0.158387 -0.0493694 0.0606062 0.0717434 0.994355
1305031116.071527 0.16722 0.0729757 0.160684 -0.0512742 0.0701574 0.0750633 0.993385
1305031116.108247 0.177244 0.0742908 0.162088 -0.0570738 0.0806211 0.0784563 0.992012
1305031116.143447 0.185753 0.0735194 0.164865 -0.0620588 0.0908342 0.0820812 0.990535
1305031116.174891 0.195864 0.0776126 0.166408 -0.0626461 0.096386 0.0848977 0.989736
1305031116.211320 0.211411 0.0781367 0.166224 -0.066369 0.0991421 0.0883229 0.988921
1305031116.242720 0.225446 0.0728995 0.167978 -0.0719086 0.103564 0.0916888 0.987774
1305031116.274421 0.23686 0.0780678 0.166911 -0.0698644 0.111116 0.0951497 0.986772
1305031116.310686 0.245508 0.078086 0.166444 -0.0723165 0.119678 0.0984695 0.985267
1305031116.342459 0.253543 0.0713412 0.167497 -0.0766216 0.125936 0.101708 0.983832
1305031116.374490 0.254067 0.0693929 0.166935 -0.0729046 0.132148 0.10223 0.983245
1305031116.409631 0.259744 0.0787226 0.162774 -0.0642065 0.13242 0.105167 0.983505
1305031116.442496 0.26308 0.078645 0.160209 -0.0656861 0.133463 0.112893 0.982409
1305031116.473394 0.263001 0.0716059 0.160265 -0.0699709 0.135579 0.118182 0.981201
1305031116.510576 0.260822 0.0717441 0.156996 -0.0679323 0.135341 0.116497 0.981579
1305031116.542695 0.253802 0.0715077 0.154972 -0.0657639 0.136452 0.112168 0.982076
1305031116.574389 0.244773 0.074119 0.153079 -0.0641299 0.135519 0.108769 0.982696
1305031116.610891 0.232596 0.0671637 0.153437 -0.0672706 0.132559 0.103316 0.983478
1305031116.642664 0.22119 0.0679035 0.15116 -0.065449 0.124955 0.0951751 0.985416
1305031116.674523 0.2073 0.0680289 0.152056 -0.0650227 0.118947 0.086019 0.987028
1305031116.710942 0.189841 0.069565 0.150651 -0.0639909 0.115974 0.0764028 0.98824
1305031116.740575 0.174174 0.0711474 0.149857 -0.0646979 0.112258 0.0657914 0.989386
1305031116.775059 0.157872 0.0694568 0.148816 -0.067957 0.108841 0.0556317 0.990172
1305031116.811343 0.138842 0.070453 0.14826 -0.0678447 0.107089 0.0476185 0.990788
1305031116.840370 0.125115 0.0735026 0.147687 -0.064997 0.0977578 0.0395226 0.992299
1305031116.871726 0.102018 0.07485 0.146758 -0.0653403 0.0906752 0.0332784 0.993177
1305031116.907955 0.0837779 0.0725103 0.143931 -0.0666263 0.0810735 0.0287749 0.994062
1305031116.940626 0.0613317 0.0791142 0.146444 -0.0648229 0.0703905 0.0213578 0.995182
1305031116.974656 0.0460724 0.0790524 0.145078 -0.0655008 0.0577991 0.0117714 0.996108
1305031117.008812 0.0274525 0.0816186 0.145055 -0.0635146 0.0467623 0.00195292 0.996883
1305031117.042065 0.0125258 0.0868319 0.145702 -0.062054 0.0359436 -0.00426099 0.997416
1305031117.071181 -0.00617248 0.0907015 0.145084 -0.0630825 0.0282105 -0.0097976 0.997561
1305031117.110454 -0.0212449 0.0920977 0.145469 -0.0655206 0.0180092 -0.0118795 0.997618
1305031117.142383 -0.0342837 0.0950442 0.142682 -0.0672746 0.00871586 -0.0121598 0.997622
1305031117.175059 -0.0449916 0.0970227 0.141545 -0.0702028 0.000120326 -0.0157822 0.997408
1305031117.207753 -0.0474589 0.0996088 0.145308 -0.0719188 -0.00916188 -0.0196711 0.997174
1305031117.241340 -0.0502799 0.104437 0.146509 -0.0736603 -0.0131614 -0.0214778 0.996965
1305031117.276516 -0.0531888 0.10485 0.14782 -0.0779959 -0.0129821 -0.025906 0.996532
1305031117.310121 -0.0576692 0.101827 0.149251 -0.0827137 -0.0105273 -0.0282552 0.996117
1305031117.341044 -0.0604232 0.0970382 0.149738 -0.0860834 -0.00996691 -0.0289734 0.995817
1305031117.375067 -0.0627906 0.0926637 0.149973 -0.0867426 -0.00954349 -0.0292301 0.995756
1305031117.408538 -0.0643309 0.0874003 0.149761 -0.0862966 -0.0105708 -0.0285099 0.995805
1305031117.442208 -0.065045 0.0839484 0.149093 -0.0836822 -0.0121302 -0.0272362 0.996046
1305031117.475651 -0.0648333 0.0782308 0.148479 -0.0821867 -0.0134093 -0.0258496 0.996191
1305031117.508882 -0.066679 0.0696859 0.148521 -0.0805455 -0.0142159 -0.0240121 0.99636
1305031117.539736 -0.0680432 0.0640311 0.148318 -0.0761058 -0.0148301 -0.0233987 0.996715
1305031117.577860 -0.068588 0.0574681 0.148841 -0.0732679 -0.0164072 -0.024199 0.996884
1305031117.607777 -0.0689597 0.0521972 0.150317 -0.071432 -0.0184039 -0.0244274 0.996976
1305031117.643284 -0.0713165 0.0432407 0.153188 -0.0707436 -0.0196895 -0.0231236 0.997032
1305031117.675483 -0.0707217 0.0362474 0.155449 -0.0702325 -0.0229691 -0.0224864 0.997013
1305031117.711215 -0.0711363 0.0281439 0.158719 -0.0708163 -0.0252353 -0.0203359 0.996963
1305031117.742995 -0.0714298 0.0172251 0.163218 -0.0717789 -0.0275636 -0.0173564 0.996889
1305031117.778969 -0.0706799 0.00923893 0.165879 -0.071487 -0.0303433 -0.0143678 0.996876
1305031117.811060 -0.0700404 -0.00113766 0.170354 -0.0727288 -0.0326446 -0.0125521 0.996738
1305031117.843307 -0.0676354 -0.0126702 0.174863 -0.0719673 -0.0336207 -0.0110764 0.996779
1305031117.879467 -0.0674685 -0.021067 0.177726 -0.0700255 -0.0311944 -0.0113974 0.996992
1305031117.908762 -0.0689061 -0.0322035 0.182787 -0.0702133 -0.0288879 -0.0114976 0.997047
1305031117.943272 -0.068575 -0.0408003 0.186699 -0.0690719 -0.0273617 -0.0116296 0.997169
1305031117.979263 -0.0706045 -0.0481727 0.190913 -0.0695637 -0.0251414 -0.0123792 0.997184
1305031118.011013 -0.0710514 -0.0610445 0.197951 -0.0725918 -0.0247733 -0.0126401 0.996974
1305031118.043549 -0.0707946 -0.0724759 0.202992 -0.0728827 -0.0237034 -0.0119201 0.996988
1305031118.079369 -0.0695919 -0.0825278 0.207555 -0.0730367 -0.023045 -0.013171 0.996976
1305031118.110863 -0.0671071 -0.0934326 0.213401 -0.0732524 -0.0201546 -0.0140482 0.997011
1305031118.142285 -0.0699846 -0.102862 0.216693 -0.0719221 -0.0149127 -0.0165062 0.997162
1305031118.178170 -0.0705926 -0.115186 0.221577 -0.0722998 -0.0116495 -0.0182966 0.997147
1305031118.210782 -0.0725918 -0.126284 0.22551 -0.0703378 -0.00872673 -0.0176867 0.997328
1305031118.242948 -0.0750709 -0.136011 0.228383 -0.0673129 -0.00853867 -0.0174274 0.997543
1305031118.278991 -0.073821 -0.146943 0.233027 -0.0644027 -0.00954563 -0.0181845 0.997713
1305031118.310731 -0.0742204 -0.156221 0.235968 -0.0587362 -0.00972072 -0.0186533 0.998052
1305031118.342079 -0.0726763 -0.161709 0.238192 -0.0532343 -0.00955661 -0.0195916 0.998344
1305031118.377003 -0.0741551 -0.16935 0.241193 -0.0495543 -0.00756621 -0.021002 0.998522
1305031118.408818 -0.0754261 -0.175086 0.243575 -0.0469574 -0.00871095 -0.0214338 0.998629
1305031118.445703 -0.0733266 -0.175686 0.245758 -0.0447038 -0.00998479 -0.0197409 0.998755
1305031118.477869 -0.0723542 -0.179109 0.248033 -0.0447472 -0.0104619 -0.0168255 0.998802
1305031118.510201 -0.0713028 -0.177945 0.249359 -0.042355 -0.011125 -0.0159221 0.998914
1305031118.545199 -0.0703504 -0.175155 0.249443 -0.0425072 -0.0107234 -0.0172202 0.99889
1305031118.576377 -0.0686701 -0.172485 0.250667 -0.0443551 -0.0102908 -0.0178099 0.998804
1305031118.610869 -0.0679331 -0.16652 0.249991 -0.0442075 -0.00832147 -0.0196834 0.998794
1305031118.645331 -0.0689671 -0.160472 0.247687 -0.0450166 -0.00575223 -0.0228002 0.998709
1305031118.675082 -0.0684272 -0.151567 0.245855 -0.0469958 -0.00482443 -0.0244276 0.998585
1305031118.710140 -0.069262 -0.149216 0.245466 -0.0498241 -0.0046991 -0.0265814 0.998393
1305031118.746801 -0.0722456 -0.142097 0.240795 -0.0487457 -0.0058133 -0.0265719 0.998441
1305031118.778790 -0.0702001 -0.123184 0.236106 -0.0469281 -0.0103252 -0.0268038 0.998485
1305031118.810703 -0.068136 -0.11815 0.234419 -0.0524502 -0.013114 -0.0277644 0.998151
1305031118.846774 -0.0662232 -0.111662 0.229864 -0.0510109 -0.0133882 -0.0265007 0.998257
1305031118.875402 -0.0637699 -0.089033 0.221006 -0.0450509 -0.0123725 -0.0283043 0.998507
1305031118.909608 -0.0626876 -0.0815283 0.21737 -0.0484547 -0.0114399 -0.0307319 0.998287
1305031118.947009 -0.0632784 -0.0694074 0.210572 -0.0475516 -0.00975778 -0.0323464 0.998297
1305031118.979394 -0.0645162 -0.0537223 0.202968 -0.0467971 -0.00847796 -0.0360062 0.998219
1305031119.009712 -0.0654306 -0.0423484 0.19823 -0.0500076 -0.00851419 -0.0384191 0.997973
1305031119.047180 -0.0678013 -0.0322791 0.192536 -0.0523131 -0.00816476 -0.0389268 0.997838
1305031119.078966 -0.0709105 -0.0213163 0.185654 -0.0528337 -0.00912249 -0.0386476 0.997813
1305031119.110884 -0.0727741 -0.00938073 0.179903 -0.0523455 -0.0118786 -0.0383046 0.997823
1305031119.147629 -0.0749993 0.00306058 0.173945 -0.0517762 -0.0147106 -0.0371876 0.997858
1305031119.179262 -0.0757679 0.00980903 0.168118 -0.0532123 -0.0184126 -0.0366918 0.997739
1305031119.210906 -0.0747776 0.02111 0.162018 -0.0504705 -0.0208514 -0.0353811 0.997881
1305031119.247660 -0.0760756 0.0339344 0.15667 -0.04827 -0.0217102 -0.0348105 0.997991
1305031119.279244 -0.0751885 0.0453674 0.151591 -0.0473401 -0.023119 -0.0349796 0.997998
1305031119.310755 -0.0758091 0.0540994 0.147123 -0.0477065 -0.0233913 -0.0329468 0.998044
1305031119.347750 -0.0766022 0.0626252 0.143193 -0.0472246 -0.0246963 -0.0302344 0.998121
1305031119.378631 -0.0763595 0.0753851 0.138237 -0.0452615 -0.0269499 -0.0294874 0.998176
1305031119.411492 -0.0739149 0.0855617 0.134224 -0.0457962 -0.028104 -0.0292648 0.998126
1305031119.447726 -0.0753092 0.0962724 0.130931 -0.0456636 -0.0252018 -0.0295474 0.998202
1305031119.477682 -0.076856 0.107234 0.127068 -0.044217 -0.0225809 -0.0300365 0.998315
1305031119.511258 -0.0766616 0.11896 0.123346 -0.0444123 -0.0216191 -0.0297167 0.998337
1305031119.547414 -0.0770769 0.130615 0.119947 -0.0452416 -0.0214251 -0.0284124 0.998342
1305031119.579569 -0.0770639 0.147019 0.116538 -0.0448662 -0.0203516 -0.0285268 0.998378
1305031119.615024 -0.0771197 0.155545 0.115371 -0.0489577 -0.0185912 -0.0277358 0.998243
1305031119.648889 -0.0786475 0.170983 0.112884 -0.0496939 -0.0172827 -0.0264086 0.998266
1305031119.675566 -0.0777091 0.184523 0.111273 -0.0524553 -0.0157026 -0.0286476 0.998089
1305031119.715249 -0.0780118 0.192917 0.110167 -0.0585559 -0.0115219 -0.0265074 0.997866
1305031119.744886 -0.0820337 0.201782 0.108765 -0.0625104 -0.00785982 -0.0217288 0.997777
1305031119.778628 -0.0826423 0.211981 0.108433 -0.064885 -0.00902278 -0.0185781 0.997679
1305031119.814571 -0.081949 0.221361 0.106295 -0.0668661 -0.0102974 -0.0151061 0.997594
1305031119.847445 -0.0805463 0.231967 0.105488 -0.068611 -0.0102768 -0.0108668 0.997531
1305031119.879232 -0.0813595 0.238915 0.103789 -0.069592 -0.00815122 -0.0102496 0.99749
1305031119.911424 -0.0847118 0.25173 0.100918 -0.0674294 -0.00481911 -0.0102153 0.99766
1305031119.947462 -0.0842119 0.261414 0.0993968 -0.0703739 -0.00345355 -0.00966974 0.997468
1305031119.979546 -0.0827224 0.267268 0.0976769 -0.0731796 -0.00118394 -0.0102963 0.997265
1305031120.015283 -0.0841729 0.278406 0.0962437 -0.0748862 0.00237803 -0.00918675 0.997147
1305031120.047310 -0.0865276 0.286144 0.0968991 -0.079458 0.00441497 -0.00737497 0.996801
1305031120.075690 -0.086707 0.285363 0.0966744 -0.082922 0.00246464 -0.0052822 0.996539
1305031120.115249 -0.0878735 0.289492 0.0956128 -0.0831707 0.000665654 -0.00328564 0.99653
1305031120.148175 -0.0878778 0.291751 0.0962719 -0.0835652 -0.000227661 -0.00274124 0.996499
1305031120.179261 -0.0879876 0.27693 0.0953129 -0.089133 0.000393681 -9.92646e-05 0.99602
1305031120.215260 -0.0871084 0.265502 0.0955984 -0.0890764 0.00024997 0.000965662 0.996024
1305031120.248018 -0.0872517 0.264711 0.0955977 -0.0832562 0.000381574 -0.00178036 0.996527
1305031120.279441 -0.0864942 0.256716 0.0968406 -0.0813394 0.000683961 -0.00312144 0.996681
1305031120.315213 -0.0867801 0.246239 0.0986327 -0.0802589 0.00141267 -0.00506444 0.99676
1305031120.347797 -0.0862419 0.238807 0.100742 -0.0766435 0.00168277 -0.00733793 0.99703
1305031120.379446 -0.0858523 0.229398 0.104691 -0.0748641 0.00157547 -0.00801113 0.99716
1305031120.415490 -0.0850497 0.213039 0.110006 -0.0719958 0.000726452 -0.00767185 0.997375
1305031120.447433 -0.0851426 0.205892 0.112354 -0.0643008 0.00026884 -0.00827476 0.997896
1305031120.475582 -0.0824099 0.192832 0.117665 -0.0624766 -0.00171211 -0.00736647 0.998018
1305031120.514877 -0.0844063 0.179476 0.122338 -0.057754 -0.00232715 -0.00538268 0.998314
1305031120.547807 -0.084582 0.170989 0.126298 -0.0507046 -0.00516731 -0.00384935 0.998693
1305031120.579559 -0.0844841 0.16256 0.130548 -0.0464501 -0.00908214 -0.00122554 0.998879
1305031120.615271 -0.0827708 0.151684 0.135567 -0.0441158 -0.0139535 0.00164427 0.998928
1305031120.646607 -0.0817325 0.142823 0.139108 -0.0392933 -0.0171739 0.00177212 0.999079
1305031120.678467 -0.0791982 0.13477 0.143638 -0.0361835 -0.0197415 0.00199274 0.999148
1305031120.714553 -0.0787377 0.125128 0.148118 -0.0343866 -0.0206056 0.00307106 0.999191
1305031120.747396 -0.0782455 0.114622 0.152859 -0.0337464 -0.0227738 0.00329312 0.999165
1305031120.779908 -0.0762286 0.103997 0.157567 -0.0323465 -0.0255769 0.00352444 0.999143
1305031120.814905 -0.0759828 0.0953625 0.159448 -0.0296558 -0.0260808 0.00287886 0.999216
1305031120.847942 -0.0746358 0.086445 0.163719 -0.0298885 -0.0275236 0.000931892 0.999174
1305031120.883454 -0.0738276 0.0750486 0.16676 -0.0289317 -0.0273417 -0.000436937 0.999207
1305031120.915454 -0.0735533 0.0674959 0.169616 -0.026983 -0.026286 -0.00271925 0.999287
1305031120.947509 -0.0718861 0.0574304 0.172772 -0.0275311 -0.026476 -0.00449486 0.99926
1305031120.983390 -0.0738672 0.0476068 0.17499 -0.0273988 -0.0256504 -0.00676246 0.999273
1305031121.015029 -0.0740141 0.0370619 0.177396 -0.0266952 -0.0262448 -0.00800759 0.999267
1305031121.047755 -0.0739232 0.0296814 0.179294 -0.025455 -0.0264068 -0.00918876 0.999285
1305031121.083117 -0.0756901 0.0158093 0.182263 -0.0263951 -0.0267377 -0.0102692 0.999241
1305031121.114878 -0.0749969 0.0069991 0.183128 -0.024003 -0.0284107 -0.00970708 0.999261
1305031121.147355 -0.0762172 -0.00207655 0.184285 -0.0223291 -0.0289696 -0.0104685 0.999276
1305031121.183281 -0.077333 -0.011626 0.187172 -0.0207907 -0.029799 -0.0108888 0.99928
1305031121.211431 -0.0753838 -0.02152 0.189498 -0.0186924 -0.0304494 -0.0112023 0.999299
1305031121.247201 -0.0768282 -0.0299834 0.19116 -0.0164827 -0.0288763 -0.0121235 0.999374
1305031121.282822 -0.0778194 -0.0417237 0.194425 -0.017467 -0.0296735 -0.0110302 0.999346
1305031121.313588 -0.0765077 -0.0529968 0.197932 -0.0158766 -0.0303703 -0.00995729 0.999363
1305031121.347540 -0.0784553 -0.0611921 0.198797 -0.0134995 -0.030614 -0.00890811 0.9994
1305031121.383248 -0.0763832 -0.0736219 0.20322 -0.0130927 -0.0326975 -0.00818792 0.999346
1305031121.414328 -0.0780884 -0.0837276 0.204618 -0.00938912 -0.0312464 -0.00932195 0.999424
1305031121.447024 -0.0778213 -0.0906472 0.208112 -0.00707686 -0.0313196 -0.0093848 0.99944
1305031121.483015 -0.0746992 -0.103853 0.212786 -0.00712317 -0.0306646 -0.00790823 0.999473
1305031121.514164 -0.0791078 -0.109865 0.21071 -0.00311452 -0.0272657 -0.00761683 0.999594
1305031121.546810 -0.0796289 -0.115787 0.213233 -0.00321552 -0.0272096 -0.00742353 0.999597
1305031121.583213 -0.0785451 -0.126766 0.217522 -0.00552807 -0.0264594 -0.00809942 0.999602
1305031121.614719 -0.0768644 -0.138673 0.220691 -0.00628284 -0.0253841 -0.00865799 0.999621
1305031121.646966 -0.0766513 -0.144913 0.222119 -0.00523553 -0.0217258 -0.0113092 0.999686
1305031121.683211 -0.078247 -0.151803 0.223796 -0.00682976 -0.0174769 -0.0134589 0.999733
1305031121.714528 -0.0810132 -0.160957 0.226416 -0.00858164 -0.0155036 -0.0119947 0.999771
1305031121.746484 -0.0808207 -0.165696 0.228659 -0.00964778 -0.0156604 -0.0120735 0.999758
1305031121.782871 -0.07886 -0.174583 0.231953 -0.0125243 -0.0159524 -0.00974461 0.999747
1305031121.811545 -0.078179 -0.17791 0.235315 -0.0133036 -0.0151483 -0.0082252 0.999763
1305031121.846870 -0.0771953 -0.181678 0.237174 -0.0151264 -0.0137938 -0.00560784 0.999775
1305031121.882123 -0.076273 -0.185656 0.238597 -0.0179109 -0.0136357 0.000484357 0.999746
1305031121.914943 -0.0770899 -0.186359 0.238282 -0.0195731 -0.0146654 0.00370472 0.999694
1305031121.947318 -0.0764044 -0.186723 0.239783 -0.0199653 -0.0169821 0.003408 0.999651
1305031121.982935 -0.0747879 -0.181396 0.239751 -0.0186694 -0.0174251 0.0026505 0.99967
1305031122.014424 -0.0756632 -0.178907 0.238392 -0.0195513 -0.0168133 0.00100951 0.999667
1305031122.046908 -0.075355 -0.174112 0.236678 -0.0187509 -0.0179206 -0.00226399 0.999661
1305031122.082969 -0.0754443 -0.167142 0.234813 -0.0176988 -0.0183573 -0.00621973 0.999655
1305031122.114688 -0.0758373 -0.156868 0.23091 -0.0157931 -0.0182878 -0.0099766 0.999658
1305031122.150748 -0.075464 -0.147782 0.22836 -0.0160226 -0.0186103 -0.0151731 0.999583
1305031122.183052 -0.075599 -0.137746 0.223858 -0.0146515 -0.0176324 -0.020233 0.999532
1305031122.214969 -0.0772099 -0.117202 0.218948 -0.0134932 -0.0157874 -0.0260173 0.999446
1305031122.251355 -0.0774842 -0.108555 0.217153 -0.0194203 -0.0148108 -0.0290879 0.999278
1305031122.283866 -0.0790333 -0.0961199 0.211974 -0.0203126 -0.0148592 -0.0303971 0.999221
1305031122.314309 -0.0808255 -0.0765962 0.20756 -0.0227303 -0.0164314 -0.0346656 0.999005
1305031122.351351 -0.0811167 -0.0670815 0.204067 -0.0296776 -0.0186655 -0.0375944 0.998678
1305031122.382678 -0.0839042 -0.0530125 0.198692 -0.0334417 -0.0198028 -0.0377707 0.99853
1305031122.415008 -0.08421 -0.0471055 0.194931 -0.0391937 -0.0238121 -0.0374951 0.998244
1305031122.451272 -0.0859962 -0.0346703 0.189309 -0.0405363 -0.0277378 -0.0359054 0.998147
1305031122.483388 -0.0882866 -0.0217486 0.184388 -0.0422968 -0.0316297 -0.035894 0.997959
1305031122.515135 -0.0885909 -0.0106617 0.178931 -0.0434283 -0.035495 -0.0374047 0.997725
1305031122.551510 -0.0873021 0.00060199 0.173775 -0.0446583 -0.0372093 -0.0394478 0.997529
1305031122.583217 -0.0874503 0.0111759 0.169439 -0.0459386 -0.0360166 -0.040923 0.997456
1305031122.615017 -0.0904403 0.0190308 0.165083 -0.0473167 -0.0348931 -0.0403302 0.997455
1305031122.648810 -0.0910792 0.0297147 0.159797 -0.0460815 -0.0364301 -0.0388814 0.997516
1305031122.683420 -0.0922086 0.0422624 0.155187 -0.0445852 -0.0373059 -0.0377749 0.997594
1305031122.715219 -0.0927893 0.052528 0.151884 -0.0444671 -0.0396611 -0.0345887 0.997624
1305031122.751309 -0.0932578 0.0671195 0.146756 -0.0428097 -0.0420813 -0.034508 0.9976
1305031122.783438 -0.0928272 0.0833386 0.142285 -0.0435346 -0.0426972 -0.0352952 0.997515
1305031122.812565 -0.0916948 0.0918282 0.141469 -0.0487432 -0.0424194 -0.0362379 0.997252
1305031122.851486 -0.0881093 0.10294 0.139404 -0.0502017 -0.0400949 -0.0377979 0.997218
1305031122.883775 -0.0899804 0.115103 0.136004 -0.0516157 -0.0332556 -0.0387412 0.997361
1305031122.914585 -0.0923016 0.119648 0.134809 -0.0565797 -0.0294917 -0.037107 0.997272
1305031122.951413 -0.0929686 0.12576 0.131978 -0.0585405 -0.0283462 -0.0359361 0.997235
1305031122.983000 -0.0945875 0.137702 0.12934 -0.0584741 -0.0278476 -0.032675 0.997365
1305031123.015462 -0.0936794 0.143376 0.126984 -0.0615084 -0.0291771 -0.0295015 0.997244
1305031123.051838 -0.093086 0.150342 0.124721 -0.0613216 -0.0292198 -0.0279873 0.997298
1305031123.082992 -0.0931306 0.162342 0.121739 -0.0593705 -0.0284381 -0.0260496 0.997491
1305031123.113939 -0.0935231 0.174117 0.119283 -0.0605547 -0.027265 -0.0240305 0.997503
1305031123.150840 -0.0920081 0.180991 0.117879 -0.0641263 -0.026961 -0.0232794 0.997306
1305031123.182176 -0.0910239 0.194641 0.116219 -0.0645565 -0.0258414 -0.0228793 0.997317
1305031123.214724 -0.0891758 0.206179 0.115202 -0.0677176 -0.0221748 -0.0232094 0.997188
1305031123.250641 -0.087761 0.222157 0.113135 -0.0705818 -0.0185231 -0.0233121 0.997062
1305031123.282363 -0.087741 0.230132 0.114072 -0.0790925 -0.0151859 -0.0217739 0.996514
1305031123.320992 -0.0870599 0.241122 0.11411 -0.0836874 -0.0113549 -0.0205523 0.996215
1305031123.350493 -0.0858035 0.249213 0.113346 -0.0886622 -0.0075528 -0.0199068 0.995834
1305031123.382263 -0.0848939 0.258932 0.112789 -0.0923288 -0.00327261 -0.0172801 0.995573
1305031123.421343 -0.0854789 0.268802 0.112208 -0.0942683 0.00207321 -0.0146964 0.995436
1305031123.451266 -0.0857198 0.277447 0.111147 -0.0958526 0.00512075 -0.0132873 0.995294
1305031123.483605 -0.0842127 0.286683 0.110244 -0.0990197 0.00633096 -0.00849379 0.995029
1305031123.519725 -0.08273 0.296549 0.109415 -0.100721 0.00767946 -0.00510818 0.994872
1305031123.551573 -0.0810579 0.303104 0.108189 -0.1028 0.00727596 -0.00272828 0.994672
1305031123.579616 -0.0809474 0.312613 0.107109 -0.103477 0.00783898 0.000506839 0.994601
1305031123.620387 -0.0787236 0.319724 0.105139 -0.104863 0.00857902 0.00205803 0.994448
1305031123.652430 -0.0771018 0.328523 0.104311 -0.107559 0.0102173 0.00178281 0.994145
1305031123.683785 -0.0761081 0.336974 0.104042 -0.110447 0.0133017 0.00305722 0.993788
1305031123.719975 -0.0741832 0.344509 0.103079 -0.11385 0.0163599 0.0048768 0.993351
1305031123.751980 -0.0717544 0.349585 0.102343 -0.11644 0.0174407 0.0069463 0.99302
1305031123.784138 -0.071163 0.353709 0.100996 -0.117412 0.017207 0.00886889 0.992895
1305031123.819696 -0.0701369 0.356847 0.0997074 -0.117612 0.0167325 0.0100069 0.992868
1305031123.851551 -0.0692413 0.3582 0.0993856 -0.118305 0.0164135 0.0120666 0.992768
1305031123.883819 -0.0687723 0.358466 0.0983824 -0.117366 0.0151179 0.0124593 0.992896
1305031123.915794 -0.0698505 0.354694 0.0989623 -0.11575 0.0142381 0.0117138 0.993107
1305031123.951530 -0.0686929 0.350938 0.0986268 -0.116526 0.012977 0.0130848 0.993017
1305031123.983421 -0.068881 0.352675 0.099819 -0.114672 0.0108879 0.0148786 0.993232
1305031124.019737 -0.0695435 0.345641 0.101784 -0.110863 0.00758981 0.0140842 0.993707
1305031124.051531 -0.0704668 0.336389 0.10366 -0.108811 0.0048842 0.0143285 0.993947
1305031124.083902 -0.0689201 0.335164 0.106158 -0.10489 0.00134985 0.0139859 0.994385
1305031124.119669 -0.0700298 0.325891 0.109413 -0.0999399 -0.000846462 0.0123743 0.994916
1305031124.147458 -0.0713095 0.315085 0.111272 -0.0969008 -0.00180981 0.0106756 0.995235
1305031124.182707 -0.070569 0.310485 0.11504 -0.0937043 -0.00324503 0.00880846 0.995556
1305031124.217179 -0.0708573 0.298872 0.118519 -0.0888748 -0.00436033 0.00557766 0.996018
1305031124.249340 -0.0707122 0.286892 0.119102 -0.0857706 -0.00584318 0.0064118 0.996277
1305031124.282555 -0.0737291 0.268611 0.12248 -0.0906634 -0.00809415 0.00515471 0.995835
1305031124.316782 -0.0721258 0.245386 0.126279 -0.0944978 -0.0128148 0.00618645 0.995423
1305031124.350371 -0.0732895 0.239045 0.127946 -0.0880648 -0.0156463 0.00494707 0.99598
1305031124.382432 -0.0715341 0.226111 0.130812 -0.0861732 -0.0188534 0.00384213 0.996094
1305031124.418555 -0.0714338 0.213669 0.132888 -0.0821628 -0.0203506 0.00248655 0.996408
1305031124.450256 -0.0709251 0.203343 0.134132 -0.0754606 -0.0218028 0.000783776 0.99691
1305031124.480126 -0.0721602 0.189818 0.135736 -0.0700864 -0.022563 -0.0018134 0.997284
1305031124.516737 -0.0736007 0.179933 0.137 -0.0633514 -0.0236874 -0.00439162 0.9977
1305031124.550503 -0.0736903 0.169656 0.139192 -0.0587096 -0.0254752 -0.00685249 0.997926
1305031124.584606 -0.0746745 0.156171 0.14199 -0.0558344 -0.0275505 -0.00929634 0.998017
1305031124.617653 -0.0743201 0.14241 0.145146 -0.0520398 -0.0302107 -0.0114232 0.998123
1305031124.651313 -0.0748061 0.132184 0.147907 -0.0476041 -0.0323383 -0.0136731 0.998249
1305031124.685473 -0.0739148 0.116867 0.152098 -0.0453796 -0.0345744 -0.0154027 0.998253
1305031124.715791 -0.0723946 0.106128 0.15548 -0.0408259 -0.0356028 -0.0172094 0.998383
1305031124.749941 -0.0739906 0.0944756 0.15942 -0.0382533 -0.0351795 -0.0191585 0.998465
1305031124.785178 -0.0748623 0.0809881 0.163281 -0.0358859 -0.0359342 -0.0196593 0.998516
1305031124.816641 -0.0742634 0.0696998 0.1679 -0.0335064 -0.0374209 -0.0201718 0.998534
1305031124.850559 -0.0758174 0.0565466 0.172923 -0.0335257 -0.0381055 -0.021255 0.998485
1305031124.883594 -0.0725434 0.0418729 0.179209 -0.0326209 -0.0395772 -0.0214037 0.998455
1305031124.918770 -0.0711413 0.0340441 0.184125 -0.0300249 -0.0379019 -0.0216423 0.998596
1305031124.950748 -0.0716647 0.0225794 0.190523 -0.0323887 -0.0366455 -0.0222442 0.998556
1305031124.986460 -0.0712504 0.00343541 0.19725 -0.0344996 -0.0358364 -0.0194993 0.998572
1305031125.019467 -0.0739921 -0.00686655 0.200878 -0.0298565 -0.0370287 -0.0180778 0.998704
1305031125.050798 -0.0711452 -0.0138968 0.205018 -0.0267633 -0.0405366 -0.0179558 0.998658
1305031125.083480 -0.0709154 -0.0247876 0.210089 -0.0276304 -0.0401187 -0.0155364 0.998692
1305031125.119029 -0.0721668 -0.0372837 0.215116 -0.0276374 -0.0405116 -0.0137709 0.998702
1305031125.151037 -0.0717674 -0.048028 0.218079 -0.0246125 -0.040916 -0.0154449 0.99874
1305031125.187064 -0.0727748 -0.0499288 0.22111 -0.0223292 -0.0389709 -0.0161755 0.99886
1305031125.219018 -0.0740993 -0.0631454 0.225006 -0.0267165 -0.0372721 -0.0155323 0.998827
1305031125.250642 -0.0760916 -0.0757476 0.22878 -0.0263234 -0.0363912 -0.0173276 0.998841
1305031125.286396 -0.0784684 -0.0816106 0.229662 -0.0228721 -0.0357623 -0.0193196 0.998912
1305031125.319140 -0.0778063 -0.0921685 0.234863 -0.023253 -0.0346998 -0.0188353 0.99895
1305031125.348899 -0.079935 -0.0997369 0.236045 -0.0203324 -0.0327218 -0.0209531 0.999038
1305031125.386792 -0.0764067 -0.104748 0.240128 -0.019665 -0.0325586 -0.0259085 0.99894
1305031125.419574 -0.0765283 -0.11044 0.243454 -0.0198212 -0.0267115 -0.0272976 0.999074
1305031125.451232 -0.0793052 -0.116341 0.245379 -0.0224125 -0.0203932 -0.028991 0.99912
1305031125.486999 -0.0790537 -0.125908 0.249228 -0.0235964 -0.0166105 -0.0301308 0.999129
1305031125.519354 -0.079494 -0.12745 0.249343 -0.0222937 -0.0129107 -0.0316394 0.999167
1305031125.551050 -0.0790831 -0.129887 0.250905 -0.0231419 -0.0100733 -0.0331228 0.999133
1305031125.585303 -0.078818 -0.13236 0.251892 -0.0246 -0.00677298 -0.0359388 0.999028
1305031125.617870 -0.0790559 -0.138921 0.25195 -0.0256814 -0.00341368 -0.0361131 0.999012
1305031125.650354 -0.081295 -0.142947 0.248674 -0.0228338 -0.00241022 -0.0324845 0.999208
1305031125.684602 -0.0851788 -0.135756 0.242821 -0.0170491 -0.0050132 -0.0317759 0.999337
1305031125.715669 -0.0813529 -0.136524 0.241816 -0.0164986 -0.0116466 -0.029556 0.999359
1305031125.751292 -0.0817386 -0.124748 0.237559 -0.0101624 -0.0140529 -0.0291431 0.999425
1305031125.786805 -0.0813927 -0.116091 0.234217 -0.00915141 -0.0150012 -0.0321322 0.999329
1305031125.819450 -0.0794055 -0.106517 0.231574 -0.00831724 -0.0151525 -0.0333885 0.999293
1305031125.854774 -0.0802255 -0.0979901 0.228215 -0.00995766 -0.0134224 -0.0353325 0.999236
1305031125.886645 -0.0816754 -0.0899199 0.223245 -0.0104029 -0.0133721 -0.0360834 0.999205
1305031125.919334 -0.0842131 -0.0762021 0.218252 -0.0119651 -0.0154634 -0.0355657 0.999176
1305031125.955252 -0.0855834 -0.071127 0.216023 -0.0170184 -0.021515 -0.0314028 0.99913
1305031125.987094 -0.0837006 -0.0581634 0.213076 -0.0166496 -0.0293991 -0.0279876 0.999037
1305031126.019572 -0.0807016 -0.043896 0.210188 -0.017586 -0.0357752 -0.0281433 0.998809
1305031126.055038 -0.0747933 -0.0300217 0.208755 -0.0196732 -0.0391521 -0.0279194 0.998649
1305031126.087076 -0.0752859 -0.0156197 0.205718 -0.0226213 -0.0371398 -0.0284481 0.998649
1305031126.119452 -0.0724978 -0.00620331 0.205492 -0.0272649 -0.0370975 -0.0278958 0.99855
1305031126.155000 -0.0727152 0.0106168 0.202247 -0.0279316 -0.0355442 -0.0273931 0.998602
1305031126.187174 -0.0713764 0.0263801 0.200057 -0.0329496 -0.0358966 -0.0267668 0.998453
1305031126.219473 -0.0694685 0.035848 0.199193 -0.0386035 -0.0366749 -0.025934 0.998245
1305031126.255236 -0.0678757 0.0512999 0.196603 -0.0402709 -0.0358096 -0.025702 0.998216
1305031126.287105 -0.0656465 0.0641573 0.194982 -0.0441408 -0.034769 -0.0262849 0.998074
1305031126.319787 -0.0641211 0.0804579 0.192339 -0.0464056 -0.0320168 -0.0283183 0.998008
1305031126.355415 -0.0646022 0.090925 0.19047 -0.0513136 -0.0276537 -0.0291686 0.997873
1305031126.387483 -0.0668776 0.103342 0.187585 -0.0540557 -0.0234531 -0.0309445 0.997783
1305031126.419793 -0.0665405 0.114911 0.185041 -0.0582223 -0.021786 -0.0322398 0.997545
1305031126.455380 -0.0667397 0.122811 0.183114 -0.0634725 -0.0200396 -0.0317755 0.997276
1305031126.490386 -0.0689246 0.133215 0.179785 -0.0655074 -0.019013 -0.029021 0.997249
1305031126.522321 -0.0678181 0.148124 0.175504 -0.0666729 -0.0208784 -0.0269913 0.997191
1305031126.558209 -0.0645544 0.157972 0.174411 -0.0722277 -0.0225646 -0.0267906 0.996773
1305031126.590176 -0.0643997 0.167698 0.172339 -0.0761287 -0.0202702 -0.0246996 0.996586
1305031126.618687 -0.0634429 0.177205 0.170314 -0.0805151 -0.0185076 -0.0231323 0.996313
1305031126.654474 -0.0614879 0.181673 0.169543 -0.0855181 -0.0172322 -0.0210842 0.995964
1305031126.690022 -0.0614592 0.188882 0.167547 -0.0868334 -0.0147032 -0.0166561 0.995975
1305031126.715770 -0.0601118 0.196703 0.164747 -0.0885263 -0.0132421 -0.013326 0.995897
1305031126.755374 -0.0584327 0.196755 0.163091 -0.0917376 -0.0117758 -0.0105188 0.995658
1305031126.787565 -0.0574614 0.204929 0.160699 -0.0897031 -0.0110156 -0.00772259 0.995878
1305031126.819929 -0.0559513 0.211437 0.157847 -0.0885911 -0.00915602 -0.00715543 0.996
1305031126.858378 -0.054421 0.214681 0.155862 -0.0888916 -0.00596014 -0.00636735 0.996003
1305031126.888154 -0.0537286 0.217343 0.153927 -0.0894462 -0.00378061 -0.00591817 0.995967
1305031126.919409 -0.0524201 0.21966 0.152825 -0.0893179 -0.00200862 -0.00631041 0.995981
1305031126.955501 -0.0516624 0.220295 0.151515 -0.0903265 -0.00109015 -0.00469892 0.995901
1305031126.987316 -0.0528213 0.217939 0.150206 -0.0921598 -0.000968629 -0.00380656 0.995736
1305031127.019524 -0.0519786 0.217417 0.149597 -0.0909144 -0.00213287 -0.00319484 0.995851
1305031127.053318 -0.0506518 0.219441 0.149093 -0.0890788 -0.00315807 -0.00219039 0.996017
1305031127.088649 -0.0518749 0.217074 0.149179 -0.0903582 -0.00289403 -0.00202587 0.995903
1305031127.120963 -0.0535867 0.212987 0.148955 -0.0915484 -0.00412796 -0.0011262 0.995791
1305031127.157692 -0.0537658 0.209067 0.150199 -0.0913363 -0.00744665 -0.0003848 0.995792
1305031127.187500 -0.0531511 0.208343 0.150207 -0.0891578 -0.0106228 -0.000855342 0.99596
1305031127.221831 -0.0523447 0.207342 0.151773 -0.0880371 -0.0126983 -0.00098773 0.996036
1305031127.259761 -0.0520489 0.201514 0.153347 -0.0879267 -0.0131041 -0.00169309 0.996039
1305031127.287038 -0.0529752 0.202278 0.153844 -0.0844393 -0.0130347 -0.00295173 0.996339
1305031127.320468 -0.0545303 0.198631 0.155097 -0.0851374 -0.0133144 -0.00390101 0.996273
1305031127.353407 -0.0551551 0.19123 0.157654 -0.0853934 -0.0146931 -0.00410948 0.99623
1305031127.383713 -0.0560916 0.192157 0.158524 -0.0815808 -0.0156123 -0.00442421 0.996535
1305031127.419650 -0.0565784 0.189773 0.160452 -0.0815375 -0.016715 -0.00486663 0.996518
1305031127.454246 -0.0566328 0.183871 0.162709 -0.0822793 -0.0180986 -0.00494097 0.996433
1305031127.487200 -0.0574585 0.186043 0.163483 -0.0787969 -0.0189514 -0.00612402 0.996692
1305031127.521900 -0.0578195 0.184408 0.165051 -0.0798808 -0.0200321 -0.00710305 0.996578
1305031127.553725 -0.0572962 0.179687 0.167776 -0.0811642 -0.0212453 -0.00637626 0.996454
1305031127.586632 -0.0589898 0.179305 0.168114 -0.0792769 -0.0210757 -0.00691518 0.996606
1305031127.620657 -0.0592998 0.181029 0.168135 -0.0784684 -0.0215021 -0.00736482 0.996657
1305031127.654656 -0.0582334 0.17693 0.170202 -0.0807278 -0.0223606 -0.00553839 0.99647
1305031127.687110 -0.0584339 0.175409 0.170864 -0.0794744 -0.0226772 -0.00491721 0.996567
1305031127.723210 -0.0588027 0.176852 0.170353 -0.078099 -0.0234248 -0.00577478 0.996654
1305031127.754694 -0.0580837 0.174524 0.171964 -0.0798269 -0.0242192 -0.00572494 0.996498
1305031127.787641 -0.0579612 0.171923 0.172725 -0.079608 -0.0245626 -0.00542725 0.996509
1305031127.820128 -0.0588331 0.172789 0.171596 -0.0776937 -0.0244257 -0.00669233 0.996656
1305031127.855132 -0.0595831 0.171839 0.171783 -0.0780149 -0.0242669 -0.0078313 0.996626
1305031127.887122 -0.0603201 0.170228 0.172286 -0.0784935 -0.0244186 -0.00799298 0.996583
1305031127.922560 -0.0614198 0.170463 0.172407 -0.0779229 -0.0249025 -0.00834069 0.996613
1305031127.955088 -0.0618996 0.171624 0.172958 -0.078032 -0.0256809 -0.00837543 0.996585
1305031127.987093 -0.0614492 0.170122 0.174584 -0.0800051 -0.0266601 -0.00852963 0.996401
1305031128.021776 -0.0608094 0.171226 0.176442 -0.0805968 -0.0270852 -0.00907305 0.996337
1305031128.055718 -0.0596314 0.168192 0.179079 -0.0837492 -0.026545 -0.00791841 0.996102
1305031128.087206 -0.0601145 0.165489 0.180589 -0.0845443 -0.0259245 -0.00680683 0.996059
1305031128.124746 -0.0602479 0.164901 0.181859 -0.0838304 -0.0261207 -0.00654954 0.996116
1305031128.157782 -0.060355 0.164032 0.182707 -0.0845573 -0.0260062 -0.00474306 0.996068
1305031128.187221 -0.058069 0.159969 0.185127 -0.0853347 -0.0270472 -0.00328137 0.99598
1305031128.225442 -0.0586209 0.16114 0.184536 -0.0826651 -0.0266801 -0.00305172 0.996216
1305031128.256007 -0.0594983 0.161308 0.184753 -0.0828545 -0.0268164 -0.00272707 0.996197
1305031128.291275 -0.05892 0.158549 0.186187 -0.0838508 -0.027478 -0.00255437 0.996096
1305031128.324170 -0.0586512 0.159129 0.185944 -0.0823668 -0.0277127 -0.00300661 0.996212
1305031128.355206 -0.0597554 0.159125 0.185452 -0.0821556 -0.0273094 -0.00410575 0.996237
1305031128.391397 -0.0601805 0.157999 0.185883 -0.0826962 -0.0275414 -0.00560544 0.996178
1305031128.423609 -0.0611323 0.15701 0.185946 -0.082344 -0.0272777 -0.00674335 0.996208
1305031128.455499 -0.0615337 0.156994 0.185709 -0.081863 -0.0272994 -0.00795897 0.996238
1305031128.489523 -0.0631366 0.156723 0.185694 -0.0818707 -0.0268552 -0.00945354 0.996236
1305031128.523604 -0.0629578 0.154994 0.185516 -0.0821176 -0.0267646 -0.00986134 0.996214
1305031128.555639 -0.0621365 0.154417 0.185838 -0.0823035 -0.0267618 -0.010238 0.996195
1305031128.591460 -0.062406 0.152008 0.185786 -0.0826007 -0.0260667 -0.0104322 0.996187
1305031128.623368 -0.0638081 0.151209 0.184677 -0.0815484 -0.0255762 -0.0101953 0.996289
1305031128.655554 -0.0652024 0.151708 0.184 -0.0806827 -0.0262545 -0.0101778 0.996342
1305031128.690449 -0.0645249 0.150035 0.18452 -0.0808617 -0.0280927 -0.0105989 0.996273
1305031128.722976 -0.063872 0.150476 0.183885 -0.0794467 -0.0282509 -0.011581 0.996371
1305031128.754646 -0.0635692 0.150273 0.183414 -0.0787294 -0.027546 -0.0128217 0.996433
